close
44.448
45.499
45.3
45.999
46.1
46.6
46.599
46.0
45.5
46.45
45.1
45.2
46.2
45.6
45.143
45.9
46.4
46.6
48.0
47.79
47.5
46.44
47.1
46.998
45.8
42.6
40.851
39.841
38.6
39.6
39.4
37.3
37.35
36.5
37.2
38.484
39.4
38.4
38.0
38.1
37.342
38.611
39.615
40.95
41.148
42.053
42.55
43.471
44.0
43.93
43.1
42.854
41.75
42.749
41.201
39.9
38.9
37.719
36.7
37.5
36.0
35.0
34.734
35.3
35.04
35.0
34.95
35.0
35.8
36.47
23.005
21.85
22.95
22.161
23.0
23.1
21.5
17.0
12.68
13.13
13.66
14.1
15.2
16.05
16.1
15.3
14.6
13.3
13.65
15.0
13.85
13.3
14.45
14.18
13.89
13.8
13.01
12.5
13.2
13.8
13.9
15.55
15.95
15.28
15.08
14.55
13.9
14.2
13.22
13.7
13.57
13.25
12.9
13.2
12.92
13.15
13.1
12.96
13.35
13.3
13.08
12.86
12.78
12.42
11.66
10.1
8.99
7.7
6.8
6.98
6.58
6.32
6.65
6.01
6.61
13.63
13.82
12.29
10.8
12.0
12.07
11.8
11.43
11.4
12.25
12.37
12.6
12.61
12.13
12.25
12.6
12.54
12.43
12.48
12.5
12.63
13.6
13.62
12.9
12.72
12.4
12.74
13.33
14.05
15.4
16.75
16.2
16.5
17.6
17.84
17.85
18.38
18.85
20.05
19.1
18.82
18.17
18.28
17.32
17.71
18.03
18.32
18.12
18.0
17.6
17.41
16.9
15.7
15.06
15.31
14.83
14.89
16.0
16.52
16.35
16.6
16.59
16.89
17.6
17.04
17.3
17.4
17.9
17.75
17.85
17.65
17.7
17.23
16.61
16.3
16.72
16.68
16.37
17.12
17.25
17.15
16.44
16.43
16.25
15.9
16.06
16.05
16.12
16.0
15.96
16.3
16.25
16.11
16.31
16.2
16.28
16.58
16.78
17.0
16.9
16.85
16.98
17.0
16.86
16.91
16.97
16.96
16.9
16.87
17.1
16.93
17.22
17.67
17.76
17.96
17.82
17.92
18.51
18.38
18.42
18.17
17.9
18.32
18.88
19.2
19.03
19.9
19.75
19.84
19.64
19.75
19.53
19.17
18.25
18.13
18.6
19.02
19.2
19.15
19.12
19.74
19.77
20.14
20.3
20.25
20.22
20.07
19.89
20.19
20.4
20.39
21.09
20.85
20.87
21.04
20.96
21.13
21.05
21.0
20.98
21.05
20.57
20.63
20.64
20.3
20.38
19.12
19.1
20.0
19.8
19.96
19.95
20.14
19.77
19.82
19.85
19.61
19.65
19.87
19.71
19.68
19.58
19.59
19.47
19.44
19.01
18.1
18.35
18.64
18.6
18.37
18.66
18.4
18.11
18.4
18.26
17.64
17.84
17.75
18.02
17.97
18.55
18.71
18.85
18.6
18.49
18.47
18.05
17.9
17.92
17.68
17.73
17.85
17.98
17.83
17.62
17.66
17.815
17.7
17.64
17.715
17.51
17.04
16.705
16.49
16.1
16.8
17.0
17.305
17.205
17.335
17.725
17.645
17.725
17.775
17.63
17.655
17.75
17.785
18.35
17.72
17.355
17.42
17.245
16.96
17.125
17.02
17.395
17.95
18.3
17.05
17.6
17.68
17.7
17.605
17.59
17.335
17.7
17.65
17.64
18.11
18.095
17.575
17.56
17.555
18.38
17.61
17.25
17.4
17.055
17.27
17.99
17.67
17.66
17.81
17.73
17.74
17.655
17.65
17.49
17.755
17.545
17.32
17.495
17.6
17.43
17.57
17.4
17.5
17.59
17.75
17.72
17.655
17.75
17.65
17.6
17.525
17.325
17.57
17.85
18.08
18.185
18.43
18.435
18.68
18.6
18.33
18.21
17.995
17.87
17.73
17.45
17.59
17.4
17.35
17.575
17.4
17.5
17.7
17.5
17.475
17.4
17.17
17.26
16.99
17.15
17.89
18.4
18.75
18.7
19.125
19.24
19.49
19.29
19.3
19.21
19.3
19.39
19.45
19.68
19.45
19.2
19.21
19.25
19.2
19.36
19.5
19.495
19.82
20.0
20.43
20.49
20.58
20.475
20.5
20.87
20.73
20.85
21.0
20.99
20.51
20.72
20.83
21.255
21.85
22.2
22.065
22.6
22.185
21.99
21.55
20.0
21.2
21.1
20.74
20.965
20.055
19.82
19.64
20.54
20.45
21.35
21.29
21.61
21.225
21.27
20.985
21.45
21.765
21.405
21.5
21.32
21.48
21.385
21.75
21.84
21.945
21.845
22.485
22.5
23.45
23.055
23.35
23.16
23.4
23.3
23.3
23.26
23.31
22.99
23.255
23.275
23.01
23.27
23.185
23.0
22.27
22.66
22.685
22.9
23.095
23.0
23.08
23.025
22.7
22.165
22.11
21.985
22.535
22.13
21.55
21.2
20.89
21.17
21.235
20.86
20.16
20.335
20.5
20.495
21.05
20.805
20.65
20.435
20.3
20.29
20.31
20.7
20.51
20.8
20.39
20.345
20.375
20.36
20.075
20.25
20.51
20.63
20.65
20.515
20.67
20.125
19.89
20.51
20.04
19.855
19.43
19.275
19.85
19.8
19.835
19.0
18.97
19.42
20.0
19.445
19.145
19.035
19.4
19.4
19.67
19.7
19.825
20.3
20.72
20.555
20.75
21.7
21.795
21.6
22.0
22.25
22.3
22.84
23.49
23.15
22.515
22.395
22.5
22.665
22.47
22.755
22.93
22.7
22.595
22.53
22.41
22.32
22.5
23.0
23.17
22.945
23.395
23.3
23.5
23.38
23.32
23.2
23.4
24.4
24.25
24.085
24.03
24.94
25.125
24.835
24.935
24.71
24.835
24.745
24.4
23.905
23.995
23.695
24.19
23.43
24.19
24.185
24.2
23.8
23.78
23.675
23.07
22.77
22.515
23.1
22.805
22.69
22.035
21.99
22.62
22.7
21.96
21.795
22.5
22.38
21.21
20.965
21.76
22.275
21.545
22.205
22.315
21.745
22.0
21.85
21.97
22.3
22.02
22.8
22.7
22.625
22.23
23.0
22.9
22.75
22.82
22.35
21.48
21.65
21.49
21.25
20.76
21.36
21.16
21.02
21.18
20.955
21.635
21.995
22.22
21.705
21.35
22.29
14.06
14.49
14.495
15.75
13.76
13.33
13.065
12.87
13.09
13.01
13.2
13.25
13.595
12.2
12.005
12.295
11.94
12.425
12.455
12.45
13.505
14.16
13.105
12.73
12.7
12.85
12.725
12.62
12.1
12.49
13.07
13.03
12.49
13.4
14.0
13.0
12.17
12.105
12.03
12.13
12.4
12.78
12.62
12.495
12.4
12.485
12.52
12.055
12.0
11.91
11.61
11.405
11.3
11.11
11.22
11.13
11.01
11.005
11.16
11.105
12.0
11.9
12.065
12.03
11.835
11.6
11.4
11.48
11.4
11.56
11.82
11.77
11.705
11.53
11.55
11.68
11.575
11.2
11.435
11.44
11.3
11.375
11.215
11.75
11.955
12.545
13.645
14.095
13.815
13.745
13.4
13.87
13.805
13.6
14.05
13.745
13.51
13.59
13.68
13.5
13.58
13.685
13.7
13.485
13.36
13.105
13.09
13.08
13.045
13.04
13.16
13.085
13.15
13.145
13.3
13.52
13.4
13.415
13.265
13.44
13.43
13.3
13.37
13.245
13.27
13.2
13.17
13.065
13.055
13.02
13.24
13.32
12.98
12.95
12.925
12.335
11.7
11.73
11.975
12.025
11.895
11.665
11.395
11.46
11.29
11.01
10.89
10.665
11.32
11.63
11.81
11.99
10.2
10.01
10.96
10.825
10.22
10.3
10.3
9.0
9.225
9.415
9.615
11.32
13.75
13.3
12.4
12.1
12.09
12.35
12.385
12.39
12.715
12.7
12.7
12.65
12.755
12.65
12.71
12.675
12.5
12.52
12.62
12.54
12.4
12.055
12.25
12.15
12.2
12.265
12.0
11.96
11.46
11.63
11.505
11.755
12.65
12.32
12.25
12.11
12.2
12.4
12.19
12.35
12.36
12.31
12.3
12.09
12.02
11.99
12.085
12.18
12.08
12.025
11.885
11.875
11.76
11.76
11.7
11.91
11.97
11.96
11.875
11.875
11.735
11.745
11.675
11.655
11.85
11.79
11.75
11.5
11.44
11.415
10.605
10.53
10.4
10.455
10.3
10.195
10.335
10.56
10.65
10.825
10.88
10.85
10.8
10.94
11.0
11.02
11.23
11.01
10.805
10.845
10.92
10.95
11.0
10.96
11.085
10.9
10.82
10.695
10.715
10.505
10.37
10.23
10.2
10.365
10.49
10.365
10.375
10.415
10.39
10.36
10.24
10.2
10.22
10.01
10.07
10.01
9.985
9.89
9.8
9.72
9.695
9.83
9.64
8.805
8.75
8.64
8.58
8.645
8.81
9.08
8.875
9.12
9.18
9.225
9.39
9.185
9.08
9.065
9.0
9.115
9.04
8.89
8.785
8.71
8.735
8.74
8.705
8.8
8.86
9.285
9.07
8.98
8.85
8.89
9.0
8.965
8.72
8.73
8.495
8.485
8.375
8.395
8.455
8.44
8.41
8.46
8.53
8.385
8.365
8.635
8.575
8.595
8.385
8.29
8.2
8.085
8.08
7.94
7.87
7.885
7.95
8.17
8.14
8.29
8.385
8.48
8.63
8.695
9.01
9.05
8.845
8.655
8.68
8.7
9.0
9.01
8.955
8.795
8.505
8.38
8.38
8.2
8.13
8.195
8.42
8.325
8.285
8.255
8.175
8.085
7.95
7.985
7.875
7.65
7.87
7.785
7.8
7.999
8.13
8.193
8.203
8.205
8.13
8.04
8.13
8.047
8.02
7.95
8.007
7.819
7.961
7.905
7.87
7.866
7.77
8.245
8.419
8.569
8.471
8.414
8.472
8.367
8.23
8.033
8.1
7.945
8.02
7.995
8.04
8.05
7.985
7.97
7.903
7.825
7.971
7.955
7.841
7.991
7.999
8.043
8.24
8.182
8.301
8.326
8.442
8.44
8.491
8.5
8.753
9.1
9.51
9.555
9.547
9.255
9.535
9.505
9.549
9.55
9.61
9.532
9.637
9.95
9.9
9.64
9.54
9.7
9.81
9.8
9.418
9.705
9.701
9.65
9.805
9.802
9.74
9.685
9.77
9.64
9.919
9.901
9.9
9.835
9.892
9.83
9.812
9.91
9.91
9.85
10.0
9.85
9.845
9.86
9.8
9.8
9.723
9.77
9.715
9.689
9.542
9.343
9.31
9.256
9.097
9.06
9.17
9.146
9.185
9.12
9.135
9.03
9.079
9.138
9.107
9.089
9.073
9.06
9.079
9.043
8.903
8.901
8.821
8.831
8.85
8.841
8.744
8.664
8.566
8.46
8.548
8.682
8.779
8.84
8.829
8.786
8.962
9.17
9.2
9.241
9.216
9.195
9.19
9.02
9.145
9.183
9.1
9.258
9.23
9.235
9.3
9.35
9.281
9.39
9.68
9.7
9.655
9.42
9.585
9.525
9.55
9.74
9.873
10.175
10.526
10.901
11.52
11.4
11.621
11.59
11.9
11.9
11.83
11.901
11.571
11.624
11.66
11.82
11.73
11.716
11.699
11.695
11.714
11.887
11.875
12.088
12.129
11.78
11.746
11.8
11.87
11.934
11.805
11.804
11.514
11.0
10.802
10.5
10.8
10.867
11.165
11.4
11.186
11.29
11.448
11.43
11.579
11.63
11.554
11.629
11.842
12.27
12.416
12.247
12.314
12.456
12.35
12.508
12.448
12.859
12.911
12.5
12.606
12.682
12.824
12.88
12.856
12.905
12.68
12.65
12.292
12.25
12.21
12.338
12.41
12.658
12.634
12.479
12.562
12.825
12.87
13.228
13.493
13.639
13.97
13.985
13.72
13.649
13.929
14.352
14.399
14.568
14.64
14.978
14.92
14.873
14.888
14.823
14.9
15.05
15.015
15.257
15.488
16.18
16.17
15.995
16.12
16.0
16.085
15.35
15.17
15.0
15.449
15.15
15.55
15.29
15.372
15.182
15.039
15.0
15.01
15.015
15.15
15.2
15.055
15.0
14.972
15.029
14.991
15.001
15.042
15.15
15.236
15.134
15.039
15.094
15.075
15.047
15.14
15.625
15.6
15.724
16.07
16.256
16.112
16.94
17.77
18.04
17.48
17.98
17.935
18.121
18.317
18.4
18.662
18.57
18.486
18.443
18.17
18.809
18.782
19.397
18.998
19.175
18.85
18.7
18.615
18.48
17.931
18.04
17.261
16.035
16.548
16.5
16.046
15.658
14.982
13.64
12.855
11.25
11.474
11.28
11.13
10.789
12.055
12.48
11.86
12.5
12.677
12.3
12.16
12.373
13.115
12.93
13.01
13.304
13.95
13.96
14.16
14.12
14.33
14.051
13.829
13.17
13.0
13.327
13.97
13.39
13.652
13.82
13.505
13.91
13.881
14.193
14.45
14.209
14.489
14.515
14.388
14.485
14.407
14.16
13.8
14.0
14.42
14.506
14.891
14.52
14.488
14.83
14.84
14.99
15.07
15.3
15.741
16.22
16.162
17.133
16.941
16.947
16.943
16.742
16.11
16.484
16.95
17.484
17.131
16.785
17.1
17.074
17.18
17.235
17.45
17.1
17.172
17.256
17.789
17.32
18.0
18.0
17.717
17.865
17.552
17.95
18.087
18.41
19.222
18.926
19.272
19.005
18.898
19.053
19.092
19.283
19.19
19.758
19.99
20.38
20.485
20.125
20.116
20.114
21.8
21.669
21.415
21.747
21.1
20.924
20.826
20.575
20.7
21.39
21.389
21.333
21.224
21.297
21.39
21.629
20.927
20.573
20.719
20.65
20.488
20.678
20.648
20.95
20.94
21.024
21.37
20.854
20.698
20.19
20.9
21.79
21.777
21.152
21.349
21.144
21.08
21.926
23.2
23.193
23.05
23.505
23.748
23.511
24.477
24.974
26.35
25.651
24.873
25.03
25.809
25.535
25.5
25.57
25.19
24.64
24.676
25.545
25.23
25.594
25.699
26.262
26.8
27.33
28.2
29.498
31.479
32.48
32.098
31.737
32.321
32.351
33.43
33.62
33.149
31.215
30.1
30.89
30.722
30.336
30.084
30.096
29.794
29.28
29.2
28.399
28.466
27.772
27.31
28.38
28.938
28.82
28.293
27.912
28.67
28.801
28.44
28.379
28.928
28.86
28.711
29.026
29.605
29.279
29.437
30.235
31.179
30.794
30.961
30.955
31.018
31.025
31.802
31.7
31.542
32.555
32.812
31.575
32.35
31.458
32.475
33.316
33.65
33.963
34.992
35.573
35.653
35.506
34.885
35.15
35.716
35.8
35.645
35.389
36.501
36.656
36.291
35.701
35.706
35.02
35.314
35.194
35.251
34.455
34.667
34.322
35.036
35.26
35.89
35.83
35.609
35.37
34.438
34.481
34.365
33.95
34.051
34.009
34.531
34.781
34.2
34.266
35.222
35.298
35.397
34.722
34.87
36.14
36.306
36.38
36.865
37.751
36.766
36.71
35.922
35.019
35.759
35.552
35.668
35.927
35.532
34.932
34.422
34.01
33.558
34.053
34.177
33.8
33.114
33.269
32.6
32.699
32.36
31.89
33.24
32.044
32.046
32.384
32.652
31.723
31.69
30.913
31.82
31.74
32.191
31.874
32.247
31.91
32.48
32.8
32.404
32.281
32.303
32.666
32.428
31.871
31.74
31.179
31.366
31.349
31.16
30.927
30.93
30.833
31.205
31.904
31.718
31.707
32.104
31.424
31.67
31.155
31.172
30.981
30.854
30.501
30.07
30.076
29.35
29.287
29.053
29.95
29.887
30.168
29.911
29.706
30.258
29.661
29.875
29.678
29.598
29.818
29.592
29.511
29.55
29.599
29.35
29.435
29.283
29.31
29.316
28.761
28.5
29.25
29.27
30.28
29.898
29.65
30.55
30.362
31.25
30.867
30.97
31.146
30.88
30.25
29.343
29.4
29.616
29.19
29.308
28.982
29.079
27.932
28.141
28.845
28.598
28.299
28.675
27.747
27.3
26.898
27.194
26.699
26.55
26.248
27.89
27.938
28.684
28.568
28.829
28.99
28.312
28.493
28.809
28.871
28.2
27.912
28.35
28.051
27.848
27.479
27.083
27.512
27.61
28.14
28.132
28.311
27.95
27.515
28.157
27.41
27.574
27.6
27.67
27.869
27.001
25.819
26.415
26.118
26.17
25.201
25.149
25.097
25.03
25.018
24.474
24.001
24.201
23.65
23.36
22.829
21.088
22.09
22.785
23.529
23.255
22.499
22.641
22.52
22.34
22.325
22.556
23.6
23.53
23.364
24.517
24.708
23.593
24.2
23.861
24.13
24.16
22.982
22.542
22.159
21.47
22.071
21.872
21.45
19.941
19.81
19.476
20.267
19.992
20.501
20.595
20.229
19.67
19.75
19.417
20.013
20.52
20.269
19.348
19.207
20.25
21.322
20.19
18.889
15.95
17.77
12.65
12.63
12.89
12.603
11.65
11.54
12.5
13.909
13.89
14.105
13.451
13.493
13.622
13.213
13.2
13.044
13.2
12.534
12.668
12.1
12.143
12.4
12.55
12.3
12.179
12.598
12.587
12.5
12.909
12.6
12.84
12.9
12.65
12.106
12.22
12.294
12.346
13.371
13.35
12.76
12.412
12.6
12.86
13.0
12.761
12.75
12.959
13.19
12.826
12.843
12.54
12.47
12.565
12.302
12.45
12.55
12.461
12.695
12.508
12.83
12.972
12.9
13.531
13.97
14.567
14.6
14.88
14.1
