close
320.0
305.0
330.0
350.0
212.2
350.0
290.0
290.0
280.0
271.0
280.0
280.0
280.0
310.0
335.0
306.0
303.0
319.95
315.0
305.0
308.0
310.0
320.0
320.0
324.95
320.0
330.0
340.0
335.0
369.0
377.0
379.9
380.0
380.0
389.95
395.0
405.0
405.0
385.0
380.0
384.95
370.0
380.0
375.0
380.0
380.0
370.0
379.95
379.5
374.9
369.95
369.95
369.95
370.0
370.0
370.0
354.95
349.95
354.95
349.95
350.0
354.9
379.95
349.85
375.0
377.15
380.0
384.95
405.0
389.95
380.0
413.0
444.95
410.05
405.0
419.95
429.75
424.95
454.95
447.0
419.0
424.0
419.0
431.0
439.0
443.0
444.0
429.0
434.0
436.0
444.0
454.0
448.0
463.0
473.0
460.0
470.0
474.0
474.0
471.0
466.0
474.0
480.0
493.0
475.0
493.0
490.0
435.0
477.0
480.0
463.0
475.0
488.0
479.0
479.0
509.0
494.0
495.0
495.0
489.0
494.0
494.0
489.0
491.0
490.0
490.0
490.0
509.0
500.0
500.0
515.0
515.0
515.0
529.0
539.0
550.0
589.0
609.0
625.0
560.0
539.0
515.0
520.0
524.0
560.0
565.0
539.0
531.0
540.0
534.0
550.0
553.0
539.0
540.0
554.0
558.0
557.0
550.0
567.0
584.0
585.0
577.0
590.0
584.0
589.0
582.0
570.0
575.0
570.0
566.0
569.0
565.0
562.0
560.0
555.0
558.0
553.0
555.0
556.0
558.0
548.0
535.0
507.0
515.0
520.0
532.0
541.0
538.0
540.0
569.0
585.0
588.0
596.0
600.0
597.0
620.0
613.0
600.0
616.0
608.0
610.0
617.0
746.0
730.0
733.0
784.0
826.0
800.0
795.0
773.0
786.0
772.0
790.0
797.0
781.0
800.0
807.0
825.0
825.0
835.0
832.0
848.0
845.0
848.0
852.0
854.0
853.0
882.0
909.0
984.0
950.0
970.0
948.0
978.0
962.0
960.0
965.0
962.0
990.0
995.0
995.0
992.0
1008.0
1027.0
1030.0
1040.0
1040.0
1027.0
1015.0
1025.0
1037.0
1061.0
1119.0
1062.0
1093.0
1075.0
1073.0
1050.0
1020.0
1040.0
1095.0
1110.0
1096.0
1105.0
1110.0
1150.0
1165.0
1213.0
1230.0
1190.0
1231.0
1243.0
1235.0
1262.0
1265.0
1277.0
1295.0
1294.0
1286.0
1305.0
1269.0
1252.0
1245.0
1261.0
1274.0
1255.0
1219.0
1214.0
1199.0
1224.0
1219.0
1168.0
1200.0
1220.0
1208.0
1224.0
1235.0
1227.0
1234.0
1222.0
1177.0
1153.0
1145.0
1152.0
1198.0
1178.0
1173.0
1148.0
1140.0
1114.0
1132.0
1160.0
1150.0
1157.0
1137.0
1146.0
1115.0
1088.0
1080.0
1080.0
1057.0
1019.0
1010.0
993.0
980.0
950.0
981.0
940.0
944.0
925.0
900.0
945.0
938.0
942.0
934.0
910.0
887.0
859.0
831.0
867.0
878.0
860.0
859.0
850.0
855.0
857.0
888.0
880.0
893.0
885.0
885.0
903.0
914.0
908.0
924.0
958.0
957.0
958.0
976.0
967.0
956.0
935.0
948.0
952.0
948.0
951.0
947.0
943.0
943.0
948.0
939.0
899.0
887.0
897.0
891.0
886.0
911.0
920.0
947.0
941.0
944.0
940.0
956.0
955.0
955.0
947.0
960.0
950.0
958.0
941.0
945.0
949.0
942.0
944.0
947.0
940.0
941.0
940.0
947.0
956.0
939.0
927.0
910.0
900.0
918.0
908.0
895.0
885.0
882.0
873.0
873.0
874.0
871.0
880.0
874.0
868.0
857.0
854.0
872.0
854.0
852.0
846.0
843.0
869.0
842.0
835.0
834.0
830.0
835.0
824.0
823.0
825.0
823.0
823.0
811.0
830.0
847.0
856.0
858.0
859.0
857.0
841.0
835.0
826.0
820.0
821.0
843.0
827.0
830.0
824.0
813.0
811.0
815.0
810.0
808.0
812.0
812.0
815.0
809.0
789.0
790.0
774.0
765.0
751.0
770.0
790.0
805.0
807.0
800.0
809.0
814.0
812.0
809.0
793.0
775.0
790.0
793.0
798.0
787.0
780.0
799.0
833.0
837.0
838.0
827.0
823.0
803.0
815.0
815.0
817.0
800.0
794.0
804.0
811.0
818.0
816.0
820.0
836.0
872.0
855.0
846.0
850.0
850.0
846.0
846.0
848.0
847.0
838.0
837.0
838.0
860.0
857.0
859.0
857.0
857.0
835.0
830.0
824.0
830.0
831.0
824.0
823.0
812.0
797.0
800.0
795.0
809.0
815.0
817.0
810.0
816.0
813.0
810.0
818.0
803.0
799.0
807.0
800.0
769.0
756.0
746.0
725.0
715.0
720.0
726.0
718.0
712.0
709.0
690.0
687.0
677.0
679.0
702.0
703.0
697.0
703.0
700.0
707.0
710.0
713.0
708.0
716.0
684.0
678.0
656.0
664.0
670.0
688.0
678.0
673.0
677.0
680.0
700.0
699.0
699.0
697.0
682.0
694.0
698.0
695.0
693.0
683.0
673.0
676.0
679.0
677.0
666.0
670.0
665.0
663.0
659.0
653.0
648.0
643.0
613.0
596.0
610.0
607.0
602.0
590.0
599.0
598.0
600.0
606.0
604.0
605.0
636.0
644.0
650.0
659.0
663.0
661.0
662.0
669.0
676.0
688.0
688.0
682.0
684.0
711.0
728.0
727.0
716.0
718.0
739.0
733.0
718.0
723.0
728.0
725.0
726.0
738.0
738.0
729.0
729.0
720.0
729.0
730.0
740.0
731.0
723.0
721.0
720.0
723.0
721.0
717.0
705.0
710.0
703.0
695.0
695.0
695.0
705.0
706.0
704.0
701.0
693.0
700.0
703.0
702.0
699.0
690.0
688.0
703.0
709.0
728.0
758.0
746.0
727.0
712.0
706.0
704.0
704.0
713.0
718.0
702.0
695.0
690.0
698.0
698.0
713.0
696.0
702.0
696.0
689.0
693.0
682.0
675.0
681.0
686.0
686.0
689.0
689.0
689.0
689.0
680.0
681.0
672.0
680.0
674.0
691.0
687.0
700.0
694.5
695.5
698.5
703.5
705.0
696.0
699.5
696.5
707.0
703.0
690.0
693.5
691.0
700.0
703.0
687.5
695.0
690.0
691.5
690.0
704.5
690.0
681.5
683.5
666.5
655.5
629.0
642.0
626.0
624.0
620.0
623.0
614.0
589.0
589.0
586.0
585.0
586.0
585.5
574.5
570.0
568.5
570.0
565.0
562.5
566.5
570.0
568.5
582.0
575.5
592.5
602.0
601.0
607.5
606.0
600.0
596.0
593.0
583.0
575.5
578.0
580.5
580.0
574.5
572.5
567.0
571.0
577.0
570.0
586.0
586.0
587.5
587.0
577.0
574.0
574.5
577.0
579.0
574.5
575.0
575.5
581.0
589.5
586.0
596.5
588.5
596.5
587.5
591.5
577.5
572.0
584.0
591.0
583.0
589.5
587.5
588.5
587.5
587.0
588.5
597.0
600.0
592.0
593.0
611.0
616.0
624.0
589.5
623.5
637.0
640.0
670.0
670.0
675.5
673.0
664.0
669.5
668.0
656.0
669.5
672.0
675.0
669.0
689.0
699.0
687.5
687.0
684.5
695.0
692.5
693.0
696.5
704.0
695.0
686.5
687.5
700.0
700.0
696.5
693.0
700.0
701.5
696.5
696.0
715.0
694.0
704.5
699.5
695.0
705.0
694.5
698.5
696.0
696.0
689.5
697.5
700.0
698.5
692.0
691.0
682.0
686.5
685.0
687.0
683.5
680.0
688.5
685.0
684.0
684.5
686.5
681.0
678.5
672.0
676.5
666.0
665.0
658.0
667.0
668.0
670.0
665.0
669.0
668.5
665.0
663.0
660.0
660.0
665.5
665.5
667.5
666.5
670.5
668.5
677.0
686.0
692.0
690.0
688.0
688.0
691.0
691.0
689.5
691.0
692.5
690.0
693.5
698.0
698.0
698.5
708.0
709.5
705.5
703.0
707.0
721.5
725.0
725.0
723.0
718.0
704.5
701.5
688.0
684.5
675.0
673.0
673.0
665.0
670.0
668.0
674.5
676.0
674.5
689.5
693.0
691.5
691.0
690.0
692.5
680.0
677.0
683.0
680.5
683.0
683.0
677.0
672.5
659.5
662.5
660.5
658.0
662.5
662.0
662.0
665.0
668.0
673.5
676.5
685.0
683.5
687.0
695.0
695.5
695.0
689.0
699.5
703.0
712.0
717.0
719.0
728.0
727.0
727.0
729.0
738.0
730.0
747.0
740.5
740.0
736.0
747.5
750.0
747.5
760.0
759.0
751.0
758.5
780.0
778.5
791.0
780.0
750.0
752.5
788.0
794.0
791.5
800.0
778.0
767.0
782.0
774.5
776.0
784.0
792.5
797.0
812.5
812.0
809.0
810.0
815.0
810.0
813.0
813.5
810.0
808.0
811.0
819.0
814.0
812.0
818.0
825.0
827.5
832.0
838.0
831.5
838.5
838.5
834.5
833.0
824.0
813.0
826.0
818.5
815.0
823.0
829.0
818.0
812.5
807.0
805.5
807.5
803.5
801.5
783.0
778.0
774.5
759.5
756.0
761.0
744.0
745.0
735.0
763.0
742.5
752.0
752.0
742.0
738.5
740.0
749.0
742.5
741.5
743.0
727.0
721.0
721.0
734.0
733.5
735.0
729.0
740.0
744.0
748.0
757.0
753.0
746.5
748.0
750.0
747.4
749.2
742.0
753.6
746.2
732.4
727.0
727.6
724.2
725.0
731.2
762.4
765.0
765.4
751.0
748.2
758.0
780.0
755.4
754.6
759.0
753.8
760.2
774.2
771.8
771.0
765.4
754.8
757.0
748.2
746.0
748.2
743.0
750.8
754.8
747.4
746.2
748.0
747.6
741.4
748.4
746.6
748.8
747.4
748.8
749.2
748.2
747.8
741.0
745.2
744.0
744.4
742.0
743.0
743.6
746.8
745.0
738.4
741.0
744.0
744.4
738.6
740.6
744.8
735.0
723.4
730.2
741.0
736.4
736.8
733.4
731.4
733.0
733.0
740.6
739.4
729.0
730.2
729.6
728.4
731.8
744.0
720.0
721.0
725.0
726.4
734.0
736.8
738.6
737.0
733.0
734.2
734.0
721.2
718.8
706.2
707.0
705.6
695.0
677.6
679.8
692.0
693.6
701.2
700.8
697.2
696.8
689.8
694.0
682.0
682.0
676.8
684.8
678.4
668.8
669.8
664.0
675.0
673.0
668.8
689.0
681.0
678.2
685.2
687.2
687.2
685.6
680.0
681.4
677.4
681.0
685.8
690.8
683.4
696.2
700.8
707.0
690.0
689.6
680.4
678.0
677.0
667.0
647.2
635.6
625.0
641.0
641.4
643.8
641.2
635.0
637.8
636.8
637.6
637.6
636.2
633.0
627.4
625.0
624.6
625.0
625.0
624.0
624.4
628.4
626.8
630.0
635.0
644.4
644.8
648.4
646.0
646.4
644.4
640.8
642.6
645.2
644.0
648.4
652.0
670.0
661.0
639.2
650.6
661.8
653.6
649.0
650.2
649.4
640.0
641.0
645.2
644.8
646.0
644.0
645.0
646.2
650.8
651.2
657.6
655.2
653.4
646.0
649.4
649.0
634.6
628.6
604.4
574.2
595.8
609.8
600.8
592.8
564.6
530.8
523.0
488.4
483.0
461.0
451.8
448.8
474.0
500.2
522.6
577.0
546.8
556.0
550.0
568.4
575.4
578.6
592.2
600.0
600.0
605.0
605.6
607.2
628.0
629.0
625.0
613.2
596.0
609.4
605.8
585.2
598.4
601.4
601.8
618.4
628.0
629.0
626.4
619.0
620.8
622.0
621.4
620.2
621.0
615.2
607.0
612.0
628.0
635.0
650.0
642.0
652.6
661.8
658.2
653.4
653.0
658.0
660.4
658.8
663.4
649.2
649.0
655.0
648.4
650.0
651.4
651.0
649.2
656.8
657.0
661.6
659.2
658.4
651.4
646.0
647.2
644.2
648.4
652.8
653.0
650.6
655.4
652.6
648.4
655.4
676.4
677.0
676.0
670.2
681.2
688.6
686.4
682.0
686.0
703.6
722.0
731.6
723.6
720.0
711.2
718.0
720.8
717.0
716.2
712.6
717.6
719.2
718.6
747.2
746.6
748.4
765.2
751.0
738.6
743.6
764.2
762.8
756.4
752.0
761.4
751.0
752.2
734.6
727.4
737.2
731.4
730.0
727.8
724.8
727.4
731.4
738.6
747.8
743.4
726.0
731.8
738.2
731.4
731.2
733.0
742.0
744.4
742.0
732.0
732.8
736.6
731.8
744.0
739.0
748.0
741.2
738.0
731.8
748.4
749.0
750.0
751.8
751.4
769.8
763.6
752.4
732.0
733.0
730.6
736.2
737.6
741.0
752.0
762.0
751.0
779.4
793.0
816.0
850.0
851.0
840.6
841.4
837.2
844.2
833.0
826.8
822.6
835.2
804.4
821.4
818.4
813.2
809.0
808.4
807.8
807.8
804.8
795.2
785.0
803.0
792.0
799.2
805.2
813.4
821.4
819.2
816.8
830.0
838.0
820.8
837.0
847.4
876.6
913.2
898.0
892.8
884.6
882.8
882.2
882.4
890.4
891.2
891.0
876.8
875.2
892.2
900.0
900.0
894.8
888.0
897.0
902.8
889.4
894.0
893.0
894.8
890.0
884.6
886.0
885.0
884.0
885.6
884.0
887.8
888.8
897.4
897.0
889.8
891.4
900.2
898.6
898.0
908.6
903.6
896.8
910.2
903.0
900.0
899.0
899.0
884.6
884.8
900.4
908.2
927.8
920.0
924.0
917.0
914.4
919.4
922.0
915.4
925.0
937.8
956.8
945.0
946.8
940.2
940.0
942.8
940.0
928.0
896.0
901.0
886.0
889.8
894.0
892.6
893.4
898.2
897.4
897.0
890.2
896.0
894.6
909.6
914.8
915.0
912.8
918.4
919.4
915.0
920.0
932.0
946.0
925.0
931.0
921.8
916.8
920.4
933.0
940.4
938.6
938.6
939.4
949.0
945.0
945.8
960.4
980.0
992.4
973.8
992.0
1023.0
1008.0
1016.0
999.0
985.8
988.6
999.2
1012.6
987.2
989.0
992.2
990.4
1001.4
990.0
995.6
1009.0
1011.6
1031.6
1010.0
1045.4
1077.0
1072.4
1080.0
1088.0
1095.0
1058.0
1067.6
1072.8
1066.0
1048.6
1090.0
1080.2
1077.0
1083.0
1063.0
1073.8
1074.0
1089.0
1099.0
1099.8
1107.4
1101.0
1097.2
1104.6
1142.6
1165.0
1164.0
1179.8
1144.6
1143.0
1139.2
1164.0
1149.8
1148.2
1141.0
1166.2
1174.0
1171.2
1183.4
1196.8
1220.0
1183.4
1209.4
1165.4
1167.6
1152.0
1218.2
1216.0
1199.6
1200.0
1166.8
1158.0
1150.2
1125.0
1150.0
1119.0
1100.0
1074.0
1080.0
1115.0
1145.0
1128.4
1119.6
1149.6
1224.2
1205.6
1212.0
1203.0
1221.2
1225.0
1243.6
1248.4
1216.8
1193.4
1192.8
1211.2
1201.6
1186.8
1174.0
1178.0
1199.8
1206.4
1202.4
1203.2
1202.2
1194.4
1199.0
1165.0
1155.0
1191.0
1174.2
1173.0
1161.6
1136.6
1112.0
1144.0
1139.8
1141.8
1107.6
1106.6
1135.4
1156.8
1140.4
1153.0
1120.0
1141.0
1115.0
1127.6
1092.6
1048.6
1064.0
1102.0
1162.0
1118.4
1103.8
1132.0
1148.8
1162.0
1155.6
1177.8
1167.0
1153.2
1173.0
1187.0
1198.0
1185.6
1170.0
1150.2
1151.6
1156.8
1127.0
1130.8
1123.8
1083.0
1089.6
1074.0
1065.0
1001.0
1058.0
1054.6
1060.2
1074.4
1101.2
1087.0
1094.0
1055.2
1056.8
1071.8
1063.6
1080.0
1102.0
1090.0
1078.8
1097.6
1097.8
1074.8
1056.0
978.0
1016.8
823.0
864.8
1120.0
1083.0
1077.0
1050.0
1012.2
1023.0
1001.2
1006.0
1003.2
993.6
955.0
909.0
911.4
878.4
905.6
908.0
916.6
870.0
815.8
814.2
882.0
854.6
856.4
849.8
856.2
869.2
900.8
878.8
907.6
938.6
954.8
947.8
969.8
950.0
922.6
909.6
917.2
946.0
949.6
945.0
920.0
929.6
925.8
870.0
794.6
830.2
822.0
809.4
811.8
785.0
819.0
863.4
859.4
866.4
876.4
852.0
843.2
849.0
922.2
888.0
895.8
861.0
