close
21.21
21.1
21.5
21.0
21.0
20.5
20.0
20.5
20.0
20.4
20.5
20.5
20.5
25.1
27.4
32.0
30.0
30.0
39.0
41.3
42.3
36.9
30.6
31.7
28.6
28.0
37.0
37.4
37.4
43.8
45.7
45.9
46.0
45.0
36.2
32.4
35.0
34.0
32.0
36.0
36.0
45.0
33.2
32.8
40.0
36.5
33.0
36.5
35.9
35.9
35.9
33.0
33.1
32.1
32.0
33.9
36.0
33.0
30.0
34.5
27.0
31.0
27.0
24.0
31.0
33.0
30.3
32.0
21.6
15.6
13.0
24.3
26.5
30.0
30.0
30.8
31.0
31.0
32.9
32.0
32.8
32.5
32.3
32.2
36.0
34.6
34.4
34.2
33.8
33.7
33.6
33.4
31.8
33.5
31.3
31.0
30.8
32.0
33.8
23.3
27.7
30.8
21.7
31.0
32.8
31.8
31.3
40.6
26.3
38.6
38.3
53.5
74.8
104.5
146.2
129.9
129.9
130.0
99.0
109.9
119.7
116.9
112.5
77.0
105.8
114.9
114.9
113.4
114.3
156.4
199.9
276.8
276.8
269.9
254.9
254.8
238.4
201.4
204.9
180.0
190.9
205.0
179.9
207.7
249.0
205.5
255.0
164.5
119.0
118.0
98.5
102.5
96.5
91.5
85.0
87.0
87.0
84.0
102.0
96.5
90.5
81.5
83.0
81.5
70.0
70.0
63.5
63.5
69.0
67.0
75.0
75.0
84.5
71.5
57.5
57.0
55.0
54.0
50.5
56.5
55.0
51.5
51.5
54.5
52.0
52.0
52.5
51.0
41.5
43.0
47.5
41.5
39.5
39.5
39.5
41.0
40.0
38.0
48.5
48.5
48.5
45.0
45.0
62.5
87.0
97.0
100.5
82.0
78.0
71.5
74.0
74.0
80.0
78.0
75.0
75.0
74.0
73.0
72.0
87.0
87.0
89.0
79.0
79.0
80.0
74.0
74.0
81.0
79.0
71.0
71.0
74.0
68.0
76.0
76.0
75.0
69.0
70.0
75.0
72.0
77.0
98.0
88.0
82.0
78.0
81.0
87.0
84.0
80.0
85.0
80.0
91.0
80.0
82.0
82.0
89.0
103.0
89.0
98.0
88.0
87.0
85.0
84.0
81.0
93.0
100.0
100.0
102.0
90.0
89.0
87.0
89.0
90.0
85.0
80.0
75.0
82.0
74.0
75.0
70.0
71.0
70.0
70.0
72.0
82.0
82.0
80.0
84.0
76.0
74.0
75.0
73.0
73.0
73.0
73.0
73.0
67.0
73.0
74.0
72.0
66.0
77.0
72.0
70.0
75.0
72.0
71.0
70.0
70.0
66.0
66.0
66.0
65.0
63.0
62.0
63.0
62.0
61.0
61.0
62.0
64.0
62.0
61.0
63.0
88.0
71.0
70.0
75.0
73.0
70.0
68.0
69.0
71.0
72.0
69.0
70.0
70.0
70.0
70.0
68.0
70.0
68.0
68.0
69.0
68.0
69.0
67.0
65.0
67.0
66.0
69.0
69.0
68.0
67.0
67.0
68.0
67.0
67.0
70.0
69.0
67.0
66.0
66.0
66.0
66.0
66.0
66.0
67.0
67.0
67.0
67.0
66.0
66.0
71.0
69.0
68.0
67.0
93.0
83.0
69.0
71.0
69.0
66.0
63.0
60.0
55.0
60.0
58.0
58.0
52.0
53.0
54.0
51.0
51.0
51.0
51.0
52.0
51.0
51.0
51.0
52.0
51.0
51.0
51.0
51.0
51.0
51.0
51.0
51.0
51.0
50.0
51.0
51.0
51.0
51.0
51.0
51.0
51.0
58.0
55.0
57.0
57.0
63.0
62.0
60.0
59.0
59.0
58.0
57.0
57.0
56.0
57.0
57.0
57.0
57.0
63.0
62.0
62.0
61.0
62.0
62.0
63.0
62.0
62.0
62.0
61.0
61.0
61.0
61.0
62.0
62.0
62.0
61.0
61.0
61.0
60.0
59.0
59.0
57.0
59.0
59.0
58.0
59.0
59.5
59.5
58.5
57.0
58.0
58.0
59.0
60.0
59.0
59.5
58.5
58.5
58.0
58.5
58.5
57.0
57.5
53.5
54.0
54.0
54.0
53.0
53.0
54.0
49.5
50.5
44.0
46.0
43.5
48.5
48.0
53.0
52.5
51.0
50.5
50.5
49.5
48.0
48.0
49.5
49.5
49.5
51.0
51.5
51.0
52.0
52.0
53.0
53.0
53.5
50.0
51.0
52.5
53.5
51.5
52.5
53.5
53.0
53.0
52.0
53.0
53.5
53.5
53.5
54.0
54.5
53.5
54.0
53.0
54.0
53.0
53.0
53.5
53.5
55.0
55.0
54.5
55.0
55.5
55.5
59.0
58.5
58.5
56.5
56.5
56.5
57.0
55.5
55.0
55.0
54.5
54.5
54.5
54.0
54.0
54.0
54.0
52.5
53.5
53.0
53.0
52.5
53.0
53.5
53.5
52.5
52.5
53.5
53.0
52.0
53.0
53.5
53.5
53.5
52.5
52.0
52.0
52.5
53.0
52.5
52.5
52.0
53.5
53.0
53.5
53.5
53.5
52.5
52.5
53.0
53.5
53.5
55.5
59.5
59.5
58.5
58.0
57.0
57.5
55.5
77.5
75.5
66.0
64.5
67.5
64.5
63.5
61.0
59.0
60.5
60.5
62.0
61.0
60.0
62.0
60.0
61.0
60.5
60.0
60.0
60.5
59.5
59.0
59.0
59.0
59.0
58.0
58.0
58.5
60.0
58.0
58.5
58.0
57.5
58.5
57.5
57.0
58.0
59.0
57.5
57.0
57.5
58.0
58.0
57.5
55.0
54.5
53.5
52.0
52.5
55.0
56.0
56.0
57.0
55.5
56.0
56.0
54.5
53.0
54.0
54.0
53.5
55.0
54.0
53.5
54.0
54.0
53.0
53.5
54.0
54.0
54.0
54.0
54.0
53.0
53.0
53.5
53.0
70.0
61.0
58.5
59.0
56.5
57.0
57.5
57.0
57.0
57.5
56.5
57.0
57.0
57.0
57.0
56.5
57.0
56.5
58.5
58.0
57.5
57.5
57.5
57.5
57.0
58.0
58.5
68.5
62.5
63.5
65.5
63.5
63.0
63.0
61.5
62.0
62.0
62.0
61.5
61.0
61.0
62.0
63.5
61.5
61.5
61.5
61.5
62.0
61.5
61.0
61.5
61.5
61.5
62.0
61.0
59.0
60.0
59.5
58.5
59.0
58.5
59.0
58.5
58.0
58.5
59.0
59.0
58.5
59.0
59.5
59.5
58.5
59.0
60.0
60.0
60.0
59.0
60.0
60.0
59.5
59.5
59.0
58.5
58.5
58.5
60.0
61.5
62.0
61.0
61.5
61.0
61.5
60.5
60.0
59.5
60.0
60.5
60.0
60.5
59.5
59.5
63.0
64.0
63.5
65.5
65.5
65.0
65.0
65.5
65.5
63.5
63.5
64.0
64.5
63.5
63.5
65.5
65.5
65.0
66.0
66.0
66.0
66.0
72.5
69.0
67.5
66.5
66.0
67.0
65.5
66.0
64.5
65.0
65.0
64.0
64.0
63.0
63.5
64.0
64.0
64.0
65.0
66.0
65.5
65.0
65.0
65.5
65.0
64.5
65.5
64.5
65.5
64.5
64.5
64.5
64.5
64.0
64.0
65.0
64.5
65.0
90.5
126.5
176.5
119.0
129.5
142.0
137.5
136.5
134.5
129.0
124.5
122.5
134.5
133.0
132.0
129.5
127.5
126.0
151.0
150.0
144.5
141.5
141.0
136.5
129.0
127.5
130.0
131.5
127.0
126.0
127.0
126.0
125.5
127.5
125.0
126.5
127.0
126.0
124.0
118.5
113.0
109.5
108.0
108.0
106.5
