close
71600
71500
71350
69999
69699
69500
68510
69500
63510
67999
67900
67500
67000
68000
68000
70000
69000
70000
70000
70000
68000
68000
64888
64888
66999
68000
65667
66501
65000
64100
65999
68000
70000
70000
69500
70000
69900
70000
70000
70000
67500
67500
70000
72000
75000
75000
80000
75000
75000
79000
79500
80000
80000
84900
73000
80500
90000
84000
81000
85000
72100
86000
78000
75100
78000
80000
79800
79800
81000
75000
75000
76000
68900
66400
68900
69000
66100
67800
70000
69000
70000
70100
70000
74100
74100
78000
77000
78800
77000
79000
71200
76000
72100
76000
73000
72800
77000
77000
85100
95000
87000
74800
78000
80000
80000
79000
79400
83000
85800
93000
85300
94400
87400
94100
94500
94300
95000
95000
90000
88100
93500
94000
96300
94000
94400
90000
90000
94000
94000
94000
94000
94000
89000
94000
99000
103500
102000
103500
108500
112000
110500
112000
108000
109500
105000
102000
104000
103500
101000
101500
101500
100500
100500
104500
104000
103000
98500
94500
91500
93500
91500
92000
90000
93000
100500
100000
100000
99000
100000
102000
101000
100000
98000
98000
94500
96000
95500
96000
98000
97000
100000
101500
101000
100000
100500
100000
100500
100000
101500
101500
101500
102000
102000
102000
102000
103000
103000
101000
103000
102000
103000
107000
104500
105000
105000
105500
106000
115000
107000
117000
122000
117500
114500
111500
115000
106500
112500
113000
115000
117000
121000
119000
114500
111500
110000
114500
114000
113000
115000
116000
116000
119000
120000
124000
127000
127000
127000
124000
122000
126500
125500
126500
125500
127500
121000
124000
125000
125000
125000
122000
125000
129000
129500
130000
129500
130000
127000
128000
130000
129000
129500
129000
130000
135000
129500
135000
137000
137000
135000
133000
131500
133000
131500
134000
133000
145000
154500
143500
139000
150500
152500
149500
150000
143000
143500
149000
149500
153500
148000
152000
154500
151000
154500
156500
160000
160000
160000
165500
166000
159500
159500
162000
160500
161000
183500
172000
179500
183500
191000
185000
185000
188500
188500
190000
182000
171000
191000
182500
180000
182000
185000
185000
190000
191500
191000
190000
190000
195000
192000
190000
192000
190000
187000
199500
196500
189500
197500
196500
201000
208000
212000
212000
212500
214000
212000
211500
213000
190500
193000
192500
190000
191500
184500
180000
186500
184000
184000
179500
175500
180000
180500
179000
178500
179500
180000
181500
179500
180000
180000
181000
180000
178000
178000
178000
179500
179500
178500
178500
177500
170000
174000
174500
170500
167500
170000
176500
170000
175000
172000
168000
172000
167500
170000
169000
171000
169000
166500
168000
163000
163500
163000
168500
171000
170500
169000
173000
169000
166500
164000
161500
163000
161000
160000
166000
166000
169000
165000
164500
170000
170000
165500
162500
164000
159000
159000
152000
150000
147000
148500
146500
143000
142000
140000
141000
139000
130000
137000
137000
136000
140000
153000
145000
151500
140000
140500
138000
135500
145000
136000
137000
138000
139000
140000
135000
132000
127000
132000
132000
134000
131000
135500
138000
133000
139000
133500
130000
132000
130000
131000
132000
132500
132500
132000
132500
135000
133000
132500
133000
132500
132500
134000
132000
133500
135000
134000
135000
132000
132500
136000
135500
136500
139000
137500
135000
141500
142000
142500
140000
138500
138000
139500
141500
145000
148500
147500
141000
144000
142000
144000
144000
147000
146000
145000
147500
145500
146500
146500
146500
146000
146500
150000
148500
148000
147500
153000
150000
152000
154000
156000
150500
152000
158000
162000
164000
160500
164000
167000
163000
170500
176500
174500
177000
176500
175500
172000
167000
169000
169000
165000
166000
163000
163000
165000
167000
163000
160500
157000
159000
159500
156500
159000
162500
163500
161000
162500
159500
163000
160000
146500
145500
145500
142000
144000
142000
145000
146000
149000
149500
149500
148000
149500
150000
149000
153500
152500
153500
153500
153000
151500
151000
150500
148500
148000
148000
149000
148000
148000
152000
148000
149000
149000
148500
148500
149000
149000
148000
148500
150000
154000
148500
148500
148000
149000
150000
148500
148000
148000
148000
148000
149000
148000
150000
148000
148000
150000
148500
148000
148000
148000
148000
148000
148000
148000
148000
148000
148000
148000
149500
149000
148000
147500
146000
146000
145000
145000
145000
145000
145000
143000
143000
144000
143000
143000
142000
142500
140000
133000
132500
133000
134000
133000
132500
132000
130500
130000
129500
130000
133500
133000
130000
127000
132000
127500
128000
121500
125500
125500
120000
120000
120000
120000
120000
119500
119500
118000
117500
117000
116000
116000
132000
125000
124000
120000
120000
123500
121000
119000
118000
119500
117500
116000
115000
119000
119000
115000
115000
112000
110000
113000
110500
110000
108000
109000
108500
108000
108500
108000
108000
108000
110000
108000
107500
108000
108000
106000
107000
106500
107500
108000
108000
106500
110000
110000
110000
109500
111000
111000
109000
102500
103000
104000
103000
110000
105500
105000
103500
104000
103000
101500
102000
102500
102000
100000
99500
99500
99500
98500
98000
98000
96000
91000
85000
88000
84500
85000
85000
86000
86500
86500
91000
90000
88000
90000
90500
88500
90000
88500
90000
87500
88500
89500
89000
88500
87000
87000
87000
86000
86000
82000
82000
82500
82500
82500
82500
80000
80000
77500
78500
77500
74500
75000
75500
79000
79000
77000
79000
79000
78000
79000
78500
79000
76500
76500
76000
74500
75000
74500
74000
74500
75000
74000
74000
74000
73500
74400
75000
72800
71800
70800
70000
70000
69000
67800
69400
69000
69000
68800
68400
67800
67400
66000
66000
65200
65600
65800
66200
66800
67200
67600
66000
65000
64200
62000
61000
61400
61200
61800
61400
59000
58600
57800
57000
55400
56000
58000
57200
56000
57000
57000
57000
57000
57400
57000
57400
57000
57400
56000
56400
55800
61200
60600
62600
64800
64400
64600
64400
64000
63200
61400
63800
64600
64400
62800
62400
64000
65800
66200
70600
72000
70400
72000
79800
79800
77800
78400
79400
80000
80400
79800
80000
79800
80400
80800
83200
87600
93800
95600
94800
94400
93800
91600
91000
94600
95200
95000
97400
96800
95800
96000
95200
86200
85400
81400
80200
80000
79800
78400
79000
79600
80200
80000
79800
79400
78800
78600
78400
77800
77400
77000
76200
76000
79400
80000
78400
77000
78000
77400
76000
76000
75800
75000
75400
75000
74800
75800
75800
75000
75200
75000
75000
75000
75200
75000
66600
63800
65000
64400
64800
68800
68200
67800
67800
70200
69200
70400
70200
70000
68400
69800
69400
68800
69400
68400
68600
68600
68200
66400
67000
68000
66000
68000
66200
66200
67600
67400
67000
67200
67000
67000
66800
66400
66400
67000
66400
66800
67000
66600
65800
63200
63000
60400
60400
59600
59800
59800
60000
59000
59800
59400
58800
57600
56600
54000
50600
49400
48400
49600
50000
50400
49800
50200
50800
50800
50600
50400
50200
48600
48400
48200
48800
48800
49800
49600
49600
50200
50000
50200
50000
50400
50200
51200
52200
53400
56200
56400
56000
55600
55200
55200
54400
52200
51800
52800
52000
52000
52000
52000
53000
53800
52800
54600
54400
54400
54200
54400
56200
56200
56400
57600
57000
54600
52200
50600
49400
52400
53600
54200
53600
51800
48400
48600
45800
46800
44200
43600
40000
44800
45800
44000
47200
46200
47800
46000
46200
47400
46600
46800
47000
47400
48000
47600
47600
47400
47200
47000
46000
46600
47200
46800
46600
46600
47000
47000
47200
47600
48000
47200
48000
47800
48000
47800
48200
48400
47800
47000
48400
49200
49000
48600
48600
48400
48800
49400
49200
48800
49800
50000
49600
49800
49800
50200
51000
57000
54000
52600
56600
55000
53600
53400
53000
53800
53600
53200
53400
53000
53200
54000
54800
54000
54200
55600
55400
56600
55400
54400
54600
54600
55000
54400
54200
54800
54200
54200
54200
54400
54400
54400
54600
54800
55000
55400
55400
54400
56200
56000
55600
55600
55200
55000
55600
56200
56400
55200
55800
55400
55400
55400
55400
56200
56000
55400
55000
56000
56200
56000
56000
56000
56600
56400
56200
56400
56200
56200
56000
56600
56400
56600
57400
58000
57200
57200
57000
56800
57000
57200
57000
56800
57000
56800
56400
57000
56800
56600
56800
56800
56400
56400
57000
57400
56200
56000
56200
56000
56000
56200
56600
56000
56600
56800
56600
56200
56000
56200
56600
56600
57000
57000
56800
56800
57000
57200
56600
60200
60000
60200
59600
60200
60600
60200
60000
60600
60200
60000
60000
60000
59200
59400
59200
59000
59200
59000
59400
59000
58800
59200
59200
59600
59800
59400
58800
59200
59000
59200
59200
59200
59600
59200
59400
59600
63000
61400
62600
62000
61200
62400
62000
61600
61800
62400
62000
62400
62000
62000
61400
61600
62200
61000
62000
61000
61000
61600
61000
61800
61600
62200
62400
62000
62000
62400
62400
62200
61800
62200
62000
61600
61600
61600
61200
61000
60800
61000
62200
61600
61600
62200
61800
61600
62000
61800
61800
61000
61600
61600
61200
61600
62200
62000
62000
62400
62600
62400
63600
64000
65400
65000
64400
64400
65800
65000
65000
65200
65000
65200
65400
61600
62400
62000
62000
61800
61400
61600
62000
63000
65000
65000
63800
65000
65000
65000
65600
65200
65000
65200
65400
65600
65400
65400
65400
65200
65400
65200
65600
65600
65400
67000
65400
