close
0.75
0.7532
0.7705
0.75
0.7906
0.805
0.765
0.7701
0.834
0.848
0.84
0.8692
0.8765
0.8723
0.8501
0.8551
0.8265
0.844
0.8002
0.8357
0.802
0.8205
0.8205
0.7862
0.8
0.87
0.8015
0.9202
0.9003
0.87
0.88
0.8531
0.853
0.853
0.8535
0.8449
0.8008
0.82
0.8051
0.83
0.8128
0.8165
0.83
0.825
0.8294
0.8329
0.814
0.7655
0.7881
0.8299
0.8186
0.829
0.82
0.83
0.83
0.82
0.83
0.8474
0.7889
0.79
0.8
0.79
0.8
0.7992
0.745
0.725
0.8178
0.76
0.75
0.77
0.712
0.714
0.714
0.72
0.72
0.714
0.722
0.71
0.701
0.74
0.711
0.686
0.67
0.67
0.665
0.685
0.68
0.685
0.665
0.689
0.689
0.685
0.677
0.665
0.661
0.681
0.665
0.66
0.635
0.641
0.64
0.648
0.641
0.718
0.691
0.702
0.675
0.655
0.68
0.665
0.644
0.604
0.648
0.67
0.65
0.66
0.65
0.65
0.64
0.64
0.65
0.66
0.7
0.69
0.68
0.718
0.708
0.711
0.8
0.754
0.71
0.701
0.64
0.65
0.639
0.65
0.65
0.639
0.65
0.64
0.64
0.645
0.659
0.654
0.67
0.651
0.69
0.73
0.751
0.762
0.725
0.74
0.725
0.775
0.779
0.784
0.78
0.775
0.799
0.799
0.77
0.77
0.759
0.793
0.785
0.796
0.75
0.766
0.769
0.74
0.735
0.731
0.739
0.74
0.768
0.773
0.759
0.72
0.731
0.758
0.71
0.7
0.697
0.695
0.695
0.756
0.739
0.755
0.749
0.773
0.744
0.784
0.825
0.776
0.823
0.815
0.805
0.825
0.836
0.83
0.83
0.786
0.78
0.75
0.745
0.913
0.9
0.839
0.882
0.829
0.804
0.829
0.8
0.84
0.82
0.827
0.823
0.81
0.81
0.851
0.8
0.799
0.785
0.782
0.771
0.883
0.879
0.898
0.845
0.85
0.83
0.84
0.869
0.869
0.85
0.869
0.85
0.85
0.918
0.853
0.85
0.85
0.82
0.807
0.833
0.89
0.93
0.938
0.97
0.96
0.94
0.935
0.99
0.979
0.977
0.9
0.916
0.9
0.9
0.905
0.9
0.905
0.9
0.883
0.912
0.855
0.915
0.866
0.885
0.89
0.919
0.92
0.932
0.992
0.916
0.942
0.97
1.0
1.0
1.0
1.0
1.03
0.946
0.97
0.997
0.984
0.955
0.95
0.951
1.004
0.998
0.98
1.0
0.97
0.96
0.99
0.984
0.96
0.888
0.901
0.91
0.921
0.919
0.91
0.93
0.935
0.915
0.94
0.95
0.96
1.005
1.0
0.985
1.02
1.03
1.035
1.05
1.1
1.125
1.11
1.105
1.19
1.23
1.27
1.265
1.205
1.2
1.3
1.25
1.365
1.39
1.35
1.3
1.435
1.38
1.38
1.38
1.38
1.38
1.4
1.35
1.28
1.33
1.285
1.23
1.29
1.22
1.27
1.29
1.3
1.35
1.275
1.3
1.31
1.345
1.295
1.4
1.375
1.4
1.385
1.31
1.335
1.345
1.375
1.4
1.5
1.6
1.505
1.55
1.48
1.55
1.55
1.52
1.5
1.5
1.455
1.475
1.55
1.6
1.65
1.65
1.62
1.6
1.675
1.675
1.6
1.6
1.6
1.7
1.685
1.705
1.71
1.695
1.755
1.715
1.965
2.41
1.995
1.9
2.22
2.145
1.96
1.895
1.91
1.935
2.02
1.995
2.0
1.98
1.99
2.03
2.015
2.02
2.09
2.13
2.06
2.115
2.16
2.15
2.16
2.25
2.295
2.525
2.425
2.35
2.275
2.24
2.105
2.035
2.0
2.04
1.94
2.02
1.965
2.1
2.01
1.95
2.0
1.96
2.0
2.0
2.035
2.005
1.985
1.995
2.015
1.9
1.95
1.985
2.01
2.09
2.01
2.02
2.04
2.0
2.11
2.03
2.045
2.03
2.035
2.06
2.05
2.1
2.17
2.125
2.145
2.125
2.08
2.105
2.105
2.1
2.11
2.055
1.995
2.1
2.1
2.1
2.105
2.11
2.115
2.125
2.2
2.62
2.54
2.31
2.2
2.22
2.195
2.1
2.335
2.45
2.44
2.48
2.705
2.775
2.665
2.705
2.7
2.695
2.65
2.675
2.655
2.655
2.64
2.695
2.665
2.57
2.665
2.68
2.615
2.68
2.65
2.665
2.67
2.625
2.635
2.65
2.61
2.505
2.525
2.55
2.6
2.635
3.245
3.175
2.605
2.67
2.625
2.665
2.695
2.685
2.8
2.69
2.74
2.755
2.7
2.7
2.73
2.76
2.835
2.865
2.855
2.84
2.815
2.735
2.71
2.7
2.705
2.84
2.75
2.76
2.77
2.72
2.73
2.82
2.79
2.74
2.77
2.78
2.75
2.78
2.77
2.78
2.84
2.8
2.75
2.74
2.72
2.76
2.7
2.75
2.85
2.87
2.87
2.88
2.87
2.89
3.02
3.09
3.19
3.21
3.13
3.27
3.45
3.65
3.68
3.78
3.63
3.37
3.42
3.42
3.46
3.46
3.49
3.5
3.61
3.7
3.72
3.54
3.56
3.56
3.63
3.63
3.57
3.68
3.58
3.55
3.63
3.67
3.67
3.67
3.68
3.67
3.65
3.66
3.66
3.66
3.66
3.66
3.65
3.62
3.65
3.64
3.62
3.59
3.58
3.49
3.55
3.48
3.48
3.48
3.48
3.59
3.57
3.46
3.44
3.34
3.38
3.35
3.42
3.45
3.44
3.38
3.38
3.39
3.4
3.4
3.35
3.34
3.17
3.21
3.24
3.33
3.3
3.24
3.22
3.26
3.22
3.11
3.1
3.06
3.01
3.01
3.06
3.1
3.06
3.11
3.14
3.14
3.14
3.1
3.14
3.1
3.04
3.22
3.25
3.34
3.38
3.26
3.3
3.36
3.3
3.26
3.15
3.14
3.09
3.13
3.12
3.1
3.34
3.22
3.18
3.1
3.26
3.3
3.14
3.18
3.27
3.29
3.38
3.06
3.24
3.18
3.22
3.14
3.09
3.07
3.4
3.06
3.07
3.15
3.14
3.18
3.22
3.26
3.3
3.34
3.3
3.34
3.3
3.4
3.36
3.34
3.34
3.3
3.34
3.37
3.34
3.28
3.34
3.3
3.32
3.35
3.34
3.3
3.29
3.33
3.34
3.38
3.33
3.35
3.31
3.3
3.32
3.34
3.3
3.23
3.22
3.22
3.31
3.46
3.36
3.3
3.35
3.41
3.26
3.4
3.34
3.4
3.37
3.34
3.31
3.35
3.35
3.35
3.34
3.3
3.4
3.4
3.32
3.26
3.25
3.3
3.26
3.3
3.3
3.3
3.37
3.1
3.34
3.38
3.34
3.3
3.34
3.37
3.35
3.38
3.38
3.46
3.42
3.4
3.37
3.3
3.31
3.31
3.35
3.32
3.35
3.3
3.3
3.33
3.35
3.4
3.38
3.32
3.34
3.38
3.33
3.33
3.33
3.41
3.42
3.3
3.3
3.4
3.4
3.41
3.41
3.45
3.5
3.52
3.52
3.48
3.38
3.39
3.31
3.4
3.45
3.5
3.45
3.39
3.45
3.39
3.38
3.39
3.35
3.37
3.31
3.38
3.4
3.38
3.4
3.5
3.42
3.48
3.4
3.51
3.52
3.61
3.4
3.4
3.38
3.34
3.36
3.4
3.32
3.32
3.51
3.44
3.29
3.25
3.29
3.33
3.45
3.28
3.11
3.3
3.23
3.23
3.1
3.15
3.11
3.12
3.1
3.11
3.12
3.2
3.2
3.11
3.2
3.35
3.41
3.11
3.12
3.3
3.43
3.4
3.3
3.48
3.3
3.17
3.12
3.12
3.34
3.33
3.38
3.39
3.48
3.79
4.0
3.78
3.83
4.0
4.07
4.2
3.9
3.85
3.79
3.7
3.61
3.78
3.76
3.76
3.67
3.45
3.79
3.8
3.8
3.58
3.77
3.65
3.9
3.8
3.9
3.9
3.99
3.8
3.88
3.78
3.57
3.7
3.51
3.63
3.5
3.53
3.43
3.7
3.6
4.0
3.95
3.86
3.95
3.9
3.7
3.74
3.58
3.7
3.57
3.31
3.4
3.49
3.5
3.5
3.7
3.7
3.6
3.55
3.57
3.8
3.66
3.6
3.32
3.47
3.5
3.47
3.5
3.48
3.3
3.24
3.14
3.24
3.1
3.3
3.3
3.08
3.06
3.14
3.12
3.16
3.26
3.3
3.3
3.32
3.3
3.32
3.18
3.3
3.22
3.36
3.36
3.3
3.24
3.22
3.36
3.26
3.22
3.28
3.16
3.12
3.0
3.1
3.1
2.98
3.08
3.0
3.04
2.98
3.04
3.0
2.98
2.96
3.04
3.04
3.0
3.06
3.18
3.18
3.2
3.24
3.3
3.3
3.31
3.24
3.24
3.3
3.3
3.3
3.31
3.1
3.03
3.0
3.1
3.24
3.01
2.96
2.92
2.94
2.99
3.0
2.97
2.94
2.7
2.68
2.72
2.7
2.78
2.82
2.82
2.8
2.81
2.83
2.85
2.8
2.85
2.84
2.83
2.81
2.8
2.8
2.8
2.83
2.79
2.8
2.8
2.8
2.83
2.81
2.82
2.78
2.77
2.75
2.85
2.88
2.87
2.86
2.83
2.83
2.77
2.88
2.85
2.8
2.78
2.76
2.76
2.73
2.75
2.73
2.73
2.78
2.8
2.84
2.78
2.88
2.86
2.83
2.87
2.93
2.92
2.99
2.95
2.9
2.82
2.85
2.81
2.83
2.97
3.0
3.07
3.09
3.05
2.99
3.03
3.05
3.07
2.91
3.0
2.9
3.08
3.05
2.95
3.05
3.06
3.05
3.08
3.05
3.0
2.95
2.94
2.91
2.88
2.99
3.0
3.04
2.9
2.89
2.91
2.88
2.82
2.95
3.0
3.0
3.02
2.97
2.92
2.99
2.94
2.9
2.89
2.87
2.97
3.0
2.98
3.02
2.88
2.97
2.94
3.03
3.05
3.01
3.02
3.03
3.03
3.02
3.05
3.0
3.0
3.01
3.04
3.04
3.31
3.2
3.28
3.41
3.28
3.36
3.24
3.25
3.27
2.94
3.16
3.05
3.09
3.03
3.09
3.2
3.16
3.23
3.3
3.42
3.3
3.3
3.23
3.31
3.25
3.36
3.43
3.26
3.34
3.27
3.3
3.3
3.32
3.36
3.35
3.24
3.31
3.3
3.32
3.32
3.4
3.34
3.35
3.34
3.25
3.25
3.27
3.23
3.26
3.21
3.23
3.24
3.22
3.25
3.2
3.27
3.29
3.29
3.28
3.31
3.37
3.4
3.45
3.45
3.39
3.45
3.35
3.4
3.45
3.57
3.61
3.62
3.8
3.68
3.8
3.82
3.8
3.75
3.74
3.74
3.8
3.72
3.73
3.73
3.8
3.78
3.7
3.67
3.75
3.73
3.87
3.82
3.76
4.42
4.02
3.5
3.46
3.47
3.63
3.56
3.57
3.56
3.54
3.24
3.3
2.97
2.87
2.75
3.0
3.0
2.97
3.05
3.17
3.04
3.1
3.05
3.03
3.15
3.11
3.09
3.15
3.16
3.15
3.21
3.2
3.22
3.14
3.14
3.1
3.18
3.31
3.17
3.1
3.3
3.23
3.27
3.2
3.19
3.3
3.36
3.27
3.24
3.33
3.22
3.3
3.28
3.3
3.31
3.3
3.29
3.3
3.22
3.24
3.25
3.3
3.22
3.22
3.22
3.25
3.24
3.24
3.25
3.27
3.3
3.34
3.33
3.3
3.25
3.23
3.22
3.23
3.3
3.29
3.3
3.28
3.27
3.25
3.28
3.42
3.35
3.28
3.23
3.25
3.28
3.27
3.25
3.3
3.29
3.3
3.29
3.37
3.37
3.33
3.3
3.5
3.55
3.6
3.43
3.6
3.71
3.72
3.75
3.77
4.0
4.01
4.03
4.02
4.11
4.18
4.14
4.19
4.22
4.11
4.1
4.1
4.17
4.16
4.14
4.11
4.1
4.17
4.1
4.07
4.05
4.17
4.08
4.02
4.02
4.05
4.09
4.06
4.08
4.2
4.18
4.16
4.15
4.16
4.14
4.13
3.98
3.84
3.73
3.67
3.63
3.76
3.76
3.7
3.64
3.69
3.65
3.67
3.67
3.67
3.76
3.72
3.69
3.62
3.65
3.7
3.69
3.62
3.71
3.63
3.61
3.65
3.67
3.7
3.66
3.78
3.82
3.84
3.9
3.91
3.88
3.89
3.8
3.76
3.81
3.8
3.78
3.85
3.8
3.74
3.75
3.75
3.76
3.73
3.72
3.73
3.7
3.73
3.74
3.77
3.78
3.79
3.8
3.73
3.76
3.77
3.77
3.75
3.76
3.79
3.8
3.78
3.81
3.78
3.83
3.85
3.8
3.82
3.83
3.81
3.84
3.84
3.84
3.89
3.83
3.78
3.79
3.8
3.8
3.79
3.8
3.82
3.81
3.88
3.86
3.89
3.86
3.85
3.83
3.83
3.82
3.83
3.84
4.12
3.9
3.96
3.92
3.94
3.95
3.89
3.91
3.92
3.92
3.92
3.92
3.85
3.86
3.89
3.86
3.86
3.87
3.88
4.01
3.96
3.99
4.02
3.95
3.99
3.96
3.96
4.0
4.01
4.02
4.02
4.03
4.02
4.0
4.04
4.05
4.2
4.22
4.43
4.62
4.9
4.64
4.64
4.7
4.69
4.56
4.6
4.6
4.65
4.76
4.82
4.99
5.0
5.05
4.94
4.82
4.96
5.0
6.65
6.1
6.07
6.07
6.06
6.17
6.28
6.26
6.3
6.29
6.31
6.3
6.4
6.32
6.33
6.24
6.28
6.31
6.31
6.58
6.53
6.63
6.29
6.31
6.55
6.48
6.4
6.39
6.26
6.24
6.31
6.37
6.23
6.16
6.03
5.84
5.87
6.13
6.06
6.04
6.03
6.05
6.11
6.13
6.09
6.05
6.04
5.99
5.93
5.96
6.13
6.01
6.1
6.08
6.21
6.15
6.2
6.34
6.37
6.02
7.95
7.27
7.06
9.45
8.11
8.96
8.73
8.74
8.4
8.1
8.12
8.17
8.13
8.02
7.81
7.95
7.96
7.88
7.83
8.01
7.98
7.76
7.53
7.47
7.44
8.13
7.76
7.46
7.51
7.55
7.26
7.25
7.47
7.48
7.57
7.41
7.37
7.37
7.32
7.25
7.2
7.25
7.25
7.32
7.34
7.47
7.48
7.51
7.36
7.34
7.37
7.42
7.5
7.4
7.67
7.5
8.47
8.59
8.07
7.96
7.65
7.74
8.31
7.99
7.96
8.69
8.9
8.7
8.7
8.74
8.7
8.65
8.6
8.71
8.55
8.36
8.31
8.2
8.03
7.85
7.85
7.85
8.01
8.01
7.9
7.86
8.19
8.05
7.98
7.74
7.7
7.74
7.78
7.85
7.41
7.6
7.77
7.55
7.41
7.44
7.41
7.47
7.57
7.51
7.74
7.64
7.74
7.54
7.52
7.49
7.47
7.52
7.44
7.11
7.25
7.31
7.38
6.92
7.0
7.2
7.14
7.13
7.15
7.1
7.1
6.98
7.07
7.01
7.17
7.31
7.38
7.22
7.1
7.2
7.13
7.14
7.07
6.62
6.56
5.49
5.52
5.4
5.55
5.78
6.63
6.86
6.6
6.51
6.57
6.55
6.7
6.63
6.64
6.63
6.22
6.12
6.21
6.04
6.06
5.95
5.83
5.74
5.84
5.74
6.2
6.05
5.94
6.0
5.82
5.75
5.67
5.67
5.7
5.69
5.74
5.72
5.72
5.74
5.71
5.75
5.76
5.79
5.79
5.71
5.77
5.69
5.61
5.54
5.6
5.5
5.5
5.59
5.46
5.49
5.5
5.6
5.71
5.87
5.74
5.71
5.74
5.73
5.54
5.53
5.62
