close
4.57
4.449
4.432
4.689
4.655
4.795
4.578
4.39
4.3
4.35
4.386
4.542
4.104
4.499
4.246
4.211
4.2
4.399
4.27
4.39
4.399
4.33
4.2
4.3
4.349
4.27
4.6
4.395
4.392
4.476
4.47
4.484
4.101
4.101
4.45
4.406
4.489
4.484
4.491
4.499
4.499
4.3
4.3
4.151
4.589
4.299
4.444
4.2
4.2
4.2
4.3
4.499
4.15
4.2
4.2
4.269
4.248
4.1
4.28
4.08
4.0
4.0
4.0
4.0
3.9
3.9
3.99
3.98
4.0
3.88
3.7
4.06
3.79
3.8
3.92
3.96
3.93
4.08
4.09
3.9
4.01
4.29
4.18
3.98
4.19
4.19
4.01
4.32
4.2
4.0
3.8
4.04
3.62
3.82
3.85
3.64
3.97
3.92
3.85
3.73
3.91
3.9
3.69
3.8
3.8
3.99
4.04
4.17
4.13
4.2
4.0
4.01
4.25
4.43
4.38
4.29
4.1
4.05
4.2
4.04
4.05
4.34
4.44
4.3
4.3
4.11
4.48
4.4
4.4
4.75
4.75
4.4
4.15
4.25
4.2
4.2
4.45
4.69
4.19
4.25
4.14
4.11
4.15
4.18
4.0
3.89
3.99
4.06
4.08
4.01
4.14
4.35
4.22
4.27
4.25
3.99
4.18
4.14
4.11
4.0
3.9
4.06
3.83
3.98
3.98
3.8
3.9
3.83
3.96
3.8
3.85
3.82
3.9
3.91
3.95
3.7
3.77
3.75
3.79
3.77
4.14
4.0
4.0
3.95
3.93
3.98
3.88
3.93
3.93
3.99
3.95
3.95
4.0
3.85
3.9
3.89
3.95
3.9
3.9
3.93
3.83
3.93
3.88
3.88
3.81
3.85
3.82
3.84
3.81
3.89
3.85
3.83
3.85
3.9
3.9
3.94
3.88
3.94
3.9
4.0
4.1
3.88
3.96
3.95
4.0
3.99
4.04
4.01
4.0
4.0
3.93
3.93
3.96
4.13
4.21
4.2
4.16
4.18
4.3
4.2
4.1
4.2
4.2
4.5
4.11
4.28
4.2
4.21
4.2
4.29
4.2
4.25
4.19
4.2
4.25
4.18
4.24
4.11
4.1
3.95
4.07
4.13
4.15
4.1
4.25
4.28
4.21
4.28
4.18
4.07
4.25
4.1
4.34
4.29
4.0
4.18
4.1
4.23
4.13
4.18
4.3
4.43
4.5
4.43
4.5
4.5
4.43
4.43
4.48
4.45
4.46
4.38
4.35
4.35
4.45
4.45
4.45
4.48
4.46
4.5
4.49
4.49
4.5
4.53
4.59
4.48
4.48
4.5
4.48
4.32
4.48
4.49
4.5
4.5
4.5
4.5
4.5
4.59
4.65
4.64
4.6
4.58
4.6
4.63
4.68
4.66
4.19
4.15
4.18
4.1
4.19
4.13
4.1
4.12
4.16
4.26
4.24
4.19
4.16
4.24
4.2
4.2
4.21
4.2
4.29
4.28
4.27
4.29
4.3
4.26
4.25
4.28
4.28
4.28
4.27
4.27
4.29
4.29
4.29
4.26
4.29
4.2
4.28
4.25
4.2
4.25
4.27
4.18
4.25
4.34
4.23
4.22
4.28
4.28
4.33
4.27
4.13
4.24
4.23
4.19
4.2
4.19
4.18
4.19
4.23
4.18
4.2
4.16
4.14
4.14
4.15
4.15
4.15
4.15
4.19
4.19
4.19
4.15
4.19
4.16
4.2
4.2
4.2
4.19
4.23
4.2
4.24
4.2
4.15
4.23
4.15
4.18
4.2
4.2
4.2
4.18
4.24
4.25
4.27
4.21
4.25
4.16
4.2
4.3
4.3
4.23
4.28
4.22
4.3
4.22
4.29
4.18
4.19
4.21
4.21
4.22
4.22
4.22
4.23
4.13
4.22
4.17
4.23
4.23
4.22
4.1
4.25
4.24
4.3
4.33
4.34
4.27
4.28
4.33
4.36
4.39
4.4
4.35
4.36
4.35
4.35
4.25
4.27
4.16
4.44
3.8
4.18
4.15
4.1
4.16
4.21
4.1
4.1
4.17
4.06
4.16
4.08
3.8
3.84
3.9
3.9
3.91
3.89
3.77
3.85
3.88
4.08
4.0
3.9
3.81
3.93
3.86
3.88
3.85
3.84
3.76
3.98
3.93
3.94
3.95
3.9
3.81
3.8
3.93
3.95
3.71
3.71
3.75
3.74
3.84
3.84
3.84
3.7
3.82
3.7
3.73
3.78
3.75
3.67
3.76
3.78
3.8
3.8
3.82
3.72
3.8
3.83
3.88
3.87
3.93
3.87
3.89
3.89
3.72
3.7
3.7
3.72
3.68
3.75
3.75
3.68
3.69
3.7
3.7
3.69
3.72
3.68
3.72
3.69
3.68
3.73
3.67
3.74
3.73
3.86
3.73
3.83
3.73
3.75
3.74
3.71
3.72
3.72
3.72
3.78
3.69
3.68
3.66
3.67
3.66
3.74
3.75
3.69
3.73
3.74
3.79
3.7
3.78
3.8
3.8
3.82
3.83
3.88
3.87
3.97
3.86
3.8
3.88
3.91
3.91
3.88
3.95
3.97
3.99
3.96
3.94
3.91
3.9
3.85
3.91
3.95
4.0
4.06
4.08
3.96
4.04
4.05
3.9
3.88
3.91
3.89
3.85
3.91
3.9
3.8
3.79
3.83
3.87
4.05
3.95
3.9
3.9
3.66
3.97
3.89
3.9
3.83
3.85
3.82
3.82
3.8
3.85
3.85
3.78
3.78
3.86
3.8
3.8
4.0
3.92
4.1
4.09
4.0
4.0
3.96
3.98
4.08
4.0
4.0
3.95
3.92
4.02
4.0
3.96
3.98
4.0
4.02
4.02
3.93
4.01
4.05
4.03
4.03
4.0
4.0
4.0
4.1
4.05
4.0
3.98
4.02
3.95
4.05
3.98
3.9
4.0
3.98
3.95
3.9
4.0
3.92
3.95
3.95
3.94
3.95
3.93
3.9
3.87
3.88
3.96
3.97
3.81
3.78
3.88
3.88
3.85
3.9
3.89
3.89
3.81
3.99
3.95
4.03
4.0
4.0
3.93
4.0
4.01
3.99
3.97
4.03
3.98
4.01
4.01
4.02
4.0
4.05
4.04
4.07
4.24
4.2
4.27
4.21
4.21
3.97
3.99
3.98
4.01
4.0
3.96
4.01
3.97
3.97
3.99
3.99
4.0
4.01
4.0
4.0
4.0
3.98
4.0
3.97
3.97
4.0
3.93
3.95
3.98
3.82
3.91
3.85
3.8
3.85
3.86
3.89
3.87
3.93
3.98
4.0
3.9
3.85
3.89
3.83
3.85
3.8
3.82
3.79
3.78
3.8
3.89
3.8
3.93
3.96
4.0
4.01
4.03
4.06
4.04
4.03
4.17
3.97
4.0
4.0
4.05
3.92
3.94
3.98
3.98
4.0
4.0
4.0
3.87
3.87
3.86
4.0
4.0
3.94
3.99
4.0
4.0
4.07
4.09
4.08
3.98
4.0
3.92
3.95
3.94
3.95
3.95
4.03
4.0
3.96
3.99
4.03
4.02
4.0
3.96
4.02
4.04
3.98
3.98
4.02
4.01
4.01
4.03
4.1
4.12
4.11
4.06
4.11
4.11
4.11
4.05
4.06
4.11
4.11
4.11
4.13
4.17
4.11
4.37
4.36
4.08
4.04
4.03
4.05
4.04
4.02
4.02
4.05
4.06
4.07
4.05
4.01
4.0
3.99
4.01
3.99
3.97
4.02
4.0
4.0
4.04
4.04
3.99
4.02
4.02
4.04
4.05
4.09
4.05
4.36
4.45
4.51
4.45
4.5
4.49
4.45
4.44
4.46
4.45
4.5
4.5
4.46
4.48
4.48
4.49
4.5
4.49
4.47
4.47
4.5
4.5
4.62
4.52
4.67
4.6
4.68
4.6
4.61
4.57
4.5
4.57
4.6
4.53
4.52
4.61
4.52
4.53
4.53
4.6
4.57
4.57
4.7
4.7
4.7
4.59
4.67
4.72
4.81
4.8
4.88
4.94
4.95
4.91
5.06
5.03
5.06
5.03
5.23
5.22
5.22
5.19
5.19
5.26
5.24
5.35
5.42
5.61
5.62
5.05
4.94
4.86
4.75
4.71
4.81
4.74
4.75
4.78
4.75
4.82
4.77
4.72
4.7
4.7
4.67
4.71
4.67
4.67
4.66
4.68
4.65
4.67
4.67
4.73
4.65
4.68
4.71
4.68
4.7
4.77
4.83
4.8
4.83
4.83
4.78
4.83
4.95
4.91
4.9
4.86
4.88
4.95
4.96
5.0
5.05
5.07
5.2
5.1
5.1
5.2
5.07
5.16
5.19
5.13
5.16
5.11
5.14
5.12
5.15
5.23
5.14
5.1
5.17
5.12
5.17
5.21
5.25
5.23
5.21
5.25
5.33
5.32
5.42
5.4
5.47
5.43
5.39
5.38
5.46
5.39
5.39
5.4
5.45
5.69
5.52
5.53
5.57
5.56
5.56
5.44
5.58
5.7
5.96
5.76
5.82
5.75
5.8
5.63
5.75
5.64
5.84
5.76
5.84
5.89
5.9
5.9
5.95
5.97
5.92
5.95
6.05
6.0
5.97
6.02
5.95
6.01
6.02
6.13
6.1
6.05
6.16
6.12
6.18
6.22
6.29
6.35
6.65
6.6
6.66
6.63
6.64
6.74
6.8
6.87
6.77
6.66
6.73
6.76
6.79
6.86
6.9
6.92
7.3
7.29
7.59
7.6
7.51
7.53
7.67
7.54
7.56
7.7
7.68
7.69
7.6
7.83
7.8
7.71
7.6
7.66
7.11
7.67
7.56
7.6
7.41
7.09
6.97
6.76
6.26
6.21
6.19
6.22
6.29
6.48
6.67
6.59
6.59
6.54
6.5
6.47
6.56
6.76
7.0
6.97
6.96
6.94
6.88
6.88
6.9
6.9
6.59
6.57
6.49
6.5
6.74
6.7
6.52
6.59
6.68
6.63
6.75
6.7
6.68
6.75
6.78
6.86
6.95
6.96
7.01
7.01
7.0
6.99
6.92
6.92
7.2
7.07
7.0
7.0
7.12
7.41
7.56
7.5
7.51
7.48
7.54
7.52
7.49
7.6
7.65
8.09
7.97
7.9
7.92
8.02
8.12
8.21
8.28
8.27
8.19
8.07
8.0
8.2
8.26
8.24
8.28
8.3
8.28
8.41
8.25
8.38
8.4
8.35
8.28
8.34
8.39
8.39
8.39
8.35
8.28
8.23
8.21
8.31
8.27
8.32
8.32
8.26
8.38
8.37
8.6
8.9
9.26
9.48
9.52
9.86
10.16
9.91
10.0
9.94
12.79
10.73
10.6
10.95
10.64
10.65
10.3
10.42
10.51
10.72
10.32
10.08
10.29
10.14
10.12
10.49
10.29
10.2
10.2
10.13
10.09
10.03
10.22
10.37
10.48
10.36
10.76
11.43
11.65
11.84
12.08
11.54
11.85
11.94
11.25
10.0
9.82
9.91
10.04
9.93
9.51
9.6
9.34
9.05
8.98
9.1
9.24
9.38
9.23
9.05
9.12
9.01
8.91
9.0
9.07
9.04
9.14
9.28
9.22
9.4
9.28
9.26
9.15
9.27
9.22
9.38
9.5
9.96
9.65
9.71
10.02
10.01
10.0
9.93
9.95
9.91
9.78
9.66
9.82
9.65
9.65
9.7
9.77
9.78
9.76
9.7
9.51
9.46
9.51
9.47
9.55
9.32
9.38
9.46
9.56
9.7
9.67
9.73
9.45
9.46
9.52
9.52
9.53
9.6
9.62
9.62
9.61
9.58
9.64
9.68
9.56
9.7
9.54
9.52
9.47
9.52
9.56
9.6
9.79
9.81
9.69
9.7
9.74
9.82
9.75
9.63
9.75
10.18
9.96
10.06
9.97
9.98
9.99
9.98
9.94
9.99
9.94
9.88
9.86
9.95
9.97
9.9
10.0
9.9
9.93
9.9
9.85
10.09
10.07
9.66
9.47
9.5
9.52
9.54
9.5
9.45
9.54
9.5
9.5
9.48
9.51
9.44
9.48
9.47
9.42
9.42
9.4
9.41
9.36
9.42
9.42
9.39
9.5
9.46
9.49
9.4
9.43
9.39
9.42
9.08
9.22
9.27
9.28
9.27
9.21
9.27
9.26
9.2
9.17
9.12
9.13
9.19
9.16
9.13
9.24
9.47
9.25
9.2
9.32
9.31
9.31
9.22
9.19
9.2
9.14
9.18
9.15
9.14
9.11
9.13
9.15
9.07
9.15
9.08
9.03
9.07
9.0
9.04
9.47
9.2
9.17
9.19
9.07
9.09
9.1
9.09
9.11
9.1
8.8
8.56
8.31
8.27
8.37
8.39
8.53
8.34
8.37
8.4
8.27
8.41
8.4
8.18
8.25
8.18
8.21
8.36
8.21
8.27
8.32
8.21
8.35
8.28
8.16
8.1
8.08
8.03
8.17
8.12
8.12
8.15
8.2
8.05
8.11
8.5
8.57
8.95
8.81
8.91
8.74
8.63
8.4
8.46
8.52
8.48
8.28
8.2
8.15
8.11
8.25
8.21
8.2
8.37
8.5
8.54
8.49
8.46
8.47
8.48
8.36
8.31
8.39
8.34
8.33
8.46
8.4
8.38
8.52
8.5
8.4
8.58
8.52
8.5
8.6
8.53
8.5
8.57
8.5
8.5
8.47
8.48
8.53
8.65
8.54
8.5
8.45
8.55
8.4
8.35
8.33
8.3
8.15
8.05
8.05
8.17
8.04
8.14
8.12
8.13
8.08
8.01
8.16
8.0
7.92
8.02
8.1
7.9
7.97
8.04
8.01
8.06
8.0
8.01
8.0
8.01
8.01
10.7
10.86
10.98
11.41
11.97
12.13
12.45
12.9
12.7
12.12
9.78
9.13
8.49
8.5
8.2
8.14
8.12
7.97
7.74
7.88
7.93
8.02
8.2
8.18
8.09
8.11
7.95
7.94
7.82
7.99
8.03
8.04
7.94
7.9
7.93
8.08
7.91
7.8
7.44
7.49
6.29
6.81
6.1
6.22
6.34
7.2
7.23
7.28
7.09
7.1
6.84
7.06
7.1
7.04
6.95
6.9
6.95
7.05
6.92
6.9
6.84
6.9
6.97
6.93
6.94
6.92
6.92
6.92
7.0
6.97
6.99
6.91
6.98
6.97
6.99
7.0
7.12
7.0
6.94
6.93
6.83
6.79
6.75
6.77
6.75
6.84
7.0
6.9
6.96
6.97
6.91
6.91
7.01
7.14
7.26
7.19
7.35
7.47
7.44
7.22
7.11
7.03
7.05
7.17
7.05
6.9
