close
5.965
5.5
5.5
5.6
5.949
5.611
5.949
5.747
5.725
5.65
5.81
5.746
5.861
5.772
6.0
6.0
5.86
6.0
6.0
7.496
6.573
6.039
6.75
6.55
7.0
8.0
8.4
9.0
9.44
8.71
7.5
7.0
7.0
7.222
7.222
6.999
7.0
7.0
6.65
6.916
7.1
6.7
6.801
7.649
7.6
7.2
7.667
7.63
7.585
7.5
7.6
7.59
7.6
7.61
7.63
7.6
7.6
7.6
7.61
7.61
7.62
7.62
7.62
7.6
7.62
7.62
7.41
7.43
8.0
7.5
7.2
7.5
7.5
7.21
7.6
8.0
7.56
7.54
7.52
7.6
7.5
7.6
7.6
7.6
7.55
7.48
7.7
7.8
7.68
7.69
8.99
8.1
9.0
9.52
8.25
8.59
8.8
7.96
7.87
8.5
9.7
9.0
8.1
8.8
8.5
8.1
8.03
8.2
7.99
7.9
7.5
7.76
7.6
7.8
7.8
7.8
7.8
7.8
7.59
7.5
8.05
8.3
8.34
8.27
8.3
8.35
8.1
8.1
8.25
8.25
8.3
8.25
8.3
8.25
8.35
8.35
8.35
8.35
8.35
8.35
8.36
8.35
8.35
8.35
8.35
8.35
8.47
8.48
8.35
8.05
8.44
8.48
8.2
7.53
8.5
8.99
8.5
8.5
8.55
8.71
8.53
8.5
8.21
8.0
8.4
8.55
8.55
8.55
8.6
8.58
8.6
8.6
8.6
8.6
8.65
8.67
8.8
8.79
8.67
