close
330.0
344.9
361.5
355.0
311.8
306.6
339.2
339.2
309.8
310.0
306.0
354.4
335.0
348.9
325.0
325.0
335.0
300.5
300.0
326.9
320.0
320.0
314.5
295.0
314.8
342.1
317.0
315.0
308.0
301.0
329.9
319.9
328.8
305.0
320.0
310.0
301.0
310.0
337.0
340.0
388.0
360.0
395.0
361.0
361.0
359.0
390.0
430.0
432.0
410.0
477.0
430.0
431.0
480.0
450.0
456.0
509.0
524.0
500.0
473.0
411.0
492.0
422.0
450.0
474.0
425.0
509.0
499.0
500.0
500.0
431.0
478.0
476.0
495.0
475.0
454.0
450.0
530.0
529.0
490.0
565.0
598.0
571.0
565.0
595.0
620.0
660.0
650.0
650.0
667.0
700.0
651.0
700.0
734.0
785.0
793.0
750.0
730.0
760.0
789.0
730.0
730.0
704.0
730.0
710.0
750.0
815.0
800.0
815.0
889.0
889.0
877.0
925.0
800.0
945.0
945.0
985.0
930.0
920.0
881.0
925.0
920.0
910.0
900.0
880.0
900.0
875.0
890.0
880.0
870.0
865.0
800.0
800.0
810.0
830.0
830.0
900.0
900.0
807.0
850.0
999.0
801.0
816.0
870.0
897.0
897.0
818.0
830.0
895.0
821.0
987.0
978.0
993.0
877.0
946.0
899.0
986.0
995.0
970.0
1049.0
1249.0
960.0
1000.0
1001.0
1005.0
999.0
999.0
1130.0
1116.0
1000.0
1000.0
960.0
962.0
1051.0
1000.0
1000.0
1000.0
1045.0
966.0
1000.0
991.0
994.0
997.0
959.0
979.0
950.0
950.0
949.0
1000.0
971.0
1098.0
970.0
952.0
1049.0
1000.0
1001.0
1040.0
1020.0
1039.0
1055.0
1075.0
1045.0
1090.0
1030.0
1081.0
1077.0
1094.0
1075.0
1055.0
1165.0
1165.0
1145.0
1140.0
1110.0
1070.0
1060.0
1130.0
1125.0
1085.0
1145.0
1075.0
1035.0
995.0
1015.0
1070.0
1065.0
1020.0
1040.0
1070.0
1070.0
980.0
980.0
995.0
945.0
935.0
960.0
950.0
950.0
950.0
985.0
1070.0
965.0
1060.0
1050.0
1045.0
1050.0
1040.0
1040.0
1050.0
1045.0
1135.0
1140.0
1150.0
1145.0
1200.0
1195.0
1190.0
1185.0
1185.0
1200.0
1260.0
1250.0
1270.0
1260.0
1270.0
1215.0
1220.0
1200.0
1150.0
1185.0
1165.0
1160.0
1155.0
1150.0
1110.0
1175.0
1205.0
1200.0
1200.0
1200.0
1190.0
1220.0
1210.0
1200.0
1200.0
1235.0
1210.0
1260.0
1320.0
1350.0
1270.0
1275.0
1280.0
1235.0
1210.0
1220.0
1210.0
1230.0
1250.0
1245.0
1215.0
1215.0
1215.0
1215.0
1240.0
1215.0
1215.0
1185.0
1220.0
1225.0
1205.0
1195.0
1220.0
1210.0
1200.0
1190.0
1185.0
1265.0
1240.0
1240.0
1240.0
1250.0
1230.0
1185.0
1215.0
1240.0
1290.0
1275.0
1300.0
1300.0
1300.0
1200.0
1195.0
1170.0
1160.0
1175.0
1180.0
1195.0
1200.0
1200.0
1205.0
1195.0
1195.0
1200.0
1210.0
1195.0
1240.0
1210.0
1210.0
1285.0
1200.0
1225.0
1200.0
1240.0
1230.0
1200.0
1230.0
1260.0
1240.0
1215.0
1290.0
1305.0
1280.0
1275.0
1275.0
1315.0
1290.0
1310.0
1340.0
1335.0
1330.0
1340.0
1325.0
1350.0
1350.0
1370.0
1385.0
1380.0
1400.0
1410.0
1405.0
1390.0
1415.0
1430.0
1440.0
1400.0
1440.0
1450.0
1430.0
1430.0
1450.0
1440.0
1415.0
1435.0
1400.0
1400.0
1415.0
1400.0
1390.0
1350.0
1345.0
1335.0
1365.0
1340.0
1340.0
1360.0
1325.0
1375.0
1340.0
1325.0
1330.0
1345.0
1315.0
1330.0
1330.0
1320.0
1305.0
1325.0
1340.0
1320.0
1325.0
1335.0
1315.0
1305.0
1300.0
1300.0
1305.0
1325.0
1325.0
1305.0
1310.0
1300.0
1290.0
1300.0
1300.0
1300.0
1300.0
1250.0
1285.0
1280.0
1265.0
1260.0
1250.0
1230.0
1225.0
1220.0
1225.0
1225.0
1235.0
1250.0
1250.0
1275.0
1300.0
1295.0
1285.0
1250.0
1270.0
1265.0
1280.0
1260.0
1290.0
1290.0
1295.0
1270.0
1260.0
1255.0
1250.0
1245.0
1250.0
1300.0
1295.0
1290.0
1320.0
1320.0
1340.0
1305.0
1315.0
1325.0
1345.0
1335.0
1350.0
1350.0
1350.0
1335.0
1330.0
1345.0
1335.0
1335.0
1315.0
1300.0
1315.0
1315.0
1310.0
1295.0
1310.0
1285.0
1290.0
1310.0
1305.0
1300.0
1300.0
1300.0
1275.0
1300.0
1300.0
1300.0
1310.0
1315.0
1300.0
1300.0
1295.0
1285.0
1295.0
1315.0
1300.0
1245.0
1250.0
1225.0
1230.0
1230.0
1240.0
1250.0
1250.0
1245.0
1230.0
1250.0
1225.0
1145.0
1140.0
1140.0
1165.0
1180.0
1190.0
1175.0
1150.0
1155.0
1185.0
1140.0
1130.0
1115.0
1110.0
1140.0
1130.0
1255.0
1185.0
1160.0
1185.0
1160.0
1160.0
1145.0
1150.0
1150.0
1190.0
1190.0
1150.0
1120.0
1160.0
1130.0
1130.0
1185.0
1140.0
1150.0
1180.0
1175.0
1090.0
1080.0
1100.0
1180.0
1175.0
1170.0
1140.0
1160.0
1135.0
1120.0
1090.0
1065.0
1040.0
1015.0
1025.0
1040.0
1025.0
1030.0
1035.0
1020.0
1030.0
1040.0
1045.0
1030.0
1035.0
1000.0
1050.0
1050.0
1045.0
1050.0
1060.0
1060.0
1050.0
1055.0
1075.0
1050.0
1040.0
1025.0
1020.0
1035.0
1035.0
1035.0
1015.0
1035.0
1010.0
1025.0
1025.0
1125.0
1055.0
1060.0
1030.0
1020.0
1060.0
1085.0
1080.0
1050.0
1060.0
1090.0
1090.0
1090.0
1100.0
1055.0
1050.0
1060.0
1050.0
1050.0
1060.0
1050.0
1050.0
1070.0
1065.0
1055.0
1030.0
1045.0
1050.0
1040.0
1030.0
1020.0
980.0
985.0
965.0
955.0
990.0
1020.0
970.0
940.0
935.0
920.0
910.0
910.0
905.0
895.0
900.0
910.0
915.0
900.0
890.0
885.0
885.0
890.0
900.0
895.0
900.0
895.0
905.0
870.0
880.0
880.0
865.0
875.0
865.0
860.0
840.0
855.0
865.0
850.0
845.0
850.0
855.0
835.0
835.0
825.0
830.0
820.0
835.0
830.0
830.0
840.0
835.0
855.0
845.0
835.0
835.0
845.0
840.0
845.0
840.0
835.0
840.0
845.0
860.0
860.0
860.0
850.0
860.0
890.0
910.0
890.0
890.0
880.0
890.0
880.0
875.0
885.0
875.0
875.0
870.0
880.0
870.0
865.0
845.0
855.0
845.0
845.0
840.0
850.0
835.0
835.0
835.0
810.0
845.0
850.0
850.0
840.0
840.0
840.0
840.0
830.0
825.0
825.0
815.0
815.0
810.0
815.0
810.0
815.0
820.0
815.0
810.0
805.0
810.0
810.0
810.0
805.0
790.0
800.0
795.0
790.0
795.0
775.0
785.0
775.0
775.0
780.0
770.0
775.0
760.0
760.0
725.0
755.0
780.0
760.0
775.0
765.0
780.0
800.0
800.0
795.0
790.0
800.0
840.0
865.0
850.0
880.0
850.0
850.0
850.0
850.0
860.0
875.0
860.0
880.0
860.0
810.0
810.0
820.0
845.0
850.0
895.0
860.0
890.0
850.0
800.0
820.0
790.0
820.0
810.0
800.0
805.0
815.0
805.0
800.0
810.0
805.0
815.0
800.0
820.0
820.0
850.0
855.0
865.0
855.0
845.0
830.0
850.0
860.0
855.0
840.0
850.0
845.0
855.0
850.0
850.0
825.0
835.0
845.0
830.0
835.0
840.0
840.0
835.0
825.0
830.0
835.0
830.0
835.0
845.0
850.0
835.0
850.0
855.0
830.0
850.0
855.0
850.0
850.0
850.0
850.0
850.0
860.0
860.0
850.0
850.0
865.0
855.0
850.0
855.0
855.0
860.0
855.0
860.0
850.0
860.0
865.0
865.0
890.0
910.0
905.0
885.0
890.0
895.0
885.0
880.0
880.0
880.0
895.0
885.0
890.0
885.0
885.0
880.0
885.0
900.0
895.0
900.0
900.0
920.0
950.0
950.0
935.0
950.0
960.0
940.0
925.0
890.0
860.0
915.0
900.0
880.0
860.0
850.0
860.0
865.0
880.0
868.0
876.0
870.0
876.0
870.0
864.0
864.0
870.0
860.0
856.0
858.0
866.0
870.0
860.0
864.0
866.0
862.0
864.0
868.0
868.0
864.0
862.0
860.0
860.0
860.0
860.0
860.0
860.0
860.0
856.0
864.0
862.0
858.0
856.0
854.0
866.0
886.0
876.0
910.0
900.0
890.0
888.0
890.0
878.0
874.0
874.0
874.0
878.0
880.0
874.0
872.0
850.0
850.0
850.0
860.0
858.0
858.0
862.0
864.0
880.0
872.0
869.0
870.0
870.0
871.0
869.0
868.0
870.0
865.0
867.0
860.0
865.0
864.0
875.0
870.0
867.0
867.0
866.0
863.0
881.0
863.0
900.0
900.0
885.0
875.0
882.0
887.0
885.0
888.0
884.0
887.0
876.0
877.0
879.0
873.0
877.0
862.0
863.0
879.0
868.0
871.0
870.0
874.0
873.0
865.0
863.0
868.0
871.0
865.0
867.0
865.0
855.0
856.0
859.0
854.0
860.0
860.0
857.0
858.0
858.0
870.0
868.0
869.0
870.0
866.0
865.0
858.0
857.0
854.0
859.0
863.0
864.0
865.0
859.0
857.0
850.0
859.0
860.0
861.0
855.0
856.0
860.0
863.0
866.0
855.0
857.0
857.0
855.0
853.0
855.0
856.0
861.0
857.0
855.0
858.0
861.0
862.0
865.0
862.0
863.0
880.0
874.0
870.0
865.0
875.0
877.0
889.0
895.0
893.0
891.0
879.0
876.0
888.0
888.0
882.0
874.0
869.0
870.0
875.0
871.0
873.0
880.0
871.0
889.0
875.0
878.0
875.0
870.0
878.0
871.0
878.0
873.0
936.0
925.0
953.0
926.0
903.0
919.0
891.0
911.0
891.0
898.0
869.0
888.0
873.0
871.0
860.0
863.0
866.0
865.0
877.0
859.0
859.0
864.0
864.0
861.0
863.0
862.0
860.0
859.0
860.0
852.0
852.0
855.0
853.0
858.0
855.0
860.0
856.0
857.0
850.0
851.0
855.0
850.0
853.0
850.0
852.0
850.0
853.0
852.0
852.0
852.0
854.0
853.0
853.0
854.0
863.0
861.0
855.0
857.0
854.0
852.0
852.0
853.0
851.0
849.0
848.0
850.0
847.0
841.0
834.0
832.0
810.0
813.0
815.0
809.0
806.0
796.0
799.0
800.0
795.0
799.0
788.0
797.0
795.0
789.0
777.0
765.0
755.0
760.0
756.0
759.0
748.0
761.0
766.0
754.0
750.0
758.0
751.0
754.0
753.0
751.0
750.0
774.0
805.0
806.0
793.0
783.0
790.0
795.0
806.0
805.0
801.0
793.0
785.0
773.0
776.0
775.0
775.0
776.0
772.0
785.0
792.0
783.0
780.0
786.0
783.0
783.0
787.0
788.0
794.0
794.0
832.0
819.0
820.0
828.0
833.0
834.0
835.0
822.0
816.0
767.0
768.0
772.0
780.0
775.0
811.0
800.0
812.0
785.0
795.0
785.0
787.0
763.0
770.0
772.0
779.0
790.0
800.0
798.0
797.0
811.0
814.0
808.0
805.0
810.0
805.0
807.0
811.0
826.0
827.0
825.0
840.0
826.0
830.0
825.0
825.0
828.0
825.0
828.0
828.0
827.0
828.0
827.0
827.0
857.0
844.0
855.0
836.0
832.0
833.0
838.0
836.0
834.0
834.0
829.0
828.0
828.0
828.0
830.0
830.0
828.0
829.0
829.0
830.0
827.0
829.0
827.0
829.0
830.0
832.0
827.0
830.0
829.0
828.0
828.0
829.0
828.0
831.0
829.0
823.0
823.0
823.0
823.0
825.0
824.0
823.0
830.0
827.0
830.0
837.0
834.0
823.0
831.0
834.0
828.0
828.0
840.0
844.0
880.0
885.0
1238.0
1217.0
1176.0
1128.0
1191.0
1195.0
1184.0
1200.0
1192.0
1184.0
1187.0
1079.0
1088.0
1079.0
1096.0
1195.0
1202.0
1170.0
1171.0
1162.0
1164.0
1135.0
1162.0
1141.0
1160.0
1160.0
1143.0
1111.0
1110.0
1100.0
1119.0
1107.0
1120.0
1115.0
1090.0
1098.0
1097.0
1105.0
1092.0
1091.0
1070.0
1079.0
1054.0
1041.0
1035.0
1038.0
1033.0
1020.0
1011.0
1009.0
982.0
970.0
966.0
948.0
1010.0
1010.0
992.0
989.0
956.0
969.0
972.0
984.0
984.0
981.0
978.0
984.0
971.0
933.0
940.0
929.0
936.0
949.0
996.0
991.0
969.0
970.0
969.0
981.0
993.0
996.0
990.0
990.0
989.0
993.0
978.0
979.0
968.0
971.0
975.0
975.0
990.0
965.0
951.0
960.0
963.0
953.0
947.0
950.0
944.0
938.0
936.0
943.0
951.0
959.0
973.0
1000.0
997.0
989.0
979.0
995.0
985.0
975.0
1013.0
1003.0
996.0
995.0
1000.0
995.0
991.0
988.0
977.0
992.0
985.0
989.0
1140.0
1058.0
1096.0
1088.0
1020.0
1024.0
1034.0
1048.0
1052.0
1059.0
1040.0
1043.0
1043.0
1071.0
1065.0
1065.0
1066.0
1070.0
1061.0
1056.0
1048.0
1052.0
1059.0
1065.0
1034.0
1036.0
1028.0
1037.0
1027.0
1045.0
1039.0
1028.0
1036.0
1034.0
1043.0
1031.0
1036.0
1038.0
1021.0
1028.0
1039.0
1035.0
1035.0
1028.0
1021.0
1029.0
1031.0
1019.0
1020.0
1033.0
1034.0
1067.0
1094.0
1132.0
1117.0
1117.0
1097.0
1125.0
1110.0
1110.0
1113.0
1111.0
1121.0
1120.0
1178.0
1338.0
1306.0
1334.0
1306.0
1307.0
1315.0
1328.0
1323.0
1350.0
1338.0
1321.0
1323.0
1306.0
1288.0
1271.0
1229.0
1264.0
1240.0
1240.0
1203.0
1194.0
1198.0
1225.0
1195.0
1199.0
1194.0
1192.0
1220.0
1222.0
1339.0
1314.0
1299.0
1271.0
1272.0
1285.0
1282.0
1274.0
1300.0
1272.0
1256.0
1265.0
1263.0
1241.0
1232.0
1230.0
1202.0
1152.0
1220.0
1217.0
1138.0
1160.0
1154.0
1170.0
1144.0
1152.0
1125.0
1109.0
1117.0
1087.0
1083.0
1020.0
1150.0
1092.0
1091.0
1090.0
1080.0
1085.0
1080.0
1104.0
1086.0
1085.0
1076.0
1100.0
1109.0
1092.0
1082.0
1081.0
1084.0
1086.0
1100.0
1090.0
1108.0
1163.0
1178.0
1173.0
1230.0
1199.0
1202.0
1180.0
1160.0
1168.0
1161.0
1167.0
1175.0
1196.0
1236.0
1225.0
1265.0
1249.0
1264.0
1250.0
1249.0
1234.0
1212.0
1223.0
1199.0
1233.0
1235.0
1217.0
1225.0
1195.0
1199.0
1197.0
1196.0
1186.0
1199.0
1195.0
1185.0
1198.0
1212.0
1195.0
1195.0
1219.0
1220.0
1228.0
1237.0
1224.0
1232.0
1245.0
1254.0
1223.0
1236.0
1225.0
1244.0
1229.0
1257.0
1223.0
1219.0
1240.0
1212.0
1224.0
1240.0
1287.0
1285.0
1261.0
1259.0
1247.0
1236.0
1222.0
1199.0
1175.0
1165.0
1169.0
1158.0
1174.0
1179.0
1170.0
1156.0
1162.0
1152.0
1158.0
1139.0
1105.0
1125.0
1091.0
1076.0
1097.0
1118.0
1140.0
1118.0
1128.0
1105.0
1099.0
1099.0
1085.0
1115.0
1090.0
1080.0
1100.0
1109.0
1113.0
1126.0
1131.0
1130.0
1119.0
1115.0
1097.0
1091.0
1025.0
1062.0
1069.0
1070.0
1024.0
1047.0
1057.0
1045.0
1049.0
1055.0
1056.0
1050.0
1033.0
1050.0
1048.0
1058.0
1106.0
1137.0
1101.0
1114.0
1127.0
1135.0
1155.0
1156.0
1054.0
1008.0
800.0
899.0
900.0
998.0
979.0
1004.0
1000.0
1009.0
960.0
927.0
940.0
939.0
990.0
1001.0
1001.0
970.0
957.0
1035.0
1039.0
1009.0
988.0
982.0
964.0
960.0
987.0
964.0
990.0
966.0
959.0
938.0
951.0
922.0
922.0
936.0
946.0
940.0
933.0
935.0
930.0
919.0
921.0
922.0
918.0
919.0
905.0
892.0
862.0
860.0
850.0
857.0
870.0
862.0
860.0
851.0
853.0
859.0
866.0
868.0
873.0
862.0
866.0
868.0
862.0
835.0
847.0
830.0
