close
25.6
26.0
26.0
24.0
22.1
26.0
27.0
28.0
26.0
27.0
28.0
28.0
28.0
25.0
25.0
25.0
27.0
27.0
27.0
25.0
27.0
29.2
26.3
21.3
26.0
33.0
25.0
27.0
27.0
28.0
34.0
39.0
37.9
25.4
26.2
24.2
30.0
26.0
31.6
27.1
26.0
26.0
26.0
26.1
26.0
28.3
31.0
29.0
32.6
25.9
31.4
26.9
34.8
27.4
26.8
30.8
28.5
28.1
28.1
30.0
28.1
28.1
28.9
31.8
28.7
30.0
28.8
33.9
28.9
33.2
28.3
28.6
28.6
26.2
29.1
33.0
30.9
30.1
33.4
32.0
29.6
30.1
29.6
34.0
29.0
30.2
26.4
26.7
28.1
29.0
33.8
28.5
28.5
26.9
27.0
38.5
27.7
25.3
32.9
37.8
32.8
34.3
34.3
27.2
31.5
27.3
28.0
29.9
28.0
27.0
26.6
31.0
32.8
31.9
33.0
31.9
32.9
29.2
29.0
29.0
33.9
26.0
32.5
37.0
29.0
29.0
31.5
33.0
31.5
28.2
29.4
29.0
30.9
30.9
28.9
27.0
28.0
29.9
26.2
31.5
31.4
31.6
27.8
33.5
34.0
38.8
39.7
30.4
32.0
33.9
33.9
33.9
35.0
31.5
31.0
32.0
31.0
35.0
39.8
37.8
37.5
31.5
33.9
37.0
45.5
33.7
33.0
34.0
32.0
39.9
42.0
42.2
40.0
34.4
33.8
33.5
32.0
34.4
37.0
36.8
36.0
32.5
31.1
37.0
43.3
44.9
38.9
37.0
31.0
38.4
38.9
33.2
37.7
37.9
33.1
34.7
34.7
30.2
31.5
31.5
34.0
37.4
37.0
37.0
33.5
37.0
33.0
34.0
37.0
33.0
33.0
35.0
30.0
30.6
30.1
30.1
32.1
31.0
31.0
30.0
30.0
30.1
30.0
29.0
35.0
30.5
35.0
30.0
25.0
25.0
29.0
25.6
27.0
31.0
31.0
29.0
33.0
27.0
27.0
29.4
27.0
28.5
26.0
25.5
24.7
26.8
24.5
24.5
24.0
23.5
25.0
26.0
23.0
25.0
26.0
25.0
24.0
22.5
26.0
24.0
23.0
23.0
21.0
23.5
22.0
23.5
24.0
24.0
23.0
24.5
24.0
24.5
24.5
24.0
24.0
23.0
32.0
36.0
34.0
30.0
41.5
38.0
34.0
34.0
36.5
35.0
39.0
39.0
35.5
36.0
35.5
35.0
34.5
35.5
35.5
36.0
37.0
35.0
34.5
34.5
34.0
34.0
34.0
34.0
33.5
32.5
33.0
31.5
31.5
30.0
30.5
31.0
30.5
29.0
30.0
28.5
29.5
29.0
29.0
28.6
32.0
31.6
31.0
30.4
29.2
28.0
28.2
28.0
29.4
28.0
28.2
29.0
30.0
29.2
29.0
28.4
28.4
28.0
28.4
28.2
29.0
27.2
27.6
27.2
27.8
27.0
28.0
27.2
27.6
27.8
27.2
26.8
27.2
27.4
26.6
26.0
26.2
27.8
26.6
27.0
27.0
27.0
27.0
27.0
26.8
26.4
27.8
28.4
27.6
27.4
27.4
28.2
27.8
27.6
27.4
27.6
26.8
27.0
27.2
27.0
27.6
27.0
26.8
26.8
27.4
27.4
27.0
28.0
28.4
27.8
28.4
28.0
28.4
28.0
28.8
28.8
29.8
29.8
28.0
28.2
28.2
28.2
28.0
27.6
27.8
27.6
26.8
26.8
27.0
27.0
27.0
27.6
27.2
27.4
28.0
28.0
28.2
28.4
29.2
29.2
31.0
28.4
29.6
30.0
30.4
30.2
30.0
30.0
30.0
31.0
31.0
31.0
30.0
33.4
33.0
34.2
33.6
33.4
33.0
31.6
31.8
32.6
31.2
35.2
38.0
38.0
37.6
37.0
38.0
37.8
36.2
36.4
36.8
37.6
37.4
36.4
36.4
35.8
35.6
35.2
35.4
34.8
35.2
34.6
34.4
38.0
36.2
36.0
36.6
36.0
35.8
37.0
36.2
36.6
36.0
36.0
35.4
35.0
32.2
32.2
33.0
32.0
30.0
29.0
29.0
27.0
27.0
27.4
30.8
30.8
29.4
29.4
29.4
29.8
30.0
30.0
30.0
29.6
30.8
30.2
31.4
32.0
31.0
30.4
28.6
29.4
31.0
30.0
28.6
35.8
36.6
35.6
35.4
34.2
34.0
32.4
32.2
33.8
33.4
33.8
34.6
34.0
32.2
32.2
31.8
31.8
32.0
31.6
31.8
31.8
34.0
34.8
34.8
34.2
33.2
34.8
34.2
35.8
34.6
34.4
34.4
35.0
36.0
36.0
36.4
36.2
35.0
35.2
34.0
34.0
33.8
33.8
34.2
34.4
34.6
34.4
34.4
34.6
34.4
34.6
35.4
35.4
34.8
35.0
35.0
35.0
34.4
34.6
35.2
35.4
35.2
49.2
44.0
43.0
53.6
46.6
54.0
51.0
55.2
56.8
55.2
53.4
51.4
64.6
57.6
56.2
58.2
57.0
63.0
61.4
60.0
58.8
58.4
58.4
55.6
55.0
53.2
54.0
53.0
52.2
52.8
52.2
53.8
53.8
51.8
52.2
52.2
52.4
52.4
53.0
52.8
52.0
52.0
51.6
50.8
50.2
53.4
53.6
52.2
52.0
51.8
52.6
52.6
51.8
51.2
53.2
52.0
52.4
51.8
52.0
52.6
52.4
52.0
52.0
50.4
52.2
52.4
52.0
51.8
52.0
51.8
52.2
54.6
53.4
53.2
52.8
53.0
53.0
52.8
52.0
52.8
52.8
52.8
53.0
52.8
52.6
52.4
52.0
51.2
51.0
51.2
51.4
51.2
52.4
52.6
52.2
52.0
51.0
52.6
51.2
50.8
51.0
52.6
52.0
51.0
53.0
52.8
51.4
51.4
51.8
51.4
54.2
54.0
52.2
53.6
53.8
53.8
53.8
53.0
53.2
52.8
52.0
51.6
51.6
52.8
52.4
51.8
52.6
52.6
51.2
51.8
51.6
52.4
52.4
52.4
52.2
51.8
51.8
50.6
49.2
49.6
48.2
47.2
47.6
47.8
48.2
48.0
48.0
46.6
47.8
47.8
47.4
47.4
47.0
46.6
46.6
45.8
45.6
44.8
44.0
43.8
43.2
42.6
43.2
42.8
43.4
42.2
42.4
42.8
42.4
43.4
42.8
42.6
43.6
43.8
43.0
43.4
42.6
42.6
43.2
42.8
42.8
43.6
43.6
43.4
43.2
43.0
42.6
43.4
43.6
43.6
43.0
43.2
43.0
43.2
43.2
43.2
43.2
43.0
43.0
43.0
42.6
42.8
42.8
43.0
42.6
43.0
42.8
42.8
42.6
43.0
43.0
43.2
42.8
42.6
43.0
43.0
43.4
43.4
43.0
43.0
43.2
42.8
42.8
43.0
43.0
42.4
42.2
42.4
42.4
43.0
42.4
42.8
42.6
42.6
42.8
42.4
42.2
42.2
42.2
41.8
41.6
41.8
41.8
42.2
42.0
42.4
43.2
43.2
43.6
43.4
44.0
43.8
44.0
42.8
43.4
43.6
43.4
43.0
42.8
42.4
43.2
43.8
42.6
42.6
42.0
42.4
42.4
43.8
43.8
43.8
43.2
43.4
42.2
42.6
42.6
40.8
40.0
40.4
41.0
41.0
41.0
40.0
40.2
40.6
40.0
39.8
40.4
40.4
40.2
40.8
39.8
40.0
39.6
39.6
39.0
39.2
39.2
39.4
39.0
39.6
39.8
40.4
39.6
39.6
39.8
37.2
37.2
37.0
51.6
41.8
48.2
45.0
43.2
44.0
41.8
41.8
43.8
48.0
46.0
48.6
48.2
47.2
46.2
60.0
52.6
52.4
50.4
53.6
52.6
52.6
54.0
53.2
51.6
50.4
50.4
53.2
52.2
52.0
50.6
51.2
51.0
52.0
52.0
51.6
53.8
52.4
52.4
53.4
52.4
52.0
50.6
49.0
48.2
49.2
49.4
58.0
53.4
56.8
58.2
57.0
57.2
57.8
56.6
56.6
58.2
64.2
69.8
76.0
72.4
62.2
66.8
76.4
75.8
72.8
75.6
74.2
73.8
71.8
74.2
71.8
71.0
69.6
67.0
63.6
64.4
64.4
61.6
60.4
61.2
60.6
59.2
57.2
53.8
47.0
46.0
34.8
39.0
36.0
39.0
45.6
45.6
46.8
44.8
43.4
43.6
43.8
45.2
45.0
44.6
44.8
40.0
38.0
38.0
39.0
39.8
39.8
40.0
38.4
39.4
40.0
39.8
39.8
38.4
38.4
38.8
38.0
38.4
38.6
38.6
38.6
38.6
38.4
38.2
37.0
37.6
37.4
36.6
37.0
36.2
35.8
35.8
35.8
34.6
33.8
33.6
33.6
33.0
33.4
33.8
34.0
34.2
34.6
36.2
37.6
38.0
39.8
45.4
42.6
39.6
38.4
36.2
