close
0.01626
0.01581
0.01599
0.01477
0.0142
0.01451
0.01492
0.01488
0.015
0.01493
0.0149
0.015
0.015
0.0154
0.0154
0.01539
0.01521
0.01597
0.01605
0.01589
0.01596
0.0161
0.01596
0.01526
0.0153
0.01514
0.01501
0.01508
0.01496
0.014
0.01414
0.01346
0.01374
0.01359
0.01358
0.01385
0.01374
0.01348
0.01345
0.01331
0.01329
0.01348
0.01302
0.01355
0.01308
0.01325
0.01344
0.01344
0.01333
0.01332
0.01319
0.0137
0.01348
0.01345
0.0135
0.0135
0.01314
0.01299
0.01274
0.01286
0.01306
0.01331
0.01287
0.01291
0.01305
0.01308
0.01297
0.01291
0.01245
0.01249
0.0123
0.01229
0.01239
0.0125
0.01223
0.01226
0.01212
0.01206
0.01197
0.01198
0.01198
0.01166
0.0119
0.0119
0.01189
0.01196
0.01194
0.01194
0.01277
0.0133
0.01321
0.01262
0.01319
0.01279
0.0137
0.01327
0.01265
0.01245
0.01264
0.01262
0.01296
0.01294
0.0132
0.01301
0.013
0.01285
0.01314
0.01277
0.01293
0.01304
0.01304
0.01285
0.01277
0.01271
0.01248
0.01264
0.01278
0.01274
0.01251
0.01389
0.01562
0.01959
0.02741
0.03225
0.044
0.05
0.04862
0.04351
0.04855
0.05206
0.05655
0.05789
0.05799
0.05598
0.05745
0.05701
0.0579
0.05999
0.06396
0.06699
0.06002
0.0647
0.06684
0.06799
0.07398
0.07684
0.07401
0.0729
0.07097
0.0679
0.06352
0.05965
0.051
0.07
0.07975
0.083
0.08279
0.08
0.08097
0.07999
0.079
0.08085
0.079
0.07898
0.07687
0.07598
0.06664
0.05699
0.05237
0.05536
0.05687
0.05555
0.0556
0.0538
0.05545
0.05601
0.0563
0.05802
0.06189
0.062
0.0632
0.0665
0.07448
0.07999
0.082
0.08998
0.08348
0.081
0.0928
0.1
0.1
0.096
0.11244
0.11559
0.11
0.10018
0.11055
0.11259
0.10988
0.08902
0.09677
0.09151
0.0941
0.1048
0.10004
0.103
0.10728
0.11231
0.12489
0.12405
0.11496
0.11
0.10568
0.09606
0.0947
0.10145
0.1051
0.10895
0.10729
0.108
0.108
0.1125
0.11697
0.1191
0.11798
0.1197
0.1166
0.1191
0.117
0.1194
0.1199
0.119
0.1197
0.12
0.117
0.1177
0.1181
0.119
0.1175
0.108
0.118
0.1199
0.1205
0.119
0.093
0.11
0.1199
0.124
0.1302
0.1286
0.1403
0.1416
0.1509
0.1648
0.1773
0.1885
0.1764
0.1834
0.187
0.191
0.191
0.1953
0.1999
0.1995
0.1976
0.1815
0.1993
0.2061
0.2135
0.2201
0.2218
0.2224
0.2244
0.2285
0.2245
0.2348
0.238
0.2368
0.2459
0.2428
0.2468
0.2498
0.2508
0.2538
0.2492
0.2509
0.2532
0.254
0.2535
0.252
0.252
0.2525
0.254
0.251
0.254
0.252
0.2685
0.285
0.2945
0.3095
0.316
0.318
0.317
0.3125
0.317
0.318
0.3105
0.319
0.388
0.4275
0.449
0.4215
0.445
0.4605
0.4705
0.4795
0.483
0.5015
0.497
0.4845
0.5
0.4805
0.4185
0.335
0.309
0.4065
0.36
0.366
0.367
0.3745
0.3885
0.4145
0.4185
0.4
0.4095
0.4105
0.4175
0.41
0.417
0.411
0.41
0.44
0.442
0.441
0.461
0.4395
0.45
0.448
0.432
0.449
0.4495
0.45
0.454
0.457
0.442
0.45
0.45
0.447
0.45
0.45
0.442
0.442
0.435
0.435
0.445
0.43
0.416
0.432
0.426
0.407
0.409
0.4
0.401
0.406
0.396
0.401
0.405
0.397
0.405
0.393
0.395
0.402
0.402
0.406
0.41
0.403
0.407
0.416
0.41
0.41
0.41
0.403
0.408
0.421
0.421
0.497
0.5
0.49
0.5
0.495
0.498
0.49
0.426
0.461
0.427
0.432
0.434
0.427
0.424
0.42
0.41
0.418
0.41
0.405
0.41
0.41
0.4
0.408
0.394
0.404
0.401
0.399
0.391
0.381
0.388
0.37
0.375
0.4
0.401
0.399
0.387
0.37
0.377
0.372
0.37
0.367
0.362
0.362
0.335
0.327
0.306
0.308
0.309
0.314
0.33
0.329
0.331
0.33
0.333
0.334
0.339
0.317
0.315
0.32
0.319
0.322
0.32
0.309
0.333
0.366
0.395
0.432
0.37
0.394
0.398
0.399
0.399
0.397
0.4
0.4
0.4
0.385
0.379
0.38
0.372
0.375
0.37
0.382
0.382
0.415
0.407
0.416
0.4
0.4
0.407
0.385
0.39
0.379
0.383
0.371
0.38
0.366
0.367
0.363
0.361
0.361
0.364
0.374
0.39
0.394
0.402
0.405
0.4
0.403
0.397
0.372
0.375
0.378
0.375
0.36
0.364
0.365
0.385
0.385
0.397
0.39
0.386
0.385
0.382
0.381
0.384
0.38
0.387
0.388
0.38
0.381
0.396
0.4
0.431
0.433
0.433
0.443
0.451
0.455
0.451
0.468
0.472
0.475
0.475
0.472
0.477
0.5
0.5
0.498
0.494
0.492
0.487
0.488
0.5
0.51
0.558
0.775
0.85
0.942
0.982
0.974
1.135
1.21
1.198
1.251
1.247
1.296
1.3
1.35
1.48
1.65
1.7
1.449
1.68
1.77
1.865
1.97
1.99
1.816
1.926
1.829
1.949
1.781
1.828
1.85
1.885
1.885
1.815
1.898
1.84
1.687
1.57
1.426
1.624
1.685
1.729
1.7
1.7
1.7
1.65
1.948
2.07
1.95
1.91
1.9
1.831
1.723
1.737
1.751
1.685
1.545
1.377
1.435
1.399
1.76
1.81
1.82
1.84
1.795
1.77
1.685
1.616
1.55
1.659
1.636
1.679
1.72
1.749
1.699
1.65
1.609
1.595
1.575
1.55
1.533
1.54
1.65
1.63
1.63
1.544
1.5
1.53
1.499
1.463
1.472
1.45
1.475
1.417
1.55
1.62
1.7
1.7
1.7
1.7
1.678
1.65
1.629
1.62
1.62
1.494
1.445
1.548
1.53
1.525
1.53
1.522
1.542
1.52
1.49
1.437
1.36
1.32
1.3
1.2
1.045
1.155
1.09
1.23
1.165
1.21
1.19
1.13
1.105
1.08
0.855
0.87
0.845
0.725
0.705
0.74
0.745
0.75
0.74
0.645
0.585
0.63
0.655
0.665
0.645
0.645
0.56
0.675
0.54
0.365
0.42
0.405
0.245
0.255
0.25
0.255
0.24
0.25
0.345
0.39
0.465
0.28
0.285
0.335
0.33
0.31
0.315
0.305
0.29
0.29
0.28
0.28
0.28
0.275
0.285
0.315
0.3
0.265
0.265
0.255
0.255
0.275
0.27
0.27
0.26
0.205
0.205
0.185
0.195
0.25
0.22
0.23
0.235
0.22
0.215
0.21
0.2
0.2
0.2
0.2
0.195
0.215
0.2
0.21
0.235
0.22
0.21
0.22
0.225
0.22
0.225
0.22
0.22
0.22
0.225
0.225
0.22
0.225
0.23
0.235
0.24
0.28
0.315
0.285
0.3
0.285
0.285
0.275
0.25
0.25
0.245
0.22
0.22
0.22
0.21
0.21
0.225
0.26
0.24
0.24
0.259
0.256
0.266
0.263
0.254
0.242
0.246
0.24
0.242
0.243
0.245
0.241
0.239
0.237
0.185
0.184
0.179
0.19
0.197
0.2
0.202
0.199
0.159
0.144
0.087
0.093
0.092
0.09
0.09
0.106
0.106
0.102
0.106
0.107
0.105
0.102
0.103
0.103
0.102
0.117
0.118
0.115
0.114
0.112
0.107
0.107
0.108
0.113
0.115
0.115
0.112
0.114
0.114
0.114
0.112
0.116
0.116
0.114
0.113
0.112
0.112
0.109
0.112
0.112
0.111
0.109
0.11
0.108
0.1055
0.1045
0.1035
0.102
0.099
0.1055
0.101
0.098
0.097
0.0935
0.094
0.092
0.0935
0.0935
0.093
0.091
0.09
0.0855
0.084
0.084
0.084
0.0855
0.0855
0.086
0.087
0.087
0.0875
0.087
0.0915
0.092
0.1045
0.099
0.099
0.104
0.145
0.132
0.1175
0.1195
0.12
0.1275
0.1345
0.134
0.1345
0.165
0.1665
0.1565
0.1715
0.1745
0.1785
0.185
0.1865
0.1825
0.164
0.17
0.1735
0.1635
0.159
0.1585
0.153
0.1605
0.1595
0.157
0.1495
0.1505
0.1445
0.14
0.1355
0.143
0.146
0.141
0.137
0.1395
0.139
0.141
0.1355
0.134
0.127
0.127
0.1265
0.1235
0.126
0.1225
0.1205
0.1205
0.1215
0.121
0.133
0.1245
0.1275
0.1245
0.1225
0.125
0.1245
0.1225
0.117
0.116
0.1175
0.1155
0.1145
0.1135
0.1085
0.1085
0.1095
0.111
0.1005
0.101
0.0995
0.101
0.1065
0.1085
0.124
0.1165
0.1165
0.1155
0.117
0.112
0.1115
0.112
0.1125
0.1105
0.109
0.1075
0.108
0.111
0.109
0.1075
0.108
0.109
0.1135
0.112
0.1135
0.1125
0.1105
0.109
0.1085
0.1075
0.108
0.108
0.108
0.1075
0.1075
0.11
0.111
0.111
0.1095
0.1095
0.112
0.1095
0.11
0.1095
0.1095
0.111
0.11
0.111
0.1095
0.11
0.109
0.108
0.106
0.104
0.102
0.0965
0.097
0.095
0.095
0.094
0.0915
0.0925
0.092
0.1
0.0985
0.0965
0.0955
0.096
0.096
0.0955
0.1265
0.1255
0.119
0.1195
0.1115
0.1105
0.108
0.1065
0.1035
0.1
0.0955
0.0965
0.0965
0.0945
0.0915
0.091
0.088
0.089
0.087
0.086
0.086
0.0875
0.089
0.088
0.086
0.085
0.085
0.088
0.088
0.0895
0.087
0.086
0.0865
0.086
0.0855
0.085
0.084
0.082
0.0835
0.086
0.0865
0.088
0.092
0.088
0.099
0.0965
0.092
0.092
0.0925
0.091
0.125
0.169
0.136
0.121
0.131
0.1235
0.1245
0.1275
0.1295
0.1265
0.117
0.117
0.14
0.141
0.132
0.1385
0.133
0.1245
0.121
0.1315
0.1255
0.124
0.1285
0.1285
0.1295
0.127
0.12555
0.12485
0.1235
0.1223
0.121
0.1198
0.1189
0.1155
0.1121
0.11155
0.1119
0.109
0.1095
0.1088
0.10865
0.1081
0.1067
0.1061
0.1085
0.1092
0.11875
0.113
0.1153
0.1147
0.1173
0.1134
0.1121
0.1108
0.1148
0.1172
0.11995
0.1205
0.1212
0.11755
0.117
0.1165
0.11335
0.1159
0.1116
0.11275
0.11395
0.1141
0.11375
0.113
0.11495
0.11455
0.126
0.1283
0.1222
0.12045
0.1216
0.1195
0.12375
0.1207
0.12355
0.13145
0.1275
0.125
0.124
0.12435
0.12415
0.12465
0.12405
0.1245
0.12425
0.12325
0.1244
0.1237
0.1232
0.1306
0.12275
0.1227
0.1233
0.12
0.11985
0.1206
0.11965
0.1208
0.1198
0.12
0.12075
0.1218
0.122
0.1205
0.1199
0.1194
0.1193
0.1192
0.119
0.1187
0.1209
0.12115
0.1218
0.12135
0.12195
0.12045
0.1202
0.12045
0.11935
0.11905
0.1197
0.1194
0.119
0.11765
0.11805
0.1181
0.1179
0.11705
0.11685
0.11565
0.11505
0.1147
0.11515
0.1135
0.11495
0.11675
0.11765
0.11765
0.1159
0.115
0.1155
0.1154
0.1149
0.116
0.1149
0.1136
0.1131
0.1142
0.1128
0.1105
0.1097
0.1075
0.1067
0.1045
0.1054
0.1045
0.1038
0.1007
0.1017
0.0994
0.0985
0.099
0.0992
0.1013
0.101
0.1
0.0998
0.1013
0.1007
0.102
0.1062
0.1067
0.1056
0.1052
0.1135
0.113
0.113
0.1114
0.1109
0.1235
0.1269
0.1213
0.117
0.1228
0.12
0.1177
0.1178
0.1192
0.1192
0.1187
0.1208
0.1188
0.1187
0.1195
0.1189
0.1183
0.1177
0.1149
0.1062
0.1071
0.1075
0.1079
0.108
0.1131
0.1133
0.1126
0.1134
0.1106
0.1099
0.1129
0.1128
0.1114
0.1119
0.1098
0.1083
0.1063
0.1026
0.104
0.1035
0.106
0.1057
0.105
0.1037
0.1038
0.1056
0.1071
0.107
0.1081
0.1083
0.1087
0.1115
0.1105
0.1088
0.1084
0.1108
0.1098
0.107
0.1086
0.1083
0.1087
0.1097
0.1085
0.1077
0.107
0.1062
0.1078
0.1069
0.1061
0.1068
0.1077
0.1061
0.1055
0.1052
0.1057
0.1043
0.1048
0.1052
0.1039
0.1047
0.1058
0.107
0.1073
0.1075
0.1061
0.107
0.1072
0.108
0.1073
0.1068
0.1062
0.1073
0.1088
0.1084
0.1091
0.1082
0.1067
0.1069
0.106
0.105
0.1041
0.1048
0.1037
0.1052
0.1039
0.1045
0.1049
0.1041
0.1047
0.1043
0.1074
0.1069
0.106
0.1058
0.1053
0.1044
0.1053
0.105
0.1049
0.104
0.1038
0.1029
0.104
0.1037
0.1035
0.1037
0.1034
0.1033
0.1034
0.1031
0.1042
0.1039
0.1042
0.104
0.1044
0.1036
0.1054
0.1078
0.1084
0.1103
0.1089
0.1095
0.1076
0.1183
0.1194
0.1161
0.1189
0.1208
0.1224
0.113
0.1152
0.1161
0.1119
0.1106
0.1113
0.1109
0.1118
0.1128
0.1112
0.1102
0.1101
0.1104
0.11
0.1117
0.1128
0.1129
0.1128
0.1255
0.1197
0.115
0.1099
0.1051
0.1003
0.1019
0.1045
0.1048
0.1037
0.0997
0.0929
0.0915
0.0837
0.0852
0.0789
0.0777
0.072
0.0749
0.0826
0.0799
0.0872
0.0848
0.0842
0.0801
0.0808
0.0851
0.0847
0.0878
0.0882
0.1048
0.1001
0.0996
0.0983
0.0979
0.0976
0.0975
0.0911
0.0922
0.0926
0.0924
0.0902
0.0939
0.0964
0.0938
0.094
0.0954
0.0975
0.0964
0.0946
0.0976
0.0966
0.097
0.0962
0.0967
0.095
0.0949
0.0954
0.0957
0.0964
0.0962
0.0965
0.0959
0.0965
0.0969
0.0997
0.0983
0.0981
0.0967
0.0973
0.096
0.0949
0.0944
0.0951
0.0947
0.0949
0.0949
0.0941
0.0947
0.0938
0.0937
0.0934
0.0937
0.093
0.0925
0.0926
0.0918
0.0916
0.0909
0.0915
0.0912
0.0913
0.0915
0.0908
0.091
0.0906
0.0898
0.09
0.0899
0.0907
0.09
0.0901
0.0902
0.0901
0.0913
0.0906
0.0908
0.094
0.0917
0.0915
0.0909
0.0921
0.0937
0.0927
0.093
0.1301
0.1139
0.1151
0.1089
0.1055
0.1122
0.1151
0.1144
0.1095
0.107
0.1121
0.1101
0.1097
0.1078
0.1079
0.1083
0.1062
0.1057
