close
85.0
85.2
85.0
85.0
84.99
84.9
84.85
84.8
84.75
84.7
84.48
84.93
84.42
83.85
82.82
82.98
84.75
84.6
82.07
81.5
81.14
80.01
77.69
76.2
75.01
79.0
80.41
81.3
82.41
85.53
85.1
85.2
87.5
88.0
88.24
89.0
89.99
92.0
89.61
84.57
87.56
87.03
88.9
89.68
89.9
90.01
90.0
89.0
90.48
90.0
90.5
89.9
90.0
90.47
92.0
85.53
87.6
88.65
88.55
89.0
89.19
89.01
91.41
91.6
91.41
91.55
92.0
92.0
91.41
91.99
91.08
91.04
93.49
92.39
95.39
97.3
96.5
95.6
95.8
96.2
100.45
101.0
103.0
101.0
99.99
100.98
98.48
102.0
99.65
98.95
98.99
96.75
97.88
94.01
93.99
93.71
92.0
89.4
90.9
92.0
93.35
91.77
91.7
91.8
90.0
89.1
86.88
88.16
89.98
88.94
89.8
88.87
88.86
90.98
89.97
90.5
91.25
91.3
91.3
91.3
91.2
91.2
92.0
91.7
91.15
92.95
92.25
90.8
91.65
92.9
92.05
93.4
93.3
94.0
96.9
99.0
98.95
98.25
99.9
99.5
98.1
96.5
95.5
96.6
97.25
99.15
101.0
101.05
99.1
97.85
99.6
102.4
100.6
101.85
101.6
102.7
103.25
104.3
103.2
102.7
102.6
101.5
101.1
101.5
101.5
102.5
102.5
101.4
101.8
100.55
100.65
99.75
100.15
100.15
100.65
101.9
101.75
97.65
100.2
99.95
102.0
101.5
101.1
103.4
107.75
108.3
109.0
108.0
106.0
103.5
105.7
106.35
109.7
106.85
107.2
107.9
107.85
106.95
106.75
106.65
106.8
106.75
108.8
106.0
106.1
104.15
104.0
101.0
101.0
100.85
92.55
94.7
92.0
94.1
91.5
91.55
89.7
87.8
91.75
95.95
96.1
94.75
95.9
95.95
97.2
99.2
99.2
98.5
99.25
99.55
99.85
98.0
98.4
98.25
100.0
98.0
97.95
96.1
92.95
92.75
92.6
93.2
92.7
92.5
91.4
92.35
92.25
92.0
92.3
92.05
91.35
90.5
90.7
90.55
90.1
90.1
90.0
89.75
90.1
89.25
89.0
88.5
90.5
89.85
89.6
90.3
90.0
89.85
90.05
90.25
95.0
96.0
95.0
97.0
96.15
96.15
97.0
96.55
97.0
95.75
96.3
96.0
95.95
96.45
96.4
96.05
95.5
95.55
94.15
91.0
89.45
89.0
90.45
90.05
90.0
88.9
89.05
88.55
89.7
89.9
89.65
90.25
92.0
93.0
92.95
93.4
93.5
93.5
95.15
95.45
95.95
95.75
95.2
95.15
95.35
95.9
96.25
96.65
96.8
96.9
95.4
96.5
96.5
93.1
95.3
94.8
95.0
93.95
94.9
94.0
94.4
94.15
94.05
94.6
94.4
94.15
94.0
94.5
93.5
93.5
93.6
93.8
92.55
92.5
92.5
92.0
91.55
92.0
91.1
93.0
90.95
91.0
91.1
91.4
91.35
91.0
91.7
90.7
91.6
91.05
91.25
90.7
91.0
90.8
90.5
89.5
90.0
89.95
89.8
89.8
89.7
88.85
88.2
89.75
89.9
88.5
87.75
86.9
87.25
88.0
86.85
86.75
84.85
85.1
87.65
89.4
88.5
89.45
89.45
90.0
90.3
90.45
90.0
90.9
90.45
91.95
91.5
92.65
91.75
92.15
92.8
92.5
92.85
92.8
93.55
93.4
92.9
95.0
93.25
93.35
93.4
92.75
93.0
93.2
91.95
92.0
91.2
90.3
90.6
90.5
91.05
90.25
90.2
90.75
90.8
89.95
89.5
88.65
85.9
86.25
87.0
86.35
87.85
87.65
88.2
89.5
90.38
90.76
90.5
90.3
90.8
90.38
91.0
90.66
90.62
90.32
90.0
90.36
89.98
89.82
89.88
89.34
89.62
89.86
92.52
92.92
93.5
92.92
93.02
92.92
93.1
93.5
93.4
93.2
93.94
93.84
93.16
92.96
92.6
93.0
92.88
93.7
94.88
89.6
91.04
90.0
90.2
90.44
90.68
90.72
90.7
90.8
90.96
91.18
91.7
91.5
91.5
91.56
91.76
92.26
92.76
92.76
92.6
92.44
91.28
91.2
90.88
90.9
90.9
90.94
90.8
90.76
89.86
89.9
90.7
90.02
89.1
88.9
89.1
88.8
88.68
87.66
87.5
87.4
88.02
87.94
87.68
88.92
88.92
87.58
88.7
88.98
88.36
89.98
90.5
89.0
88.38
88.12
89.98
89.6
89.24
88.8
88.9
88.44
88.5
88.66
88.78
88.88
88.9
89.0
88.8
88.8
88.84
88.3
87.7
87.86
87.7
87.9
88.3
88.88
89.02
88.1
89.1
89.38
89.36
89.06
88.76
88.4
88.14
88.44
88.24
88.34
88.88
89.72
88.92
88.86
89.12
88.88
89.42
89.88
89.8
89.86
89.96
89.68
89.8
85.58
85.2
85.74
85.32
85.3
84.7
84.66
85.5
85.2
85.7
85.48
85.26
85.32
85.2
84.96
84.74
84.76
86.06
86.38
87.0
86.62
85.98
85.8
85.8
85.8
85.44
85.64
85.9
86.72
86.72
87.02
86.8
87.86
87.54
87.8
87.9
88.96
89.32
90.74
90.8
90.52
90.5
89.8
89.48
89.5
89.7
88.56
89.68
90.0
88.84
89.02
89.26
89.74
89.78
90.24
89.76
89.08
88.7
87.0
87.4
87.14
87.4
87.88
89.3
88.7
89.5
89.76
90.02
90.7
90.2
90.5
89.6
90.4
90.48
90.5
90.34
90.4
90.1
90.48
90.88
90.2
90.26
90.28
90.0
90.2
90.3
89.72
89.94
90.02
89.68
88.92
89.38
89.64
89.6
89.6
89.66
90.26
90.16
90.08
89.8
90.52
91.22
93.96
94.3
93.94
94.26
95.0
96.0
95.98
95.24
95.86
97.2
96.96
95.9
96.96
97.1
97.76
98.26
99.28
99.38
99.74
98.5
96.3
96.56
93.46
95.6
95.2
93.0
93.6
94.36
94.26
93.6
93.72
94.62
94.82
95.0
95.3
95.7
97.56
98.0
97.48
97.96
98.5
98.74
94.5
96.9
99.28
99.5
98.2
97.68
99.0
98.92
99.1
100.0
100.0
101.5
102.36
102.5
103.92
105.56
107.4
107.06
105.24
109.1
117.2
115.2
115.8
117.6
117.32
116.72
116.0
116.0
118.3
116.02
115.04
116.0
116.4
116.0
115.66
114.0
115.5
115.64
116.9
116.56
118.0
118.54
118.48
118.82
119.14
119.0
117.92
115.8
112.44
111.8
112.5
112.6
109.16
111.54
105.28
102.58
100.14
91.98
95.48
84.4
78.0
74.72
85.6
89.0
84.5
87.7
91.08
89.0
88.5
89.64
91.02
90.12
90.62
94.42
97.8
98.12
100.0
101.46
100.36
98.1
100.5
95.46
93.0
91.3
90.02
88.0
87.12
88.1
86.82
87.04
88.98
91.24
87.8
86.5
87.22
86.6
86.2
86.04
86.1
85.9
83.7
84.2
86.54
86.94
95.1
94.88
96.12
95.96
97.8
96.0
97.98
99.02
99.04
98.06
100.04
101.2
100.94
98.0
98.5
98.52
97.9
98.1
96.8
97.4
99.24
103.48
102.6
101.84
101.1
101.3
100.54
100.6
102.1
103.5
106.78
106.1
106.3
105.3
106.8
108.86
106.8
108.54
110.2
112.54
112.76
115.28
116.4
116.78
115.1
115.04
115.4
115.4
115.62
116.9
118.12
119.4
121.58
121.44
120.12
119.18
120.0
120.96
121.58
121.48
120.3
119.96
120.32
119.44
120.36
123.5
122.0
123.1
125.12
120.5
116.76
113.8
112.8
110.94
110.46
111.36
110.6
112.0
111.5
111.98
112.16
112.5
114.48
114.86
114.1
112.94
113.94
113.86
114.82
116.8
117.18
115.8
117.06
118.6
119.48
119.34
118.2
118.1
119.3
117.02
118.26
118.9
119.18
118.9
115.76
114.14
115.94
114.88
115.0
115.5
115.0
114.5
112.04
111.0
109.74
112.5
112.86
116.18
118.0
117.28
117.6
116.14
116.32
118.3
120.78
120.6
124.44
123.1
126.52
129.0
127.92
124.96
126.06
126.48
143.6
141.3
137.6
138.14
139.9
143.2
143.26
140.3
138.98
146.0
149.3
145.5
143.4
142.02
136.98
136.0
138.78
143.5
144.58
140.48
139.68
136.46
136.2
137.12
136.96
135.54
134.1
133.6
132.18
131.14
131.44
130.72
132.92
134.02
137.98
140.5
141.54
141.86
142.78
139.88
140.92
141.24
140.0
140.56
140.4
140.82
140.78
141.88
142.66
145.26
142.92
143.94
144.8
143.84
144.68
143.52
145.0
144.7
143.68
140.42
140.34
141.92
143.42
143.32
144.64
141.46
142.2
137.58
139.4
140.0
139.5
137.56
136.74
135.32
134.5
136.12
137.68
136.2
137.1
138.2
138.0
137.9
140.04
142.3
142.7
141.2
139.38
142.54
143.5
145.74
144.74
148.94
150.3
153.32
154.04
154.26
152.76
154.52
153.66
151.02
151.72
156.18
160.78
154.0
150.94
149.78
150.8
153.2
155.52
154.22
155.9
151.46
150.62
150.62
151.0
149.58
150.6
148.32
148.36
148.9
150.6
151.9
153.1
152.86
152.06
152.28
153.5
155.6
156.46
155.5
153.94
152.22
152.5
151.94
151.5
151.1
149.2
149.26
148.82
149.9
151.4
150.28
149.64
148.54
149.4
150.98
150.24
151.02
151.5
151.08
151.48
150.88
150.26
142.72
143.7
146.46
145.3
143.4
144.6
143.3
140.86
140.86
139.5
138.6
139.14
137.96
137.9
137.98
138.16
140.18
138.12
136.12
135.9
136.54
135.56
137.14
136.7
138.8
139.5
139.68
137.86
138.28
138.98
138.32
137.38
137.84
139.08
139.72
138.86
139.62
139.5
138.58
138.14
138.6
137.6
137.14
135.98
134.14
132.14
131.46
135.22
133.5
132.2
133.3
131.32
129.62
130.16
131.02
130.44
130.56
130.6
129.7
129.8
130.36
130.38
130.82
130.66
131.76
135.44
135.88
136.5
137.04
136.88
138.16
135.98
135.22
134.62
135.7
134.66
134.68
135.12
134.7
135.02
136.36
136.5
137.66
135.96
138.5
138.14
139.62
143.86
142.22
143.72
142.48
143.26
140.2
139.44
140.12
139.24
137.0
136.4
136.04
136.26
132.12
136.88
138.8
137.48
138.0
136.34
135.22
136.32
133.76
130.7
127.22
122.12
121.52
124.9
127.24
129.14
129.06
128.6
127.8
124.08
124.54
124.76
124.2
124.4
124.74
126.74
127.16
124.04
125.12
125.3
124.42
125.0
122.64
118.44
119.64
113.68
111.12
107.9
103.2
103.8
104.52
101.8
101.92
102.3
103.12
103.5
101.8
98.88
99.02
98.0
101.5
112.4
109.54
107.3
109.46
113.5
113.74
110.3
104.14
92.98
95.5
77.0
84.34
79.66
73.8
73.72
73.0
80.98
87.5
89.56
90.36
84.5
84.08
85.88
84.28
83.0
81.36
80.5
77.24
77.72
75.6
75.2
75.98
75.18
74.0
71.66
74.32
77.1
74.92
77.04
75.0
75.5
74.46
73.9
72.2
72.62
72.52
72.88
73.22
73.38
72.32
70.68
69.58
69.2
69.64
70.14
67.84
66.5
66.9
67.74
66.82
66.28
65.22
66.34
67.4
66.46
65.26
65.16
65.1
64.96
66.0
65.78
65.22
65.92
70.56
70.34
71.6
70.56
68.3
