close
0.8032
0.865
0.865
0.87
1.0
1.0
1.15
1.1501
1.2997
1.24
1.17
1.2
1.25
1.25
1.1989
1.1529
1.1505
0.979
1.09
1.0501
1.01
0.99
1.0
0.9701
0.9772
0.9701
0.825
0.83
0.8898
0.9
0.9002
1.0
0.9999
0.999
0.99
0.985
0.985
0.9831
0.985
0.999
0.9833
0.99
0.9999
0.98
0.99
0.95
0.93
0.9801
0.95
0.98
0.9006
0.975
0.9903
0.98
0.99
0.98
0.96
0.95
0.98
0.98
0.9999
0.9999
0.9998
0.97
0.97
0.96
0.9701
0.965
1.0
0.9779
0.987
1.0
0.9702
1.0
1.0
0.921
0.966
0.995
0.995
1.05
1.056
1.098
1.01
1.098
1.1
1.04
1.02
1.031
1.021
1.017
1.05
1.0
1.02
1.01
0.99
1.027
1.018
1.048
1.001
1.05
1.129
1.098
1.118
1.096
1.089
1.024
1.025
1.07
1.011
1.005
1.008
1.01
1.005
1.005
0.975
0.949
0.95
1.0
0.989
0.985
0.975
0.95
0.985
1.05
0.975
0.98
0.98
0.98
1.0
1.0
1.0
1.0
0.955
1.0
0.93
1.0
0.994
0.999
0.999
0.999
0.997
0.99
0.997
0.99
0.972
0.98
0.95
0.998
0.979
0.925
0.908
0.888
0.865
0.878
0.867
0.9
0.96
0.96
0.945
0.918
0.914
0.92
0.92
0.899
0.879
0.9
0.88
0.85
0.879
0.846
0.85
0.848
0.989
1.1
1.1
1.1
1.138
1.181
1.3
1.399
1.47
1.43
1.468
1.468
1.305
1.251
1.236
1.226
1.21
1.132
1.121
1.228
1.22
1.151
1.21
1.11
1.194
1.112
1.145
1.06
1.05
1.066
1.144
1.135
1.09
1.015
1.019
1.07
1.02
1.005
1.042
1.022
1.01
1.002
1.0
0.97
0.97
0.97
0.97
0.97
0.961
0.907
0.865
0.902
0.945
0.905
0.915
0.959
0.908
0.87
0.898
0.899
0.85
0.87
0.859
0.855
0.855
0.871
0.84
0.871
0.85
0.851
0.878
0.84
0.831
0.839
0.836
0.836
0.836
0.845
0.836
0.815
0.82
0.8
0.785
0.79
0.795
0.785
0.849
0.84
0.85
0.792
0.809
0.825
0.957
0.93
0.915
0.916
1.031
0.995
1.004
0.96
0.99
0.977
0.975
0.98
0.975
0.98
0.921
0.946
0.95
0.955
0.952
0.94
0.955
0.96
0.96
0.96
1.003
0.996
0.978
0.95
0.942
0.943
0.954
0.931
0.931
0.936
0.91
0.891
0.89
0.887
0.888
0.878
0.85
0.841
0.851
0.871
0.875
0.844
0.855
0.922
0.889
0.89
0.872
0.888
0.883
0.89
0.875
0.885
0.858
0.846
0.843
0.85
0.849
0.85
0.838
0.832
0.843
0.831
0.81
0.806
0.809
0.827
0.84
0.849
0.818
0.79
0.795
0.75
0.735
0.72
0.705
0.7
0.718
0.7
0.714
0.701
0.72
0.739
0.739
0.714
0.713
0.712
0.715
0.695
0.697
0.691
0.69
0.69
0.71
0.71
0.701
0.702
0.725
0.689
0.694
0.678
0.688
0.685
0.65
0.65
0.666
0.672
0.668
0.645
0.644
0.665
0.65
0.694
0.744
0.753
0.732
0.729
0.735
0.68
0.683
0.678
0.666
0.657
0.645
0.65
0.65
0.663
0.668
0.642
0.654
0.66
0.663
0.662
0.659
0.659
0.667
0.677
0.657
0.658
0.659
0.665
0.66
0.655
0.66
0.66
0.671
0.674
0.659
0.669
0.66
0.66
0.66
0.668
0.66
0.659
0.67
0.662
0.695
0.679
0.675
0.679
0.671
0.668
0.67
0.667
0.67
0.668
0.64
0.655
0.638
0.642
0.624
0.627
0.622
0.595
0.616
0.617
0.6
0.6
0.59
0.606
0.599
0.59
0.586
0.59
0.59
0.602
0.571
0.555
0.579
0.57
0.577
0.583
0.566
0.574
0.563
0.555
0.57
0.584
0.584
0.596
0.598
0.587
0.599
0.571
0.58
0.592
0.587
0.592
0.589
0.573
0.57
0.595
0.57
0.579
0.58
0.575
0.575
0.558
0.551
0.553
0.55
0.546
0.535
0.537
0.532
0.532
0.545
0.538
0.54
0.564
0.599
0.661
0.611
0.615
0.615
0.615
0.608
0.605
0.605
0.608
0.595
0.591
0.593
0.584
0.58
0.591
0.602
0.603
0.603
0.597
0.597
0.6
0.609
0.611
0.606
0.599
0.584
0.6
0.605
0.62
0.627
0.634
0.65
0.636
0.637
0.633
0.638
0.659
0.649
0.647
0.66
0.671
0.718
0.696
0.692
0.68
0.677
0.67
0.677
0.681
0.684
0.68
0.67
0.671
0.676
0.654
0.638
0.644
0.679
0.648
0.645
0.645
0.659
0.64
0.646
0.639
0.636
0.632
0.625
0.638
0.637
0.634
0.633
0.633
0.64
0.639
0.636
0.63
0.63
0.631
0.63
0.628
0.643
0.633
0.623
0.62
0.617
0.635
0.627
0.624
0.641
0.659
0.667
0.666
0.704
0.707
0.688
0.7
0.709
0.718
0.691
0.715
0.71
0.716
0.689
0.679
0.678
0.687
0.672
0.666
0.664
0.69
0.694
0.695
0.699
0.68
0.672
0.665
0.684
0.691
0.69
0.683
0.68
0.676
0.675
0.695
0.684
0.7
0.701
0.698
0.69
0.684
0.695
0.721
0.717
0.703
0.71
0.705
0.697
0.7
0.71
0.689
0.693
0.695
0.684
0.697
0.683
0.672
0.666
0.663
0.662
0.687
0.676
0.625
0.634
0.643
0.639
0.638
0.626
0.555
0.589
0.579
0.562
0.558
0.58
0.579
0.571
0.565
0.565
0.565
0.57
0.559
0.539
0.528
0.53
0.53
0.53
0.53
0.523
0.534
0.523
0.526
0.537
0.529
0.528
0.522
0.524
0.515
0.514
0.521
0.527
0.531
0.531
0.541
0.538
0.536
0.535
0.54
0.533
0.537
0.529
0.525
0.522
0.53
0.518
0.513
0.521
0.502
0.511
0.516
0.513
0.515
0.501
0.512
0.496
0.5
0.498
0.496
0.499
0.495
0.493
0.499
0.486
0.465
0.47
0.448
0.449
0.44
0.439
0.43
0.44
0.44
0.449
0.448
0.447
0.45
0.447
0.472
0.466
0.459
0.464
0.48
0.479
0.476
0.471
0.457
0.48
0.468
0.477
0.484
0.471
0.48
0.471
0.482
0.48
0.472
0.447
0.446
0.45
0.457
0.45
0.448
0.454
0.447
0.446
0.456
0.455
0.469
0.47
0.462
0.469
0.46
0.467
0.47
0.48
0.476
0.462
0.472
0.468
0.463
0.445
0.455
0.451
0.469
0.453
0.453
0.455
0.48
0.486
0.48
0.478
0.488
0.483
0.477
0.475
0.475
0.49
0.48
0.494
0.489
0.49
0.488
0.482
0.485
0.486
0.484
0.48
0.486
0.482
0.485
0.483
0.494
0.496
0.488
0.499
0.494
0.482
0.493
0.488
0.503
0.537
0.589
0.57
0.553
0.553
0.535
0.525
0.531
0.528
0.529
0.512
0.52
0.513
0.509
0.51
0.51
0.522
0.517
0.519
0.528
0.516
0.517
0.515
0.518
0.513
0.511
0.511
0.499
0.518
0.511
0.512
0.498
0.5
0.498
0.5
0.49
0.51
0.593
0.59
0.598
0.624
0.639
0.673
0.682
0.722
0.741
0.736
0.718
0.706
0.704
0.711
0.703
0.709
0.723
0.728
0.791
0.811
0.825
0.818
0.808
0.81
0.804
0.8
0.815
0.81
0.802
0.809
0.798
0.79
0.785
0.82
0.8
0.8
0.8
0.809
0.856
0.903
0.908
0.967
0.974
0.969
0.993
0.983
0.958
0.964
0.963
0.974
0.975
0.949
0.95
0.95
0.976
0.975
0.97
0.952
0.97
0.97
0.97
0.981
0.987
0.98
0.966
0.978
0.997
1.1
1.101
1.17
1.101
1.102
1.056
1.083
1.11
1.114
1.102
1.107
1.076
1.142
1.172
1.162
1.165
1.191
1.195
1.172
1.174
1.173
1.16
1.161
1.153
1.18
1.157
1.148
1.118
1.155
1.16
1.13
1.186
1.157
1.185
1.208
1.196
1.191
1.198
1.191
1.278
1.291
1.299
1.284
1.305
1.316
1.299
1.305
1.299
1.308
1.304
1.295
1.288
1.286
1.299
1.293
1.301
1.3
1.35
1.39
1.346
1.398
1.439
1.43
1.426
1.423
1.434
1.43
1.444
1.463
1.48
1.492
1.719
2.0
2.46
1.9
1.656
1.993
2.118
1.89
1.935
1.888
1.935
1.862
1.801
1.799
1.81
1.809
1.628
1.498
1.518
1.36
1.498
1.61
1.534
1.464
1.498
1.488
1.47
1.5
1.478
1.484
1.47
1.448
1.414
1.398
1.412
1.406
1.358
1.34
1.318
1.338
1.496
1.49
1.482
1.552
1.668
1.898
1.606
1.516
1.478
1.55
1.55
1.504
1.516
1.518
1.514
1.51
1.522
1.51
1.498
1.492
1.496
1.538
1.696
1.548
1.528
1.502
1.502
1.518
1.496
1.568
1.574
1.612
1.596
1.638
1.61
1.632
1.612
1.61
1.61
1.612
1.58
1.562
1.56
1.59
1.558
1.562
1.54
1.524
1.516
1.506
1.5
1.49
1.486
1.484
1.444
1.448
1.428
1.396
1.386
1.384
1.412
1.42
1.44
1.442
1.392
1.39
1.394
1.372
1.362
1.342
1.27
1.428
1.33
1.304
1.312
1.34
1.302
1.314
1.292
1.29
1.298
1.342
1.31
1.34
1.33
1.32
1.332
1.326
1.338
1.322
1.328
1.408
1.474
1.48
1.496
1.462
1.472
1.482
1.486
1.482
1.464
1.5
1.502
1.466
1.499
1.505
1.481
1.481
1.548
1.504
1.523
1.536
1.545
1.511
1.51
1.485
1.497
1.498
1.495
1.535
1.494
1.51
1.498
1.488
1.485
1.446
1.429
1.398
1.376
1.399
1.392
1.382
1.39
1.449
1.425
1.42
1.417
1.394
1.414
1.37
1.378
1.382
1.383
1.368
1.365
1.384
1.354
1.337
1.311
1.331
1.339
1.33
1.329
1.3
1.272
1.29
1.296
1.3
1.281
1.25
1.24
1.214
1.182
1.17
1.142
1.096
1.098
1.063
1.106
1.11
1.095
1.1
1.076
1.036
1.023
1.015
1.002
1.085
1.214
1.25
1.234
1.25
1.239
1.231
1.211
1.216
1.219
1.227
1.214
1.228
1.218
1.23
1.239
1.26
1.249
1.255
1.299
1.305
1.283
1.28
1.3
1.315
1.328
1.325
1.303
1.279
1.256
1.235
1.242
1.227
1.217
1.254
1.246
1.246
1.226
1.224
1.223
1.216
1.2
1.204
1.2
1.202
1.189
1.19
1.18
1.18
1.22
1.2
1.184
1.198
1.173
1.148
1.149
1.128
1.126
1.112
1.124
1.13
1.114
1.099
1.071
1.069
1.089
1.1
1.084
1.086
1.096
1.08
1.083
1.09
1.093
1.083
1.084
1.069
1.085
1.086
1.069
1.072
1.05
1.036
1.026
1.02
1.022
1.036
1.016
1.02
1.015
1.005
1.004
1.052
1.119
1.099
1.091
1.028
1.033
1.045
1.03
1.024
1.02
1.001
0.99
0.966
0.98
0.99
0.985
0.986
0.972
0.987
0.977
0.963
0.95
0.951
0.923
0.93
0.92
0.935
0.934
0.951
0.987
0.993
0.96
0.96
0.943
0.93
0.922
0.989
0.995
1.008
1.019
1.028
0.997
1.011
1.002
0.997
0.996
0.97
0.942
0.939
0.943
0.94
0.945
0.939
0.936
0.948
0.948
0.935
0.938
0.959
0.948
0.932
0.94
0.954
0.954
0.948
0.942
0.937
0.936
0.947
0.955
0.962
0.986
0.985
1.055
1.022
1.014
1.043
1.059
1.038
1.011
1.006
1.001
0.984
0.987
1.011
1.001
0.997
0.98
0.984
0.988
1.001
0.999
1.002
1.009
1.025
1.033
1.041
1.066
1.046
1.051
1.046
1.056
1.009
1.009
0.972
0.897
0.939
0.945
0.94
0.94
0.87
0.772
0.76
0.708
0.728
0.699
0.712
0.716
0.714
0.73
0.727
0.751
0.74
0.738
0.73
0.742
0.772
0.788
0.778
0.794
0.824
0.8
0.808
0.807
0.815
0.8
0.794
0.77
0.773
0.775
0.774
0.771
0.784
0.787
0.78
0.782
0.789
0.79
0.818
0.839
0.845
0.825
0.822
0.822
0.827
0.817
0.796
0.783
0.798
0.796
0.802
0.798
0.799
0.805
0.81
0.826
0.85
0.828
0.846
0.844
0.835
0.823
0.96
0.963
0.959
0.943
0.938
0.925
0.935
0.931
0.931
0.928
0.932
0.931
0.918
0.915
0.923
1.016
1.024
1.064
1.05
1.054
1.029
1.017
1.032
1.043
1.044
1.033
1.018
1.026
1.019
1.031
1.031
1.034
1.031
1.05
1.048
1.039
1.039
1.044
1.071
0.98
0.96
0.948
0.94
0.949
0.948
0.942
0.946
0.942
0.943
0.939
0.941
0.936
0.93
0.931
0.923
0.925
0.925
0.917
0.922
0.927
0.918
0.917
0.915
0.917
0.913
0.916
0.915
0.912
0.913
0.916
0.911
0.907
0.915
0.91
0.917
0.908
0.907
0.91
0.908
0.911
0.912
0.906
0.91
0.907
0.916
0.913
0.909
0.908
0.906
0.906
0.904
0.9
0.895
0.883
0.881
0.871
0.882
0.9
0.886
0.888
0.871
0.862
0.856
0.859
0.853
0.868
0.857
0.883
0.882
0.878
0.884
0.876
0.883
0.881
0.875
0.873
0.868
0.873
0.869
0.874
0.868
0.859
0.856
0.859
0.852
0.852
0.854
0.858
0.861
0.859
0.851
0.851
0.855
0.849
0.848
0.845
0.84
0.831
0.843
0.84
0.836
0.831
0.827
0.827
0.828
0.838
0.835
0.839
0.848
0.856
0.856
0.845
0.838
0.838
0.843
0.853
0.871
0.856
0.849
0.85
0.842
0.85
0.84
0.834
0.825
0.832
0.834
0.834
0.833
0.832
0.842
0.831
0.832
0.835
0.839
0.847
0.841
0.835
0.841
0.862
0.843
0.834
0.833
0.828
0.818
0.809
0.804
0.794
0.774
0.795
0.789
0.791
0.795
0.798
0.79
0.786
0.793
0.783
0.795
0.799
0.8
0.786
0.79
0.793
0.785
0.782
0.79
0.793
0.789
0.799
0.805
0.804
0.805
0.796
0.793
0.794
0.797
0.795
0.799
0.801
0.8
0.796
0.803
0.795
0.813
0.801
0.784
0.785
0.8
0.794
0.802
0.799
0.809
0.802
0.799
0.803
0.804
0.799
0.796
0.792
0.795
0.79
0.794
0.792
0.796
0.808
0.795
0.807
0.804
0.802
0.799
0.797
0.799
0.8
0.806
0.803
0.817
0.818
0.805
0.821
0.822
0.809
0.807
0.802
0.804
0.794
0.791
0.802
0.792
0.801
0.795
0.804
0.804
0.8
0.789
0.785
0.795
0.805
0.806
0.804
0.799
0.804
0.79
0.791
0.79
0.79
0.788
0.779
0.785
0.796
0.797
0.783
0.785
0.776
0.785
0.786
0.788
0.784
0.779
0.782
0.777
0.771
0.784
0.774
0.773
0.774
0.778
0.789
0.784
0.779
0.78
0.777
0.788
0.791
0.794
0.792
0.788
0.784
0.784
0.789
0.788
0.792
0.8
0.798
0.793
0.841
0.818
0.898
0.859
0.861
0.877
1.04
1.0
0.95
0.933
0.948
0.934
0.936
0.931
0.923
0.933
0.912
0.923
0.911
0.929
1.3
1.21
1.692
2.338
2.271
1.865
1.486
1.633
1.795
1.973
1.602
1.76
1.719
1.683
1.636
1.64
1.574
1.49
1.522
1.465
1.461
1.48
1.463
1.424
1.334
1.281
1.212
1.19
1.211
1.693
1.48
1.485
1.428
1.345
1.368
1.33
1.33
1.31
1.344
1.394
1.328
1.3
1.283
1.267
1.285
1.272
1.24
1.223
1.205
1.36
1.308
1.303
1.278
1.249
1.24
1.274
1.276
1.282
1.258
1.266
1.267
1.264
1.249
1.234
1.212
1.128
1.12
1.116
1.095
0.977
0.96
1.067
1.091
1.08
1.08
1.092
1.08
1.06
1.057
1.059
1.058
1.075
1.082
1.065
1.024
1.032
1.051
1.02
0.999
0.905
0.882
0.639
0.735
0.79
0.926
0.942
0.966
0.96
1.094
1.123
1.414
1.32
1.202
1.191
1.141
1.13
1.094
1.08
1.117
1.115
1.101
1.101
1.08
1.1
1.118
1.1
1.08
1.099
1.074
1.101
1.086
1.073
1.04
1.05
1.043
1.05
1.041
1.049
1.017
1.011
0.997
1.045
1.014
1.015
0.996
0.999
0.974
0.956
0.944
0.932
0.932
0.942
0.96
0.937
0.939
0.95
0.963
0.968
0.994
0.993
0.967
0.971
0.97
0.974
0.97
0.977
0.881
