close
801.0
914.7
975.0
900.0
900.0
900.0
850.0
820.0
988.0
850.0
988.0
820.0
820.0
870.0
1019.0
940.1
975.0
1019.0
1019.0
955.0
999.0
1002.0
1029.4
1078.0
1088.7
1030.0
1070.0
1089.0
1149.0
1050.0
1050.0
1100.0
1100.0
940.0
731.0
939.0
820.0
890.0
890.0
1125.0
1120.0
1125.0
1155.0
1160.0
950.0
1100.0
900.0
875.0
875.0
990.0
999.0
975.0
1000.0
780.0
890.0
900.0
939.0
900.0
1025.0
1059.0
901.0
900.0
810.0
810.0
810.0
790.0
971.0
900.0
840.0
810.0
840.0
840.0
810.0
838.0
866.0
850.0
810.0
810.0
800.0
830.0
820.0
796.0
795.0
800.0
755.0
950.0
949.0
850.0
950.0
993.0
879.0
1030.0
1395.0
1200.0
1170.0
1466.0
1500.0
1293.0
1400.0
1590.0
1594.0
1550.0
1500.0
1510.0
1500.0
1500.0
1400.0
1325.0
1161.0
1195.0
1179.0
1192.0
1209.0
1190.0
1199.0
1187.0
1191.0
1205.0
1130.0
1140.0
1145.0
1295.0
1120.0
1210.0
1225.0
1230.0
1310.0
1285.0
1250.0
1235.0
1310.0
1305.0
1285.0
1270.0
1255.0
1295.0
1300.0
1300.0
1325.0
1315.0
1300.0
1320.0
1320.0
1315.0
1315.0
1330.0
1355.0
1335.0
1315.0
1315.0
1325.0
1300.0
1305.0
1300.0
1335.0
1335.0
1400.0
1445.0
1750.0
1795.0
1790.0
1780.0
1750.0
1805.0
1825.0
1910.0
2000.0
1940.0
1910.0
1950.0
2000.0
1995.0
2000.0
1930.0
2000.0
2000.0
1985.0
1955.0
1920.0
1945.0
1930.0
1930.0
1930.0
2115.0
1985.0
2765.0
2760.0
2830.0
2685.0
2500.0
2505.0
2385.0
2305.0
2300.0
2425.0
2230.0
2275.0
2215.0
2235.0
2300.0
2315.0
2330.0
2385.0
2460.0
2495.0
2380.0
2415.0
2950.0
2910.0
2660.0
2680.0
2565.0
2890.0
2750.0
2680.0
3000.0
2660.0
2565.0
2565.0
2505.0
2565.0
2525.0
2525.0
2860.0
2705.0
2765.0
2705.0
2645.0
2775.0
2805.0
2800.0
2750.0
2570.0
2480.0
2510.0
2445.0
2440.0
2235.0
2040.0
2100.0
2040.0
2270.0
2045.0
2060.0
2140.0
1995.0
1905.0
1980.0
1995.0
2100.0
2050.0
2005.0
1980.0
1995.0
1975.0
1895.0
1895.0
1895.0
1895.0
1850.0
1810.0
1790.0
1770.0
1780.0
1780.0
1770.0
1770.0
1760.0
1840.0
1800.0
1770.0
1780.0
1800.0
1770.0
1750.0
1710.0
1630.0
1580.0
1590.0
1600.0
1610.0
1630.0
1680.0
1660.0
1670.0
1600.0
1490.0
1520.0
1470.0
1450.0
1410.0
1400.0
1480.0
1440.0
1480.0
1480.0
1440.0
1470.0
1520.0
1570.0
1580.0
1550.0
1530.0
1500.0
1530.0
1510.0
1550.0
1620.0
1680.0
1540.0
1560.0
1590.0
1660.0
1640.0
1700.0
1700.0
1760.0
1850.0
1760.0
1750.0
1800.0
1800.0
1790.0
1840.0
1810.0
1820.0
1810.0
1960.0
2000.0
1890.0
1890.0
1850.0
1850.0
1810.0
1820.0
1810.0
1780.0
1780.0
1740.0
1750.0
1730.0
1750.0
1730.0
1720.0
1750.0
1750.0
1730.0
1740.0
1750.0
1730.0
1710.0
1690.0
1700.0
1680.0
1690.0
1670.0
1660.0
1700.0
1680.0
1690.0
1690.0
1680.0
1670.0
1690.0
1700.0
1680.0
1670.0
1700.0
1700.0
1700.0
1670.0
1730.0
1680.0
1680.0
1690.0
1720.0
1880.0
1880.0
1870.0
1860.0
1850.0
1800.0
1740.0
1690.0
1640.0
1640.0
1680.0
1670.0
1680.0
1700.0
1700.0
1660.0
1780.0
1750.0
1700.0
1700.0
1750.0
1750.0
1750.0
1710.0
1700.0
1650.0
1700.0
1750.0
1820.0
1820.0
1830.0
1840.0
1850.0
1860.0
1840.0
1880.0
1870.0
1870.0
1850.0
1880.0
1880.0
1950.0
1960.0
1940.0
1930.0
1930.0
1920.0
1960.0
1970.0
1950.0
1990.0
1960.0
1950.0
1960.0
1960.0
1970.0
1860.0
1880.0
1940.0
1870.0
1870.0
1870.0
1880.0
1840.0
1840.0
1850.0
1860.0
1870.0
1860.0
1840.0
1870.0
1860.0
1840.0
1830.0
1810.0
1750.0
1690.0
1730.0
1730.0
1700.0
1720.0
1700.0
1800.0
1760.0
1750.0
1750.0
1780.0
1900.0
1850.0
1820.0
1830.0
1900.0
1870.0
1820.0
1780.0
1820.0
1800.0
1790.0
1740.0
1700.0
1690.0
1670.0
1650.0
1620.0
1640.0
1630.0
1590.0
1600.0
1560.0
1520.0
1500.0
1500.0
1510.0
1500.0
1530.0
1520.0
1540.0
1540.0
1550.0
1530.0
1560.0
1550.0
1530.0
1570.0
1600.0
1550.0
1570.0
1590.0
1570.0
1540.0
1560.0
1580.0
1580.0
1590.0
1590.0
1600.0
1630.0
1600.0
1600.0
1580.0
1580.0
1580.0
1580.0
1560.0
1560.0
1560.0
1570.0
1610.0
1600.0
1610.0
1600.0
1600.0
1670.0
1680.0
1700.0
1750.0
1800.0
1830.0
1840.0
1850.0
1850.0
1830.0
1810.0
1840.0
1840.0
1870.0
2040.0
2020.0
1990.0
2010.0
2060.0
2100.0
2160.0
2160.0
2190.0
2200.0
2210.0
2240.0
2230.0
2220.0
2220.0
2250.0
2300.0
2260.0
2230.0
2230.0
2220.0
2210.0
2250.0
2310.0
2310.0
2310.0
2310.0
2510.0
2470.0
2520.0
2370.0
2340.0
2210.0
2220.0
2250.0
2260.0
2270.0
2270.0
2270.0
2230.0
2210.0
2180.0
2170.0
2190.0
2310.0
2270.0
2240.0
2250.0
2250.0
2210.0
2200.0
2180.0
2100.0
2010.0
2100.0
2230.0
2210.0
2230.0
2230.0
2200.0
2200.0
2220.0
2230.0
2250.0
2260.0
2270.0
2290.0
2380.0
2490.0
2450.0
2450.0
2450.0
2450.0
2410.0
2450.0
2460.0
2450.0
2500.0
2560.0
2560.0
2570.0
2520.0
2510.0
2500.0
2430.0
2400.0
2440.0
2500.0
2590.0
2550.0
2580.0
2530.0
2560.0
2540.0
2560.0
2480.0
2470.0
2590.0
2570.0
2570.0
2560.0
2500.0
2500.0
2530.0
2460.0
2400.0
2390.0
2350.0
2330.0
2430.0
2420.0
2410.0
2480.0
2480.0
2500.0
2440.0
2340.0
2350.0
2360.0
2370.0
2380.0
2400.0
2440.0
2440.0
2480.0
2490.0
2500.0
2550.0
2550.0
2590.0
2540.0
2400.0
2550.0
2580.0
2580.0
2580.0
2580.0
2590.0
2530.0
2530.0
2530.0
2470.0
2450.0
2450.0
2500.0
2450.0
2450.0
2440.0
2440.0
2400.0
2430.0
2450.0
2370.0
2380.0
2350.0
2340.0
2320.0
2230.0
2210.0
2210.0
2200.0
2180.0
2160.0
2210.0
2210.0
2220.0
2240.0
2190.0
2220.0
2190.0
2190.0
2230.0
2200.0
2240.0
2240.0
2230.0
2220.0
2220.0
2220.0
2200.0
2240.0
2200.0
2200.0
2200.0
2190.0
2220.0
2180.0
2200.0
2170.0
2170.0
2160.0
2170.0
2190.0
2150.0
2160.0
2160.0
2170.0
2280.0
2330.0
2400.0
2410.0
2350.0
2300.0
2270.0
2220.0
2200.0
2110.0
2110.0
2120.0
2130.0
2130.0
2120.0
2120.0
2110.0
2100.0
2110.0
2150.0
2150.0
2160.0
2170.0
2180.0
2180.0
2150.0
2150.0
2120.0
2180.0
2150.0
2140.0
2170.0
2140.0
2170.0
2170.0
2140.0
2210.0
2210.0
2230.0
2230.0
2200.0
2160.0
2150.0
2120.0
2150.0
2150.0
2130.0
2110.0
2100.0
2950.0
2610.0
2430.0
2800.0
2730.0
2500.0
2560.0
2440.0
2390.0
2340.0
2460.0
2450.0
2450.0
2360.0
2270.0
2280.0
2300.0
2290.0
2440.0
2410.0
2420.0
2460.0
2430.0
2420.0
2390.0
2390.0
2380.0
2400.0
2370.0
2390.0
2390.0
2360.0
2350.0
2360.0
2380.0
2360.0
2450.0
2430.0
2360.0
2340.0
2340.0
2360.0
2340.0
2350.0
2360.0
2360.0
2350.0
2310.0
2320.0
2370.0
2380.0
2340.0
2340.0
2360.0
2370.0
2360.0
2330.0
2320.0
2320.0
2340.0
2320.0
2340.0
2340.0
2340.0
2340.0
2280.0
2280.0
2280.0
2300.0
2270.0
2260.0
2290.0
2288.0
2250.0
2254.0
2254.0
2278.0
2280.0
2280.0
2252.0
2280.0
2252.0
2252.0
2246.0
2246.0
2246.0
2246.0
2246.0
2244.0
2250.0
2244.0
2242.0
2210.0
2200.0
2170.0
2170.0
2146.0
2114.0
2126.0
2110.0
2100.0
2094.0
2104.0
2136.0
2138.0
2130.0
2104.0
2102.0
2102.0
2142.0
2122.0
2136.0
2094.0
2098.0
2094.0
2086.0
2088.0
2084.0
2084.0
2082.0
2080.0
2076.0
2074.0
2100.0
2114.0
2100.0
2128.0
2168.0
2176.0
2152.0
2144.0
2124.0
2156.0
2120.0
2122.0
2122.0
2120.0
2140.0
2462.0
2734.0
2586.0
2480.0
2494.0
2540.0
2562.0
2562.0
2514.0
2554.0
2490.0
2536.0
2492.0
2464.0
2434.0
2324.0
2280.0
2270.0
2282.0
2290.0
2290.0
2314.0
2306.0
2304.0
2302.0
2366.0
2492.0
2454.0
2454.0
2506.0
2472.0
2498.0
2452.0
2454.0
2450.0
2444.0
2488.0
2494.0
2440.0
2436.0
2520.0
2582.0
2530.0
2490.0
2496.0
2572.0
2614.0
2612.0
2610.0
2694.0
2670.0
2724.0
2704.0
2662.0
2726.0
2390.0
2362.0
2316.0
2326.0
2340.0
2298.0
2304.0
2278.0
2206.0
2206.0
2210.0
2224.0
2230.0
2242.0
2192.0
2200.0
2246.0
2274.0
2222.0
2222.0
2226.0
2234.0
2226.0
2224.0
2284.0
2300.0
2302.0
2296.0
2300.0
2272.0
2312.0
2300.0
2342.0
2338.0
2392.0
2392.0
2386.0
2354.0
2400.0
2390.0
2442.0
2324.0
2372.0
2578.0
2470.0
2402.0
2378.0
2380.0
2426.0
2420.0
2422.0
2400.0
2426.0
2424.0
2424.0
2414.0
2450.0
2456.0
2460.0
2466.0
2450.0
2458.0
2374.0
2122.0
2148.0
2178.0
2140.0
2190.0
2172.0
2064.0
2092.0
1974.0
1990.0
1800.0
1754.0
1632.0
1768.0
1816.0
1890.0
1998.0
1920.0
1922.0
1872.0
1932.0
1996.0
1998.0
2018.0
2022.0
2160.0
2162.0
2130.0
2190.0
2148.0
2102.0
2000.0
2100.0
2236.0
2122.0
2248.0
2182.0
2196.0
2176.0
2200.0
2198.0
2172.0
2172.0
2195.0
2195.0
2180.0
2080.0
2080.0
2065.0
1915.0
1890.0
1875.0
1900.0
1860.0
1910.0
1905.0
1900.0
1900.0
1890.0
1885.0
1895.0
1905.0
1900.0
1900.0
1895.0
2005.0
1945.0
1930.0
1895.0
1920.0
1900.0
1880.0
1900.0
1890.0
1955.0
1930.0
1925.0
1940.0
1935.0
1950.0
1920.0
1905.0
1940.0
1950.0
1940.0
1935.0
1920.0
1950.0
1985.0
2035.0
2020.0
2020.0
2025.0
2005.0
1970.0
1995.0
1980.0
2005.0
1995.0
1985.0
2015.0
2005.0
2805.0
2460.0
2400.0
2430.0
2365.0
2385.0
2325.0
2295.0
2335.0
2345.0
2375.0
2350.0
2330.0
2300.0
2300.0
2300.0
2330.0
2310.0
2285.0
2295.0
2285.0
2285.0
2225.0
2140.0
2170.0
2070.0
2085.0
2045.0
2080.0
2070.0
2080.0
2095.0
2150.0
2135.0
2155.0
2125.0
2115.0
2110.0
2105.0
2110.0
2085.0
2125.0
2095.0
2080.0
2055.0
2065.0
2055.0
2075.0
2075.0
2035.0
2025.0
2000.0
2040.0
2065.0
2075.0
2065.0
2060.0
2035.0
1995.0
2010.0
1985.0
2005.0
2025.0
2000.0
1975.0
1945.0
1960.0
1930.0
1955.0
1965.0
1960.0
1995.0
1995.0
2020.0
2005.0
2005.0
2015.0
2005.0
1980.0
2030.0
2030.0
2045.0
2045.0
2030.0
2010.0
2030.0
2015.0
2025.0
2065.0
2065.0
2095.0
2050.0
2065.0
2065.0
2055.0
2055.0
2050.0
2050.0
2060.0
2050.0
2045.0
2020.0
2030.0
2050.0
2035.0
2040.0
2085.0
2055.0
2050.0
2085.0
2095.0
2100.0
2080.0
2065.0
2065.0
2095.0
2085.0
2065.0
2060.0
2070.0
2075.0
2040.0
2160.0
2135.0
2105.0
2090.0
2075.0
2060.0
2065.0
2110.0
2090.0
2090.0
2090.0
2115.0
2115.0
2195.0
2180.0
2210.0
2205.0
2250.0
2295.0
2265.0
2200.0
2200.0
2180.0
2220.0
2215.0
2220.0
2210.0
2235.0
2235.0
2265.0
2255.0
2180.0
2190.0
2230.0
2235.0
2210.0
2170.0
2215.0
2185.0
2170.0
2260.0
2235.0
2255.0
2235.0
2260.0
2220.0
2230.0
2205.0
2255.0
2260.0
2225.0
2215.0
2260.0
2240.0
2240.0
2275.0
2305.0
2285.0
2270.0
2225.0
2180.0
2215.0
2180.0
2190.0
2180.0
2195.0
2205.0
2185.0
2140.0
2110.0
2135.0
2125.0
2115.0
2110.0
2100.0
2125.0
2105.0
2180.0
2160.0
2150.0
2155.0
2100.0
2095.0
2085.0
2105.0
2120.0
2110.0
2105.0
2105.0
2115.0
2130.0
2130.0
2115.0
2130.0
2120.0
2160.0
2135.0
2140.0
2135.0
2105.0
2120.0
2105.0
2100.0
2085.0
2085.0
2130.0
2140.0
2165.0
2170.0
2165.0
2150.0
2165.0
2170.0
2150.0
2150.0
2150.0
2145.0
2170.0
2175.0
2145.0
2135.0
2170.0
2165.0
2140.0
2170.0
2155.0
2170.0
2165.0
2155.0
2170.0
2185.0
2190.0
2170.0
2150.0
2170.0
2185.0
2205.0
2190.0
2170.0
2170.0
2150.0
2175.0
2160.0
2190.0
2200.0
2185.0
2230.0
2185.0
2190.0
2310.0
2205.0
2240.0
2240.0
2225.0
2225.0
2240.0
2260.0
2240.0
2265.0
2215.0
2225.0
2230.0
2200.0
2200.0
2190.0
2180.0
2190.0
2210.0
2265.0
2250.0
2235.0
2275.0
2275.0
2305.0
2275.0
2255.0
2275.0
2285.0
2285.0
2305.0
2340.0
2365.0
2305.0
2350.0
2345.0
2305.0
2375.0
2385.0
2325.0
2340.0
2340.0
2340.0
2350.0
2325.0
2300.0
2370.0
2340.0
2480.0
2415.0
2325.0
2340.0
2250.0
2160.0
2200.0
2115.0
2055.0
2135.0
2100.0
2110.0
2110.0
2110.0
2085.0
2100.0
2030.0
2035.0
2050.0
2055.0
2065.0
2095.0
2065.0
2055.0
2080.0
2080.0
2055.0
2065.0
2075.0
2110.0
2100.0
2080.0
2100.0
2110.0
2130.0
2100.0
2080.0
2045.0
2025.0
2065.0
2035.0
2030.0
1995.0
1970.0
2010.0
2000.0
2000.0
1995.0
1985.0
1985.0
2020.0
2000.0
1970.0
1980.0
1985.0
1905.0
1875.0
1210.0
1695.0
1700.0
2085.0
1940.0
1995.0
1930.0
1930.0
2085.0
2070.0
2115.0
2100.0
2085.0
2005.0
2025.0
2040.0
1995.0
1975.0
2180.0
2000.0
2045.0
2005.0
1945.0
1945.0
1940.0
1930.0
1950.0
1935.0
1910.0
1890.0
1870.0
1915.0
1865.0
1925.0
1930.0
1950.0
1940.0
1900.0
1885.0
1915.0
1915.0
1920.0
1940.0
1930.0
1860.0
1865.0
1870.0
1850.0
1850.0
1870.0
1890.0
1830.0
1865.0
1820.0
1810.0
1915.0
1875.0
1865.0
1845.0
1885.0
1880.0
1880.0
1880.0
1895.0
1870.0
