close
850.0
910.0
944.2
1064.0
1083.0
1080.0
1130.0
1142.0
1149.9
1123.8
1222.1
1000.0
999.0
877.5
999.9
1050.0
1105.1
1105.1
1100.0
1100.0
950.0
1000.0
1000.0
1000.0
840.1
820.0
850.0
1056.9
1054.7
1057.0
1049.9
1099.0
1050.0
1050.0
950.0
831.0
1040.0
1040.0
823.0
1034.0
1051.0
878.0
900.0
900.0
900.0
900.0
900.0
949.0
949.0
945.0
905.0
900.0
900.0
900.0
800.0
880.0
880.0
1050.0
950.0
900.0
950.0
950.0
950.0
950.0
950.0
934.0
900.0
890.0
910.0
936.0
925.0
870.0
840.0
762.0
802.0
825.0
929.0
897.0
827.0
897.0
823.0
899.0
928.0
900.0
830.0
890.0
880.0
850.0
852.0
904.0
954.0
1040.0
1200.0
1250.0
1250.0
1252.0
1200.0
1255.0
1385.0
1286.0
1365.0
1313.0
1428.0
1440.0
1439.0
1520.0
1449.0
1455.0
1530.0
1645.0
1628.0
1619.0
1600.0
1600.0
1600.0
1555.0
1550.0
1524.0
1450.0
1435.0
1450.0
1451.0
1420.0
1407.0
1216.0
1140.0
1148.0
1151.0
1160.0
1174.0
1161.0
1159.0
1158.0
1225.0
1211.0
1170.0
1194.0
1211.0
1200.0
1210.0
1250.0
1240.0
1200.0
1200.0
1187.0
1200.0
1185.0
1185.0
1184.0
1185.0
1181.0
1210.0
1180.0
1148.0
1125.0
1147.0
1151.0
1152.0
1174.0
1170.0
1218.0
1214.0
1325.0
1289.0
1420.0
1276.0
1300.0
1220.0
1278.0
1287.0
1294.0
1287.0
1298.0
1301.0
1292.0
1320.0
1302.0
1281.0
1299.0
1341.0
1303.0
1337.0
1200.0
1308.0
1327.0
1311.0
1300.0
1324.0
1350.0
1359.0
1325.0
1347.0
1350.0
1350.0
1350.0
1363.0
1350.0
1353.0
1370.0
1387.0
1372.0
1386.0
1350.0
1390.0
1355.0
1320.0
1330.0
1350.0
1300.0
1515.0
1530.0
1750.0
1795.0
1765.0
1780.0
1790.0
1805.0
1805.0
1920.0
2010.0
2000.0
1985.0
2035.0
2035.0
2010.0
2015.0
1920.0
1980.0
2045.0
2055.0
1955.0
2010.0
2030.0
2000.0
2040.0
2065.0
2445.0
2400.0
2900.0
3675.0
2985.0
2825.0
2945.0
2915.0
2600.0
2470.0
2460.0
2520.0
2560.0
2530.0
2580.0
2620.0
2550.0
2525.0
2580.0
2575.0
2645.0
2535.0
2685.0
2600.0
2565.0
2840.0
2895.0
2735.0
2650.0
2580.0
3100.0
2995.0
3165.0
2850.0
2895.0
2850.0
2930.0
2890.0
2870.0
2940.0
2910.0
3060.0
3090.0
3350.0
3200.0
3055.0
3050.0
2930.0
2975.0
2925.0
3040.0
3385.0
3280.0
3260.0
2960.0
2950.0
2500.0
2200.0
2100.0
2125.0
2225.0
2200.0
2150.0
2215.0
2190.0
2080.0
2100.0
2120.0
2525.0
2470.0
2355.0
2190.0
2095.0
2050.0
1995.0
2005.0
1995.0
1990.0
1950.0
2030.0
1950.0
1910.0
1890.0
1890.0
1870.0
1880.0
1870.0
1910.0
1900.0
1920.0
1860.0
1930.0
1870.0
1830.0
1780.0
1710.0
1690.0
1650.0
1700.0
1730.0
1700.0
1750.0
1850.0
1830.0
1620.0
1440.0
1390.0
1400.0
1330.0
1290.0
1310.0
1290.0
1300.0
1270.0
1290.0
1330.0
1330.0
1300.0
1390.0
1340.0
1330.0
1300.0
1300.0
1280.0
1290.0
1300.0
1290.0
1290.0
1350.0
1360.0
1320.0
1280.0
1310.0
1290.0
1330.0
1330.0
1340.0
1330.0
1340.0
1360.0
1400.0
1400.0
1430.0
1450.0
1440.0
1440.0
1480.0
1450.0
1510.0
1600.0
1750.0
1790.0
1740.0
1740.0
1720.0
1690.0
1640.0
1600.0
1620.0
1650.0
1610.0
1600.0
1620.0
1560.0
1550.0
1540.0
1570.0
1530.0
1520.0
1550.0
1500.0
1490.0
1460.0
1420.0
1510.0
1490.0
1500.0
1530.0
1550.0
1560.0
1550.0
1560.0
1560.0
1560.0
1550.0
1590.0
1550.0
1540.0
1510.0
1590.0
1530.0
1540.0
1500.0
1490.0
1470.0
1470.0
1470.0
1510.0
1430.0
1420.0
1450.0
1440.0
1450.0
1470.0
1480.0
1450.0
1470.0
1450.0
1450.0
1440.0
1470.0
1460.0
1550.0
1510.0
1510.0
1510.0
1450.0
1440.0
1420.0
1470.0
1460.0
1440.0
1530.0
1720.0
1580.0
1610.0
1620.0
1580.0
1570.0
1590.0
1630.0
1580.0
1530.0
1540.0
1540.0
1530.0
1550.0
1530.0
1540.0
1520.0
1530.0
1560.0
1540.0
1510.0
1540.0
1540.0
1570.0
1580.0
1550.0
1560.0
1560.0
1650.0
1650.0
1650.0
1680.0
1650.0
1670.0
1710.0
1680.0
1690.0
1690.0
1700.0
1690.0
1710.0
1690.0
1700.0
1700.0
1700.0
1720.0
1720.0
1710.0
1700.0
1700.0
1690.0
1700.0
1690.0
1720.0
1690.0
1710.0
1710.0
1700.0
1660.0
1710.0
1690.0
1630.0
1680.0
1650.0
1630.0
1670.0
1740.0
1660.0
1750.0
1780.0
1750.0
1660.0
1720.0
1730.0
1720.0
1730.0
1710.0
1690.0
1690.0
1670.0
1660.0
1650.0
1650.0
1630.0
1630.0
1630.0
1600.0
1640.0
1630.0
1600.0
1600.0
1600.0
1590.0
1590.0
1580.0
1580.0
1580.0
1600.0
1620.0
1620.0
1590.0
1580.0
1590.0
1610.0
1720.0
1680.0
1680.0
1670.0
1730.0
1730.0
1660.0
1690.0
1650.0
1670.0
1660.0
1640.0
1630.0
1610.0
1650.0
1610.0
1640.0
1780.0
1730.0
1700.0
1690.0
1690.0
1660.0
1650.0
1640.0
1590.0
1640.0
1610.0
1610.0
1470.0
1450.0
1310.0
1350.0
1350.0
1330.0
1350.0
1370.0
1350.0
1360.0
1330.0
1320.0
1320.0
1320.0
1330.0
1350.0
1340.0
1370.0
1390.0
1430.0
1390.0
1430.0
1440.0
1430.0
1440.0
1450.0
1430.0
1490.0
1490.0
1480.0
1490.0
1510.0
1600.0
1600.0
1560.0
1570.0
1560.0
1580.0
1600.0
1610.0
1630.0
1680.0
1670.0
1680.0
1700.0
1700.0
1710.0
1700.0
1700.0
1690.0
1690.0
1690.0
1700.0
1700.0
1700.0
1690.0
1690.0
1720.0
1720.0
1710.0
1700.0
1710.0
1740.0
1750.0
1750.0
1750.0
1750.0
1710.0
1740.0
1760.0
1830.0
1870.0
2020.0
2000.0
2010.0
2050.0
2080.0
2080.0
2110.0
2120.0
2100.0
2080.0
2100.0
2110.0
2110.0
2130.0
2150.0
2150.0
2150.0
2140.0
2130.0
2110.0
2110.0
2070.0
2000.0
1990.0
2120.0
2090.0
2090.0
2190.0
2270.0
2280.0
2290.0
2290.0
2310.0
2390.0
2400.0
2440.0
2470.0
2400.0
2330.0
2400.0
2370.0
2330.0
2320.0
2210.0
2070.0
2100.0
2160.0
2480.0
2490.0
2500.0
2500.0
2520.0
2510.0
2510.0
2510.0
2500.0
2500.0
2500.0
2470.0
2470.0
2480.0
2470.0
2340.0
2320.0
2320.0
2220.0
2320.0
2360.0
2340.0
2300.0
2240.0
2390.0
2460.0
2480.0
2470.0
2460.0
2450.0
2450.0
2450.0
2460.0
2500.0
2500.0
2550.0
2550.0
2540.0
2550.0
2530.0
2510.0
2500.0
2460.0
2450.0
2450.0
2490.0
2510.0
2530.0
2560.0
2590.0
2600.0
2530.0
2550.0
2530.0
2600.0
2590.0
2600.0
2540.0
2640.0
2640.0
2520.0
2600.0
2560.0
2520.0
2500.0
2500.0
2600.0
2600.0
2500.0
2520.0
2510.0
2510.0
2540.0
2550.0
2560.0
2530.0
2880.0
2600.0
2650.0
2630.0
2630.0
2610.0
2600.0
2620.0
2600.0
2620.0
2690.0
2650.0
2690.0
2640.0
2620.0
2690.0
3190.0
3000.0
2680.0
2710.0
2900.0
2810.0
2760.0
2880.0
2800.0
2760.0
2750.0
2760.0
2760.0
2810.0
2800.0
2740.0
2700.0
2710.0
2870.0
2880.0
2850.0
2820.0
2870.0
2880.0
2890.0
2800.0
2700.0
2540.0
2450.0
2570.0
2480.0
2340.0
2160.0
2010.0
2010.0
2100.0
2010.0
2000.0
2060.0
2120.0
2160.0
2100.0
2090.0
1960.0
1940.0
1960.0
1950.0
1900.0
1960.0
1970.0
1970.0
1970.0
1940.0
1980.0
1970.0
1940.0
1970.0
1980.0
1980.0
2050.0
2040.0
2000.0
1980.0
2000.0
1950.0
1960.0
1960.0
2010.0
2000.0
2010.0
2000.0
2000.0
1940.0
1970.0
1970.0
1970.0
2000.0
1980.0
1970.0
1950.0
1940.0
1940.0
1960.0
1900.0
1940.0
1930.0
1950.0
1940.0
1930.0
1980.0
1960.0
1960.0
2070.0
2090.0
2110.0
2090.0
2120.0
2130.0
2130.0
2100.0
2070.0
2030.0
2050.0
2010.0
2000.0
2090.0
2100.0
2090.0
2090.0
2080.0
2060.0
2070.0
2060.0
2030.0
2010.0
2000.0
2070.0
2050.0
2040.0
2040.0
2030.0
2040.0
2020.0
2060.0
2040.0
2020.0
2020.0
2030.0
2040.0
2040.0
2040.0
2014.0
2040.0
2026.0
2018.0
2032.0
2028.0
2028.0
2038.0
2034.0
2048.0
2048.0
2048.0
2044.0
2058.0
2056.0
2050.0
2054.0
2024.0
2050.0
2048.0
2010.0
2016.0
2020.0
2016.0
2010.0
2028.0
2012.0
2016.0
2012.0
2010.0
2050.0
2022.0
2006.0
2006.0
2004.0
2018.0
2034.0
2028.0
2020.0
2010.0
2032.0
2034.0
2380.0
2306.0
2370.0
2416.0
2366.0
2312.0
2314.0
2260.0
2264.0
2250.0
2348.0
2328.0
2290.0
2318.0
2260.0
2220.0
2210.0
2200.0
2250.0
2250.0
2330.0
2300.0
2300.0
2310.0
2290.0
2290.0
2290.0
2280.0
2290.0
2280.0
2290.0
2280.0
2270.0
2270.0
2280.0
2260.0
2260.0
2360.0
2340.0
2320.0
2300.0
2290.0
2290.0
2300.0
2300.0
2320.0
2300.0
2310.0
2310.0
2280.0
2300.0
2310.0
2290.0
2360.0
2320.0
2320.0
2340.0
2210.0
2120.0
2120.0
2110.0
2100.0
2100.0
2090.0
2080.0
2080.0
2100.0
2110.0
2090.0
2140.0
2130.0
2140.0
2110.0
2130.0
2150.0
2130.0
2130.0
2120.0
2110.0
2120.0
2120.0
2110.0
2110.0
2100.0
2080.0
2100.0
2080.0
2080.0
2100.0
2080.0
2100.0
2050.0
2010.0
2010.0
2020.0
2020.0
2030.0
2070.0
2060.0
2070.0
2050.0
2060.0
1990.0
1960.0
1950.0
1980.0
1940.0
1950.0
1940.0
1960.0
1940.0
1940.0
1930.0
1940.0
1940.0
1950.0
1930.0
1930.0
1920.0
1940.0
1920.0
1940.0
1960.0
1970.0
1950.0
1940.0
1940.0
1960.0
1930.0
1920.0
1950.0
1930.0
1910.0
1940.0
1930.0
1930.0
1930.0
1910.0
1940.0
1920.0
1890.0
1930.0
1910.0
1910.0
1920.0
1940.0
1960.0
1960.0
1950.0
1940.0
1920.0
1910.0
1920.0
1920.0
1890.0
1890.0
1900.0
1880.0
1880.0
1870.0
1880.0
1880.0
2010.0
2080.0
2030.0
2040.0
2040.0
2020.0
2020.0
1990.0
1980.0
1980.0
1990.0
1990.0
1980.0
1960.0
1970.0
1970.0
2000.0
1980.0
1960.0
1960.0
1950.0
1950.0
1950.0
1940.0
1940.0
1940.0
1950.0
1950.0
1940.0
1950.0
1940.0
1950.0
1940.0
1930.0
1970.0
1930.0
1920.0
1920.0
1930.0
1910.0
1920.0
1930.0
1940.0
1950.0
1960.0
1970.0
1960.0
1960.0
1980.0
1960.0
2000.0
2000.0
2020.0
2020.0
1990.0
1960.0
1970.0
1960.0
1970.0
1940.0
1940.0
1890.0
1850.0
1850.0
1810.0
1810.0
1810.0
1820.0
1790.0
1780.0
1770.0
1790.0
1730.0
1730.0
1740.0
1730.0
1700.0
1700.0
1710.0
1760.0
1740.0
1780.0
1760.0
1750.0
1800.0
1800.0
1800.0
1790.0
1790.0
1780.0
1800.0
1800.0
1820.0
1810.0
1790.0
1810.0
1790.0
1810.0
1840.0
1840.0
1840.0
1840.0
1860.0
1880.0
1840.0
1870.0
1870.0
1860.0
1870.0
1850.0
1860.0
1870.0
1870.0
1880.0
1880.0
1880.0
1870.0
1860.0
1840.0
1770.0
1770.0
1730.0
1730.0
1720.0
1700.0
1570.0
1560.0
1450.0
1500.0
1400.0
1390.0
1320.0
1380.0
1380.0
1340.0
1400.0
1410.0
1410.0
1400.0
1410.0
1410.0
1400.0
1430.0
1460.0
1570.0
1540.0
1530.0
1560.0
1570.0
1570.0
1610.0
1570.0
1660.0
1610.0
1620.0
1570.0
1590.0
1610.0
1630.0
1640.0
1650.0
1680.0
1680.0
1660.0
1650.0
1650.0
1650.0
1620.0
1630.0
1570.0
1540.0
1570.0
1590.0
1600.0
1610.0
1610.0
1590.0
1590.0
1600.0
1600.0
1600.0
1600.0
1590.0
1580.0
1570.0
1620.0
1580.0
1570.0
1610.0
1590.0
1610.0
1600.0
1620.0
1610.0
1610.0
1600.0
1620.0
1610.0
1600.0
1600.0
1610.0
1620.0
1640.0
1620.0
1620.0
1620.0
1610.0
1590.0
1590.0
1600.0
1590.0
1600.0
1600.0
1590.0
1600.0
1590.0
1580.0
1590.0
1590.0
1570.0
1570.0
2020.0
1760.0
1710.0
1700.0
1690.0
1800.0
1830.0
1830.0
1830.0
1830.0
1850.0
1890.0
1850.0
1840.0
1870.0
1870.0
1860.0
1890.0
1870.0
1900.0
1880.0
1880.0
1890.0
1880.0
1840.0
1840.0
1770.0
1860.0
1860.0
1880.0
1890.0
1880.0
1920.0
1940.0
1910.0
1920.0
1920.0
1920.0
1840.0
1820.0
1820.0
1680.0
1680.0
1650.0
1590.0
1530.0
1530.0
1550.0
1600.0
1570.0
1560.0
1540.0
1550.0
1560.0
1530.0
1530.0
1520.0
1450.0
1420.0
1440.0
1480.0
1470.0
1480.0
1470.0
1430.0
1430.0
1420.0
1410.0
1430.0
1410.0
1440.0
1470.0
1490.0
1490.0
1510.0
1510.0
1500.0
1510.0
1490.0
1530.0
1520.0
1520.0
1520.0
1510.0
1500.0
1510.0
1510.0
1510.0
1510.0
1520.0
1530.0
1550.0
1550.0
1530.0
1550.0
1530.0
1530.0
1520.0
1510.0
1520.0
1520.0
1510.0
1510.0
1520.0
1520.0
1510.0
1530.0
1520.0
1510.0
1540.0
1540.0
1540.0
1570.0
1550.0
1540.0
1550.0
1550.0
1540.0
1560.0
1560.0
1560.0
1580.0
1570.0
1550.0
1540.0
1560.0
1520.0
1550.0
1550.0
1550.0
1550.0
1550.0
1590.0
1590.0
1670.0
1610.0
1610.0
1630.0
1640.0
1630.0
1620.0
1630.0
1630.0
1660.0
1670.0
1660.0
1660.0
1660.0
1650.0
1660.0
1710.0
1670.0
1650.0
1640.0
1640.0
1690.0
1690.0
1660.0
1620.0
1620.0
1630.0
1610.0
1650.0
1600.0
1600.0
1610.0
1630.0
1620.0
1630.0
1650.0
1640.0
1640.0
1640.0
1690.0
1670.0
1720.0
1730.0
1740.0
1770.0
1750.0
1870.0
1850.0
1880.0
1900.0
1890.0
1930.0
1850.0
1880.0
1860.0
1910.0
1910.0
1920.0
1900.0
1900.0
1930.0
1970.0
1990.0
2040.0
1980.0
2010.0
2020.0
2000.0
1920.0
1940.0
1950.0
1970.0
1960.0
1950.0
1930.0
1930.0
2000.0
2020.0
2020.0
1990.0
2020.0
1860.0
1720.0
1730.0
1730.0
1730.0
1720.0
1730.0
1730.0
1730.0
1720.0
1710.0
1710.0
1720.0
1710.0
1720.0
1700.0
1700.0
1700.0
1710.0
1710.0
1720.0
1700.0
1700.0
1690.0
1690.0
1690.0
1680.0
1680.0
1670.0
1670.0
1660.0
1650.0
1650.0
1630.0
1620.0
1630.0
1630.0
1630.0
1650.0
1650.0
1630.0
1620.0
1620.0
1630.0
1630.0
1610.0
1630.0
1620.0
1620.0
1650.0
1630.0
1660.0
1710.0
1700.0
1680.0
1680.0
1660.0
1700.0
1680.0
1670.0
1710.0
1710.0
1720.0
1760.0
1750.0
1740.0
1710.0
1720.0
1710.0
1710.0
1720.0
1700.0
1730.0
1730.0
1720.0
1720.0
1730.0
1720.0
1710.0
1710.0
1710.0
1730.0
1710.0
1730.0
1730.0
1750.0
1750.0
1720.0
1720.0
1770.0
1800.0
1790.0
1810.0
1840.0
1860.0
1860.0
1840.0
1830.0
1830.0
1820.0
1820.0
1900.0
1860.0
1850.0
1860.0
1850.0
1830.0
1820.0
1820.0
1810.0
1830.0
1780.0
1770.0
1770.0
1760.0
1760.0
1790.0
1780.0
1770.0
1740.0
1730.0
1740.0
1760.0
1750.0
1740.0
1770.0
1790.0
1790.0
1770.0
1760.0
1770.0
1740.0
1740.0
1700.0
1670.0
1660.0
1640.0
1640.0
1620.0
1630.0
1640.0
1650.0
1630.0
1660.0
1640.0
1640.0
1660.0
1680.0
1670.0
1680.0
1680.0
1690.0
1700.0
1630.0
1620.0
1600.0
1620.0
1620.0
1610.0
1560.0
1560.0
1560.0
1570.0
1580.0
1570.0
1590.0
1560.0
1550.0
1550.0
1550.0
1530.0
1550.0
1560.0
1550.0
1550.0
1550.0
1570.0
1550.0
1540.0
1480.0
1450.0
960.0
1210.0
1080.0
1340.0
1430.0
1550.0
1540.0
1540.0
1580.0
1610.0
1650.0
1660.0
1610.0
1590.0
1550.0
1550.0
1500.0
1410.0
1720.0
1550.0
1590.0
1560.0
1520.0
1500.0
1490.0
1550.0
1730.0
1720.0
1740.0
1670.0
1650.0
1630.0
1680.0
1700.0
1710.0
1700.0
1700.0
1700.0
1660.0
1680.0
1690.0
1710.0
1680.0
1700.0
1700.0
1710.0
1700.0
1660.0
1700.0
1650.0
1660.0
1660.0
1680.0
1700.0
1700.0
1740.0
1740.0
1770.0
1760.0
1740.0
1730.0
1760.0
1840.0
1840.0
1840.0
1800.0
