close
10.2
9.885
10.329
10.5
10.499
10.526
10.447
10.24
10.475
10.208
10.291
10.75
10.57
10.795
10.886
10.92
11.017
11.012
10.999
11.218
11.05
11.099
11.289
11.418
11.505
11.591
11.9
11.5
11.482
11.419
11.449
11.472
11.488
11.991
11.985
12.05
11.885
11.949
11.94
11.96
11.99
12.0
12.05
11.91
11.84
11.96
11.88
11.8
11.82
11.95
11.65
11.72
11.94
11.87
11.94
11.83
12.3
12.93
12.84
12.85
12.74
12.61
12.67
12.49
12.59
12.5
12.52
12.85
12.65
12.76
12.99
12.85
12.87
12.94
12.76
12.71
12.62
12.48
12.58
12.85
12.74
12.81
12.87
12.85
12.89
12.88
12.88
12.84
13.01
12.92
12.87
12.88
12.8
13.15
13.15
13.15
13.12
13.2
13.0
13.3
13.05
12.9
12.78
13.24
13.07
13.18
13.23
13.2
13.29
13.32
13.8
14.39
14.03
14.06
14.19
14.26
14.23
13.91
13.74
13.9
13.8
13.58
13.88
13.78
13.61
13.88
13.67
13.49
13.8
13.95
13.68
13.54
13.38
13.39
13.61
13.44
13.2
13.48
13.32
13.66
13.76
13.65
13.4
13.48
13.69
13.46
13.17
13.33
13.42
13.12
9.08
8.9
8.82
8.64
8.54
8.6
8.38
8.36
8.36
8.3
8.38
8.3
8.22
8.14
8.18
8.12
8.14
8.12
8.16
8.16
8.06
8.1
8.08
8.3
8.14
8.14
8.18
8.06
8.0
8.0
7.96
7.96
7.98
7.9
7.84
7.72
7.84
7.76
7.9
7.84
7.76
7.7
7.6
7.6
7.46
7.4
7.46
7.46
7.4
7.42
7.28
7.28
7.22
7.88
7.72
8.1
8.1
8.12
8.14
8.06
8.02
8.1
8.02
8.1
8.16
8.1
8.16
8.58
8.28
8.38
8.14
8.34
8.3
8.32
8.36
8.38
8.4
8.38
8.32
8.34
8.4
8.48
8.5
8.66
8.6
8.08
8.14
7.96
7.64
7.62
7.66
7.6
7.62
7.6
7.6
7.66
7.6
7.54
7.56
7.52
7.48
7.44
7.4
7.38
7.38
7.36
7.3
7.3
7.3
7.38
7.36
7.4
7.4
7.4
7.4
7.44
7.48
7.56
7.54
7.44
7.46
7.4
7.4
7.44
7.36
7.36
7.38
7.48
7.5
7.5
7.48
7.46
7.48
7.48
7.48
7.48
7.4
7.46
7.4
7.42
7.4
7.44
7.42
7.44
7.48
7.44
7.42
7.48
7.48
7.46
7.46
7.46
7.44
7.4
7.38
7.42
7.36
7.34
7.4
7.38
7.4
7.36
7.36
7.38
7.42
7.4
7.4
7.38
7.34
7.3
7.32
7.36
7.34
7.34
7.34
7.34
7.34
7.38
7.32
7.34
7.36
7.38
7.4
7.32
7.36
7.44
7.46
7.58
7.6
7.7
7.78
7.62
7.62
7.78
7.66
7.6
7.44
7.46
7.52
7.44
7.52
7.58
7.48
7.56
7.68
7.68
7.64
7.62
7.62
7.62
7.68
7.68
7.72
7.72
7.64
7.64
7.7
7.7
7.78
7.68
7.56
7.74
7.66
7.64
7.64
7.66
7.74
7.82
7.82
7.66
7.68
7.7
7.74
7.78
7.78
7.72
7.7
7.68
7.68
7.68
7.64
7.72
7.68
7.68
7.56
7.46
7.36
7.4
7.4
7.44
7.44
7.48
7.58
7.56
7.54
7.58
7.58
7.54
7.54
7.6
7.54
7.52
7.56
7.58
7.56
7.52
7.52
7.54
7.52
7.5
7.44
7.42
7.46
7.42
7.42
7.5
7.54
7.52
7.56
7.56
7.5
7.5
7.5
7.46
7.52
7.48
7.52
7.52
7.52
7.52
7.5
7.46
7.48
7.52
7.54
7.52
7.52
7.5
7.44
7.4
7.46
7.46
7.34
7.32
7.32
7.24
7.06
7.06
7.06
7.04
7.06
7.06
7.14
7.22
7.3
7.3
7.26
7.26
7.32
7.32
7.34
7.34
7.28
7.3
7.3
7.36
7.4
7.46
7.46
7.44
7.46
7.42
7.4
7.4
7.34
7.36
7.34
7.32
7.28
7.22
7.18
7.18
7.14
7.18
7.04
7.16
7.42
7.28
7.22
7.16
7.36
7.34
7.28
7.24
7.22
7.1
7.12
7.16
7.22
7.1
7.1
7.08
7.08
7.0
7.04
7.06
7.02
7.12
7.08
7.1
7.1
7.1
7.06
7.1
7.0
7.0
6.94
6.86
6.92
6.74
6.78
6.62
6.64
6.54
6.56
6.54
6.54
6.54
6.5
6.56
6.56
6.46
6.5
6.52
6.52
6.52
6.54
6.56
6.54
6.46
6.52
6.48
6.4
6.4
6.1
4.3
5.1
5.1
5.1
5.08
5.3
5.3
5.3
5.26
5.24
5.3
5.28
5.24
5.28
5.32
5.22
5.1
5.08
5.08
5.1
5.12
5.08
5.02
5.12
5.08
5.16
5.18
5.2
5.16
5.16
5.1
5.06
5.06
5.06
5.06
5.06
5.04
5.04
5.0
4.98
5.02
4.98
4.98
4.98
4.94
4.94
4.96
4.96
4.96
4.94
4.94
5.0
5.0
4.92
4.98
5.0
5.02
5.0
5.06
5.0
5.04
5.06
5.14
5.16
5.14
5.06
