close
814.0
800.0
763.2
755.0
736.3
721.0
731.0
739.7
736.0
720.3
679.9
636.0
641.4
582.0
589.9
566.6
566.3
540.8
542.3
564.6
560.2
580.0
590.0
581.7
561.7
553.0
552.2
551.9
550.5
548.0
550.7
555.7
568.8
559.7
553.8
549.5
557.0
561.0
572.1
572.0
568.9
553.9
577.0
597.4
618.8
660.0
636.0
628.5
620.0
655.0
648.0
644.0
637.0
630.0
620.5
615.0
607.0
604.5
605.0
600.0
605.0
601.0
594.0
616.0
612.0
612.5
620.0
618.0
622.0
626.5
622.5
593.0
609.0
611.0
618.0
621.0
603.0
598.5
605.5
604.5
604.5
605.0
598.0
599.5
585.0
592.0
595.0
585.5
590.0
592.0
587.5
588.5
587.5
583.5
585.5
580.5
590.5
587.5
590.0
597.5
591.5
592.5
632.0
662.5
686.0
731.5
747.5
744.0
751.0
751.5
735.0
704.5
706.0
687.5
693.0
685.5
688.5
679.0
670.0
670.0
668.5
662.0
670.0
666.0
672.0
700.0
702.5
694.5
684.5
687.5
691.0
685.0
670.0
667.5
659.0
662.0
650.5
644.0
642.0
645.0
650.5
671.0
668.0
669.5
661.0
651.0
687.0
690.0
697.5
697.5
704.5
701.0
707.0
702.5
705.5
712.0
705.0
705.0
700.0
695.5
696.0
697.5
705.5
702.5
703.0
718.0
713.5
708.0
700.0
693.5
697.0
686.5
639.0
656.5
660.0
671.0
677.5
692.5
698.0
701.0
692.0
693.5
698.5
695.0
703.5
694.0
699.0
705.5
705.5
709.0
716.5
735.5
731.5
727.0
723.5
755.0
778.0
763.5
774.0
770.0
767.0
776.0
784.0
788.5
790.5
790.0
782.0
751.0
731.0
696.0
735.0
730.0
755.0
756.0
748.0
778.0
770.0
770.5
783.0
800.0
827.5
837.0
839.0
813.5
812.5
794.0
816.0
795.5
800.0
780.5
755.5
774.0
771.0
772.0
772.0
762.5
759.5
743.0
741.0
744.5
747.0
763.0
762.0
781.0
784.0
769.0
772.0
755.0
760.5
759.5
761.5
766.5
766.0
752.5
759.0
744.0
749.0
745.5
751.0
744.5
748.0
752.5
772.0
799.0
794.5
820.5
801.0
788.5
794.5
797.5
807.0
832.0
800.0
770.0
792.5
808.0
820.5
818.5
809.5
826.5
838.0
818.0
842.0
847.5
838.5
860.0
854.5
881.5
861.5
905.0
906.5
900.5
920.0
900.0
906.5
904.0
890.5
879.5
879.0
860.0
884.0
893.5
920.5
924.5
962.0
947.5
951.5
941.0
950.5
959.0
935.0
891.0
897.5
899.0
889.5
890.5
881.0
880.0
882.5
905.0
893.5
901.5
886.0
877.0
887.0
893.5
882.0
886.0
885.0
887.0
878.0
877.5
870.0
860.5
867.0
877.5
890.0
855.0
840.5
825.0
795.0
788.5
788.5
810.0
830.0
800.0
804.5
793.5
797.5
800.0
793.0
793.0
780.0
789.0
757.5
754.5
759.5
757.0
762.0
750.0
738.0
730.0
736.5
742.5
740.0
733.0
735.5
735.0
722.0
729.0
729.0
723.5
724.5
733.5
731.5
723.5
739.0
725.0
721.5
728.0
727.0
728.0
727.5
731.0
737.5
740.0
745.0
755.0
770.5
780.5
814.0
852.0
838.0
842.5
835.5
805.5
796.0
775.0
801.0
781.0
794.5
815.0
815.0
793.5
818.5
813.5
823.5
826.0
827.0
836.0
834.5
832.0
833.0
830.0
857.0
907.5
892.0
945.0
967.5
967.0
930.0
973.5
935.5
936.5
969.5
960.0
922.5
891.5
870.0
910.5
867.5
850.0
821.0
841.0
858.0
896.0
880.0
894.5
879.5
880.5
876.0
845.5
813.5
789.5
824.5
829.0
843.5
810.0
833.0
840.5
882.0
872.5
853.5
829.0
853.0
830.0
827.0
812.0
787.0
787.0
796.0
835.0
836.5
832.0
830.0
828.5
833.5
831.0
843.0
875.0
869.0
885.5
918.0
915.5
896.0
930.0
946.5
958.5
965.5
942.0
922.0
915.5
868.0
911.5
905.0
903.0
879.5
882.5
871.0
908.0
899.0
907.5
887.0
868.5
863.5
867.0
871.0
920.0
955.0
969.0
914.0
957.0
975.0
998.0
959.0
927.0
816.0
850.5
650.0
641.0
658.0
606.5
600.0
590.5
679.0
782.0
787.0
799.5
781.0
788.0
779.0
761.5
758.5
762.0
751.0
723.5
741.5
717.0
695.5
691.5
700.5
688.0
651.0
702.5
724.0
709.0
715.0
685.0
685.0
674.0
645.0
630.5
626.0
630.0
650.0
665.0
655.0
643.5
611.5
608.5
604.5
625.0
636.5
632.5
614.5
613.0
609.5
594.5
576.0
572.0
588.0
568.0
556.5
538.0
535.0
536.0
531.0
524.5
524.5
514.0
514.0
509.5
521.0
524.5
512.0
494.5
