close
146.0
145.46
143.0
143.0
142.92
141.38
139.26
142.0
142.7
143.0
139.96
139.48
140.16
140.02
139.8
138.1
134.58
131.22
125.0
123.48
124.0
121.48
121.9
118.36
117.5
116.0
103.12
100.48
96.96
89.3
77.8
85.28
92.6
102.32
106.86
106.68
106.26
104.04
101.1
101.58
98.18
99.2
96.4
96.1
93.88
93.0
91.0
91.78
91.0
89.56
86.34
85.62
82.0
81.38
80.98
81.4
81.0
79.6
80.04
82.0
84.5
86.0
84.14
84.28
83.78
83.36
84.5
82.98
82.08
80.96
82.36
83.3
82.86
83.6
86.62
89.38
92.0
91.2
90.2
90.18
88.78
87.96
85.44
87.5
88.7
92.64
92.16
91.5
92.24
92.0
92.98
95.2
94.98
93.98
94.68
96.18
97.02
95.38
96.3
97.66
98.22
101.16
100.92
100.32
98.42
99.32
97.06
97.88
100.08
98.98
101.0
106.3
108.2
111.68
109.9
109.64
109.3
109.68
112.0
111.0
112.0
109.46
109.0
110.1
110.92
109.3
109.6
110.08
110.14
110.82
110.96
111.0
111.2
110.08
110.0
111.38
111.1
113.14
113.9
115.2
118.6
117.8
116.94
116.3
117.52
114.52
114.62
114.4
115.98
116.84
118.38
118.26
117.96
120.46
121.94
120.4
120.48
121.06
123.3
122.66
122.64
123.2
123.6
126.68
125.26
122.4
122.8
123.24
124.1
124.2
122.82
122.96
121.8
123.92
124.54
126.9
127.8
126.86
127.38
128.3
126.98
128.7
131.76
130.5
129.9
126.56
127.2
127.0
127.68
128.2
130.64
132.7
133.8
133.78
133.76
134.58
134.14
135.4
135.6
137.32
127.8
128.62
126.58
125.8
125.2
124.24
123.9
122.72
123.3
121.2
120.12
119.22
116.12
116.08
116.48
117.06
120.1
123.82
125.06
125.34
124.9
127.22
123.8
124.66
124.74
125.7
126.8
126.78
126.48
124.5
127.52
128.5
129.84
131.24
131.14
129.3
129.44
129.28
129.32
130.2
131.72
132.08
133.48
134.48
135.26
138.6
136.8
136.0
134.88
135.84
136.0
136.76
136.66
136.02
135.6
133.76
133.26
133.7
133.82
134.1
133.42
133.28
133.58
134.22
133.82
132.5
132.46
133.0
130.28
124.0
128.7
128.98
125.0
124.08
123.0
123.3
124.48
121.5
122.26
123.22
122.06
122.6
122.56
123.18
125.02
124.8
126.0
123.02
122.78
122.2
122.5
122.2
123.4
125.14
121.34
119.88
119.58
118.9
118.54
122.02
123.1
124.62
127.86
128.5
126.92
127.0
125.98
125.9
126.9
122.56
123.12
123.08
122.3
122.1
121.92
121.94
122.22
122.18
121.94
121.66
122.06
121.48
123.0
120.9
118.68
118.02
117.94
117.78
117.36
114.98
116.2
117.72
117.92
116.5
117.16
118.14
118.52
122.8
123.98
123.62
122.86
123.0
122.98
121.4
121.5
117.54
118.56
119.4
119.08
120.84
120.88
120.4
120.16
118.88
120.5
119.5
117.88
118.38
119.22
120.18
120.3
120.86
121.0
120.72
118.72
118.98
119.5
117.2
117.48
119.52
120.64
121.5
121.88
122.54
124.14
124.28
121.66
121.4
122.36
121.68
120.66
119.1
119.02
119.0
119.54
119.22
119.36
118.34
119.38
120.3
118.84
118.72
118.86
118.42
119.1
119.04
119.98
121.96
123.1
123.6
123.82
124.74
125.2
125.62
125.42
125.3
127.28
130.34
128.5
125.08
122.8
124.96
122.0
122.38
125.4
122.78
122.0
118.18
115.0
114.08
111.9
112.7
111.6
111.74
111.8
114.26
114.0
114.32
113.94
112.94
113.48
113.68
113.98
113.58
113.7
113.1
111.92
111.5
114.86
114.5
112.68
111.78
113.16
113.18
113.1
111.14
111.2
110.2
109.26
109.3
109.1
107.22
106.82
107.86
107.02
106.52
102.06
103.48
103.3
104.6
100.62
99.48
100.3
102.88
101.8
101.88
103.9
104.02
102.78
92.9
90.18
84.5
83.0
85.4
86.88
87.6
86.28
87.88
86.58
83.08
82.56
81.78
81.56
83.7
85.5
87.9
90.08
96.0
94.08
93.6
96.66
94.8
92.64
88.2
89.3
87.0
91.06
93.3
90.2
84.8
87.38
88.52
89.9
89.5
92.18
91.52
91.6
88.02
86.0
87.2
89.6
95.66
94.58
91.84
89.2
91.02
91.98
89.5
86.38
77.96
74.96
45.22
52.22
55.96
62.98
78.66
79.46
73.84
72.04
67.02
65.5
72.7
72.7
72.0
68.38
66.34
64.88
66.72
68.68
66.18
62.32
62.0
59.0
63.12
61.08
62.5
60.68
61.32
60.76
61.16
59.34
58.5
58.8
61.68
62.68
62.86
60.58
59.06
58.66
60.2
62.74
61.74
61.18
60.7
60.1
60.0
55.82
52.72
50.88
53.1
53.1
53.04
51.92
52.58
54.32
56.36
56.52
60.72
58.4
60.54
62.36
63.88
64.04
60.68
57.26
