close
0.05968
0.05965
0.06015
0.0592
0.05808
0.05875
0.059
0.05725
0.0583
0.05982
0.05919
0.0598
0.059
0.05886
0.05895
0.05954
0.06097
0.05929
0.06024
0.05913
0.05882
0.05766
0.05837
0.05797
0.05724
0.05706
0.05608
0.05451
0.05413
0.05481
0.05428
0.0536
0.0534
0.05143
0.0518
0.05284
0.05259
0.05379
0.055
0.05437
0.05302
0.05221
0.05333
0.05413
0.05384
0.05413
0.05425
0.05466
0.05419
0.05579
0.05565
0.05527
0.05491
0.05604
0.05492
0.05511
0.0549
0.054
0.05383
0.05431
0.0562
0.05522
0.05505
0.0547
0.05575
0.05569
0.05568
0.05622
0.0558
0.05618
0.05538
0.05593
0.0567
0.05761
0.05721
0.05683
0.0569
0.057
0.0574
0.05645
0.05545
0.0541
0.05469
0.05601
0.05597
0.0547
0.0552
0.05471
0.05523
0.0563
0.05508
0.05555
0.05571
0.05565
0.0558
0.05461
0.0538
0.0538
0.05381
0.0539
0.05402
0.05422
0.05361
0.05488
0.05452
0.05408
0.05407
0.05458
0.05509
0.05475
0.05397
0.05373
0.05364
0.05406
0.05378
0.0538
0.05386
0.05372
0.0542
0.05411
0.05357
0.0536
0.05469
0.05398
0.05429
0.05371
0.05145
0.04836
0.04716
0.04703
0.0453
0.04321
0.03933
0.03287
0.03483
0.03874
0.04
0.04476
0.04761
0.04662
0.04699
0.04509
0.0452
0.04569
0.04713
0.0485
0.0503
0.04897
0.04955
0.05003
0.05226
0.051
0.05195
0.05097
0.05195
0.05238
0.05263
0.052
0.0505
0.05035
0.05072
0.04941
0.04982
0.04913
0.04889
0.04953
0.05004
0.0524
0.05404
0.05389
0.05471
0.05795
0.0677
0.06853
0.0643
0.06813
0.0652
0.068
0.0665
0.07165
0.07621
0.07535
0.07452
0.0757
0.07777
0.07755
0.07555
0.06999
0.0743
0.07889
0.0763
0.07334
0.0782
0.07458
0.0723
0.06728
0.06294
0.06669
0.0652
0.06313
0.061
0.0623
0.06588
0.068
0.0692
0.069
0.07134
0.0706
0.07101
0.068
0.06505
0.06687
0.0646
0.06524
0.06473
0.06447
0.0651
0.06605
0.064
0.06458
0.06482
0.0659
0.06462
0.0645
0.071
0.0699
0.0678
0.06802
0.06748
0.06654
0.06578
0.06673
0.0678
0.06685
0.0655
0.06721
0.06719
0.06682
0.0671
0.06529
0.0664
0.06668
0.06508
0.06467
0.06502
0.06452
0.0654
0.06565
0.06621
0.0647
0.06544
0.06463
0.06598
0.06525
0.0657
0.0659
0.06579
0.06588
0.06528
0.06433
0.0643
0.06303
0.06237
0.06301
0.06487
0.0639
0.0635
0.06202
0.0639
0.0615
0.06225
0.06174
0.06187
0.06184
0.0632
0.0639
0.06398
0.0631
0.06729
0.06485
0.06439
0.06635
0.06448
0.06441
0.06518
0.0663
0.068
0.0674
0.06512
0.06589
0.0655
0.06585
0.06695
0.06546
0.06574
0.0657
0.0659
0.0651
0.06485
0.0636
0.06379
0.06251
0.0599
0.06283
0.0623
0.06479
0.06535
0.06499
0.0648
0.06366
0.06471
0.06429
0.06421
0.06536
0.06552
0.0654
0.0645
0.06525
0.06404
0.06349
0.0634
0.05912
0.06187
0.06082
0.05976
0.05897
0.06098
0.0591
0.0594
0.05893
0.05994
0.05889
0.06008
0.06026
0.0595
0.06042
0.06211
0.06155
0.06169
0.06059
0.06071
0.06025
0.0597
0.0603
0.0644
0.0633
0.06333
0.06142
0.06206
0.06191
0.06278
0.06215
0.06322
0.06307
0.0629
0.06237
0.06111
0.0624
0.0619
0.0618
0.06029
0.0605
0.06128
0.06303
0.06206
0.06265
0.0632
0.06046
0.06161
0.0616
0.06138
0.06112
0.06119
0.06099
0.0605
0.06015
0.05912
0.05827
0.05949
0.0592
0.05868
0.05859
0.0594
0.06061
0.06068
0.0604
0.05916
0.05932
0.05982
0.05986
0.05879
0.05828
0.05854
0.0594
0.05968
0.0611
0.06075
0.05874
0.05895
0.05818
0.05773
0.05499
0.05529
0.0565
0.05568
0.05694
0.0578
0.0575
0.05788
0.0585
0.05895
0.0585
0.05887
0.05815
0.06022
0.06187
0.0614
0.0605
0.06253
0.06264
0.0614
0.06204
0.0618
0.06298
0.06193
0.06328
0.0627
0.0623
0.0628
0.06295
0.06495
0.06581
0.06816
0.06782
0.06693
0.06761
0.06789
0.06834
0.0684
0.06751
0.06823
0.06808
0.06884
0.0733
0.07365
0.0765
0.0783
0.08215
0.08288
0.08201
0.08298
0.08475
0.082
0.08344
0.0826
0.0848
0.08899
0.09106
0.09695
0.09674
0.09495
0.09669
0.097
0.09872
0.09476
0.08777
0.08942
0.095
0.0961
0.09558
0.09623
0.09829
0.09715
0.0957
0.09805
0.10045
0.10773
0.10866
0.10696
0.108
0.10886
0.10997
0.11
0.1102
0.10929
0.1105
0.10811
0.112
0.113
0.11938
0.12298
0.12283
0.12327
0.12699
0.13
0.1286
0.13797
0.139
0.1272
0.13
0.12797
0.12127
0.12299
0.12999
0.1379
0.1445
0.14029
0.14099
0.142
0.13982
0.141
0.14315
0.151
0.153
0.153
0.1565
0.15815
0.16821
0.167
0.1643
0.16339
0.15548
0.15
0.14307
0.14177
0.14872
0.14549
0.147
0.1466
0.14705
0.14931
0.154
0.1611
0.1585
0.156
0.1585
0.16099
0.163
0.15935
0.15868
0.15762
0.15396
0.1475
0.153
0.152
0.15495
0.15454
0.15377
0.151
0.15049
0.15063
0.15451
0.15531
0.16178
0.16439
0.16436
0.1681
0.17227
0.17067
0.175
0.17321
0.1722
0.17951
0.17959
0.18
0.18115
0.17989
0.17998
0.17705
0.1726
0.1705
0.16172
0.16788
0.16886
0.17377
0.17362
0.176
0.1763
0.17212
0.1773
0.17603
0.17849
0.1795
0.17635
0.169
0.16977
0.17079
0.175
0.1699
0.17131
0.16814
0.16424
0.16436
0.1679
0.16852
0.1668
0.1652
0.1655
0.16803
0.1722
0.169
0.169
0.171
0.1692
0.1653
0.1655
0.16071
0.16105
0.16477
0.16602
0.16535
0.172
0.17125
0.1719
0.18267
0.17989
0.17996
0.17774
0.18164
0.186
0.18872
0.1948
0.1921
0.2002
0.19775
0.1931
0.201
0.19862
0.19852
0.203
0.20381
0.20411
0.2063
0.2045
0.20418
0.20273
0.20183
0.2005
0.195
0.19443
0.19232
0.19326
0.20079
0.19994
0.20077
0.2032
0.20646
0.2063
0.205
0.2059
0.20599
0.20424
0.20472
0.20724
0.20444
0.20595
0.2034
0.21827
0.21158
0.21026
0.213
0.2206
0.21863
0.2256
0.231
0.23649
0.2323
0.236
0.2403
0.2483
0.2424
0.24805
0.2562
0.255
0.255
0.2573
0.2571
0.25825
0.253
0.252
0.2399
0.249
0.23645
0.22595
0.206
0.214
0.22245
0.2089
0.2105
0.2076
0.1981
0.16375
0.17475
0.1765
0.17785
0.1793
0.18995
0.19055
0.1949
0.18805
0.1948
0.1892
0.1904
0.179
0.1725
0.1753
0.1857
0.1791
0.18385
0.1888
0.18895
0.1854
0.17795
0.1711
0.1742
0.17365
0.1749
0.17635
0.18065
0.17415
0.176
0.17385
0.174
0.19015
0.1925
0.19095
0.18985
0.1964
0.19545
0.195
0.19195
0.19155
0.1932
0.19155
0.195
0.1901
0.1839
0.1909
0.1878
0.1838
0.1774
0.1805
0.183
0.1759
0.17505
0.17
0.17265
0.1641
0.163
0.16495
0.16375
0.1646
0.16215
0.15865
0.1627
0.1632
0.16
0.1548
0.156
0.1541
0.1548
0.15865
0.164
0.1649
0.1633
0.1665
0.1673
0.1697
0.1714
0.1737
0.177
0.176
0.1744
0.1754
0.1793
0.18035
0.18
0.18095
0.18
0.17685
0.16875
0.17245
0.171
0.16845
0.1667
0.16715
0.16725
0.17195
0.17
0.167
0.168
0.1682
0.16895
0.17
0.1701
0.174
0.17195
0.16845
0.1698
0.1694
0.1716
0.1728
0.17145
0.16905
0.1706
0.1702
0.1702
0.1724
0.17145
0.1745
0.1737
0.1728
0.177
0.17735
0.17615
0.17295
0.1726
0.171
0.17335
0.17355
0.17365
0.1737
0.17335
0.1738
0.17375
0.1706
0.17075
0.16965
0.17445
0.1745
0.173
0.17315
0.172
0.1711
0.17085
0.1715
0.17155
0.1718
0.17115
0.1741
0.17205
0.1733
0.17155
0.17175
0.1723
0.17035
0.1703
0.16665
0.166
0.1614
0.1645
0.1623
0.164
0.1625
0.1611
0.158
0.16145
0.16205
0.1624
0.1627
0.1642
0.16325
0.1638
0.1639
0.16255
0.1599
0.16395
0.1626
0.16925
0.1674
0.16705
0.16645
0.167
0.1657
0.1668
0.165
0.16475
0.164
0.163
0.1605
0.1603
0.16065
0.15905
0.16155
0.1615
0.16145
0.1618
0.16175
0.161
0.1605
0.16335
0.16325
0.16655
0.16595
0.1635
0.1624
0.16265
0.16205
0.16285
0.1636
0.1639
0.1648
0.1646
0.1654
0.1646
0.16335
0.1632
0.1641
0.1661
0.18
0.18475
0.1781
0.1782
0.1745
0.17215
0.17445
0.17785
0.175
0.174
0.1755
0.1759
0.1679
0.16975
0.1699
0.1707
0.17395
0.17675
0.177
0.178
0.1775
0.1756
0.177
0.178
0.1753
0.1757
0.17655
0.1759
0.1735
0.174
0.1763
0.1779
0.1759
0.1766
0.17785
0.17755
0.17315
0.175
0.1792
0.177
0.17595
0.177
0.17615
0.1755
0.17415
0.17675
0.17575
0.17705
0.1812
0.1795
0.1813
0.1817
0.181
0.1808
0.1709
0.1683
0.16995
0.1717
0.16865
0.167
0.17075
0.1722
0.1713
0.1715
0.1756
0.1735
0.17185
0.17405
0.1772
0.1764
0.1755
0.17475
0.17485
0.1759
0.17665
0.1755
0.177
0.17645
0.1756
0.1744
0.179
0.183
0.18505
0.18055
0.1814
0.181
0.1815
0.1795
0.18065
0.18085
0.18195
0.1825
0.18395
0.187
0.1847
0.1831
0.18495
0.183
0.18385
0.1824
0.18365
0.18315
0.1811
0.183
0.1815
0.1823
0.1819
0.1847
0.1842
0.1835
0.18535
0.18485
0.1875
0.18775
0.18755
0.188
0.19
0.18985
0.191
0.191
0.18885
0.18705
0.18915
0.189
0.17455
0.1745
0.1734
0.1686
0.16995
0.17125
0.1706
0.1742
0.1712
0.1689
0.1704
0.16925
0.16565
0.16415
0.16255
0.1619
0.1587
0.161
0.1564
0.1552
0.1569
0.154
0.15295
0.1514
0.1516
0.155
0.1537
0.1524
0.15145
0.15425
0.1524
0.1525
0.1535
0.163
0.15985
0.15695
0.157
0.15555
0.15655
0.1548
0.1555
0.1569
0.15735
0.1626
0.16685
0.16475
0.1636
0.1647
0.1677
0.16455
0.16565
0.1665
0.16745
0.1661
0.16185
0.1657
0.16725
0.165
0.1607
0.16
0.15825
0.15175
0.15045
0.15495
0.15405
0.1558
0.155
0.1535
0.154
0.153
0.15
0.1545
0.15105
0.149
0.152
0.153
0.15295
0.1528
0.1526
0.1547
0.15628
0.1537
0.15304
0.15244
0.15266
0.1535
0.15306
0.152
0.1513
0.1505
0.1523
0.15282
0.1537
0.15352
0.15282
0.1553
0.15702
0.15518
0.15692
0.15954
0.15852
0.15714
0.15616
0.154
0.15788
0.15462
0.153
0.15158
0.15268
0.15164
0.15178
0.15116
0.1531
0.1516
0.1505
0.14856
0.14588
0.14744
0.14812
0.147
0.14956
0.1494
0.15194
0.15292
0.15358
0.1536
0.15322
0.1553
0.15484
0.1561
0.1565
0.15678
0.16062
0.16312
0.16426
0.162
0.162
0.1621
0.16618
0.16588
0.166
0.16576
0.1656
0.1651
0.16502
0.16644
0.16588
0.1633
0.1643
0.165
0.16544
0.16574
0.16366
0.16358
0.1697
0.169
0.16914
0.1696
0.167
0.1661
0.1673
0.16694
0.1657
0.165
0.16504
0.16768
0.16586
0.1656
0.1697
0.1677
0.1662
0.1665
0.1662
0.1664
0.167
0.16682
0.1665
0.1642
0.1641
0.16464
0.16448
0.1637
0.16288
0.16204
0.16476
0.16676
0.16868
0.1665
0.16586
0.16602
0.16664
0.1663
0.1662
0.166
0.16634
0.1662
0.1659
0.16592
0.16544
0.165
0.166
0.16546
0.16482
0.16622
0.16672
0.1665
0.16434
0.1668
0.1662
0.165
0.1667
0.1726
0.17276
0.17288
0.17548
0.176
0.1775
0.1751
0.1754
0.1744
0.17594
0.17268
0.17462
0.179
0.1765
0.17828
0.18236
0.18448
0.1832
0.18668
0.18816
0.19194
0.19682
0.19998
0.2098
0.20354
0.2049
0.2
0.20084
0.20318
0.2025
0.20112
0.2032
0.2084
0.20492
0.2047
0.204
0.20222
0.20314
0.197
0.20224
0.1805
0.176
0.17956
0.17984
0.17918
0.18142
0.1797
0.17878
0.1825
0.18332
0.18562
0.18076
0.184
0.18234
0.18018
0.1771
0.18006
0.1813
0.1806
0.17816
0.17596
0.17648
0.17414
0.17044
0.1692
0.1674
0.1713
0.17262
0.171
0.1694
0.1701
0.16998
0.171
0.1727
0.1775
0.17836
0.18078
0.18528
0.18588
0.18384
0.1838
0.18192
0.183
0.1848
0.19314
0.1917
0.18694
0.187
0.186
0.185
0.1851
0.18018
0.18118
0.18166
0.18262
0.18576
0.18276
0.17964
0.1823
0.18066
0.18112
0.18154
0.1801
0.18004
0.18052
0.18038
0.1813
0.1822
0.18494
0.18716
0.18474
0.18542
0.18356
0.1838
0.182
0.18312
0.1822
0.184
0.1845
0.186
0.1884
0.1917
0.19
0.1894
0.1915
0.19
0.19248
0.1891
0.1905
0.19098
0.19804
0.195
0.19316
0.19352
0.1985
0.19754
0.1941
0.19474
0.1953
0.194
0.19248
0.1912
0.1914
0.1933
0.19298
0.19398
0.19468
0.19296
0.1939
0.1943
0.19782
0.2014
0.1985
0.20094
0.1996
0.2
0.19992
0.1998
0.20046
0.20064
0.2082
0.2097
0.20782
0.2123
0.20602
0.206
0.20676
0.20396
0.20676
0.22
0.21802
0.2134
0.214
0.2087
0.2182
0.21176
0.21694
0.22448
0.22498
0.21914
0.222
0.22348
0.229
0.2248
0.22312
0.2255
0.22278
0.22562
0.22964
0.231
0.2331
0.22746
0.23346
0.23676
0.24322
0.227
0.228
0.2183
0.207
0.205
0.21158
0.20614
0.20172
0.1929
0.17128
0.16392
0.146
0.15006
0.15012
0.14962
0.13636
0.144
0.15046
0.149
0.162
0.16266
0.16
0.15506
0.15406
0.16098
0.15922
0.15962
0.16432
0.1785
0.17414
0.17824
0.18002
0.1808
0.177
0.17812
0.173
0.1748
0.1752
0.1722
0.17204
0.1772
0.1821
0.1812
0.18
0.18214
0.1854
0.18354
0.18336
0.183
0.1815
0.1824
0.1863
0.188
0.18828
0.18694
0.18204
0.18698
0.18796
0.19296
0.192
0.19578
0.19892
0.1955
0.19216
0.18676
0.18354
0.18398
0.184
0.1875
0.18362
0.1838
0.184
0.182
0.188
0.1855
0.1844
0.18744
0.188
0.191
0.1857
0.18762
0.19002
0.19064
0.1859
0.18838
0.1867
0.18908
0.19014
0.19322
0.1897
0.19198
0.19008
0.1913
0.18942
0.186
0.1849
0.18488
0.1895
0.19294
0.196
0.19434
0.1943
0.1965
0.1975
0.196
0.20418
0.1995
0.1999
0.20152
0.20358
0.20338
0.20098
0.1993
0.20276
0.20098
0.20306
0.2024
0.20382
0.20546
0.20292
0.2022
0.1989
0.1976
0.20012
0.1985
0.2004
0.20026
0.19792
0.1958
0.1975
0.19772
0.19812
0.19696
0.19906
0.19874
0.19828
0.1978
0.19902
0.20324
0.2026
0.20302
0.20342
0.2072
0.2013
0.20078
0.19948
0.20108
0.19972
0.2016
0.1986
0.1973
0.19588
0.19532
0.1945
0.19464
0.1953
0.1972
0.19476
0.19438
0.19088
0.1918
0.1882
0.18522
0.1821
0.18694
0.18848
0.19048
0.193
0.1886
0.18914
0.18338
0.18754
0.18932
0.1908
0.19248
0.19536
0.19656
0.199
0.1983
0.19792
0.19744
0.19836
0.1982
0.19568
0.19672
0.1973
0.19652
0.2012
0.19946
0.1997
0.20202
0.20344
0.20092
0.20226
0.20298
0.20316
0.20262
0.2012
0.20128
0.20248
0.2023
0.20176
0.20628
0.2062
0.21272
0.21268
0.2118
0.21048
0.21116
0.21536
0.2136
0.2158
0.2257
0.22236
0.2225
0.2255
0.22914
0.22904
0.23062
0.23046
0.22584
0.2219
0.22266
0.2208
0.22152
0.2196
0.2222
0.2173
0.21698
0.21698
0.21624
0.21396
0.21502
0.213
0.2145
0.21488
0.21696
0.21698
0.21694
0.22018
0.2201
0.21672
0.21608
0.21838
0.21994
0.22156
0.2199
0.21786
0.2155
0.21612
0.21758
0.2147
0.21498
0.21462
0.21428
0.21436
0.2145
0.21114
0.21186
0.2108
0.21014
0.211
0.21118
0.2162
0.21342
0.2127
0.2109
0.21408
0.2144
0.2122
0.2153
0.21454
0.21486
0.215
0.2168
0.21742
0.2148
0.21484
0.212
0.21
0.212
0.2107
0.21178
0.212
0.21436
0.21294
0.2112
0.21378
0.21402
0.21218
0.21424
0.21374
0.21444
0.21624
0.21474
0.2153
0.21454
0.2132
0.2139
0.218
0.2195
0.2199
0.21852
0.22164
0.2216
0.22008
0.22408
0.22502
0.2245
0.22558
0.22714
0.22756
0.22702
0.2216
0.2197
0.21792
0.21814
0.2193
0.21944
0.22126
0.22238
0.22144
0.22394
0.2236
0.22338
0.22248
0.2228
0.22462
0.22244
0.2224
0.2217
0.22256
0.22268
0.22248
0.22146
0.22074
0.2216
0.22274
0.21972
0.21974
0.22262
0.22222
0.22246
0.22466
0.23026
0.22782
0.22916
0.22808
0.22746
0.22798
0.20916
0.20736
0.2024
0.20514
0.20434
0.20334
0.20392
0.20288
0.20312
0.2075
0.2044
0.20196
0.20018
0.1989
0.19838
0.19914
0.197
0.19674
0.19828
0.19742
0.19654
0.19628
0.1951
0.19472
0.19408
0.19406
0.19506
0.19584
0.19916
0.19846
0.1966
0.19628
0.1977
0.1973
0.19596
0.1987
0.20204
0.20114
0.1977
0.19984
0.19574
0.19748
0.19728
0.19696
0.19564
0.1962
0.19038
0.1882
0.19022
0.18998
0.19
0.18962
0.18948
0.18654
0.1877
0.18568
0.18632
0.18602
0.1898
0.18944
0.1919
0.19278
0.1945
0.194
0.19612
0.19752
0.19772
0.19614
0.19696
0.19626
0.19282
0.19318
0.1935
0.1898
0.1881
0.18788
0.1864
0.18758
0.18316
0.1824
0.18046
0.18166
0.18356
0.17982
0.18224
0.18138
0.18188
0.18142
0.18048
0.18022
0.179
0.17394
0.17578
0.17314
0.17336
0.16732
0.16686
0.1659
0.1667
0.17134
0.16994
0.16886
0.16602
0.1657
0.16618
0.16702
0.16206
0.16002
0.16002
0.16196
0.16404
0.16536
0.16782
0.16542
0.16458
0.16596
0.16596
0.1638
0.16178
0.16268
0.16664
0.17204
0.16852
0.16718
0.16706
0.16738
0.16998
0.16556
0.16212
0.16194
0.15448
0.1548
0.15554
0.15138
0.14354
0.14496
0.14046
0.1459
0.144
0.1444
0.1448
0.1423
0.14002
0.1403
0.13854
0.13934
0.14828
0.144
0.13794
0.13558
0.139
0.1412
0.13708
0.13272
0.11192
0.11754
0.08524
0.09308
0.1098
0.10506
0.0975
0.0925
0.10356
0.11214
0.11458
0.1134
0.10868
0.109
0.1093
0.10704
0.10464
0.10446
0.1031
0.09974
0.0999
0.09834
0.0962
0.09602
0.09492
0.09448
0.0931
0.09646
0.09924
0.09736
0.10024
0.09908
0.0998
0.09966
0.09964
0.09842
0.09898
0.10174
0.1069
0.10544
0.10482
0.10252
0.10004
0.10306
0.10272
0.10676
0.11214
0.09998
0.0951
0.09406
0.09116
0.08864
0.08512
0.08604
0.08412
0.08436
0.0842
0.08768
0.0896
0.09166
0.09124
0.0941
0.09188
0.09048
0.08998
0.09122
0.0936
0.09258
0.09542
0.08924
