close
3.345
3.4
3.395
3.467
3.427
3.453
3.361
3.37
3.437
3.469
3.45
3.418
3.409
3.352
3.333
3.396
3.301
3.3
3.372
3.305
3.3
3.26
3.165
3.192
3.147
3.094
3.019
3.004
2.926
3.09
3.17
3.18
3.133
3.04
3.119
3.121
3.181
3.18
3.185
3.19
3.17
3.147
3.16
3.165
3.15
3.145
3.15
3.14
3.172
3.246
3.183
3.169
3.1
3.136
3.147
3.15
3.155
3.05
2.999
3.039
3.111
3.1
3.12
3.09
3.017
3.037
3.059
3.09
3.014
3.058
3.032
3.058
3.019
2.99
3.01
3.0
2.994
2.99
2.971
2.93
2.79
2.85
3.0
2.9
2.84
2.9
2.88
2.85
2.85
2.82
2.76
2.8
2.82
2.87
2.9
2.82
2.81
2.82
2.8
2.85
2.85
2.81
2.84
2.81
2.92
3.0
3.06
3.12
3.17
3.06
3.05
3.09
3.12
3.1
3.1
3.12
3.07
3.04
3.03
3.03
3.02
2.99
3.06
3.12
3.2
3.16
3.05
2.95
2.91
2.97
2.86
3.09
2.99
2.7
2.75
2.91
2.89
2.94
2.88
2.88
2.9
2.88
2.79
2.81
2.8
2.8
2.9
2.91
2.73
2.8
2.85
2.91
2.9
2.89
2.88
2.9
2.78
2.85
2.8
2.78
2.81
2.79
2.77
2.76
2.77
2.79
2.8
2.84
2.79
2.83
2.87
2.85
2.88
3.49
3.45
3.3
3.22
3.26
3.2
3.29
3.36
3.37
3.4
3.39
3.35
3.34
3.33
3.25
3.35
3.3
3.32
3.15
3.1
3.16
3.11
3.07
3.03
3.04
3.05
2.94
2.96
2.91
2.99
2.98
3.03
3.14
3.24
3.05
2.99
3.04
2.99
3.21
3.15
3.08
3.05
3.1
3.06
3.02
3.01
2.99
3.02
2.95
2.96
2.94
2.96
2.96
3.11
3.05
3.05
3.0
2.99
3.04
2.96
3.0
2.99
2.95
2.99
2.97
3.0
2.93
2.92
2.95
2.9
2.91
2.98
2.93
2.96
2.95
3.0
3.04
2.96
2.92
2.95
2.93
3.2
3.36
3.28
3.27
3.16
3.05
3.24
3.15
3.15
3.05
2.99
3.0
3.02
3.0
2.96
2.97
3.03
3.01
3.06
3.12
3.16
2.94
2.96
2.96
2.92
2.94
2.84
2.82
2.79
2.71
2.73
2.65
2.7
2.64
2.57
2.61
2.47
2.74
2.72
2.67
2.6
2.6
2.79
2.72
2.7
2.64
2.59
2.59
2.44
2.53
2.63
2.6
2.7
2.69
2.61
2.62
2.65
2.67
2.68
2.68
2.66
2.64
2.66
2.68
2.7
2.93
2.81
2.83
2.79
2.68
2.67
2.65
2.63
2.64
2.69
2.68
2.67
2.65
2.69
2.69
2.68
2.7
2.73
2.76
2.8
2.75
2.69
2.75
2.7
2.73
2.7
2.7
2.69
2.65
2.68
2.67
2.65
2.66
2.69
2.7
2.64
2.69
2.67
2.68
2.69
2.69
2.69
2.96
2.93
2.85
2.96
3.06
2.97
2.87
2.92
2.79
2.78
2.78
2.78
2.82
2.83
2.82
2.79
2.73
2.74
2.76
2.75
2.73
2.7
2.69
2.71
2.68
2.67
2.66
2.68
2.76
2.71
2.69
2.73
2.71
2.7
2.73
2.75
2.71
2.72
2.7
2.7
2.63
2.63
2.64
2.63
2.6
2.62
2.62
2.59
2.62
2.73
2.69
2.61
2.595
2.585
2.605
2.595
2.595
2.6
2.54
2.525
2.585
2.595
2.59
2.58
2.56
2.56
2.545
2.56
2.495
2.495
2.49
2.485
2.5
2.49
2.5
2.495
2.495
2.495
2.5
2.535
2.575
2.635
2.57
2.505
2.525
2.525
2.565
2.615
2.615
2.73
2.73
2.645
2.7
2.7
2.685
2.71
2.67
2.725
2.695
2.71
2.67
2.69
2.675
2.68
2.69
2.67
2.62
2.6
2.615
2.715
2.695
2.7
2.58
2.54
2.485
2.37
2.405
2.43
2.38
2.4
2.43
2.4
2.375
2.335
2.31
2.26
2.29
2.28
2.28
2.31
2.27
2.25
2.26
2.235
2.235
2.145
2.09
2.095
2.05
1.905
1.85
1.775
1.725
1.78
1.75
1.73
1.725
1.67
1.665
1.665
1.71
1.745
1.8
1.775
1.885
1.885
1.895
1.83
1.81
1.795
1.755
1.805
1.935
1.915
1.845
1.835
1.83
1.755
1.765
1.77
1.78
1.825
1.81
1.84
1.82
1.795
1.775
1.725
1.705
1.705
1.69
1.74
1.715
1.7
1.7
1.695
1.705
1.695
1.705
1.705
1.69
1.7
1.7
1.76
1.75
1.74
1.77
1.72
1.725
1.76
1.8
1.795
1.74
1.74
1.755
1.765
1.76
1.745
1.74
1.74
1.73
1.72
1.72
1.7
1.715
1.77
1.845
1.82
1.765
1.81
1.855
1.915
1.855
1.835
1.84
1.825
1.81
1.845
1.825
1.825
1.83
1.84
1.835
1.835
1.865
1.805
1.825
1.88
1.905
2.1
2.435
2.505
2.316
2.267
2.364
2.555
2.498
2.568
2.702
2.688
2.723
3.299
3.1
2.98
3.2
3.232
3.165
3.066
3.199
3.358
3.256
3.085
3.1
3.059
3.027
3.419
3.244
3.247
3.19
3.196
3.14
3.1
3.025
3.012
3.042
3.014
2.999
3.004
2.852
2.97
2.995
3.022
3.074
3.115
3.127
3.147
3.192
3.221
3.243
3.277
3.314
3.212
3.331
3.417
3.515
3.503
3.879
3.724
3.712
3.597
3.806
3.864
3.909
3.837
3.72
3.705
3.595
3.517
3.685
3.7
3.75
3.709
3.635
3.665
3.68
3.68
3.65
3.69
3.65
3.719
3.72
3.652
3.664
3.685
3.616
3.545
3.4
3.5
3.299
3.298
3.333
3.299
3.307
3.235
3.211
3.194
3.176
3.183
3.165
3.18
3.172
3.165
3.164
3.188
3.163
3.178
3.176
3.189
3.249
3.235
3.272
3.191
3.101
3.06
2.837
2.827
2.825
2.81
2.828
2.821
2.845
2.949
2.864
2.765
2.858
2.858
3.079
3.0
2.75
2.765
2.9
2.98
2.99
2.935
2.82
2.75
3.01
3.01
3.03
3.01
3.01
3.01
3.0
3.75
4.2
3.75
3.66
4.135
4.0
4.17
4.16
4.22
4.505
4.485
4.305
4.26
4.2
4.195
4.225
4.155
4.22
4.15
4.1
4.145
3.975
3.995
3.84
3.83
3.755
3.725
3.85
3.8
3.92
3.945
3.765
3.83
3.735
3.725
3.75
3.655
3.605
3.61
3.525
3.465
3.48
3.75
3.8
3.78
3.67
3.665
3.69
3.78
3.695
3.725
3.695
3.635
3.73
3.8
3.845
3.9
4.2
4.59
4.58
4.46
4.525
4.39
4.58
4.49
4.405
4.445
4.465
4.45
4.43
4.515
4.47
4.905
5.29
5.625
5.22
5.315
5.25
5.215
5.5
5.71
5.71
5.8
5.76
5.855
6.05
6.47
6.98
6.875
6.99
7.105
6.96
6.45
6.55
6.5
7.04
7.5
7.55
7.3
7.4
7.39
7.1
7.5
7.69
7.73
7.755
7.615
7.645
7.295
7.23
7.14
6.87
7.18
7.24
7.23
6.98
6.89
6.835
6.9
6.865
6.93
6.785
6.47
6.245
6.185
6.55
6.34
6.685
6.81
6.72
6.76
6.48
6.565
6.45
6.48
6.905
6.91
6.945
6.99
6.76
6.92
6.69
6.55
6.6
6.39
6.32
6.27
6.135
6.06
6.01
6.015
6.165
6.055
5.995
6.115
6.015
6.225
6.26
6.61
6.625
6.665
6.725
7.055
6.965
7.06
7.3
7.535
7.9
7.605
7.605
7.55
7.77
7.795
7.73
7.695
7.68
7.54
7.03
7.09
7.07
7.035
7.0
6.96
7.0
6.805
6.895
7.12
7.085
7.13
7.18
7.0
7.045
6.995
6.995
6.955
7.045
7.0
6.94
6.93
6.955
6.97
6.85
6.735
6.465
6.88
6.87
6.7
6.725
6.45
6.43
6.46
6.625
6.76
6.7
5.245
5.24
5.225
5.245
5.2
4.44
4.445
4.505
5.0
4.995
5.175
5.2
5.315
5.195
5.215
5.145
5.1
5.13
5.1
5.1
5.21
5.15
5.225
5.2
5.2
5.21
5.27
5.38
5.64
5.9
5.86
5.77
5.72
5.9
5.88
5.78
5.9
5.9
5.85
5.68
5.75
5.65
5.76
5.74
5.65
5.78
5.72
5.78
5.7
5.68
5.7
5.7
5.61
5.52
5.47
5.4
5.27
5.39
5.35
5.34
5.38
5.3
5.35
5.26
5.36
5.46
5.54
5.6
5.63
5.53
5.44
5.49
5.44
5.48
5.46
5.55
5.44
5.31
5.32
5.43
5.43
5.36
5.36
5.36
5.38
5.39
5.33
5.3
5.38
5.3
5.27
5.2
5.18
5.1
4.89
4.87
4.8
4.77
4.65
4.44
4.3
4.24
4.2
4.15
4.16
4.06
4.12
4.11
4.13
4.13
4.27
4.18
4.2
4.23
4.24
4.2
4.69
4.77
4.78
4.62
4.52
4.51
4.52
4.47
4.51
5.4
5.49
5.49
5.38
5.03
4.93
4.95
4.9
4.8
4.84
5.2
5.2
5.02
5.08
5.11
5.14
5.19
5.18
5.07
5.08
5.19
5.09
5.09
5.0
5.0
4.95
4.99
5.055
5.11
5.125
5.09
5.08
5.025
5.055
5.04
5.005
5.025
4.965
4.955
4.855
4.9
5.0
4.95
4.855
4.84
4.905
4.95
4.925
4.945
4.97
4.98
4.995
5.005
5.01
4.955
5.005
5.005
4.93
4.98
4.905
4.845
4.71
4.78
4.57
4.5
4.515
4.575
4.555
4.71
4.79
4.785
4.995
5.005
5.16
5.205
5.3
5.195
5.41
5.435
5.335
5.41
5.49
5.57
5.49
5.715
5.62
5.68
5.69
5.495
5.47
5.59
5.59
5.46
5.39
5.345
5.31
5.57
5.61
5.64
5.51
5.57
5.195
5.24
5.025
5.035
5.0
5.08
5.015
5.065
5.0
4.915
5.0
5.45
5.4
5.295
5.465
5.54
5.5
5.415
5.46
5.43
5.535
5.48
5.52
5.5
5.525
5.49
6.27
6.485
6.54
6.6
6.805
6.895
7.025
6.92
6.93
6.71
6.71
6.93
6.9
6.85
6.845
6.73
6.73
6.81
6.765
6.785
6.67
6.695
6.595
6.13
6.37
6.44
6.28
6.13
6.26
6.36
6.14
5.98
6.14
6.26
6.27
6.23
6.46
6.31
6.5
6.25
6.25
6.33
6.39
6.3
6.29
6.36
6.38
6.32
6.4
6.45
6.36
6.4
6.41
6.45
6.66
6.67
6.81
6.72
6.48
6.5
6.16
6.17
6.17
6.17
6.11
6.07
5.9
5.9
5.85
5.88
5.9
5.87
5.88
5.76
5.89
5.96
5.85
5.93
5.97
5.89
5.89
5.84
5.72
5.76
5.66
5.62
5.56
5.52
5.48
5.49
5.46
5.49
5.51
5.48
5.62
5.6
5.54
5.48
5.5
5.5
5.48
5.43
5.5
5.54
5.53
5.53
5.56
5.56
5.57
5.46
5.5
5.55
5.66
5.58
5.59
5.59
5.54
5.59
5.6
5.54
5.52
5.52
5.5
5.51
5.56
5.6
5.63
5.6
5.58
5.6
5.64
5.55
5.63
5.6
5.73
5.79
5.79
5.75
5.66
5.7
5.69
5.7
5.69
5.65
5.6
5.59
5.56
5.56
5.5
6.38
5.95
6.49
6.36
6.47
6.53
6.67
6.78
7.24
7.95
7.79
7.68
7.48
7.52
7.7
7.69
7.65
7.6
7.65
7.89
7.92
7.93
7.8
7.77
7.83
7.69
7.69
7.63
7.77
7.84
7.79
7.79
7.79
7.83
8.03
8.27
8.72
9.36
9.14
9.3
9.3
9.07
9.23
9.28
8.81
8.88
8.82
8.36
8.37
8.31
8.83
8.6
8.45
8.46
8.45
8.38
8.32
8.19
8.39
8.8
8.5
8.59
8.69
8.58
8.6
8.47
8.6
8.61
8.64
8.88
8.99
8.96
8.9
8.8
8.9
8.95
8.88
8.88
8.84
8.83
8.6
8.38
8.0
7.07
7.0
7.37
7.24
7.17
6.99
6.7
6.59
5.66
5.66
5.4
5.08
4.71
4.88
4.9
5.13
5.51
5.64
5.73
5.64
5.59
5.74
5.97
6.54
6.74
6.75
6.6
6.55
6.67
7.08
6.8
6.56
6.12
6.21
6.22
6.35
6.18
6.16
6.22
6.32
6.38
6.24
6.35
6.44
6.36
6.54
6.58
6.6
6.51
6.5
6.41
6.36
6.31
6.6
6.65
6.65
6.68
6.79
7.14
7.0
7.1
7.22
7.17
7.36
7.59
7.75
7.65
7.77
7.9
7.57
7.38
7.0
7.06
7.3
7.11
7.13
7.26
7.27
7.27
7.2
7.25
7.39
7.33
7.27
7.3
7.34
7.39
7.46
7.49
7.58
7.77
7.57
7.6
7.57
7.54
7.69
7.82
7.83
7.67
7.72
7.72
7.73
7.77
7.69
7.61
7.66
7.62
7.62
7.68
7.62
7.58
7.56
7.53
7.61
7.62
7.64
7.61
7.63
7.56
7.56
7.61
7.63
7.63
7.61
7.58
7.58
7.56
7.67
7.69
7.6
7.59
7.45
7.65
7.98
8.26
8.12
8.14
8.65
9.88
9.56
9.0
9.3
9.05
8.8
8.5
8.71
9.25
9.34
9.45
9.25
9.98
10.65
10.31
10.24
10.21
10.52
10.31
10.41
10.13
10.21
10.19
10.2
10.13
9.91
9.83
9.84
9.8
9.1
9.28
9.54
9.44
9.77
10.0
10.12
10.01
10.13
10.3
10.28
10.35
10.33
10.62
10.98
11.67
12.15
11.78
11.73
11.68
11.25
11.73
11.61
12.29
12.16
12.24
12.0
12.12
12.05
11.95
11.87
11.83
11.42
11.68
11.69
11.65
11.58
11.15
11.66
11.87
11.79
11.74
11.58
11.43
11.55
11.79
11.69
11.64
11.55
11.65
11.9
11.86
11.84
11.73
11.69
11.63
11.6
11.51
11.49
11.45
11.42
11.37
11.17
10.89
10.7
10.73
10.66
10.69
11.05
11.14
11.39
11.14
11.0
11.09
11.29
11.45
11.48
11.6
12.0
12.05
12.14
12.09
12.16
12.06
12.07
12.17
12.22
12.19
12.1
12.24
12.04
12.08
12.05
12.05
12.0
12.03
12.0
11.88
12.04
11.96
12.04
12.01
12.19
12.81
12.84
12.93
13.06
13.6
13.38
12.96
13.11
13.2
13.24
13.16
13.25
13.5
13.4
13.45
14.0
14.1
15.43
15.4
14.96
14.98
15.05
15.25
15.01
15.15
14.71
14.57
14.8
14.83
14.55
14.58
14.63
14.63
15.24
15.32
15.38
14.96
14.94
14.74
14.78
14.85
14.97
14.98
15.0
15.49
15.5
15.7
15.45
15.41
15.49
15.45
15.32
15.26
15.43
15.47
15.45
17.45
16.84
17.16
16.95
16.62
17.16
17.44
17.09
16.96
16.42
16.97
16.51
16.86
16.78
16.55
16.84
16.81
17.15
16.93
16.6
16.69
16.77
16.82
16.19
16.76
16.79
16.56
16.61
16.68
16.97
17.75
17.8
18.01
17.86
17.75
17.9
17.82
17.97
17.96
17.98
18.1
18.29
18.25
18.0
17.6
17.92
17.65
17.95
18.09
18.0
18.02
18.0
18.15
18.4
20.54
20.01
19.97
20.25
21.46
21.96
22.28
22.2
22.11
22.35
23.18
23.66
24.97
27.71
27.2
26.7
26.42
26.57
27.36
29.0
28.51
28.68
29.35
28.99
28.2
28.5
28.6
29.05
28.47
28.52
28.36
28.66
28.84
28.45
28.29
28.41
28.82
28.88
28.74
28.69
28.5
28.0
27.35
26.73
27.01
26.46
25.79
25.74
27.48
28.4
28.39
27.9
27.23
27.11
26.8
27.2
25.73
26.09
26.01
26.21
27.39
27.54
26.47
26.7
26.25
26.4
26.51
27.0
26.91
26.85
26.61
26.4
26.64
26.64
26.85
26.82
27.1
28.34
26.72
26.77
26.86
26.68
26.66
26.85
26.86
26.84
27.19
27.65
28.3
29.37
28.84
28.14
28.47
29.39
28.9
28.3
31.36
29.07
30.29
29.54
28.95
27.85
26.89
27.18
27.5
27.32
27.88
27.79
27.79
27.34
27.46
27.59
28.71
29.04
29.74
29.06
28.2
29.69
29.36
29.0
28.03
25.47
24.45
16.13
20.5
21.2
25.2
26.92
26.88
27.05
29.83
29.78
33.78
35.93
34.11
32.19
31.1
33.88
36.17
36.37
38.24
36.41
36.03
34.6
34.4
32.72
35.0
35.65
35.38
35.98
35.01
34.41
33.65
34.05
33.39
32.76
34.18
34.65
34.22
33.3
32.8
32.5
32.02
31.77
30.83
30.47
32.23
31.55
31.28
32.7
31.49
30.73
31.15
31.54
31.16
31.81
32.01
31.5
31.68
31.34
32.3
31.7
31.43
31.88
31.53
31.55
30.86
30.75
30.02
