close
2110.0
2052.0
2089.5
2070.0
2090.0
2134.0
2046.0
2100.5
2140.0
2150.5
2144.0
2130.0
2079.5
1979.5
1958.0
1996.5
2017.0
2017.0
2015.0
2040.0
2000.5
2016.0
1943.5
1946.5
1955.5
1960.5
1910.0
1885.5
1965.0
1965.0
1915.0
1891.0
1920.0
1875.0
1858.0
1811.0
1846.5
1838.5
1932.0
1932.0
1949.5
1948.0
1959.0
2050.0
2025.0
1892.5
1937.0
1875.0
1913.5
1901.0
1930.0
1969.0
2055.0
1974.0
1974.5
1940.0
1906.5
1800.0
1740.0
1800.0
1803.5
1795.5
1815.0
1801.0
1835.0
1856.5
1845.0
1802.0
1799.5
1854.0
1911.0
1917.5
1925.0
1880.0
1864.5
1844.0
1871.5
1813.0
1844.5
1915.0
1840.0
1785.0
1808.0
1748.0
1771.0
1770.0
1758.5
1743.5
1675.0
1683.5
1675.5
1650.5
1645.5
1627.5
1645.0
1682.0
1730.0
1770.0
1729.0
1766.5
1743.0
1690.0
1673.5
1727.0
1687.0
1617.5
1645.5
1700.0
1685.0
1751.5
1780.0
1715.5
1721.0
1758.0
1760.0
1767.0
1840.0
1768.0
1691.5
1738.0
1734.0
1720.0
1758.5
1727.5
1728.0
1680.0
1731.0
1700.0
1682.5
1707.0
1710.0
1719.0
1672.0
1617.0
1624.0
1583.0
1577.0
1540.5
1571.0
1590.5
1607.0
1608.0
1556.0
1575.0
1580.0
1532.0
1540.5
1529.5
1590.0
1572.0
1576.0
1545.0
1558.5
1563.0
1569.5
1512.0
1474.5
1540.0
1595.0
1645.0
1638.0
1625.0
1671.0
1685.0
1616.5
1630.5
1573.0
1515.5
1481.5
1437.0
1412.0
1411.0
1424.0
1390.0
1378.0
1353.0
1319.0
1287.0
1382.0
1362.0
1373.5
1442.0
1420.5
1434.5
1442.0
1442.5
1532.0
1555.0
1530.0
1534.0
1562.5
1539.0
1598.5
1614.5
1629.5
1640.0
1610.0
1610.5
1577.5
1554.0
1535.5
1583.5
1565.0
1558.5
1513.5
1558.5
1583.0
1606.5
1597.0
1656.0
1721.5
1710.0
1725.0
1742.5
1667.5
1619.0
1610.5
1635.0
1584.0
1577.5
1576.0
1618.5
1640.0
1656.5
1719.5
1774.0
1800.0
1805.0
1700.0
1646.5
1680.0
1691.5
1746.5
1725.0
1823.0
1868.0
1822.0
1792.0
1759.5
1760.0
1765.0
1772.5
1759.0
1721.5
1783.0
1770.0
1822.5
1811.0
1834.0
1820.5
1785.0
1760.0
1740.0
1715.5
1748.5
1721.0
1760.0
1793.0
1801.0
1821.5
1792.0
1803.5
1759.5
1762.5
1800.0
1796.0
1773.0
1828.5
1817.0
1811.5
1781.5
1755.5
1704.5
1676.5
1663.0
1665.0
1636.0
1674.0
1644.0
1686.5
1698.0
1646.5
1616.5
1592.5
1635.0
1605.0
1607.5
1608.0
1604.0
1617.5
1681.0
1632.0
1637.5
1637.0
1654.0
1654.0
1657.5
1670.0
1659.0
1655.5
1664.5
1650.0
1633.0
1640.5
1633.5
1633.0
1728.0
1768.0
1762.5
1758.5
1804.0
1810.0
1910.0
1912.0
1894.5
1963.0
1967.0
1999.5
1970.0
1983.0
1927.0
1896.0
1904.0
1908.5
1897.0
1943.0
2000.0
1995.0
1952.0
1933.5
1857.5
1828.0
1857.5
1847.0
1901.0
1924.0
1922.5
2010.0
2005.0
2033.0
2045.0
2040.5
2049.0
2093.0
2098.0
2066.0
2052.5
2071.5
2074.0
2090.5
2130.0
2159.0
2154.0
2221.5
2235.0
2177.5
2136.5
2240.0
2258.0
2230.5
2254.0
2220.0
2179.5
2215.5
2171.0
2197.0
2210.0
2249.0
2192.0
2188.0
2180.0
2101.0
2136.5
2129.5
2140.0
2118.5
2101.5
2110.5
2100.5
2165.5
2136.0
2058.0
2072.0
2042.0
2044.0
2056.5
2090.0
2095.5
2073.0
2126.0
2118.5
2125.0
2146.5
2218.0
2194.5
2153.0
2160.0
2148.5
2158.0
2232.0
2298.5
2302.5
2267.0
2242.0
2300.0
2287.0
2304.0
2319.5
2390.0
2369.0
2340.0
2334.5
2308.0
2275.0
2262.0
2218.0
2200.5
2220.5
2206.0
2263.5
2226.5
2279.0
2318.0
2261.5
2155.0
2158.0
2092.0
2106.5
2095.0
2068.0
2007.0
1999.0
2040.0
2040.0
2020.0
2044.5
1963.0
2044.5
2003.0
2030.0
1991.0
2069.0
2080.0
2124.0
2147.0
2168.0
2230.0
2269.0
2265.0
2230.0
2205.5
2221.0
2224.0
2194.5
2157.5
2170.5
2171.0
2150.5
2119.5
2149.0
2160.0
2124.5
2142.5
2115.0
2144.0
2087.5
2056.0
2061.0
2055.0
2090.0
2117.5
2132.5
2181.0
2232.5
2237.5
2154.0
2147.0
2165.0
2110.0
2082.0
2111.0
2118.5
2105.5
2094.5
2131.0
2134.5
2130.5
2119.0
2109.0
2152.0
2202.0
2209.5
2150.5
2095.0
2100.5
2110.0
2089.5
2098.0
2150.5
2167.0
2192.5
2228.0
2205.0
2264.5
2354.5
2335.0
2339.5
2323.5
2283.5
2269.5
2236.0
2175.0
2166.5
2187.0
2177.0
2152.0
2164.0
2172.5
2256.5
2241.5
2252.0
2156.0
2168.5
2102.5
2070.5
2061.0
2088.0
2093.0
2119.0
2000.0
1835.0
1862.5
1643.0
1760.5
1761.5
1647.0
1702.0
1737.5
1951.5
2065.5
2084.0
1974.0
2006.5
1978.0
2020.0
2091.5
2135.0
2182.5
2230.0
2346.0
2255.5
2290.0
2275.0
2224.0
2170.0
2169.5
2106.5
2154.5
2113.0
2081.0
2130.5
2218.0
2205.0
2147.0
2184.0
2195.0
2198.0
2200.5
2207.0
2184.5
2163.5
2238.0
2227.0
2215.0
2217.0
2216.0
2151.0
2212.0
2186.5
2181.5
2207.0
2192.5
2237.0
2224.0
2239.0
2189.5
2089.0
2103.5
2180.0
2163.0
2125.0
2126.0
2120.0
2070.5
2188.5
2345.0
2329.5
2320.5
2260.0
2267.0
2282.5
2351.0
2369.0
2419.0
2482.0
2518.0
2502.0
2512.5
2566.0
2606.5
2608.5
2537.5
2509.0
2549.5
2509.5
2475.0
2493.0
2541.0
2521.5
2518.0
2654.5
2709.0
2780.0
2790.0
2780.0
2869.0
2839.5
2790.0
2780.0
2770.0
2820.0
2827.0
2849.0
2844.5
2837.0
2815.0
2802.0
2865.5
2828.0
2822.5
2820.0
2806.0
2818.0
2790.0
2866.0
2846.0
2837.0
2774.0
2713.0
2674.0
2622.0
2661.0
2658.0
2672.0
2639.5
2683.0
2603.0
2608.5
2597.5
2623.0
2697.0
2682.5
2809.5
2821.5
2841.5
2893.0
2954.5
2999.5
2965.0
2959.0
2937.0
2887.5
2841.5
2870.0
2915.0
2907.5
2868.5
2845.0
2825.0
2955.0
2880.0
3031.5
3005.0
3070.0
3119.0
3024.5
2964.5
2969.0
2994.5
2882.5
2824.5
2797.0
2781.0
2776.5
2856.0
2840.0
2829.0
2846.5
2841.0
2822.0
2733.5
2784.5
2776.5
2772.0
2729.5
2729.0
2720.0
2675.0
2637.0
2612.0
2633.0
2727.0
2775.0
2746.5
2814.0
2829.0
2783.5
2786.0
2772.0
2737.5
2830.5
2860.5
2858.0
2890.0
2889.5
2831.5
2766.5
2740.0
2688.0
2720.5
2695.5
2691.0
2731.5
2742.5
2745.0
2749.0
2752.5
2863.0
2816.0
2830.0
2815.5
2774.5
2772.5
2765.5
2708.0
2725.5
2774.5
2785.0
2805.0
2800.0
2818.0
2782.0
2770.0
2767.5
2690.5
2687.0
2695.5
2710.0
2662.0
2649.5
2644.0
2627.0
2615.0
2604.5
2602.0
2656.0
2664.5
2639.5
2579.0
2577.5
2591.0
2536.5
2480.5
2483.5
2452.5
2439.0
2449.0
2474.0
2422.5
2446.0
2435.0
2425.5
2518.5
2488.0
2500.0
2490.0
2575.5
2609.5
2545.0
2483.5
2431.0
2433.5
2409.5
2395.0
2411.5
2400.0
2448.0
2435.0
2444.0
2448.0
2394.0
2379.5
2397.0
2386.0
2421.0
2411.0
2383.0
2392.0
2389.0
2392.0
2372.0
2385.0
2385.5
2372.0
2371.5
2362.5
2362.0
2352.5
2322.5
2309.0
2394.5
2392.5
2375.5
2363.0
2368.0
2357.5
2341.0
2345.0
2329.5
2332.0
2276.0
2230.0
2269.5
2283.5
2257.0
2261.0
2209.0
2204.0
2229.5
2212.5
2216.5
2252.5
2248.0
2263.5
2260.5
2283.0
2280.5
2318.0
2306.5
2299.0
2332.5
2380.0
2374.5
2413.0
2410.0
2426.0
2444.0
2495.5
2539.5
2560.5
2533.0
2556.5
2563.5
2575.0
2562.0
2513.0
2495.5
2479.0
2487.5
2483.5
2457.5
2435.0
2390.0
2372.5
2375.5
2339.5
2343.5
2340.0
2330.0
2326.0
2375.0
2395.0
2378.0
2386.0
2399.0
2386.5
2420.0
2388.5
2390.0
2438.5
2458.5
2456.5
2451.5
2418.0
2466.5
2490.0
2502.0
2492.0
2494.5
2518.5
2482.5
2444.0
2473.0
2465.0
2420.5
2463.5
2419.5
2395.5
2415.5
2393.0
2394.5
2355.0
2323.5
2355.5
2314.0
2317.5
2339.0
2329.5
2291.0
2323.5
2316.0
2346.0
2373.0
2354.5
2344.5
2370.0
2352.0
2336.0
2332.5
2346.0
2388.5
2426.0
2416.5
2423.5
2407.5
2459.5
2430.5
2377.0
2349.0
2380.0
2385.0
2362.0
2388.5
2470.0
2443.0
2474.0
2423.5
2409.0
2422.5
2410.0
2420.0
2390.0
2417.0
2455.5
2442.5
2430.5
2401.0
2390.0
2362.5
2344.5
2291.0
2249.0
2205.5
2195.0
2176.0
2180.0
2088.0
2060.0
2073.0
2116.0
2131.0
2085.0
2082.5
2091.5
2101.5
2133.5
2098.0
2037.5
2057.0
2082.0
2011.0
2031.0
1972.5
1970.0
1989.0
1930.0
1946.0
1947.0
1926.0
1924.0
1959.5
1994.0
2019.0
1966.5
1991.5
2010.0
2001.5
2011.5
1923.5
1885.0
1859.5
1759.5
1770.0
1756.5
1758.0
1683.5
1620.5
1650.0
1739.5
1715.5
1745.0
1745.0
1742.0
1636.0
1655.5
1646.0
1714.0
1764.0
1781.5
1695.0
1727.0
1795.0
1873.5
1836.5
1773.5
1549.5
1720.0
1271.0
1179.0
1130.0
1274.5
1440.5
1451.0
1414.5
1300.0
1325.0
1275.5
1257.0
1234.0
1187.0
1148.0
1094.0
1125.0
1132.0
1094.5
1135.0
1153.0
1107.5
1007.5
1015.5
1119.5
1085.5
1096.5
1061.0
1051.0
1030.0
1000.0
960.5
964.0
1024.0
1057.5
1086.5
1049.5
994.0
951.0
908.5
949.0
948.0
933.0
910.0
904.0
916.0
905.0
846.5
784.0
836.5
892.0
853.0
806.0
803.5
809.0
824.0
826.0
837.5
831.0
812.0
842.0
898.0
967.5
983.5
1019.0
985.0
