close
953.5
968.4
957.1
981.0
996.0
990.6
1015.0
1026.1
1019.0
1038.9
1013.0
1005.0
1018.6
1035.0
1042.5
1027.0
1036.0
1036.9
1039.2
1041.2
1023.6
1002.5
1009.9
982.8
987.0
999.9
978.5
962.0
1006.0
1005.0
994.1
988.2
988.0
1015.5
1005.0
1010.8
1004.0
1014.5
1011.0
1014.0
1032.1
1037.4
1053.0
1039.7
1040.0
1028.6
1031.0
1027.0
1043.9
1021.0
1019.3
1005.0
1005.8
1003.0
994.6
993.6
991.7
995.0
990.0
982.6
964.8
964.0
980.0
975.0
982.0
983.0
980.0
977.0
980.0
987.0
989.0
993.0
988.5
982.9
1008.9
1005.0
1025.5
1024.2
1025.0
1025.0
1020.0
1012.0
