close
10.142999999999999
10.147
10.195
10.19
10.292
10.383
10.48
10.5
10.53
10.511
10.675999999999998
10.790999999999999
10.883
10.888
10.857999999999999
10.687999999999999
10.550999999999998
10.789000000000001
11.168
11.073
11.05
11.42
11.550999999999998
11.527999999999999
11.527999999999999
11.36
11.415
11.136
11.29
11.350999999999999
11.585999999999999
11.915999999999999
11.956
12.161
12.040999999999999
12.11
12.092
12.14
12.267000000000001
12.089
12.208
12.202
12.165999999999999
12.152000000000001
12.275
12.270999999999999
12.079
11.93
12.036
11.833
11.83
12.004000000000001
11.96
11.79
11.93
11.857000000000001
11.831
11.870999999999999
11.864
11.87
11.923
11.919
12.035
12.065
11.998
11.969000000000001
11.874
12.037
11.94
11.77
11.75
11.844000000000001
11.863
11.88
11.72
11.995999999999999
12.026
12.117
12.104000000000001
12.117
12.026
12.049000000000001
12.134
12.15
12.14
11.854000000000001
11.887
11.85
11.89
11.886
11.875
11.761
11.694
11.545
11.64
11.61
11.548
11.585
11.668
11.879000000000001
11.874
11.919
11.975999999999999
12.023
12.03
12.03
11.907
11.898
