close
987.3
999.0
1025.9
1033.0
1045.2
1054.7
1058.2
1053.5
1059.2
1075.2
1077.5
1078.3
1094.0
1094.5
1109.8
1120.5
1117.3
1131.9
1139.0
1136.4
1125.9
1112.0
1127.3
1140.0
1147.4
1157.0
1167.0
1184.0
1191.9
1202.8
1199.0
1208.5
1202.7
1202.0
1213.0
1219.4
1229.0
1228.3
1230.5
1234.3
1236.0
1250.7
1233.0
1235.8
1244.0
1230.5
1231.4
1233.6
1227.4
1225.2
1246.0
1235.2
1217.5
1218.7
1196.3
1200.0
1194.0
1194.3
1217.1
1225.4
1198.4
1181.0
1178.6
1192.0
1208.0
1172.1
1183.4
1189.8
1208.0
1195.0
1176.7
1198.0
1201.3
1200.0
1203.2
1208.5
1207.0
1197.9
1203.7
1218.1
1209.1
1199.1
1173.8
1170.6
1184.8
1195.0
1185.4
1176.4
1171.9
1176.0
1174.4
1175.0
1178.0
1179.0
1188.5
1199.6
1210.4
1211.0
1224.0
1223.9
1226.0
1232.6
1218.3
1233.0
