close
10.415
10.6
10.19
9.6
10.45
10.65
10.3
10.3
10.36
10.35
10.36
10.380999999999998
10.360999999999999
10.485
10.36
10.380999999999998
10.402000000000001
10.39
10.4
10.421
10.41
10.21
10.2
10.219
10.15
10.14
10.22
10.062999999999999
10.05
10.07
10.06
10.07
10.049
10.08
10.179
10.2
10.28
10.29
10.311
10.332
10.33
10.370999999999999
10.392000000000001
10.475
10.454
10.45
10.45
10.45
10.45
10.45
10.44
10.460999999999999
10.45
10.45
10.43
10.44
10.44
10.44
10.43
10.46
10.46
10.44
10.452
10.45
10.45
10.470999999999998
10.45
10.55
10.529000000000002
10.15
10.01
10.0
10.02
10.04
10.08
10.1
10.11
10.13
10.211
10.2
10.25
10.15
10.17
10.129
10.14
10.14
10.12
10.1
10.08
10.11
10.11
10.12
10.15
10.191
10.18
10.19
10.18
10.21
10.25
10.231
10.2
10.17
10.18
10.18
10.18
10.16
10.201
10.221
10.18
10.2
10.241
10.27
10.290999999999999
10.3
10.279000000000002
10.217
10.197000000000001
10.279000000000002
10.341
10.329
10.308
10.329
10.349
10.379000000000001
10.35
10.299000000000001
10.34
10.319
10.219
10.19
10.1
10.238
10.23
10.043
10.1
10.0
9.85
10.07
10.0
10.0
10.005
9.805
9.988999999999999
9.91
9.757
9.918
10.0
10.05
9.885
9.687999999999999
9.72
9.765
9.8
9.832
9.537
9.5
9.555
9.555
9.561
9.585
9.55
9.57
9.55
9.6
9.627
9.57
9.457
9.471
9.513
9.494
9.408999999999999
9.453
9.4
9.296
9.255
9.359
9.353
9.26
9.336
9.27
9.5
9.38
9.551
9.55
9.5
9.52
9.54
9.52
9.639
9.56
9.6
9.62
9.72
9.72
9.68
9.725
9.74
9.8
9.882
9.81
9.849
9.8
