close
33.554
33.244
33.348
32.932
33.641
33.923
34.35
34.959
34.769999999999996
35.1
35.2
35.35
35.336
35.55800000000001
35.633
35.888999999999996
35.4
35.79
35.868
36.299
36.17
35.887
34.980000000000004
35.674
35.921
35.839999999999996
35.4
35.21
34.8
34.650999999999996
34.510000000000005
34.425
34.410000000000004
34.55
35.129000000000005
34.019999999999996
34.034000000000006
33.7
34.1
34.2
33.205
33.6
33.844
33.7
33.6
33.702
33.67
34.136
33.81
34.174
34.196999999999996
34.0
34.149
33.882
33.2
33.5
33.893
33.761
33.7
33.5
33.2
33.010000000000005
33.3
33.25
33.352
33.0
32.9
32.724000000000004
33.3
33.0
33.158
33.242
33.239
33.0
33.173
33.0
32.93
32.864999999999995
33.009
32.9
33.169
33.5
33.8
33.8
34.0
34.15
34.114999999999995
33.7
