close
459.0
499.4
499.3
432.0
430.9
430.9
433.3
459.8
410.0
390.2
446.7
375.0
350.4
398.7
444.8
360.7
385.0
342.8
399.0
400.0
400.0
400.0
400.0
400.0
399.0
340.0
340.0
300.0
290.0
280.0
264.0
263.0
268.0
261.0
274.0
281.0
272.0
252.0
269.0
255.0
279.0
300.0
281.0
279.0
276.0
270.0
261.0
230.0
205.0
259.0
300.0
265.0
260.0
264.0
265.0
244.0
250.0
250.0
250.0
251.0
255.0
270.0
270.0
280.0
270.0
290.0
301.0
300.0
300.0
300.0
335.0
325.0
330.0
320.0
305.0
302.0
280.0
290.0
275.0
267.0
280.0
276.0
274.0
275.0
275.0
290.0
280.0
285.0
290.0
300.0
280.0
257.0
270.0
264.0
297.0
290.0
284.0
300.0
280.0
288.0
288.0
307.0
321.0
300.0
320.0
326.0
291.0
399.0
319.0
330.0
339.0
315.0
369.0
320.0
310.0
320.0
313.0
330.0
314.0
320.0
310.0
320.0
340.0
360.0
360.0
400.0
372.0
365.0
379.0
360.0
340.0
340.0
345.0
350.0
330.0
311.0
317.0
315.0
296.0
318.0
302.0
330.0
323.0
330.0
320.0
323.0
360.0
346.0
330.0
311.0
328.0
332.0
320.0
320.0
324.0
322.0
317.0
305.0
304.0
307.0
315.0
313.0
317.0
306.0
312.0
332.0
381.0
350.0
330.0
318.0
320.0
319.0
309.0
305.0
316.0
313.0
320.0
328.0
341.0
338.0
333.0
344.0
336.0
331.0
330.0
340.0
311.0
326.0
328.0
332.0
329.0
316.0
326.0
318.0
330.0
333.0
340.0
343.0
344.0
320.0
324.0
330.0
336.0
340.0
357.0
356.0
365.0
364.0
397.0
387.0
400.0
377.0
399.0
398.0
479.0
384.0
357.0
378.0
383.0
391.0
383.0
383.0
400.0
408.0
401.0
403.0
407.0
407.0
409.0
403.0
410.0
375.0
388.0
369.0
370.0
398.0
407.0
408.0
400.0
409.0
410.0
401.0
400.0
397.0
394.0
390.0
370.0
360.0
360.0
380.0
390.0
360.0
364.0
370.0
363.0
366.0
360.0
361.0
364.0
365.0
370.0
380.0
374.0
372.0
375.0
380.0
402.0
379.0
377.0
377.0
377.0
378.0
390.0
402.0
401.0
403.0
409.0
415.0
410.0
425.0
417.0
423.0
410.0
399.0
398.0
408.0
412.0
409.0
394.0
410.0
412.0
417.0
417.0
415.0
400.0
390.0
392.0
390.0
390.0
398.0
396.0
393.0
399.0
397.0
402.0
397.0
403.0
398.0
403.0
404.0
409.0
410.0
411.0
450.0
500.0
495.0
465.0
442.0
426.0
415.0
416.0
420.0
426.0
427.0
429.0
440.0
430.0
442.0
441.0
440.0
448.0
444.0
443.0
427.0
430.0
430.0
430.0
444.0
461.0
476.0
450.0
475.0
470.0
479.0
460.0
455.0
464.0
449.0
451.0
486.0
484.0
462.0
478.0
489.0
460.0
470.0
450.0
451.0
432.0
420.0
438.0
425.0
370.0
380.0
385.0
404.0
400.0
394.0
395.0
395.0
394.0
408.0
392.0
371.0
372.0
378.0
380.0
380.0
383.0
389.0
371.0
371.0
363.0
370.0
368.0
365.0
381.0
380.0
385.0
390.0
387.0
381.0
422.0
420.0
407.0
413.0
419.0
420.0
413.0
407.0
402.0
375.0
368.0
368.0
370.0
346.0
347.0
339.0
333.0
337.0
352.0
332.0
337.0
344.0
331.0
336.0
340.0
337.0
330.0
324.0
325.0
325.0
328.0
337.0
330.0
338.0
338.0
330.0
330.0
335.0
329.0
337.0
330.0
331.0
323.0
321.0
321.0
324.0
321.0
320.0
323.0
325.0
322.0
330.0
333.0
334.0
328.0
330.0
325.0
321.0
328.0
330.0
326.0
330.0
334.0
329.0
326.0
347.0
335.0
333.0
342.0
340.0
343.0
355.0
362.0
367.0
350.0
362.0
356.0
359.0
361.0
363.0
362.0
376.0
391.0
424.0
451.0
457.0
444.0
440.0
441.0
480.0
480.0
477.0
492.0
505.0
519.0
517.0
517.0
494.0
460.0
459.0
499.0
498.0
507.0
497.0
507.0
517.0
507.0
513.0
511.0
500.0
495.0
514.0
505.0
511.0
530.0
518.0
530.0
521.0
513.0
513.0
518.0
510.0
518.0
512.0
503.0
514.0
503.0
494.0
510.0
477.6
474.0
512.05
484.1
477.8
420.0
442.35
430.2
429.8
426.35
439.65
435.0
440.65
454.15
450.05
450.0
442.05
441.0
431.7
410.0
411.65
380.1
349.5
331.95
330.0
316.55
310.0
315.0
311.5
286.0
276.85
285.0
307.0
308.0
309.65
322.45
319.35
314.25
316.0
320.8
321.35
310.75
314.0
325.55
336.85
330.85
329.6
317.0
325.0
325.0
322.85
322.3
316.25
301.4
303.3
303.5
303.65
300.0
311.0
313.2
301.0
308.5
306.8
307.8
307.0
310.15
304.55
303.5
305.0
303.55
300.0
299.35
302.9
300.0
303.75
299.9
299.25
299.5
303.65
303.55
299.7
302.75
300.0
300.0
299.15
301.0
300.0
300.0
302.5
306.5
307.0
300.0
301.0
302.0
300.0
301.5
304.0
301.5
300.5
304.0
302.0
301.5
300.5
299.5
299.0
299.0
302.0
302.5
302.5
301.5
298.5
300.0
302.5
302.5
304.5
304.0
300.5
305.5
316.5
312.0
315.0
316.5
316.5
318.0
319.0
320.0
312.0
310.0
332.5
335.0
325.5
305.0
298.5
307.0
306.0
300.0
298.0
300.0
300.0
300.0
307.5
305.0
302.0
306.0
312.0
316.5
315.0
306.0
301.5
306.0
305.5
305.0
303.0
303.0
309.0
309.0
317.0
325.0
320.5
331.0
329.0
343.5
341.0
330.0
334.5
331.0
321.5
309.0
312.0
311.0
315.0
312.5
314.0
316.5
316.0
318.0
320.0
324.0
324.5
329.5
329.0
326.5
326.5
326.5
324.0
341.5
345.0
332.5
320.5
332.5
342.0
346.0
348.0
348.0
345.0
342.5
338.0
340.0
356.0
346.0
346.0
346.5
346.0
347.0
346.0
360.5
348.0
349.0
350.5
362.0
353.5
368.0
358.0
348.5
359.5
353.5
356.0
355.5
350.0
352.5
350.5
350.0
345.0
344.5
360.5
356.0
354.0
356.0
353.0
351.5
356.0
358.5
352.5
352.5
356.0
353.0
350.5
354.5
353.5
350.0
350.5
350.0
350.5
348.0
348.0
346.5
348.0
344.0
345.0
342.5
336.0
325.0
330.0
330.0
336.0
333.5
331.5
333.0
337.5
333.0
335.0
335.0
332.5
345.5
343.0
333.5
338.5
326.0
316.0
313.0
322.0
317.5
315.0
315.5
313.5
317.5
310.0
310.0
309.0
309.5
317.5
313.0
318.0
317.0
310.0
316.0
316.5
316.5
315.5
316.0
318.5
310.0
311.5
312.0
314.0
319.0
314.5
317.0
315.0
314.0
315.5
316.5
316.5
314.5
317.0
312.0
315.5
317.5
320.0
317.0
318.0
318.5
317.0
320.0
325.5
330.0
330.0
330.0
330.0
332.0
336.0
342.5
331.5
328.0
326.5
323.5
326.5
331.5
330.5
329.5
326.0
325.0
325.5
325.5
325.0
321.0
321.0
321.5
326.0
321.0
320.5
320.5
317.0
319.0
316.5
314.5
314.0
316.5
316.0
316.5
314.0
319.0
315.0
306.0
334.5
320.0
321.0
322.0
323.5
324.5
325.5
326.0
330.0
325.5
322.5
327.5
320.0
320.0
325.0
326.5
317.5
323.0
322.5
331.0
330.0
328.0
330.0
332.0
336.0
333.5
339.5
330.5
333.0
330.5
332.0
330.0
334.5
330.0
332.5
332.5
330.0
331.0
330.0
329.5
334.0
340.0
339.5
342.5
336.5
336.0
335.5
336.0
333.5
328.5
323.5
331.0
332.5
342.5
343.0
333.5
331.5
336.5
331.5
325.0
330.0
323.5
328.0
347.0
350.0
360.0
352.5
369.5
381.0
381.0
393.0
388.5
375.5
379.0
375.5
376.0
372.0
366.0
378.0
381.0
390.0
382.0
386.0
380.0
391.0
393.0
390.0
395.0
393.0
390.0
407.0
408.5
403.5
402.0
395.0
396.0
376.5
400.5
408.0
400.0
397.0
385.0
390.0
392.0
392.0
389.0
394.5
396.5
397.5
392.0
388.0
388.0
388.0
387.5
385.0
383.5
376.5
378.0
380.0
351.0
357.0
360.0
351.0
375.5
350.0
325.0
318.0
268.0
275.0
266.0
274.0
265.0
265.0
280.0
299.0
299.0
298.0
299.5
296.5
293.5
310.0
309.5
302.5
314.5
320.0
336.0
339.0
350.0
341.5
347.0
338.0
320.0
318.0
313.0
323.5
316.5
317.0
330.0
330.0
330.0
332.5
330.0
329.5
332.0
330.0
329.0
329.0
331.5
328.0
328.0
325.5
328.5
349.0
349.5
338.5
333.5
335.0
341.0
329.5
325.0
323.0
318.0
318.0
320.5
317.5
319.0
320.5
324.5
320.5
319.0
321.0
321.0
322.0
323.0
320.0
323.5
322.0
328.5
326.0
335.5
325.0
320.0
317.0
322.0
317.0
315.0
316.0
314.0
313.5
314.5
308.0
308.5
312.5
308.0
311.0
310.0
314.0
313.5
309.0
309.0
307.0
308.0
307.0
306.5
306.0
309.5
310.0
309.0
309.0
309.0
309.5
309.0
311.0
310.5
314.0
311.0
312.0
310.0
311.5
313.0
311.0
311.5
312.5
316.0
314.5
314.5
308.0
308.0
310.0
307.0
307.0
306.5
303.5
312.0
312.5
316.0
312.5
315.5
314.5
309.0
310.0
309.0
308.0
308.0
309.5
311.5
307.5
308.0
307.0
315.0
313.0
312.0
313.0
309.0
308.0
307.5
307.0
310.5
308.0
303.5
307.5
304.5
307.0
307.5
306.5
307.5
309.0
307.0
304.0
302.5
305.0
304.5
304.5
307.0
306.5
310.0
308.5
307.5
308.0
304.0
307.5
308.5
310.5
311.0
315.0
319.0
315.0
312.0
311.5
311.5
315.5
314.0
312.5
311.5
315.0
317.0
314.0
312.0
321.0
315.0
315.0
320.0
315.5
312.5
317.0
314.0
313.5
315.0
315.0
320.0
321.0
313.5
321.5
321.0
345.0
426.0
366.0
380.0
365.0
373.5
362.0
371.5
407.0
396.5
385.0
398.5
393.0
369.5
382.5
379.5
376.0
363.5
368.0
366.0
360.0
363.5
376.5
364.0
365.5
364.5
365.5
360.0
360.0
359.0
366.0
368.5
366.0
359.0
360.0
355.5
357.5
359.5
359.0
357.0
358.0
363.0
363.5
361.5
362.5
364.0
366.0
358.0
371.0
363.0
365.5
362.5
357.0
356.0
361.5
363.0
368.0
363.0
368.0
370.0
364.5
369.5
370.0
370.5
360.0
360.0
358.5
361.5
360.0
362.0
362.0
362.5
365.0
370.0
361.0
363.5
362.5
360.0
363.0
362.0
363.0
360.5
361.0
362.5
364.0
360.5
362.5
359.5
357.0
360.0
361.5
356.0
356.0
360.5
360.0
364.0
364.0
364.0
367.5
366.0
366.0
360.5
366.0
371.0
372.0
370.0
368.0
372.0
421.0
417.0
418.0
422.0
420.0
418.0
418.0
417.0
412.0
408.0
416.0
419.0
416.0
420.0
416.5
414.5
424.0
418.0
416.0
414.5
407.5
420.5
416.5
414.0
398.0
387.0
381.5
390.0
384.5
380.0
383.0
377.0
387.5
391.5
390.5
383.0
393.5
392.0
400.0
404.0
392.0
391.0
395.5
391.0
389.5
399.0
390.5
390.0
386.0
393.0
390.0
387.0
386.5
391.0
392.5
389.5
386.5
400.0
395.0
391.5
376.0
377.5
374.5
375.0
373.0
372.5
382.0
375.0
369.0
361.0
361.5
356.5
362.0
362.5
362.0
360.5
360.5
362.0
364.0
360.5
359.0
356.5
354.5
356.5
360.0
370.0
368.0
371.0
364.0
362.0
359.0
355.0
355.0
355.0
355.5
356.0
357.0
350.0
349.0
349.5
353.0
355.0
351.5
352.5
355.0
359.5
355.5
354.0
359.0
355.5
353.0
357.0
355.5
353.0
350.5
345.5
347.0
350.0
349.5
346.5
343.0
342.5
351.0
350.0
367.5
358.0
363.0
360.0
362.0
361.0
348.5
348.5
370.0
360.0
352.0
356.5
357.5
358.5
359.5
356.0
351.5
353.0
351.0
355.0
357.5
360.0
360.0
354.0
356.0
359.5
355.0
354.5
351.0
348.5
336.5
335.5
336.5
337.5
332.0
328.0
333.5
333.5
347.5
338.0
338.5
336.5
332.0
334.0
330.5
328.0
339.0
339.5
334.5
331.0
329.5
335.5
330.0
330.5
286.5
278.5
172.0
218.5
208.0
223.0
275.0
298.5
293.5
285.5
272.0
272.0
279.0
276.0
271.0
271.0
280.0
276.5
276.0
266.0
258.5
262.5
261.5
262.0
255.0
257.5
254.5
255.0
263.5
262.5
256.5
263.0
257.0
250.5
251.5
253.0
250.0
250.5
252.5
245.5
247.5
247.5
252.5
248.0
249.0
251.0
248.5
251.0
247.0
248.0
247.5
242.5
241.5
242.0
241.0
243.0
246.5
247.0
247.0
248.5
247.5
245.5
245.5
253.0
247.5
259.0
249.5
233.0
