close
621.0
621.6
620.3
649.8
605.2
639.8
637.5
614.0
602.8
602.5
600.0
600.0
599.8
600.0
644.7
580.0
580.0
575.0
550.5
540.0
532.0
530.0
531.0
520.0
520.0
530.0
520.0
510.3
512.0
515.0
514.9
488.0
480.0
499.9
499.9
499.0
504.9
504.9
476.1
504.9
476.3
480.0
476.0
450.0
445.0
445.0
445.0
413.0
405.0
429.0
393.0
384.0
400.0
382.0
410.0
397.0
399.0
354.0
377.0
358.0
390.0
375.0
392.0
369.0
386.0
406.0
405.0
409.0
376.0
370.0
372.0
399.0
397.0
400.0
400.0
400.0
377.0
349.0
354.0
355.0
353.0
357.0
353.0
355.0
350.0
362.0
330.0
338.0
335.0
340.0
356.0
354.0
340.0
341.0
319.0
325.0
339.0
349.0
353.0
349.0
327.0
321.0
321.0
323.0
323.0
316.0
320.0
320.0
319.0
314.0
306.0
325.0
329.0
335.0
325.0
320.0
331.0
350.0
366.0
380.0
389.0
397.0
417.0
424.0
459.0
440.0
440.0
416.0
438.0
429.0
447.0
509.0
495.0
490.0
457.0
475.0
430.0
434.0
423.0
443.0
450.0
416.0
416.0
414.0
438.0
435.0
432.0
414.0
409.0
392.0
390.0
410.0
444.0
425.0
436.0
439.0
443.0
440.0
438.0
439.0
440.0
422.0
441.0
430.0
439.0
441.0
439.0
439.0
413.0
440.0
440.0
440.0
433.0
444.0
467.0
458.0
453.0
455.0
435.0
427.0
439.0
417.0
431.0
440.0
450.0
453.0
430.0
420.0
434.0
468.0
428.0
440.0
440.0
420.0
439.0
430.0
421.0
433.0
435.0
442.0
434.0
434.0
434.0
420.0
414.0
415.0
420.0
420.0
419.0
419.0
400.0
407.0
417.0
413.0
417.0
416.0
419.0
410.0
419.0
409.0
431.0
446.0
440.0
434.0
406.0
410.0
420.0
435.0
421.0
420.0
436.0
422.0
427.0
429.0
437.0
421.0
414.0
422.0
412.0
405.0
404.0
435.0
410.0
412.0
449.0
440.0
450.0
438.0
465.0
469.0
477.0
461.0
477.0
476.0
468.0
460.0
498.0
470.0
487.0
470.0
480.0
480.0
470.0
456.0
450.0
442.0
491.0
489.0
471.0
475.0
474.0
510.0
471.0
471.0
480.0
465.0
490.0
491.0
490.0
495.0
480.0
480.0
480.0
481.0
493.0
479.0
488.0
500.0
495.0
470.0
471.0
475.0
475.0
475.0
476.0
480.0
492.0
477.0
470.0
462.0
470.0
470.0
460.0
460.0
480.0
460.0
459.0
455.0
451.0
460.0
457.0
451.0
460.0
460.0
450.0
453.0
450.0
436.0
440.0
430.0
449.0
440.0
438.0
450.0
450.0
436.0
432.0
435.0
431.0
429.0
457.0
441.0
439.0
458.0
449.0
435.0
445.0
437.0
445.0
447.0
445.0
446.0
443.0
433.0
444.0
470.0
450.0
451.0
460.0
469.0
460.0
457.0
450.0
458.0
439.0
440.0
440.0
438.0
435.0
438.0
440.0
439.0
440.0
451.0
441.0
436.0
445.0
452.0
446.0
435.0
436.0
446.0
436.0
441.0
447.0
448.0
447.0
436.0
446.0
449.0
450.0
459.0
450.0
450.0
440.0
449.0
438.0
435.0
440.0
450.0
450.0
448.0
440.0
435.0
445.0
435.0
429.0
431.0
440.0
444.0
430.0
435.0
430.0
436.0
437.0
436.0
430.0
439.0
439.0
440.0
430.0
438.0
440.0
437.0
437.0
435.0
435.0
435.0
434.0
420.0
425.0
420.0
420.0
416.0
415.0
415.0
420.0
420.0
420.0
434.0
427.0
428.0
414.0
401.0
399.0
400.0
402.0
390.0
390.0
400.0
395.0
417.0
420.0
413.0
425.0
430.0
424.0
424.0
420.0
423.0
415.0
421.0
421.0
420.0
423.0
426.0
440.0
439.0
436.0
446.0
443.0
450.0
446.0
448.0
450.0
450.0
450.0
451.0
450.0
450.0
450.0
450.0
450.0
468.0
464.0
450.0
456.0
443.0
433.0
431.0
426.0
440.0
435.0
443.0
450.0
454.0
455.0
450.0
438.0
425.0
425.0
426.0
433.0
430.0
436.0
432.0
435.0
430.0
440.0
440.0
441.0
449.0
438.0
436.0
446.0
447.0
435.0
428.0
442.0
444.0
443.0
449.0
442.0
433.0
428.0
440.0
437.0
436.0
460.0
450.0
452.0
452.0
463.0
469.0
472.0
480.0
464.0
453.0
462.0
471.0
478.0
477.0
473.0
475.0
480.0
486.0
497.0
500.0
580.0
570.0
603.0
619.0
603.0
599.0
595.0
559.0
549.0
545.0
548.0
550.0
562.0
550.0
559.0
567.0
560.0
574.0
581.0
598.0
580.0
600.0
585.0
591.0
595.0
600.0
600.0
590.0
590.0
584.0
584.0
564.0
583.0
584.0
581.0
584.0
584.0
580.0
561.0
580.0
572.0
555.0
560.0
556.0
565.0
562.0
578.0
578.0
566.0
577.0
550.0
538.0
551.0
530.0
508.0
520.0
520.0
508.0
520.0
513.0
490.0
481.0
488.0
480.0
480.0
559.0
512.0
513.0
513.0
510.0
529.0
520.0
513.0
549.0
533.0
520.0
526.0
559.0
542.0
550.0
534.0
532.0
504.0
512.0
501.0
500.0
500.0
499.0
500.0
499.0
510.0
515.0
522.0
532.0
527.0
531.0
536.0
533.0
539.0
540.0
541.0
516.0
523.0
514.0
518.0
500.0
504.0
504.0
495.0
498.0
517.0
514.0
506.0
491.0
490.0
495.0
496.0
500.0
475.0
490.0
472.0
478.0
450.0
448.0
460.0
437.0
440.0
480.0
479.0
482.0
488.0
490.0
494.0
487.0
490.0
495.0
490.0
493.0
480.0
501.0
500.0
492.0
485.0
489.0
498.0
497.0
483.0
485.0
488.0
495.0
516.0
520.0
524.0
519.0
521.0
523.0
530.0
520.0
529.0
526.0
528.0
540.0
554.0
543.0
540.0
545.0
549.0
565.0
546.0
556.0
570.0
571.0
594.0
589.0
596.0
597.0
603.0
599.0
601.0
602.0
604.0
617.0
613.0
620.0
622.0
620.0
631.0
617.0
638.0
635.0
634.0
660.0
669.0
690.0
727.0
773.0
761.0
741.0
750.0
740.0
730.0
750.0
769.0
760.0
763.0
734.0
740.0
737.0
740.0
740.0
725.0
719.0
720.0
700.0
728.0
727.0
740.0
737.0
737.0
725.0
716.0
740.0
725.0
707.0
725.0
724.0
723.0
726.0
730.0
691.0
697.0
710.0
695.0
719.0
719.0
712.0
690.0
704.0
675.0
643.0
629.0
690.0
675.0
710.0
686.0
665.0
698.0
760.0
747.0
720.0
770.0
800.0
853.0
812.0
838.0
836.0
852.0
847.0
840.0
812.0
800.0
780.0
760.0
770.0
777.0
770.0
779.0
777.0
780.0
759.0
760.0
738.0
727.0
732.0
700.0
667.0
650.0
637.0
639.0
653.0
642.0
630.0
647.0
636.0
628.0
635.0
634.0
618.0
615.0
617.0
632.0
639.0
640.0
665.0
691.0
690.0
680.0
677.0
670.0
680.0
683.0
680.0
668.0
659.0
650.0
642.0
636.0
640.0
636.0
637.0
647.0
630.0
643.0
637.0
635.0
630.0
630.0
634.0
620.0
629.0
630.0
623.0
616.0
628.0
613.0
615.0
571.0
547.0
557.0
552.0
555.0
555.0
560.0
570.0
549.0
540.0
477.0
440.0
440.0
420.0
386.0
411.0
431.0
427.0
415.0
414.0
417.0
413.0
414.0
412.0
415.0
404.0
406.0
409.0
405.0
411.0
408.0
420.0
413.0
420.0
415.0
416.0
414.0
412.0
412.0
435.0
459.0
467.0
476.0
462.0
455.0
460.0
434.0
443.0
444.0
443.0
428.0
429.0
425.0
432.0
429.0
440.0
436.0
427.0
423.0
426.0
422.0
426.0
414.0
417.0
425.0
426.0
421.0
424.0
431.0
427.0
424.0
431.0
423.0
425.0
429.0
434.0
431.0
431.0
432.0
434.0
435.0
426.0
418.0
413.0
413.0
407.0
404.0
395.0
393.0
387.0
394.0
398.0
394.0
396.0
393.0
393.0
387.0
383.0
388.0
387.0
387.0
381.0
375.0
377.0
376.0
378.0
380.0
380.0
363.0
360.0
367.0
361.0
367.0
385.0
385.0
385.0
399.0
407.0
411.0
396.0
397.0
387.0
387.0
405.0
404.0
401.0
402.0
392.0
388.0
393.0
387.0
376.0
384.0
377.0
384.0
375.0
380.0
374.0
383.0
383.0
386.0
382.0
381.0
384.0
392.0
402.0
393.0
395.0
400.0
400.0
400.0
400.0
401.0
400.5
408.5
407.0
407.5
410.5
407.0
406.0
403.5
405.0
398.5
395.0
398.0
400.0
392.5
395.0
391.5
399.0
406.0
401.5
400.0
410.0
409.5
410.0
409.5
410.5
408.5
408.0
419.0
426.5
412.5
407.5
430.0
452.0
459.0
471.0
461.0
459.0
444.5
437.5
444.0
460.0
450.0
460.0
454.0
453.0
465.0
451.0
455.5
458.5
454.5
460.0
466.5
465.5
464.0
461.0
462.0
463.0
463.5
464.0
470.5
480.0
476.0
479.5
478.0
463.5
457.0
489.0
488.0
485.5
487.0
488.0
481.0
479.5
479.0
496.0
482.5
484.5
480.5
478.0
477.0
472.5
468.0
464.0
466.0
460.0
459.5
464.0
464.0
462.5
460.5
456.5
440.5
433.5
420.0
434.5
429.0
431.0
424.0
431.0
425.0
419.0
428.5
426.0
425.0
428.0
436.5
465.0
450.0
445.0
445.0
430.0
428.0
428.0
423.0
429.0
438.5
425.0
424.5
419.0
420.0
418.0
418.0
422.5
424.5
423.0
425.5
422.0
422.5
429.5
421.5
420.5
422.0
425.0
417.0
415.0
410.0
413.0
414.0
418.0
414.5
426.5
430.0
427.0
419.0
434.0
433.5
441.0
445.5
440.0
440.0
439.0
435.5
433.0
432.0
439.0
437.0
431.5
431.0
430.0
434.0
433.0
439.5
437.0
436.0
432.0
431.5
429.5
434.5
429.0
428.0
430.0
430.0
429.0
434.5
435.5
442.5
447.0
437.0
431.5
428.0
426.5
430.0
422.0
425.0
418.0
421.0
413.0
411.5
412.5
414.0
426.5
413.0
419.5
414.5
426.0
417.0
415.0
410.0
426.0
426.0
427.0
422.5
422.5
429.5
425.0
423.0
425.0
423.0
423.5
425.0
420.0
421.0
422.5
420.0
422.5
437.0
435.5
437.5
423.0
421.5
419.0
422.0
422.5
423.5
424.0
428.0
425.0
426.0
422.0
423.0
423.5
427.0
425.5
425.5
424.0
423.0
421.5
420.0
425.0
423.5
422.5
421.5
424.0
421.5
423.0
423.5
419.5
419.0
417.0
419.0
421.0
418.5
419.0
419.5
424.0
419.5
419.5
419.5
415.0
417.0
411.0
409.0
407.0
407.5
409.0
419.0
422.5
414.0
418.0
416.0
440.0
433.0
427.5
423.0
428.0
449.5
430.0
440.0
445.5
435.0
439.0
445.0
458.0
442.0
443.0
440.0
443.0
440.0
437.0
445.0
445.0
445.5
450.5
440.0
433.0
432.0
424.0
429.5
437.0
437.0
436.0
432.0
431.0
432.0
436.5
438.0
436.0
438.0
441.5
435.5
443.5
451.0
441.5
447.0
443.0
436.0
431.0
433.0
420.5
411.0
418.0
413.5
409.0
417.5
387.5
372.0
378.0
325.0
330.5
324.5
329.5
300.0
300.0
314.0
329.5
336.0
353.0
385.0
367.5
370.5
364.0
372.0
378.5
375.5
380.0
376.0
377.5
376.5
375.5
401.5
397.0
382.5
388.5
386.5
386.0
377.0
380.5
379.5
396.5
389.0
391.0
386.0
387.0
385.0
386.0
384.5
388.0
382.0
379.5
384.0
378.5
377.5
380.0
379.0
384.0
388.0
387.0
395.0
401.5
397.5
395.0
381.0
389.0
384.0
390.0
387.0
389.5
387.5
387.5
387.0
384.5
383.0
385.5
388.5
384.5
386.5
387.5
390.5
388.0
390.0
391.5
388.0
390.5
384.0
388.5
389.5
390.0
384.0
390.0
390.0
380.0
389.0
380.0
385.5
387.0
388.5
388.5
387.0
395.0
387.0
391.5
392.5
392.0
389.5
395.0
393.0
395.0
389.0
395.0
396.0
399.5
399.5
396.0
398.0
420.0
414.5
418.5
411.0
412.5
408.0
405.5
424.5
418.5
426.5
427.5
424.5
412.5
405.0
405.5
402.5
402.0
404.5
405.0
407.0
403.5
403.5
406.0
406.0
408.0
399.0
400.0
400.5
399.0
391.0
399.5
388.5
396.0
390.5
389.0
395.0
401.5
393.0
399.0
390.0
388.0
390.5
392.5
392.0
391.5
388.5
395.0
393.5
397.0
399.0
396.0
395.5
394.5
387.5
387.5
388.0
387.5
391.5
392.5
396.0
393.0
390.5
394.0
390.5
395.5
391.0
394.5
394.5
393.0
394.5
392.5
390.5
392.5
393.0
393.0
393.0
392.5
394.5
395.5
395.0
392.5
391.5
394.5
394.5
391.5
392.0
391.0
387.0
390.5
387.5
388.5
385.5
391.0
390.5
386.5
389.0
387.0
390.5
389.0
395.0
424.0
593.0
479.5
487.0
462.0
468.5
472.0
481.5
479.5
464.0
440.0
448.5
441.0
434.5
442.5
438.0
433.5
436.0
430.0
432.5
440.0
447.5
466.0
457.5
456.0
444.5
454.0
446.0
476.0
452.5
482.5
484.5
475.0
473.0
461.5
451.5
458.5
467.0
468.0
456.0
447.5
446.5
445.0
445.0
439.5
439.0
447.5
437.0
475.5
456.0
454.5
449.0
443.0
441.0
439.5
453.0
455.5
453.0
453.0
451.0
460.0
456.0
452.0
461.5
453.0
457.5
452.5
454.5
455.0
453.0
455.0
450.5
455.0
456.0
458.0
459.5
459.0
462.0
459.5
461.0
457.0
455.0
465.0
460.5
467.0
466.0
466.0
462.0
460.0
458.0
462.5
460.0
455.0
462.5
461.0
470.5
472.0
470.0
476.5
476.5
473.5
465.0
465.0
468.5
466.5
468.5
469.5
469.0
495.0
485.5
486.0
485.0
480.5
479.0
478.5
477.5
480.5
475.5
471.0
486.0
472.5
477.0
473.0
470.0
477.0
472.0
470.5
474.0
475.0
476.5
470.0
477.0
471.0
474.5
473.0
465.0
465.0
464.0
469.5
468.0
460.0
469.0
464.0
463.5
472.0
470.5
470.5
479.0
478.5
472.5
475.0
474.0
475.0
462.0
474.0
464.0
472.0
468.5
464.0
461.5
467.5
469.0
466.0
465.0
460.5
515.0
544.0
517.5
509.5
501.5
502.0
500.0
498.5
502.0
523.0
535.0
545.0
525.0
520.0
502.0
498.0
521.0
519.0
513.5
514.0
496.0
496.0
505.0
497.0
495.0
500.0
490.0
490.0
490.0
509.0
503.5
512.0
507.0
509.0
501.5
507.0
500.0
500.0
509.0
534.5
539.0
530.5
515.0
513.0
520.5
518.0
517.5
525.5
550.0
534.0
560.0
532.0
526.0
514.0
507.0
510.5
504.5
488.0
479.0
484.5
474.0
483.5
482.0
477.5
469.0
472.5
471.0
480.0
472.0
477.0
470.0
477.0
482.0
461.0
457.5
452.0
458.0
445.5
440.0
454.0
452.5
443.0
452.0
447.0
440.0
447.0
455.0
474.5
480.0
474.0
473.0
472.0
472.0
471.5
468.5
453.5
449.5
434.0
443.0
447.5
443.0
424.0
425.0
424.5
436.5
436.0
430.0
431.0
432.5
418.5
416.5
413.0
419.0
419.5
422.0
417.5
418.0
428.5
429.5
420.0
420.0
390.5
400.0
333.0
365.5
329.0
338.0
358.0
389.5
392.5
391.5
400.0
384.5
394.5
394.0
391.0
384.5
379.0
374.5
374.5
366.0
368.5
374.0
367.0
364.5
364.0
357.0
355.0
362.0
357.0
371.0
372.5
367.0
363.0
347.0
351.0
345.0
349.5
355.5
351.5
345.5
353.0
342.0
349.0
348.0
349.5
347.0
349.5
345.0
338.0
338.0
340.0
344.0
340.0
344.0
338.5
338.0
343.0
345.5
349.0
348.5
342.5
346.5
341.5
342.5
348.0
346.5
344.0
326.5
