close
144.4
144.75
146.4
145.2
144.77
145.0
145.2
145.6
147.17
153.25
149.26
147.44
149.39
148.96
148.97
151.95
152.3
149.13
150.31
151.43
150.4
148.79
148.15
147.5
146.52
142.5
140.0
139.26
136.01
137.75
136.29
136.9
135.12
132.0
131.31
133.4
132.0
131.5
129.5
126.57
124.7
126.92
126.55
128.61
128.52
130.9
131.8
132.95
134.21
135.8
136.37
135.96
135.0
136.1
135.28
135.51
133.8
131.95
132.32
133.32
138.26
138.15
139.0
139.0
139.02
139.2
136.65
137.56
136.0
138.56
137.0
138.2
135.99
135.05
136.5
137.8
136.92
137.11
135.77
137.9
137.26
134.25
135.8
138.9
137.1
134.61
135.64
133.21
135.25
135.5
134.5
132.41
134.6
134.1
134.0
133.5
133.5
133.99
134.07
135.75
138.5
139.5
141.5
143.39
143.2
144.1
144.5
145.22
143.71
143.57
141.84
142.49
142.67
143.2
143.98
144.48
145.01
144.7
144.13
145.5
143.19
142.86
144.1
144.91
146.23
144.5
140.5
135.05
135.24
136.09
134.01
134.49
130.29
131.4
131.0
137.0
138.7
136.49
133.4
134.28
134.8
134.6
135.5
130.31
133.95
138.92
146.46
141.7
140.22
142.64
146.3
147.0
149.6
148.11
145.75
148.8
151.5
152.83
148.0
150.9
147.7
145.0
143.82
138.18
140.35
142.6
147.6
151.6
149.3
149.31
150.55
157.7
162.4
160.19
159.2
163.0
160.9
158.0
154.99
150.7
151.65
152.95
155.5
159.0
154.0
154.8
152.12
148.05
145.99
144.7
141.8
139.75
139.7
140.25
136.81
136.0
134.61
137.15
134.9
132.2
134.88
137.0
138.9
143.0
143.9
143.94
145.7
146.2
147.27
148.1
148.0
148.8
144.4
150.1
152.4
149.3
153.96
155.35
150.8
150.15
153.89
152.05
152.79
152.5
153.5
156.33
155.25
152.1
155.52
154.2
151.74
151.8
152.98
151.9
149.85
146.35
147.16
148.8
146.69
145.25
147.66
146.11
139.0
139.4
140.75
140.71
140.2
142.4
142.66
146.17
145.6
145.4
144.95
146.0
147.6
147.15
147.15
148.5
146.25
146.68
143.7
145.18
143.59
145.85
145.5
145.8
144.33
143.0
142.5
141.5
143.77
143.9
145.27
146.5
142.7
144.2
143.6
141.78
141.41
140.8
138.37
136.41
134.51
135.05
138.7
139.8
142.5
141.45
141.89
143.78
140.88
141.34
141.5
141.97
142.99
143.7
144.8
144.25
142.65
140.8
142.64
140.29
135.35
140.4
140.51
144.6
146.6
148.19
144.5
142.57
145.3
142.8
141.67
143.21
144.22
142.99
142.4
143.58
141.95
142.91
142.8
139.5
139.45
136.4
134.3
132.2
133.85
130.9
133.2
134.55
132.9
131.5
136.8
137.87
140.0
139.8
143.81
141.7
141.8
142.01
142.61
141.0
140.27
140.4
139.49
139.25
138.94
138.5
138.5
138.1
136.11
135.75
137.8
141.75
140.97
137.75
136.5
135.58
135.0
136.6
136.0
137.21
142.75
147.47
147.5
148.05
152.0
145.65
143.99
143.2
140.65
138.0
137.42
136.85
140.0
137.7
134.5
134.65
135.81
135.6
133.8
131.59
134.4
134.5
137.9
132.25
131.5
133.2
135.3
136.0
134.48
134.97
137.49
136.09
134.91
136.45
135.94
131.38
133.54
131.3
130.86
125.1
124.6
125.98
125.83
127.75
132.4
133.0
131.89
134.0
136.5
136.6
133.9
132.5
131.01
135.07
134.43
133.5
132.7
133.03
130.49
131.3
133.43
135.85
137.1
138.0
136.9
136.59
139.9
137.15
137.97
138.67
141.4
142.0
140.14
144.5
146.16
150.15
147.43
146.94
144.3
143.2
142.54
144.75
147.27
150.65
149.9
149.62
146.0
145.8
146.04
145.1
144.7
147.8
147.75
147.2
146.38
144.34
144.2
143.89
145.7
147.3
148.9
153.12
150.43
147.99
146.3
155.95
161.95
161.8
161.2
160.3
163.0
160.99
164.75
168.47
162.4
160.5
159.27
156.85
159.45
159.03
159.85
158.07
153.58
152.1
148.33
146.7
144.31
146.35
146.55
148.87
149.88
149.6
145.5
144.7
144.0
143.41
146.4
147.75
146.95
144.98
142.44
141.84
141.57
139.5
139.32
142.97
143.54
143.0
144.2
141.25
138.52
139.24
140.0
139.51
140.05
141.6
140.95
139.99
140.37
140.27
141.4
142.12
143.6
144.2
147.37
145.84
139.48
139.26
140.1
140.6
140.7
140.69
139.5
139.9
137.3
136.93
134.5
134.04
136.7
135.5
137.47
137.34
137.4
137.19
137.83
138.0
137.99
137.68
138.4
136.8
137.8
137.37
137.0
135.42
136.2
136.2
135.59
134.95
134.99
135.55
136.05
141.4
143.08
141.45
138.54
138.93
138.45
139.35
137.6
136.47
136.59
137.0
136.25
136.7
136.7
135.26
133.92
134.09
135.31
134.9
135.37
136.23
134.8
135.9
136.1
139.1
138.98
138.07
137.47
136.2
135.57
135.81
135.49
134.72
134.96
135.05
135.3
135.32
135.04
135.0
138.84
141.98
140.81
139.9
138.5
139.32
145.62
147.4
147.88
146.26
145.9
145.5
147.7
146.96
149.6
150.0
149.49
151.11
151.31
148.94
147.75
148.8
152.81
152.35
153.78
151.5
151.95
153.05
152.99
158.63
158.95
157.2
158.25
156.2
154.6
155.3
153.06
150.27
149.05
148.95
150.38
151.0
152.62
154.55
157.7
157.44
154.0
154.1
154.4
157.97
157.01
157.25
157.95
155.81
153.65
152.86
150.85
149.7
148.1
150.15
147.65
150.49
154.09
150.8
149.8
149.65
148.8
149.35
148.5
148.7
145.2
142.11
140.5
141.2
140.62
139.72
139.16
138.12
138.5
138.35
136.68
136.75
135.07
134.0
133.85
131.3
134.8
134.6
132.89
129.0
128.78
129.93
128.8
127.6
128.05
128.94
128.79
129.3
131.65
130.99
130.05
128.8
129.2
128.81
128.49
127.9
127.21
128.81
130.69
130.5
128.72
126.16
126.0
125.05
124.54
122.85
123.7
122.22
121.55
121.99
123.0
128.0
130.2
133.43
133.41
136.75
136.52
135.81
134.93
134.41
134.19
131.1
132.5
131.5
131.13
132.07
126.9
124.19
122.52
123.23
122.0
121.61
122.2
123.11
122.1
120.28
118.0
119.69
119.0
119.05
118.92
119.3
120.5
118.15
115.35
115.49
116.02
117.33
117.44
117.97
119.55
119.1
118.67
119.35
119.7
119.16
118.49
119.86
122.73
122.7
122.68
123.0
124.25
124.78
124.87
125.55
125.0
125.14
124.49
120.11
120.6
118.95
119.17
118.4
119.0
118.68
116.9
116.1
117.99
119.09
119.58
119.45
119.5
119.67
118.68
118.05
116.93
117.4
117.59
116.75
116.22
116.0
115.92
116.0
115.75
116.56
117.85
118.75
118.3
118.2
117.97
117.4
117.0
116.0
117.14
117.95
120.34
121.0
121.99
123.55
123.33
122.5
122.72
121.75
122.25
122.34
121.95
123.03
123.03
123.36
122.5
122.2
121.9
120.78
121.76
123.5
123.47
124.81
124.44
126.0
125.93
126.86
127.17
125.15
126.7
125.5
126.7
126.8
126.02
125.0
124.2
125.94
125.98
125.9
126.5
125.67
125.9
132.28
132.3
131.5
132.5
133.32
132.93
131.21
129.2
129.65
129.96
132.49
132.57
131.6
133.57
133.5
135.18
133.55
132.15
133.02
133.77
133.65
134.0
133.02
132.6
134.65
135.5
135.56
135.91
135.5
134.25
133.96
132.5
131.7
132.42
131.96
131.2
130.99
130.53
130.5
132.2
135.89
137.12
140.0
143.43
144.58
143.99
142.99
145.29
148.7
150.35
149.13
150.3
148.8
149.7
149.8
147.19
144.75
143.5
143.36
145.39
144.0
144.53
141.59
141.0
137.2
135.56
137.3
139.85
138.89
137.06
137.06
138.31
141.32
144.0
145.97
147.0
146.5
143.16
140.1
138.57
141.6
140.59
138.56
139.81
141.35
142.75
138.8
138.25
141.0
139.91
142.45
141.51
139.5
142.0
138.27
140.8
140.47
142.8
142.33
140.32
141.13
140.18
140.5
141.5
135.01
141.8
145.27
145.99
142.58
141.5
142.4
144.75
143.4
144.4
143.99
144.14
142.7
145.48
144.5
144.3
145.93
144.94
142.7
143.73
144.05
145.48
146.38
150.7
150.98
149.2
148.59
147.15
145.65
146.76
146.5
146.06
145.27
145.09
145.09
143.9
143.26
145.0
144.0
146.44
146.0
146.9
146.05
143.05
144.08
142.28
141.0
139.4
137.73
136.52
135.5
136.91
134.4
136.76
137.1
138.07
139.0
138.76
141.01
144.0
142.49
142.24
145.55
144.96
148.0
147.3
144.77
145.08
146.87
147.0
145.31
138.29
137.58
136.47
138.37
138.85
138.21
138.18
137.99
138.9
143.79
142.14
140.36
142.39
141.34
142.74
144.1
145.2
144.8
142.9
141.24
141.5
140.88
141.01
141.51
143.3
144.16
141.5
143.6
144.52
145.6
147.88
145.98
149.95
148.73
147.4
147.06
147.06
148.8
150.75
152.36
155.05
153.5
152.15
155.46
157.08
157.39
154.35
158.64
159.0
160.84
159.27
161.8
162.61
161.89
162.59
169.47
168.5
170.5
171.81
172.11
166.2
161.92
167.0
164.0
165.99
164.56
160.18
161.32
155.7
153.61
154.7
155.65
152.5
152.52
151.3
155.47
153.5
153.71
156.0
157.85
157.51
153.19
150.89
148.83
151.85
154.14
153.16
154.1
151.51
152.4
153.91
151.79
149.53
153.8
165.58
164.99
161.29
165.4
164.2
164.57
160.62
163.0
161.0
158.6
155.79
156.49
155.4
153.53
151.89
152.98
152.27
151.12
149.73
147.01
148.41
150.68
153.0
153.5
156.28
159.15
158.26
160.24
160.2
161.0
160.48
158.15
156.9
157.1
159.2
158.3
158.5
159.9
160.9
162.82
160.56
162.95
165.4
162.82
163.33
163.2
164.25
163.21
160.39
159.8
161.29
163.68
159.27
155.15
159.04
156.43
154.03
154.43
153.5
154.64
154.6
155.36
156.4
158.99
156.71
154.4
153.2
154.2
151.9
151.6
151.64
153.3
152.68
154.56
155.84
155.5
156.09
155.33
152.29
152.29
151.12
149.49
149.98
149.61
154.53
155.0
156.99
158.89
158.6
160.5
162.7
162.88
158.04
159.12
158.33
162.24
164.0
161.79
162.57
163.5
162.42
160.57
159.31
161.0
163.93
163.95
165.71
166.31
165.45
164.21
163.57
163.61
163.0
189.67
195.61
202.7
198.89
200.8
207.8
208.1
208.86
204.5
206.2
203.13
207.14
213.1
215.1
235.51
230.16
230.01
231.45
230.5
232.1
234.86
234.44
231.51
229.81
232.13
232.46
232.52
229.09
232.38
232.09
233.1
232.6
232.83
245.5
246.65
251.6
255.35
250.89
248.51
250.17
250.21
247.2
245.5
240.3
238.01
220.19
218.3
216.0
217.12
217.39
212.0
219.0
234.23
236.73
237.1
236.9
234.28
227.91
223.61
226.76
227.67
231.21
229.96
230.24
229.87
227.1
227.15
224.71
226.8
231.54
231.22
232.06
229.35
228.9
227.0
228.48
233.2
232.15
233.67
231.02
233.71
236.18
234.49
234.85
233.0
235.07
232.88
232.5
234.88
233.58
233.46
230.52
230.41
230.36
227.7
228.43
231.97
229.01
225.9
226.49
223.6
223.1
221.66
226.36
223.2
223.18
224.5
227.37
226.0
226.0
227.7
228.0
228.0
228.54
235.36
236.2
243.94
246.71
244.4
253.1
261.6
260.0
263.79
263.0
266.98
270.74
266.0
260.4
257.25
251.8
248.34
248.01
246.15
248.01
248.0
254.35
251.99
255.2
254.0
253.89
254.0
257.54
254.05
247.93
248.93
246.36
247.83
248.7
246.9
247.34
250.48
249.5
250.78
252.05
251.29
251.4
255.5
255.0
254.87
253.25
254.1
257.11
256.4
259.0
256.55
255.79
254.07
251.9
251.5
250.0
251.3
254.26
255.39
253.5
252.99
248.1
239.3
237.95
230.96
235.0
232.0
231.53
226.7
227.64
230.5
232.56
231.38
229.11
225.2
233.9
238.03
233.55
232.5
233.75
230.5
231.9
234.6
232.0
224.68
224.76
217.5
202.65
198.78
201.48
200.0
198.0
188.27
171.0
172.03
163.73
166.1
168.07
167.0
166.34
174.56
176.26
168.35
177.95
180.2
181.5
174.5
176.44
181.41
180.06
187.04
189.77
191.1
191.22
194.11
193.86
192.0
188.07
190.11
184.25
184.3
184.68
185.51
181.92
188.36
188.73
185.71
186.29
188.5
193.87
190.0
185.7
190.0
187.05
185.85
185.34
186.17
184.2
183.91
183.85
192.5
194.2
196.74
194.74
194.35
197.55
196.86
194.73
196.86
199.95
198.72
201.97
208.0
201.46
203.05
204.91
204.84
201.75
196.74
194.2
196.59
195.86
193.0
195.81
194.3
194.83
192.25
193.0
197.94
194.31
195.28
197.2
199.99
197.96
201.17
199.44
200.94
195.7
193.6
182.26
183.32
184.65
188.36
186.78
187.15
184.69
185.45
185.03
184.3
184.69
182.52
182.59
183.6
183.31
189.15
189.07
187.23
187.7
189.7
192.8
193.76
192.83
190.47
190.3
189.26
186.95
184.51
187.1
186.25
187.48
184.58
182.9
181.01
184.22
181.95
179.13
179.55
177.04
172.95
173.69
173.8
178.05
178.19
182.22
183.26
183.9
181.52
177.17
179.0
177.0
174.23
173.77
172.74
171.44
169.97
168.4
169.47
170.64
171.35
168.23
167.43
166.97
169.05
166.37
167.24
167.16
163.98
163.6
166.53
164.37
165.27
164.96
162.17
159.21
154.3
156.74
154.28
157.74
161.09
163.7
164.92
170.13
172.92
170.53
172.91
180.3
185.32
182.9
185.0
184.16
183.21
184.15
186.76
188.03
185.52
185.9
181.89
185.34
187.22
185.12
188.79
190.76
190.0
189.35
192.95
201.5
199.91
201.0
206.2
214.52
212.69
203.46
208.4
207.63
206.24
205.03
206.11
208.75
212.98
212.71
215.32
214.38
225.49
227.6
228.69
226.8
228.86
226.5
226.88
223.15
224.3
217.28
215.49
218.68
218.8
217.4
217.7
212.83
214.66
214.42
218.1
219.79
222.01
228.0
227.73
223.24
221.35
226.71
229.22
232.46
229.14
224.47
226.0
225.84
225.63
222.55
221.7
217.56
221.47
222.74
222.15
221.14
227.0
232.1
231.69
232.47
233.8
237.79
234.02
229.9
224.35
225.4
221.88
221.62
223.65
224.84
227.3
228.74
225.93
227.24
226.94
228.4
225.06
222.95
224.51
224.3
222.15
222.87
227.99
235.32
234.63
235.1
231.17
230.0
230.84
230.93
232.62
233.23
232.0
232.96
230.51
231.38
233.8
237.5
243.0
241.7
241.41
242.5
241.79
247.16
249.55
255.15
266.22
260.9
259.16
258.0
261.24
259.79
263.09
262.96
262.0
261.03
263.86
271.15
272.1
274.3
275.67
275.36
275.65
276.1
277.05
279.5
272.72
271.8
272.5
270.06
272.62
277.0
277.35
277.47
277.19
276.99
276.8
281.8
285.74
285.65
291.1
293.45
297.39
292.86
295.22
297.39
293.83
284.6
280.01
279.65
275.51
277.3
282.9
283.28
279.51
281.05
278.08
282.2
287.0
287.35
286.75
287.09
287.94
285.95
282.27
286.68
288.61
290.35
293.23
292.7
295.1
298.32
295.05
293.68
292.57
297.69
298.7
296.7
294.34
299.66
305.17
305.65
312.89
312.3
317.94
328.93
327.73
327.6
324.57
326.43
332.75
338.98
343.34
338.5
334.5
325.7
335.3
340.59
343.47
344.29
355.19
354.07
360.88
360.8
363.25
376.06
389.82
381.3
370.7
366.17
369.81
364.1
362.77
367.0
367.76
363.5
368.83
369.97
363.37
358.12
364.84
364.82
362.17
353.21
350.18
359.1
352.48
353.02
350.6
351.47
349.46
345.8
347.44
333.6
340.3
336.79
349.98
345.56
337.62
319.2
341.77
338.3
337.55
326.0
339.2
334.24
345.21
350.3
345.99
338.94
344.96
340.5
336.6
332.0
307.26
319.35
324.09
328.39
327.3
325.9
339.88
345.55
339.81
338.79
343.97
343.23
340.33
342.39
353.73
352.55
335.0
346.13
344.0
343.74
347.43
337.6
335.76
327.81
301.11
318.36
310.42
311.6
294.59
302.96
299.6
325.25
329.58
334.8
330.95
331.7
323.75
324.6
321.25
331.7
335.08
328.93
318.1
321.85
333.6
336.5
323.51
309.48
257.3
283.51
210.0
228.0
258.51
227.0
218.6
208.0
216.0
242.48
251.4
252.9
243.5
239.7
245.0
241.07
234.55
236.3
234.87
222.11
224.0
216.99
220.72
218.92
210.29
208.0
206.35
225.85
237.15
237.53
240.4
234.16
238.6
240.1
241.99
230.56
235.52
244.2
258.8
264.84
266.68
263.0
263.0
265.8
271.4
295.89
294.5
300.8
293.75
297.69
296.0
297.0
296.5
297.99
308.0
306.5
309.2
317.69
316.2
316.99
315.5
311.98
301.58
295.8
303.5
296.0
296.2
297.2
297.65
216.27
