close
688.5
689.0
689.9
678.1
672.2
672.0
672.0
673.1
672.0
672.0
684.8
684.8
685.4
673.1
673.2
673.1
672.1
679.9
684.5
686.8
686.0
684.9
680.0
672.0
675.0
675.0
672.6
679.8
679.8
676.0
678.0
658.9
677.0
677.0
675.0
676.2
675.0
677.0
677.0
673.2
677.0
677.0
646.3
665.9
646.3
633.4
645.0
639.0
639.0
639.0
639.9
639.0
646.0
641.0
641.8
651.0
653.3
651.0
655.5
656.1
662.0
661.3
671.3
673.0
666.1
672.8
670.0
672.0
672.0
675.0
676.0
678.0
682.5
682.0
687.0
686.5
694.0
700.5
703.0
703.5
724.0
719.0
712.0
729.5
716.0
718.0
720.0
716.5
716.5
719.5
726.5
733.0
723.5
725.5
728.0
730.0
729.5
731.5
736.0
736.0
747.0
752.0
757.5
759.0
762.5
760.0
757.5
761.5
772.0
760.5
761.5
761.0
760.0
759.5
768.5
768.5
765.5
759.0
759.0
768.5
767.5
769.5
765.0
761.0
761.0
770.0
762.5
771.0
770.5
770.0
768.5
771.0
771.0
764.5
765.0
765.5
774.0
778.0
774.0
771.5
768.5
776.0
768.0
769.0
772.5
767.0
767.0
767.0
767.0
767.5
767.0
773.0
767.0
767.0
767.0
757.0
755.5
758.0
748.0
748.0
754.0
740.5
736.0
744.5
732.5
745.0
744.5
745.0
730.0
722.0
726.5
732.0
727.5
732.0
731.5
722.5
731.5
728.5
723.0
723.0
731.5
733.0
1010.0
802.0
840.0
745.0
740.5
762.0
740.0
737.0
748.0
738.0
716.5
690.5
680.5
680.0
680.0
690.0
681.5
669.5
661.0
646.0
650.0
639.0
638.5
632.0
627.0
630.0
654.0
629.0
622.5
611.0
608.0
600.0
600.0
600.0
609.5
605.5
622.5
620.5
614.0
609.0
605.0
599.5
603.0
612.5
609.5
609.5
609.5
612.5
623.0
619.0
610.0
608.0
612.0
610.0
610.5
608.0
611.5
606.0
608.0
614.0
613.5
621.0
618.0
622.0
608.5
604.5
601.0
598.0
598.0
599.5
601.0
599.0
598.0
604.5
601.5
603.5
604.0
603.5
603.0
600.5
603.0
601.5
600.0
600.0
599.0
596.0
596.5
598.5
597.5
598.5
599.5
597.0
596.5
597.5
592.5
591.0
592.5
593.0
590.0
590.0
593.0
600.0
606.5
603.5
603.5
604.0
603.5
598.0
597.5
596.0
604.5
615.0
610.0
607.5
608.0
605.5
605.0
605.5
602.5
601.0
596.5
594.5
597.0
595.0
595.0
592.0
593.0
591.0
581.5
580.5
584.0
584.0
567.0
570.0
547.5
560.0
544.5
550.0
555.0
557.5
575.0
584.5
584.0
589.0
595.0
590.5
601.5
596.5
595.0
595.5
605.0
624.0
632.5
630.0
631.0
629.0
643.0
656.5
653.0
651.5
655.0
641.5
657.5
650.0
656.5
655.5
653.0
658.5
659.5
659.0
665.0
656.5
662.0
665.0
674.0
678.0
688.0
699.5
690.0
719.5
716.0
725.0
696.0
684.5
676.0
671.0
653.5
664.5
657.0
658.5
656.0
652.0
640.0
641.0
642.0
638.0
639.0
638.5
640.5
653.0
647.0
647.0
640.5
651.5
650.0
652.0
659.0
648.5
658.0
654.0
653.5
640.0
647.5
651.5
649.0
644.0
650.0
638.0
639.5
637.5
634.5
618.5
621.5
622.5
629.0
627.5
623.0
622.0
622.0
618.0
619.0
615.0
614.0
607.0
615.5
614.0
612.0
620.0
620.0
619.0
628.0
642.0
637.5
620.0
634.0
648.0
653.5
648.0
651.5
659.0
653.5
655.0
651.0
653.0
659.0
660.0
661.0
675.0
679.0
660.5
643.0
672.5
681.0
679.0
676.5
685.0
682.0
683.5
685.5
686.0
690.0
696.5
689.5
684.0
692.5
692.0
694.5
700.5
700.0
701.0
735.0
725.5
735.0
737.0
735.0
726.0
719.5
684.5
675.0
679.0
688.0
676.0
682.0
682.0
680.0
683.0
685.0
683.0
686.0
683.0
682.0
687.0
682.5
687.0
682.0
686.0
685.5
680.0
679.5
676.0
693.0
689.0
684.5
695.0
690.5
700.0
691.0
692.5
700.0
710.5
699.5
694.0
699.0
699.0
702.5
703.5
704.0
758.0
756.5
733.5
744.0
774.5
773.0
875.0
856.5
899.0
892.0
878.0
870.0
859.5
856.0
888.0
876.5
889.0
891.0
876.5
908.0
901.0
898.0
897.0
902.5
914.0
924.0
973.0
956.0
944.5
946.0
964.5
944.0
940.0
924.5
906.5
922.0
952.0
975.0
987.0
999.0
985.5
982.0
997.0
1018.0
951.0
918.5
920.0
924.0
959.5
943.5
930.0
949.0
929.5
917.0
915.5
910.5
922.0
917.5
910.0
909.5
913.0
906.0
898.0
894.0
902.0
900.0
894.0
900.0
930.5
936.5
1030.0
1016.5
1000.0
1086.0
1052.5
1032.0
997.0
1029.5
1006.0
979.5
992.0
999.5
985.0
989.5
990.0
999.0
998.0
1002.5
977.0
996.5
990.0
980.5
961.0
941.5
932.0
940.0
950.0
946.5
943.0
948.5
951.5
951.5
952.5
960.5
963.0
967.0
999.0
1015.0
966.0
962.0
938.0
940.0
929.5
943.0
924.0
928.0
918.0
871.0
900.0
918.5
891.5
865.0
861.0
866.0
870.0
874.0
882.0
882.0
895.0
880.5
880.0
882.0
903.0
907.0
924.5
904.0
921.5
918.0
923.5
910.5
905.0
839.5
854.0
650.0
718.0
648.0
689.0
706.5
764.5
757.5
749.0
731.0
724.0
721.0
732.0
729.0
725.0
731.0
707.5
712.0
694.5
683.0
717.0
710.0
702.0
696.5
711.0
714.0
708.0
714.5
733.5
729.5
722.5
711.5
713.5
698.0
690.0
699.5
698.0
698.0
688.5
680.5
685.0
686.0
692.0
702.0
698.5
701.0
695.0
697.5
693.5
697.0
693.0
696.5
692.5
702.0
698.0
697.0
701.0
697.5
684.5
686.5
688.0
677.0
678.0
682.5
684.0
685.0
675.0
