close
5452.0
5727.0
5652.9
5305.08
5075.0
5004.0
4624.94
4829.6
5034.93
5058.64
4975.0
5186.82
5136.91
5050.0
4895.48
4980.0
4830.08
4686.15
4694.97
4917.84
5033.93
5018.89
5161.02
5168.0
5060.0
4921.0
4867.86
4812.78
4915.0
5018.1
5003.0
5123.98
5086.0
4940.0
4910.13
5095.0
4989.0
4940.6
4890.01
4800.04
4876.57
4720.0
4495.0
4368.85
4505.0
4618.0
4739.9
4785.62
4758.26
4815.0
4914.09
4949.79
4917.0
4840.22
4815.0
4852.0
4829.31
4893.0
5005.0
5073.0
5110.0
5052.0
4989.94
5074.48
4970.0
5120.0
5039.99
5069.0
5100.0
5025.0
5183.01
5154.08
5048.94
4990.0
5010.0
5085.0
5202.0
5228.0
5155.0
5170.0
5184.91
5067.0
5018.0
5123.99
5198.0
5276.45
5190.0
5305.13
5231.25
5268.0
5225.0
5177.7
5263.99
5233.13
5208.88
5211.98
5080.0
4976.69
5008.87
4945.0
4934.0
4969.5
4982.8
5012.0
5057.95
5031.9
5004.86
5125.0
5196.04
5254.7
5315.0
5294.82
5338.0
5353.5
5304.9
5369.95
5388.65
5400.0
5432.95
5492.0
5516.0
5425.01
5476.96
5550.08
5455.23
5609.0
5575.0
5512.0
5573.67
5584.3
5612.97
5640.0
5604.95
5870.03
6080.0
6020.0
5916.97
5906.29
5860.0
5919.95
5751.0
5791.0
5841.0
5926.04
5909.95
5865.05
6044.0
6140.08
6045.0
5973.0
6053.03
6161.0
6450.0
6670.0
6655.27
6610.0
6479.0
6566.5
6698.88
6618.0
6725.0
6790.0
6700.0
6698.0
6678.0
6695.5
6780.0
6824.0
6812.0
6755.19
6800.0
7195.0
7165.0
7287.0
7498.99
7395.0
7400.0
7462.84
7490.12
7464.0
7421.0
7500.0
7540.0
7502.0
7515.19
7602.0
7700.0
7470.0
7513.0
7590.0
7474.0
7441.0
7371.0
7231.0
7052.0
6839.98
7148.27
7110.0
7065.0
6965.0
6817.0
6701.14
6815.0
6785.47
6579.96
6857.76
6993.0
7021.0
7135.0
7101.0
7130.0
7198.0
7116.0
6880.0
6766.0
6936.0
7016.0
6995.0
7165.0
7140.0
7200.0
7105.0
7235.0
7291.0
7495.0
7555.0
7432.0
7514.0
7463.0
7671.0
7818.0
7731.0
7751.0
7649.0
7609.0
7615.0
7560.0
7772.0
7668.0
7705.0
7360.0
7474.0
7694.0
7670.0
7700.0
7533.0
7679.0
7625.0
7625.0
7656.0
7230.0
7170.0
7081.0
7228.0
7365.0
7168.0
7305.0
7289.0
7170.0
6999.0
7095.0
7198.0
7010.0
6899.0
7030.0
7089.0
7031.0
7120.0
7152.0
7001.0
7036.0
7020.0
6909.0
6840.0
6967.0
7001.0
7030.0
7115.0
7045.0
7030.0
7013.0
7020.0
6901.0
6919.0
7040.0
7026.0
7135.0
7127.0
7316.0
7310.0
7295.0
7353.0
7398.0
7487.0
7491.0
7545.0
7499.0
7542.0
7632.0
7579.0
7560.0
7550.0
7500.0
7559.0
7550.0
7590.0
7530.0
7504.0
7463.0
7370.0
7365.0
7401.0
7467.0
7425.0
7259.0
7130.0
7066.0
6717.0
6489.0
6609.0
6460.0
7029.0
6900.0
6940.0
6649.0
6622.0
6780.0
6839.0
6865.0
6899.0
6895.0
6766.0
6720.0
6715.0
6719.0
6798.0
6920.0
7005.0
6971.0
7149.0
7280.0
7316.0
7210.0
7260.0
7263.0
7300.0
7160.0
7135.0
7010.0
6819.0
7009.0
7145.0
7219.0
7039.0
6981.0
7030.0
7083.0
7060.0
6953.0
7000.0
6856.0
6733.0
6800.0
6883.0
6995.0
6943.0
7010.0
6995.0
7034.0
7059.0
7297.0
7411.0
7392.0
7302.0
7342.0
7251.0
7300.0
7280.0
7230.0
7240.0
7177.0
7331.0
7309.0
7521.0
7510.0
7393.0
7380.0
7334.0
7400.0
7460.0
7625.0
7647.0
7647.0
7485.0
7160.0
7279.0
7325.0
7425.0
7498.0
7320.0
7320.0
7260.0
6996.0
6937.0
7048.0
7015.0
6811.0
6911.0
6800.0
6947.0
6956.0
7030.0
6990.0
7115.0
7165.0
7501.0
7630.0
7760.0
7740.0
7590.0
7580.0
7760.0
7689.0
8033.0
7996.0
7954.0
8041.0
8000.0
8048.0
8084.0
8103.0
8030.0
8152.0
8280.0
8395.0
8483.0
8510.0
8422.0
8430.0
8502.0
8561.0
8605.0
8820.0
9640.0
9814.0
9900.0
9835.0
9851.0
9596.0
9463.0
9528.0
9368.0
9470.0
9575.0
10805.0
9216.0
9193.0
8860.0
8799.0
8049.0
8168.0
8005.0
7990.0
8360.0
8080.0
8590.0
9101.0
9550.0
9740.0
9839.0
10025.0
9600.0
9290.0
9561.0
9417.0
9470.0
9675.0
10386.0
10400.0
10755.0
11179.0
11534.0
11450.0
11610.0
11280.0
10990.0
10750.0
11100.0
11394.0
11352.0
11345.0
11697.0
12037.0
12106.0
11900.0
11375.0
11140.0
11355.0
11330.0
11348.0
11061.0
11093.0
11182.0
11269.0
11480.0
11140.0
11180.0
10990.0
10425.0
10588.0
10730.0
10380.0
10298.0
10595.0
10692.0
10410.0
10501.0
10420.0
10330.0
10500.0
10310.0
9905.0
10530.0
10399.0
10539.0
10090.0
10237.0
10200.0
10125.0
9986.0
9740.0
9936.0
9839.0
9520.0
9632.0
9480.0
9460.0
9590.0
9700.0
9600.0
9530.0
9719.0
9665.0
9673.0
9552.0
9640.0
10170.0
10500.0
10201.0
10540.0
10680.0
10435.0
10245.0
10288.0
10248.0
10039.0
10180.0
10210.0
9534.0
9515.0
9250.0
9380.0
9397.0
9005.0
9303.0
9619.0
9704.0
9742.0
9986.0
9954.0
9701.0
9595.0
9655.0
9758.0
9695.0
9680.0
9579.0
9685.0
9670.0
9503.0
9450.0
9400.0
9575.0
9540.0
9500.0
9215.0
9250.0
9263.0
9277.0
9340.0
9100.0
9101.0
9147.0
9366.0
9450.0
9488.0
9600.0
9536.0
9393.0
9428.0
9320.0
9119.0
9025.0
9022.0
9231.0
9359.0
9365.0
9427.0
9514.0
9889.0
10090.0
10125.0
10112.0
10222.0
10166.0
9850.0
9870.0
10061.0
10000.0
9810.0
9725.0
10047.0
10060.0
10215.0
10071.0
10290.0
10371.0
10430.0
10569.0
10329.0
10350.0
10600.0
10570.0
10716.0
10746.0
11099.0
10931.0
10870.0
10924.0
11009.0
11119.0
11206.0
11100.0
11080.0
10693.0
10200.0
9662.0
9565.0
9382.0
9325.0
9500.0
9394.0
9470.0
9450.0
9346.0
9210.0
9149.0
9560.0
9620.0
9715.0
9700.0
9783.0
9601.0
9761.0
9658.0
9390.0
9545.0
9735.0
9700.0
9710.0
9670.0
9503.0
9487.0
9585.0
9546.0
9580.0
9513.0
9499.0
9474.0
9371.0
9475.0
9469.0
9335.0
9364.0
9640.0
9670.0
9650.0
9492.0
9344.0
9427.0
9390.0
9220.0
8920.0
9054.0
8939.0
9113.0
8851.0
8925.0
8970.0
8935.0
8925.0
8900.0
8780.0
8965.0
9108.0
9450.0
9229.0
9048.0
9220.0
9410.0
9344.0
9344.0
9350.0
9189.0
9150.0
8922.0
9085.0
8990.0
8600.0
8553.0
8614.0
8464.0
8050.0
8290.0
8540.0
8649.0
9130.0
9100.0
9050.0
8880.0
8991.0
8970.0
8850.0
8698.0
8924.0
8770.0
8999.0
9005.0
8870.0
8650.0
8510.0
8376.0
8350.0
8345.0
8486.0
8633.0
8880.0
8745.0
8720.0
8750.0
8750.0
8750.0
8935.0
9142.0
9105.0
9093.0
9190.0
9300.0
9494.0
9300.0
9281.0
9221.0
9150.0
9202.0
9119.0
9243.0
9490.0
9390.0
9440.0
9240.0
9020.0
9046.0
8995.0
8935.0
8950.0
8700.0
8460.0
8459.0
8700.0
8799.0
8688.0
8629.0
8783.0
8730.0
9121.0
9150.0
9120.0
9270.0
9241.0
9259.0
9368.0
9750.0
9631.0
9750.0
9700.0
9709.0
9409.0
9100.0
8809.0
8760.0
8815.0
8850.0
8911.0
8986.0
8930.0
8930.0
9095.0
9190.0
9120.0
9031.0
9085.0
9079.0
9152.0
9140.0
9200.0
8990.0
9029.0
8925.0
8859.0
8968.0
8974.0
8873.0
8699.0
8696.0
8670.0
8553.0
8498.0
8448.0
8300.0
8413.0
8349.0
8407.0
8380.0
8285.0
8480.0
8485.0
8540.0
8496.0
8861.0
8809.0
8772.0
8720.0
8672.0
8855.0
9025.0
9300.0
9297.0
9290.0
9308.0
9310.0
9297.0
9390.0
9400.0
9306.0
9339.0
9445.0
9535.0
9444.0
9637.0
9581.0
9660.0
9734.0
9778.0
9830.0
9850.0
9927.0
9989.0
9860.0
9967.0
9975.0
9770.0
9601.0
9788.0
9890.0
9879.0
9853.0
9760.0
9597.0
9640.0
9628.0
9571.0
9631.0
9717.0
9710.0
9926.0
9871.0
9780.0
9720.0
9690.0
9750.0
9546.0
9520.0
9470.0
9505.0
9562.0
9420.0
9715.0
9730.0
9667.0
9780.0
9952.0
9918.0
9812.0
9648.0
9639.0
9530.0
9475.0
9401.0
9406.0
9450.0
9432.0
9400.0
9390.0
9250.0
9364.0
9269.0
9200.0
9376.0
9250.0
9304.0
9307.0
9451.0
9345.0
9344.0
9310.0
9200.0
9157.0
9230.0
9400.0
9590.0
10046.0
10150.0
10380.0
10367.0
10270.0
10289.0
10144.0
10137.0
10277.0
10490.0
10498.0
10450.0
10550.0
10468.0
10371.0
10620.0
10680.0
10830.0
10900.0
10990.0
11070.0
10996.0
10909.0
10804.0
10590.0
10512.0
10525.0
10260.0
10249.0
10194.0
10190.0
10170.0
10202.0
9896.0
9790.0
9951.0
10122.0
10245.0
10195.0
10025.0
10040.0
10115.0
10397.0
10439.0
9994.0
9756.0
9761.0
9615.0
9549.0
9590.0
9360.0
9424.0
9486.0
9535.0
9790.0
9792.0
9772.0
9629.0
9848.0
10255.0
10089.0
9922.0
10136.0
10135.0
9999.0
10072.0
9890.0
9740.0
9940.0
9957.0
9720.0
9585.0
9677.0
9600.0
9498.0
9341.0
9311.0
9371.0
9306.0
9336.0
9324.0
9061.0
8807.0
8855.0
8965.0
9097.0
9057.0
9054.0
9169.0
9011.0
9109.0
9180.0
9182.0
9165.0
8891.0
9011.0
8985.0
8989.0
8929.0
8974.0
9000.0
9186.0
9133.0
9025.0
8956.0
8964.0
8924.0
8775.0
8710.0
8841.0
8556.0
8553.0
8620.0
8538.0
8685.0
8873.0
8890.0
8750.0
8747.0
8809.0
8688.0
8701.0
8765.0
8658.0
8500.0
8405.0
8530.0
8402.0
8372.0
8420.0
8305.0
8275.0
8359.0
8399.0
8227.0
8200.0
8143.0
8050.0
7902.0
7791.0
7829.0
7887.0
7898.0
7865.0
8013.0
8100.0
8058.0
8113.0
8011.0
8154.0
8250.0
8311.0
8290.0
7850.0
8015.0
7999.0
8126.0
8175.0
8180.0
8068.0
8246.0
8197.0
8288.0
8343.0
8373.0
8515.0
8591.0
8600.0
8496.0
8480.0
8593.0
8574.0
8693.0
8410.0
8388.0
8585.0
8675.0
8646.0
8865.0
8831.0
8930.0
9055.0
9142.0
9095.0
9099.0
9270.0
9200.0
9269.0
9180.0
9000.0
9050.0
8919.0
8725.0
8768.0
8899.0
9005.0
9071.0
9130.0
9220.0
9150.0
9289.0
9473.0
9500.0
9790.0
9803.0
9746.0
9692.0
9825.0
9660.0
9675.0
9667.0
9867.0
9650.0
9560.0
9535.0
9547.0
9613.0
9673.0
9710.0
9593.0
9650.0
9607.0
9649.0
9648.0
9920.0
10134.0
10253.0
10213.0
10328.0
10313.0
10438.0
10254.0
10275.0
10155.0
10490.0
10780.0
10730.0
10756.0
10527.0
10696.0
10673.0
10666.0
10390.0
10425.0
10532.0
10590.0
10592.0
11050.0
11350.0
11551.0
11610.0
11455.0
11465.0
11400.0
11470.0
11151.0
10803.0
11044.0
10813.0
10544.0
10515.0
10768.0
10609.0
10750.0
10550.0
10220.0
10107.0
9876.0
10080.0
10166.0
10077.0
10166.0
10063.0
10077.0
10423.0
10787.0
10512.0
10669.0
10595.0
10680.0
10653.0
10613.0
10531.0
10710.0
10655.0
10629.0
10621.0
10694.0
10850.0
11302.0
11585.0
11565.0
11675.0
11655.0
11662.0
11600.0
11750.0
11375.0
11498.0
11560.0
11470.0
11488.0
11198.0
11325.0
11537.0
11420.0
11539.0
11483.0
11608.0
11639.0
11496.0
11581.0
11308.0
11268.0
11110.0
11101.0
11147.0
11500.0
11761.0
11785.0
10810.0
11171.0
11060.0
11300.0
11380.0
11874.0
11550.0
11159.0
11173.0
11248.0
11199.0
11161.0
11160.0
11077.0
11157.0
11101.0
10881.0
10890.0
10927.0
10911.0
10950.0
10932.0
11003.0
10998.0
10750.0
10728.0
10695.0
10795.0
10760.0
10800.0
10830.0
10735.0
10744.0
10733.0
9170.0
9810.0
9888.0
10376.0
10490.0
9900.0
10229.0
10672.0
10685.0
10615.0
10875.0
10860.0
10803.0
10988.0
10989.0
10949.0
10814.0
11040.0
10856.0
10996.0
11150.0
11094.0
10730.0
10729.0
10778.0
10915.0
10800.0
10790.0
10732.0
10922.0
10998.0
10850.0
10880.0
11090.0
11170.0
11144.0
11066.0
11111.0
11150.0
11474.0
11551.0
11640.0
11644.0
11355.0
11484.0
11500.0
11275.0
11161.0
11066.0
11051.0
11126.0
11243.0
11224.0
11222.0
11285.0
11222.0
11100.0
11115.0
11399.0
11600.0
11540.0
11458.0
11566.0
11698.0
11799.0
11725.0
11260.0
11359.0
11398.0
10680.0
10610.0
10574.0
10350.0
10255.0
10314.0
10760.0
10845.0
10827.0
10848.0
10866.0
10882.0
10782.0
10700.0
10814.0
10770.0
10830.0
10830.0
10999.0
10800.0
11005.0
10990.0
11000.0
10901.0
10821.0
10950.0
10930.0
11074.0
10950.0
11015.0
11072.0
11250.0
11338.0
11262.0
11220.0
11287.0
11250.0
11136.0
11206.0
11200.0
11365.0
11456.0
11565.0
11637.0
11525.0
11540.0
11587.0
11651.0
11705.0
12073.0
11916.0
11957.0
11886.0
11830.0
11388.0
11307.0
11229.0
11365.0
11416.0
11292.0
11321.0
11403.0
11376.0
11253.0
11170.0
11088.0
11264.0
11430.0
11360.0
11378.0
11291.0
11061.0
11025.0
10902.0
10650.0
10679.0
10702.0
11000.0
11250.0
11470.0
11565.0
11695.0
11698.0
11689.0
11608.0
11608.0
11683.0
11701.0
11714.0
11746.0
11742.0
11820.0
11876.0
11954.0
11959.0
12379.0
12770.0
12691.0
12738.0
12817.0
12666.0
12820.0
12699.0
12745.0
12630.0
12738.0
12890.0
13220.0
13160.0
13349.0
13212.0
13125.0
13217.0
13014.0
12783.0
12555.0
12867.0
12889.0
13073.0
13039.0
12993.0
13070.0
13128.0
13229.0
13343.0
13437.0
13389.0
13389.0
13180.0
13282.0
13359.0
13353.0
13306.0
13378.0
13369.0
13312.0
13089.0
13260.0
13639.0
13596.0
13534.0
13500.0
13588.0
13690.0
13650.0
13732.0
13702.0
13780.0
13552.0
13740.0
13750.0
13660.0
13800.0
14250.0
14052.0
14122.0
14594.0
14420.0
14302.0
14114.0
14100.0
13794.0
13770.0
14442.0
14442.0
14100.0
14380.0
13850.0
13952.0
14226.0
14284.0
14350.0
14316.0
14290.0
14280.0
14280.0
14300.0
13874.0
13436.0
13720.0
13994.0
14160.0
14186.0
14288.0
14332.0
14348.0
14400.0
14440.0
14230.0
14418.0
14392.0
14558.0
14600.0
14510.0
14510.0
14528.0
14430.0
14316.0
14470.0
14720.0
14490.0
14342.0
14280.0
14238.0
14400.0
14152.0
14108.0
13922.0
13970.0
13954.0
13800.0
13560.0
13590.0
13358.0
13548.0
13782.0
13520.0
13602.0
13710.0
13640.0
13708.0
13700.0
13718.0
13770.0
13796.0
13772.0
13850.0
13802.0
13852.0
14304.0
14676.0
14602.0
14506.0
14750.0
14868.0
14224.0
14180.0
14272.0
14060.0
14148.0
14168.0
14308.0
14236.0
14420.0
14432.0
14280.0
14450.0
14366.0
14292.0
14270.0
14146.0
14194.0
14266.0
14440.0
14480.0
14770.0
14902.0
14652.0
14668.0
14648.0
14590.0
14392.0
14416.0
14510.0
14646.0
14448.0
14320.0
14192.0
14482.0
14700.0
15084.0
14800.0
15024.0
14858.0
14804.0
14924.0
14652.0
14758.0
15150.0
15120.0
15460.0
15382.0
15340.0
15386.0
15430.0
15558.0
16088.0
16500.0
16340.0
16500.0
16390.0
16198.0
15940.0
15944.0
16004.0
15950.0
15650.0
15846.0
15830.0
16100.0
15954.0
16128.0
16308.0
16096.0
16272.0
16388.0
16468.0
16686.0
16720.0
16670.0
16602.0
15894.0
16048.0
16030.0
16104.0
16140.0
16078.0
15940.0
16022.0
16156.0
16170.0
16250.0
16306.0
16462.0
16544.0
17130.0
17200.0
17714.0
17948.0
18192.0
17888.0
18186.0
18140.0
18304.0
18706.0
18520.0
18112.0
17642.0
17422.0
17426.0
17680.0
17358.0
17592.0
17646.0
17658.0
17476.0
17344.0
17240.0
17212.0
17172.0
17046.0
17094.0
17304.0
17246.0
17622.0
18048.0
18420.0
18478.0
18678.0
18928.0
19474.0
19722.0
19504.0
19626.0
19796.0
19776.0
19676.0
19630.0
19890.0
19220.0
19292.0
19102.0
19448.0
19588.0
19850.0
19838.0
19878.0
20362.0
20000.0
20396.0
20900.0
21524.0
21850.0
21450.0
21310.0
21146.0
21188.0
21100.0
21282.0
21230.0
20880.0
20800.0
20410.0
20898.0
21316.0
21240.0
21200.0
21442.0
21910.0
21966.0
21510.0
21530.0
21790.0
21818.0
22520.0
22342.0
22220.0
21554.0
21826.0
21238.0
20250.0
20160.0
20714.0
20756.0
20780.0
21762.0
21230.0
20238.0
18500.0
18038.0
17090.0
17180.0
15500.0
16252.0
16358.0
16240.0
19028.0
19930.0
20100.0
19306.0
19462.0
19518.0
18952.0
18998.0
19032.0
19590.0
19780.0
20164.0
21138.0
20650.0
20100.0
20702.0
19646.0
19520.0
19718.0
20036.0
19240.0
19614.0
20216.0
20150.0
20034.0
20054.0
20596.0
20478.0
20126.0
20034.0
19940.0
20224.0
20144.0
21016.0
20762.0
20104.0
20206.0
21474.0
21920.0
22952.0
22536.0
22002.0
22394.0
22118.0
22110.0
22544.0
22110.0
22026.0
22220.0
21824.0
20000.0
20400.0
20502.0
20248.0
20240.0
19482.0
19058.0
19472.0
19256.0
18926.0
19004.0
19122.0
19636.0
19850.0
19678.0
19196.0
18784.0
18754.0
19000.0
18260.0
18574.0
18970.0
18596.0
18550.0
17946.0
17826.0
17978.0
18112.0
18350.0
18394.0
18380.0
18234.0
18724.0
19060.0
19790.0
19618.0
19808.0
19620.0
19650.0
20018.0
20398.0
20886.0
20842.0
20438.0
20612.0
20426.0
20770.0
20930.0
20786.0
20710.0
20798.0
20500.0
19988.0
19942.0
20000.0
19830.0
19976.0
19670.0
19364.0
19394.0
19930.0
19916.0
19838.0
19924.0
20006.0
19890.0
19708.0
19528.0
19354.0
19492.0
19634.0
19270.0
19370.0
19300.0
18694.0
18758.0
18860.0
18780.0
18888.0
18826.0
18800.0
18762.0
18726.0
18840.0
19282.0
18782.0
18654.0
18924.0
19450.0
19534.0
19604.0
19792.0
19680.0
19682.0
19858.0
20192.0
19828.0
19672.0
19838.0
19514.0
19150.0
18548.0
18998.0
18864.0
19334.0
19512.0
19684.0
20138.0
20590.0
20626.0
20510.0
20448.0
20486.0
20780.0
20602.0
20720.0
20660.0
20734.0
21028.0
21578.0
21460.0
21570.0
21720.0
21476.0
21908.0
22906.0
23136.0
23188.0
23084.0
22842.0
23170.0
24048.0
24056.0
23944.0
23692.0
23378.0
23472.0
23438.0
23400.0
23760.0
23386.0
23220.0
23340.0
23620.0
23528.0
23682.0
24314.0
24676.0
25024.0
26544.0
26290.0
25934.0
25976.0
26432.0
25796.0
25874.0
25826.0
26550.0
26538.0
26172.0
25982.0
25768.0
24996.0
25230.0
24364.0
24866.0
24770.0
25312.0
25766.0
25478.0
25804.0
25458.0
25342.0
25432.0
25390.0
26328.0
26208.0
26488.0
26702.0
28130.0
27088.0
26156.0
24846.0
23204.0
23502.0
24268.0
23774.0
23304.0
22172.0
22348.0
22954.0
23164.0
23396.0
23746.0
24114.0
22846.0
22878.0
22596.0
22686.0
22766.0
22238.0
21326.0
21252.0
22206.0
23116.0
23172.0
23704.0
23776.0
23860.0
23736.0
23180.0
23602.0
23924.0
24410.0
25432.0
25384.0
24886.0
25112.0
25480.0
25240.0
25202.0
25308.0
25690.0
25770.0
26444.0
26952.0
26326.0
26334.0
25732.0
26202.0
26646.0
26824.0
27000.0
27046.0
27338.0
27266.0
27388.0
27390.0
27352.0
27352.0
27110.0
27156.0
27064.0
26982.0
26730.0
26986.0
26994.0
27134.0
26404.0
26750.0
26944.0
26630.0
26400.0
26246.0
26072.0
26502.0
26192.0
26178.0
26314.0
26054.0
25664.0
24970.0
25000.0
25372.0
25078.0
25336.0
24358.0
24734.0
24948.0
24702.0
24812.0
24612.0
25014.0
24924.0
24462.0
24658.0
24514.0
24780.0
25112.0
25662.0
25734.0
25624.0
25248.0
25046.0
25138.0
25050.0
25080.0
24990.0
25180.0
25432.0
25690.0
25178.0
25318.0
25290.0
25582.0
25446.0
25496.0
25102.0
24870.0
24650.0
24528.0
24700.0
24460.0
24426.0
24572.0
24146.0
23736.0
23550.0
23858.0
24066.0
23932.0
23712.0
23986.0
24266.0
24032.0
24228.0
23880.0
24442.0
24658.0
24376.0
24260.0
23980.0
24508.0
24492.0
24044.0
23978.0
23484.0
23256.0
22510.0
22662.0
23150.0
23096.0
22856.0
22712.0
22324.0
22218.0
21830.0
22122.0
21636.0
21818.0
21524.0
22272.0
22766.0
22644.0
22528.0
22718.0
22928.0
23108.0
23120.0
23672.0
23530.0
23210.0
22864.0
23024.0
22688.0
22250.0
22362.0
22170.0
22396.0
22134.0
22038.0
21664.0
21872.0
22188.0
21694.0
22050.0
22100.0
22358.0
22626.0
22532.0
22292.0
22144.0
21850.0
22400.0
22182.0
22128.0
21560.0
21686.0
21538.0
21952.0
22110.0
21826.0
21886.0
21920.0
21888.0
22006.0
21888.0
20850.0
20958.0
21296.0
21310.0
21738.0
21644.0
21662.0
21834.0
21872.0
21824.0
22528.0
22642.0
22628.0
22900.0
23378.0
23314.0
23010.0
23280.0
23508.0
23734.0
24040.0
22836.0
22648.0
21820.0
20694.0
22024.0
22300.0
22100.0
21250.0
21466.0
21788.0
22066.0
22082.0
21916.0
21948.0
21670.0
21392.0
21400.0
21580.0
22372.0
22674.0
22454.0
21688.0
22082.0
22324.0
22304.0
21774.0
21450.0
19252.0
21150.0
18200.0
19052.0
20990.0
21070.0
20850.0
20028.0
20462.0
20974.0
21500.0
21750.0
20986.0
21150.0
21050.0
21112.0
21006.0
20990.0
20794.0
20004.0
20240.0
19886.0
19676.0
20590.0
20454.0
19700.0
19900.0
20994.0
21272.0
21000.0
21550.0
21352.0
21544.0
21766.0
21330.0
21238.0
21200.0
21364.0
21348.0
21416.0
21300.0
20700.0
19800.0
20010.0
20080.0
20198.0
20162.0
20132.0
20190.0
20416.0
20154.0
20314.0
20294.0
20200.0
20134.0
20310.0
19490.0
19102.0
19040.0
19370.0
19194.0
19180.0
18820.0
18940.0
19100.0
18934.0
18586.0
18252.0
17652.0
17210.0
