close
4.1
4.13
4.13
4.176
4.18
4.019
3.911
3.918
3.839
3.416
3.219
3.323
3.388
3.451
3.2
3.32
3.343
3.049
2.948
2.802
2.52
2.26
1.81
1.64
1.738
1.721
1.623
1.592
1.5
1.553
1.541
1.548
1.515
1.534
1.491
1.504
1.497
1.499
1.49
1.504
1.515
1.445
1.28
1.339
1.295
1.34
1.29
1.225
1.22
1.25
1.215
1.235
1.135
1.12
1.085
1.045
1.025
0.94
0.94
0.925
0.94
0.89
0.885
0.845
0.735
0.745
0.64
0.635
0.585
0.58
0.475
0.66
0.75
0.655
0.66
0.62
0.575
0.595
0.605
0.575
0.565
0.555
0.49
0.435
0.605
0.515
0.525
0.52
0.54
0.54
0.755
0.77
0.66
0.67
0.76
0.76
0.85
1.07
1.1
1.095
1.03
1.07
1.0
0.935
1.01
1.175
1.175
1.17
1.2
1.23
1.275
1.285
1.275
1.295
1.16
1.195
1.1
1.095
1.01
1.035
1.04
1.065
1.035
1.02
1.035
1.035
1.0
0.955
0.91
0.9
0.875
0.85
0.8
0.72
0.74
0.725
0.74
0.725
0.725
0.685
0.69
0.68
0.685
0.68
0.635
0.885
0.845
0.86
0.85
0.79
0.705
0.675
0.7
0.66
0.65
0.72
0.675
0.66
0.67
0.66
0.64
0.62
0.615
0.615
0.595
0.57
0.575
0.525
0.51
0.545
0.535
0.527
0.514
0.524
0.53
0.531
0.523
0.53
0.525
0.529
0.516
0.52
0.512
0.505
0.524
0.672
0.619
0.644
0.672
0.657
0.618
0.6
0.605
0.595
0.595
0.588
0.586
0.594
0.59
0.64
0.608
0.589
0.59
0.593
0.594
0.586
0.588
0.586
0.585
0.585
0.571
0.57
0.579
0.58
0.578
0.579
0.586
0.586
0.608
0.629
0.74
0.735
0.748
0.822
0.84
0.86
0.855
1.076
1.18
1.598
1.199
1.288
1.272
1.26
1.269
1.225
1.119
1.17
1.388
1.338
1.321
1.353
1.302
1.314
1.214
1.151
1.197
1.158
1.17
1.11
1.075
1.066
0.88
0.819
0.832
0.829
1.045
0.99
0.989
0.951
0.937
0.955
0.949
0.953
1.038
1.021
1.037
1.1
1.138
1.189
1.229
1.155
1.145
1.09
1.102
1.064
1.015
0.9
1.005
0.985
0.973
0.885
0.88
0.82
0.885
0.908
0.97
0.911
0.94
0.935
0.924
0.909
0.887
0.89
0.933
0.897
0.877
0.882
0.901
0.877
0.858
0.832
0.797
0.759
0.708
0.682
0.875
0.796
0.807
0.844
0.736
0.762
0.803
0.771
0.767
0.785
0.73
0.71
0.724
0.73
0.725
0.723
0.72
0.696
0.692
0.664
0.685
0.673
0.658
0.654
0.648
0.635
0.637
0.64
0.635
0.626
0.684
0.691
0.681
0.728
0.703
0.699
0.733
0.793
0.795
0.775
0.79
0.797
0.788
0.77
0.713
0.7
0.689
0.67
0.66
0.659
0.67
0.669
0.659
0.656
0.651
0.65
0.653
0.652
0.628
0.623
0.608
0.605
0.59
0.578
0.568
0.535
0.536
0.515
0.531
0.514
0.525
0.565
0.6
0.588
0.54
0.537
0.569
0.54
0.543
0.539
0.547
0.56
0.557
0.563
0.566
0.554
0.559
0.547
0.524
0.542
0.542
0.518
0.511
0.51
0.538
0.529
0.534
0.526
0.511
0.512
0.511
0.527
0.526
0.528
0.534
0.549
0.542
0.543
0.54
0.538
0.531
0.547
0.553
0.543
0.54
0.532
0.52
0.516
0.513
0.511
0.49
0.5
0.503
0.5
0.498
0.472
0.476
0.459
0.448
0.457
0.46
0.453
0.454
0.452
0.454
0.472
0.461
0.461
0.451
0.444
0.445
0.428
0.427
0.481
0.51
0.551
0.59
0.685
0.68
0.7
0.728
0.739
0.742
0.756
0.743
0.72
0.651
0.591
0.769
0.785
0.781
0.751
0.749
0.762
0.764
0.769
0.767
0.76
0.747
0.749
0.715
0.65
0.665
0.668
0.665
0.655
0.645
0.645
0.685
0.7
0.709
0.679
0.673
0.66
0.639
0.62
0.635
0.635
0.645
0.616
0.605
0.534
0.504
0.527
0.528
0.523
0.521
0.5
0.502
0.498
0.505
0.521
0.507
0.515
0.592
0.584
0.569
0.54
0.5
0.474
0.479
0.471
0.485
0.478
0.467
0.446
0.449
0.436
0.45
0.448
0.483
0.49
0.464
0.473
0.508
0.472
0.489
0.501
0.52
0.502
0.503
0.517
0.54
0.563
0.578
0.64
0.618
0.63
0.64
0.564
0.543
0.538
0.518
0.529
0.553
0.548
0.552
0.56
0.544
0.546
0.541
0.536
0.535
0.542
0.527
0.52
0.531
0.532
0.517
0.519
0.508
0.505
0.5
0.497
0.502
0.519
0.525
0.52
0.503
0.509
0.509
0.501
0.484
0.48
0.486
0.474
0.475
0.615
0.582
0.576
0.563
0.523
0.523
0.53
0.539
0.529
0.524
0.525
0.522
0.525
0.53
0.514
0.51
0.511
0.513
0.504
0.506
0.519
0.526
0.538
0.54
0.532
0.545
0.544
0.54
0.54
0.526
0.525
0.518
0.503
0.51
0.499
0.5
0.502
0.508
0.498
0.497
0.504
0.5
0.509
0.502
0.51
0.503
0.498
0.5
0.497
0.496
0.508
0.509
0.513
0.506
0.505
0.498
0.502
0.499
0.497
0.496
0.495
0.494
0.49
0.495
0.491
0.494
0.496
0.497
0.493
0.507
0.504
0.541
0.683
0.584
0.572
0.539
0.532
0.537
0.526
0.527
0.513
0.529
0.533
0.531
0.54
0.535
0.524
0.509
0.51
0.516
0.514
0.51
0.514
0.514
0.515
0.516
0.517
0.473
0.49
0.4815
0.449
0.4515
0.4485
0.442
0.444
0.439
0.422
0.413
0.4455
0.431
0.4395
0.451
0.453
0.444
0.447
0.4465
0.449
0.445
0.437
0.4235
0.4295
0.4205
0.4255
0.4285
0.428
0.425
0.4165
0.422
0.419
0.4195
0.42
0.418
0.393
0.395
0.3895
0.388
0.39
0.391
0.406
0.4135
0.415
0.414
0.4195
0.425
0.4555
0.439
0.429
0.4295
0.43
0.429
0.4275
0.42
0.421
0.424
0.422
0.424
0.424
0.4218
0.4214
0.4156
0.413
0.4098
0.4098
0.413
0.413
0.4122
0.4146
0.4104
0.4086
0.4
0.4
0.4
0.399
0.397
0.397
0.4032
0.4038
0.405
0.4044
0.4036
0.4034
0.4026
0.4018
0.4016
0.4032
0.411
0.4066
0.4066
0.412
0.4342
0.4262
0.438
0.458
0.474
0.479
0.4628
0.4518
0.4414
0.4518
0.4442
0.4422
0.4522
0.4422
0.4452
0.4478
0.4416
0.442
0.4492
0.453
0.4562
0.457
0.456
0.453
0.4402
0.4408
0.448
0.4416
0.4394
0.4422
0.442
0.4428
0.4396
0.429
0.4146
0.4168
0.4194
0.416
0.4162
0.419
0.4176
0.4156
0.4172
0.4146
0.3912
0.396
0.3968
0.3952
0.3616
0.361
0.359
0.3408
0.3434
0.34
0.3408
0.3498
0.345
0.345
0.346
0.378
0.386
0.408
0.3904
0.4024
0.4022
0.4024
0.401
0.395
0.396
0.4122
0.3976
0.3966
0.389
0.3882
0.3996
0.3994
0.3968
0.3968
0.3946
0.3986
0.395
0.3866
0.3904
0.3888
0.389
0.3908
0.3968
0.3982
0.3932
0.39
0.3932
0.3942
0.3928
0.3926
0.3896
0.3866
0.392
0.388
0.39
0.3872
0.3902
0.389
