close
0.15
0.1506
0.1518
0.1487
0.1497
0.149
0.1468
0.1427
0.142
0.1429
0.1327
0.16
0.1543
0.1405
0.14
0.1422
0.1373
0.1392
0.131
0.1315
0.13
0.1279
0.1297
0.1279
0.1293
0.1287
0.1289
0.1273
0.1275
0.1277
0.1279
0.127
0.131
0.1264
0.1233
0.1207
0.12
0.1251
0.1249
0.122
0.1213
0.1205
0.11
0.1076
0.1229
0.1218
0.12
0.1219
0.1143
0.112
0.1219
0.1212
0.1202
0.1209
0.124
0.1119
0.11
0.109
0.1111
0.1046
0.108
0.107
0.1069
0.1147
0.105
0.1087
0.1041
0.104
0.105
0.1039
0.1058
0.106
0.103
0.0998
0.0976
0.0946
0.0935
0.0961
0.092
0.096
0.0895
0.0785
0.083
0.0825
0.0805
0.082
0.08
0.0745
0.0805
0.0825
0.0815
0.0815
0.0835
0.0805
0.102
0.113
0.1135
0.0865
0.086
0.078
0.0785
0.076
0.0785
0.0805
0.0775
0.0745
0.0755
0.074
0.0715
0.074
0.078
0.0785
0.0765
0.077
0.078
0.077
0.0755
0.0765
0.085
0.0795
0.078
0.0815
0.081
0.073
0.0725
0.069
0.0625
0.0615
0.0605
0.0635
0.062
0.061
0.0575
0.042
0.0395
0.0405
0.045
0.057
0.0525
0.047
0.047
0.046
0.044
0.043
0.06
0.0545
0.055
0.0535
0.0545
0.052
0.052
0.0515
0.0515
0.052
0.0515
0.0515
0.052
0.052
0.052
0.0515
0.0515
0.0715
0.07
0.0615
0.061
0.0615
0.061
0.061
0.061
0.06
0.0625
0.0625
0.0695
0.0705
0.0685
0.068
0.068
0.069
0.069
0.069
0.07
0.0675
0.0685
0.069
0.068
0.0695
0.068
0.0665
0.0655
0.064
0.064
0.06
0.0605
0.0575
0.0535
0.056
0.054
0.0545
0.0515
0.052
0.0515
0.053
0.0545
0.054
0.0545
0.0555
0.0675
0.0635
0.06
0.054
0.057
0.0705
0.069
0.062
0.0605
0.059
0.062
0.0635
0.0615
0.0595
0.06
0.0605
0.061
0.0595
0.06
0.0605
0.06
0.06
0.0605
0.0595
0.0595
0.0585
0.0595
0.0595
0.058
0.0625
0.063
0.0615
0.0635
0.064
0.0605
0.0605
0.0615
0.0615
0.0615
0.0615
0.061
0.06
0.06
0.058
0.059
0.0585
0.059
0.058
0.0545
0.058
0.055
0.054
0.0535
0.053
0.053
0.0535
0.0545
0.0535
0.0545
0.0495
0.051
0.047
0.0475
0.046
0.042
0.0445
0.0465
0.0475
0.048
0.048
0.048
0.048
0.0485
0.049
0.049
0.045
0.044
0.0455
0.0445
0.043
0.043
0.0425
0.0425
0.0425
0.042
0.043
0.042
0.0415
0.0415
0.044
0.043
0.042
0.042
0.0415
0.0415
0.041
0.0405
0.0405
0.04
0.0405
0.041
0.0395
0.0405
0.0405
0.04
0.0405
0.0405
0.0405
0.0405
0.0405
0.04
0.04
0.04
0.0395
0.04
0.0395
0.0395
0.039
0.0385
0.0385
0.039
0.037
0.037
0.0395
0.055
0.046
0.064
0.0695
0.0965
0.135
0.1885
0.2635
0.3685
0.3775
0.25
0.271
0.3785
0.303
0.3
0.303
0.292
0.282
0.262
0.239
0.2815
0.256
0.2724
0.305
0.287
0.285
0.2895
0.2915
0.288
0.2844
0.2833
0.2785
0.2732
0.2631
0.273
0.2694
0.263
0.2488
0.2843
0.2717
0.2649
0.2614
0.2604
0.258
0.252
0.2536
0.2502
0.2499
0.2401
0.2419
0.2439
0.2938
0.2784
0.2815
0.2768
0.285
0.2889
0.2817
0.277
0.2838
0.2804
0.28
0.2805
0.2825
0.2857
0.2798
0.286
0.2849
0.285
0.284
0.2847
0.2899
0.316
0.3109
0.3039
0.3063
0.345
0.3635
0.3553
0.3499
0.3522
0.3599
0.34
0.3255
0.3025
0.3147
0.3092
0.3085
0.2998
0.301
0.29
0.2963
0.307
0.3055
0.3
0.3011
0.3001
0.3059
0.3081
0.36
0.3662
0.3498
0.4
0.4093
0.5499
0.6408
0.63
0.8806
1.2318
1.7234
2.4099
2.148
1.8
1.0798
0.6475
0.9053
