close
133.25
132.0
133.0
132.0
132.0
132.99
132.47
130.0
132.49
130.0
132.0
131.11
132.49
132.0
133.0
132.0
131.0
132.0
132.0
132.0
132.0
136.0
134.92
133.59
141.0
133.0
132.0
133.0
134.2
133.0
132.5
133.0
133.32
134.0
133.0
133.0
133.0
134.2
133.0
133.0
134.2
132.01
133.51
133.45
132.95
133.0
133.5
133.75
133.5
136.0
134.67
136.0
135.98
135.0
136.0
136.0
134.0
133.0
136.0
136.0
137.0
137.0
138.0
140.0
139.0
138.9
139.0
139.0
139.0
138.5
137.8
138.0
139.0
139.0
140.0
138.5
139.0
138.0
139.0
139.0
137.5
137.2
137.2
138.0
139.0
138.6
140.2
140.2
140.0
138.0
135.0
133.6
132.0
131.1
131.5
131.5
131.6
133.0
134.0
131.5
131.5
131.5
134.0
134.0
132.0
131.5
132.5
131.0
133.5
132.5
129.0
129.0
129.0
127.5
127.0
129.0
128.0
129.5
129.5
129.5
128.0
129.5
127.0
127.0
127.0
127.0
125.0
125.0
124.5
123.0
121.5
120.5
115.5
112.5
112.0
111.0
110.0
108.0
110.0
108.5
109.5
109.5
109.0
109.5
109.5
108.5
111.0
113.0
111.5
113.0
113.0
112.5
114.5
114.5
112.5
110.5
109.0
111.0
111.0
109.0
109.5
106.5
105.0
105.0
105.0
105.0
103.0
105.0
105.0
107.5
107.5
108.0
109.0
108.0
109.5
108.0
108.0
109.5
107.5
107.5
107.5
109.5
109.5
107.5
106.0
105.5
106.5
106.5
105.5
105.5
106.0
106.0
104.5
106.0
106.0
104.0
104.0
104.0
102.0
102.0
104.0
102.5
103.5
102.0
103.0
101.0
101.5
102.5
102.0
100.0
100.0
98.5
95.5
96.0
94.0
91.5
89.0
90.0
93.5
94.0
92.5
95.0
98.0
95.5
92.0
92.5
93.0
92.5
87.0
87.5
83.0
85.5
86.0
85.0
84.5
85.0
86.0
84.0
82.0
79.0
79.0
77.0
74.0
73.0
72.5
72.5
72.5
73.5
73.5
72.5
72.5
73.0
72.5
72.6
74.0
73.6
72.8
76.0
74.2
75.2
75.2
76.4
75.8
76.0
75.0
74.2
75.2
74.4
75.4
75.0
75.0
75.4
74.8
74.2
73.0
73.6
73.4
74.2
73.0
74.0
74.2
74.2
74.2
73.2
73.2
72.8
73.0
73.4
74.2
73.6
74.2
72.6
72.6
73.4
72.6
73.6
73.6
73.0
72.8
72.4
72.6
70.8
71.6
70.8
71.0
71.0
70.6
70.4
67.8
69.4
69.6
69.8
70.4
70.0
70.2
70.4
70.4
70.4
70.0
70.4
69.8
70.2
70.0
70.4
70.0
70.8
70.8
70.0
69.6
69.6
69.8
70.0
70.0
68.4
69.2
69.4
69.6
69.8
69.8
68.6
69.6
69.6
70.0
70.0
70.0
70.4
69.6
69.8
69.8
68.8
68.6
68.8
68.6
69.0
68.0
67.8
67.6
68.0
68.6
70.0
68.0
68.2
67.2
65.2
63.8
63.0
62.6
62.8
62.8
62.6
60.4
60.4
59.0
59.8
59.8
60.4
60.2
60.0
59.6
59.4
59.6
59.4
59.8
60.2
59.6
59.4
59.6
59.0
58.8
58.6
58.8
58.0
58.8
58.6
59.4
59.0
59.4
58.8
56.0
53.4
53.0
51.2
50.6
49.6
49.6
49.0
47.2
47.2
46.0
45.6
45.2
45.6
45.2
45.4
45.2
43.8
43.4
42.0
41.4
41.0
41.2
41.4
41.0
40.4
40.0
40.4
40.2
40.2
40.0
39.0
38.8
38.4
38.4
38.6
38.8
38.65
38.5
38.35
38.0
37.55
37.45
44.8
42.85
43.9
42.15
58.95
67.55
65.55
63.45
59.5
61.1
59.5
59.6
58.0
54.95
56.95
55.75
56.0
52.6
52.05
52.0
52.6
51.8
52.5
52.45
51.85
51.0
50.6
51.9
56.8
56.35
57.0
57.4
58.0
58.3
58.5
59.85
60.3
62.1
60.4
60.2
60.65
61.0
58.7
58.0
57.0
55.8
55.5
57.35
58.35
58.55
58.7
58.7
58.8
61.0
60.15
64.5
62.0
62.35
60.5
61.0
61.1
61.0
61.0
60.1
60.0
60.0
59.5
59.5
59.05
59.2
59.4
59.1
58.7
58.1
57.3
57.85
57.8
57.65
58.0
57.3
55.95
50.0
49.0
47.95
47.05
45.75
47.8
44.5
44.75
36.6
36.95
31.85
29.1
29.0
29.35
29.35
28.1
29.15
29.35
29.15
29.4
29.3
30.4
32.55
34.55
34.5
35.0
34.25
37.4
46.0
48.5
50.4
47.85
43.0
44.8
45.3
44.4
42.6
43.45
43.95
44.0
43.6
43.6
43.2
43.4
43.0
43.0
42.8
42.8
42.3
42.1
41.3
41.55
41.5
42.5
44.75
43.8
42.75
42.95
43.4
43.6
43.05
43.05
42.7
42.85
42.95
43.15
42.5
42.2
42.4
42.65
42.55
42.9
41.35
41.8
42.65
42.5
42.85
42.4
42.15
41.75
42.2
42.05
41.6
41.6
41.9
41.8
42.0
42.0
41.5
42.0
41.8
41.8
42.15
42.1
42.05
42.1
42.25
42.5
43.2
43.35
43.35
43.2
43.1
43.5
43.4
43.4
43.45
43.4
43.85
44.1
44.85
44.6
44.95
44.3
43.75
43.55
43.8
43.5
43.5
43.4
43.7
42.95
43.15
43.5
43.4
43.0
43.05
43.2
42.7
42.8
42.95
43.1
42.9
43.25
43.4
43.35
43.2
43.05
42.95
43.15
42.3
42.4
42.45
42.55
42.15
42.5
42.5
42.15
42.4
42.1
42.25
42.35
42.15
42.2
42.65
42.5
42.25
42.25
42.35
42.1
42.2
42.15
42.15
42.05
42.1
42.1
41.85
38.7
38.0
38.05
38.25
39.05
41.1
41.25
41.55
41.5
41.2
40.65
41.15
40.9
40.95
41.05
41.1
41.05
41.0
40.7
40.45
41.15
40.1
39.95
40.0
39.75
40.0
40.1
40.0
39.75
39.75
40.2
40.05
39.6
39.5
39.45
39.55
41.75
39.9
41.1
42.0
41.2
41.5
41.45
41.3
41.45
41.65
42.05
41.7
41.75
41.95
41.95
41.95
41.8
41.65
41.0
41.25
41.25
41.2
41.0
40.95
40.9
41.0
40.85
41.85
41.1
41.0
41.3
41.15
40.9
40.85
41.0
41.0
40.6
40.0
40.4
40.0
39.4
38.9
38.7
40.55
39.8
39.45
39.6
39.3
38.3
38.3
38.65
38.25
38.5
38.6
38.75
39.2
38.8
38.7
38.45
38.25
38.15
38.05
38.0
38.0
37.75
37.75
37.75
37.75
37.85
37.5
37.65
38.15
37.85
37.8
37.75
37.65
37.6
37.55
37.35
37.35
37.5
37.15
37.4
37.0
36.95
36.4
36.4
36.35
35.95
36.0
36.6
35.95
36.0
35.8
35.6
35.85
35.65
35.85
36.0
35.75
35.5
35.45
35.7
35.25
35.35
35.65
35.85
35.7
35.6
35.1
35.0
35.1
35.5
36.0
35.8
35.6
35.8
35.55
35.7
35.5
35.75
35.45
35.7
35.15
34.9
35.05
35.0
35.55
35.1
35.0
34.9
35.0
35.0
34.8
35.0
35.75
35.45
34.85
34.85
34.95
34.75
34.65
34.45
34.7
34.85
34.5
34.3
35.0
34.6
34.55
34.8
34.35
34.9
36.35
35.8
35.65
35.8
35.25
35.55
35.5
35.9
35.75
35.55
35.45
35.25
35.75
35.65
35.3
35.5
35.45
35.2
35.4
36.85
36.1
36.8
38.0
38.85
37.3
37.0
36.7
36.2
36.6
36.6
37.1
37.85
36.5
37.0
37.5
37.3
36.05
36.4
36.9
36.5
36.45
36.4
36.35
36.4
36.25
36.4
35.3
36.0
35.5
35.85
35.8
35.6
35.6
35.85
35.6
35.35
35.6
35.5
35.85
38.35
38.55
37.75
37.05
37.2
37.5
37.7
36.9
37.0
36.55
36.85
36.55
36.35
36.8
36.9
36.6
36.15
36.15
36.25
35.7
35.45
35.45
35.05
34.6
34.85
34.45
34.6
33.35
33.65
32.55
32.75
32.4
32.35
31.75
31.3
31.05
31.1
31.2
30.5
30.35
30.1
29.8
29.0
28.65
28.7
28.95
28.7
28.9
30.9
29.65
29.15
28.9
29.0
28.95
29.0
28.7
28.85
28.9
29.0
29.0
28.45
28.5
27.3
27.7
27.85
28.05
26.45
27.05
27.3
27.65
27.6
27.5
27.7
28.0
27.65
27.4
27.1
27.25
27.1
27.35
26.95
26.45
26.75
26.3
25.9
25.5
23.65
24.8
17.5
20.45
18.85
19.2
21.5
23.35
24.5
23.45
22.85
23.3
27.0
25.3
24.65
23.25
23.0
22.5
22.55
22.15
22.15
21.9
30.6
25.85
23.9
25.1
26.15
25.25
27.0
25.9
26.4
25.6
25.55
25.15
25.05
25.35
25.65
25.7
25.65
24.65
24.8
25.25
24.9
23.95
24.0
23.95
23.6
23.35
23.0
22.75
22.2
21.65
22.45
21.65
21.7
21.45
21.8
21.85
22.2
22.95
22.9
22.85
23.0
22.65
22.9
22.8
22.85
22.6
