close
910.2
930.0
928.5
911.6
905.0
889.2
888.1
942.9
962.8
1010.0
1045.0
1100.0
1120.0
1175.0
1309.9
1400.0
1370.0
1300.0
1370.0
1349.9
1299.9
1298.0
1305.0
1250.0
1251.8
1201.0
1209.8
1217.0
1203.0
1203.0
1192.0
1186.0
1182.3
1181.0
1190.0
1175.1
1283.0
1373.0
1393.6
1458.0
1450.0
1430.0
1425.0
1560.0
1543.0
1543.1
1502.3
1468.4
1416.7
1300.0
1320.1
1348.4
1320.2
1318.7
1317.9
1294.3
1275.0
1283.9
1272.8
1320.0
1304.8
1306.3
1308.0
1314.9
1334.7
1347.0
1340.0
1340.0
1492.2
1496.0
1499.8
1499.7
1495.5
1499.3
1500.0
1503.0
1501.0
1502.0
1502.1
1501.1
1502.0
1502.0
1502.0
1503.0
1503.0
1503.0
1504.0
1493.0
1504.0
1505.0
1510.0
1513.0
1514.0
1518.0
1522.0
1523.0
1523.0
1530.0
1531.0
1534.0
1534.0
1533.0
1532.0
1534.0
1540.0
1525.0
1530.0
1525.0
1525.0
1534.0
1538.0
1535.0
1535.0
1535.0
1535.0
1505.0
1463.0
1438.0
1365.0
1346.0
1303.0
1251.0
1105.0
1279.0
1280.0
1276.0
1299.0
1293.0
1301.0
1362.0
1340.0
1359.0
1220.0
1079.0
1078.0
1050.0
1197.0
1046.0
1008.0
1115.0
1175.0
1235.0
1198.0
1202.0
1267.0
1315.0
1330.0
1349.0
1318.0
1318.0
1246.0
1260.0
1271.0
1269.0
1218.0
1178.0
1200.0
1258.0
1259.0
1211.0
1219.0
1229.0
1259.0
1255.0
1274.0
1309.0
1425.0
1405.0
1450.0
1350.0
1339.0
1272.0
1282.0
1312.0
1313.0
1410.0
1600.0
1451.0
1501.0
1804.0
1950.0
2038.0
1999.0
2000.0
2350.0
2400.0
2350.0
1949.0
1900.0
1785.0
1796.0
1741.0
1841.0
2573.0
2800.0
2151.0
2198.0
2150.0
2667.0
2898.0
2300.0
2322.0
2489.0
2442.0
2163.0
2134.0
2146.0
2127.0
2056.0
1792.0
1850.0
2175.0
2156.0
2009.0
1959.0
1919.0
1890.0
1915.0
1923.0
1900.0
1965.0
2193.0
2049.0
1976.0
1965.0
1855.0
1805.0
1835.0
1830.0
1785.0
1775.0
1805.0
1760.0
1700.0
1675.0
1580.0
1545.0
1540.0
1505.0
1510.0
1525.0
1625.0
1640.0
1570.0
1555.0
1580.0
1535.0
1500.0
1460.0
1535.0
1485.0
1465.0
1485.0
1475.0
1510.0
1480.0
1490.0
1505.0
1530.0
1580.0
1645.0
1555.0
1415.0
1435.0
1445.0
1320.0
1320.0
1290.0
1230.0
1295.0
1385.0
1380.0
1360.0
1390.0
1400.0
1400.0
1400.0
1400.0
1390.0
1385.0
1430.0
1390.0
1400.0
1405.0
1450.0
1495.0
1545.0
1525.0
1590.0
1545.0
1545.0
1580.0
1570.0
1535.0
1625.0
1650.0
1625.0
1625.0
1635.0
1640.0
1635.0
1670.0
1635.0
1700.0
1645.0
1635.0
1730.0
1740.0
1730.0
1730.0
1730.0
1735.0
1725.0
1735.0
1735.0
1750.0
1750.0
1740.0
1755.0
1750.0
1765.0
1755.0
1760.0
1750.0
1760.0
1765.0
1765.0
1760.0
1760.0
1765.0
1760.0
1765.0
1770.0
1765.0
1765.0
1770.0
1770.0
1785.0
1770.0
1770.0
1765.0
1770.0
1765.0
1765.0
1770.0
1770.0
1780.0
1770.0
1770.0
1770.0
1770.0
1775.0
1775.0
1770.0
1775.0
1785.0
1775.0
1790.0
1775.0
1775.0
1780.0
1775.0
1775.0
1780.0
1775.0
1775.0
1780.0
1790.0
1775.0
1780.0
1780.0
1780.0
1785.0
1785.0
1790.0
1785.0
1785.0
1785.0
1785.0
1785.0
1785.0
1780.0
1780.0
1775.0
1785.0
1775.0
1775.0
1780.0
1780.0
1780.0
1785.0
1780.0
1780.0
1780.0
1780.0
1780.0
1770.0
1780.0
1775.0
1775.0
1775.0
1775.0
1770.0
1780.0
1785.0
1780.0
1790.0
1780.0
1780.0
1780.0
1785.0
1790.0
1775.0
1720.0
1740.0
1750.0
1770.0
1780.0
1790.0
1810.0
1770.0
1780.0
1780.0
1805.0
1840.0
1770.0
1725.0
1765.0
1720.0
1725.0
1705.0
1695.0
1690.0
1690.0
1690.0
1655.0
1685.0
1630.0
1625.0
1675.0
1605.0
1640.0
1575.0
1505.0
1510.0
1510.0
1500.0
1505.0
1490.0
1470.0
1465.0
1470.0
1485.0
1485.0
1510.0
1525.0
1520.0
1510.0
1490.0
1485.0
1480.0
1480.0
1470.0
1465.0
1450.0
1255.0
1260.0
1295.0
1260.0
1295.0
1280.0
1260.0
1245.0
1270.0
1280.0
1350.0
1425.0
1475.0
1410.0
1465.0
1435.0
1440.0
1430.0
1410.0
1415.0
1445.0
1405.0
1440.0
1440.0
1425.0
1430.0
1445.0
1425.0
1400.0
1415.0
1405.0
1405.0
1365.0
1375.0
1385.0
1395.0
1415.0
1400.0
1400.0
1410.0
1420.0
1420.0
1425.0
1420.0
1420.0
1415.0
1400.0
1440.0
1430.0
1420.0
1435.0
1425.0
1430.0
1440.0
1425.0
1445.0
1465.0
1460.0
1465.0
1460.0
1455.0
1445.0
1440.0
1425.0
1425.0
1425.0
1420.0
1420.0
1410.0
1420.0
1405.0
1420.0
1415.0
1405.0
1395.0
1375.0
1375.0
1350.0
1315.0
1270.0
1250.0
1260.0
1260.0
1260.0
1250.0
1255.0
1265.0
1235.0
1245.0
1265.0
1355.0
1325.0
1265.0
1250.0
1260.0
1290.0
1285.0
1310.0
1305.0
1300.0
1305.0
1295.0
1295.0
1280.0
1310.0
1295.0
1305.0
1300.0
1225.0
1280.0
1265.0
1300.0
1310.0
1390.0
1355.0
1345.0
1250.0
1305.0
1290.0
1285.0
1255.0
1265.0
1290.0
1285.0
1270.0
1280.0
1280.0
1245.0
1245.0
1240.0
1240.0
1245.0
1240.0
1245.0
1245.0
1245.0
1240.0
1245.0
1250.0
1265.0
1260.0
1250.0
1190.0
1175.0
1175.0
1185.0
1190.0
1190.0
1420.0
1500.0
1490.0
1350.0
1275.0
1270.0
1235.0
1235.0
1240.0
1225.0
1200.0
1190.0
1190.0
1190.0
1195.0
1210.0
1195.0
1195.0
1180.0
1180.0
1170.0
1185.0
1275.0
1235.0
1245.0
1200.0
1225.0
1165.0
1170.0
1170.0
1180.0
1155.0
1160.0
1165.0
1180.0
1175.0
1160.0
1145.0
1165.0
1150.0
1150.0
1270.0
1180.0
1160.0
1160.0
1175.0
1170.0
1220.0
1210.0
1195.0
1195.0
1125.0
1175.0
1110.0
1050.0
1070.0
1045.0
1040.0
1050.0
1075.0
1165.0
1115.0
1110.0
1130.0
1115.0
1120.0
1145.0
1085.0
1090.0
1100.0
1030.0
1015.0
1005.0
1010.0
1035.0
1035.0
1090.0
1050.0
1055.0
1025.0
1020.0
1010.0
975.0
975.0
975.0
995.0
990.0
960.0
960.0
950.0
975.0
975.0
940.0
905.0
915.0
920.0
915.0
950.0
935.0
965.0
965.0
985.0
920.0
955.0
910.0
910.0
800.0
800.0
790.0
795.0
755.0
770.0
775.0
780.0
780.0
800.0
795.0
800.0
790.0
790.0
775.0
765.0
780.0
730.0
735.0
685.0
695.0
695.0
705.0
705.0
700.0
720.0
700.0
725.0
720.0
710.0
700.0
700.0
700.0
690.0
700.0
715.0
720.0
695.0
755.0
735.0
740.0
735.0
730.0
735.0
710.0
705.0
715.0
720.0
725.0
730.0
740.0
740.0
740.0
730.0
730.0
730.0
725.0
725.0
760.0
720.0
725.0
745.0
740.0
740.0
915.0
800.0
800.0
740.0
740.0
710.0
695.0
690.0
700.0
700.0
685.0
690.0
705.0
715.0
700.0
725.0
700.0
705.0
705.0
695.0
695.0
695.0
695.0
700.0
695.0
695.0
725.0
735.0
740.0
755.0
770.0
775.0
775.0
775.0
760.0
760.0
730.0
750.0
755.0
740.0
770.0
760.0
710.0
710.0
710.0
715.0
705.0
715.0
710.0
720.0
705.0
705.0
710.0
705.0
700.0
710.0
700.0
710.0
715.0
705.0
710.0
720.0
710.0
710.0
715.0
715.0
685.0
700.0
715.0
710.0
700.0
700.0
700.0
790.0
765.0
750.0
740.0
810.0
790.0
775.0
750.0
745.0
760.0
800.0
975.0
740.0
700.0
705.0
705.0
705.0
690.0
695.0
680.0
650.0
700.0
640.0
660.0
670.0
670.0
660.0
655.0
650.0
640.0
630.0
640.0
640.0
655.0
645.0
645.0
645.0
640.0
630.0
650.0
640.0
640.0
640.0
635.0
660.0
625.0
625.0
660.0
660.0
670.0
665.0
675.0
715.0
700.0
710.0
710.0
725.0
725.0
750.0
750.0
750.0
755.0
800.0
805.0
800.0
775.0
775.0
780.0
775.0
755.0
765.0
765.0
765.0
760.0
815.0
800.0
795.0
770.0
800.0
805.0
785.0
810.0
785.0
780.0
780.0
770.0
785.0
760.0
735.0
740.0
730.0
735.0
730.0
730.0
725.0
725.0
715.0
705.0
705.0
695.0
690.0
685.0
690.0
685.0
690.0
680.0
680.0
685.0
680.0
685.0
680.0
680.0
680.0
670.0
675.0
700.0
695.0
685.0
675.0
660.0
685.0
750.0
735.0
735.0
735.0
745.0
740.0
725.0
715.0
710.0
710.0
715.0
710.0
705.0
695.0
690.0
750.0
795.0
765.0
755.0
795.0
780.0
815.0
798.0
792.0
790.0
788.0
788.0
774.0
800.0
778.0
764.0
798.0
794.0
770.0
776.0
782.0
796.0
784.0
778.0
762.0
766.0
758.0
772.0
758.0
778.0
764.0
770.0
762.0
762.0
754.0
772.0
758.0
756.0
754.0
746.0
742.0
738.0
730.0
726.0
716.0
718.0
716.0
714.0
730.0
736.0
732.0
732.0
734.0
740.0
734.0
734.0
744.0
742.0
744.0
738.0
732.0
734.0
740.0
740.0
732.0
740.0
734.0
736.0
722.0
732.0
732.0
732.0
732.0
732.0
732.0
738.0
737.0
732.0
733.0
732.0
732.0
733.0
730.0
731.0
731.0
730.0
726.0
729.0
734.0
737.0
744.0
740.0
737.0
736.0
741.0
737.0
741.0
738.0
741.0
735.0
745.0
740.0
735.0
740.0
732.0
731.0
738.0
737.0
735.0
743.0
731.0
731.0
730.0
741.0
743.0
740.0
740.0
741.0
743.0
740.0
743.0
741.0
744.0
741.0
744.0
741.0
776.0
738.0
748.0
742.0
750.0
755.0
760.0
750.0
759.0
749.0
750.0
750.0
754.0
756.0
755.0
753.0
752.0
754.0
755.0
760.0
758.0
754.0
751.0
747.0
750.0
758.0
755.0
767.0
764.0
764.0
763.0
757.0
756.0
755.0
762.0
749.0
747.0
756.0
752.0
756.0
758.0
756.0
760.0
779.0
777.0
767.0
1074.0
1030.0
909.0
887.0
1035.0
1192.0
1156.0
1094.0
1015.0
994.0
1095.0
1046.0
1050.0
1011.0
1006.0
1039.0
1035.0
1000.0
1010.0
968.0
968.0
933.0
900.0
846.0
832.0
817.0
834.0
825.0
815.0
808.0
807.0
985.0
974.0
919.0
915.0
915.0
916.0
926.0
938.0
929.0
935.0
940.0
932.0
932.0
923.0
911.0
903.0
902.0
894.0
904.0
895.0
880.0
902.0
900.0
888.0
860.0
857.0
877.0
883.0
878.0
884.0
862.0
865.0
865.0
889.0
877.0
863.0
850.0
849.0
824.0
825.0
863.0
858.0
854.0
858.0
841.0
859.0
861.0
851.0
850.0
864.0
863.0
853.0
843.0
842.0
844.0
842.0
840.0
835.0
840.0
831.0
827.0
842.0
838.0
840.0
826.0
823.0
823.0
825.0
840.0
831.0
832.0
821.0
820.0
812.0
811.0
813.0
817.0
802.0
798.0
796.0
795.0
790.0
786.0
789.0
785.0
782.0
779.0
770.0
769.0
772.0
766.0
767.0
880.0
861.0
860.0
864.0
856.0
841.0
821.0
803.0
821.0
825.0
845.0
842.0
849.0
829.0
841.0
821.0
976.0
919.0
908.0
915.0
894.0
884.0
905.0
975.0
1016.0
1000.0
983.0
979.0
986.0
981.0
996.0
999.0
990.0
1002.0
1005.0
986.0
937.0
940.0
863.0
869.0
898.0
990.0
977.0
892.0
815.0
826.0
680.0
710.0
669.0
657.0
670.0
672.0
880.0
843.0
829.0
740.0
750.0
718.0
707.0
720.0
714.0
720.0
760.0
761.0
764.0
771.0
783.0
773.0
769.0
760.0
723.0
735.0
730.0
732.0
703.0
723.0
721.0
712.0
711.0
714.0
726.0
730.0
731.0
740.0
741.0
754.0
750.0
745.0
737.0
717.0
715.0
741.0
749.0
753.0
749.0
751.0
760.0
766.0
775.0
763.0
770.0
781.0
778.0
795.0
779.0
775.0
785.0
771.0
784.0
770.0
762.0
774.0
771.0
765.0
769.0
764.0
772.0
764.0
769.0
758.0
752.0
750.0
754.0
764.0
770.0
776.0
762.0
768.0
751.0
751.0
762.0
850.0
829.0
1160.0
1083.0
1183.0
1108.0
1109.0
1057.0
1056.0
1090.0
1095.0
1192.0
1180.0
1236.0
1242.0
1199.0
1171.0
1165.0
1281.0
1241.0
1242.0
1230.0
1242.0
1254.0
1451.0
1371.0
1326.0
1303.0
1388.0
1331.0
1325.0
1355.0
1334.0
1293.0
1318.0
1280.0
1238.0
1238.0
1256.0
1228.0
1221.0
1237.0
1225.0
1212.0
1231.0
1205.0
1211.0
1203.0
1168.0
1165.0
1159.0
1137.0
1127.0
1131.0
1124.0
1079.0
1026.0
1236.0
1219.0
1148.0
1146.0
1113.0
1153.0
1151.0
1125.0
1056.0
1063.0
1048.0
1015.0
1047.0
1206.0
1178.0
1190.0
1169.0
1170.0
1175.0
1136.0
1131.0
1149.0
1151.0
1155.0
1150.0
1165.0
1168.0
1191.0
1207.0
1187.0
1195.0
1198.0
1192.0
1190.0
1175.0
1186.0
1181.0
1175.0
1170.0
1163.0
1168.0
1196.0
1179.0
1168.0
1168.0
1176.0
1152.0
1153.0
1159.0
1155.0
1175.0
1167.0
1152.0
1169.0
1165.0
1165.0
1174.0
1166.0
1171.0
1169.0
1154.0
1166.0
1156.0
1151.0
1147.0
1150.0
1146.0
1144.0
1139.0
1147.0
1144.0
1149.0
1142.0
1133.0
1116.0
1113.0
1122.0
1115.0
1114.0
1102.0
1088.0
1096.0
1087.0
1098.0
1091.0
1103.0
1098.0
1099.0
1091.0
1094.0
1077.0
1083.0
1090.0
1089.0
1090.0
1100.0
1077.0
1066.0
1049.0
1042.0
1031.0
1037.0
1022.0
1014.0
992.0
972.0
980.0
989.0
1066.0
1039.0
1032.0
1021.0
1006.0
1023.0
1039.0
1023.0
1011.0
1012.0
997.0
994.0
1015.0
1003.0
1005.0
1030.0
1035.0
1018.0
1030.0
1008.0
1000.0
1019.0
1016.0
999.0
1001.0
993.0
1000.0
983.0
974.0
971.0
979.0
973.0
974.0
976.0
974.0
970.0
950.0
962.0
970.0
980.0
960.0
957.0
940.0
913.0
