close
1.629
1.54
1.467
1.512
1.583
1.679
1.653
1.684
1.666
1.65
1.593
1.619
1.473
1.3
1.157
1.135
0.999
0.749
0.885
0.864
0.822
0.85
0.849
0.805
0.76
0.88
0.834
0.88
0.81
0.675
0.629
0.555
0.537
0.515
0.55
0.446
0.4
0.377
0.407
0.437
0.493
0.475
0.409
0.422
0.451
0.489
0.51
0.546
0.599
0.535
0.564
0.569
0.499
0.557
0.55
0.533
0.514
0.465
0.412
0.501
0.627
0.819
0.69
0.642
0.63
0.611
0.655
0.657
0.745
0.686
0.675
0.645
0.605
0.612
0.593
0.645
0.662
0.68
0.669
0.669
0.636
0.612
0.597
0.591
0.592
0.604
0.605
0.651
0.646
0.614
0.599
0.605
0.571
0.538
0.542
0.514
0.507
0.547
0.611
0.64
0.594
0.592
0.578
0.603
0.602
0.606
0.611
0.623
0.625
0.642
0.634
0.691
0.668
0.626
0.584
0.606
0.588
0.602
0.61
0.602
0.587
0.588
0.594
0.602
0.592
0.61
0.632
0.64
0.638
0.635
0.657
0.661
0.647
0.647
0.669
0.707
0.673
0.702
0.749
0.727
0.721
0.752
0.803
0.823
0.825
0.802
0.788
0.85
0.896
0.88
0.881
0.919
0.944
0.946
0.968
0.91
0.874
0.919
0.938
0.917
0.912
0.88
0.904
0.908
0.947
0.935
0.969
1.031
1.068
1.104
1.038
1.051
1.056
1.087
1.109
1.169
1.132
1.173
1.27
1.272
1.24
1.245
1.253
1.276
1.289
1.24
1.271
1.434
1.37
1.335
1.338
1.309
1.268
1.277
1.25
1.244
1.24
1.18
1.152
1.195
1.16
1.157
1.156
1.171
1.337
1.29
1.235
1.177
1.23
1.164
1.168
1.11
1.087
1.095
1.12
1.08
1.085
1.094
1.097
1.084
1.124
1.1
1.1
1.089
1.075
1.095
1.1
1.13
1.21
1.224
1.259
1.272
1.281
1.248
1.289
1.374
1.329
1.235
1.097
1.106
1.155
1.165
1.097
1.086
1.072
1.076
1.101
1.095
1.067
1.05
1.049
1.053
1.051
1.046
1.049
1.05
1.091
1.093
1.108
1.072
1.09
1.068
1.069
1.062
1.055
1.049
1.045
1.039
1.043
1.049
1.037
1.03
1.03
1.036
1.065
1.113
1.129
1.175
1.192
1.133
1.114
1.145
1.13
1.133
1.114
1.117
1.123
1.085
1.02
1.05
1.027
1.038
1.003
1.018
1.005
1.043
1.067
1.085
1.089
1.077
1.131
1.115
1.149
1.137
1.154
1.215
1.156
1.129
1.084
1.107
1.131
1.139
1.134
1.135
1.152
1.146
1.137
1.143
1.147
1.14
1.138
1.137
1.145
1.134
1.134
1.159
1.168
1.17
1.163
1.155
1.168
1.163
1.142
1.138
1.188
1.187
1.236
1.267
1.257
1.275
1.294
1.29
1.263
1.232
1.22
1.212
1.275
1.283
1.3
1.295
1.305
1.295
1.279
1.232
1.229
1.223
1.21
1.199
1.182
1.189
1.213
1.23
1.266
1.284
1.301
1.254
1.282
1.28
1.289
1.286
1.313
1.318
1.33
1.349
1.372
1.37
1.435
1.48
1.464
1.45
1.46
1.442
1.462
1.446
1.453
1.465
1.476
1.501
1.522
1.555
1.678
1.639
1.663
1.64
1.596
1.642
1.739
1.799
1.82
1.786
1.745
1.669
1.685
1.702
1.67
1.62
1.698
1.703
1.676
1.612
1.665
1.687
1.638
1.596
1.571
1.435
1.56
1.637
1.626
1.62
1.628
1.67
1.652
1.555
1.551
1.551
1.47
1.624
1.679
1.64
1.673
1.673
1.662
1.677
1.622
1.58
1.555
1.581
1.633
1.629
1.7
1.681
1.711
1.776
1.79
1.78
1.735
1.693
1.61
1.618
1.566
1.518
1.468
1.534
1.541
1.576
1.543
1.544
1.545
1.589
1.633
1.63
1.575
1.564
1.59
1.583
1.587
1.593
1.585
1.598
1.578
1.548
1.58
1.577
1.633
1.609
1.627
1.615
1.611
1.638
1.636
1.642
1.674
1.673
1.672
1.664
1.645
1.646
1.613
1.594
1.574
1.575
1.594
1.586
1.595
1.582
1.594
1.638
1.646
1.631
1.618
1.636
1.644
1.637
1.648
1.625
1.629
1.617
1.611
1.606
1.612
1.599
1.579
1.572
1.559
1.552
1.558
1.569
1.573
1.59
1.611
1.597
1.6
1.586
1.604
1.59
1.612
1.594
1.598
1.59
1.569
1.576
1.598
1.61
1.605
1.592
1.578
1.584
1.586
1.574
1.568
1.571
1.587
1.597
1.593
1.573
1.581
1.577
1.588
1.562
1.552
1.573
1.568
1.584
1.613
1.656
1.664
1.644
1.629
1.651
1.638
1.639
1.634
1.674
1.65
1.621
1.625
1.621
1.634
1.635
1.625
1.627
1.641
1.639
1.661
1.657
1.667
1.644
1.63
1.63
1.64
1.649
1.655
1.705
1.66
1.674
1.678
1.665
1.648
1.607
1.6
1.546
1.539
1.532
1.509
1.505
1.49
1.536
1.528
1.522
1.511
1.515
1.489
1.512
1.486
1.492
1.494
1.489
1.526
1.496
1.462
1.455
1.433
1.451
1.47
1.478
1.4578
1.48
1.4633
1.4502
1.4698
1.472
1.4371
1.4291
1.402
1.3534
1.3679
1.3755
1.3743
1.395
1.4398
1.43
1.447
1.4369
1.44
1.419
1.4377
1.4305
1.4475
1.475
1.4937
1.474
1.4735
1.4731
1.4642
1.425
1.441
1.4189
1.4339
1.3864
1.4235
1.44
1.44
1.444
1.417
1.442
1.4135
1.4099
1.39
1.3859
1.3529
1.3553
1.3823
1.408
1.387
1.392
1.3783
1.385
1.3999
1.3873
1.389
1.3683
1.3379
1.344
1.3469
1.3163
1.3411
1.3632
1.3601
1.3589
1.349
1.333
1.3233
1.3475
1.355
1.3814
1.38
1.4001
1.3818
1.3695
1.3416
1.3315
1.3465
1.34
1.3157
1.3313
1.3369
1.333
1.3293
1.3375
1.3441
1.3665
1.395
1.376
1.4022
1.3834
1.3699
1.3839
1.39
1.3721
1.355
1.3269
1.3366
1.333
1.3384
1.3334
1.327
1.3354
1.3335
1.3403
1.381
1.37
1.3665
1.35
1.3576
1.3172
1.2574
1.23
1.1889
1.1739
1.185
1.2094
1.207
1.224
1.198
1.164
1.17
1.1657
1.1881
1.1834
1.2026
1.239
1.2385
1.2469
1.2434
1.215
1.196
1.2116
1.26
1.261
1.251
1.2326
1.2419
1.2518
1.2581
1.2712
1.2643
1.2611
1.266
1.183
1.0812
1.0633
1.0816
1.0562
1.0782
1.0471
1.067
1.023
1.043
1.0835
1.1038
1.125
1.0877
1.112
1.0987
1.127
1.089
1.0975
1.084
1.085
1.085
1.1119
1.103
1.1475
1.1701
1.148
1.1416
1.1186
1.137
1.152
1.178
1.1841
1.1359
1.1503
1.1722
1.1675
1.1699
1.1686
1.1562
1.1502
1.1047
1.1279
1.1275
1.1277
1.1332
1.175
1.1529
1.2101
1.2221
1.1999
1.2002
1.1605
1.1399
1.1351
1.073
1.0201
1.033
1.064
1.0816
1.07
1.0303
1.0349
1.0216
1.019
1.002
1.0078
0.9995
0.993
0.9559
0.9658
1.0005
1.0115
1.0008
1.003
1.0079
1.0375
1.0341
1.0379
1.0272
1.024
1.053
1.05
1.058
1.0498
1.052
1.05
1.061
1.093
1.123
1.1041
1.1503
1.17
1.1697
1.173
1.1711
1.1553
1.1567
1.1241
1.0885
1.1143
1.119
1.14
1.143
1.1401
1.1599
1.1507
1.1461
1.1779
1.1886
1.1779
1.1871
1.195
1.1961
1.2092
1.1774
1.1713
1.1884
1.182
1.181
1.1785
1.1583
1.1464
1.1182
1.1309
1.132
1.11
1.1115
1.1205
1.1172
1.102
1.066
1.0861
1.0838
1.0872
1.048
1.0502
1.041
1.0498
1.052
1.048
1.054
1.0568
1.0362
1.0205
1.0242
1.0548
1.085
1.042
1.0319
1.0465
1.026
1.0384
1.0403
1.0117
0.9999
0.945
0.938
0.9369
0.9444
0.953
0.9372
0.95
0.8982
0.9063
0.8775
0.833
0.8032
0.8482
0.8416
0.7749
0.7588
0.776
0.7821
0.8173
0.7886
0.798
0.8045
0.813
0.8
0.8118
0.851
0.8427
0.851
0.8565
0.8466
0.8822
0.8924
0.8408
0.7774
0.7914
0.793
0.7802
0.7792
0.792
0.7615
0.788
0.8156
0.8342
0.8445
0.8297
0.8076
0.826
0.8603
0.865
0.847
0.8584
0.8545
0.856
0.8508
0.8592
0.8527
0.8106
0.8015
0.805
0.8081
0.8192
0.8443
0.8197
0.8234
0.8432
0.8556
0.8624
0.8627
0.8658
0.8687
0.8581
0.8627
0.8833
0.8934
0.8934
0.8762
0.8509
0.8682
0.8636
0.8603
0.856
0.8577
0.8405
0.816
0.8042
0.817
0.8221
0.82
0.8102
0.8333
0.8645
0.8754
0.8765
0.8528
0.839
0.8852
0.909
0.8868
0.8865
0.88
0.8655
0.8586
0.8591
0.8452
0.855
0.8545
0.8699
0.8695
0.8627
0.858
0.8685
0.8548
0.8429
0.8433
0.8506
0.843
0.8459
0.844
0.8439
0.8394
0.8267
0.8361
0.8228
0.8076
0.788
0.7819
0.7785
0.7713
0.7707
0.7587
0.763
0.7775
0.7607
0.744
0.7361
0.7416
0.7296
0.7154
0.7187
0.7234
0.7349
0.7256
0.7283
0.7576
0.7685
0.7539
0.7402
0.7306
0.7393
0.7355
0.744
0.7367
0.743
0.741
0.7355
0.7607
0.7688
0.7582
0.7518
0.746
0.7378
0.7491
0.7518
0.7505
0.7425
0.7344
0.7352
0.7352
0.7334
0.7335
0.7407
0.7387
0.7389
0.7478
0.7652
0.7647
0.7866
0.7868
0.788
0.784
0.7724
0.7818
0.7813
0.783
0.7919
0.792
0.7767
0.7553
0.75
0.733
0.7397
0.7337
0.7324
0.719
0.7153
0.7145
0.7355
0.723
0.7137
0.7008
0.7058
0.6995
0.6896
0.6972
0.694
0.6935
0.6926
0.6884
0.6802
0.6732
0.6829
0.6834
0.685
0.6849
0.6785
0.677
0.6648
0.6605
0.6343
0.6267
0.621
0.6296
0.6275
0.614
0.5839
0.6069
0.6103
0.6136
0.5975
0.5917
0.5712
0.5608
0.552
0.5355
0.5338
0.5372
0.512
0.5002
0.4842
0.4975
0.4726
0.4645
0.4537
0.4699
0.49
0.5387
0.516
0.5139
0.5288
0.5568
0.577
0.5767
0.582
0.5719
0.5549
0.5407
0.532
0.5432
0.5468
0.5148
0.5326
0.541
0.5474
0.5539
0.5285
0.5259
0.5229
0.5334
0.5129
0.5032
0.4698
0.4626
0.468
0.471
0.4617
0.483
0.4764
0.4669
0.469
0.484
0.4982
0.497
0.4886
0.4794
0.494
0.4921
0.4953
0.497
0.4994
0.5049
0.5034
0.504
0.5225
0.5298
0.5237
0.5299
0.5329
0.5329
0.5492
0.5495
0.5478
0.5624
0.5751
0.5679
0.5743
0.5772
0.5915
0.591
0.576
0.5578
0.5664
0.58
0.5714
0.5778
0.5775
0.5788
0.5701
0.5673
0.5698
0.5691
0.5916
0.594
0.599
0.5761
0.5655
0.5712
0.565
0.5671
0.5785
0.5696
0.5652
0.56
0.5568
0.5506
0.5405
0.5488
0.5516
0.5412
0.5452
0.5432
0.5455
0.551
0.5651
0.555
0.5374
0.5463
0.5588
0.5563
0.5676
0.5628
0.5596
0.562
0.566
0.5664
0.55
0.5397
0.5373
0.5338
0.5405
0.5328
0.5357
0.5419
0.5449
0.5579
0.552
0.5551
0.5579
0.5533
0.5435
0.563
0.5708
0.5621
0.5539
0.5471
0.5423
0.5579
0.5543
0.5574
0.5636
0.5588
0.555
0.551
0.557
0.5543
0.5535
0.5549
0.549
0.5591
0.5601
0.5611
0.56
0.5609
0.5577
0.5778
0.571
0.56
0.5635
0.5625
0.571
0.5679
0.5579
0.5542
0.5589
0.5615
0.561
0.56
0.5591
0.5545
0.558
0.563
0.5643
0.5642
0.5871
0.5885
0.5879
0.587
0.5856
0.5716
0.5696
0.5675
0.5606
0.565
0.5616
0.5657
0.5721
0.5675
0.5715
0.5672
0.5645
0.565
0.5644
0.5667
0.5679
0.56
0.554
0.553
0.5518
0.5501
0.554
0.5555
0.5569
0.5565
0.5568
0.5647
0.5594
0.5574
0.5603
0.5585
0.5624
0.5629
0.5641
0.5586
0.5602
0.56
0.5622
0.564
0.5632
0.556
0.5595
0.5066
0.5235
0.5212
0.5193
0.5262
0.5285
0.523
0.5153
0.5076
0.5461
0.559
0.544
0.5611
0.5432
0.5498
0.5549
0.5604
0.565
0.568
0.559
0.57
0.57
0.5688
0.5629
0.5419
0.5405
0.551
0.572
0.5673
0.5681
0.5329
0.5356
0.534
0.5495
0.5529
0.545
0.5409
0.5349
0.5304
0.548
0.554
0.557
0.5731
0.5699
0.573
0.572
0.57
0.571
0.576
0.582
0.5954
0.5936
0.5924
0.6551
0.6388
0.664
0.6835
0.6794
0.6525
0.686
0.6864
0.6861
0.723
0.7356
0.7299
0.7355
0.7434
0.7299
0.7088
0.74
0.732
0.7425
0.755
0.7547
0.708
0.696
0.727
0.7037
0.6915
0.6802
0.67
0.6667
0.6906
0.682
0.693
0.6916
0.7048
0.7041
0.6793
0.6941
0.6805
0.6773
0.67
0.643
0.6345
0.61
0.6148
0.605
0.607
0.6076
0.5856
0.593
0.6068
0.6168
0.5999
0.6011
0.5977
0.6175
0.6154
0.6415
0.6372
0.6535
0.68
0.6879
0.6859
0.6879
0.7108
0.7098
0.706
0.7057
0.715
0.695
0.682
0.683
0.6933
0.687
0.692
0.7149
0.71
0.7175
0.712
0.7089
0.7173
0.7117
0.707
0.7022
0.709
0.7275
0.7315
0.73
0.724
0.7272
0.746
0.725
0.7248
0.717
0.7036
0.6901
0.6712
0.6793
0.693
0.6842
0.67
0.6728
0.694
0.6996
0.7012
0.6971
0.68
0.6999
0.6933
0.6932
0.675
0.669
0.6765
0.6824
0.6852
0.6905
0.6975
0.693
0.6961
0.6993
0.6885
0.678
0.6917
0.688
0.6876
0.6948
0.6885
0.6872
0.6855
0.6734
0.673
0.675
0.6725
0.6583
0.6516
0.6319
0.6
0.6075
0.5975
0.6022
0.5902
0.579
0.5521
0.5486
0.5341
0.505
0.475
0.441
0.4598
0.5065
0.5664
0.56
0.5848
0.563
0.541
0.5295
0.537
0.5415
0.5415
0.5656
0.5684
0.5772
0.5498
0.5451
0.5415
0.552
0.5495
0.546
0.5381
0.5416
0.56
0.5687
0.5609
0.5432
0.5451
0.5359
0.508
0.5251
0.511
0.5197
0.518
0.5182
0.5292
0.5272
0.5291
0.5275
0.5385
0.61
0.608
0.5749
0.6
0.5925
0.6285
0.6002
0.6025
0.647
0.6448
0.6458
0.6427
0.63
0.6265
0.6236
0.585
0.5805
0.585
0.5669
0.5408
0.54
0.5413
0.5441
0.5491
0.5235
0.5238
0.515
0.51
0.505
0.5236
0.5265
0.539
0.54
0.5568
0.5681
0.5635
0.5668
0.5475
0.5421
0.5863
0.5785
0.578
0.601
0.572
0.5651
0.585
0.5814
0.5729
0.5875
0.573
0.584
0.58
0.5985
0.63
0.623
0.6122
0.6132
0.622
0.6124
0.6165
0.6137
0.6121
0.5945
0.595
0.5868
0.58
0.579
0.575
0.5817
0.5739
0.5873
0.5691
0.5751
0.562
0.5818
0.5885
0.582
0.578
0.5752
0.5805
0.587
0.5854
0.5734
0.5825
0.5798
0.581
0.57
0.5485
0.5304
0.5405
0.532
0.5514
0.5497
0.5404
0.5418
0.53
0.5267
0.5136
0.519
0.52
0.5185
0.5142
0.5225
0.5348
0.5359
0.523
0.5256
0.5209
0.5181
0.5154
0.5147
0.516
0.5178
0.5225
0.5349
0.5311
0.5256
0.5289
0.5272
0.5374
0.5429
0.532
0.5349
0.5347
0.536
0.5274
0.524
0.534
0.5325
0.5206
0.4955
0.5068
0.518
0.5295
0.5328
0.5325
0.532
0.538
0.5413
0.5506
0.5476
0.5531
0.5537
0.567
0.5655
0.566
0.5664
0.571
0.585
0.615
0.61
0.5875
0.5887
0.591
0.6224
0.6115
0.61
0.6099
0.602
0.5824
0.607
0.611
0.6046
0.605
0.6178
0.5891
0.6095
0.613
0.6035
0.641
0.641
0.6729
0.6675
0.6746
0.671
0.6588
0.6626
0.66
0.647
0.651
0.654
0.6729
0.6684
0.643
0.603
0.609
0.6005
0.5924
0.5655
0.5641
0.5785
0.5942
0.5894
0.598
0.6083
0.584
0.6033
0.606
0.6047
0.611
0.6059
0.607
0.5965
0.6039
0.5893
0.6015
0.5935
0.5951
0.5945
0.6028
0.625
0.678
0.678
0.664
0.652
0.6659
0.671
0.6645
0.6586
0.6478
0.6647
0.679
0.6606
0.6851
0.6771
0.661
0.6775
0.67
0.6635
0.6152
0.62
0.6158
0.6299
0.6359
0.65
0.6479
0.6453
0.6581
0.665
0.649
0.6596
0.6532
0.67
0.679
0.671
0.6669
0.6721
0.681
0.6702
0.6754
0.6695
0.6691
0.6745
0.7154
0.7125
0.7103
0.716
0.6988
0.6899
0.6926
0.675
0.6825
0.6675
0.6664
0.67
0.681
0.692
0.6855
0.688
0.6777
0.677
0.6835
0.714
0.7
0.6903
0.699
0.6911
0.6999
0.6954
0.6882
0.6845
0.7
0.6955
0.6885
0.6955
0.6941
0.697
0.6954
0.694
0.697
0.6958
0.6962
0.6855
0.682
0.6924
0.679
0.693
0.6822
0.6935
0.6919
0.6913
0.6907
0.6869
0.6902
0.6905
0.676
0.6745
0.6677
0.674
0.6748
0.673
0.68
0.669
0.6738
0.6624
0.6532
0.638
0.6437
0.641
0.6409
0.6633
0.6665
0.632
0.6319
0.622
0.6288
0.6211
0.6198
0.6065
0.5989
0.6005
0.5891
0.5876
0.5881
0.5745
0.5929
0.6095
0.602
0.6027
0.6008
0.5929
0.5936
0.6
0.616
0.6307
0.624
0.6218
0.6185
0.598
0.5922
0.6092
0.6133
0.618
0.62
0.6375
0.64
0.6499
0.654
0.6566
0.6633
0.6635
0.6935
0.708
0.7238
0.7074
0.6975
0.692
0.6891
0.6941
0.6801
0.6808
0.6887
0.685
0.6855
0.7026
0.7095
0.719
0.69
0.687
0.684
0.7015
0.7141
0.723
0.7611
0.7689
0.7725
0.7646
0.7964
0.7944
0.792
0.797
0.808
0.8324
0.8259
0.8262
0.8001
0.7775
0.756
0.7814
0.7553
0.782
0.7848
0.806
0.811
0.8095
0.8057
0.7914
0.792
0.7865
0.775
0.7874
0.7766
0.752
0.752
0.7464
0.7631
0.766
0.769
0.7582
0.7555
0.7677
0.7659
0.7958
0.8063
0.79
0.7974
0.8205
0.8098
0.7949
0.803
0.7949
0.808
0.7837
0.7717
0.76
0.7629
0.7898
0.7777
0.762
0.7601
0.763
0.7913
0.8098
0.8072
0.8004
0.8065
0.8129
0.823
0.89
0.8803
0.9127
0.9401
0.921
0.93
0.968
0.945
0.929
0.95
0.9675
0.983
0.98
0.9576
0.9765
0.9453
0.9261
0.9218
0.903
0.8934
0.8932
0.9023
0.9264
0.9127
0.918
0.9259
0.93
0.92
0.9154
0.9345
0.9349
0.9615
0.949
0.9699
0.9731
0.9839
0.974
1.049
1.0965
1.0866
1.0615
1.0289
1.0301
1.042
1.0585
1.0546
1.0337
1.0573
1.059
1.0878
1.1
1.092
1.0802
1.08
1.0838
1.0921
1.0835
1.0594
1.058
1.071
1.047
1.0408
1.0168
0.981
0.917
0.9379
0.952
0.936
1.003
0.9732
0.941
0.9055
0.9335
0.9321
0.94
0.94
0.9525
0.958
0.9732
0.9501
0.957
0.9426
0.945
0.9095
0.9183
0.9478
0.946
0.9329
0.9505
0.9461
0.9699
0.972
0.9416
0.88
0.878
0.854
0.8676
0.8475
0.863
0.8671
0.8654
0.87
0.8725
0.907
0.9041
0.912
0.9008
0.895
0.8972
0.879
0.8734
0.891
0.8972
0.9216
0.8848
0.8777
0.8648
0.8519
0.8215
0.815
0.79
0.8148
0.828
0.8381
0.83
0.821
0.825
0.78
0.83
0.83
0.82
0.8309
0.82
0.7909
0.7939
0.808
0.798
0.7797
0.79
0.7749
0.766
0.751
0.7621
0.778
0.7736
0.7825
0.7851
0.7885
0.7962
0.8064
0.814
0.8119
0.8245
0.784
0.802
0.8114
0.802
0.7921
0.7844
0.7887
0.789
0.801
0.807
0.804
0.8015
0.7896
0.7971
0.7957
0.7856
0.7666
0.76
0.7677
0.7674
0.7665
0.7699
0.7731
0.8012
0.7955
0.815
0.8339
0.8322
0.8251
0.8371
0.8224
0.8281
0.8373
0.825
0.833
0.8355
0.8598
0.8519
0.8495
0.8307
0.8305
0.8244
0.8221
0.8177
0.801
0.8249
0.822
0.8229
0.8183
0.8192
0.806
0.8143
0.805
0.8155
0.813
0.8102
0.8161
0.813
0.8192
0.85
0.8514
0.8469
0.841
0.832
0.852
0.855
0.8845
0.8772
0.866
0.8641
0.879
0.8864
0.875
0.852
0.831
0.8395
0.8353
0.8221
0.8235
0.8188
0.8175
0.8279
0.817
0.8105
0.8135
0.8357
0.8465
0.84
0.8452
0.85
0.8335
0.8131
0.807
0.82
0.8258
0.843
0.8449
0.84
0.8368
0.834
0.8345
0.827
0.8113
0.814
0.82
0.8093
0.8019
0.8196
0.81
0.8079
0.8177
0.811
0.8219
0.8248
0.8247
0.7966
0.7518
0.7165
0.7328
0.7349
0.7275
0.722
0.725
0.727
0.7289
0.7405
0.755
0.7587
0.7597
0.7749
0.7735
0.7675
0.7699
0.7618
0.7847
0.7899
0.7844
0.8095
0.8
0.7896
0.7748
0.7608
0.7471
0.75
0.7255
0.7322
0.7278
0.7375
0.717
0.7379
0.739
0.7307
0.741
0.7498
0.7598
0.76
0.7698
0.7669
0.7715
0.78
0.781
0.7947
0.7947
0.7815
0.7843
0.7792
0.79
0.7853
0.769
0.7789
0.775
0.7664
0.7568
0.755
0.7654
0.7651
0.75
0.7466
0.7421
0.734
0.7288
0.75
0.7475
0.756
0.7699
0.762
0.7615
0.747
0.762
0.7534
0.702
0.7215
0.7328
0.7399
0.743
0.7424
0.7434
0.7495
0.7402
0.7398
0.7407
0.7435
0.7441
0.74
0.7488
0.7503
0.745
0.7445
0.742
0.744
0.7479
0.75
0.753
0.745
0.7505
0.742
0.7433
0.737
0.7434
0.7357
0.7359
0.73
0.7392
0.727
0.7184
0.7097
0.71
0.7239
0.715
0.7165
0.7105
0.7026
0.7023
0.6864
0.69
0.697
0.718
0.7082
0.6912
0.679
0.668
0.666
0.6713
0.6892
0.6874
0.6757
0.6791
0.6729
0.6756
0.6816
0.6816
0.6844
0.684
0.68
0.6875
0.6899
0.6875
0.69
0.691
0.6897
0.6839
0.6898
0.6812
0.6793
0.6732
0.6739
0.6716
0.6773
0.6738
0.6775
0.6788
0.6783
0.6677
0.6682
0.6695
0.6607
0.6532
0.6472
0.6316
0.625
0.6244
0.6328
0.6374
0.6246
0.63
0.6286
0.6245
0.6172
0.6233
0.6325
0.6246
0.6272
0.612
0.6369
0.64
0.6393
0.6264
0.623
0.6203
0.6057
0.6041
0.6037
0.6188
0.6243
0.6257
0.6153
0.6149
0.609
0.6219
0.6297
0.633
0.6312
0.6392
0.6206
0.6102
0.6124
0.6255
0.621
0.6218
0.625
0.625
0.607
0.5882
0.589
0.5906
0.5816
0.5764
0.5784
0.5609
0.5601
0.5537
0.5371
0.532
0.5345
0.5465
0.5454
0.5498
0.5549
0.5515
0.5425
0.547
0.5512
0.5553
0.5483
0.553
0.538
0.5416
0.5379
0.535
0.5305
0.5325
0.5406
0.541
0.5261
0.526
0.5234
0.5249
0.5046
0.5078
0.5145
0.5188
0.5102
0.505
0.5047
0.4998
0.496
0.4998
0.491
0.4957
0.4875
0.48
0.476
0.483
0.479
0.4798
0.4795
0.4808
0.485
0.4858
0.4881
0.4921
0.487
0.4948
0.4992
0.507
0.5086
0.5099
0.5135
0.5149
0.5149
0.51
0.5014
0.5069
0.5073
0.5093
0.5023
0.504
0.508
0.513
0.5132
0.5304
0.5293
0.5277
0.5208
0.5252
0.5234
0.525
0.5217
0.5157
0.5185
0.5123
0.5083
0.511
0.5027
0.5071
0.5111
0.5045
0.5002
0.497
0.4999
0.4965
0.4921
0.4958
0.4941
0.4951
0.5001
0.5085
0.501
0.5024
0.507
0.5091
0.5074
0.5114
0.5049
0.5021
0.503
0.502
0.5005
0.5008
0.51
0.5075
0.5064
0.5051
0.5031
0.5027
0.5055
0.513
0.512
0.52
0.532
0.5314
0.533
0.529
0.5276
0.5465
0.542
0.546
0.537
0.5355
0.5374
0.54
0.5409
0.5425
0.5352
0.5376
0.5369
0.5325
0.5275
0.5293
0.5251
0.5323
0.533
0.5401
0.5435
0.545
0.541
0.5466
0.541
0.542
0.5398
0.5376
0.5399
0.54
0.541
0.543
0.5585
0.5719
0.5927
0.5826
0.5885
0.603
0.6114
0.6124
0.61
0.613
0.59
0.6014
0.5978
0.5998
0.6034
0.6004
0.6029
0.6096
0.611
0.62
0.6215
0.5917
0.5846
0.582
0.5665
0.585
0.5896
0.5779
0.5756
0.5748
0.5652
0.5529
0.5575
0.57
0.5807
0.5696
0.5695
0.5702
0.5656
0.5618
0.5619
0.5572
0.552
0.5497
0.552
0.55
0.5485
0.5448
0.54
0.5445
0.5445
0.5385
0.541
0.5469
0.546
0.5391
0.539
0.5347
0.5391
0.5376
0.5488
0.5537
0.5525
0.5523
0.5512
0.5455
0.5457
0.5477
0.5424
0.5375
0.5406
0.5396
0.5441
0.55
0.546
0.5385
0.5385
0.533
0.5258
0.5282
0.5251
0.5217
0.517
0.5095
0.5054
0.5029
0.5018
0.5049
0.505
0.5042
0.504
0.4962
0.5016
0.5042
0.5085
0.51
0.5091
0.5166
0.5145
0.5134
0.5096
0.5093
0.5109
0.5108
0.5098
0.5087
0.522
0.532
0.5355
0.5372
0.5347
0.5317
0.5314
0.533
0.5311
0.5331
0.5371
0.5319
0.5315
0.5301
0.5375
0.534
0.5334
0.5343
0.5315
0.5322
0.5233
0.526
0.527
0.5271
0.526
0.5255
0.5284
0.5239
0.5233
0.5268
0.55
0.5625
0.5519
0.5541
0.5602
0.5691
0.5655
0.5655
0.565
0.5553
0.5547
0.5603
0.5649
0.5829
0.5882
0.609
0.687
0.6653
0.64
0.657
0.6772
0.665
0.6603
0.6849
0.6946
0.6771
0.687
0.7072
0.7039
0.6888
0.7015
0.7078
0.7086
0.706
0.7271
0.716
0.7165
0.7319
0.7461
0.745
0.749
0.738
0.745
0.7435
0.7441
0.7174
0.7085
0.6546
0.6422
0.66
0.6806
0.694
0.6736
0.643
0.5705
0.5497
0.4761
0.5
0.4955
0.486
0.4855
0.5077
0.5397
0.577
0.6216
0.621
0.6234
0.5974
0.6008
0.6077
0.6079
0.6223
0.627
0.6431
0.631
0.6357
0.637
0.6312
0.6135
0.625
0.5969
0.6016
0.6156
0.6037
0.6159
0.6252
0.6294
0.6118
0.6202
0.6256
0.6416
0.6301
0.6313
0.6388
0.631
0.6332
0.6343
0.64
0.6524
0.6313
0.6385
0.6615
0.6795
0.665
0.652
0.6562
0.67
0.6879
0.6934
0.6957
0.6929
0.694
0.7055
0.7092
0.7202
0.7414
0.7888
0.7799
0.793
0.78
0.7889
0.8333
0.8246
0.8216
0.8138
0.82
0.812
0.7768
0.748
0.7568
0.7367
0.7672
0.7745
0.7793
0.7565
0.776
0.76
0.7662
0.7553
0.7587
0.7524
0.7514
0.755
0.7745
0.7711
0.7672
0.758
0.7463
0.7451
0.7421
0.7732
0.7615
0.7635
0.7694
0.7691
0.765
0.7614
0.753
0.75
0.7495
0.754
0.7514
0.7532
0.7494
0.7477
0.7463
0.7294
0.72
0.7337
0.7322
0.7597
0.745
0.7465
0.73
0.7375
0.7308
0.729
0.7265
0.7277
0.7218
0.7365
0.7434
0.7455
0.744
0.7515
0.749
0.7605
0.7697
0.7551
0.7629
0.7538
0.76
0.754
0.7581
0.7579
0.7609
0.7654
0.7692
0.7724
0.7639
0.758
0.7297
0.7168
0.7216
0.718
0.7311
0.721
0.7145
0.694
0.7206
0.723
0.7359
0.7319
0.7234
0.7247
0.7101
0.726
0.7183
0.7326
0.7362
0.7413
0.7413
0.7654
0.7635
0.7532
0.7629
0.7661
0.7646
0.754
0.7557
0.7541
0.7617
0.7613
0.7609
0.7545
0.776
0.782
0.7805
0.7788
0.777
0.781
0.7825
0.7857
0.7783
0.7815
0.7855
0.7827
0.7785
0.767
0.781
0.7735
0.7672
0.764
0.7726
0.7794
0.7786
0.7825
0.7875
0.7848
0.7821
0.7834
0.7918
0.7896
0.7941
0.8255
0.8188
0.8032
0.8054
0.7969
0.8076
0.8054
0.807
0.7935
0.7867
0.7919
0.7912
0.787
0.7924
0.777
0.7838
0.7825
0.7856
0.7963
0.7921
0.8022
0.8001
0.7925
0.7972
0.809
0.8131
0.81
0.811
0.8087
0.8036
0.8054
0.7976
0.7789
0.778
0.7818
0.7894
0.8059
0.7985
0.7956
0.8064
0.8172
0.8131
0.8144
0.8132
0.814
0.8136
0.8146
0.807
0.8068
0.811
0.8062
0.8077
0.8118
0.8129
0.8069
0.812
0.8114
0.8104
0.8106
0.8127
0.8085
0.8427
0.8378
0.8312
0.8261
0.8264
0.8294
0.8333
0.8286
0.8225
0.8177
0.8236
0.8194
0.8408
0.872
0.8542
0.8408
0.8451
0.8248
0.823
0.8374
0.8422
0.8435
0.8253
0.8469
0.8329
0.8329
0.8323
0.8325
0.8346
0.826
0.8224
0.821
0.8365
0.8192
0.8273
0.8216
0.8326
0.8602
0.8567
0.8487
0.8473
0.8443
0.8477
0.8434
0.8378
0.8341
0.8386
0.8422
0.8504
0.844
0.8461
0.8436
0.8487
0.8491
0.8656
0.8596
0.8627
0.8684
0.863
0.8694
0.8678
0.874
0.878
0.8665
0.8662
0.825
0.8339
0.8346
0.8279
0.8213
0.8156
0.8115
0.782
0.7877
0.8049
0.7981
0.7963
0.8008
0.7997
0.8101
0.8196
0.8125
0.8221
0.8271
0.8237
0.8292
0.8212
0.824
0.8329
0.8418
0.8398
0.8327
0.8305
0.8228
0.8214
0.8222
0.8264
0.8284
0.8293
0.8277
0.823
0.8278
0.8248
0.8212
0.8232
0.8207
0.8191
0.815
0.817
0.8189
0.804
0.808
0.817
0.8114
0.8207
0.8269
0.8175
0.8083
0.8158
0.8156
0.8108
0.8111
0.811
0.806
0.8087
0.8098
0.811
0.8045
0.8124
0.8037
0.8083
0.8078
0.815
0.8146
0.816
0.8365
0.8379
0.8409
0.8437
0.838
0.8225
0.832
0.831
0.843
0.8318
0.8277
0.8169
0.822
0.82
0.8162
0.8237
0.8194
0.8228
0.8144
0.82
0.8113
0.8148
0.8177
0.8131
0.8113
0.806
0.8058
0.7957
0.7989
0.7917
0.7605
0.7617
0.7367
0.7462
0.7604
0.7556
0.7463
0.7634
0.7523
0.7438
0.7376
0.7115
0.7191
0.7284
0.7391
0.7322
0.7242
0.7276
0.7167
0.7188
0.7189
0.7228
0.7204
0.7301
0.7435
0.7493
0.7577
0.7341
0.7477
0.7437
0.7521
0.7516
0.7314
0.7326
0.7293
0.7005
0.7173
0.7138
0.7098
0.7017
0.7174
0.7
0.7417
0.7295
0.7359
0.7207
0.7253
0.7252
0.7398
0.7443
0.7551
0.7739
0.7574
0.7268
0.7276
0.7542
0.7613
0.7503
0.7478
0.655
0.7379
0.6186
0.6542
0.6815
0.6795
0.6303
0.62
0.6455
0.7135
0.7665
0.755
0.75
0.777
0.78
0.78
0.7702
0.7915
0.781
0.7699
0.79
0.7807
0.7928
0.7921
0.783
0.7747
0.7815
0.79
0.787
0.797
0.8026
0.8
0.8
0.8
0.8
0.801
0.8
0.8008
0.8
0.8
0.7945
0.778
0.7464
0.7472
0.75
0.7916
0.7969
0.7995
0.802
0.8223
0.7975
0.854
0.82
0.815
0.8203
0.8065
0.7945
0.777
0.7863
0.792
0.785
0.803
0.7972
0.8006
0.7998
0.802
0.8099
0.8001
0.8005
0.7888
