close
218.8
267.9
257.6
248.0
286.0
225.5
292.6
349.3
419.1
300.0
300.0
300.0
385.0
300.0
231.1
233.3
250.0
225.6
222.0
223.3
264.9
240.0
269.9
250.0
300.0
340.0
401.0
305.0
440.0
430.0
439.0
430.0
418.0
410.0
390.0
410.0
349.0
425.0
423.0
276.0
352.0
440.0
420.0
274.0
366.0
347.0
256.0
329.0
330.0
329.0
329.0
329.0
290.0
299.0
310.0
315.0
370.0
370.0
352.0
358.0
316.0
353.0
370.0
365.0
380.0
380.0
351.0
399.0
405.0
411.0
430.0
362.0
367.0
415.0
394.0
395.0
400.0
371.0
356.0
383.0
385.0
350.0
375.0
380.0
355.0
400.0
335.0
337.0
303.0
375.0
379.0
380.0
413.0
340.0
304.0
300.0
270.0
298.0
306.0
337.0
300.0
301.0
300.0
300.0
300.0
319.0
320.0
320.0
325.0
330.0
305.0
310.0
320.0
310.0
310.0
310.0
310.0
310.0
310.0
310.0
310.0
310.0
300.0
290.0
300.0
300.0
300.0
300.0
300.0
300.0
310.0
325.0
320.0
303.0
330.0
335.0
336.0
313.0
301.0
300.0
300.0
300.0
325.0
321.0
320.0
333.0
340.0
360.0
350.0
360.0
350.0
422.0
444.0
543.0
549.0
698.0
530.0
505.0
500.0
454.0
459.0
455.0
448.0
468.0
448.0
449.0
426.0
440.0
428.0
423.0
423.0
430.0
439.0
440.0
444.0
402.0
378.0
380.0
372.0
372.0
370.0
361.0
369.0
358.0
369.0
369.0
376.0
377.0
378.0
368.0
348.0
360.0
360.0
503.0
515.0
539.0
469.0
648.0
906.0
833.0
821.0
1040.0
1065.0
1035.0
1106.0
1145.0
1574.0
1393.0
1350.0
1119.0
1253.0
1195.0
1300.0
1268.0
1300.0
1300.0
1300.0
1231.0
1248.0
1210.0
1184.0
1212.0
1157.0
1155.0
954.0
914.0
979.0
1008.0
984.0
1010.0
960.0
941.0
937.0
936.0
881.0
872.0
841.0
864.0
825.0
829.0
864.0
883.0
811.0
852.0
830.0
842.0
865.0
921.0
1041.0
1170.0
1000.0
957.0
854.0
845.0
839.0
811.0
845.0
815.0
795.0
765.0
735.0
730.0
810.0
740.0
765.0
750.0
740.0
700.0
700.0
660.0
685.0
630.0
640.0
645.0
900.0
825.0
835.0
820.0
780.0
795.0
780.0
735.0
735.0
735.0
745.0
750.0
800.0
765.0
805.0
860.0
870.0
855.0
885.0
880.0
815.0
800.0
795.0
785.0
785.0
805.0
775.0
800.0
750.0
755.0
735.0
690.0
695.0
745.0
725.0
775.0
770.0
770.0
730.0
750.0
775.0
770.0
765.0
765.0
735.0
730.0
730.0
800.0
775.0
760.0
780.0
875.0
770.0
775.0
770.0
785.0
835.0
780.0
770.0
835.0
835.0
855.0
900.0
990.0
1010.0
950.0
1005.0
975.0
1070.0
1125.0
1140.0
1055.0
960.0
1025.0
1020.0
960.0
960.0
1070.0
1045.0
1110.0
1190.0
1125.0
1165.0
1150.0
1195.0
1150.0
1195.0
1195.0
1110.0
1150.0
1195.0
1200.0
1180.0
1150.0
1125.0
1135.0
1190.0
1230.0
1205.0
1275.0
1300.0
1335.0
1350.0
1360.0
1365.0
1355.0
1285.0
1295.0
1305.0
1335.0
1275.0
1350.0
1355.0
1370.0
1165.0
1165.0
1150.0
1150.0
1195.0
1195.0
1165.0
1210.0
1145.0
1105.0
1100.0
1100.0
1110.0
1110.0
1115.0
1135.0
1135.0
1155.0
1150.0
1175.0
1165.0
1260.0
1315.0
1250.0
1295.0
1295.0
1285.0
1280.0
1300.0
1275.0
1300.0
1270.0
1300.0
1265.0
1345.0
1215.0
1225.0
1335.0
1345.0
1200.0
1250.0
1185.0
1205.0
1230.0
1200.0
1130.0
1100.0
1100.0
1185.0
1215.0
1230.0
1045.0
1045.0
1095.0
1100.0
1110.0
1050.0
1150.0
1055.0
1170.0
1165.0
1165.0
1095.0
1105.0
1150.0
1150.0
1150.0
1150.0
1150.0
1195.0
1145.0
1210.0
1195.0
1195.0
1190.0
1200.0
1230.0
1225.0
1230.0
1315.0
1300.0
1230.0
1250.0
1230.0
1175.0
1170.0
1100.0
1130.0
1075.0
1020.0
1055.0
1000.0
1065.0
1100.0
1075.0
995.0
1030.0
930.0
920.0
1000.0
980.0
970.0
970.0
950.0
975.0
970.0
980.0
990.0
960.0
1000.0
990.0
940.0
920.0
935.0
1000.0
975.0
900.0
900.0
895.0
960.0
970.0
990.0
945.0
925.0
875.0
880.0
890.0
935.0
900.0
905.0
855.0
895.0
890.0
885.0
895.0
825.0
850.0
850.0
865.0
890.0
810.0
805.0
810.0
800.0
815.0
785.0
805.0
780.0
810.0
800.0
780.0
775.0
750.0
750.0
735.0
730.0
745.0
740.0
755.0
775.0
780.0
765.0
745.0
725.0
745.0
745.0
750.0
740.0
735.0
725.0
740.0
740.0
750.0
750.0
760.0
745.0
760.0
750.0
745.0
740.0
750.0
750.0
740.0
735.0
735.0
725.0
725.0
710.0
710.0
710.0
710.0
715.0
720.0
710.0
720.0
710.0
705.0
700.0
705.0
700.0
690.0
710.0
710.0
720.0
700.0
705.0
700.0
695.0
695.0
690.0
690.0
700.0
705.0
700.0
700.0
700.0
700.0
700.0
700.0
680.0
695.0
690.0
675.0
695.0
680.0
690.0
700.0
695.0
700.0
705.0
685.0
670.0
690.0
695.0
700.0
685.0
665.0
660.0
665.0
660.0
660.0
660.0
660.0
670.0
655.0
675.0
650.0
660.0
665.0
685.0
670.0
670.0
655.0
655.0
660.0
660.0
665.0
620.0
630.0
625.0
630.0
640.0
635.0
630.0
630.0
600.0
610.0
625.0
610.0
635.0
580.0
585.0
595.0
605.0
610.0
605.0
605.0
625.0
625.0
615.0
610.0
610.0
625.0
610.0
610.0
610.0
635.0
625.0
660.0
665.0
620.0
625.0
630.0
630.0
660.0
675.0
690.0
690.0
675.0
675.0
660.0
675.0
660.0
650.0
660.0
660.0
630.0
675.0
670.0
670.0
660.0
675.0
650.0
650.0
660.0
640.0
660.0
665.0
650.0
655.0
625.0
650.0
640.0
630.0
615.0
655.0
635.0
645.0
645.0
630.0
660.0
620.0
620.0
610.0
605.0
615.0
610.0
600.0
645.0
605.0
600.0
620.0
620.0
605.0
580.0
595.0
565.0
580.0
580.0
580.0
585.0
610.0
625.0
620.0
620.0
645.0
630.0
640.0
635.0
640.0
595.0
580.0
590.0
575.0
605.0
600.0
605.0
605.0
570.0
600.0
615.0
565.0
585.0
588.0
582.0
600.0
612.0
602.0
602.0
600.0
594.0
578.0
586.0
590.0
566.0
600.0
600.0
600.0
600.0
604.0
588.0
598.0
592.0
578.0
576.0
562.0
562.0
570.0
532.0
532.0
534.0
562.0
570.0
558.0
572.0
566.0
582.0
598.0
598.0
598.0
580.0
590.0
582.0
598.0
610.0
604.0
602.0
604.0
844.0
1180.0
1310.0
1240.0
990.0
938.0
1312.0
1080.0
1114.0
1036.0
1010.0
1038.0
982.0
984.0
1010.0
980.0
990.0
994.0
954.0
930.0
900.0
878.0
872.0
836.0
858.0
834.0
826.0
844.0
852.0
860.0
978.0
946.0
942.0
898.0
894.0
896.0
878.0
872.0
856.0
864.0
900.0
882.0
882.0
866.0
878.0
880.0
876.0
878.0
870.0
868.0
878.0
864.0
824.0
820.0
820.0
796.0
802.0
810.0
770.0
756.0
726.0
734.0
740.0
739.0
728.0
765.0
750.0
750.0
749.0
718.0
705.0
756.0
720.0
840.0
762.0
745.0
731.0
746.0
745.0
736.0
766.0
728.0
730.0
717.0
753.0
751.0
740.0
752.0
750.0
763.0
750.0
748.0
738.0
740.0
733.0
740.0
750.0
748.0
750.0
779.0
770.0
757.0
770.0
771.0
770.0
767.0
779.0
790.0
816.0
810.0
845.0
823.0
815.0
802.0
800.0
820.0
811.0
822.0
802.0
804.0
800.0
790.0
777.0
780.0
792.0
795.0
800.0
797.0
810.0
803.0
816.0
817.0
858.0
860.0
884.0
886.0
885.0
898.0
885.0
891.0
879.0
869.0
862.0
844.0
858.0
848.0
858.0
853.0
857.0
854.0
854.0
853.0
854.0
852.0
850.0
849.0
827.0
830.0
838.0
835.0
824.0
819.0
818.0
806.0
866.0
877.0
847.0
835.0
843.0
826.0
829.0
814.0
830.0
825.0
821.0
812.0
820.0
822.0
833.0
820.0
825.0
820.0
824.0
830.0
855.0
834.0
844.0
827.0
831.0
822.0
852.0
861.0
857.0
867.0
944.0
909.0
892.0
893.0
884.0
880.0
901.0
908.0
899.0
887.0
887.0
887.0
870.0
875.0
875.0
886.0
883.0
867.0
871.0
886.0
870.0
874.0
874.0
872.0
870.0
871.0
868.0
876.0
877.0
870.0
875.0
875.0
900.0
950.0
937.0
1026.0
980.0
1029.0
1007.0
1033.0
1021.0
1071.0
1064.0
1066.0
1070.0
1046.0
999.0
1000.0
1000.0
993.0
975.0
1010.0
996.0
1000.0
1012.0
1009.0
1011.0
1050.0
1037.0
1034.0
1021.0
1013.0
998.0
1035.0
1028.0
1028.0
1025.0
1018.0
975.0
855.0
876.0
880.0
888.0
868.0
825.0
794.0
769.0
655.0
714.0
660.0
720.0
644.0
641.0
680.0
676.0
687.0
687.0
694.0
670.0
669.0
690.0
700.0
688.0
704.0
715.0
731.0
740.0
812.0
871.0
841.0
840.0
765.0
849.0
850.0
822.0
850.0
830.0
825.0
830.0
850.0
845.0
836.0
861.0
880.0
867.0
862.0
875.0
864.0
868.0
860.0
870.0
872.0
857.0
861.0
873.0
875.0
881.0
879.0
864.0
869.0
862.0
879.0
880.0
860.0
855.0
849.0
857.0
855.0
854.0
840.0
836.0
824.0
846.0
832.0
845.0
862.0
846.0
841.0
850.0
830.0
825.0
815.0
841.0
835.0
833.0
840.0
835.0
845.0
843.0
852.0
900.0
1120.0
1018.0
975.0
973.0
1001.0
976.0
984.0
969.0
1082.0
1217.0
1092.0
1111.0
1108.0
1127.0
1117.0
1051.0
995.0
1013.0
1024.0
1025.0
1011.0
1011.0
998.0
1025.0
1035.0
1030.0
1032.0
1032.0
1002.0
1005.0
1005.0
989.0
991.0
1010.0
990.0
999.0
988.0
998.0
991.0
991.0
998.0
1000.0
995.0
990.0
990.0
980.0
987.0
971.0
973.0
971.0
978.0
968.0
981.0
970.0
960.0
972.0
965.0
946.0
953.0
948.0
940.0
942.0
939.0
939.0
937.0
928.0
933.0
857.0
827.0
818.0
824.0
828.0
829.0
824.0
818.0
815.0
815.0
829.0
829.0
814.0
815.0
824.0
842.0
868.0
853.0
873.0
897.0
906.0
952.0
951.0
919.0
908.0
910.0
911.0
905.0
909.0
902.0
900.0
891.0
890.0
888.0
889.0
879.0
874.0
869.0
875.0
895.0
913.0
961.0
1029.0
991.0
953.0
961.0
1028.0
1015.0
994.0
1049.0
1025.0
1008.0
1014.0
1046.0
1030.0
1030.0
1010.0
1010.0
1022.0
1031.0
1010.0
1027.0
1017.0
1059.0
1091.0
1055.0
1058.0
1085.0
1074.0
1058.0
1045.0
1035.0
1075.0
1123.0
1128.0
1074.0
1097.0
1040.0
1067.0
1108.0
1138.0
1128.0
1095.0
1070.0
1054.0
1052.0
1060.0
1090.0
1084.0
1074.0
1065.0
1077.0
1061.0
1054.0
1065.0
1015.0
1030.0
1025.0
1032.0
1034.0
1035.0
1040.0
1029.0
1025.0
1030.0
1010.0
1010.0
1010.0
1010.0
1014.0
1015.0
1011.0
1017.0
1034.0
1023.0
1049.0
1056.0
1049.0
1040.0
1031.0
1007.0
1081.0
1239.0
1136.0
1162.0
1256.0
1273.0
1218.0
1190.0
1203.0
1175.0
1135.0
1124.0
1126.0
1100.0
1102.0
1122.0
1111.0
1114.0
1145.0
1110.0
1127.0
1106.0
1103.0
1090.0
1096.0
1070.0
1059.0
1095.0
1074.0
1071.0
1085.0
1083.0
1075.0
1076.0
1078.0
1080.0
1076.0
1058.0
1049.0
1072.0
1100.0
1074.0
1080.0
1086.0
1072.0
1071.0
1058.0
1049.0
1056.0
1041.0
1048.0
1025.0
1035.0
1018.0
989.0
999.0
977.0
970.0
960.0
949.0
946.0
948.0
940.0
925.0
1016.0
959.0
960.0
985.0
956.0
954.0
950.0
943.0
974.0
968.0
953.0
963.0
990.0
973.0
984.0
969.0
965.0
964.0
963.0
970.0
967.0
967.0
959.0
951.0
960.0
955.0
955.0
1022.0
983.0
974.0
981.0
1055.0
1057.0
1065.0
1066.0
1041.0
1030.0
1045.0
1041.0
1053.0
1100.0
1147.0
1121.0
1105.0
1113.0
1096.0
1085.0
1068.0
1040.0
1012.0
1024.0
1060.0
1034.0
1022.0
1015.0
1008.0
1000.0
1068.0
1017.0
1018.0
1015.0
1019.0
1018.0
1020.0
1038.0
1023.0
1032.0
1046.0
1463.0
1448.0
2025.0
2060.0
1890.0
1760.0
1901.0
2020.0
2048.0
2047.0
2061.0
2198.0
2222.0
2136.0
2128.0
2097.0
1990.0
1929.0
1750.0
1852.0
1849.0
1818.0
1772.0
1845.0
2120.0
2924.0
4091.0
3150.0
3420.0
3000.0
3039.0
2845.0
2979.0
2858.0
2851.0
2821.0
2886.0
2876.0
2844.0
2795.0
2485.0
2350.0
2472.0
2551.0
2573.0
2458.0
2499.0
2424.0
2420.0
2649.0
2560.0
2550.0
2560.0
2544.0
2590.0
2555.0
2533.0
2483.0
2460.0
2499.0
2539.0
2466.0
2300.0
2160.0
1970.0
1962.0
1935.0
1870.0
1727.0
1892.0
1956.0
2026.0
1982.0
2001.0
1984.0
2052.0
1978.0
1958.0
1964.0
2748.0
2514.0
2372.0
2566.0
2810.0
3864.0
3854.0
3678.0
3642.0
3146.0
3500.0
2600.0
2992.0
2668.0
2864.0
2948.0
2946.0
2842.0
2920.0
2800.0
2888.0
2892.0
2876.0
2840.0
2712.0
2976.0
2754.0
2780.0
2720.0
2700.0
2706.0
2742.0
2674.0
2630.0
2714.0
2748.0
2710.0
2770.0
2690.0
2666.0
2666.0
2712.0
2748.0
2736.0
2720.0
2740.0
2756.0
2714.0
2696.0
2666.0
2586.0
2550.0
2538.0
2440.0
2418.0
2392.0
2408.0
2366.0
2292.0
2162.0
2112.0
2396.0
2268.0
2166.0
2136.0
2122.0
2152.0
2274.0
2292.0
2350.0
2292.0
2302.0
2266.0
2788.0
3146.0
3168.0
3194.0
