close
318
340
308
306
308
300
300
300
300
250
299
275
277
300
228
271
299
235
214
255
303
303
309
340
350
303
329
305
300
400
325
399
330
391
326
320
330
330
368
298
330
335
347
346
325
329
330
325
298
278
288
329
290
285
325
325
319
310
310
292
290
290
299
300
299
272
259
250
231
265
270
241
250
240
250
263
260
264
261
267
260
242
258
260
260
260
260
245
256
280
289
290
273
261
288
288
290
290
281
285
281
286
290
290
282
289
291
280
290
280
275
290
285
299
277
283
283
392
321
316
304
333
465
422
383
450
448
491
540
539
743
610
616
575
608
622
570
540
560
530
510
506
494
477
440
430
413
395
390
374
403
387
391
376
394
425
406
400
381
407
392
400
398
394
390
403
450
453
444
495
493
478
446
525
512
480
485
470
487
458
478
532
450
440
422
427
410
408
402
382
547
475
432
452
430
434
447
402
414
400
435
400
418
423
424
430
435
427
393
395
394
395
370
379
389
365
367
357
344
354
346
376
355
368
365
380
378
370
357
364
378
368
368
382
364
386
399
407
389
388
401
398
376
411
427
448
444
445
479
465
499
510
508
500
477
464
447
462
499
490
470
487
474
480
470
467
475
486
467
474
452
456
455
446
443
454
453
465
500
485
495
494
510
511
505
504
497
483
494
497
499
550
543
512
500
486
479
468
472
461
469
458
457
430
469
475
484
494
493
495
490
445
474
489
523
510
530
593
578
580
565
588
618
558
541
536
555
565
560
545
515
505
530
642
608
558
501
597
599
614
649
649
575
652
575
614
623
625
609
622
627
630
561
568
570
557
584
573
584
632
596
625
607
540
553
505
555
536
506
497
492
474
474
474
459
449
442
448
450
459
493
459
479
450
480
470
470
460
498
495
491
485
502
496
496
496
500
506
513
519
515
521
524
550
526
534
550
557
543
524
507
518
500
503
501
487
487
483
477
484
471
478
482
506
502
500
515
514
497
518
510
504
493
504
497
495
504
507
504
500
504
495
504
504
508
490
484
488
494
504
491
487
492
493
504
491
487
481
483
480
488
481
480
476
477
478
494
490
486
483
495
495
493
478
484
484
487
477
488
477
493
490
479
493
493
482
472
488
485
485
491
478
485
489
485
480
478
483
484
478
480
484
474
475
468
472
473
455
457
453
458
470
467
460
468
458
454
458
477
458
460
451
476
464
460
460
460
468
457
464
476
461
457
446
457
456
455
458
441
442
457
442
444
448
442
449
443
455
456
448
458
450
444
444
444
442
448
460
452
424
440
448
454
462
464
462
430
464
464
454
456
450
458
456
430
438
438
434
434
430
452
442
432
438
440
440
436
430
436
434
430
436
434
434
438
438
440
440
438
614
858
858
748
680
700
906
748
716
716
730
746
722
702
694
678
652
650
652
626
624
622
610
590
598
570
552
528
538
536
592
578
574
540
568
550
580
580
568
560
580
558
520
520
510
508
510
520
506
508
500
500
498
508
507
514
519
510
505
491
508
506
552
520
516
526
511
511
512
520
522
522
511
511
512
507
516
515
508
510
510
518
526
528
528
521
543
536
540
532
532
585
604
597
582
582
602
598
594
565
562
568
574
565
574
572
572
564
552
568
567
562
575
562
565
562
560
553
563
550
563
566
545
535
550
554
544
547
554
565
563
560
557
557
562
562
560
560
568
567
557
543
543
536
540
537
592
575
557
557
540
542
538
546
538
538
531
536
544
541
543
551
558
563
563
601
638
637
620
606
612
597
609
618
609
611
660
643
630
630
630
663
653
647
643
634
629
633
644
625
627
639
637
645
651
652
643
630
629
633
644
637
644
637
636
628
629
629
639
641
647
695
657
716
744
865
844
842
821
879
905
878
856
855
795
778
818
806
792
793
812
805
814
807
811
808
800
798
807
790
775
795
795
796
796
805
767
626
673
683
688
672
644
618
627
547
551
522
543
503
517
604
599
612
619
606
607
608
630
640
638
630
654
657
658
728
819
755
751
722
730
742
743
726
720
698
690
704
702
727
705
706
706
691
702
698
691
699
701
697
688
691
692
721
715
710
698
699
707
697
698
701
679
665
682
688
683
677
670
667
648
660
668
667
665
650
660
651
646
668
664
663
661
665
669
660
654
668
653
701
890
836
819
813
811
797
779
760
862
1101
1005
1006
981
975
975
906
877
924
932
914
912
906
905
909
923
911
906
925
917
896
900
895
894
914
904
903
887
900
884
895
905
901
895
890
894
879
872
870
864
866
855
839
862
850
840
835
839
852
861
855
835
837
849
842
835
835
827
798
793
769
779
788
770
773
765
762
753
758
767
762
760
756
764
771
771
764
833
848
941
888
909
920
903
860
863
855
848
842
841
842
838
840
844
823
821
834
854
850
865
881
860
833
857
878
874
889
892
887
879
883
897
894
892
887
872
876
899
878
890
890
910
911
896
900
904
904
885
876
870
883
931
950
938
926
920
917
922
925
959
936
941
924
922
949
978
950
950
948
937
939
930
924
918
918
924
925
929
939
952
926
918
924
914
924
916
905
915
907
908
914
920
930
932
927
916
936
952
940
978
1176
1082
1078
1090
1146
1110
1104
1110
1091
1092
1101
1090
1081
1115
1083
1080
1085
1095
1070
1075
1067
1054
1071
1060
1045
1018
1012
1035
1035
1010
1027
1029
1018
1018
1018
1018
1013
1018
1034
1025
1022
1021
1011
1009
1010
998
990
992
990
989
990
998
985
980
985
979
978
977
965
970
959
959
958
977
964
970
980
958
949
943
937
960
963
961
955
1011
998
986
986
981
981
988
995
996
974
975
966
992
975
990
1030
1027
1030
1080
1106
1080
1068
1077
1044
1040
1080
1079
1071
1190
1191
1183
1167
1153
1132
1121
1100
1102
1076
1061
1073
1053
1064
1063
1046
1041
1073
1077
1064
1067
1070
1079
1085
1083
1075
1077
1099
1516
1369
1915
2389
2445
2080
2286
2513
2729
2500
2638
2660
2605
2571
2622
2601
2457
2476
2374
2220
2150
2013
1905
1946
2136
2347
2580
2349
2580
2490
2460
2353
2301
2272
2346
2250
2320
2295
2275
2269
2054
2075
2127
2150
2160
2067
2087
2136
2087
2209
2137
2150
2163
2138
2160
2154
2166
2176
2160
2200
2200
2179
2082
2027
1852
1945
1955
1873
1729
1756
1782
1917
1832
1860
1830
1900
1868
1812
1832
2562
2384
2278
2488
2792
3900
3794
3526
3380
3090
3494
2350
3000
2548
2700
2744
2798
2746
2752
2794
2766
2698
2668
2550
2482
2712
2578
2520
2540
2542
2552
2542
2500
2408
2504
2500
2490
2524
2432
2462
2660
2600
2504
2530
2548
2580
2552
2546
2454
2410
2470
2442
2442
2406
2416
2398
2420
2330
2248
2146
2092
2370
2240
2148
2142
2120
2132
2270
2252
2270
2200
2248
2190
2398
2562
2528
2494
