close
768
796
760
754
750
770
771
760
770
755
764
766
768
764
761
770
764
777
776
757
762
768
770
765
761
765
752
769
765
762
758
753
755
774
767
764
779
774
810
800
791
802
800
814
817
815
826
810
807
809
800
817
820
824
825
750
737
727
734
719
733
749
746
743
730
729
733
730
735
730
729
721
724
725
724
729
734
735
734
733
741
742
742
740
750
746
762
767
768
815
800
796
815
818
822
812
820
812
813
806
808
810
810
821
807
809
804
800
799
802
807
790
795
789
800
795
807
810
802
806
803
799
810
805
800
808
802
801
800
810
817
839
844
860
872
916
923
922
926
915
923
941
955
958
950
952
950
954
949
948
947
948
950
955
964
961
959
959
958
958
956
956
959
954
954
961
959
964
959
961
960
960
970
963
974
982
989
999
1000
1009
1035
1060
1090
1125
1140
1168
1150
1149
1150
1152
1174
1178
1152
1150
1148
1160
1159
1159
1163
1165
1166
1160
1173
1166
1167
1162
1188
1216
1234
1246
1238
1247
1274
1283
1296
1303
1338
1338
1335
1339
1338
1365
1369
1359
1349
1380
1373
1378
1370
1388
1377
1404
1425
1434
1426
1443
1469
1462
1484
1498
1517
1514
1492
1496
1483
1491
1482
1490
1476
1512
1536
1529
1534
1531
1554
1546
1536
1543
1549
1542
1559
1563
1584
1576
1591
1588
1580
1590
1614
1596
1597
1592
1586
1584
1595
1600
1601
1606
1603
1602
1579
1575
1573
1568
1572
1577
1555
1550
1547
1541
1542
1540
1542
1539
1529
1532
1537
1528
1525
1524
1517
1523
1519
1523
1523
1524
1529
1523
1517
1522
1518
1514
1501
1499
1494
1479
1481
1478
1470
1467
1464
1465
1442
1426
1420
1405
1377
1372
1347
1317
1320
1301
1287
1292
1278
1295
1273
1264
1233
1236
1235
1231
1227
1213
1217
1220
1219
1221
1217
1213
1219
1221
1219
1214
1231
1236
1234
1267
1298
1308
1325
1341
1338
1325
1338
1333
1341
1337
1344
1362
1372
1383
1368
1355
1338
1338
1359
1366
1358
1367
1357
1356
1364
1353
1355
1395
1374
1395
1395
1412
1407
1396
1406
1402
1393
1401
1400
1374
1374
1390
1384
1376
1356
1344
1366
1362
1348
1347
1362
1360
1349
1347
1322
1323
1313
1315
1293
1268
1242
1283
1287
1284
1276
1343
1342
1363
1357
1362
1405
1455
1447
1482
1478
1490
1533
1573
1602
1600
1585
1598
1638
1627
1693
1748
1808
1785
1807
1855
1871
1858
1844
1834
1853
1878
1805
1772
1763
1738
1827
1895
1881
1832
1822
1807
1817
1840
1879
1897
1913
1908
1912
1904
1908
1912
1892
1832
1796
1803
1806
1720
1703
1613
1616
1485
1490
1447
1426
1433
1448
1455
1460
1383
1351
1350
1326
1302
1257
1250
1203
1236
1242
1221
1216
1174
1153
1132
1144
1152
1131
1176
1139
1186
1186
1203
1212
1212
1266
1313
1341
1337
1289
1238
1234
1275
1342
1341
1336
1306
1316
1287
1258
1237
1245
1272
1250
1240
1237
1254
1292
1284
1327
1304
1309
1338
1321
1335
1325
1310
1207
