close
18.0
18.001
18.501
18.0
18.501
19.2
18.0
18.0
18.5
20.0
20.0
19.5
18.102
18.51
18.4
18.457
19.007
18.45
21.0
20.001
22.988
20.501
19.751
21.399
22.0
22.0
22.01
22.01
23.5
24.1
28.4
28.9
27.0
33.36
34.45
32.5
31.002
32.5
33.0
29.001
33.7
38.7
44.4
44.0
40.0
40.0
40.0
40.0
40.0
40.0
38.005
38.1
35.0
38.0
35.0
34.474
34.0
34.95
36.0
36.0
34.0
35.5
34.0
35.0
35.0
35.0
35.0
39.0
35.35
32.2
35.95
35.0
35.55
35.55
35.0
35.05
35.0
33.8
35.0
35.0
35.0
35.0
35.0
35.0
35.65
35.0
32.05
32.05
35.0
37.0
30.3
30.0
35.0
35.0
35.0
36.5
36.0
35.95
35.0
37.0
36.95
35.0
35.0
35.0
35.0
35.0
35.0
35.0
35.5
35.1
35.1
35.1
35.3
38.5
36.1
38.2
43.5
38.0
45.0
37.5
36.0
35.2
35.05
35.05
35.1
38.8
33.35
35.0
34.95
32.5
32.5
33.0
36.8
36.6
31.0
33.0
35.2
34.25
31.25
33.0
30.65
30.45
32.95
32.0
30.0
30.0
28.2
29.9
28.0
28.7
27.8
27.9
28.0
28.1
28.6
28.0
28.8
28.0
27.0
27.0
27.5
27.0
27.5
27.5
27.0
27.3
28.4
27.8
27.5
27.4
27.4
28.2
28.9
28.0
28.0
27.0
27.0
28.0
26.1
26.1
26.1
26.1
26.5
25.5
26.0
26.3
26.0
25.9
26.1
26.1
25.4
26.5
26.1
25.9
24.6
26.0
29.0
27.9
26.0
27.0
25.3
26.0
25.5
26.0
26.5
26.0
25.0
24.0
24.9
27.3
26.5
27.0
25.0
24.1
24.2
23.5
25.4
24.2
26.0
24.3
24.2
24.1
26.0
24.9
25.0
25.0
25.0
24.0
24.2
25.1
24.5
24.2
24.1
24.1
28.9
28.8
26.4
25.7
25.7
24.8
24.7
24.0
25.3
24.7
25.0
25.4
26.5
25.2
24.4
25.0
24.4
24.5
24.2
24.9
24.9
25.0
25.0
25.0
25.5
25.0
25.0
25.0
25.5
26.0
26.5
25.0
25.0
25.5
26.0
25.6
25.8
25.4
25.4
26.1
25.5
25.0
24.8
24.2
24.2
24.0
24.5
23.9
23.4
24.0
24.0
24.0
23.3
23.5
24.2
23.4
23.0
24.0
24.4
23.8
23.5
23.0
22.0
22.8
22.8
22.9
22.8
22.5
22.8
23.0
23.0
23.5
22.2
23.0
23.2
21.8
22.8
23.8
22.9
23.9
22.9
24.2
24.0
24.0
24.5
24.8
25.0
25.3
25.8
26.2
25.8
26.1
26.0
26.0
26.3
26.5
26.2
28.8
29.0
28.0
28.4
28.0
27.0
27.6
26.0
26.8
26.8
27.0
26.1
26.5
25.6
25.8
25.5
26.4
26.5
25.5
24.9
23.6
26.6
26.5
26.8
25.6
26.9
26.6
27.0
27.3
27.0
26.9
27.0
25.6
25.1
25.9
25.9
25.7
25.1
25.0
25.2
25.5
24.8
25.7
27.3
28.7
29.1
29.7
30.0
29.9
29.9
30.4
30.9
31.4
31.4
33.2
33.1
33.8
33.7
30.9
31.4
31.6
30.7
31.1
32.1
31.7
29.0
30.1
29.6
30.8
28.0
29.0
28.9
28.5
28.5
29.8
29.1
28.7
28.2
28.1
28.8
28.2
28.0
28.0
28.1
28.0
27.6
27.0
26.7
25.3
25.0
24.6
24.0
24.5
26.5
26.5
25.5
25.0
26.5
26.9
27.0
28.5
28.0
27.9
28.6
28.5
28.0
29.0
29.9
28.9
28.5
28.4
27.5
28.3
27.0
28.0
27.4
27.4
24.2
23.5
22.5
22.3
24.0
24.4
22.5
22.0
22.0
21.5
23.0
21.1
22.0
21.6
22.5
22.0
21.7
21.8
22.2
23.4
23.0
22.1
22.5
23.4
23.0
23.5
23.1
23.0
22.9
22.4
22.1
23.0
23.5
23.0
22.9
23.0
23.0
23.0
23.1
22.7
23.5
23.8
23.3
24.0
26.2
28.0
27.9
27.9
27.5
27.9
27.9
26.2
27.0
25.5
25.0
25.0
23.7
23.0
23.6
25.3
26.0
24.0
23.8
23.7
23.3
23.5
23.8
23.6
24.2
24.5
24.3
24.5
25.0
26.0
23.5
25.9
26.0
26.0
25.0
26.0
26.5
26.7
25.0
23.5
24.5
24.2
24.9
24.9
24.6
24.7
24.8
24.5
24.3
24.6
24.2
24.3
23.9
22.5
23.5
22.1
22.2
22.2
22.0
21.7
21.5
21.8
21.8
22.5
21.8
21.8
21.9
21.8
22.0
22.0
22.0
21.7
21.8
21.5
21.4
21.5
21.3
21.0
21.3
21.4
21.0
20.6
20.7
19.4
19.6
20.0
19.2
19.4
19.1
19.4
19.2
18.9
19.3
19.5
19.7
19.2
19.5
19.5
19.5
19.0
19.0
19.6
19.0
19.3
19.4
19.9
19.1
17.7
16.6
16.6
18.2
18.0
17.3
17.2
17.1
17.1
17.4
17.4
17.2
16.9
17.1
17.2
17.5
17.3
17.2
17.1
17.1
17.3
17.0
17.0
17.4
17.9
19.1
19.1
19.1
20.4
20.0
19.0
20.5
20.0
19.0
19.5
18.7
19.0
18.9
19.1
19.2
19.1
19.2
19.2
18.9
18.5
17.7
18.1
18.1
18.3
18.6
18.1
18.0
18.0
17.0
17.0
16.8
16.9
16.9
16.8
16.9
17.9
17.5
18.2
17.8
16.9
16.9
17.25
17.15
17.3
17.65
17.5
18.0
17.45
17.35
17.2
17.25
17.5
17.25
16.35
16.9
16.9
16.5
16.85
16.8
17.0
17.05
17.1
16.75
16.7
16.4
16.95
16.65
16.6
16.75
16.55
16.65
17.15
16.8
17.0
17.0
17.2
17.9
17.45
17.8
17.45
17.15
17.6
20.55
18.05
18.35
18.25
18.05
18.0
17.8
17.8
18.0
17.9
18.3
18.45
18.25
17.95
18.0
18.1
18.0
18.0
17.3
17.4
16.9
19.05
18.2
18.35
18.15
17.95
17.8
17.75
17.55
17.9
17.8
17.8
17.8
17.5
17.6
18.0
18.2
17.8
17.8
18.2
18.2
18.0
17.8
18.3
18.0
17.9
17.9
17.8
18.0
18.0
17.85
18.2
18.25
17.75
18.05
18.0
18.3
17.8
17.8
17.7
17.6
17.3
17.0
17.1
17.0
17.55
17.55
17.05
17.0
17.0
17.25
16.95
17.0
16.7
16.4
16.35
17.45
16.7
17.15
16.65
17.1
16.65
16.75
16.7
16.7
16.45
16.5
17.25
17.2
17.2
17.05
17.0
17.15
17.1
17.5
17.3
16.85
17.0
17.15
17.15
17.15
17.35
17.25
17.25
16.85
16.7
17.95
17.3
17.5
17.15
17.45
17.7
17.15
17.15
17.0
17.0
17.0
17.0
17.25
17.55
17.0
17.2
17.4
16.9
16.9
16.9
16.75
16.85
16.75
16.55
16.85
16.5
16.55
16.45
16.5
16.5
16.45
16.45
16.35
16.3
16.45
16.5
16.45
16.15
15.95
16.0
16.05
16.0
16.0
16.7
16.3
16.0
16.35
16.3
16.2
16.1
15.55
16.05
15.95
15.9
15.95
16.05
16.0
15.95
15.8
16.0
15.7
15.9
15.95
16.0
15.6
15.75
15.85
15.8
15.7
15.75
16.0
16.85
16.8
16.95
16.15
16.1
16.0
15.95
15.85
15.7
15.7
15.9
15.7
15.85
15.85
15.9
15.9
15.95
15.7
15.85
16.0
15.95
16.1
16.4
16.2
16.15
16.0
16.0
16.15
16.0
16.2
15.9
15.9
16.0
15.75
16.0
16.25
16.1
16.2
16.1
16.0
16.0
15.95
16.0
16.0
16.05
16.1
16.7
16.95
16.8
17.0
16.9
17.2
17.7
17.5
17.4
18.6
18.8
18.85
18.05
17.85
17.65
17.35
17.15
18.4
18.35
18.3
19.6
20.05
19.6
27.4
27.0
25.4
24.35
23.65
24.95
25.1
24.3
23.65
24.25
24.5
24.75
24.5
23.9
23.4
22.8
22.45
22.75
22.65
22.4
21.0
19.6
19.9
16.7
17.8
16.5
16.0
15.0
16.0
15.55
16.0
16.2
15.9
16.05
15.45
15.4
15.75
15.4
15.7
16.15
16.55
16.65
16.4
18.1
17.7
17.2
17.95
16.9
16.8
16.95
17.25
16.8
17.5
18.15
17.85
17.65
17.8
17.95
18.35
18.25
18.15
18.4
18.4
18.5
18.5
18.0
18.15
18.25
18.1
18.05
18.05
18.0
18.1
18.65
19.7
20.1
19.6
20.6
19.4
19.55
19.9
19.0
19.0
18.8
18.9
18.55
18.7
18.55
18.85
18.65
18.6
18.6
18.45
18.7
18.35
18.3
18.8
18.5
18.85
19.0
18.8
18.85
18.95
19.1
18.75
18.9
18.6
18.55
18.7
18.6
18.65
18.3
18.5
18.6
18.65
18.65
18.6
18.9
18.75
18.8
19.05
18.95
18.85
18.8
18.5
18.8
19.1
19.0
19.15
19.15
19.75
19.3
19.45
19.15
19.15
18.85
18.75
19.2
18.95
19.0
18.7
18.75
18.9
18.65
18.2
18.25
18.2
18.5
18.5
18.6
18.5
18.4
18.6
18.35
18.35
18.4
18.2
18.1
18.0
18.1
18.3
18.05
18.2
18.05
18.0
18.1
18.3
18.3
18.05
18.0
17.85
17.6
18.0
18.0
17.85
17.95
18.0
17.75
17.4
17.15
17.2
17.2
17.15
16.95
17.3
17.4
17.5
17.9
17.8
17.55
17.8
17.75
17.9
17.9
17.7
17.9
18.65
18.2
18.3
18.4
18.5
18.25
18.5
18.45
18.65
18.45
18.45
18.35
19.3
19.1
18.6
18.85
18.4
18.4
18.55
18.35
18.45
18.35
17.9
18.05
18.0
18.25
18.45
18.35
18.45
18.65
18.55
18.9
18.55
18.8
18.35
18.5
18.75
19.0
18.75
22.2
22.4
22.6
22.95
21.9
24.0
25.3
24.7
23.7
22.7
21.8
21.95
21.3
22.1
21.9
22.4
21.8
21.5
21.3
21.5
21.0
20.75
19.6
20.0
20.4
20.05
19.9
19.3
19.0
19.1
19.15
18.95
20.05
20.0
19.5
19.4
19.8
19.55
19.4
19.5
19.9
18.95
19.0
18.9
18.8
18.8
19.05
18.8
18.9
18.85
18.9
19.1
19.05
18.9
19.0
18.9
18.8
18.9
19.1
19.0
19.0
18.85
18.85
18.75
18.7
18.9
18.9
18.8
18.65
18.85
18.65
18.7
18.7
18.75
18.8
18.8
18.75
18.55
18.65
18.7
18.6
18.65
19.1
18.8
18.8
18.8
18.7
18.6
18.6
18.6
18.6
18.75
18.75
18.7
18.7
19.0
18.8
18.7
18.6
18.7
18.8
18.8
18.6
19.05
18.8
19.0
19.0
18.85
18.75
19.0
19.1
19.0
19.0
18.7
18.8
18.7
18.8
18.65
19.0
19.1
19.0
18.8
18.95
18.8
18.7
18.55
18.65
18.6
18.6
18.6
18.5
18.75
18.75
18.8
18.8
19.1
20.25
19.8
19.6
19.25
19.55
19.8
19.65
19.3
19.85
19.65
19.5
19.65
19.65
19.65
19.75
19.6
20.2
19.95
20.45
19.9
20.15
19.8
20.7
20.9
20.5
20.85
21.1
21.0
21.3
21.15
21.25
21.85
22.1
21.15
20.6
21.0
21.1
21.05
22.95
22.4
22.85
23.95
24.75
24.0
23.4
23.05
23.7
23.4
22.9
22.45
22.35
22.45
22.4
22.65
22.55
22.8
22.65
23.05
22.55
22.0
21.25
20.95
21.0
20.85
20.55
20.75
20.65
20.95
20.0
20.0
20.0
19.65
19.95
19.7
20.6
21.55
21.05
21.0
20.8
20.3
21.05
20.85
20.75
20.0
20.3
20.2
20.55
20.35
20.45
19.9
20.2
20.25
20.1
20.15
19.8
19.95
20.05
19.7
19.4
19.7
19.75
19.85
19.75
19.8
20.25
20.6
21.0
20.6
21.1
21.2
21.0
21.1
21.2
21.25
21.25
21.3
20.95
21.75
20.6
21.0
20.45
20.75
19.85
19.8
20.45
20.45
21.25
21.5
21.65
21.3
21.35
21.55
20.0
20.0
20.0
20.0
19.8
20.2
20.0
19.95
19.75
19.65
18.2
18.5
12.7
15.85
13.85
14.9
15.45
17.35
18.1
18.05
16.9
17.0
16.85
17.0
16.9
16.2
14.95
13.5
14.7
14.7
14.1
13.95
14.35
14.65
14.45
14.15
14.0
13.9
14.0
13.95
14.15
13.8
14.15
14.45
14.1
13.95
14.0
14.0
13.9
13.85
13.95
13.9
13.8
13.8
14.1
13.95
13.9
14.7
14.8
15.0
14.55
14.15
14.05
13.85
13.9
14.05
13.85
13.9
14.05
14.5
14.1
14.0
14.0
14.15
14.05
14.25
14.25
14.1
