close
17.652
19.827
19.091
18.94
18.99
18.3
19.8
19.0
18.501
18.45
17.701
19.8
18.1
19.888
19.0
19.999
20.0
20.5
19.107
19.556
21.0
20.01
20.5
20.501
21.297
22.5
22.5
21.999
20.501
22.569
25.0
24.05
23.113
25.0
29.17
27.35
28.0
26.499
27.119
31.0
31.0
32.5
32.94
32.8
31.202
32.251
38.5
40.997
38.501
42.0
40.5
40.0
40.0
40.0
38.5
38.502
38.501
38.0
32.3
37.501
36.0
35.75
34.997
34.001
33.05
35.5
34.5
35.0
33.15
35.0
35.0
35.0
35.0
35.0
35.0
35.2
35.0
36.3
35.0
35.0
35.0
35.0
35.0
35.0
35.0
35.0
35.0
35.0
35.0
35.0
35.05
35.5
35.0
35.5
35.0
35.0
35.0
35.0
35.0
35.0
30.85
30.0
35.0
35.0
35.0
35.0
32.5
40.95
35.0
35.0
35.0
37.85
35.0
35.0
35.0
35.0
35.5
35.0
35.15
35.0
35.0
36.0
35.0
35.2
35.0
35.0
36.6
36.0
35.0
36.0
36.0
38.0
37.95
35.5
36.9
35.5
35.0
35.5
35.0
37.9
35.1
35.0
34.0
32.5
34.9
32.5
34.85
31.0
30.0
30.0
29.7
30.0
30.0
29.0
30.0
31.0
29.95
31.0
30.9
30.6
31.0
29.0
27.8
27.9
27.7
27.0
29.8
29.8
26.6
29.3
29.5
26.7
26.0
27.0
25.3
26.6
26.5
26.6
28.8
27.9
27.0
27.4
27.5
27.3
27.4
27.2
27.0
26.9
29.0
29.0
25.7
30.0
27.0
27.0
25.0
24.4
25.1
25.1
25.4
25.0
25.0
24.0
25.0
24.0
24.4
25.3
23.9
23.3
23.3
23.5
23.0
22.9
23.0
23.2
23.5
22.2
22.1
21.9
22.6
22.0
22.5
22.5
24.5
23.4
22.7
22.9
22.3
22.7
23.4
23.1
24.4
25.2
25.2
25.4
25.4
25.0
25.0
25.2
25.2
24.1
24.9
25.2
25.0
24.9
24.9
24.0
24.9
24.7
24.7
24.6
24.9
24.5
23.3
24.3
23.9
24.0
24.2
24.0
23.5
24.0
24.0
24.2
25.3
24.0
23.4
24.0
23.4
23.5
23.7
23.1
23.2
23.1
23.1
23.0
23.0
23.3
24.4
24.4
23.8
24.3
23.1
22.8
22.8
23.8
22.0
22.7
23.5
22.4
22.1
22.8
23.5
24.0
23.4
23.1
23.0
23.0
22.1
24.2
23.4
23.3
22.7
23.4
23.5
23.0
23.4
23.0
23.0
23.0
22.9
22.9
22.5
22.3
22.5
22.0
22.0
22.0
22.0
22.0
22.0
22.0
22.0
21.2
21.0
21.0
21.0
21.2
20.4
20.0
19.5
19.5
20.2
19.5
19.9
19.8
20.0
21.3
19.7
20.0
20.3
19.9
20.3
20.2
19.5
19.5
19.5
19.1
19.0
20.0
20.5
20.5
20.3
20.5
19.6
20.0
19.9
19.5
19.3
19.5
20.0
19.3
19.6
19.5
19.6
19.8
19.5
20.0
19.0
19.1
19.4
19.6
19.6
19.5
18.9
19.1
19.1
19.1
18.6
18.8
18.9
18.7
19.1
19.2
19.0
18.9
18.9
19.0
18.8
18.8
18.7
19.0
18.8
18.8
19.2
19.2
19.3
19.2
22.3
22.5
22.0
22.4
21.8
21.5
22.0
22.5
22.5
19.5
19.0
19.3
19.0
19.0
19.2
19.1
19.0
19.0
18.7
18.8
18.7
18.7
18.7
18.0
18.5
18.3
18.1
18.9
18.5
18.1
17.9
17.7
18.0
18.0
17.8
18.0
18.0
17.7
17.0
17.0
17.0
17.0
17.3
17.0
17.0
16.4
16.0
16.1
16.4
16.5
16.9
17.2
17.2
17.0
17.2
17.1
16.7
17.0
16.9
16.8
16.7
16.5
16.5
16.6
16.5
16.9
17.1
17.0
17.3
17.2
17.6
17.4
17.5
17.2
18.2
18.3
18.4
17.9
17.6
18.0
18.0
18.0
17.7
17.6
18.0
17.6
18.3
17.8
18.2
18.0
18.2
18.4
17.5
17.7
18.0
18.0
18.0
17.7
17.5
17.7
17.5
17.5
17.5
17.0
17.2
17.3
17.6
17.3
16.5
16.4
16.6
17.0
16.8
17.1
16.8
16.5
16.5
17.0
16.8
16.8
16.8
17.0
16.4
16.0
16.2
16.7
16.4
15.9
16.1
16.0
16.1
16.1
16.2
16.1
16.1
16.1
16.2
16.4
16.4
15.9
15.8
15.9
16.0
15.9
15.7
15.9
15.8
15.8
15.8
15.2
15.3
15.5
15.6
15.2
15.6
15.0
14.9
14.7
15.0
14.9
14.5
14.2
14.4
14.2
14.5
14.1
14.2
13.9
14.0
14.4
14.1
13.8
13.8
13.8
13.6
13.8
13.7
13.7
13.7
13.5
14.0
14.2
14.0
14.6
14.7
14.2
14.1
14.0
13.9
14.0
14.2
13.9
14.2
14.0
13.7
13.8
13.8
13.7
13.7
13.8
13.7
13.8
13.8
14.5
14.2
14.2
14.1
13.9
14.2
14.1
14.2
14.5
14.4
14.5
14.5
14.3
14.4
14.2
14.0
14.3
14.5
14.4
14.0
14.0
14.6
15.1
16.0
15.4
15.7
15.4
15.4
16.8
16.0
15.6
15.3
15.0
15.4
15.5
15.3
15.6
16.8
16.0
16.5
16.4
16.6
15.5
15.8
16.4
15.8
15.6
15.4
14.4
14.6
14.6
14.7
15.1
15.0
14.9
15.0
15.0
14.8
14.8
14.8
14.6
14.5
14.5
14.4
14.3
14.5
14.2
14.5
14.9
14.5
15.9
14.8
15.0
14.7
15.1
15.6
15.6
15.0
15.3
15.0
15.0
14.9
15.0
15.2
15.0
14.6
15.0
14.5
14.9
14.8
14.1
14.1
14.0
14.5
15.6
14.7
14.6
14.4
14.0
14.2
14.3
14.2
14.2
14.0
14.4
14.0
14.4
14.3
14.4
14.5
14.0
14.3
14.3
14.0
13.4
13.6
13.8
13.4
13.7
13.3
14.5
14.5
14.8
14.5
14.1
13.8
13.9
14.0
13.5
15.0
14.5
13.6
13.8
13.8
13.3
13.8
13.1
13.0
13.2
14.0
14.0
14.0
13.1
14.0
13.4
13.3
13.4
13.3
13.8
13.4
14.0
14.2
13.8
13.0
13.0
13.6
13.3
13.5
13.0
13.1
13.1
13.5
13.5
13.6
13.3
13.2
13.0
13.0
13.0
13.7
13.4
13.8
14.5
15.1
15.3
15.4
15.4
16.5
16.0
15.8
15.6
15.5
14.9
14.1
13.8
14.1
13.7
14.1
13.7
13.2
13.4
13.5
13.2
13.1
13.1
13.4
13.2
13.6
13.7
13.1
13.2
13.0
13.0
13.0
13.0
13.2
12.6
12.5
12.6
12.6
12.9
13.35
13.4
13.2
13.6
13.35
13.25
12.9
13.3
13.3
13.45
13.4
13.2
13.05
13.25
12.95
12.65
12.75
12.95
12.7
12.65
12.9
12.65
12.7
12.45
12.55
13.0
12.3
12.3
12.2
12.0
12.0
12.3
12.3
12.3
12.5
12.3
12.25
12.3
15.95
14.05
14.0
13.7
13.75
13.45
13.4
13.4
13.4
14.05
14.35
14.1
14.05
14.7
14.95
15.3
15.0
14.6
13.85
14.15
15.0
14.7
14.5
14.5
14.5
14.6
14.25
14.45
14.2
14.2
14.0
14.5
14.25
14.25
14.2
14.1
14.6
14.6
14.65
14.6
14.45
14.9
14.5
14.2
14.45
14.45
14.0
14.25
14.5
14.45
14.9
14.7
14.7
14.3
14.4
14.5
14.5
14.4
14.2
14.64
14.6
13.98
14.1
14.28
14.0
14.0
13.84
13.96
13.74
13.78
14.04
13.98
13.92
14.14
14.04
13.5
13.84
13.52
13.5
13.68
13.68
13.66
13.56
13.58
13.84
13.5
13.28
13.08
13.32
13.08
13.3
13.5
13.46
13.66
13.6
13.54
13.64
13.78
14.02
13.72
13.6
13.5
13.76
13.7
13.58
13.76
13.64
13.8
13.48
13.32
13.26
13.46
13.14
13.28
13.18
13.02
13.24
13.2
13.0
13.0
13.0
12.38
12.0
11.98
11.94
12.1
11.76
12.0
12.0
12.2
12.24
12.14
12.4
12.16
12.0
12.2
12.0
12.2
12.08
12.14
12.14
11.92
11.86
11.98
11.96
11.96
12.0
11.82
11.76
11.72
11.94
11.7
11.58
11.56
11.56
11.74
11.7
11.6
11.66
11.64
11.6
12.96
13.1
12.54
11.94
12.32
12.5
12.42
12.4
12.0
12.0
11.9
12.0
12.04
12.04
12.42
12.26
12.14
12.16
12.34
12.34
12.36
12.46
12.5
12.52
12.42
12.4
12.3
12.3
12.3
12.14
12.2
12.22
12.12
11.92
12.16
12.02
12.16
12.1
11.96
12.2
11.96
12.14
11.92
11.98
11.96
11.86
11.9
11.9
12.1
12.28
12.3
12.44
12.54
12.82
12.32
12.5
12.5
13.34
13.34
13.22
12.98
12.92
12.84
13.02
13.02
13.4
13.4
13.48
13.2
13.9
14.1
19.12
16.4
15.54
15.54
14.82
15.84
16.22
15.22
15.0
15.4
15.32
15.14
14.82
14.58
14.12
12.58
13.24
14.5
14.0
13.9
13.14
12.6
12.8
11.0
11.5
11.5
11.32
10.96
11.5
12.32
12.22
12.84
12.8
12.56
12.44
12.58
12.7
12.7
12.58
12.9
13.38
13.66
14.18
14.28
14.58
14.44
14.12
13.64
13.6
13.68
13.64
13.16
13.52
14.0
14.2
14.0
13.74
13.7
13.72
13.86
14.0
13.92
14.0
14.24
14.1
13.9
13.74
13.52
13.66
13.66
14.48
14.04
14.12
14.14
14.8
14.8
14.52
14.76
14.58
14.72
15.0
14.78
15.3
15.2
14.64
14.48
14.6
14.3
14.44
14.3
14.3
14.4
14.3
14.28
14.1
13.94
14.0
13.86
14.06
14.3
14.3
14.2
14.2
14.3
14.14
13.94
13.6
13.5
13.72
13.92
13.82
14.0
14.0
14.36
13.9
14.2
14.06
14.5
14.44
14.34
14.5
14.18
14.22
14.5
14.68
14.5
14.98
14.5
14.46
14.54
14.62
14.4
14.6
14.32
14.3
14.3
14.14
14.38
14.68
14.56
14.34
14.46
14.2
14.24
14.36
14.46
14.2
14.2
14.1
14.16
14.2
14.22
14.16
14.04
14.26
14.06
14.3
14.14
14.0
14.22
14.1
14.1
13.96
14.16
14.12
13.96
13.86
13.88
13.88
13.66
13.94
13.64
13.62
13.9
13.7
13.8
13.8
13.8
13.98
13.98
13.6
13.34
12.78
12.82
13.0
12.96
13.3
13.5
13.4
13.3
13.7
13.42
13.46
13.46
13.7
13.5
13.52
13.46
13.56
13.58
13.72
13.62
13.56
13.82
13.74
13.72
13.92
13.94
14.0
14.0
14.2
14.0
13.66
13.82
13.7
13.94
13.72
13.86
13.84
13.68
13.68
13.82
13.8
13.78
13.6
13.62
13.7
13.88
14.14
14.14
14.02
14.08
14.14
14.74
14.98
16.06
16.0
15.2
16.9
16.1
16.32
16.5
15.88
15.98
16.02
16.0
15.9
15.38
15.0
14.56
14.84
14.94
15.0
14.82
14.86
14.94
14.7
14.5
14.28
14.3
14.12
14.3
14.34
14.36
14.46
14.06
14.0
14.0
14.1
14.08
14.5
14.2
14.16
14.08
14.0
14.0
14.06
13.98
13.98
14.0
14.0
13.96
14.04
14.0
13.98
13.98
14.0
13.98
14.1
14.16
14.16
14.04
14.06
14.02
14.06
14.0
13.96
14.02
14.1
14.04
14.16
13.92
13.92
14.0
14.02
13.88
13.92
13.88
13.96
13.72
13.74
13.7
13.68
13.62
13.6
13.3
13.52
13.32
13.5
13.5
13.96
13.94
14.0
13.88
13.8
13.9
13.7
13.82
13.7
13.92
13.86
13.8
13.8
13.86
14.04
13.88
13.84
13.78
13.76
13.82
13.9
13.96
13.96
13.88
13.9
13.9
13.94
13.82
13.82
13.8
13.78
13.92
13.92
13.72
13.78
13.96
13.9
13.8
13.66
13.8
13.74
13.72
13.46
13.46
13.46
13.6
13.74
13.72
13.58
13.72
13.7
13.84
13.76
13.7
13.56
13.64
13.82
13.74
13.82
13.72
13.8
13.9
13.7
13.6
13.64
13.64
13.72
13.72
13.66
13.82
13.78
13.84
13.8
13.68
13.72
13.92
13.9
13.76
14.1
13.9
14.14
14.32
14.68
15.24
15.36
16.58
15.64
16.46
17.38
17.18
22.52
19.98
22.1
23.7
21.72
20.64
21.26
22.0
21.8
21.28
20.66
20.46
20.0
19.7
19.66
19.6
19.14
19.84
19.74
19.5
18.18
18.24
17.92
18.1
17.98
17.74
17.44
17.2
17.7
17.46
17.06
17.1
17.0
16.68
16.68
16.02
16.2
17.98
17.76
17.6
17.26
16.4
16.16
16.26
16.8
16.04
16.6
17.08
16.12
15.9
15.88
15.86
16.02
16.02
16.1
16.02
15.5
15.28
15.22
15.8
15.46
15.3
15.26
15.1
15.0
15.06
15.58
15.56
15.62
15.54
16.12
16.74
16.5
16.58
16.3
16.06
16.54
16.0
15.9
16.66
15.04
15.08
15.84
15.46
14.3
14.6
15.14
15.3
15.38
15.62
15.46
15.52
15.52
15.9
15.54
15.36
15.36
15.46
15.44
15.3
15.58
15.7
15.4
15.14
14.06
14.1
8.68
11.94
11.96
12.88
13.68
13.8
13.98
14.0
13.2
13.7
13.2
13.2
13.1
12.6
11.84
10.48
10.5
10.2
10.44
10.32
10.8
10.64
10.24
10.24
10.28
10.02
10.36
10.3
10.5
10.2
10.3
10.24
10.18
10.12
10.14
10.24
10.1
10.0
10.02
9.96
10.02
10.0
10.04
10.08
9.94
10.5
10.24
10.26
10.3
10.12
10.24
10.0
9.96
9.86
9.94
10.0
10.1
10.28
10.02
10.0
10.1
10.04
10.2
10.1
10.06
9.96
