close
54.0
54.0
54.59
55.0
50.0
49.0
51.0
50.998
45.0
50.998
43.0
40.1
49.7
50.0
49.9
50.0
49.0
49.9
49.9
50.0
50.0
51.0
50.0
52.0
53.4
49.0
50.0
50.0
52.5
48.0
49.9
52.9
56.0
58.5
64.0
57.0
52.0
52.3
56.0
56.0
52.0
51.2
51.9
53.0
53.0
52.9
53.0
52.9
50.0
53.0
53.0
53.0
43.8
50.0
50.0
50.0
48.0
48.0
48.0
54.0
50.0
50.0
53.0
54.0
55.0
54.6
55.2
52.0
53.3
53.2
54.0
54.9
52.0
54.8
64.0
61.0
58.0
53.0
56.0
59.0
59.0
53.1
60.0
54.0
55.0
59.0
58.0
58.0
57.9
58.1
57.9
58.0
58.0
57.0
56.2
56.0
56.0
56.0
56.0
58.0
57.0
57.1
59.9
59.7
58.7
58.1
58.9
59.8
60.0
58.9
59.0
59.1
59.8
59.0
58.5
59.3
59.4
62.7
62.8
61.0
61.0
62.0
62.0
62.0
67.0
62.7
61.0
61.0
59.6
60.0
60.0
59.9
61.4
62.3
64.1
64.0
67.7
68.9
67.5
67.0
67.0
66.4
68.1
66.0
66.3
67.4
70.8
69.1
70.6
72.0
70.0
69.7
70.2
71.0
70.0
70.7
70.0
68.0
65.0
65.5
66.5
67.7
66.7
67.7
67.7
67.7
69.3
68.8
67.8
67.2
68.4
67.5
69.1
67.7
69.3
67.7
68.6
69.9
68.0
69.3
69.8
68.5
70.1
70.0
70.1
70.1
70.1
69.9
70.6
70.7
68.6
68.6
69.1
73.5
71.5
73.1
74.5
75.7
78.0
78.3
80.0
80.3
80.8
79.2
75.4
79.6
80.0
77.8
78.4
71.0
76.4
78.3
79.8
82.1
79.9
80.4
90.0
89.3
89.1
89.3
92.0
89.7
91.5
91.4
85.0
92.2
91.7
93.0
92.8
92.8
92.8
90.2
86.4
86.5
86.4
86.3
86.0
86.3
86.0
86.3
85.9
86.0
85.9
85.4
85.0
84.0
84.1
84.0
83.6
84.0
83.3
83.3
83.0
79.7
80.5
80.6
80.7
80.7
80.7
78.2
80.7
80.5
80.5
80.2
80.3
81.5
79.7
80.2
80.2
80.0
79.0
78.0
77.0
76.2
77.0
76.0
76.8
76.8
79.6
80.8
79.1
81.0
83.1
84.6
84.0
82.5
82.0
84.3
81.0
82.4
82.2
85.5
85.5
85.0
85.8
86.0
85.1
86.8
85.2
85.4
86.8
88.7
85.7
87.4
86.1
88.7
85.5
87.1
88.0
88.0
85.5
85.8
84.0
83.5
85.4
85.0
85.0
85.1
87.0
86.0
85.0
86.8
86.8
84.8
86.0
86.4
85.8
85.0
85.0
86.0
85.0
85.0
85.0
85.0
84.0
85.6
85.0
82.9
82.8
82.8
82.0
81.6
84.2
82.8
81.7
82.8
82.8
82.1
82.8
81.7
81.1
82.4
82.8
83.5
77.2
84.0
81.5
82.8
80.5
81.8
83.4
82.8
82.7
82.0
82.0
80.0
80.0
80.1
82.0
80.0
79.1
80.0
80.0
81.9
80.0
80.0
80.0
83.6
81.7
83.4
79.9
83.4
84.0
84.0
80.5
80.2
80.3
79.0
80.0
81.8
82.3
82.3
82.3
81.3
83.8
83.5
83.8
82.0
82.5
84.4
84.9
83.6
85.0
85.5
85.0
85.0
85.5
85.1
85.8
86.0
84.8
87.0
88.9
85.0
88.0
85.2
85.0
84.8
84.8
84.8
84.6
85.0
85.0
85.0
85.0
85.0
84.8
84.0
84.8
85.3
85.0
85.0
83.5
81.0
82.8
84.6
82.6
83.7
83.8
82.7
82.8
85.1
85.0
83.2
84.3
85.0
85.0
84.9
85.8
84.7
84.5
85.0
85.0
83.7
82.7
83.3
83.9
84.5
84.9
81.7
83.8
84.4
83.3
85.0
82.4
80.0
82.4
83.4
82.2
80.0
83.0
83.4
82.0
83.4
82.7
83.1
84.0
82.8
84.0
84.8
83.6
84.7
83.0
83.0
82.3
83.2
85.2
85.4
85.7
86.0
86.0
86.0
85.7
86.7
84.4
86.5
84.2
84.2
84.2
87.4
84.3
85.0
86.0
86.3
86.6
87.0
88.0
87.0
85.4
86.0
84.3
83.6
86.0
85.0
85.0
87.0
86.0
86.7
86.0
85.5
86.0
86.5
84.5
85.0
87.5
88.5
89.5
88.0
89.0
86.0
86.0
88.0
88.5
90.0
88.0
89.5
90.0
91.0
91.5
92.0
89.0
91.0
91.0
92.5
89.5
90.5
94.0
98.5
100.0
97.0
98.5
97.5
98.5
98.5
97.0
98.0
97.0
100.0
101.0
98.5
99.5
101.0
99.0
138.5
117.0
110.0
118.0
111.0
112.0
105.5
110.0
107.0
104.0
104.0
103.0
103.5
102.5
102.0
98.0
98.0
100.0
101.5
101.0
109.5
106.5
110.0
108.5
111.5
111.5
113.0
109.5
110.5
111.5
110.0
112.0
113.0
110.5
110.5
111.0
109.0
109.4
110.0
108.6
107.2
109.2
109.6
108.2
108.0
111.6
114.0
116.0
113.0
109.8
110.8
109.0
109.2
110.0
110.0
109.8
110.6
108.8
109.2
110.6
110.4
111.6
111.8
114.2
114.4
116.4
116.8
115.4
114.0
113.0
113.2
113.0
113.8
120.0
118.6
124.4
122.6
123.6
135.2
128.8
130.8
133.2
138.8
140.4
139.6
138.8
135.0
134.0
135.0
133.8
131.6
134.0
133.8
132.8
130.0
132.4
136.6
135.2
133.4
132.6
129.2
130.4
129.0
130.4
128.4
130.8
128.0
128.0
130.2
124.8
124.4
123.4
124.8
123.2
123.2
130.4
130.8
130.0
130.0
129.2
131.0
131.0
132.6
132.4
133.4
133.6
133.4
137.6
136.8
137.4
138.8
140.0
142.8
145.6
144.8
147.4
141.2
141.6
143.0
144.2
142.6
140.8
138.0
140.8
143.4
148.0
141.6
143.6
145.6
147.6
149.0
150.0
148.2
149.0
150.6
167.0
198.0
182.2
164.0
159.4
168.8
171.4
175.0
168.4
171.4
164.8
157.4
152.8
155.6
156.0
158.0
162.0
162.0
161.4
160.8
160.4
157.2
157.0
159.0
158.0
156.0
161.2
159.8
160.0
158.2
157.0
158.4
158.8
159.6
162.0
163.6
164.0
156.8
158.0
155.0
154.0
154.8
154.6
154.8
154.0
154.0
151.4
156.0
155.0
153.2
155.2
151.4
154.0
149.4
148.8
147.0
149.4
149.0
150.0
146.6
149.0
146.4
152.6
148.2
150.0
155.0
152.0
148.8
147.0
148.0
147.8
147.8
148.0
147.8
146.8
146.0
144.2
146.0
146.0
148.0
148.0
146.6
149.6
148.2
147.0
148.8
149.6
147.8
147.0
149.4
147.8
145.0
144.8
142.0
142.0
140.4
149.8
149.6
154.8
154.6
151.0
150.6
148.4
149.4
148.4
152.6
148.4
150.4
155.0
151.4
152.0
156.4
160.6
168.2
169.8
163.8
165.0
165.2
170.4
171.8
170.0
165.6
166.6
168.0
167.4
167.0
166.2
168.8
169.6
174.8
174.6
174.8
171.6
172.4
172.6
173.8
174.2
174.0
174.6
174.8
176.0
175.0
174.4
171.0
173.8
161.4
158.6
164.4
159.8
163.8
162.0
159.0
167.4
167.4
153.8
153.8
135.4
130.6
135.8
134.0
140.0
143.0
154.6
144.0
145.2
147.8
144.4
145.6
147.6
148.8
150.0
149.8
153.0
153.6
150.6
150.0
148.6
147.6
148.6
148.4
147.2
142.2
136.6
138.6
141.8
139.8
138.0
136.0
139.8
141.0
141.2
141.4
141.0
140.6
139.8
140.4
139.0
137.0
136.8
138.0
139.0
139.6
139.0
139.0
138.8
139.0
140.2
140.8
140.6
141.6
142.6
149.4
147.8
147.8
147.0
146.4
148.4
147.6
146.4
144.0
142.2
144.0
144.0
143.6
143.0
143.4
142.4
147.2
147.6
145.0
148.0
148.0
151.0
152.8
150.2
152.8
147.4
144.0
147.2
147.8
147.2
148.6
148.0
146.6
149.4
148.8
147.6
147.4
148.4
147.6
148.2
148.6
149.0
148.8
149.0
149.4
147.0
149.0
149.0
149.0
147.0
149.4
148.0
147.0
146.4
146.6
147.0
148.0
148.4
149.0
146.6
146.8
147.6
148.0
149.2
147.8
149.0
148.8
149.8
148.4
148.6
148.4
150.8
153.4
152.0
150.0
152.8
150.0
150.6
151.0
150.4
150.8
151.4
153.2
152.8
153.8
153.6
154.0
152.2
150.4
152.2
151.0
152.4
151.6
150.8
149.4
149.2
149.4
150.0
148.8
149.8
148.2
144.2
146.4
146.4
145.0
149.0
149.0
147.8
149.0
148.8
148.8
148.8
148.8
149.0
149.8
150.0
150.0
150.0
150.8
149.8
149.0
150.6
151.0
150.0
150.0
150.2
150.0
150.8
151.0
151.0
150.8
150.8
150.8
151.0
149.2
148.2
150.4
150.8
148.4
149.0
149.4
150.0
150.0
149.8
151.0
151.8
151.2
153.0
152.8
153.0
153.8
153.0
162.0
171.0
165.2
169.0
166.8
161.4
162.4
159.8
160.2
160.6
157.2
157.8
157.8
159.2
160.6
161.0
166.0
166.4
167.8
164.6
163.6
164.2
161.4
166.0
165.4
164.0
161.2
165.2
165.4
165.0
166.8
167.0
166.6
166.6
165.0
171.4
169.6
171.4
173.0
172.6
171.6
170.4
173.2
173.2
171.6
177.2
175.4
177.0
181.8
185.6
197.0
189.6
190.0
195.2
195.0
201.2
204.8
206.0
210.0
206.8
207.0
209.0
207.4
204.8
205.2
202.2
205.4
209.4
205.0
205.6
206.6
208.0
204.4
200.6
204.4
205.0
229.4
219.0
219.2
223.8
225.8
221.6
225.6
222.6
221.4
224.0
221.6
219.0
221.8
219.8
218.6
221.4
220.0
218.0
220.0
218.8
219.8
220.0
218.8
220.0
220.4
222.8
225.2
224.8
223.6
223.2
225.0
247.2
261.0
280.0
300.0
308.8
308.8
292.8
284.6
278.2
263.0
272.8
273.6
277.4
273.0
276.4
281.0
278.0
262.6
274.0
267.2
273.4
269.0
262.6
261.0
255.0
265.4
266.2
274.0
271.6
272.0
275.8
291.2
299.0
299.0
304.2
298.8
297.0
300.2
297.0
288.0
288.8
282.6
282.6
280.4
283.4
282.0
277.4
272.6
276.4
279.8
284.0
285.2
282.0
280.8
280.0
294.6
332.4
369.8
395.0
415.0
406.2
388.0
372.0
399.0
386.8
378.8
381.0
380.4
382.2
367.0
406.0
422.4
427.8
410.0
414.0
407.4
403.0
396.2
402.0
399.2
391.6
402.2
406.6
409.8
405.0
419.0
413.8
410.0
405.6
408.0
407.0
408.8
408.0
410.8
422.0
429.6
424.0
420.0
417.0
409.2
409.6
400.8
396.0
405.8
399.4
400.0
390.2
401.0
407.0
399.8
392.0
384.6
381.2
367.0
384.8
377.4
391.8
393.0
393.0
386.4
389.0
380.0
378.6
377.0
380.8
382.2
376.2
375.0
375.2
371.6
366.4
375.0
389.0
378.2
372.0
376.2
378.0
374.0
375.0
385.8
390.0
399.2
398.4
397.6
392.4
391.4
381.0
386.2
396.0
386.8
386.4
373.2
355.0
365.2
374.8
378.8
349.6
351.0
358.8
367.0
370.6
373.4
368.0
384.2
368.4
377.8
377.0
381.0
388.0
389.6
389.8
382.2
385.0
388.6
380.0
373.2
348.0
357.0
257.4
305.4
427.0
586.0
480.8
512.0
482.2
492.6
460.0
481.0
485.4
477.0
473.0
455.0
474.0
456.0
443.8
490.4
474.0
463.4
460.0
461.2
436.0
440.0
445.4
440.6
439.2
447.0
447.8
452.8
467.2
460.0
464.0
470.0
479.0
474.2
460.0
450.4
443.6
436.0
429.2
435.0
430.0
423.8
426.8
426.8
435.4
425.2
438.0
436.4
429.0
423.6
423.0
426.4
420.6
433.0
435.0
438.8
437.0
430.4
435.0
431.2
427.8
421.2
424.6
415.0
