close
112.0
114.0
115.1
117.99
130.0
128.99
121.0
120.51
135.0
140.0
149.83
147.91
138.0
133.01
133.01
120.14
125.0
122.1
122.0
130.0
125.0
125.0
125.0
137.72
124.99
123.89
125.0
125.0
125.0
140.16
138.0
133.01
137.01
145.0
150.0
130.01
150.0
140.0
137.0
135.01
149.48
135.0
147.99
135.01
135.02
145.0
148.0
140.51
141.0
139.0
137.5
131.0
128.5
130.0
130.0
127.0
127.0
126.5
127.0
132.0
136.5
132.0
132.0
134.5
140.0
146.0
150.0
150.0
153.0
153.0
153.0
160.0
150.0
150.0
150.0
150.0
110.0
103.0
105.0
111.0
120.0
115.0
115.0
104.5
107.0
103.0
106.0
109.5
106.5
110.0
104.5
73.5
72.5
51.0
46.5
49.5
51.5
53.0
55.5
67.0
68.0
65.5
62.5
64.0
61.0
57.0
56.0
55.5
57.5
57.5
58.5
59.0
57.5
58.0
59.5
60.5
63.5
65.0
66.0
67.5
67.0
64.0
62.5
63.0
63.5
64.0
64.0
65.5
66.0
69.5
69.5
70.0
68.5
69.5
69.5
74.5
75.0
80.0
82.0
81.0
81.5
80.0
80.0
81.5
81.0
81.0
81.0
77.5
80.5
79.5
78.0
77.5
80.0
80.5
90.0
95.0
94.5
98.0
95.0
106.5
111.0
100.5
92.5
92.5
109.0
100.5
103.5
101.0
98.0
98.5
98.5
99.5
100.0
99.5
99.5
96.5
94.5
95.0
92.0
99.5
104.0
102.0
103.5
105.0
108.0
114.0
114.0
113.5
116.0
114.5
115.0
115.0
115.0
115.0
115.5
107.5
106.0
110.5
107.5
106.0
108.0
106.0
105.5
104.0
107.0
109.0
111.0
104.0
106.5
107.5
102.5
111.0
110.5
110.0
109.0
115.0
112.0
106.0
93.5
89.5
95.0
100.0
100.0
109.0
112.0
110.0
115.0
119.0
119.0
110.0
110.5
111.0
110.0
115.0
114.5
110.0
115.0
113.0
111.0
110.0
110.0
112.0
110.5
120.0
114.5
117.0
114.5
105.5
123.0
114.0
117.5
115.0
117.0
111.5
111.0
116.5
110.5
113.0
118.0
115.0
117.5
116.0
117.0
117.5
117.0
120.0
119.0
116.0
116.0
110.0
116.0
117.5
118.5
117.5
117.0
130.5
129.0
117.5
120.0
125.0
117.0
116.5
123.0
120.0
117.0
117.0
120.0
120.0
130.0
132.5
134.0
129.5
121.5
130.5
160.0
150.0
149.5
150.0
142.0
140.0
157.0
155.0
150.0
147.0
150.5
142.5
150.0
144.5
146.5
134.5
134.5
130.5
128.5
135.0
138.0
136.5
126.5
139.5
140.0
138.0
136.0
137.5
132.0
135.0
137.0
147.5
147.5
139.5
139.5
140.0
135.0
137.5
137.5
135.0
140.0
140.0
142.5
140.0
140.0
138.0
136.5
140.0
152.0
145.0
142.5
141.0
140.0
140.0
140.0
141.0
137.0
141.0
143.0
145.0
138.0
138.5
139.5
139.5
143.0
144.0
151.0
153.5
143.5
147.0
147.0
155.5
165.0
179.5
171.5
170.0
168.5
172.5
165.0
170.0
171.5
166.0
172.5
173.0
164.5
156.0
160.0
160.5
163.0
157.5
157.5
157.0
160.0
159.5
159.0
159.0
150.0
186.0
177.0
174.0
164.5
180.0
166.5
164.0
164.0
164.0
164.5
164.0
163.5
164.0
164.0
162.0
162.0
162.0
161.5
195.5
165.5
170.0
168.5
175.5
163.5
159.0
164.5
157.0
158.0
178.5
166.0
161.0
165.0
153.5
161.5
168.0
154.5
153.0
153.0
150.0
159.0
165.0
160.0
160.0
164.0
164.5
159.0
150.5
150.5
163.5
150.0
152.0
150.0
158.5
152.0
150.5
159.0
150.5
150.0
150.0
162.5
151.0
160.0
151.0
151.0
150.5
151.5
162.5
151.5
143.5
146.0
156.0
155.5
155.0
161.5
157.5
155.0
153.5
151.0
151.5
157.0
157.0
160.0
155.0
154.5
150.5
165.0
171.0
169.0
166.0
164.0
164.0
163.5
176.5
165.0
169.5
165.0
160.0
165.0
155.0
157.5
157.5
169.5
157.0
164.5
162.5
155.5
161.0
149.5
160.0
150.5
160.0
150.5
146.5
148.5
155.0
140.0
154.0
132.5
131.0
134.5
126.5
122.0
125.0
125.0
124.5
135.0
152.5
135.0
130.0
142.0
141.0
141.0
129.0
138.0
140.5
142.0
147.0
173.0
141.5
137.5
147.0
147.0
145.0
153.5
152.0
155.5
155.5
150.5
151.0
149.0
155.5
155.0
155.0
155.0
156.5
160.0
150.0
154.0
160.0
165.0
170.0
153.5
150.5
155.5
143.0
158.0
148.0
150.0
140.0
142.0
134.5
140.0
144.0
145.0
142.0
144.0
147.0
140.0
138.0
140.0
144.5
141.5
132.0
142.0
139.5
136.5
137.5
137.0
135.0
133.5
133.5
135.0
129.0
135.0
130.0
135.0
135.0
135.5
129.0
135.5
132.0
135.0
127.5
125.5
125.5
121.0
121.0
134.5
134.0
130.0
130.5
130.0
128.0
127.0
130.0
144.5
145.0
146.5
150.0
136.0
136.0
136.0
145.5
140.0
144.5
138.0
140.0
139.5
144.5
144.5
145.0
139.5
145.0
147.5
148.5
149.0
139.5
141.0
137.5
141.0
138.0
137.0
143.5
140.0
177.0
145.0
144.0
144.0
149.0
144.0
141.0
141.0
139.0
140.0
140.0
137.0
137.0
133.0
129.0
130.0
130.0
127.0
127.0
130.0
123.0
150.0
147.0
143.0
132.0
135.0
139.0
137.0
128.0
128.0
127.0
125.0
129.0
127.0
127.0
128.0
128.0
128.0
128.0
129.0
127.0
129.0
125.0
129.0
129.0
130.0
126.0
132.0
132.0
126.0
123.0
127.0
133.0
133.0
133.0
142.0
131.0
135.0
135.0
132.0
135.0
132.0
134.0
135.0
135.0
135.0
130.0
135.0
133.0
130.0
132.0
130.0
138.0
136.0
140.0
141.0
140.0
135.0
135.0
131.0
134.0
134.0
135.0
132.0
132.0
134.0
134.0
133.0
174.0
177.0
142.0
132.0
138.0
138.0
134.0
135.0
134.0
133.0
135.0
134.0
133.0
136.0
131.0
130.0
132.5
133.0
134.0
132.5
131.0
128.5
129.0
124.0
126.5
124.5
123.5
123.5
124.0
125.0
125.5
125.5
125.0
124.5
124.0
125.0
126.0
124.5
124.0
125.0
125.0
127.0
128.5
129.5
127.0
127.0
126.5
127.5
128.5
128.0
127.5
127.0
127.0
126.5
128.0
126.5
127.0
127.0
128.0
127.5
132.0
133.0
132.0
128.5
133.0
130.5
129.0
129.5
132.0
128.5
128.0
128.5
125.0
125.0
125.0
122.0
121.5
122.5
122.0
121.0
121.5
121.5
121.0
120.0
120.5
120.5
120.0
120.0
121.0
122.0
119.0
120.0
122.0
122.5
123.0
120.0
122.0
121.5
123.0
123.5
124.0
124.0
120.0
123.5
122.5
122.5
122.5
119.0
119.0
123.5
120.0
120.0
122.0
118.5
117.5
118.0
116.0
118.0
122.0
120.0
120.5
121.0
119.0
118.0
118.0
117.5
118.5
119.0
118.0
119.0
119.0
120.5
119.0
120.5
120.0
118.0
118.0
118.0
118.0
116.5
116.0
117.5
121.0
118.5
130.0
123.5
120.5
120.0
118.0
120.0
120.5
135.5
127.0
132.5
126.0
125.0
125.0
134.0
134.5
131.5
132.0
132.0
133.5
131.0
129.0
130.0
128.0
128.0
131.0
131.0
133.0
134.0
130.5
131.0
131.5
133.5
133.5
134.0
134.5
132.0
131.5
131.5
136.0
135.0
160.0
150.0
145.5
143.0
143.5
141.5
142.5
144.0
140.0
135.0
131.0
132.0
132.5
133.0
128.5
125.0
113.5
115.0
109.0
101.5
109.5
108.0
119.5
111.0
117.5
118.5
119.0
122.5
128.0
134.5
135.0
132.5
131.0
130.0
130.0
127.5
130.5
133.5
131.0
135.5
129.5
132.5
136.5
132.0
134.5
134.5
132.5
133.5
132.0
134.0
135.0
133.5
135.5
133.0
132.5
131.5
130.5
131.5
131.5
130.0
130.5
134.5
134.5
134.0
132.0
138.5
135.0
141.5
143.0
153.5
142.0
140.0
138.5
138.0
137.5
135.0
150.0
152.0
163.5
168.0
200.0
182.0
181.5
184.5
185.0
188.5
187.0
177.0
174.0
173.0
168.5
159.0
148.0
143.0
141.0
140.5
139.0
138.0
139.0
138.0
138.0
139.0
138.0
139.0
141.0
148.5
145.0
145.5
146.5
147.0
147.0
153.0
154.5
150.5
150.0
150.5
151.5
154.5
151.5
151.5
146.5
148.0
145.0
145.5
145.0
144.5
145.5
145.5
143.5
142.5
138.5
140.0
139.0
138.5
139.0
139.5
139.5
139.5
141.0
139.5
140.0
136.5
138.5
139.0
136.5
136.0
135.0
134.5
134.5
134.5
140.0
139.0
138.0
138.0
134.5
135.5
136.0
136.0
135.0
132.0
129.0
130.5
130.5
129.0
129.0
132.0
131.0
130.0
127.0
128.0
126.5
126.0
126.0
127.0
127.5
130.0
128.0
130.0
131.0
131.5
130.0
130.0
130.0
130.0
130.0
130.0
130.0
130.5
130.5
130.5
130.0
130.0
128.0
129.5
129.0
128.5
128.5
129.0
128.5
128.0
127.0
129.0
129.5
129.0
128.5
130.0
129.0
129.0
130.0
129.0
128.0
129.0
128.5
130.0
129.5
130.0
131.5
132.5
132.0
132.5
133.0
133.0
132.5
132.0
132.0
131.5
131.5
134.0
132.5
132.0
131.5
132.5
132.0
132.0
132.0
131.5
132.5
133.0
131.0
130.5
131.0
131.0
131.5
130.5
131.0
130.0
131.0
132.0
132.0
131.5
130.0
130.0
130.0
131.0
129.5
129.0
129.0
130.0
129.5
130.5
129.5
129.5
132.0
131.0
131.0
133.5
132.0
133.0
131.0
132.0
129.5
127.5
129.0
129.0
129.5
130.5
129.5
130.5
130.5
130.0
129.5
131.0
129.0
129.0
129.0
128.5
129.5
130.5
129.5
131.0
130.5
130.0
131.5
130.0
129.5
130.0
129.5
129.5
130.0
129.5
130.5
131.0
133.0
133.5
134.0
134.0
133.5
131.0
130.5
130.0
130.0
129.5
129.5
129.5
129.5
129.5
129.0
129.0
129.0
129.0
129.0
128.5
134.5
131.5
131.5
131.0
130.0
131.0
130.5
130.0
128.5
128.5
128.5
129.5
129.5
131.5
130.0
129.0
129.0
129.0
129.5
128.0
128.0
129.0
127.0
127.5
126.5
126.0
126.0
126.0
126.5
129.0
126.0
125.5
125.0
125.5
127.5
125.5
127.0
127.0
126.5
125.5
126.0
125.0
124.5
125.0
128.5
125.0
126.5
125.5
126.0
126.0
125.5
129.5
128.5
126.5
126.5
127.0
126.0
125.5
126.0
126.0
125.5
128.0
130.5
128.5
125.5
127.5
126.0
176.0
143.5
139.0
139.5
137.5
138.5
136.5
134.5
133.0
134.5
133.0
133.5
138.0
160.0
152.0
143.5
199.0
237.0
212.0
180.0
184.0
218.5
204.0
192.0
193.0
190.5
190.5
190.5
187.0
186.0
184.5
186.5
187.0
183.0
188.5
183.0
177.0
170.5
166.0
164.0
157.0
151.0
153.0
153.5
153.0
153.0
150.0
159.5
152.0
150.5
153.5
152.0
150.0
147.0
135.5
142.5
146.0
142.5
142.5
134.5
135.0
142.5
138.0
137.5
134.0
133.5
135.0
138.5
144.5
144.5
138.0
139.0
139.5
140.0
142.0
142.0
142.0
141.5
140.0
141.0
138.5
139.0
137.5
132.0
132.0
131.0
128.0
128.5
127.5
132.5
134.0
132.5
140.0
137.0
136.0
138.5
140.0
138.5
140.0
139.0
143.5
140.0
137.5
137.0
141.0
140.0
137.0
139.5
133.0
118.5
118.0
115.0
110.5
115.5
123.0
124.5
139.5
150.0
151.5
149.5
161.5
158.5
152.0
148.0
140.0
136.0
139.5
139.0
142.0
144.5
143.0
137.0
136.0
137.0
139.0
138.0
140.5
142.0
139.0
139.0
136.5
135.5
136.0
136.0
142.0
169.5
161.0
156.5
153.0
150.0
150.0
150.5
152.0
150.0
151.5
150.0
156.0
154.5
152.0
156.0
167.0
168.0
165.0
164.5
173.5
171.0
171.5
169.5
169.5
160.0
168.0
165.0
170.0
165.0
155.5
