close
51.14
51.15
51.04
51.04
51.1
51.04
51.04
51.0
51.06
51.11
51.04
51.1
51.1
51.1
51.1
51.1
51.1
51.1
51.1
51.0
51.1
51.1
51.1
51.0
51.0
51.0
51.0
51.0
51.0
51.0
36.0
37.4
41.8
46.5
51.0
52.4
52.4
52.4
40.2
38.1
35.4
36.2
43.0
72.0
51.1
68.9
51.0
56.9
51.0
56.9
56.9
56.9
51.0
51.0
51.0
51.0
51.2
51.2
51.2
51.0
51.0
51.1
51.2
51.0
51.1
51.5
51.0
51.0
51.0
51.0
51.2
51.3
51.1
51.2
51.3
51.1
51.4
51.3
51.3
51.1
51.3
51.1
51.2
51.1
51.3
51.3
51.1
51.1
51.0
51.3
51.3
51.0
51.4
51.0
40.0
35.0
51.0
51.0
46.0
36.0
51.0
51.0
70.0
91.6
86.1
81.0
77.9
77.0
74.8
70.0
69.5
69.6
68.5
79.4
78.8
77.6
76.3
77.3
75.5
80.2
78.4
79.4
74.0
77.7
74.5
74.5
75.5
75.2
72.0
77.3
77.1
79.8
79.1
78.5
76.9
79.0
76.4
76.6
79.5
75.6
76.1
79.8
78.0
83.5
80.0
76.0
75.0
74.5
75.0
74.5
75.0
76.0
75.5
74.0
76.0
76.5
76.0
73.5
74.5
75.5
75.5
73.5
71.5
74.0
70.5
75.0
72.5
74.0
75.5
73.0
74.0
73.0
75.0
70.5
67.5
67.0
67.0
66.0
61.5
60.5
58.0
58.5
59.0
60.0
59.5
59.0
59.5
60.0
61.0
61.0
60.0
61.0
61.5
61.0
61.0
61.0
59.0
60.0
60.0
60.0
61.0
60.0
60.0
59.5
60.0
60.5
58.5
59.5
62.0
61.0
60.5
60.5
60.0
60.5
60.5
60.5
60.5
61.0
60.5
59.0
58.0
57.0
60.0
58.0
59.0
58.0
57.5
53.5
52.0
45.5
49.0
46.5
49.5
48.5
49.0
51.0
51.0
51.0
51.0
54.5
51.5
53.5
54.5
54.5
56.0
55.0
56.0
55.0
55.5
57.0
56.5
56.5
57.0
53.5
54.5
54.5
53.0
60.5
56.0
56.0
55.5
54.5
54.5
55.0
53.5
53.5
53.0
53.0
54.0
54.0
54.5
54.0
54.0
54.0
54.5
54.0
53.5
54.0
54.0
53.5
54.0
53.5
70.0
61.0
61.0
59.0
58.0
59.0
58.0
59.5
60.0
59.0
59.0
59.0
60.5
59.5
58.0
59.0
58.5
57.0
57.0
56.0
54.0
54.0
54.0
54.5
54.5
54.5
54.0
54.0
53.5
53.0
54.0
53.5
53.0
53.5
53.5
53.5
53.0
55.0
53.5
53.5
53.5
53.5
53.5
53.5
53.5
54.0
54.0
53.5
54.5
54.5
56.0
57.5
58.5
57.0
55.5
56.0
55.0
55.5
55.5
55.5
57.0
55.5
55.5
55.5
55.5
54.5
54.0
55.5
55.0
55.0
55.0
55.5
55.5
55.5
55.5
55.5
56.0
55.0
55.5
55.5
54.0
54.0
55.0
54.5
54.5
54.0
54.0
53.0
54.5
52.0
57.0
56.5
56.5
57.0
56.5
57.0
57.0
57.0
57.0
57.5
59.5
61.5
61.0
60.0
60.5
56.5
58.5
58.0
59.5
59.5
59.5
59.5
59.0
59.5
60.0
60.5
60.5
60.5
60.5
61.0
61.0
62.0
61.5
60.5
60.5
60.0
56.0
55.5
55.0
54.0
54.0
53.0
53.5
53.5
53.5
52.5
52.5
52.0
52.0
52.0
52.0
52.0
51.5
51.0
51.0
50.5
51.0
50.5
50.5
50.5
51.5
51.0
51.5
51.5
51.5
51.5
51.5
51.5
51.0
52.5
52.0
52.0
51.5
51.5
51.5
52.0
51.5
51.5
51.5
51.6
52.0
51.6
51.2
51.8
51.6
51.8
51.8
51.4
51.4
51.4
51.2
51.4
51.2
51.2
51.4
51.4
51.4
51.2
51.4
51.2
51.0
51.0
50.8
50.8
51.0
51.4
51.2
51.0
51.2
51.2
50.6
51.2
51.0
50.8
50.8
50.8
50.8
51.0
50.8
50.8
50.6
50.8
51.2
51.4
51.2
51.2
51.0
51.0
51.2
51.0
51.0
51.2
51.0
50.8
50.8
51.2
51.2
50.8
51.0
51.0
51.0
51.2
51.0
50.8
50.8
50.6
50.8
50.8
50.8
55.0
54.4
55.0
56.0
56.2
55.6
55.4
55.8
55.8
55.4
54.0
54.2
54.4
55.0
54.8
54.8
55.0
55.0
55.2
54.4
54.6
55.0
54.8
55.0
55.0
55.4
56.0
56.0
55.6
55.4
55.8
54.6
54.4
54.8
54.6
54.0
54.6
54.4
54.6
54.6
54.4
54.2
53.6
53.6
54.0
53.4
53.6
49.0
48.8
48.4
48.4
48.0
47.6
47.4
47.0
47.8
47.2
46.8
47.4
47.6
48.2
48.0
47.4
47.6
47.8
48.0
48.0
47.8
47.8
47.4
47.6
47.0
47.4
47.6
47.4
47.6
47.6
47.2
47.4
47.8
47.8
47.8
47.6
47.8
47.8
47.8
47.4
47.2
47.8
47.4
47.6
47.8
47.4
47.6
47.2
47.8
47.8
47.8
47.6
47.4
47.2
47.4
47.4
47.6
47.4
47.2
47.4
48.2
48.4
47.8
51.8
50.6
49.6
50.8
50.2
50.8
50.8
50.6
50.4
50.4
49.8
49.4
49.6
50.6
49.8
49.6
49.2
50.0
49.4
49.4
49.0
49.0
48.6
48.2
48.4
48.6
47.6
47.0
48.0
47.4
47.4
47.4
46.8
46.8
47.8
47.0
47.2
47.4
46.8
46.6
47.0
46.4
46.8
45.4
46.0
46.4
46.8
45.8
45.8
46.2
47.0
46.8
47.2
46.4
46.4
47.0
47.6
48.4
47.8
48.0
47.6
47.4
47.8
47.4
47.0
46.6
45.6
46.0
46.4
46.2
44.0
45.0
45.0
46.0
46.2
46.8
46.0
46.2
46.4
46.0
46.0
46.0
45.8
46.2
46.0
45.4
45.6
45.6
45.4
45.2
45.0
42.0
34.4
35.0
32.0
34.0
37.0
40.0
40.0
41.4
46.6
42.2
41.8
41.2
40.8
40.6
39.6
39.2
39.0
38.8
38.8
39.6
39.2
39.0
37.8
38.0
39.0
38.4
38.4
38.0
38.4
38.4
38.2
38.0
37.4
37.8
38.4
38.4
38.8
38.6
38.8
37.8
37.8
38.8
40.4
39.4
38.2
38.0
38.0
37.0
37.2
37.2
37.4
37.4
37.4
37.6
37.6
37.6
37.6
38.4
37.8
38.0
37.8
37.8
37.8
37.6
37.6
37.0
