close
47.01
45.0
45.13
47.0
44.99
47.99
48.0
51.0
43.0
47.0
47.0
47.0
48.0
41.0
45.0
41.0
42.0
48.0
49.0
50.1
50.2
50.2
70.0
45.5
45.9
35.1
28.5
30.7
35.9
36.4
39.2
36.2
32.5
45.4
51.1
41.0
71.0
95.0
57.0
52.0
51.0
51.0
51.0
51.0
51.0
51.0
51.1
51.0
51.0
51.0
53.9
51.0
51.0
57.0
51.0
43.6
51.0
51.0
51.0
51.0
49.0
46.7
51.2
51.1
51.2
51.2
51.0
51.0
51.0
51.0
51.0
65.0
73.8
51.5
51.1
51.0
56.6
56.8
51.0
51.0
51.0
56.9
51.0
51.0
51.0
51.0
51.0
51.0
51.0
51.0
51.0
37.0
51.0
51.0
51.0
52.0
72.0
76.0
70.0
76.0
77.0
75.0
74.0
70.0
65.0
67.0
68.0
70.0
69.0
68.0
68.0
73.0
69.0
71.0
68.0
67.0
61.0
66.0
64.0
62.0
64.0
65.0
66.0
69.0
67.0
67.0
66.0
67.0
64.0
65.0
63.0
64.0
65.0
65.0
65.0
64.0
64.0
68.0
63.0
63.0
64.0
63.0
64.0
64.0
62.0
63.0
62.0
62.0
62.0
64.0
63.0
63.0
63.0
63.0
63.0
62.0
62.0
63.0
62.0
63.0
63.0
63.0
62.0
62.0
57.0
56.0
56.0
55.0
54.0
54.0
53.0
53.0
54.0
52.0
52.0
52.0
52.0
52.0
52.0
52.0
55.0
54.0
54.0
54.0
54.0
54.0
55.0
54.0
54.0
54.0
53.0
56.0
56.0
55.0
56.0
55.0
56.0
56.0
56.0
55.0
55.0
57.0
56.0
55.0
56.0
56.0
56.0
56.0
56.0
54.0
54.0
53.0
50.0
53.0
53.0
53.0
53.0
51.0
50.0
51.0
43.0
45.0
44.0
45.0
42.0
42.0
48.0
50.0
52.0
49.0
50.0
48.0
54.0
53.0
51.0
51.0
52.0
52.0
54.0
52.0
53.0
53.0
54.0
55.0
52.0
52.0
52.0
54.0
54.0
54.0
54.0
53.0
54.0
54.0
53.0
53.0
53.0
53.0
53.0
53.0
53.0
52.0
52.0
52.0
52.0
52.0
52.0
52.0
52.0
53.0
53.0
53.0
53.0
60.0
54.0
58.0
56.0
55.0
56.0
55.0
56.0
55.0
55.0
54.0
55.0
55.0
54.0
55.0
55.0
54.0
53.0
54.0
53.0
55.0
54.0
54.0
54.0
54.0
54.0
54.0
54.0
54.0
53.0
53.0
53.0
54.0
54.0
53.0
53.0
53.0
54.0
52.0
54.0
53.0
53.0
53.0
53.0
54.0
54.0
54.5
54.0
55.5
55.5
56.0
57.0
60.0
57.5
57.0
57.0
56.0
56.0
56.0
57.5
60.0
58.5
57.5
57.5
57.0
56.0
55.5
57.0
58.0
58.5
58.0
57.0
56.5
57.0
57.0
56.5
57.0
57.0
56.5
56.5
55.5
55.5
55.5
55.0
55.5
55.5
55.0
54.5
54.5
55.0
56.0
55.0
55.5
55.5
55.0
54.5
54.0
54.0
54.5
54.5
55.0
54.0
54.5
54.0
54.0
51.5
54.0
53.5
54.0
53.5
53.5
53.0
53.5
53.5
54.0
53.5
54.0
54.0
54.0
54.0
54.0
54.0
54.0
54.0
54.0
53.0
51.5
51.5
51.5
51.5
51.5
51.5
51.5
50.5
50.5
51.0
50.5
50.5
50.0
50.0
49.5
49.5
49.0
48.5
49.0
51.0
51.0
50.5
51.0
51.0
51.0
50.5
50.5
50.5
51.0
51.0
51.0
51.0
52.0
52.0
51.5
52.5
52.0
51.5
51.5
51.0
51.0
51.5
51.0
51.0
51.2
51.0
51.2
51.4
51.4
51.2
51.8
51.2
51.2
51.2
50.2
50.4
50.6
51.6
51.6
51.8
51.2
51.2
50.6
50.6
50.8
50.8
50.6
51.0
51.0
51.0
51.0
50.8
50.8
50.8
50.6
50.6
50.8
50.6
51.0
50.8
50.6
50.8
50.4
50.4
50.6
51.2
50.8
50.8
51.0
50.6
51.0
51.0
51.0
51.0
51.2
50.6
50.8
50.8
51.4
51.0
51.2
51.4
51.2
51.0
51.0
50.6
51.0
51.0
51.0
51.0
50.8
50.8
50.6
52.8
51.6
51.8
51.8
52.2
52.0
52.8
52.0
52.4
52.2
52.0
51.6
52.0
51.8
52.0
52.0
51.6
52.0
51.6
51.6
51.8
51.8
51.8
52.0
51.6
52.0
51.6
51.8
51.4
52.0
52.0
52.0
51.4
51.4
51.4
51.2
51.6
51.2
51.0
51.2
51.2
51.0
51.0
49.8
50.6
50.6
50.2
48.8
47.8
47.4
47.4
47.2
47.2
47.8
47.4
47.8
48.4
48.0
48.4
48.4
47.8
47.2
47.8
48.0
47.8
48.0
48.0
48.0
47.6
47.8
48.0
47.2
47.4
47.4
47.8
47.8
47.8
48.0
48.2
48.0
48.4
48.2
48.4
48.4
48.4
48.4
48.0
47.6
48.2
47.6
47.6
47.8
47.4
48.2
48.0
47.8
48.0
47.6
47.6
47.2
46.8
47.0
47.0
47.2
47.4
47.0
47.8
47.8
47.6
48.0
50.6
50.8
50.6
50.4
49.8
51.0
50.6
50.2
50.2
50.2
49.6
49.6
49.0
50.0
50.0
49.8
49.2
49.4
48.8
49.0
48.2
48.4
48.4
48.2
48.2
48.4
47.8
47.2
47.8
47.2
48.0
47.0
47.2
47.6
47.8
46.8
46.6
46.6
46.6
46.6
46.2
48.2
45.4
45.4
46.0
45.6
45.0
45.4
45.6
45.4
45.6
45.8
45.0
47.2
46.8
47.0
48.0
48.2
47.8
47.4
48.4
48.2
47.2
45.8
45.8
45.6
45.8
45.4
45.6
45.0
44.8
45.6
45.6
44.6
44.8
45.2
45.0
45.0
44.6
45.0
44.4
45.0
45.0
44.8
44.6
44.6
45.2
44.6
44.2
43.0
40.8
32.4
38.8
34.8
37.8
39.8
40.0
41.0
41.0
44.4
41.4
41.0
41.2
40.6
41.2
40.4
39.6
39.8
39.4
39.4
40.0
40.0
40.0
39.0
38.8
39.0
39.2
39.4
39.0
39.0
38.6
38.8
38.6
38.6
38.8
39.0
38.6
39.6
39.4
39.2
39.0
39.2
39.2
39.2
39.2
38.8
39.0
39.2
38.8
39.2
39.2
37.0
37.8
37.6
38.0
38.0
38.2
38.4
38.8
38.8
38.8
38.6
38.8
38.8
38.4
38.4
