close
37.24
37.06
37.0
36.2
36.4
36.52
37.05
37.09
36.91
37.58
37.03
37.71
37.26
37.48
37.48
37.7
37.6
37.11
36.92
36.85
36.52
36.79
36.06
35.7
35.44
35.45
34.02
33.95
33.45
33.64
33.64
33.67
33.27
33.2
33.19
33.0
32.84
32.93
32.84
33.0
32.6
32.5
32.75
33.63
33.03
32.99
33.0
32.1
32.14
34.1
37.8
35.71
35.01
35.11
34.75
33.71
34.99
34.52
34.32
34.67
34.52
34.3
34.5
34.17
34.42
34.21
33.87
34.7
34.2
34.61
33.9
33.38
33.39
33.15
33.05
33.35
33.37
32.63
31.91
32.0
31.5
31.35
33.0
32.7
32.95
31.6
31.25
30.85
30.5
30.1
29.95
30.0
30.45
30.5
30.6
29.95
28.45
28.3
27.85
27.8
28.05
28.1
28.15
28.55
28.7
30.0
31.5
31.05
31.05
30.9
29.9
30.0
30.3
30.55
30.35
29.75
30.0
29.7
29.85
29.8
29.8
29.75
30.0
30.0
31.25
30.2
30.1
28.5
28.85
28.65
28.5
27.85
26.35
22.85
24.0
26.4
25.75
26.6
26.8
26.55
26.95
26.2
26.15
26.15
26.25
27.05
28.55
28.75
28.5
28.75
28.8
28.75
28.9
28.55
28.4
28.6
29.25
29.05
28.6
28.5
28.3
28.1
27.5
30.8
31.85
31.0
31.1
31.75
31.95
32.0
32.1
31.05
31.65
32.2
33.0
32.95
31.85
32.1
31.9
44.6
42.05
39.05
38.2
43.8
41.95
41.35
39.1
39.65
38.95
39.65
38.55
37.45
37.3
36.8
36.95
36.5
36.75
36.55
34.5
34.3
34.2
34.65
34.7
34.7
35.0
34.55
34.9
40.4
37.85
36.35
36.8
36.9
36.55
38.05
38.4
38.5
38.25
38.35
38.9
38.3
38.3
38.0
38.0
38.2
37.95
38.15
38.1
37.9
38.0
37.65
38.0
37.65
37.5
37.65
37.35
37.35
37.5
37.8
37.55
37.75
37.55
37.7
37.65
37.7
38.2
37.95
37.7
37.7
37.6
37.5
37.55
37.5
37.45
37.4
37.5
37.75
37.6
37.8
37.4
37.45
37.4
37.45
37.25
38.0
37.75
37.75
37.55
37.65
37.8
36.8
36.5
37.2
36.5
37.15
36.55
36.75
36.8
36.35
36.95
36.65
36.55
36.25
36.0
35.65
35.75
35.7
35.95
35.55
36.25
36.3
35.85
35.95
36.55
36.55
36.2
36.05
36.0
35.95
35.55
35.05
35.1
35.0
34.4
34.5
34.75
35.1
35.45
35.45
35.7
35.65
35.65
35.15
34.95
35.05
35.05
34.85
34.9
35.0
35.05
35.15
34.95
35.0
35.9
35.3
34.95
34.85
34.75
35.05
34.9
34.85
34.6
34.65
34.3
34.45
34.25
33.85
34.75
34.35
34.2
34.55
34.75
34.55
34.5
34.55
34.3
34.8
34.55
34.7
35.0
34.6
34.25
34.55
34.7
36.85
35.8
35.8
35.5
35.35
35.45
35.3
34.9
34.35
35.15
35.3
35.5
35.6
35.85
35.0
35.5
35.2
35.25
35.5
35.1
34.85
34.85
35.0
34.65
34.45
34.5
34.45
35.0
35.0
35.0
35.5
35.9
35.1
35.0
35.1
35.65
35.85
35.85
35.8
35.5
35.55
36.1
36.05
36.15
35.6
35.4
35.8
35.5
35.0
34.45
34.9
34.5
34.4
34.35
34.4
34.7
34.8
34.85
34.65
34.95
34.95
34.95
35.1
35.25
35.3
35.15
35.15
34.8
35.45
35.0
35.1
34.7
34.95
35.0
35.0
35.0
34.9
34.95
34.85
35.0
35.0
34.95
34.95
34.9
34.85
34.95
35.15
35.0
35.15
34.7
34.85
34.8
35.0
34.95
35.05
34.9
35.15
35.15
35.25
35.2
35.25
35.05
35.1
35.25
35.0
34.8
37.35
36.5
35.7
36.15
36.35
36.65
36.8
36.45
36.5
36.65
36.9
36.85
37.0
37.05
36.9
36.95
36.75
36.8
36.7
36.8
36.8
36.8
37.0
36.85
36.7
36.7
36.65
36.8
36.7
36.8
36.65
36.7
36.8
36.55
36.85
36.15
35.75
35.35
35.35
35.3
35.5
35.1
35.1
34.65
35.0
35.0
35.15
35.05
35.3
35.0
34.95
35.0
34.85
34.7
34.85
34.95
35.0
34.95
35.35
35.4
35.35
35.2
35.0
35.05
35.7
35.55
34.95
34.9
35.45
35.65
34.95
35.15
35.1
34.9
35.05
34.95
34.95
34.95
34.85
34.6
34.8
35.0
35.15
35.0
35.45
36.55
36.25
36.1
36.3
36.3
35.3
35.2
35.45
35.55
35.35
35.5
36.15
36.15
35.95
35.6
35.8
35.85
36.0
36.2
36.3
36.55
36.6
37.4
37.0
36.5
36.6
36.4
36.75
37.0
37.05
37.7
37.95
43.25
46.8
44.1
43.2
43.85
43.7
45.45
44.15
43.9
44.05
44.1
44.5
45.7
45.25
44.15
44.0
45.35
45.5
44.9
44.4
44.0
44.9
44.6
44.2
44.0
44.2
44.0
44.0
44.05
43.95
44.0
44.05
44.0
44.05
44.45
46.15
47.95
46.8
46.8
46.5
47.2
46.55
46.25
45.75
46.3
46.0
46.8
46.65
46.45
46.75
47.35
47.15
48.0
52.45
51.4
51.0
50.3
50.2
50.3
50.15
52.25
50.85
49.15
47.3
48.25
48.6
48.1
47.8
48.25
48.95
49.45
49.5
49.2
49.0
49.05
48.95
48.35
49.55
48.75
48.45
48.6
48.7
48.85
49.0
48.7
51.3
51.0
50.65
50.4
50.95
52.1
53.0
53.55
53.35
53.0
53.1
53.0
54.8
55.9
54.95
55.0
56.6
57.4
58.45
58.45
58.35
58.0
57.9
57.6
55.5
55.55
57.1
57.65
57.6
56.8
56.35
56.8
57.2
57.0
57.05
57.15
59.6
58.6
59.0
59.0
59.05
59.3
57.6
58.0
57.4
58.25
57.85
58.3
58.7
59.2
59.05
59.0
58.15
57.5
56.1
56.2
55.75
57.6
57.0
57.15
58.05
56.7
56.05
57.15
57.15
57.0
57.35
57.4
57.0
57.1
57.05
57.0
56.2
55.85
56.3
55.0
55.25
53.85
52.9
53.55
55.4
54.6
54.45
54.5
54.6
54.0
53.25
52.65
52.6
52.8
52.75
51.0
50.5
50.7
50.65
50.5
50.05
49.9
50.05
50.1
50.35
50.35
51.0
50.8
50.4
50.8
51.05
51.65
50.55
51.35
51.25
50.6
50.5
51.5
51.45
51.4
51.55
53.55
54.0
53.3
53.2
52.6
51.4
51.95
50.9
51.4
52.0
51.8
51.65
51.85
52.5
52.05
53.35
53.95
54.05
52.5
53.85
52.8
52.3
52.3
53.2
54.1
53.25
53.45
53.0
52.0
53.45
53.5
54.65
53.8
53.25
53.9
53.35
52.9
52.35
52.3
52.4
52.4
52.25
53.1
52.7
52.5
52.85
52.8
52.9
53.7
53.85
53.5
53.4
54.0
53.85
54.15
54.0
53.0
52.9
52.7
52.4
52.95
53.25
53.2
53.3
53.9
57.1
56.3
55.75
57.6
56.65
56.2
57.5
56.9
59.9
59.15
57.85
57.65
57.85
57.7
57.0
57.75
57.75
58.0
58.85
58.5
58.0
56.65
55.45
56.1
55.65
55.2
54.3
54.7
54.3
54.3
54.65
54.65
53.85
52.15
52.8
52.3
53.0
53.1
52.6
52.35
52.55
52.6
52.3
52.55
52.2
52.15
52.45
51.85
51.75
51.95
52.15
52.1
52.4
52.4
52.7
52.75
53.7
54.15
53.55
53.85
53.25
52.7
52.55
52.9
52.55
52.45
52.5
52.35
52.5
52.5
52.4
52.05
51.5
51.25
51.25
51.15
51.7
51.15
50.15
50.4
50.3
50.4
51.85
51.4
51.2
51.65
51.0
50.8
50.7
50.9
51.05
50.8
51.65
53.35
53.3
53.1
53.1
53.0
52.7
53.0
52.7
53.05
52.8
52.3
52.6
53.0
53.25
53.75
53.55
53.35
52.35
52.7
52.9
52.8
53.0
52.85
53.0
53.05
52.95
53.0
51.85
51.95
51.0
52.0
51.05
49.35
50.05
50.65
50.5
50.0
49.4
49.85
49.75
49.8
49.35
49.35
49.5
49.6
50.55
53.0
53.3
53.0
52.75
54.0
54.0
53.45
53.95
52.5
53.05
53.35
53.0
52.6
51.35
51.9
52.4
52.2
52.8
52.7
52.8
52.8
52.75
52.8
52.8
52.8
52.55
53.15
52.35
51.9
51.9
51.45
50.7
51.2
51.75
52.0
53.0
53.0
53.05
53.05
53.85
54.85
54.25
55.0
56.0
57.75
60.45
62.4
60.75
62.0
61.3
60.95
62.0
61.0
60.3
61.35
61.05
62.1
61.5
65.8
65.1
65.8
66.05
66.7
68.2
68.3
68.0
67.3
64.9
63.8
63.1
63.2
63.9
62.2
62.0
62.9
62.1
62.0
62.1
62.0
63.0
63.0
62.8
62.5
62.1
62.6
63.4
64.0
63.4
64.0
65.5
63.5
63.7
65.2
64.2
64.8
65.1
67.0
67.1
66.0
65.1
65.6
66.5
66.4
65.1
64.4
63.6
63.7
64.1
64.4
64.1
62.9
63.4
63.1
60.0
61.7
60.0
58.6
58.2
60.5
59.5
59.4
56.1
56.9
57.8
57.1
57.6
56.5
57.1
57.5
58.0
57.4
58.3
58.0
57.8
57.9
57.9
58.0
57.8
57.5
56.9
55.3
54.8
55.0
55.1
55.0
54.8
54.7
54.8
54.9
54.8
54.9
54.9
54.9
54.3
53.6
52.7
51.7
52.5
52.8
51.5
51.5
52.9
53.0
52.4
52.3
51.8
51.1
52.0
53.6
53.6
55.3
56.0
56.1
59.4
60.7
59.6
60.0
60.0
60.9
61.1
60.5
60.7
60.0
61.0
61.0
61.1
61.1
60.3
59.7
59.0
61.0
60.6
60.1
60.6
60.6
60.5
60.7
60.5
60.5
59.6
59.9
59.7
57.7
59.1
59.0
59.8
59.5
59.3
57.0
57.9
57.9
57.4
56.9
56.1
56.3
56.2
55.6
55.0
53.9
54.2
55.3
55.1
55.0
54.5
54.7
55.0
55.1
55.0
55.1
54.6
55.1
55.4
55.5
55.3
54.7
54.9
52.4
52.3
52.1
51.7
51.4
50.6
55.4
57.3
56.0
55.3
55.2
54.8
54.2
55.0
55.9
55.5
55.1
55.1
55.3
54.8
54.5
54.7
53.3
53.1
53.9
54.5
55.0
57.1
55.9
55.6
56.0
56.0
55.8
54.3
54.7
54.9
54.4
54.9
54.5
54.7
55.2
54.6
54.0
54.4
54.5
54.5
54.7
55.6
55.2
55.4
55.3
55.8
56.7
59.0
58.3
59.2
60.0
60.0
58.1
58.6
58.8
58.1
57.8
57.3
56.3
56.1
56.3
54.6
55.4
55.0
55.3
55.0
57.3
57.0
56.4
56.4
56.0
56.4
56.5
56.6
55.4
55.1
56.2
56.2
56.4
54.5
54.6
54.1
55.8
53.7
53.3
54.3
54.6
55.4
56.2
55.2
54.8
54.5
55.3
57.2
57.0
57.1
57.9
58.5
58.8
57.6
57.4
57.2
57.6
57.7
57.8
57.9
58.0
58.6
57.8
58.7
58.2
58.3
57.9
57.6
56.5
60.1
60.0
59.7
59.1
57.8
57.8
56.3
58.3
57.7
57.0
56.7
56.8
57.0
57.2
57.3
57.1
57.3
56.6
56.7
56.6
56.4
56.2
55.7
56.1
56.2
56.5
56.6
57.0
58.0
57.6
57.9
57.4
57.0
56.9
56.4
56.9
57.5
57.5
57.7
57.5
57.9
57.9
57.8
57.8
57.6
57.5
57.2
57.3
57.9
57.7
57.5
57.5
58.4
58.5
58.2
58.6
57.8
57.7
57.3
57.1
56.8
57.3
57.9
57.8
60.4
69.5
73.6
73.0
70.3
71.7
72.3
70.1
70.0
71.3
72.0
71.6
70.9
71.5
69.1
68.4
64.8
67.4
68.0
69.6
67.8
67.7
68.1
66.7
66.7
67.1
68.5
68.2
67.8
67.4
67.7
74.9
73.2
72.1
72.6
72.4
69.8
68.9
67.8
65.5
66.1
67.0
67.6
66.7
63.0
58.4
59.4
51.3
52.9
51.5
48.4
44.0
49.9
51.2
51.5
52.8
55.5
56.6
53.8
51.1
51.7
51.0
50.9
53.6
54.4
54.8
53.7
54.1
54.1
54.2
54.1
52.0
53.1
53.0
52.6
51.5
52.9
54.0
54.9
55.2
55.8
55.5
55.5
55.1
56.0
55.6
55.3
56.0
55.5
54.3
54.2
54.3
55.2
54.7
55.2
55.4
55.0
55.2
55.6
55.3
55.5
55.9
56.0
60.6
59.4
58.3
60.0
59.4
58.0
58.8
57.3
58.6
57.8
57.7
57.3
57.6
58.1
57.4
57.0
57.0
57.0
57.1
57.5
57.1
57.8
57.4
56.8
56.8
56.2
58.7
57.8
57.8
58.1
58.5
58.3
58.2
58.2
58.0
58.1
57.7
57.6
60.0
59.5
57.7
58.2
58.4
58.5
58.6
65.7
64.9
63.8
65.0
64.8
65.4
64.2
63.5
66.8
64.5
64.4
64.3
63.9
63.3
64.7
63.9
63.8
63.3
62.3
61.2
61.8
63.1
61.6
62.5
62.7
62.6
62.5
62.9
62.7
63.0
63.2
62.0
62.1
61.7
61.5
60.6
59.9
59.7
59.7
59.9
59.3
59.4
59.8
59.3
59.3
59.6
60.3
59.4
60.2
61.4
62.0
62.4
61.8
61.8
61.7
61.4
61.2
60.5
59.3
58.5
57.7
57.9
58.0
59.7
60.8
61.2
61.0
61.7
61.3
61.2
61.1
64.4
63.9
63.3
61.5
62.9
63.6
63.5
63.4
63.9
63.7
64.5
66.0
65.5
65.9
65.6
65.1
65.0
63.7
64.3
63.9
64.6
64.5
64.1
64.2
62.4
64.0
63.8
62.8
63.7
64.0
63.9
64.7
64.9
65.1
65.0
65.1
64.8
64.9
64.7
64.7
64.6
64.9
64.8
64.6
64.1
63.2
62.9
63.8
62.9
62.6
62.4
62.4
63.2
62.8
63.9
63.5
63.6
63.3
63.9
63.8
63.3
63.8
63.6
63.5
62.9
63.2
63.6
62.8
62.9
63.0
62.2
64.2
64.8
64.6
64.1
64.2
64.6
64.5
64.6
64.5
65.0
64.6
65.1
65.0
65.5
65.5
64.6
65.0
64.2
65.0
65.0
64.6
64.7
64.9
65.3
65.4
65.1
65.0
67.1
65.3
65.0
65.2
65.3
65.8
66.0
69.9
68.2
69.7
70.1
70.4
69.7
70.4
69.9
70.7
69.8
70.8
70.6
70.3
70.5
70.0
69.5
68.4
68.3
68.5
70.1
71.5
69.8
69.9
70.0
70.5
70.4
70.5
70.2
69.9
70.3
70.2
70.5
73.3
73.6
76.9
76.0
75.0
74.7
75.6
77.0
75.4
74.6
74.3
73.3
74.7
74.2
73.7
74.1
73.3
72.0
72.1
71.7
72.0
73.3
72.4
72.3
72.7
73.2
74.0
74.8
75.9
73.9
72.0
73.6
71.8
72.2
72.4
72.3
72.6
72.4
72.5
72.4
72.3
72.2
72.6
72.5
72.8
72.9
73.4
75.1
74.8
75.0
75.2
75.7
76.4
76.0
76.5
74.5
73.8
75.8
75.6
75.4
75.2
81.0
94.4
117.0
109.6
106.6
113.5
111.0
107.1
106.4
104.3
106.5
110.0
111.2
107.5
107.5
106.5
101.9
100.5
102.9
107.9
106.1
104.3
106.2
104.5
104.4
102.7
102.4
100.0
99.5
100.6
100.0
102.4
101.7
101.2
100.9
113.3
127.5
122.8
121.0
114.5
121.6
118.0
121.4
121.9
118.5
116.5
119.4
118.9
118.6
117.9
121.0
120.1
125.7
123.0
122.9
122.5
120.7
120.7
119.6
117.6
112.6
116.5
116.0
114.8
110.4
110.8
108.7
108.0
107.4
107.0
101.1
106.0
105.1
104.9
103.8
100.9
100.6
103.0
106.0
106.4
105.2
105.6
107.4
106.3
106.0
105.0
104.6
104.7
105.0
110.8
110.9
110.0
107.2
112.4
113.3
114.1
110.5
107.1
110.0
103.8
106.0
107.4
106.3
101.1
100.8
103.4
104.2
105.8
106.4
105.4
103.7
102.8
103.6
102.7
103.7
104.2
108.2
106.1
104.2
106.4
107.2
104.9
104.7
93.3
91.9
72.9
81.5
101.5
117.9
111.3
108.4
105.9
104.4
100.6
100.2
101.0
101.3
101.5
102.8
102.9
100.3
100.1
100.1
99.5
99.1
103.6
103.6
102.2
103.0
104.0
102.5
103.0
102.7
102.3
102.1
101.9
101.6
100.8
103.7
104.0
103.1
102.5
102.0
101.3
100.5
100.8
100.6
100.3
99.9
99.6
100.5
99.6
98.3
98.4
98.0
98.3
98.4
97.1
96.7
96.0
98.0
96.9
96.9
96.7
95.8
94.7
94.2
94.7
94.6
92.9
89.5
