close
14200
10800
14000
14000
14500
11000
11800
10150
11000
11983
9500
10500
10800
11200
11196
10450
10000
10800
10500
11000
10106
10200
10110
10799
10850
11350
11300
10800
9051
10290
10000
9500
9800
9950
9950
9900
9950
9200
9100
9600
9600
10300
10500
10100
11000
10350
10700
11000
10350
11050
11050
11000
10500
10000
10000
9900
10600
9000
7800
9200
9700
10200
10650
11500
12500
13950
13500
12300
13000
12950
12600
12500
12000
12250
10550
11000
11400
11850
12250
12250
12250
12550
12500
12450
12400
12600
12500
12700
12600
12600
12850
13400
12800
12550
12550
12500
12600
12600
13000
13500
15000
15850
15000
14400
14550
13950
13900
13800
13550
13500
13100
13400
13300
13200
13300
13500
13150
13500
13400
13200
13450
13250
13600
13600
13950
14000
14000
14300
13200
12900
14350
14000
13950
13900
13850
14000
13500
14000
14000
14100
14000
14000
13500
13750
14700
14850
14600
14600
15000
15550
14150
14900
14400
14500
14800
15000
15300
15000
15850
15500
15000
14750
14500
14400
14450
14750
14400
14000
14200
13700
14200
14250
13600
13700
14000
13650
13700
14400
13850
14400
13850
13700
14350
14700
14200
13850
14000
14000
14000
14200
13950
13900
13900
13800
13750
14050
14000
14250
13950
14000
14150
14250
14250
14450
14050
14550
14100
14350
14200
14050
14100
14050
14150
14100
14050
14200
14150
14000
14100
14250
14450
14500
14450
14300
14500
14250
14200
14400
15500
15300
15500
15200
15350
15500
15500
15450
15300
15200
15350
15500
15550
16000
16900
17200
16600
16700
16700
16650
16450
16500
16350
16300
16250
16200
16000
16250
16300
16150
16000
15900
16000
16250
16300
16450
16150
16400
16600
16700
15300
15200
15000
14950
15700
15150
15300
15000
15250
15100
15250
15250
15250
15100
15100
15100
15100
15150
15150
15250
15350
15400
15150
15050
15200
15200
15150
15050
14850
14900
14850
14800
14600
14400
14300
14600
14700
14450
14500
14000
14050
14450
14500
14900
14550
14550
14500
14500
14650
14700
14600
14600
14600
14600
14500
14650
14600
14350
14550
14700
14500
14450
14750
14200
14000
14100
14100
14100
14100
13800
14050
14100
14100
14000
14200
14150
14200
14450
14650
14700
15300
13650
13500
13200
13100
13250
13300
13200
12400
12500
12350
12300
12250
12350
12300
12300
12200
12100
12000
11800
11850
11950
12000
12300
12300
11900
12150
12150
11950
12050
12050
12050
12200
12100
12050
12150
12200
12050
12050
12200
12050
11900
11900
11900
11950
11800
11750
11800
11650
11650
11600
11600
11550
11550
11450
11350
11300
11500
11750
11800
11750
11450
11250
11250
11250
11150
11350
11200
11200
11150
11300
11150
10450
10300
9900
9950
9800
9800
9900
10000
10100
10000
10100
10000
9950
10100
10100
9950
9950
10200
10450
10400
10200
10300
10150
10250
10500
10500
10450
10500
10650
10550
10450
10850
10500
10500
10100
10100
10000
10000
10050
10150
10050
10000
10000
9950
10000
9900
9850
9850
9800
9950
10000
10100
10200
10250
10000
10050
9900
9800
10100
10000
9900
10000
10100
10100
9900
9950
9900
9900
10000
10000
9900
9900
9900
9900
9750
9800
9850
9800
9850
9800
9750
9800
9800
9750
9800
9750
9750
9700
9550
9500
9850
9700
9600
9550
9600
9550
9450
9650
9550
9550
9550
9600
9600
9650
9650
9650
9600
9600
9600
9550
9600
9550
9600
9500
9550
9600
9550
9500
9550
9500
9500
9400
9450
9500
9500
9500
9600
9600
9650
9650
9650
9650
9700
9700
9650
9550
9600
9600
9650
9650
9600
9550
9450
9550
9500
9550
9600
9550
9550
9550
9550
9500
9500
9550
9550
9550
9550
9550
9550
9600
9500
9500
9550
9550
9550
9600
9550
9600
9600
9700
9850
10000
9800
9750
9800
9850
9900
9800
9800
9950
9050
9000
9900
10850
10950
11000
10950
10800
10650
10700
10850
10950
11150
11200
11420
11820
12340
12540
12360
12720
12700
12600
12660
12600
12630
12600
12600
12590
12600
12400
12340
12370
12270
12070
12080
11840
11930
12090
12250
12210
12110
12160
12100
12200
12170
12130
12120
12160
12140
12170
12270
12270
12170
12270
12310
12250
12230
12330
12430
12370
12370
12390
12200
12180
12290
12190
12250
12390
12400
12510
12400
12450
12300
12350
12420
12290
12190
12190
12290
12250
12220
12230
12250
12260
12230
12150
12150
12200
12130
12090
12050
12060
12050
12050
12050
12300
12360
12250
12110
12070
12050
12150
12160
12110
12210
12220
12090
12140
12100
11970
11980
12050
12160
12100
12000
11920
11950
11960
11910
11950
11940
12000
12000
12000
12060
12050
12020
12040
12090
12110
12110
12180
12280
12450
12900
12740
12770
12720
12590
12550
12610
12660
12670
12640
12740
12410
12400
12430
12540
12550
12430
12490
12620
12600
12600
12590
12600
12550
12450
12550
12470
12500
12460
12550
12600
12480
12600
12550
12490
12460
12490
12550
12510
11820
11840
11850
11740
11550
11650
11610
11670
11750
11700
11780
11720
11800
11790
11200
11230
11140
11330
11480
11410
11600
11620
11630
11700
11690
11660
11590
11550
11550
11630
11620
11660
11610
11570
11680
11720
11740
11830
11800
11780
11900
11980
11900
11860
11900
11860
11870
11970
11960
11990
11960
11900
11900
11850
11900
11940
11900
11420
11400
11380
11320
11280
11450
11230
11250
11310
11310
11300
11300
11280
11290
11320
11420
11370
11350
11470
11530
11620
11920
11090
11050
10950
10980
11000
10950
10900
10940
11000
11250
11390
11360
11320
11320
11280
11320
11260
11080
11140
11280
11300
11120
11000
10980
10960
10860
10900
10860
10800
10900
10980
11000
10800
10800
10740
10740
10760
10700
10740
10720
10720
10600
10660
10640
10360
10380
10500
10560
10620
10580
10840
11060
11060
10900
10880
11000
11000
10980
11000
10960
10980
10920
10700
10760
10800
10740
10740
10480
10660
10600
10560
10640
11280
11200
11120
10880
10940
11040
10940
11000
10920
10980
11000
10980
10900
11040
11180
10940
10940
11000
10900
10920
11120
11100
11000
10980
10940
10920
10840
10940
10900
10980
11000
11060
11020
11020
11020
10960
11000
10940
11000
11040
10980
11000
10920
11000
10960
10920
10960
10880
10820
11000
11000
10940
10940
10960
10960
11000
11120
11100
11140
11100
11140
11220
11300
11300
11340
11300
11280
11300
11320
11280
11200
11280
11360
11300
11320
11300
11320
11380
11480
11640
11520
11500
11520
11500
11540
11660
11700
11720
12080
11980
11980
12100
12000
12060
11980
11980
11940
11960
11960
12000
12200
12300
12320
12220
12100
11980
11920
12020
11960
11800
11700
11600
11680
11680
11660
11500
11600
11580
11560
11560
11520
11540
11600
11520
11520
11560
11480
12040
11980
12100
12100
12140
12080
12260
12120
12280
12180
12260
12340
12200
12220
12220
12140
12380
12380
12220
12300
12360
12340
12320
12440
12360
12400
12360
12440
12460
12400
12440
12480
12420
12420
12460
12540
12560
12640
12640
12760
12740
12840
12940
12900
13000
13200
13060
13380
13360
13300
13280
13520
12260
12300
12260
12160
12160
12060
11920
12160
13280
13180
13060
12900
12880
12900
13020
13180
13360
13500
13380
13500
13380
13440
13420
13380
13340
13400
13480
13360
13340
13460
13400
13360
13420
13440
13460
13480
13500
13460
13580
13600
13720
13920
14060
14080
14260
14440
14280
14140
14180
14280
14200
14200
14140
14100
14040
14000
13960
13900
13880
13940
14060
14040
13900
13900
13820
13960
13900
14000
14000
13900
14040
13960
14260
14440
14560
14600
14380
14460
14400
14300
14400
14380
14300
14220
14400
14360
14440
14520
14500
14500
14400
14460
15380
15400
15600
15700
15400
15440
15600
15500
15240
15160
15200
15200
15220
15160
15160
15200
15300
15260
15240
15300
15400
15380
15280
15400
15320
15300
15400
15360
15380
15860
16000
16000
16000
16480
16480
16600
17020
17200
17480
17240
17220
17300
17500
17600
17400
17260
17000
16600
16600
16700
16900
16980
16840
16900
17100
17380
17300
17200
17180
17360
17520
17680
17720
17900
17880
17960
17800
17800
17600
17480
17100
16460
16940
17100
17240
17100
16500
15560
15740
14420
14980
14140
13780
13260
14340
15240
14700
15080
15100
15300
15000
14960
15260
15300
15400
15400
15380
15400
15360
15440
15400
15440
15300
14980
15060
15040
15180
14960
15200
15720
16100
16700
16540
15940
16160
16120
16320
16460
16400
16460
16580
16560
16580
16560
16700
17000
17500
17600
17700
18800
20600
19960
19620
19960
20000
19840
19540
19080
19300
17660
16880
16380
16080
16420
16600
16600
16180
16200
16080
16040
15840
15980
15880
15860
15780
15720
15500
16120
16060
15740
15700
15760
15540
15520
15500
15500
15600
16140
16120
16200
16400
16240
16280
16180
16020
16000
15940
15840
15880
15900
15960
15960
15900
16000
15940
15980
15940
15920
15880
15800
15700
15700
15680
15600
15620
15540
15580
15580
15540
15540
15520
15500
15500
15500
15600
15500
15500
15560
15560
15600
15500
15480
15500
15460
15440
15500
15520
15440
15500
15540
15440
15480
15460
15320
15380
15300
15260
15240
15180
15020
14960
14760
14940
14840
15020
15180
14840
14780
14580
14560
14580
14660
14700
14700
15020
15200
15360
15280
15220
15320
15440
15260
15400
15300
15300
15320
15300
15280
15160
15240
15300
15300
15300
15260
15240
15240
15280
15240
15240
15240
15240
15240
15280
15200
15320
15160
15160
15180
15160
15160
15140
15160
15180
15400
15400
15640
15880
15940
15920
15820
15840
15800
15780
15760
15680
15600
15520
15640
15700
15520
15540
15460
15460
15440
15500
15520
15440
15520
15540
15560
15520
15560
15600
15560
15500
15400
15520
15500
15500
15440
15480
15400
15500
15460
15480
15480
15460
15480
15500
15500
15460
15560
15580
15480
15220
15040
15160
15100
15000
15080
15080
15160
15200
15300
15400
15500
15480
15400
15460
15440
15460
15460
15540
15580
15540
15680
15680
15560
15600
15740
15900
16500
16420
16320
15980
15700
15900
16260
16320
16400
16480
17040
16960
16980
16900
16920
16680
16600
16700
16660
16580
16380
16280
16180
16560
16580
16740
16840
16760
16760
16740
16680
16600
16660
16720
16980
16800
16860
16860
16860
16880
16980
16920
16660
16560
16680
16560
16480
16340
16380
16360
15320
15320
15200
15200
15240
15200
15100
15060
15080
15080
15080
15180
15200
15360
15160
15200
15300
15180
15180
15120
15200
15180
15120
15000
15100
15060
15240
15200
15200
15120
15140
15120
15060
15000
15040
15080
15100
15020
15020
15040
15020
15100
15100
15100
15080
15100
15040
15120
15080
15080
15060
15100
15100
15140
15020
15060
15040
15020
15120
15120
15080
15300
15300
15240
15220
15260
15240
15300
15660
15840
15680
15580
15660
15700
15620
16080
16000
15960
15880
16300
16080
16040
15860
15740
15920
16000
15780
15800
15680
15840
15620
16060
16200
16060
16060
16140
16000
15780
15500
15720
15540
15780
15580
15540
15700
15700
15720
15640
15660
15700
15720
15680
15560
15100
15000
15240
15400
15280
15160
15360
15340
15360
15460
15380
15360
15320
15560
15460
15560
15440
15340
15620
15640
15400
15180
15280
15160
14320
14840
14880
14840
14040
14100
14580
14900
14880
15000
15020
14980
15120
15180
15140
15200
15240
15240
15200
15000
15060
15800
15560
15280
14100
13960
9920
11420
11200
12040
12500
13200
13740
13420
13500
13540
13280
13200
12920
12680
12620
12260
12720
12320
12300
12260
12140
12380
12000
12360
12640
13580
13820
13380
13880
14340
14060
13680
13680
14000
14040
14100
14080
14160
14020
14220
14100
14160
14520
15020
15220
15180
15240
11700
10960
10740
10920
10780
10560
10180
10200
10620
10760
10760
10500
10540
10560
10460
10500
10420
10780
10480
