close
8180
8099
8200
8396
8075
8056
8155
8214
8322
8800
8800
9000
8306
8250
8120
8120
8500
8120
8120
8270
8780
11400
11400
11380
11400
10200
11380
11000
9200
10200
10000
9130
9950
9000
9000
9010
9000
9000
9010
8870
9000
9000
9900
10000
10300
11400
11400
11380
11100
10000
10000
10000
9500
10000
10290
11000
10980
11000
12500
10010
12340
11900
10200
11590
11940
10010
10750
9550
10000
10000
10300
10240
10000
10200
10200
10900
11000
11150
11000
11760
11000
11500
11000
11940
8840
10090
12000
10020
11000
12100
11000
11000
11050
10300
10100
11000
11000
11000
11900
10200
11700
10650
11900
11950
11900
11000
10950
11750
11500
10900
10900
10600
10450
10450
10450
10450
12500
10700
10300
10000
9800
10400
10350
9950
10700
10000
10200
10300
10500
10750
10750
10500
10750
10600
10850
10700
11450
10800
11200
10500
10700
10950
11300
11050
10800
10550
10500
10500
10500
10600
10950
11700
11000
11000
11300
11200
11400
12200
11700
11950
11450
10800
10800
10700
10950
10950
10200
10700
10150
10050
10150
10050
10000
9800
9450
9600
9500
9600
10000
10000
9800
10500
10200
10350
10600
10200
9900
9750
9900
9500
9400
9450
9150
9050
9050
9250
9250
9100
9000
9550
9250
9400
9250
9000
9200
9150
9100
9050
9050
8950
8800
9000
9300
9400
9100
9100
9300
9050
8800
8600
9200
9000
9150
9500
9050
9100
9850
9950
9400
9500
8600
8800
8750
8900
8850
8750
8500
8850
9050
8850
9250
9150
9050
9050
9000
9200
8950
9000
8850
9000
9200
9300
9300
9500
9450
9850
9450
9700
9800
9800
9800
9700
9250
9900
10000
10000
10000
9600
9500
9400
9300
9300
9100
9100
9000
9000
8850
8850
8850
8950
8900
9000
9200
9250
9350
9400
9150
9200
9200
9150
9200
9100
9100
9100
9100
9050
9050
9550
9000
9100
9150
9250
9350
9050
9400
9050
9050
9350
9100
9050
9000
8950
8900
8800
9100
9050
8950
9150
8950
9050
9150
9050
9000
9150
9000
9050
9050
9000
9000
9150
9100
9150
9000
9050
9100
9050
9000
9100
8900
8900
8800
8750
8800
8750
8800
8900
9000
8800
8850
8900
8900
8800
8600
8550
8900
8500
8250
9000
8850
8650
8700
8600
8600
8550
8700
8500
8450
8500
8400
8500
8400
8500
8700
8700
8500
8600
8650
8400
8400
8450
8400
8400
8450
8550
8550
8500
8550
8650
8800
8550
8550
8700
8600
8750
8800
8600
8850
8800
8600
8600
8600
8650
8650
8650
8500
8500
8600
8600
8700
8700
8740
8540
8560
8480
8320
8380
8380
8380
8380
8200
8160
8120
8140
8060
8000
8000
7980
7920
7980
7980
7880
7940
7400
7200
7160
6960
7080
7120
6980
6820
6980
6840
6960
7000
6980
6980
6940
6860
6900
6900
6720
6860
6720
6860
6900
6900
6720
6520
6580
6760
6540
6500
6460
6400
6460
6320
6460
6500
6440
6480
6480
6340
6340
6440
6560
6740
6480
6220
6160
6240
6340
6400
6380
6480
6380
6360
7080
6980
6980
6820
6600
6620
6640
7000
6850
6850
6750
6700
6750
6700
6800
6800
6900
6850
7000
6800
6850
7000
6850
6850
7000
6850
7000
7000
6900
6800
6850
6850
6650
6800
6750
6950
6850
6800
6850
6900
7250
7000
7000
7000
7000
6950
7000
7050
7100
7000
6850
6950
7000
6800
7000
7000
7000
7100
7200
7000
6950
6900
6900
6900
6900
6950
6900
6850
6800
7000
6900
6900
7000
7050
7050
7050
7150
7000
6950
7000
6900
6950
6900
6800
6950
6800
6950
6900
7200
7250
7300
7100
7050
7000
7000
7100
6900
6900
6850
7000
6900
7000
7000
7000
7000
7050
6900
7000
7050
6950
7000
7000
7000
6900
7150
7150
7250
7150
7250
7300
8300
8400
8400
9350
9250
9150
9150
8800
8650
8850
8700
8550
8700
8700
8500
8350
8350
8500
8500
8500
8500
8200
8350
8500
9550
9550
9550
9450
9200
9550
9250
9250
9300
9400
9400
9300
9300
9200
9400
9400
9550
9350
9450
9500
9500
9600
9600
9400
9300
9450
9400
9300
9300
9600
9600
9550
9550
9450
9350
9600
9450
9950
10000
10000
10250
10300
10300
11000
10850
11050
13000
13600
17550
16450
16000
15000
13800
13750
13400
13200
13750
14300
13900
13400
13950
13900
13900
14200
14100
14050
14400
14400
14750
14900
14900
14750
14800
14800
14600
14100
13500
12300
13100
13400
13200
13350
13000
12500
12500
11350
11450
9900
9700
9200
9800
10600
10950
11550
11600
11500
11250
11300
11750
11750
11800
12350
12300
12000
11850
12050
11950
11750
11750
11350
11300
11400
11350
11100
11350
11950
12400
12700
12450
11900
12000
12100
12100
12150
12050
12200
12200
12200
12200
12100
12200
12250
13000
13850
14700
15850
16000
15250
14850
14200
14250
13500
13350
13050
13300
13800
13750
13600
13450
13350
13600
13550
13450
13400
13600
13500
13300
13350
13000
12650
13150
13100
13000
13050
13000
12950
12950
12900
12700
12700
12800
12700
12600
12600
12600
12700
12700
12750
12650
12950
12850
12950
13000
12800
12800
13050
12950
12950
12900
13050
13000
12950
12900
12950
12950
13000
12900
12900
13000
12800
12800
12750
12850
13000
12900
12650
12750
12800
12650
12800
12650
12650
12700
12850
12700
12600
12800
12700
12500
12250
11950
11950
12550
12350
12300
12200
12200
12300
12200
12000
12100
12000
12000
11750
11850
11800
12050
11700
11800
11750
12350
12200
12050
11850
11550
11250
11500
11300
11350
11700
11700
12100
11950
11850
11900
11850
12050
11950
12000
12050
12000
12050
11900
12000
11900
12050
12000
11900
12000
11850
11800
11750
11800
11900
11800
11850
11950
11850
12000
12000
11800
11900
11900
11900
11900
11750
11700
12150
12150
12150
12200
12800
12700
12550
12700
13200
13450
13750
13900
13750
13650
13500
13400
13400
13250
13400
12850
12900
13100
12900
12750
13200
13400
13100
13050
12900
12950
13000
13000
12900
12900
13650
13550
13350
13150
13300
13000
13450
13250
13850
13700
13700
13900
14500
14900
14350
14500
14450
14100
14050
13700
13700
13850
13650
13700
13800
13950
13800
14350
14200
14150
14000
13750
13950
14100
14000
13800
14050
13950
13850
13850
13800
13700
13750
13550
13700
14000
13900
13750
13750
13750
13600
13650
13700
14000
13950
13750
13850
13600
13850
13750
13850
13800
13650
13700
13700
13550
13350
12950
13050
13200
13150
13100
13100
13200
13050
12950
13000
13000
13000
12950
13350
13050
13250
13050
13250
13200
13350
13100
13050
13050
13200
13000
13000
12850
13800
13250
12900
12950
12900
13000
13000
12900
12850
12850
12900
12750
13050
13050
12950
12700
12700
12650
12650
12650
12600
12600
12600
12600
12700
12700
12600
12500
12500
12450
12400
12350
12300
12400
12300
12350
12350
12350
12300
12350
12300
12350
12350
12250
12300
12300
12300
12250
12200
12250
12300
12250
12300
12150
12250
12300
12150
12150
12100
12050
12200
12250
12300
12100
12500
12300
12250
12200
12300
12200
12200
12200
12300
12250
12600
12550
12450
12500
12500
12450
12400
12250
12250
12400
12300
12250
12250
12200
12350
12700
12350
12250
12250
12250
12250
12200
12200
12150
12100
12150
12200
12000
11800
11900
11900
11850
11800
11550
11900
11700
11700
11550
11500
11550
11450
11650
11800
11350
11700
11450
11450
11100
10950
11000
11000
11150
11050
11150
11100
11050
11050
11150
11200
11050
11000
10900
10550
10850
11000
10750
10150
10400
10300
10600
10700
10950
10950
11000
10950
10950
10950
11250
11100
11000
11150
11450
11300
11100
10900
10000
9950
8400
9200
8500
8500
8950
9100
9050
9400
9000
9050
8950
9350
9100
9200
9000
9000
9000
8900
8800
8950
8900
8850
8500
8800
8900
8900
8750
8600
8800
8800
8650
8600
8500
8450
8650
8850
8750
8650
8600
8850
8650
8500
8500
8600
8550
8550
8400
8250
8500
8200
8250
8100
8050
7850
7500
7550
7750
7850
7800
7900
7800
7900
8100
8100
7900
7750
