close
170.0
165.0
170.0
160.0
160.0
155.27
158.0
166.3
160.01
155.0
166.3
169.0
161.0
161.0
159.0
156.0
159.9
142.1
141.02
140.0
147.0
142.1
137.02
133.01
136.0
135.01
135.3
162.61
145.0
140.0
140.0
154.0
157.0
150.0
158.8
146.05
146.05
142.21
140.0
139.0
139.0
137.95
136.44
136.0
138.0
135.5
139.0
132.0
132.0
134.0
139.0
138.0
133.5
137.5
135.0
132.0
134.0
133.0
125.0
122.5
124.0
128.0
123.0
124.0
129.0
124.0
119.5
120.0
118.5
118.0
123.0
123.0
123.0
118.0
117.0
117.0
115.0
113.5
111.0
85.0
109.0
104.0
127.5
125.0
115.0
115.0
121.5
110.0
115.0
120.0
113.0
106.5
105.0
105.0
108.0
107.0
106.0
107.0
106.0
109.0
108.0
104.0
106.0
109.5
109.0
114.5
113.0
112.0
110.5
112.0
110.0
137.0
135.0
137.0
131.0
131.0
140.0
131.0
131.0
131.0
133.0
131.0
129.0
125.0
125.5
120.0
124.0
125.5
123.0
126.0
127.0
126.0
121.5
121.0
123.5
130.0
119.5
121.5
116.0
119.5
117.0
118.0
115.0
128.5
118.5
120.0
119.5
115.0
115.0
119.5
120.0
118.0
120.0
117.0
119.5
121.5
119.5
116.0
117.0
119.5
115.0
115.0
110.0
115.5
114.5
115.0
115.5
116.5
115.0
117.0
135.0
125.5
130.0
120.0
125.0
129.5
130.0
135.5
128.0
119.5
122.0
122.0
132.5
131.0
125.0
125.0
116.5
125.5
118.5
119.0
116.0
117.0
117.0
124.5
123.5
120.0
120.0
112.0
115.0
118.0
114.0
115.0
114.5
114.0
114.5
116.0
117.5
118.0
115.5
116.0
117.5
114.0
113.0
113.0
110.0
113.5
111.0
111.5
111.5
112.5
112.5
105.0
109.5
104.0
109.5
109.5
109.5
114.0
114.0
118.0
116.0
118.0
118.5
117.0
126.5
126.0
126.0
131.0
112.0
122.0
124.0
123.0
120.0
123.5
123.0
123.0
123.0
119.5
119.5
118.0
120.0
120.0
124.0
127.5
127.0
117.5
127.5
127.0
118.0
126.0
124.0
123.0
121.0
124.0
124.0
124.0
126.5
128.0
124.0
124.0
124.5
128.0
129.0
129.0
122.5
122.0
121.0
121.0
125.0
123.0
124.0
121.0
121.5
121.0
121.0
123.0
118.5
126.0
118.5
119.5
120.5
119.0
119.5
126.5
121.5
120.5
122.5
119.5
118.5
118.5
122.0
120.0
119.0
124.5
124.5
128.5
126.0
127.5
130.0
130.0
129.5
126.0
124.0
126.5
125.0
126.0
126.0
126.0
126.0
123.5
126.5
123.5
123.0
124.0
124.5
126.0
127.5
126.0
128.0
129.0
126.5
128.0
123.0
123.5
124.0
121.5
125.0
120.5
121.0
124.0
122.0
124.5
122.0
130.0
131.0
133.0
128.5
135.5
189.5
182.5
167.5
173.0
177.0
174.5
172.0
172.0
170.0
166.5
170.5
172.5
168.0
155.0
170.0
157.5
157.0
155.5
154.0
158.5
161.0
157.5
147.5
146.5
146.0
140.5
141.0
140.0
138.5
133.0
136.0
140.0
147.0
150.0
157.0
151.5
152.0
160.0
190.0
187.0
168.5
169.0
170.0
171.0
180.0
177.5
172.5
170.0
182.5
176.5
176.5
162.0
164.5
230.0
195.0
244.5
235.0
236.5
239.5
249.5
242.5
234.5
237.0
228.0
216.0
224.0
249.0
235.0
225.0
237.0
236.0
236.5
229.5
228.0
226.5
256.0
254.0
233.5
246.0
244.0
240.5
247.0
233.5
260.0
268.5
280.0
299.0
300.0
288.0
268.0
286.0
276.0
272.5
296.0
282.0
274.0
298.5
274.0
281.0
278.0
275.0
286.0
291.0
291.0
272.0
292.0
299.0
295.0
292.0
286.0
287.0
295.0
294.0
294.0
300.0
297.0
293.0
292.0
279.0
284.0
289.0
294.0
292.0
300.0
274.0
281.0
286.0
273.0
275.0
285.0
289.0
284.0
277.0
292.0
297.0
286.0
305.0
300.0
300.0
297.0
292.0
290.0
293.0
288.0
289.0
288.0
290.0
293.0
291.0
299.0
300.0
288.0
289.0
287.0
401.0
479.0
470.0
549.0
768.0
764.0
840.0
803.0
714.0
673.0
603.0
625.0
570.0
539.0
503.0
471.0
470.0
657.0
671.0
603.0
670.0
706.0
628.0
570.0
570.0
504.0
567.0
575.0
625.0
692.0
693.0
704.0
689.0
675.0
702.0
701.0
697.0
687.0
689.0
681.0
609.0
598.0
602.0
593.0
593.0
587.0
589.0
584.0
562.0
577.0
530.0
565.0
517.0
514.0
529.0
538.0
537.0
527.0
527.0
515.0
502.0
507.0
515.0
550.0
528.0
530.0
522.0
510.0
509.0
528.0
528.0
540.0
566.0
529.0
526.0
527.0
514.0
513.0
494.0
477.0
478.0
482.0
531.0
518.0
500.0
498.0
500.0
500.0
493.0
511.0
505.0
511.0
515.0
518.0
507.0
502.0
509.0
507.0
517.0
500.0
498.0
504.0
504.0
500.0
501.0
477.0
472.0
472.0
489.0
484.0
474.0
474.0
481.0
489.0
499.0
503.0
503.0
510.0
503.0
496.0
500.0
497.0
497.0
505.0
507.0
502.0
495.0
493.0
488.0
486.0
477.0
475.0
473.0
444.0
457.0
438.0
440.0
440.0
440.0
439.0
427.0
432.0
438.0
440.0
446.0
441.0
502.0
477.0
475.0
475.0
447.0
444.0
440.0
440.0
440.0
439.0
432.0
439.0
454.0
452.0
464.0
466.0
461.0
460.0
467.0
459.0
460.0
449.0
445.0
446.0
440.0
441.0
442.0
444.0
448.0
441.0
438.0
434.0
432.0
432.0
435.0
433.0
440.0
437.0
448.0
446.0
452.0
444.0
448.0
449.0
445.0
437.0
445.0
449.0
580.0
507.0
484.0
486.0
486.0
469.0
476.0
474.0
488.0
509.0
515.0
507.0
499.0
513.0
505.0
494.0
503.0
486.0
502.0
485.0
487.0
472.0
484.0
485.0
478.0
469.0
487.0
477.0
465.0
455.0
459.0
447.0
450.0
451.0
456.0
463.0
471.0
446.0
452.0
454.0
469.0
443.0
444.0
446.0
460.0
449.0
456.0
452.0
451.0
446.0
444.0
448.0
445.0
445.0
444.0
442.0
431.0
435.0
432.0
425.0
418.0
427.0
411.0
436.0
428.0
424.0
417.0
401.0
412.0
410.0
416.0
419.0
410.0
414.0
410.0
410.0
409.0
409.0
408.0
410.0
407.0
408.0
403.0
402.0
409.0
409.0
402.0
393.0
399.0
410.0
399.0
397.0
425.0
407.0
421.0
402.0
412.0
410.0
374.0
356.0
359.0
354.0
355.0
360.0
355.0
356.0
360.0
372.0
393.0
407.0
400.0
399.0
393.0
391.0
400.0
405.0
390.0
372.0
355.0
342.0
341.0
347.0
355.0
352.0
360.0
359.0
346.0
350.0
355.0
347.0
341.0
346.0
347.0
340.0
338.0
340.0
340.0
330.0
336.0
347.0
338.0
338.0
340.0
348.0
332.0
334.0
335.0
333.0
331.0
328.0
349.0
344.0
330.0
340.0
345.0
345.0
342.0
339.0
340.0
341.0
340.0
348.0
344.0
340.0
340.0
340.0
336.0
334.0
340.0
339.0
338.0
340.0
336.0
327.0
333.0
330.0
330.0
328.0
324.0
324.0
323.0
320.0
335.0
330.0
321.0
317.0
317.0
315.0
313.0
315.0
314.0
307.0
307.0
301.0
304.0
300.0
305.0
306.0
313.0
313.0
297.0
294.0
296.0
292.0
290.0
282.0
283.0
285.0
289.0
287.0
288.0
290.0
297.0
319.0
321.0
325.0
326.0
323.0
316.0
310.0
302.0
343.0
341.0
337.0
335.0
340.0
340.0
344.0
328.0
353.0
330.0
341.0
326.0
321.0
319.0
313.0
308.0
300.0
301.0
301.0
301.0
310.0
306.0
307.0
305.0
309.0
309.0
313.0
312.0
311.0
311.0
310.5
311.0
315.5
310.5
315.0
319.5
311.0
312.0
312.0
313.5
316.5
313.5
325.5
336.5
343.5
354.0
357.5
361.0
353.0
356.5
352.0
347.0
342.0
342.5
345.0
350.5
342.0
340.0
343.0
332.0
329.5
324.5
316.5
319.5
309.5
307.0
310.0
310.0
313.5
317.0
318.5
321.0
315.5
323.0
320.0
324.0
324.0
324.0
321.0
316.5
319.0
319.5
318.0
316.5
316.0
317.0
317.5
322.5
323.5
325.5
324.0
324.0
328.0
328.5
324.0
325.5
323.0
320.0
317.0
317.5
318.0
318.0
317.0
346.0
342.0
333.0
326.5
326.5
344.5
328.0
328.0
322.0
322.0
319.0
319.0
314.5
317.0
316.5
317.0
314.0
309.0
311.0
314.5
313.0
312.5
313.0
312.5
315.5
314.0
312.0
314.5
310.0
309.5
318.5
300.0
301.0
302.0
301.0
302.0
306.5
304.5
310.5
305.0
304.0
303.5
307.0
307.5
305.5
309.0
307.0
309.0
306.5
306.0
300.0
300.5
300.0
300.0
304.5
301.0
300.0
298.0
299.5
299.5
300.0
304.5
299.5
301.5
300.0
300.0
301.5
298.5
301.0
298.0
299.0
300.5
299.5
305.0
302.0
300.0
301.5
302.5
301.0
302.0
303.5
300.5
300.0
305.0
300.0
307.0
303.0
303.5
301.0
301.0
310.0
304.0
320.0
305.0
306.0
309.0
305.5
305.0
306.0
306.0
307.0
310.0
301.0
303.0
308.0
303.5
303.5
309.0
308.0
308.0
309.5
306.0
309.0
305.5
304.5
310.0
310.0
313.5
306.0
309.5
312.0
310.5
309.0
309.0
312.5
310.0
311.0
308.5
308.5
309.5
306.5
306.5
310.0
309.0
307.0
309.0
310.0
308.5
309.5
311.0
316.5
326.0
315.0
312.0
315.0
314.5
303.0
307.0
304.0
302.5
302.5
304.0
302.5
305.5
301.5
304.5
300.0
303.0
303.5
302.5
303.0
302.0
304.0
303.5
308.0
307.0
310.0
310.0
315.5
310.0
311.0
315.0
315.0
313.5
319.0
315.0
315.0
315.5
318.5
316.0
317.0
316.0
313.0
315.0
314.5
316.0
315.0
313.5
313.5
313.0
315.0
316.0
316.5
319.0
319.0
316.0
315.5
313.5
317.0
317.0
316.0
316.0
315.5
318.5
317.5
314.5
313.5
310.5
311.5
309.0
309.0
308.5
304.5
306.0
309.5
308.5
314.5
311.0
313.5
314.0
316.5
317.5
315.5
315.5
319.0
348.5
338.5
322.0
325.0
314.5
326.0
325.5
340.0
337.0
347.5
347.5
349.0
338.0
340.0
336.0
338.0
341.0
350.0
358.5
407.5
385.5
384.5
386.5
381.0
364.0
359.0
354.0
327.0
349.5
359.0
359.0
351.5
337.0
335.5
328.5
291.0
291.0
251.0
261.0
254.0
262.5
281.0
290.5
299.0
301.0
301.0
292.0
285.0
291.0
292.0
296.5
300.0
311.0
308.0
313.0
324.0
321.0
324.0
320.0
305.5
306.0
320.0
325.0
319.0
322.0
317.0
313.5
317.0
331.5
328.0
326.0
320.5
324.5
326.5
340.5
330.5
336.0
356.0
360.0
353.0
351.5
350.0
358.0
359.5
353.5
350.5
349.5
344.5
347.0
345.5
348.5
344.5
349.0
346.0
345.0
344.0
342.0
346.0
343.0
342.5
343.0
350.5
346.0
346.5
355.5
348.5
346.0
345.0
346.0
352.0
352.0
346.5
346.0
346.0
344.0
346.0
346.0
346.0
349.0
345.0
345.5
344.0
346.5
347.5
346.0
343.5
362.5
392.0
390.0
382.5
380.0
380.0
391.0
383.5
386.0
378.0
385.0
385.5
391.0
414.5
402.5
401.0
399.0
395.0
400.5
395.5
387.5
382.0
379.0
396.5
388.0
386.0
378.0
378.0
385.0
385.0
377.5
377.5
378.5
383.5
380.5
382.0
382.0
383.5
381.0
378.5
373.5
377.0
377.5
379.5
372.0
370.0
368.5
369.5
377.5
371.0
368.5
371.5
367.5
366.5
366.5
364.0
368.0
360.5
363.0
360.0
356.0
354.5
363.0
358.5
361.0
361.0
362.0
361.5
347.5
345.5
338.0
344.0
343.0
347.0
347.5
367.0
368.5
377.0
369.0
364.0
365.5
375.0
372.0
373.5
385.5
383.0
373.0
376.0
376.0
386.0
386.0
387.0
385.0
383.0
383.0
389.0
385.0
387.5
386.5
385.0
383.5
383.0
382.0
383.0
380.5
377.5
379.5
380.5
379.5
378.5
375.5
373.0
370.5
370.5
373.0
385.0
379.5
376.5
376.0
368.5
374.0
373.0
407.0
405.5
396.0
395.0
382.5
386.0
382.0
410.5
390.0
390.0
403.5
396.5
402.0
400.0
399.5
398.5
396.5
393.5
396.0
394.5
389.5
394.0
394.0
551.0
771.0
480.0
458.0
440.0
458.0
440.0
483.5
474.5
466.5
453.0
447.0
453.5
448.5
454.0
447.5
442.0
470.0
480.0
480.5
480.0
491.5
483.0
496.5
488.0
482.5
479.0
476.5
478.0
479.5
477.5
472.5
472.5
468.0
467.5
469.0
469.0
470.5
467.5
467.0
467.5
468.0
464.0
464.5
464.0
458.5
457.5
456.0
452.0
451.0
447.5
447.5
442.5
435.0
428.5
455.5
426.5
423.5
424.5
423.0
417.5
419.0
411.0
408.0
410.5
411.5
412.5
416.0
413.0
412.0
412.0
417.0
415.0
414.0
409.5
413.0
411.5
410.0
410.0
412.0
411.0
408.5
410.5
413.0
410.0
408.5
410.5
414.5
409.5
407.5
407.0
406.0
410.0
406.0
407.0
406.0
402.5
404.5
404.0
403.5
404.0
402.5
400.0
401.5
397.5
387.0
387.0
388.0
390.0
388.5
409.5
395.0
391.5
390.0
389.5
389.0
388.0
388.5
389.0
390.0
388.0
392.0
391.0
393.0
389.0
390.5
391.0
389.5
384.0
396.5
396.0
393.5
393.0
390.0
391.0
398.0
396.5
399.0
420.0
436.5
421.0
416.5
411.5
401.0
403.5
410.5
409.0
405.5
406.0
405.5
405.0
402.0
404.5
406.0
406.0
407.0
412.5
406.0
405.5
402.5
403.0
403.5
400.0
400.5
407.5
411.5
409.5
406.0
415.0
411.0
410.0
413.0
419.5
434.5
428.0
423.0
420.0
413.5
409.5
437.0
444.5
432.0
438.0
439.0
450.0
437.5
436.5
437.0
431.5
439.5
433.0
440.5
435.0
426.0
421.0
446.0
435.5
433.5
425.0
428.5
428.5
429.0
425.0
436.5
427.0
435.0
432.0
432.0
435.0
417.5
418.5
410.0
415.5
417.0
401.5
397.0
390.0
385.0
391.0
390.0
390.0
387.0
390.5
393.0
399.0
396.0
391.5
387.5
390.5
390.5
386.0
368.0
372.0
359.5
368.5
367.0
360.0
338.0
345.5
353.0
361.5
375.0
368.5
368.5
365.0
364.0
364.0
357.0
367.0
367.5
362.5
362.5
358.5
362.5
364.5
355.5
351.5
310.0
315.0
243.0
290.0
302.5
333.5
344.0
360.0
350.0
348.0
333.0
343.0
337.0
342.0
350.0
342.0
349.0
341.5
334.5
333.0
349.0
342.0
336.5
333.0
335.0
334.0
331.0
330.0
332.5
326.0
326.5
323.5
325.5
324.5
324.5
323.5
322.5
332.0
326.5
323.0
324.5
321.0
310.0
307.0
310.0
309.0
316.0
307.5
307.5
304.5
301.5
298.0
298.0
294.5
289.5
287.0
289.5
288.5
309.0
302.0
298.5
294.5
296.5
300.0
300.0
302.5
304.5
292.5
