close
101.35
103.87
103.84
103.83
102.97
95.0
96.0
96.0
94.5
95.5
91.0
93.0
88.01
95.0
92.0
91.0
92.0
89.2
90.0
90.5
85.0
85.0
89.0
82.0
78.5
80.0
80.98
79.99
79.99
77.0
79.95
73.0
74.0
73.18
71.51
74.0
82.0
81.99
80.99
74.67
72.49
74.49
62.58
65.0
74.0
77.0
77.0
76.5
74.0
75.0
73.0
79.0
80.5
80.0
79.5
70.0
79.5
69.0
61.0
75.5
85.0
77.5
77.0
79.5
78.0
78.5
76.5
76.5
72.0
74.5
78.5
74.0
73.5
74.0
78.0
90.0
93.0
91.0
93.0
91.0
93.0
92.0
92.0
88.0
88.5
84.5
87.0
90.0
81.0
85.0
85.0
84.0
81.0
85.0
83.5
82.0
83.0
79.0
86.5
83.5
84.5
80.0
78.0
78.0
79.5
77.0
79.5
78.0
77.5
78.0
78.0
78.0
79.0
80.0
78.0
75.0
72.5
78.5
77.0
76.0
78.0
80.5
91.0
84.5
87.0
83.5
82.0
83.5
82.0
83.0
87.0
83.0
82.5
79.5
80.5
82.0
82.0
82.0
83.0
82.0
82.5
80.0
79.0
78.0
79.5
81.0
82.0
79.0
79.5
79.0
75.0
75.5
77.0
76.5
78.5
78.0
78.5
78.5
78.0
78.0
77.5
77.0
77.0
77.0
76.5
77.0
75.5
73.0
76.5
75.5
74.0
74.5
77.0
70.0
73.5
73.5
72.0
71.5
74.5
73.5
74.0
78.0
76.0
75.5
77.0
77.5
77.0
77.5
79.5
79.5
78.0
78.0
77.5
77.5
77.5
78.5
77.5
79.0
78.0
78.5
79.5
81.5
81.0
80.5
80.0
79.5
82.0
81.0
80.5
82.5
83.5
83.5
80.0
79.5
81.5
80.5
82.5
90.0
88.5
89.5
90.0
89.5
88.5
89.0
89.5
94.0
85.0
88.0
87.0
85.5
84.0
85.5
86.0
82.5
83.5
83.0
84.5
85.0
84.5
87.0
87.5
86.0
84.0
81.5
82.0
84.5
86.0
86.5
83.0
84.5
87.0
88.5
90.0
94.5
94.5
93.5
91.5
98.0
96.0
98.0
95.0
95.0
97.5
95.0
94.0
91.0
89.0
89.0
92.0
94.0
92.5
100.0
92.0
91.0
90.0
92.0
90.5
91.5
92.0
90.5
89.0
89.5
89.5
89.5
88.0
88.0
88.0
87.5
90.5
92.5
88.0
85.0
83.0
83.5
85.5
85.0
85.0
87.0
88.5
89.0
89.5
87.5
90.0
125.5
108.0
103.5
110.0
110.0
110.0
110.0
106.5
105.0
105.5
100.0
100.5
98.5
98.5
98.5
94.5
95.0
98.5
99.0
97.5
95.0
96.0
96.0
95.0
94.0
95.5
96.5
95.0
94.0
94.0
92.5
91.5
92.5
91.5
91.5
93.0
92.5
94.0
93.0
93.5
92.0
95.5
105.0
106.0
100.5
103.5
102.5
102.5
103.0
103.0
101.0
101.0
106.5
105.0
105.0
99.5
99.5
139.0
123.0
140.5
147.5
145.0
138.5
134.0
135.5
141.0
136.0
125.0
135.0
131.5
133.0
148.0
140.0
141.0
137.5
130.5
128.5
134.5
140.5
140.0
139.0
140.0
137.0
141.0
139.5
141.0
139.0
144.5
145.5
153.0
150.0
155.0
153.0
140.0
137.0
137.0
133.0
137.0
138.5
136.0
140.0
139.0
137.5
138.5
139.5
137.0
138.0
133.5
131.5
124.0
126.0
128.0
126.0
124.5
126.0
126.0
130.5
127.0
130.0
128.0
136.0
136.0
135.5
131.5
130.0
132.0
133.0
128.5
130.0
124.5
124.0
123.0
122.5
125.0
124.5
127.0
124.5
121.0
123.5
120.5
121.5
122.0
120.0
122.0
121.5
122.0
130.0
128.5
130.0
130.0
130.0
130.5
128.0
130.0
129.0
129.0
130.0
129.5
130.0
124.0
124.0
125.5
125.0
130.0
129.5
130.0
130.5
126.0
176.0
222.5
223.5
266.0
370.0
399.5
550.0
606.5
515.5
508.0
443.5
401.5
360.0
355.0
346.0
310.0
298.0
416.5
494.0
473.0
443.0
486.0
455.0
434.5
430.5
370.0
416.0
399.0
415.0
460.5
451.0
437.0
437.0
433.0
408.0
410.0
401.5
410.5
409.0
393.0
399.0
400.0
419.0
387.0
389.5
379.5
373.5
373.0
369.5
375.5
337.0
341.0
337.0
325.0
306.5
326.0
321.5
316.0
316.5
309.0
315.0
310.0
303.0
340.0
324.0
319.0
301.0
300.0
301.0
300.0
312.0
306.0
316.0
301.0
298.0
289.0
289.0
290.0
274.0
250.0
255.0
256.0
325.0
325.0
320.0
320.0
318.0
336.0
334.0
352.0
351.0
362.0
367.0
371.0
363.0
356.0
345.0
346.0
356.0
358.0
352.0
361.0
357.0
360.0
347.0
348.0
324.0
324.0
313.0
320.0
328.0
318.0
314.0
310.0
318.0
321.0
326.0
324.0
307.0
310.0
309.0
284.0
289.0
292.0
293.0
281.0
280.0
282.0
282.0
271.0
271.0
278.0
282.0
278.0
261.0
271.0
269.0
272.0
261.0
265.0
264.0
266.0
265.0
282.0
277.0
270.0
269.0
365.0
372.0
390.0
345.0
345.0
345.0
333.0
334.0
338.0
321.0
317.0
325.0
327.0
338.0
370.0
367.0
371.0
364.0
369.0
369.0
341.0
334.0
336.0
335.0
331.0
330.0
321.0
323.0
322.0
320.0
322.0
324.0
315.0
314.0
316.0
315.0
310.0
308.0
310.0
302.0
308.0
306.0
298.0
301.0
299.0
301.0
301.0
302.0
422.0
391.0
377.0
377.0
375.0
364.0
376.0
391.0
389.0
438.0
405.0
384.0
386.0
380.0
373.0
380.0
379.0
380.0
399.0
384.0
385.0
388.0
381.0
372.0
377.0
360.0
364.0
375.0
361.0
339.0
362.0
344.0
344.0
350.0
359.0
384.0
377.0
362.0
359.0
353.0
357.0
350.0
360.0
362.0
350.0
354.0
352.0
345.0
348.0
336.0
338.0
360.0
346.0
354.0
350.0
352.0
341.0
343.0
349.0
339.0
339.0
344.0
340.0
351.0
346.0
346.0
343.0
345.0
339.0
339.0
341.0
332.0
328.0
328.0
335.0
326.0
327.0
330.0
327.0
316.0
318.0
317.0
330.0
333.0
341.0
340.0
345.0
342.0
354.0
346.0
368.0
431.0
413.0
408.0
376.0
374.0
363.0
326.0
337.0
324.0
320.0
330.0
328.0
320.0
320.0
327.0
337.0
344.0
353.0
353.0
343.0
342.0
336.0
332.0
337.0
338.0
327.0
328.0
323.0
329.0
326.0
322.0
329.0
325.0
327.0
322.0
324.0
314.0
314.0
309.0
309.0
311.0
302.0
313.0
308.0
306.0
310.0
307.0
312.0
312.0
313.0
317.0
316.0
318.0
309.0
305.0
302.0
323.0
318.0
319.0
319.0
307.0
313.0
316.0
312.0
303.0
326.0
323.0
316.0
306.0
309.0
302.0
299.0
305.0
305.0
303.0
303.0
300.0
301.0
300.0
300.0
310.0
301.0
300.0
298.0
298.0
301.0
293.0
288.0
300.0
295.0
292.0
288.0
285.0
295.0
294.0
278.0
287.0
288.0
278.0
290.0
286.0
278.0
287.0
282.0
284.0
279.0
270.0
272.0
268.0
258.0
258.0
253.0
249.0
250.0
255.0
250.0
254.0
288.0
287.0
281.0
279.0
281.0
274.0
277.0
269.0
295.0
290.0
299.0
298.0
300.0
303.0
308.0
296.0
289.0
295.0
295.0
296.0
299.0
289.0
281.0
280.0
268.0
268.0
270.0
265.0
282.0
261.0
264.0
264.0
270.0
270.0
265.0
276.0
280.0
281.0
278.0
274.0
272.0
271.0
273.0
266.0
265.0
266.0
267.0
264.0
264.0
279.0
290.0
273.0
292.0
292.0
292.0
281.0
281.0
276.0
274.0
272.0
270.0
269.0
270.0
272.0
264.0
263.0
261.0
262.0
255.0
254.0
257.0
257.0
259.0
264.0
266.0
264.0
271.0
270.0
267.0
269.0
269.0
262.0
268.0
268.0
260.0
267.0
266.0
261.0
262.0
257.0
258.0
266.0
257.0
264.0
265.0
270.0
266.0
267.0
266.0
260.0
262.0
264.0
258.0
257.0
257.0
258.0
300.0
280.0
278.0
267.0
266.0
268.0
261.0
259.0
260.0
261.0
260.0
262.0
258.0
259.0
265.0
262.0
258.0
260.0
257.0
251.0
254.0
256.0
258.0
257.0
257.0
257.0
258.0
257.0
256.0
253.0
259.0
261.0
261.0
260.0
257.0
258.0
256.0
256.0
256.0
255.0
259.0
258.0
259.0
259.5
257.5
261.5
258.5
257.5
257.5
256.0
255.5
254.0
253.5
253.5
256.0
257.0
255.0
261.0
250.0
250.5
250.0
248.5
250.0
250.5
250.0
256.0
255.5
255.5
256.0
259.0
258.0
257.0
244.5
246.5
246.0
244.0
246.5
250.0
251.0
250.0
250.0
252.0
250.0
247.5
249.0
246.5
251.0
249.0
245.5
260.0
258.0
258.5
252.5
250.5
251.0
252.0
252.5
251.0
254.0
257.0
254.5
253.0
250.5
249.0
253.5
254.0
252.0
254.5
256.0
257.5
257.5
260.0
258.5
258.5
252.0
252.5
251.5
251.0
251.5
251.0
250.5
249.5
249.0
249.0
249.5
249.0
249.0
249.0
249.5
250.5
250.0
250.0
250.0
249.5
249.5
253.0
251.5
250.0
250.0
254.5
251.5
250.0
249.5
249.0
248.5
248.0
247.5
250.0
247.0
246.5
248.5
242.5
241.0
242.5
244.0
240.5
238.0
242.5
244.0
244.0
245.0
249.0
247.0
249.0
243.5
244.0
247.5
249.5
249.0
247.5
248.5
253.5
253.0
260.0
254.0
254.5
253.0
250.5
250.5
254.0
253.5
256.0
251.5
247.0
250.0
249.5
251.5
254.0
253.0
251.5
251.5
250.5
253.0
249.5
249.5
249.5
256.5
252.0
255.5
253.0
250.0
249.5
247.0
247.5
249.5
250.0
249.5
248.5
248.5
248.0
248.5
248.0
248.5
248.0
247.0
247.5
250.5
248.5
253.0
250.5
268.0
262.5
256.5
258.5
251.0
260.0
257.5
260.0
260.5
262.5
270.0
265.5
265.0
265.5
269.0
270.0
269.5
270.0
272.0
299.0
291.5
292.0
287.5
280.0
270.0
264.0
265.0
240.0
253.5
258.0
258.5
256.5
243.0
240.0
236.0
200.0
205.0
185.5
189.5
180.0
187.0
200.0
224.5
220.5
210.0
210.0
210.0
207.0
206.0
205.0
204.0
210.0
213.5
216.0
214.0
220.0
236.0
227.0
224.0
216.5
219.5
225.0
222.0
218.5
221.5
220.5
222.0
225.0
225.0
226.5
230.0
227.5
230.0
228.0
233.0
234.5
232.0
249.0
258.5
255.0
248.5
242.0
244.0
246.0
248.0
264.0
277.5
278.5
271.5
270.0
271.5
265.5
265.5
265.0
262.0
259.0
261.5
261.5
254.5
257.0
259.5
256.5
255.0
259.0
260.0
258.0
261.5
261.0
261.5
256.0
261.0
255.5
260.0
261.0
257.5
260.0
258.0
257.5
255.5
254.5
258.5
258.0
255.5
264.5
281.0
288.5
280.0
279.0
277.5
276.0
277.5
274.5
275.0
273.0
273.5
275.5
276.0
285.0
280.5
279.5
274.0
274.5
275.5
275.5
270.5
270.0
268.0
280.0
276.0
279.0
276.0
273.0
275.0
273.5
273.0
275.0
265.5
270.5
274.5
276.5
273.0
268.0
270.5
269.0
267.0
265.5
270.0
268.0
266.0
261.0
265.5
264.5
262.0
258.5
261.0
260.0
261.0
259.5
261.0
264.0
258.5
262.0
258.0
258.0
264.5
260.0
263.0
265.0
264.0
262.0
256.0
247.5
252.0
247.0
253.0
252.0
253.5
254.0
256.0
257.5
257.5
263.0
261.0
260.0
261.0
263.0
272.0
270.5
268.0
268.0
267.0
267.0
268.0
270.0
269.0
267.5
270.0
268.5
268.0
265.0
266.0
265.0
269.0
265.0
263.0
264.0
267.5
263.5
264.5
261.0
263.0
260.0
258.0
264.5
264.5
264.5
266.5
266.5
265.0
263.5
262.5
264.5
267.5
286.5
274.5
271.0
278.5
270.0
270.0
274.0
293.0
285.0
279.0
290.0
285.0
282.0
283.0
281.5
280.0
284.0
283.0
283.5
283.5
283.5
283.5
277.5
388.0
543.0
340.0
344.0
329.0
361.0
350.0
382.5
375.0
365.0
356.0
348.0
356.0
351.5
340.5
337.5
330.0
349.0
343.0
339.5
342.0
343.0
343.0
343.0
342.0
340.0
335.0
336.0
344.0
337.5
340.0
338.5
337.0
334.5
334.5
336.0
336.5
335.0
335.0
335.0
336.0
340.0
339.0
338.0
338.0
338.5
337.0
336.5
336.0
332.5
336.5
331.0
332.0
332.0
330.5
346.0
326.0
320.0
322.0
323.0
315.0
314.5
309.5
311.5
309.0
309.5
315.0
316.0
316.0
312.0
320.0
320.0
316.0
319.5
316.0
317.0
318.0
311.0
314.0
312.5
315.0
315.0
312.0
313.0
313.5
311.0
312.0
312.5
309.5
308.0
309.0
305.5
302.5
304.5
305.0
305.5
307.0
302.5
304.5
305.5
306.0
298.5
299.5
291.5
290.0
290.5
289.5
290.0
290.0
302.5
293.0
290.5
291.5
288.0
286.0
283.5
285.0
287.0
287.0
281.5
282.5
284.0
284.5
284.0
291.5
289.5
289.0
289.0
296.0
300.0
299.5
301.0
297.5
298.0
297.0
295.0
297.5
347.5
360.0
346.5
325.0
332.5
330.5
335.0
331.0
331.0
333.5
324.5
321.0
316.0
320.0
312.0
319.0
330.0
325.5
337.5
339.0
328.0
322.0
314.0
312.0
307.5
315.0
321.5
320.0
328.5
326.5
339.0
342.0
337.5
337.0
338.0
342.0
332.0
324.0
320.0
320.0
320.0
338.0
340.0
332.5
326.5
333.0
342.0
337.5
339.5
335.5
332.5
339.5
337.5
345.0
337.0
326.0
327.0
335.0
330.0
328.5
319.0
326.0
320.5
321.5
315.5
323.0
316.0
320.5
320.0
316.0
318.0
310.0
313.5
306.0
308.5
306.0
306.0
304.0
304.0
292.5
295.0
288.5
291.0
289.0
289.0
293.0
297.0
291.0
290.0
284.5
285.0
287.0
283.5
281.5
281.5
261.5
268.0
270.0
269.0
251.5
251.5
249.5
260.0
269.0
270.0
273.5
271.5
271.0
270.0
269.0
271.0
270.0
270.0
270.0
269.0
264.0
271.0
279.0
270.0
255.5
248.0
183.5
222.5
222.5
250.0
258.5
275.0
274.5
273.5
250.5
256.0
258.5
258.5
273.0
277.0
284.5
270.0
270.0
280.0
275.5
267.0
263.5
267.5
262.5
262.0
277.0
268.5
261.0
256.0
255.5
255.5
252.5
251.5
255.0
260.0
256.5
255.5
254.0
257.0
254.5
249.5
255.0
248.0
246.0
233.5
235.0
230.0
232.5
227.0
223.5
223.0
224.5
218.0
215.5
220.5
228.0
236.5
234.5
230.5
228.0
227.0
228.5
229.0
219.0
219.0
216.0
