close
2.9659
2.89
2.76
2.74
2.749
2.7
2.5602
2.5601
2.6999
2.55
2.551
2.551
2.51
2.71
2.649
2.5
2.5001
2.5
2.5015
2.5
2.5
2.5
2.6
2.413
2.407
2.354
2.3
2.224
2.2999
2.0
2.002
2.001
2.1001
2.1999
2.1
2.09
2.02
2.01
2.0
1.9
1.9
2.0
2.4
2.3
2.0
2.4
1.94
2.0
1.81
1.79
1.8
1.6
1.75
1.8
1.55
1.6
1.52
1.6
1.4
1.7
1.8
1.85
1.86
1.48
1.53
1.56
1.55
1.88
2.01
1.3
1.42
1.59
1.5
1.75
1.52
1.7
1.69
1.6
1.68
1.64
1.65
1.75
1.57
1.7
1.7
1.8
1.8
1.78
1.75
1.71
1.85
1.77
1.79
1.77
1.8
1.74
1.75
1.9
1.85
1.8
1.77
1.87
1.82
1.84
1.77
1.55
1.72
1.72
1.77
1.65
1.67
1.7
1.6
1.54
1.64
1.69
1.43
1.6
1.62
1.6
1.52
1.45
1.58
1.51
1.6
1.68
1.7
1.5
1.83
1.84
1.99
1.98
1.88
1.79
1.71
1.7
2.03
1.87
2.0
1.9
2.02
2.1
2.0
2.5
2.7
2.7
2.7
2.7
2.7
2.52
2.6
2.44
2.51
2.54
2.45
2.58
2.59
2.7
2.85
2.93
2.85
2.85
3.19
2.91
3.0
3.0
2.99
3.03
3.0
3.02
2.94
2.99
3.0
2.85
2.9
2.9
2.94
2.82
3.01
2.94
2.62
2.6
2.55
2.55
2.5
2.42
2.5
2.36
2.42
2.5
2.65
3.0
2.93
2.67
2.52
2.62
2.7
2.71
2.52
2.15
2.49
2.7
2.64
2.7
2.65
2.76
2.71
2.68
2.79
2.79
2.68
2.59
2.68
2.57
2.68
2.58
2.6
2.72
2.55
2.54
2.69
2.6
2.47
2.56
2.49
2.75
2.58
2.6
2.53
2.68
2.87
3.0
3.0
2.8
2.96
2.94
2.99
2.99
2.93
3.0
3.07
2.99
3.06
2.81
3.0
2.82
2.99
3.04
2.96
2.95
2.85
3.0
3.0
2.93
3.0
3.11
3.16
3.12
2.99
3.07
3.14
3.13
3.08
3.15
3.05
3.0
3.02
3.01
2.99
3.04
3.17
3.21
3.28
3.25
3.23
3.28
3.23
3.52
3.5
3.4
3.3
3.23
3.46
3.21
3.15
3.4
4.3
4.4
4.49
4.49
4.48
4.41
4.7
4.75
4.72
4.66
4.57
4.57
4.54
4.5
4.61
4.8
4.8
4.83
4.79
4.84
4.88
4.93
4.9
4.88
4.81
4.84
4.89
3.89
3.8
3.77
3.9
3.79
3.74
3.75
3.75
3.69
3.65
3.62
3.56
3.6
3.75
3.74
3.75
3.64
3.75
3.57
3.69
3.8
3.93
3.9
4.2
4.13
4.09
4.07
4.07
3.97
4.24
4.09
4.05
4.01
4.03
4.03
4.04
4.0
4.0
4.03
4.02
4.1
3.96
3.99
3.96
4.05
3.99
4.05
4.0
3.9
3.91
3.82
3.8
3.82
3.84
3.6
3.7
3.8
3.8
3.78
3.77
3.6
3.7
3.76
3.52
3.53
3.53
3.51
3.51
3.53
3.52
3.51
3.52
3.5
3.47
3.41
3.53
3.5
3.53
3.5
3.49
3.43
3.57
3.59
3.7
3.58
3.75
3.73
3.76
3.69
3.8
3.75
3.74
3.75
3.7
3.72
3.66
3.74
3.7
3.76
3.66
3.66
3.63
3.67
3.65
3.65
3.67
3.65
3.62
3.67
3.53
3.63
3.64
3.66
3.67
3.64
3.65
3.65
3.63
3.8
3.76
3.9
3.78
3.76
3.8
3.75
3.78
3.76
3.77
3.77
3.75
3.7
3.8
3.76
3.78
3.85
3.96
3.77
4.0
4.05
4.05
4.09
3.78
4.35
4.08
4.0
4.05
4.0
4.02
4.03
4.34
4.32
4.25
4.19
4.19
4.11
4.07
4.11
4.0
3.95
4.04
4.0
4.06
4.02
4.09
4.1
4.09
4.15
4.09
4.06
4.0
4.0
4.05
4.0
4.06
4.06
4.01
4.0
3.95
4.0
3.98
3.88
4.03
3.88
3.86
3.99
4.0
3.89
3.89
3.96
4.05
4.0
3.93
3.99
3.98
3.81
3.9
3.9
3.9
3.99
3.95
3.95
3.95
3.94
3.96
4.03
3.97
4.2
4.11
4.17
4.12
4.21
4.26
4.17
4.1
4.13
4.26
4.14
4.15
4.2
4.16
4.17
4.15
4.1
4.15
4.19
4.2
4.15
4.0
4.09
4.14
4.13
4.1
4.0
4.02
4.03
4.08
4.1
3.99
3.54
3.57
3.52
3.25
3.36
3.4
3.4
3.48
3.44
3.46
3.5
3.49
3.48
3.5
3.44
3.48
3.44
3.45
3.45
3.45
3.47
3.46
3.45
3.46
3.45
3.44
3.44
3.43
3.43
3.45
3.42
3.5
3.46
3.48
3.46
3.5
3.6
3.61
3.5
3.52
3.49
3.51
3.5
3.44
3.5
3.6
3.64
3.51
3.55
3.53
3.55
3.59
3.5
3.51
3.5
3.5
3.52
3.59
3.45
3.46
3.45
3.47
3.44
3.42
3.43
3.46
3.43
3.46
3.5
3.5
3.46
3.49
3.48
3.49
3.47
3.48
3.47
3.48
3.45
3.5
3.5
3.53
3.5
3.47
3.45
3.46
3.48
3.47
3.46
3.48
3.48
3.51
3.49
3.5
3.53
3.58
3.51
3.59
3.6
3.59
3.63
3.6
3.6
3.7
3.67
3.65
3.67
3.65
3.61
3.64
3.63
3.6
3.6
3.58
3.53
3.57
3.55
3.59
3.6
3.58
3.51
3.53
3.48
3.54
3.53
3.55
3.49
3.49
3.5
3.47
3.54
3.54
3.56
3.55
3.6
3.67
3.64
3.68
3.7
3.68
3.7
3.74
3.72
3.61
3.64
3.64
3.71
3.69
3.71
3.69
3.65
3.52
3.56
3.6
3.65
3.62
3.63
3.69
3.65
3.62
3.7
3.68
3.68
3.63
3.64
3.69
3.85
3.95
3.91
3.95
3.91
3.93
3.93
3.92
3.9
3.97
3.9
3.95
3.96
3.9
4.03
3.95
4.08
3.98
4.0
3.72
3.89
3.8
3.85
3.95
3.85
3.88
3.89
3.9
3.98
3.98
3.97
3.89
3.87
3.87
3.91
3.91
3.91
3.91
3.87
3.94
3.89
3.89
3.9
4.44
4.49
4.3
4.34
4.46
4.33
4.41
4.44
4.47
4.34
4.39
4.42
4.47
4.5
4.48
4.4
4.52
4.43
4.49
4.55
4.5
4.39
4.5
4.5
4.49
4.45
4.6
4.54
4.51
4.55
4.0
3.95
3.92
3.91
3.95
3.95
3.99
4.0
4.02
4.04
4.01
3.92
3.95
3.9
3.89
3.9
3.91
3.95
4.01
4.01
4.05
4.0
4.06
4.08
3.95
3.94
3.94
3.91
3.94
3.96
3.96
3.91
3.98
3.98
3.97
3.92
3.8
3.95
3.84
3.95
3.92
3.95
3.92
3.94
3.9
3.86
3.89
3.82
3.82
3.94
3.97
3.95
4.25
4.5
4.51
4.35
4.49
4.16
4.58
4.54
4.32
4.58
4.3
4.38
4.23
4.32
4.3
4.3
4.24
4.3
4.3
4.44
4.32
4.25
4.33
4.3
4.22
4.3
4.3
4.26
4.01
4.05
4.18
4.2
4.2
4.22
4.22
4.26
4.12
4.07
4.05
4.04
4.01
4.01
4.02
4.0
4.02
4.01
4.01
4.0
4.0
3.99
4.0
4.03
3.99
4.02
3.9
3.96
4.01
4.02
4.04
4.07
4.07
4.3
4.06
4.07
4.1
4.04
3.95
3.9
4.03
4.06
3.98
4.0
4.0
4.0
4.08
4.08
4.09
4.1
4.3
4.4
4.3
4.4
4.45
4.45
4.45
4.5
4.51
4.5
4.7
4.5
4.46
4.69
4.45
4.48
4.4
4.4
4.4
4.21
4.5
4.41
4.28
4.4
4.3
4.35
4.19
4.28
4.9
4.58
4.58
4.5
4.4
4.33
4.49
4.5
4.4
4.49
4.39
4.45
4.49
4.5
4.72
4.49
4.5
4.47
4.55
4.54
4.53
4.47
4.46
4.26
4.36
4.28
4.2
4.2
4.26
4.14
4.28
4.54
4.42
4.32
4.34
4.36
4.36
4.44
4.4
4.4
4.4
4.44
4.44
4.28
4.5
4.38
4.3
4.36
4.36
4.34
4.36
4.34
4.26
4.38
4.38
4.48
4.66
4.5
4.5
4.58
4.7
4.26
4.4
4.26
4.26
4.26
4.26
4.26
4.22
4.18
4.06
4.18
4.24
4.24
4.16
4.16
4.18
4.14
4.12
4.14
4.08
4.12
4.1
4.1
4.06
4.06
4.08
4.1
4.12
4.12
4.1
4.1
4.1
4.12
4.08
4.04
4.12
4.26
4.16
4.0
4.04
4.02
4.04
4.12
4.06
4.02
4.1
4.18
4.16
4.14
4.14
4.12
4.14
4.06
4.1
4.04
4.04
4.1
4.08
4.0
4.04
4.04
4.04
4.04
4.04
3.96
4.0
4.02
4.04
4.04
4.0
4.08
4.08
4.3
4.24
4.24
4.26
4.26
4.3
4.3
4.34
4.38
4.4
4.32
4.34
4.5
4.48
4.5
4.44
4.46
4.48
4.46
4.5
4.54
4.48
4.48
4.48
4.4
4.5
4.52
4.48
4.5
4.5
4.5
4.54
4.68
4.66
4.6
4.68
4.64
4.7
4.82
4.82
4.76
4.76
4.78
4.86
4.8
4.9
5.12
5.16
5.28
5.26
5.38
5.7
5.54
5.8
5.88
5.7
5.88
5.9
5.62
5.6
5.5
5.64
5.64
5.74
5.58
5.8
6.18
6.2
6.26
6.24
6.16
6.2
6.14
6.06
6.18
6.44
6.26
6.06
5.98
5.76
5.64
6.18
6.24
6.3
5.98
5.8
5.78
5.16
5.38
5.14
4.7
4.66
5.0
5.2
5.18
5.4
5.58
5.48
5.2
5.36
5.3
5.38
5.48
5.48
5.46
5.54
5.7
5.66
5.68
5.68
5.68
5.52
5.56
5.58
5.86
5.8
5.9
5.82
5.68
6.08
6.28
6.38
6.3
6.36
6.4
6.5
6.52
6.68
6.52
6.32
6.3
6.4
6.46
6.64
6.88
6.98
8.22
8.9
8.5
8.32
8.82
8.78
8.66
8.42
8.3
8.0
8.26
8.14
8.0
8.08
8.02
7.42
7.4
7.26
7.42
7.34
7.32
7.34
7.38
7.32
7.28
7.12
7.06
7.2
7.2
7.14
7.1
7.04
6.94
6.7
6.72
6.56
6.78
6.62
6.52
6.48
6.44
6.6
6.6
6.6
6.78
7.04
7.16
7.08
7.12
7.02
7.12
7.18
7.38
7.12
7.4
7.38
7.42
7.36
7.36
7.26
7.3
7.28
7.28
7.3
7.2
7.12
7.16
7.14
7.14
7.1
7.08
7.08
6.94
7.0
6.9
7.02
7.0
7.1
7.12
7.1
7.2
7.18
7.02
7.26
7.22
7.22
7.48
7.48
7.54
7.56
7.54
7.38
7.2
7.1
7.12
7.14
7.06
7.28
7.2
7.2
7.14
7.08
7.18
7.08
7.16
7.14
7.26
7.32
7.4
7.12
7.14
7.16
7.1
7.18
7.34
7.26
7.28
7.3
7.2
7.22
7.3
7.48
7.26
7.36
7.44
7.42
7.4
7.42
7.42
7.48
7.46
7.4
7.4
7.48
7.62
7.68
7.72
7.66
7.7
7.66
7.82
7.8
7.82
7.82
7.82
7.86
7.62
7.64
7.54
7.58
7.7
7.84
8.1
8.26
8.08
8.14
8.06
8.14
8.32
8.28
8.14
8.16
8.12
8.14
8.2
8.14
8.08
8.02
8.04
8.12
8.12
8.12
8.06
8.02
8.22
8.16
8.24
8.14
8.2
8.24
8.34
8.36
8.36
8.52
8.5
8.32
8.2
8.5
8.52
8.5
8.42
8.54
8.5
8.72
8.88
8.98
8.92
8.98
9.2
9.5
9.86
9.9
9.86
9.72
9.76
9.84
9.74
9.66
9.58
9.62
9.54
9.32
9.44
9.4
9.58
9.74
9.6
9.58
9.92
9.88
9.9
9.86
9.76
9.88
9.88
9.6
9.58
9.68
9.6
9.8
10.22
10.4
9.56
9.62
9.74
10.18
9.88
10.04
10.02
10.1
10.04
10.3
10.46
10.76
11.56
12.0
11.68
11.24
11.24
11.26
11.36
10.9
10.74
10.7
10.66
10.64
10.9
11.3
11.48
11.0
10.86
10.1
10.0
9.78
9.82
9.76
9.8
10.0
9.94
9.96
9.92
9.74
9.76
9.58
9.58
9.52
9.32
9.38
9.4
9.4
9.5
9.38
9.3
9.3
9.2
9.16
9.24
9.28
9.26
9.24
9.32
9.24
9.16
9.06
9.2
9.18
9.16
9.16
9.14
9.24
9.16
9.16
9.48
9.52
9.42
9.3
9.26
9.44
9.34
9.28
9.28
9.2
9.34
9.22
9.08
9.06
9.28
9.28
9.3
9.3
9.32
9.4
9.42
9.6
9.42
9.62
9.54
9.54
9.52
9.62
9.64
9.44
9.42
9.54
9.42
9.5
9.52
9.38
9.54
9.5
9.44
9.44
9.34
9.42
9.42
9.48
9.36
9.22
9.28
9.38
9.48
9.36
9.52
9.9
9.86
9.74
9.66
9.76
9.64
9.68
9.74
9.68
9.46
9.54
9.34
9.4
9.58
9.36
9.36
9.44
9.4
9.48
9.4
9.3
9.32
9.3
9.28
9.16
9.22
9.2
9.14
9.28
9.2
9.18
9.1
9.14
8.92
8.98
9.0
9.04
8.84
8.76
8.8
8.82
8.78
8.78
8.62
8.58
8.72
8.54
8.32
8.5
8.54
8.58
8.52
8.6
8.96
8.84
8.8
9.04
9.18
9.24
8.94
9.12
9.14
9.06
9.24
9.24
9.0
8.76
9.06
9.4
8.92
8.5
8.3
8.54
8.7
8.8
8.78
8.78
8.92
8.66
8.82
8.7
8.86
8.98
8.72
8.68
8.66
8.64
8.88
8.82
8.68
8.36
7.86
5.48
6.7
7.1
7.56
7.7
8.1
7.98
8.58
8.0
8.1
8.38
8.0
8.2
7.8
8.26
8.02
9.0
8.76
8.6
8.68
8.78
8.7
8.54
8.88
8.68
8.72
8.8
9.08
9.6
9.6
9.98
9.78
10.2
10.26
10.4
10.36
10.4
10.28
9.76
10.22
10.14
10.04
10.44
10.38
10.0
8.68
8.18
7.16
8.94
8.02
7.98
7.82
7.86
7.9
7.92
7.98
7.9
8.14
8.1
8.04
8.04
8.0
8.18
8.14
8.12
7.96
