close
2.9
2.6
2.5
2.5
2.3
2.503
2.979
2.111
2.232
2.3
2.2
2.3
1.621
2.014
2.01
2.01
2.285
2.285
2.277
2.111
2.2
2.217
2.14
2.1
2.012
2.0
2.143
2.1
2.1
2.0
2.0
1.85
1.85
1.85
1.86
1.88
1.9
2.0
2.1
2.0
2.0
1.8
1.8
1.8
1.76
1.53
1.7
1.7
1.59
1.7
1.68
1.67
1.67
1.38
1.7
1.73
1.71
1.7
1.71
1.5
1.56
1.55
1.8
1.76
1.8
1.76
1.9
2.06
1.96
1.9
1.87
1.96
2.15
1.99
1.9
1.85
1.76
1.76
1.83
1.8
1.8
1.7
1.83
1.8
1.6
1.59
1.36
1.44
1.51
1.5
1.6
1.63
1.54
1.61
1.53
1.56
1.67
1.65
1.9
1.75
1.7
1.99
1.9
2.07
1.96
2.0
2.0
1.94
1.93
2.0
2.4
1.83
2.0
2.48
2.55
2.7
2.79
2.6
2.52
2.7
2.5
2.51
2.45
2.6
2.6
2.9
2.9
2.8
2.79
2.97
2.92
2.96
2.96
2.92
2.95
3.0
2.97
2.96
3.03
2.98
3.0
2.99
2.91
2.95
2.72
2.95
2.94
2.86
2.97
2.92
2.68
2.53
2.53
2.5
2.59
2.56
2.57
2.43
2.5
2.58
2.69
3.0
2.98
2.8
2.85
2.7
2.75
2.77
2.6
2.88
2.6
2.69
2.79
2.84
2.65
2.81
2.69
2.71
2.69
2.7
2.77
2.7
2.56
2.7
2.81
2.87
2.95
2.94
3.15
3.25
3.33
3.01
3.0
3.0
3.0
2.99
2.98
3.08
2.96
2.98
3.0
3.0
2.95
2.99
3.0
3.0
3.0
2.9
2.9
2.99
3.0
2.95
3.0
3.0
3.13
3.07
2.99
3.03
3.07
3.0
2.98
3.04
2.97
3.05
3.04
2.99
3.0
3.0
2.99
3.0
3.0
3.0
3.0
3.0
3.0
3.01
3.14
3.16
3.16
3.5
3.5
3.44
3.4
3.41
3.75
3.66
3.45
3.37
3.35
3.38
3.3
3.42
3.31
4.37
4.49
4.6
4.5
4.43
4.38
4.73
4.76
4.74
4.67
4.62
4.6
4.57
4.5
4.65
4.77
4.83
4.72
4.89
4.85
4.87
4.87
4.83
4.85
4.8
4.78
4.74
3.9
3.8
3.8
3.81
3.77
3.7
3.65
3.73
3.55
3.52
3.56
3.55
3.6
3.65
3.6
3.64
3.65
3.65
3.68
3.74
3.8
3.81
3.81
4.22
4.05
3.95
3.97
4.02
3.98
4.04
4.02
3.91
3.95
4.05
3.98
4.0
3.98
3.99
3.99
4.0
4.0
3.92
3.9
3.8
3.81
3.81
3.88
3.86
3.85
3.81
3.85
3.86
3.81
3.79
3.59
3.62
3.79
3.79
3.7
3.5
3.61
3.63
3.65
3.64
3.54
3.48
3.5
3.51
3.52
3.49
3.5
3.49
3.48
3.4
3.45
3.46
3.43
3.4
3.44
3.48
3.47
3.47
3.61
3.6
3.62
3.59
3.64
3.64
3.61
3.7
3.77
3.79
3.71
3.71
3.51
3.56
3.53
3.54
3.6
3.59
3.61
3.55
3.57
3.53
3.56
3.54
3.5
3.63
3.6
3.55
3.55
3.5
3.54
3.55
3.51
3.55
3.54
3.57
3.65
3.58
3.59
3.68
3.74
3.74
3.7
3.71
3.7
3.75
3.75
3.7
3.68
3.65
3.58
3.62
3.7
3.74
3.77
3.78
3.75
3.77
3.79
4.0
4.13
3.9
3.93
3.91
4.0
3.97
4.43
4.47
4.26
4.16
4.13
4.14
4.06
4.0
4.0
3.99
4.06
4.02
4.13
4.03
4.07
4.0
4.07
4.03
4.0
4.05
4.05
4.05
4.02
4.0
4.06
3.98
4.0
3.98
3.88
3.9
3.9
3.9
3.75
3.84
3.8
3.79
3.82
3.82
3.94
3.93
3.99
4.01
3.88
3.85
3.85
3.87
3.81
3.84
3.9
3.96
3.98
3.81
3.82
3.82
3.84
3.85
3.83
3.9
3.87
4.18
4.17
4.21
4.14
4.17
4.2
4.23
4.08
4.17
4.18
4.17
4.12
4.14
4.1
4.08
4.23
4.32
4.1
4.1
4.06
4.12
4.1
4.06
4.08
4.0
4.0
4.09
4.07
4.08
3.57
3.56
3.53
3.35
3.35
3.36
3.42
3.43
3.42
3.43
3.48
3.42
3.44
3.41
3.39
3.44
3.42
3.47
3.43
3.45
3.43
3.43
3.43
3.41
3.43
3.41
3.41
3.42
3.43
3.42
3.41
3.41
3.41
3.44
3.44
3.45
3.45
3.5
3.52
3.47
3.48
3.51
3.58
3.55
3.47
3.5
3.49
3.45
3.45
3.48
3.44
3.48
3.5
3.53
3.51
3.52
3.54
3.54
3.51
3.47
3.5
3.5
3.49
3.46
3.43
3.47
3.45
3.4
3.45
3.5
3.57
3.49
3.47
3.49
3.46
3.46
3.46
3.46
3.45
3.43
3.46
3.48
3.47
3.47
3.46
3.46
3.45
3.43
3.43
3.46
3.42
3.47
3.46
3.48
3.53
3.54
3.5
3.57
3.51
3.68
3.7
3.7
3.69
3.6
3.6
3.7
3.62
3.6
3.58
3.56
3.54
3.52
3.5
3.5
3.52
3.51
3.48
3.47
3.48
3.45
3.49
3.4
3.4
3.38
3.38
3.45
3.49
3.46
3.43
3.43
3.43
3.43
3.44
3.44
3.5
3.5
3.57
3.59
3.58
3.58
3.58
3.69
3.58
3.65
3.56
3.69
3.52
3.53
3.6
3.59
3.56
3.58
3.57
3.58
3.55
3.59
3.59
3.59
3.58
3.54
3.53
3.54
3.6
3.54
3.6
3.85
3.95
3.97
3.92
3.92
3.9
3.85
3.81
3.83
3.83
3.91
3.9
4.04
4.04
3.93
3.99
3.99
3.75
3.71
3.71
3.9
3.9
3.89
3.89
3.88
3.92
3.98
3.87
3.85
3.93
3.94
3.82
3.8
3.85
3.9
3.9
3.9
3.9
3.9
3.88
4.37
4.42
4.3
4.3
4.44
4.34
4.31
4.4
4.39
4.38
4.28
4.26
4.36
4.38
4.4
4.43
4.43
4.44
4.4
4.39
4.44
4.42
4.42
4.45
4.46
4.43
4.48
3.95
3.9
3.87
3.87
3.85
3.78
3.78
3.81
3.84
3.83
3.83
3.81
3.75
3.82
3.8
3.72
3.77
3.76
3.84
3.81
3.98
3.97
3.96
3.94
3.91
3.89
3.84
3.84
3.75
3.8
3.83
3.93
3.76
3.72
3.8
3.79
3.71
3.7
3.75
3.75
3.75
3.75
3.7
3.75
3.7
3.82
3.82
3.81
3.95
4.09
4.1
4.1
4.02
4.2
4.02
4.1
4.2
4.17
4.16
4.06
4.03
4.02
4.02
4.09
4.0
3.99
4.09
4.01
4.0
4.1
4.14
4.17
3.8
3.9
3.83
3.92
3.92
3.95
3.84
3.87
3.85
3.85
3.92
3.85
3.78
3.8
3.71
3.9
3.79
3.85
3.85
3.78
3.87
3.85
3.85
3.8
3.8
3.8
3.79
3.76
3.78
3.7
3.8
3.7
3.8
3.82
3.78
3.6
3.7
3.75
3.73
3.74
3.75
3.74
3.73
3.76
3.8
3.69
3.78
3.74
3.69
3.78
3.86
3.87
3.9
4.1
3.96
3.97
3.97
4.02
3.99
4.05
4.0
4.05
4.06
4.0
3.92
4.09
4.12
4.15
4.15
4.19
4.1
4.05
4.05
4.0
4.09
4.1
4.11
4.1
4.0
4.02
4.05
4.01
4.01
4.1
4.09
4.17
4.15
4.11
4.18
4.1
4.06
4.04
4.11
4.07
4.03
4.06
4.01
4.01
4.05
4.02
4.01
4.06
4.0
4.06
4.06
4.06
4.03
4.01
4.03
4.01
4.02
4.04
4.06
4.05
4.06
4.0
4.0
3.96
3.95
4.06
4.0
4.0
4.1
4.35
4.2
4.2
4.19
4.19
4.15
4.16
4.16
4.13
4.1
4.11
4.1
4.1
4.15
4.12
4.15
4.17
4.16
4.14
4.19
4.15
4.19
4.16
4.25
4.29
4.25
4.19
4.24
4.25
4.28
4.3
4.33
3.98
4.0
4.0
4.02
3.94
3.99
3.96
3.99
3.99
3.97
4.0
4.01
4.01
4.01
4.06
4.07
4.06
4.0
3.99
4.02
4.0
4.02
4.06
4.03
4.01
4.0
3.98
4.0
4.03
4.03
4.0
4.01
4.03
4.03
4.01
4.03
4.08
4.06
4.1
4.1
4.06
4.05
4.03
4.08
4.04
4.08
4.07
4.02
4.02
3.98
3.97
4.03
3.94
4.04
4.05
4.0
4.04
3.91
3.95
4.0
3.93
3.95
4.01
4.01
4.04
4.0
3.99
4.06
4.07
4.28
4.25
4.2
4.28
4.3
4.22
4.3
4.39
4.42
4.27
4.3
4.5
4.5
4.5
4.5
4.44
4.43
4.49
4.48
4.45
4.35
4.48
4.48
4.47
4.46
4.44
4.5
4.5
4.4
4.46
4.46
4.5
4.5
4.54
4.6
4.6
4.57
4.64
4.73
4.87
4.82
4.89
4.81
4.8
4.92
4.8
4.9
5.21
5.2
5.25
5.35
5.47
5.65
5.5
5.87
5.71
5.7
5.7
5.85
5.7
5.7
5.59
5.64
5.75
5.7
5.7
5.8
6.03
6.27
6.14
6.14
6.11
6.08
6.17
6.12
6.18
6.46
6.18
6.0
5.82
5.69
5.64
6.1
6.23
6.21
5.84
5.67
5.7
5.1
5.18
4.72
4.79
4.52
4.94
5.12
5.1
5.29
5.26
5.37
5.2
5.17
5.28
5.37
5.4
5.38
5.54
5.55
5.55
5.67
5.68
5.67
5.78
5.65
5.65
5.6
5.68
5.74
5.79
5.7
5.63
5.7
5.9
6.14
6.3
6.29
6.27
6.29
6.29
6.33
6.36
6.53
6.38
6.4
6.46
6.58
6.67
6.74
6.83
8.2
8.58
8.33
8.53
8.8
8.88
8.56
8.22
7.95
7.8
8.0
8.0
7.84
8.05
7.94
7.44
7.45
7.26
7.4
7.26
7.37
7.19
7.2
7.08
7.05
7.04
7.04
6.93
6.92
6.87
6.8
6.75
6.61
6.47
6.42
6.51
6.65
6.63
6.53
6.48
6.5
6.71
6.56
6.59
6.68
7.07
6.97
6.89
7.12
6.95
7.1
7.1
7.35
7.15
7.44
7.43
7.37
7.39
7.35
7.3
7.2
7.13
7.03
7.12
7.2
7.05
7.11
7.13
7.08
7.2
6.97
6.9
6.91
6.86
6.88
6.92
7.01
7.15
7.25
7.3
7.23
7.18
7.09
7.1
7.12
7.11
7.1
7.35
7.23
7.33
7.21
7.34
7.25
7.26
7.19
7.09
7.06
7.24
7.18
7.12
7.16
7.1
7.02
7.05
7.11
7.16
7.26
7.3
7.31
7.12
7.15
7.08
7.05
7.1
7.21
7.27
7.33
7.36
7.25
7.35
7.36
7.33
7.47
7.3
7.27
7.26
7.24
7.27
7.27
7.43
7.4
7.47
7.49
7.46
7.51
7.55
7.55
7.49
7.54
7.69
7.65
7.73
7.73
7.7
7.63
7.69
7.49
7.48
7.56
7.46
7.8
7.95
8.35
8.0
7.9
7.96
7.94
8.08
8.29
8.2
8.24
8.13
8.05
8.05
7.99
8.18
8.01
7.94
7.92
7.98
7.86
7.99
7.85
7.86
8.19
8.09
8.19
8.2
8.25
8.19
8.25
8.25
8.39
8.54
8.55
8.39
8.25
8.49
8.44
8.44
8.29
8.55
8.42
8.82
8.84
8.96
8.99
8.97
9.18
9.61
9.76
9.82
9.8
9.73
9.82
9.74
9.64
9.74
9.56
9.32
9.17
9.19
9.46
9.37
9.42
9.78
9.74
9.6
9.72
9.75
9.73
9.58
9.65
9.74
9.95
9.52
9.56
9.73
9.67
9.8
10.27
10.32
9.37
9.45
9.53
9.9
9.61
9.78
9.72
9.8
9.9
10.15
10.39
10.55
11.19
11.55
11.25
10.98
10.55
10.9
10.82
10.61
10.7
10.55
10.26
10.35
10.95
11.23
11.37
11.07
10.79
9.67
9.53
9.55
9.51
9.49
9.52
9.58
9.58
9.47
9.4
9.26
9.28
9.4
9.31
9.22
9.23
9.15
9.22
9.23
9.19
9.18
9.04
9.21
9.21
9.07
9.08
9.07
9.07
9.05
9.02
9.04
9.09
9.04
9.05
9.08
9.06
9.2
9.22
9.29
9.19
9.12
9.26
9.23
9.29
9.22
9.16
9.15
9.23
9.16
9.24
9.22
9.2
9.1
9.0
8.97
8.95
9.05
9.0
9.08
9.07
9.11
9.07
9.17
9.15
9.12
9.17
9.1
9.12
9.06
9.05
9.06
9.0
8.98
9.12
9.05
8.98
9.02
9.07
9.05
9.01
9.04
9.1
9.02
9.02
9.02
8.92
8.64
8.56
8.96
8.9
8.7
8.94
10.22
9.66
9.59
9.64
9.57
9.52
9.2
9.22
9.23
9.24
9.15
9.11
9.25
9.33
9.35
9.22
9.17
9.07
9.05
9.11
9.02
8.98
8.62
8.77
8.77
8.7
8.72
8.67
8.79
8.82
8.87
8.66
8.58
8.57
8.74
8.73
8.8
8.68
8.55
8.52
8.5
8.4
8.4
8.16
8.07
8.38
8.4
8.32
8.59
8.55
8.35
8.28
8.29
8.38
8.38
8.63
8.64
8.76
8.78
8.73
8.69
8.86
8.86
8.8
8.72
8.65
8.29
8.46
8.36
8.33
7.91
7.79
8.05
8.18
8.3
8.46
8.44
8.55
8.5
8.48
8.3
8.37
8.46
8.5
8.39
8.27
8.27
8.36
8.29
8.06
7.69
8.17
5.04
5.99
5.7
7.84
7.99
7.98
7.81
8.03
7.94
7.9
7.78
7.85
7.8
7.84
8.15
8.0
8.99
8.41
8.23
8.23
8.39
8.37
8.2
8.36
8.27
8.11
8.27
8.69
9.3
9.04
9.25
9.03
9.24
9.29
9.48
9.84
9.87
9.87
9.27
9.6
9.71
9.94
10.02
10.22
9.98
8.38
7.6
6.8
8.48
7.73
7.51
7.57
7.45
7.32
7.42
7.43
7.37
7.36
7.38
7.27
7.23
7.27
7.28
7.32
7.22
7.17
