close
0.3301
0.331
0.301
0.34
0.242
0.295
0.357
0.244
0.338
0.282
0.295
0.317
0.325
0.258
0.341
0.3
0.246
0.286
0.273
0.27
0.289
0.26
0.27
0.27
0.26
0.24
0.239
0.22
0.242
0.244
0.246
0.259
0.259
0.244
0.24
0.244
0.258
0.24
0.24
0.222
0.248
0.3
0.273
0.254
0.356
0.389
0.543
0.689
0.694
0.689
0.69
0.698
0.609
0.595
0.589
0.558
0.576
0.501
0.55
0.634
0.65
0.68
0.747
0.739
0.85
0.855
0.896
0.748
0.81
0.857
0.898
0.885
0.799
0.77
0.715
0.754
0.734
0.72
0.718
0.706
0.694
0.665
0.675
0.862
0.714
0.629
0.649
0.74
0.69
0.675
0.665
0.689
0.7
0.693
0.715
0.699
0.711
0.701
0.7
0.805
0.738
0.721
0.711
0.717
0.9
0.879
0.788
0.784
0.767
0.77
0.727
0.786
0.786
0.62
0.679
0.581
0.67
0.668
0.675
0.679
0.681
0.686
0.687
0.671
0.682
0.685
0.686
0.685
0.681
0.952
0.928
1.014
1.084
1.3
0.999
0.971
0.909
0.947
0.962
0.975
0.978
1.156
0.9
0.879
0.805
0.733
0.711
0.728
0.71
0.71
0.686
0.689
0.67
0.635
0.609
0.624
0.615
0.54
0.572
0.54
0.595
0.546
0.555
0.552
0.531
0.558
0.557
0.568
0.525
0.535
0.549
0.548
0.519
0.528
0.507
0.51
0.517
0.5
0.475
0.502
0.5
0.5
0.485
0.508
0.466
0.52
0.475
0.51
0.471
0.525
0.5
0.501
0.525
0.5
0.501
0.5
0.491
0.513
0.495
0.48
0.518
0.518
0.518
0.496
0.473
0.513
0.455
0.461
0.452
0.46
0.458
0.456
0.495
0.47
0.474
0.451
0.461
0.451
0.444
0.476
0.452
0.454
0.388
0.381
0.376
0.374
0.405
0.4
0.451
0.41
0.451
0.438
0.445
0.43
0.43
0.378
0.384
0.435
0.35
0.369
0.354
0.352
0.35
0.343
0.4
0.333
0.333
0.375
0.386
0.388
0.345
0.31
0.323
0.414
0.39
0.361
0.34
0.34
0.37
0.401
0.397
0.374
0.369
0.365
0.367
0.366
0.362
0.381
0.36
0.392
0.34
0.36
0.33
0.35
0.34
0.35
0.35
0.34
0.33
0.35
0.346
0.33
0.33
0.335
0.331
0.315
0.3
0.3
0.3
0.305
0.305
0.3
0.293
0.302
0.3
0.3
0.321
0.308
0.309
0.311
0.317
0.316
0.316
0.315
0.316
0.317
0.317
0.321
0.324
0.328
0.331
0.33
0.334
0.34
0.35
0.37
0.355
0.327
0.333
0.333
0.336
0.34
0.332
0.333
0.321
0.321
0.36
0.342
0.34
0.335
0.33
0.335
0.33
0.321
0.32
0.312
0.3
0.3
0.3
0.304
0.303
0.301
0.317
0.31
0.333
0.33
0.32
0.291
0.277
0.3
0.27
0.27
0.262
0.25
0.232
0.23
0.25
0.236
0.26
0.25
0.27
0.25
0.27
0.25
0.266
0.26
0.26
0.27
0.286
0.248
0.24
0.244
0.224
0.25
0.24
0.25
0.286
0.35
0.344
0.324
0.304
0.29
0.3
0.3
0.278
0.278
0.26
0.25
0.26
0.27
0.26
0.27
0.298
0.29
0.29
0.29
0.404
0.376
0.36
0.368
0.36
0.336
0.358
0.5
0.698
0.574
0.49
0.53
0.522
0.484
0.462
0.462
0.462
0.458
0.43
0.498
0.486
0.498
0.496
0.464
0.468
0.454
0.634
0.556
0.538
0.526
0.5
0.482
0.478
0.466
0.524
0.546
0.572
0.578
0.562
0.522
0.504
0.506
0.512
0.504
0.5
0.528
0.52
0.5
0.508
0.54
0.516
0.516
0.51
0.514
0.512
0.512
0.512
0.508
0.526
0.518
0.524
0.538
0.54
0.534
0.5
0.532
0.486
0.482
0.516
0.496
0.508
0.498
0.478
0.448
0.444
0.448
0.446
0.474
0.442
0.442
0.43
0.448
0.45
0.47
0.468
0.494
0.47
0.552
0.55
0.558
0.542
0.528
0.528
0.508
0.5
0.5
0.502
0.534
0.53
0.532
0.53
0.558
0.544
0.53
0.534
0.568
0.55
0.564
0.568
0.572
0.592
0.648
0.674
0.654
0.664
0.632
0.604
0.614
0.586
0.604
0.61
0.634
0.618
0.636
0.612
0.61
0.61
0.604
0.612
0.616
0.618
0.6
0.578
0.56
0.55
0.558
0.524
0.544
0.558
0.578
0.56
0.57
0.546
0.538
0.532
0.522
0.556
0.582
0.584
0.57
0.582
0.582
0.588
0.546
0.548
0.544
0.536
0.526
0.526
0.694
0.624
0.578
0.606
0.586
0.586
0.578
0.576
0.578
0.572
0.566
0.582
0.566
0.58
0.564
0.568
0.56
0.568
0.56
0.542
0.558
0.596
0.572
0.588
0.604
0.584
0.588
0.586
0.59
0.602
0.626
0.61
0.622
0.604
0.606
0.584
0.616
0.616
0.6
0.62
0.6
0.612
0.628
0.62
0.624
0.638
0.626
0.64
0.654
0.65
0.638
0.65
0.63
0.656
0.688
0.686
0.672
0.672
0.642
0.608
0.614
0.61
0.54
0.588
0.518
0.53
0.44
0.456
0.436
0.402
0.374
0.4
0.414
0.438
0.44
0.446
0.468
0.45
0.438
0.45
0.468
0.468
0.46
0.47
0.488
0.488
0.498
0.496
0.494
0.506
0.508
0.488
0.486
0.5
0.48
0.49
0.49
0.488
0.488
0.482
0.496
0.52
0.508
0.494
0.694
0.618
0.618
0.618
0.6
0.55
0.544
0.586
0.566
0.556
0.55
0.55
0.552
0.556
0.586
0.596
0.578
0.57
0.572
0.572
0.57
0.568
0.57
0.592
0.608
0.602
0.584
0.592
0.6
0.59
0.59
0.59
0.58
0.572
0.57
0.568
0.582
0.598
0.594
0.614
0.606
0.608
0.598
0.608
0.608
0.604
0.6
0.61
0.634
0.614
0.614
0.602
0.606
0.608
0.61
0.612
0.608
0.658
0.626
0.652
0.638
0.666
0.656
0.7
0.7
0.79
0.75
0.738
0.77
0.74
0.748
0.77
0.75
0.748
0.738
0.722
0.726
0.744
0.73
0.72
0.716
0.738
0.68
0.64
0.62
0.618
0.618
0.632
0.624
0.642
0.64
0.622
0.626
0.624
0.64
0.65
0.648
0.64
0.646
0.64
0.622
0.618
0.61
0.618
0.622
0.622
0.616
0.614
0.612
0.618
0.614
0.604
0.602
0.68
0.628
0.62
0.608
0.614
0.6
0.61
0.61
0.602
0.588
0.654
0.648
0.636
0.624
0.628
0.62
0.622
0.62
0.616
0.618
0.618
0.61
0.61
0.612
0.604
0.616
0.614
0.61
0.606
0.606
0.614
0.612
0.602
0.61
0.614
0.612
0.614
0.604
0.602
0.6
0.6
0.606
0.6
0.6
0.6
0.608
0.604
0.616
0.608
0.604
0.612
0.606
0.614
0.628
0.624
0.618
0.608
0.608
0.642
0.66
0.65
0.648
0.644
0.638
0.646
0.644
0.65
0.652
0.658
0.664
0.662
0.67
0.66
0.656
0.654
0.656
0.66
0.656
0.666
0.664
0.65
0.654
0.652
0.666
0.664
0.66
0.67
0.696
0.67
0.666
0.628
0.63
0.632
0.636
0.632
0.622
0.624
0.618
0.62
0.62
0.628
0.634
0.62
0.624
0.616
0.622
0.62
0.622
0.618
0.612
0.61
0.61
0.612
0.616
0.62
0.618
0.62
0.616
0.612
0.612
0.624
0.62
0.62
0.614
0.618
0.624
0.626
0.618
0.638
0.66
0.642
0.632
0.634
0.63
0.632
0.618
0.62
0.63
0.624
0.628
0.624
0.62
0.62
0.622
0.62
0.622
0.624
0.628
0.628
0.626
0.63
0.626
0.63
0.634
0.644
0.654
0.64
0.65
0.648
0.644
0.64
0.65
0.644
0.658
0.638
0.646
0.652
0.644
0.638
0.646
0.646
0.642
0.638
0.652
0.646
0.642
0.648
0.642
0.646
0.66
0.658
0.654
0.654
0.648
0.642
0.646
0.64
0.63
0.632
0.622
0.62
0.624
0.644
0.646
0.648
0.65
0.646
0.632
0.634
0.636
0.64
0.628
0.64
0.628
0.626
0.626
0.624
0.63
0.624
0.638
0.638
0.648
0.644
0.638
0.648
0.646
0.636
0.634
0.636
0.64
0.638
0.638
0.642
0.642
0.656
0.65
0.648
0.652
0.65
0.65
0.654
0.654
0.65
0.652
0.644
0.644
0.652
0.642
0.632
0.674
0.64
0.676
0.67
0.698
0.68
0.676
0.68
0.756
0.77
0.744
0.724
0.72
0.728
0.71
0.722
0.716
0.7
0.68
0.674
0.68
0.7
0.718
0.708
0.7
0.684
0.67
0.666
0.67
0.68
0.68
0.678
0.672
0.664
0.67
0.642
0.642
0.64
0.66
0.646
0.666
0.65
0.65
0.658
0.656
0.642
0.642
0.616
0.626
0.608
0.594
0.598
0.592
0.594
0.58
0.584
0.59
0.58
0.58
0.604
0.592
0.588
0.584
0.598
0.598
0.612
0.604
0.588
0.588
0.588
0.586
0.59
0.584
0.558
0.536
0.544
0.564
0.568
0.536
0.532
0.544
0.55
0.58
0.582
0.582
0.584
0.58
0.566
0.596
0.586
0.596
0.582
0.572
0.59
0.584
0.576
0.562
0.558
0.366
0.472
0.466
0.466
0.65
0.616
0.606
0.602
0.592
0.63
0.594
0.58
0.57
0.568
0.58
0.64
0.6
0.61
0.59
0.58
0.604
0.608
0.6
0.604
0.602
0.604
0.598
0.59
0.6
0.586
0.59
0.586
0.59
0.59
0.6
0.61
0.62
0.596
0.6
0.596
0.588
0.59
0.59
0.574
0.584
0.572
0.574
0.566
0.566
0.57
0.576
0.578
0.58
0.578
0.58
0.604
0.588
0.592
0.59
0.584
0.586
0.606
