close
0.374
0.368
0.37
0.37
0.322
0.35
0.35
0.3695
0.368
0.35
0.3694
0.361
0.3737
0.37
0.33
0.32
0.3115
0.32
0.33
0.3101
0.3
0.32
0.32
0.301
0.33
0.3
0.3
0.29
0.29
0.288
0.29
0.274
0.299
0.272
0.296
0.28
0.27
0.303
0.264
0.266
0.24
0.259
0.261
0.225
0.281
0.25
0.225
0.28
0.29
0.26
0.305
0.28
0.276
0.297
0.27
0.322
0.319
0.3
0.297
0.305
0.306
0.307
0.307
0.306
0.286
0.285
0.28
0.3
0.3
0.291
0.3
0.287
0.281
0.28
0.297
0.28
0.28
0.272
0.298
0.258
0.26
0.25
0.268
0.266
0.247
0.248
0.27
0.262
0.262
0.27
0.258
0.261
0.268
0.265
0.258
0.299
0.277
0.27
0.252
0.278
0.244
0.25
0.265
0.27
0.256
0.26
0.27
0.253
0.25
0.25
0.243
0.28
0.27
0.272
0.38
0.38
0.459
0.488
0.415
0.396
0.4
0.339
0.357
0.33
0.32
0.319
0.316
0.316
0.32
0.313
0.348
0.336
0.32
0.333
0.34
0.32
0.34
0.334
0.369
0.379
0.341
0.33
0.32
0.311
0.349
0.375
0.459
0.381
0.399
0.41
0.449
0.45
0.4
0.401
0.417
0.4
0.45
0.391
0.395
0.444
0.409
0.389
0.383
0.402
0.39
0.404
0.407
0.402
0.392
0.4
0.403
0.402
0.407
0.4
0.418
0.423
0.469
0.5
0.546
0.391
0.477
0.503
0.479
0.384
0.439
0.5
0.499
0.506
0.475
0.493
0.492
0.482
0.47
0.51
0.47
0.471
0.478
0.494
0.5
0.487
0.5
0.47
0.5
0.5
0.5
0.503
0.503
0.498
0.493
0.5
0.5
0.49
0.482
0.494
0.425
0.488
0.415
0.401
0.4
0.399
0.349
0.368
0.364
0.37
0.369
0.43
0.44
0.43
0.431
0.45
0.472
0.473
0.477
0.471
0.469
0.415
0.405
0.43
0.42
0.4
0.398
0.398
0.397
0.39
0.389
0.378
0.375
0.365
0.367
0.363
0.369
0.362
0.36
0.355
0.35
0.362
0.351
0.374
0.355
0.35
0.364
0.357
0.364
0.356
0.355
0.349
0.349
0.347
0.347
0.345
0.34
0.331
0.338
0.332
0.348
0.347
0.341
0.347
0.347
0.348
0.341
0.346
0.339
0.316
0.35
0.357
0.33
0.329
0.335
0.345
0.33
0.345
0.331
0.33
0.33
0.329
0.329
0.33
0.33
0.33
0.327
0.303
0.322
0.322
0.345
0.322
0.302
0.301
0.314
0.306
0.34
0.349
0.342
0.326
0.29
0.31
0.269
0.279
0.269
0.257
0.252
0.246
0.26
0.248
0.246
0.27
0.252
0.25
0.252
0.251
0.236
0.252
0.252
0.234
0.232
0.23
0.24
0.251
0.22
0.252
0.25
0.22
0.239
0.23
0.23
0.23
0.229
0.229
0.222
0.223
0.23
0.225
0.215
0.214
0.222
0.221
0.225
0.225
0.225
0.22
0.222
0.22
0.22
0.23
0.225
0.233
0.226
0.229
0.226
0.226
0.238
0.23
0.237
0.24
0.232
0.23
0.229
0.226
0.23
0.236
0.238
0.236
0.23
0.224
0.225
0.224
0.23
0.23
0.23
0.23
0.225
0.22
0.215
0.22
0.226
0.23
0.227
0.22
0.22
0.204
0.193
0.187
0.184
0.196
0.198
0.192
0.197
0.198
0.218
0.206
0.204
0.203
0.203
0.207
0.208
0.206
0.21
0.215
0.22
0.221
0.211
0.215
0.205
0.207
0.204
0.219
0.205
0.206
0.205
0.192
0.204
0.191
0.195
0.19
0.194
0.194
0.198
0.199
0.188
0.195
0.192
0.195
0.193
0.19
0.195
0.205
0.21
0.211
0.188
0.195
0.189
0.189
0.192
0.189
0.188
0.184
0.188
0.19
0.19
0.194
0.188
0.193
0.206
0.198
0.205
0.211
0.21
0.19
0.199
0.2
0.189
0.195
0.19
0.198
0.199
0.198
0.195
0.2
0.204
0.195
0.194
0.195
0.182
0.19
0.179
0.184
0.18
0.18
0.18
0.18
0.18
0.185
0.175
0.18
0.183
0.169
0.17
0.168
0.175
0.182
0.188
0.181
0.18
0.178
0.17
0.172
0.165
0.17
0.172
0.172
0.17
0.172
0.186
0.175
0.183
0.179
0.182
0.19
0.18
0.182
0.187
0.195
0.19
0.204
0.19
0.19
0.182
0.182
0.19
0.188
0.176
0.186
0.175
0.18
0.184
0.189
0.199
0.19
0.186
0.192
0.19
0.185
0.18
0.253
0.22
0.205
0.207
0.194
0.198
0.204
0.206
0.286
0.363
0.25
0.23
0.265
0.25
0.232
0.227
0.225
0.235
0.226
0.222
0.252
0.25
0.256
0.251
0.242
0.236
0.244
0.312
0.264
0.239
0.245
0.237
0.238
0.244
0.237
0.268
0.272
0.28
0.28
0.273
0.274
0.268
0.264
0.262
0.257
0.261
0.277
0.28
0.262
0.275
0.275
0.282
0.28
0.256
0.265
0.266
0.265
0.265
0.267
0.266
0.265
0.264
0.264
0.263
0.258
0.262
0.259
0.258
0.2585
0.2585
0.262
0.2595
0.26
0.2575
0.259
0.2565
0.244
0.2445
0.244
0.245
0.228
0.223
0.2245
0.219
0.2185
0.218
0.2145
0.212
0.21
0.207
0.2055
0.201
0.2055
0.202
0.2
0.2005
0.205
0.205
0.205
0.203
0.203
0.2105
0.2115
0.2055
0.21
0.208
0.2055
0.236
0.232
0.227
0.221
0.2295
0.228
0.22
0.23
0.228
0.229
0.227
0.2275
0.221
0.229
0.2275
0.2285
0.223
0.2235
0.221
0.218
0.23
0.2295
0.2305
0.215
0.2195
0.2245
0.228
0.227
0.227
0.2215
0.231
0.2255
0.227
0.227
0.2315
0.232
0.233
0.233
0.2345
0.235
0.239
0.2395
0.24
0.242
0.242
0.24
0.234
0.238
0.2405
0.2335
0.235
0.2245
0.2255
0.2315
0.2255
0.223
0.224
0.222
0.222
0.218
0.227
0.2205
0.2265
0.221
0.2295
0.2295
0.2225
0.23
0.2315
0.228
0.227
0.228
0.23
0.227
0.2235
0.2235
0.227
0.252
0.26
0.236
0.236
0.243
0.2335
0.2275
0.234
0.2395
0.242
0.24
0.232
0.235
0.232
0.23
0.23
0.2255
0.226
0.231
0.2305
0.2275
0.2275
0.2315
0.2315
0.2395
0.2515
0.257
0.252
0.245
0.2545
0.264
0.2615
0.2565
0.255
0.253
0.2465
0.2485
0.244
0.254
0.2545
0.2485
0.257
0.247
0.257
0.257
0.255
0.2595
0.2505
0.2575
0.256
0.258
0.2625
0.2585
0.2635
0.259
0.265
0.27
0.259
0.259
0.2455
0.239
0.2475
0.243
0.241
0.244
0.231
0.2215
0.2145
0.2035
0.208
0.1865
0.1855
0.1825
0.1905
0.2005
0.2
0.2075
0.2115
0.2135
0.216
0.214
0.2225
0.223
0.222
0.234
0.231
0.242
0.231
0.23
0.237
0.231
0.2345
0.238
0.232
0.2265
0.2205
0.2255
0.235
0.236
0.235
0.235
0.237
0.246
0.3425
0.283
0.276
0.2635
0.265
0.265
0.2695
0.274
0.2695
0.264
0.2615
0.262
0.26
0.259
0.271
0.264
0.26
0.2575
0.257
0.2525
0.245
0.248
0.242
0.249
0.245
0.247
0.252
0.248
0.246
0.246
0.245
0.247
0.245
0.2445
0.245
0.2415
0.2415
0.262
0.26
0.264
0.26
0.2655
0.2655
0.2645
0.264
0.263
0.2555
0.2525
0.26
0.2645
0.262
0.2585
0.258
0.257
0.2795
0.2795
0.2795
0.2795
0.2965
0.2985
0.304
0.3
0.319
0.306
0.3005
0.3
0.299
0.3015
0.326
0.3275
0.3295
0.3285
0.3235
0.318
0.314
0.3145
0.321
0.31
0.3095
0.3025
0.29
0.2705
0.2685
0.2835
0.2815
0.2855
0.286
0.284
0.289
0.29
0.2825
0.285
0.2815
0.2825
0.2765
0.28
0.2825
0.2775
0.2685
0.272
0.2735
0.27
0.283
0.2855
0.2895
0.285
0.284
0.282
0.286
0.2855
0.2845
0.284
0.2895
0.293
0.292
0.29
0.2875
0.28
0.2715
0.26
0.267
0.27
0.27
0.27
0.27
0.27
0.2675
0.272
0.27
0.28
0.281
0.2795
0.2705
0.27
0.282
0.283
0.2805
0.2845
0.287
0.277
0.28
0.2775
0.2845
0.2875
0.2885
0.2885
0.285
0.28
0.2835
0.281
0.286
0.287
0.2865
0.288
0.2765
0.278
0.2755
0.279
0.2815
0.2805
0.2785
0.2765
0.2775
0.278
0.282
0.279
0.282
0.2845
0.2865
0.286
0.293
0.283
0.289
0.286
0.279
0.2865
0.289
0.286
0.286
0.2785
0.2875
0.2875
0.2815
0.287
0.2875
0.287
0.2875
0.284
0.287
0.285
0.288
0.2875
0.2845
0.284
0.2815
0.283
0.2825
0.2775
0.27
0.267
0.264
0.266
0.27
0.2725
0.266
0.2625
0.266
0.267
0.2725
0.276
0.2765
0.273
0.2715
0.2685
0.272
0.2655
0.2635
0.2665
0.268
0.268
0.2695
0.2705
0.273
0.2765
0.271
0.2735
0.268
0.267
0.2755
0.2735
0.269
0.2715
0.273
0.277
0.279
0.279
0.28
0.279
0.279
0.2765
0.2795
0.275
0.2805
0.28
0.282
0.283
0.29
0.2875
0.2875
0.2895
0.293
0.291
0.2905
0.291
0.29
0.2925
0.294
0.287
0.2965
0.2875
0.297
0.288
0.2875
0.2865
0.2995
0.301
0.3045
0.3055
0.3085
0.2975
0.3095
0.313
0.3005
0.313
0.3195
0.312
0.301
0.3
0.296
0.2985
0.305
0.293
0.2935
0.314
0.3175
0.306
0.305
0.31
0.303
0.2995
0.296
0.2935
0.295
0.2985
0.2965
0.302
0.2975
0.308
0.309
0.315
0.315
0.3115
0.315
0.3165
0.317
0.3165
0.317
0.31
0.3115
0.312
0.305
0.299
0.2995
0.3005
0.2975
0.3225
0.3235
0.323
0.316
0.33
0.3475
0.3415
0.327
0.333
0.3385
0.3435
0.339
0.3435
0.3495
0.3495
0.3475
0.3485
0.3575
0.357
0.355
0.347
0.3555
0.3545
0.335
0.334
0.33
0.321
0.32
0.313
0.345
0.3335
0.3315
0.33
0.3225
0.337
0.33
0.337
0.367
0.3605
0.362
0.35
0.344
0.355
0.342
0.336
0.339
0.341
0.341
0.336
0.341
0.34
0.337
0.34
0.337
0.332
0.33
0.3275
0.326
0.321
0.325
0.326
0.3255
0.3275
0.3105
0.31
0.303
0.315
0.3195
0.309
0.31
0.3135
0.3305
0.332
0.33
0.3275
0.325
0.297
0.296
0.296
0.2865
0.282
0.2905
0.286
0.2895
0.2875
0.2905
0.302
0.316
0.32
0.324
0.3355
0.3365
0.3295
0.339
0.338
0.3395
0.3335
0.333
0.3405
0.337
0.3405
0.335
0.307
0.3125
0.335
0.3415
0.324
0.313
0.3315
0.322
0.3095
0.3265
0.3205
0.334
0.3385
0.3245
0.33
0.329
0.33
0.3295
0.3185
0.3245
0.3295
0.3245
0.319
0.304
0.3135
0.213
0.2975
0.2425
0.2505
0.2975
0.2835
0.273
0.2845
0.2755
0.2705
0.2735
0.285
0.275
0.274
0.279
0.3055
0.3015
0.298
0.2935
0.293
0.3235
0.309
0.297
0.302
0.308
0.3025
0.2985
0.2925
0.293
0.292
0.2905
0.291
0.299
0.293
0.299
0.294
0.292
0.285
0.2825
0.2815
0.282
0.2815
0.2935
0.286
0.288
0.3015
0.2925
0.288
0.285
0.2855
0.2915
0.2825
