close
6.45
6.45
6.3718
6.3505
6.2501
6.4
6.3526
6.6997
6.2501
6.2
6.6997
6.47
6.5499
6.5
6.55
6.5
6.5011
6.578
6.5995
6.5996
6.5997
6.7
6.6
6.7001
6.5001
6.75
7.1099
6.401
6.7
6.6497
6.3013
6.45
6.3999
6.42
6.4
6.5997
6.5496
6.3511
6.3999
6.5997
6.7999
6.45
6.5012
6.5
6.9999
6.5055
6.701
6.7
6.9
6.9999
7.0
6.9999
6.999
7.1
7.25
7.25
7.23
7.1002
7.1002
7.0
7.0
7.1
7.1
7.1
7.05
7.0
7.03
7.2
8.0
8.0
7.6
8.16
8.8
8.95
9.0
8.99
9.2
9.25
9.48
9.25
9.37
9.0
9.1
9.29
9.0
9.37
9.4
9.4
9.4
9.48
9.5
9.3
9.34
9.5
9.7
9.95
9.6
9.74
9.8
9.3
9.5
10.19
10.19
10.51
11.3
12.29
12.5
13.4
13.8
13.99
14.5
14.7
14.5
14.48
14.6
14.01
14.0
14.3
14.5
14.99
16.0
16.0
16.0
16.99
16.0
16.5
16.1
16.5
17.5
17.9
17.99
16.51
16.53
16.99
16.9
16.03
16.49
16.49
16.47
16.39
16.0
15.8
15.7
15.7
16.5
18.0
18.2
17.85
17.9
17.3
17.4
16.7
16.5
18.0
19.0
20.2
21.0
22.0
22.0
22.49
22.0
21.97
21.44
21.45
22.3
21.98
21.74
21.58
21.65
21.97
22.0
22.29
22.28
22.37
22.39
22.13
21.98
22.05
22.0
22.05
21.98
20.7
20.89
20.88
20.99
20.99
20.9
20.0
20.45
19.5
19.3
19.3
18.85
19.35
19.35
19.55
18.4
18.4
18.4
18.4
18.65
18.7
18.65
18.9
19.0
18.15
18.8
18.5
18.2
18.25
18.75
18.9
18.5
18.3
18.35
18.45
18.25
18.4
18.5
18.95
19.5
19.6
19.65
19.45
25.0
24.45
24.25
24.7
28.75
27.35
28.1
28.8
29.1
30.0
31.35
30.15
31.8
31.1
29.05
28.6
28.9
28.05
26.75
26.95
26.85
26.45
26.8
26.2
26.5
27.0
26.7
26.7
26.45
26.6
26.0
26.0
26.0
26.0
26.0
27.1
26.5
27.0
26.5
26.6
25.95
25.8
25.9
26.0
26.0
26.0
26.15
26.5
27.5
27.0
27.0
27.0
26.55
26.5
26.55
27.0
27.0
27.95
28.5
28.5
28.5
28.2
28.55
29.0
29.0
29.5
29.9
29.85
30.0
30.25
31.95
31.25
32.0
31.2
31.35
32.0
32.0
31.0
32.0
30.75
30.8
31.0
30.0
30.0
30.0
29.8
30.3
30.0
30.5
31.0
29.0
29.8
28.8
28.1
29.0
28.1
29.2
28.5
28.0
27.5
27.2
27.3
27.3
26.7
27.4
27.3
28.4
29.8
30.7
31.0
31.2
32.9
32.9
33.5
35.0
33.4
32.1
32.1
32.0
32.2
30.7
31.0
31.5
31.5
33.3
32.1
32.9
32.3
32.6
32.3
32.5
32.7
33.8
32.9
32.5
32.0
32.9
33.0
34.7
34.8
33.2
34.9
33.9
33.5
33.0
33.6
33.1
33.6
33.3
33.6
33.4
33.7
34.3
34.0
34.2
36.5
35.5
36.9
36.6
35.3
36.9
36.4
36.5
36.7
36.3
36.8
38.5
40.0
40.5
41.0
40.6
40.1
38.9
37.3
37.7
37.0
38.7
38.0
38.6
38.8
38.7
39.0
40.0
40.0
40.0
40.0
39.5
39.4
39.6
39.9
40.9
40.8
41.0
39.3
38.7
38.8
38.2
38.0
39.5
40.6
36.5
37.6
37.9
37.5
36.8
37.4
37.6
37.5
37.4
37.9
37.5
36.9
36.4
36.2
37.0
37.3
36.4
36.5
37.3
37.4
37.0
37.1
37.0
37.9
38.0
38.0
37.9
37.9
37.9
38.0
37.8
38.4
36.8
37.3
37.4
37.3
37.1
37.0
37.8
38.3
38.0
37.8
38.8
38.6
37.8
39.0
38.5
38.6
38.6
38.1
38.6
40.0
41.0
40.5
41.1
39.5
39.2
39.0
39.7
39.8
40.7
42.2
43.3
44.0
42.5
42.0
43.0
43.0
43.0
43.0
42.0
41.3
41.3
42.3
41.1
40.6
40.5
40.6
42.7
42.7
42.6
41.8
42.0
42.6
41.6
42.0
42.5
42.2
42.2
41.2
41.5
41.5
41.8
42.2
42.0
42.0
42.8
42.0
42.4
42.3
42.3
42.7
42.9
43.0
43.0
42.8
43.4
43.4
43.5
43.1
42.8
43.6
43.5
43.4
42.4
41.4
41.8
42.7
42.3
41.9
42.1
42.5
42.5
42.0
42.0
42.2
42.5
42.5
42.1
42.3
41.4
42.0
42.3
42.0
42.3
42.8
42.5
42.6
42.0
42.0
42.0
42.3
42.2
43.0
42.9
42.9
42.9
43.4
43.0
43.7
43.7
43.0
42.7
42.7
42.7
41.9
42.3
42.0
42.0
41.0
41.1
40.6
42.7
43.1
43.0
43.4
43.5
43.6
43.7
43.9
44.3
44.1
43.8
44.0
44.2
44.0
43.4
43.1
43.3
44.0
44.3
45.0
45.0
44.9
45.8
45.9
45.6
46.0
46.0
47.0
47.5
46.5
47.1
47.8
48.0
48.3
48.4
47.9
47.1
47.4
48.0
48.4
48.9
49.4
50.2
51.4
49.2
49.9
49.5
49.9
51.9
55.5
53.8
54.6
56.4
56.8
57.5
57.6
58.0
57.7
57.8
58.4
58.8
57.5
57.3
57.9
58.4
59.8
62.2
63.0
63.1
62.7
63.9
63.9
64.0
64.3
67.9
64.6
66.9
64.6
58.6
57.9
58.2
59.4
59.8
61.5
63.4
64.3
67.0
66.0
65.7
66.0
65.8
67.9
66.8
64.7
63.1
62.6
64.9
66.5
66.0
66.4
66.6
67.0
67.0
66.7
66.5
66.5
65.5
65.1
65.0
65.0
65.2
63.9
63.6
62.8
64.0
63.0
64.1
63.7
62.9
62.0
61.0
60.5
62.4
63.5
63.4
64.4
64.0
64.0
61.8
61.5
63.0
63.8
64.5
63.5
63.0
65.2
67.0
68.7
70.6
70.8
71.6
71.5
71.6
70.1
69.8
71.8
71.8
71.4
71.4
71.8
71.5
70.4
71.9
71.8
71.0
71.0
71.7
71.9
73.0
71.5
73.0
73.3
72.4
72.1
75.0
73.9
73.1
74.7
73.9
73.9
72.0
73.0
72.5
72.6
73.2
72.1
72.7
72.0
72.0
72.7
72.5
72.3
73.0
72.4
72.7
72.5
72.7
72.0
72.0
72.2
71.6
72.0
71.4
71.9
71.0
72.0
71.9
72.8
71.9
71.9
73.0
72.8
72.3
72.0
72.8
72.1
73.9
72.5
72.0
72.5
72.3
72.9
72.9
72.1
72.3
73.0
73.2
73.0
73.0
72.6
72.8
72.3
72.6
72.8
73.2
72.8
72.4
72.9
73.0
73.0
73.2
72.9
73.0
72.8
72.3
72.3
72.3
72.6
72.5
72.9
73.0
71.8
72.0
72.4
72.0
72.7
72.2
72.0
73.9
77.0
80.2
82.0
80.7
79.6
82.0
80.6
80.1
80.9
82.2
80.5
80.1
81.5
79.8
79.5
79.3
79.2
79.7
78.8
79.3
79.6
79.8
78.0
78.8
80.0
79.9
79.9
79.9
77.9
80.4
79.9
79.0
79.5
79.0
81.5
81.0
83.0
82.9
83.0
83.0
83.6
84.9
85.5
87.5
89.8
88.1
84.2
84.0
83.9
84.0
84.5
84.0
84.0
83.5
84.0
86.3
88.9
90.5
91.5
91.1
89.4
90.0
90.4
92.2
92.0
90.9
90.2
89.9
89.8
88.5
89.1
91.9
90.5
91.4
91.4
91.0
91.5
91.6
89.7
91.5
91.5
90.6
90.0
90.2
90.4
90.5
90.5
90.6
90.0
89.9
88.1
88.3
88.1
88.5
88.0
88.8
89.0
91.4
92.9
92.9
92.8
94.1
94.1
94.7
95.0
92.7
95.4
97.2
99.8
102.0
101.3
101.9
102.7
101.9
101.4
102.5
102.8
100.0
96.3
97.8
96.5
95.8
97.5
97.5
97.2
96.8
96.4
96.6
96.1
96.7
96.8
97.0
96.1
96.7
95.4
95.4
95.6
95.5
96.6
96.6
96.6
96.0
95.9
96.0
96.3
95.8
95.9
97.8
96.0
96.5
96.5
96.4
95.8
96.5
96.8
96.2
96.5
97.5
97.0
98.6
99.8
100.0
101.2
100.6
100.5
100.6
100.5
99.5
98.9
98.9
98.4
97.7
98.5
98.4
99.5
98.5
98.5
98.4
98.9
97.0
96.6
97.8
97.8
98.0
96.8
97.5
97.0
98.0
98.0
98.7
98.3
97.5
98.7
99.0
98.4
97.0
96.9
97.6
97.3
96.8
96.2
95.6
94.3
92.6
94.8
95.3
93.5
93.1
93.8
94.0
94.0
94.0
93.8
95.1
97.0
96.5
97.5
100.4
98.6
100.0
100.8
102.0
101.0
100.0
101.8
100.0
101.0
101.0
101.6
100.2
102.0
102.4
100.2
101.4
101.8
100.8
101.0
101.4
102.6
102.2
101.8
101.0
101.0
100.0
102.0
102.4
102.6
102.0
102.0
102.2
102.6
102.6
101.6
101.8
101.8
100.6
102.2
101.2
101.8
101.6
102.0
100.8
101.0
100.8
101.0
100.2
100.0
100.0
100.6
100.0
100.0
99.2
100.0
100.2
101.0
101.2
100.0
99.6
99.2
98.6
99.0
99.2
98.6
98.6
99.2
98.4
97.6
98.2
97.2
98.2
97.2
97.0
97.2
96.8
96.0
95.6
96.0
96.8
97.2
96.0
97.4
97.4
97.4
97.2
99.0
99.6
98.8
98.8
99.4
99.2
99.2
99.4
98.6
98.0
98.6
97.6
97.6
97.4
101.4
101.0
101.2
99.0
99.8
98.8
98.4
99.0
99.8
99.0
100.4
100.2
101.4
101.4
100.2
100.4
101.8
102.2
103.4
103.6
102.6
102.6
102.0
103.7
96.8
95.7
93.2
91.3
91.3
89.6
88.4
90.5
92.6
92.6
92.7
92.6
91.9
91.7
90.4
90.1
89.7
90.0
89.3
89.3
89.0
88.8
89.0
90.7
91.6
90.0
89.3
90.1
90.0
89.4
91.4
93.6
93.3
94.0
95.0
94.7
96.8
96.0
95.0
94.4
93.8
93.7
93.7
93.6
93.5
95.5
96.2
96.0
96.1
96.0
95.2
94.2
93.3
94.0
92.6
92.9
92.9
92.7
92.5
92.7
93.0
93.0
91.9
91.8
91.7
91.6
91.6
92.0
92.2
92.0
92.2
93.0
94.0
95.0
95.9
95.8
96.1
96.4
96.9
96.0
97.0
96.8
96.8
97.0
96.6
95.0
95.8
95.9
96.1
97.0
96.8
96.0
96.1
96.0
95.9
95.3
96.7
96.5
96.0
97.0
97.0
97.0
97.6
97.6
97.0
97.5
97.7
98.6
99.5
101.0
105.8
104.9
105.0
99.9
103.5
101.5
101.5
102.7
103.4
103.6
103.1
105.3
106.0
105.5
104.8
105.4
104.6
104.0
104.3
105.8
104.9
105.0
104.4
105.1
106.0
106.0
105.6
105.7
105.6
105.6
105.9
107.8
109.8
108.2
108.4
107.8
107.7
108.2
107.3
105.4
103.3
103.0
104.0
104.7
103.5
103.0
100.9
102.5
101.8
102.5
101.8
101.8
100.7
101.7
101.5
100.9
100.9
101.7
105.0
106.3
107.3
107.3
108.9
109.2
125.9
118.6
115.0
117.9
117.8
118.0
119.8
117.2
115.3
114.5
110.7
112.5
114.8
113.2
115.0
112.2
113.0
114.0
112.0
110.5
111.1
110.1
108.4
107.0
107.8
106.6
105.9
107.2
107.9
107.2
102.5
104.7
100.6
97.0
99.7
99.9
101.7
101.5
99.0
99.0
97.5
89.5
89.5
85.4
83.9
84.0
84.0
86.1
84.9
84.0
85.7
85.5
84.1
84.0
85.0
85.0
86.5
87.7
88.4
89.9
91.6
93.5
95.0
97.6
99.5
93.9
94.1
94.8
96.1
93.3
93.9
94.5
94.7
94.6
94.8
94.9
94.9
94.8
92.4
91.0
90.5
89.8
90.1
89.1
89.1
89.2
88.5
88.8
88.8
88.6
88.4
88.6
88.6
88.2
87.8
89.6
92.0
92.0
92.1
90.4
91.3
91.1
91.1
90.2
90.6
89.4
90.4
89.0
89.3
89.8
89.9
90.3
89.2
89.4
89.3
88.8
89.3
89.1
89.9
90.8
89.3
87.5
87.1
86.9
86.7
87.0
86.2
86.8
86.9
87.3
86.9
86.8
87.0
86.4
86.1
86.4
85.9
86.2
86.3
86.8
88.8
87.7
87.8
87.3
87.4
87.8
87.7
87.3
87.1
87.2
87.0
86.5
86.4
86.5
86.4
86.8
86.7
86.4
86.0
86.3
85.8
85.6
85.7
85.8
85.2
85.2
85.2
85.4
85.1
85.2
85.2
85.0
84.9
84.0
83.9
83.6
83.0
82.8
82.0
81.5
81.9
81.7
80.6
80.3
80.6
80.1
80.0
79.5
79.0
78.2
77.3
76.3
76.7
75.7
76.4
75.6
75.8
76.5
76.6
76.5
75.1
75.8
75.0
75.2
76.5
77.2
77.6
78.9
79.0
79.2
79.7
79.5
80.2
79.8
80.7
81.8
81.8
81.6
82.0
81.3
81.9
82.0
80.9
81.4
81.8
81.3
81.5
81.5
80.6
81.6
80.8
80.7
80.7
81.1
81.9
82.1
82.4
80.8
80.7
81.4
80.8
80.9
80.8
81.1
81.5
84.6
86.4
86.8
87.0
86.8
92.0
88.4
87.8
87.2
86.5
87.0
87.2
87.4
86.7
86.1
86.6
85.4
86.1
85.6
85.8
86.7
86.2
86.0
85.7
86.2
85.5
85.6
85.2
84.4
84.8
84.7
84.4
82.0
82.0
83.2
82.7
81.5
81.0
80.9
81.6
80.0
79.6
78.8
79.8
80.5
80.5
82.2
82.3
84.1
83.5
82.3
83.6
83.0
83.3
82.7
84.3
85.0
87.0
90.0
89.2
89.6
89.4
90.0
89.4
89.2
88.5
89.3
89.0
88.2
87.8
87.9
87.4
87.2
86.6
86.2
87.1
89.4
97.2
110.4
97.3
96.0
91.5
95.1
95.5
92.7
92.3
93.7
92.5
90.9
91.6
89.8
89.5
89.5
88.6
87.2
87.5
86.9
86.8
86.9
96.7
91.4
93.5
92.3
92.0
92.5
91.3
90.9
90.5
91.1
90.2
90.4
88.9
88.6
91.2
89.9
89.4
89.0
88.5
87.9
89.2
88.4
88.7
89.4
88.6
90.0
90.0
89.9
91.6
93.0
96.8
97.0
98.5
100.2
102.0
105.0
101.8
98.5
99.1
103.3
101.6
100.0
99.9
98.4
99.9
99.1
99.9
98.5
107.6
106.0
108.3
107.1
103.6
102.0
103.8
103.8
104.7
103.8
104.4
103.9
104.3
103.5
104.6
107.7
108.2
110.0
107.5
106.7
110.9
107.6
114.4
115.1
115.0
117.2
116.3
115.0
114.7
116.0
118.8
117.1
117.7
117.0
113.3
113.1
110.9
110.9
109.3
108.0
106.3
101.8
99.9
99.9
98.9
108.5
111.2
109.0
108.1
108.4
107.3
108.2
104.8
107.4
107.3
107.7
105.5
103.4
102.6
102.4
101.5
101.4
99.5
97.4
96.6
98.9
99.7
98.2
98.3
97.8
98.3
97.5
97.5
98.1
96.5
96.3
96.1
97.9
97.1
93.1
95.4
98.3
98.3
96.3
96.8
99.0
97.7
96.7
95.7
96.5
96.7
96.9
97.2
97.3
95.1
96.3
96.6
96.9
97.0
95.6
95.7
95.6
95.5
96.5
99.0
97.0
98.4
96.6
96.9
97.0
96.2
95.4
94.4
95.0
95.9
95.4
93.5
92.7
88.2
89.0
89.2
84.2
79.3
77.0
81.1
86.5
87.5
89.4
90.2
89.9
86.7
88.0
88.0
88.3
89.4
90.0
88.5
87.7
88.4
89.3
86.6
85.9
78.0
84.6
63.9
73.9
76.7
82.8
83.1
85.2
84.8
82.7
80.8
80.1
80.0
79.1
77.9
75.9
77.6
75.7
74.3
72.4
70.0
72.9
71.1
72.8
70.0
71.1
72.2
71.4
72.0
71.2
70.0
69.5
67.5
67.3
65.9
66.0
68.5
69.7
72.4
72.9
69.7
69.1
67.9
68.0
67.8
67.8
67.9
69.4
68.9
70.3
68.2
68.2
68.5
68.2
67.4
68.3
67.9
69.7
72.2
73.1
72.9
70.8
69.7
70.6
71.8
71.7
71.9
69.9
