close
400.0
412.0
418.0
422.0
427.0
425.0
424.8
431.5
431.98
438.0
440.0
449.58
442.4
438.2
438.99
429.9
428.99
426.97
440.99
435.0
432.0
429.03
455.0
465.73
490.07
478.0
460.0
462.0
455.0
461.0
482.23
470.0
457.0
446.0
452.01
450.0
435.0
432.98
430.0
433.11
420.0
403.0
407.0
414.98
419.99
422.0
422.0
426.15
433.0
443.0
460.0
456.99
447.13
446.99
446.01
450.31
435.49
439.97
425.0
430.0
440.99
434.98
438.99
444.0
444.19
444.93
442.12
420.01
426.0
434.0
428.97
438.97
433.0
432.01
432.1
422.17
439.0
441.01
430.05
432.98
426.0
437.0
431.0
433.0
432.0
438.0
437.0
439.0
441.0
418.0
404.0
391.0
401.0
418.0
421.0
421.0
425.0
421.0
417.0
416.0
421.0
416.0
420.0
423.0
427.0
431.0
417.0
417.0
417.0
412.0
407.0
413.0
409.0
406.0
398.0
397.0
388.0
382.0
390.0
399.0
399.0
390.0
381.0
379.0
374.0
376.0
375.0
369.0
350.0
350.0
367.0
381.0
423.0
449.0
379.0
375.0
391.0
419.0
405.0
385.0
381.0
390.0
375.0
364.0
400.0
402.0
416.0
400.0
410.0
451.0
449.0
427.0
434.0
426.0
426.0
423.0
425.0
419.0
414.0
420.0
403.0
388.0
405.0
381.0
383.0
380.0
370.0
377.0
381.0
374.0
380.0
399.0
430.0
439.0
433.0
426.0
434.0
458.0
470.0
463.0
452.0
452.0
449.0
436.0
412.0
404.0
388.0
391.0
379.0
412.0
428.0
423.0
427.0
409.0
405.0
407.0
399.0
407.0
408.0
408.0
429.0
440.0
446.0
449.0
445.0
440.0
441.0
443.0
439.0
430.0
417.0
422.0
405.0
417.0
421.0
425.0
423.0
440.0
430.0
430.0
432.0
449.0
441.0
448.0
446.0
448.0
440.0
440.0
446.0
455.0
449.0
446.0
447.0
446.0
453.0
455.0
443.0
451.0
446.0
444.0
452.0
457.0
448.0
450.0
465.0
470.0
472.0
473.0
456.0
447.0
439.0
437.0
445.0
447.0
474.0
468.0
472.0
458.0
456.0
427.0
423.0
424.0
415.0
415.0
417.0
417.0
413.0
408.0
411.0
406.0
399.0
405.0
410.0
411.0
412.0
423.0
432.0
428.0
430.0
440.0
447.0
452.0
454.0
461.0
459.0
460.0
460.0
468.0
467.0
478.0
487.0
487.0
491.0
483.0
477.0
466.0
471.0
481.0
478.0
488.0
509.0
496.0
469.0
477.0
476.0
477.0
485.0
487.0
468.0
480.0
483.0
478.0
486.0
494.0
484.0
472.0
466.0
475.0
483.0
480.0
487.0
496.0
495.0
490.0
486.0
474.0
486.0
485.0
493.0
488.0
509.0
483.0
474.0
495.0
480.0
479.0
477.0
474.0
474.0
481.0
480.0
465.0
467.0
450.0
460.0
465.0
465.0
476.0
483.0
483.0
485.0
486.0
483.0
477.0
466.0
473.0
477.0
474.0
475.0
475.0
476.0
475.0
488.0
481.0
490.0
485.0
504.0
499.0
513.0
503.0
509.0
502.0
500.0
490.0
492.0
491.0
502.0
508.0
486.0
492.0
494.0
499.0
498.0
512.0
548.0
526.0
520.0
481.0
483.0
488.0
485.0
489.0
496.0
498.0
497.0
492.0
501.0
492.0
489.0
490.0
478.0
467.0
472.0
472.0
471.0
479.0
493.0
478.0
453.0
441.0
429.0
447.0
454.0
454.0
448.0
448.0
448.0
434.0
410.0
414.0
408.0
409.0
410.0
412.0
405.0
422.0
425.0
427.0
423.0
414.0
415.0
425.0
426.0
432.0
430.0
436.0
439.0
440.0
439.0
433.0
429.0
437.0
440.0
449.0
461.0
455.0
441.0
440.0
443.0
440.0
441.0
441.0
441.0
430.0
422.0
429.0
427.0
424.0
422.0
416.0
412.0
412.0
409.0
424.0
426.0
417.0
418.0
419.0
426.0
432.0
433.0
427.0
429.0
426.0
423.0
417.0
423.0
421.0
426.5
418.0
416.5
420.0
421.5
424.0
434.5
442.5
441.5
429.0
440.0
438.5
445.0
448.0
454.0
450.5
446.5
447.0
449.0
453.5
452.5
452.0
450.5
455.5
454.5
463.5
461.0
461.5
460.5
464.5
465.5
459.0
464.0
458.0
462.5
451.0
455.0
462.5
466.5
462.0
462.0
475.5
480.0
476.0
486.0
488.0
491.5
487.5
482.5
486.0
486.0
480.5
477.0
484.5
499.0
495.5
494.5
498.0
501.5
502.0
501.0
501.0
499.5
504.5
506.5
508.0
506.5
510.0
510.0
509.5
509.0
508.0
513.0
519.0
524.0
527.0
523.0
513.5
513.5
506.5
518.0
513.0
510.5
504.0
506.0
519.5
514.0
502.5
503.0
493.5
489.0
500.0
498.0
496.5
496.0
508.0
525.5
529.5
527.5
532.0
517.0
515.5
525.0
512.0
509.5
517.5
515.0
511.0
502.5
508.0
508.0
507.5
508.0
509.5
506.0
506.0
495.0
488.0
488.0
480.0
474.5
472.0
474.0
473.5
464.0
458.5
456.0
450.0
458.5
460.0
462.0
477.5
483.0
485.5
478.0
485.0
494.0
502.0
507.5
508.5
514.5
508.5
510.0
507.0
510.5
501.0
499.0
500.0
511.0
511.5
514.0
511.0
500.0
490.0
488.0
478.5
477.0
469.5
482.0
479.0
480.5
479.0
483.0
484.5
482.0
483.0
492.5
492.0
507.5
497.5
492.5
490.0
488.0
490.0
490.0
485.5
485.0
479.5
475.0
471.0
470.5
471.5
468.5
474.0
474.5
486.0
485.5
477.5
475.0
471.0
468.0
478.0
474.5
476.5
471.5
471.0
468.5
469.0
459.0
440.5
427.0
418.0
421.0
425.0
420.0
406.0
404.0
391.0
411.0
410.0
407.0
411.0
410.5
398.0
400.0
396.0
401.5
403.0
398.5
397.0
397.0
396.5
398.0
399.0
394.5
390.5
387.0
388.0
384.0
381.5
383.0
383.0
387.0
399.0
387.0
385.5
387.5
382.0
379.0
378.5
381.5
381.0
377.0
365.0
349.5
351.5
340.5
352.0
361.0
364.5
370.0
365.5
370.5
373.0
370.0
364.0
362.0
360.0
359.5
365.0
365.0
358.0
364.0
364.5
358.5
354.0
351.5
348.5
350.0
347.0
344.5
345.5
350.5
346.5
347.0
339.5
332.0
342.0
353.0
343.0
351.5
362.0
364.0
358.0
360.0
355.5
340.5
350.0
350.0
347.5
346.5
349.0
352.0
358.0
353.5
353.0
360.0
365.0
363.0
362.0
363.0
369.0
367.5
367.5
362.5
358.0
350.0
347.5
352.0
351.0
356.0
362.0
359.0
361.0
361.0
360.5
360.0
359.0
355.5
353.5
353.0
355.5
353.0
356.0
360.5
354.5
354.0
354.0
348.5
350.0
349.5
349.0
353.5
353.0
362.0
358.5
363.0
372.0
370.0
382.0
373.0
372.0
375.0
368.5
362.0
365.5
367.5
367.5
365.0
360.5
361.0
362.0
359.0
361.5
359.0
358.0
360.0
357.5
353.0
347.0
347.5
350.0
348.0
350.0
349.0
348.5
348.0
343.5
352.5
361.5
361.5
362.0
366.0
368.0
367.5
369.0
372.5
369.5
362.5
361.0
362.0
368.5
364.5
366.0
364.0
359.0
359.0
349.5
350.0
354.5
356.0
355.0
354.0
353.5
354.5
351.0
351.5
350.0
338.0
330.0
328.0
314.0
325.0
324.5
324.5
331.0
345.0
346.5
350.0
352.5
343.5
340.0
339.5
341.0
337.0
338.0
336.5
331.0
331.5
336.0
344.0
356.5
361.0
353.0
356.0
358.0
354.0
355.5
369.0
372.0
369.0
369.0
378.0
386.0
398.0
393.0
388.5
398.0
392.0
392.5
392.0
384.0
380.5
381.0
388.5
392.0
384.0
387.0
390.0
383.5
385.5
384.0
385.5
381.5
375.0
376.0
373.0
369.0
368.5
373.0
372.5
372.5
365.0
365.0
360.0
362.0
364.5
355.0
353.0
344.0
333.0
329.0
336.0
331.0
329.5
335.0
339.0
336.0
345.0
344.0
345.0
337.0
337.5
339.0
337.0
313.0
314.0
313.0
332.0
332.0
329.0
338.5
340.5
346.0
346.5
339.0
338.5
343.0
346.0
345.0
346.5
354.0
361.0
356.5
361.0
362.5
365.0
356.0
353.5
353.0
348.0
352.0
351.5
354.5
364.5
361.0
348.0
347.0
345.0
346.5
345.0
349.0
351.5
352.0
359.0
364.0
354.0
382.5
373.0
374.0
375.5
379.5
382.5
385.0
389.5
389.0
367.0
376.0
361.5
359.0
354.5
353.5
352.5
350.0
351.0
349.0
347.5
343.5
340.0
338.5
337.0
332.0
332.0
329.5
330.0
327.5
331.5
330.0
326.0
331.0
329.0
323.0
325.5
322.0
315.0
312.0
314.0
309.0
315.5
318.5
317.0
321.5
320.5
314.5
310.0
305.0
302.0
297.0
286.0
289.0
298.5
295.0
288.5
286.0
294.0
288.0
288.0
286.5
287.0
288.0
286.0
282.5
276.5
270.0
270.5
261.5
262.5
259.0
258.5
258.5
257.5
263.0
262.5
259.5
252.0
254.0
247.5
240.0
231.5
235.0
226.5
232.0
235.0
233.0
235.5
231.0
223.5
227.0
227.5
226.5
229.0
234.5
232.5
228.0
231.0
230.0
239.0
242.0
237.5
250.5
239.5
237.5
238.4
241.0
244.0
244.8
242.2
234.8
236.9
236.5
238.0
236.3
235.2
232.9
234.7
233.0
233.4
233.4
232.5
233.5
235.0
238.0
236.9
238.6
236.8
235.8
238.1
219.7
205.5
199.7
197.6
204.0
204.1
206.1
207.0
213.2
215.6
214.2
207.8
206.1
208.5
213.0
215.1
214.0
213.8
211.2
211.6
210.6
213.6
221.6
221.8
223.1
220.9
224.0
223.0
226.2
224.5
227.9
223.8
224.7
223.5
221.0
219.4
217.8
218.4
214.8
217.1
221.6
219.7
217.7
216.9
217.4
216.0
215.0
214.0
212.3
210.1
211.3
211.5
209.0
208.3
206.2
202.0
201.1
200.2
199.2
196.5
195.9
190.5
188.5
189.8
191.2
189.5
195.0
199.5
198.3
202.5
208.8
215.5
217.5
216.7
215.5
220.6
220.7
220.1
229.6
228.6
230.5
233.7
229.0
230.5
229.7
229.5
229.2
227.5
228.0
227.2
227.7
226.1
225.1
226.9
228.9
230.1
231.1
231.0
231.1
234.1
233.1
232.2
233.5
232.7
233.6
234.2
233.5
231.1
230.8
231.2
230.0
230.6
230.4
231.0
231.5
230.6
231.2
232.8
232.0
234.1
230.0
222.4
219.5
219.8
213.8
212.7
215.0
215.3
215.3
213.5
212.4
205.0
202.9
200.0
205.2
206.6
206.4
205.0
205.0
204.5
204.9
204.3
205.3
206.6
210.6
213.3
213.0
213.0
215.2
214.7
213.9
215.3
217.4
217.4
216.0
218.0
216.0
213.8
213.3
211.1
212.0
212.6
212.9
215.6
213.3
213.6
214.8
215.2
214.7
215.6
217.5
218.0
218.2
219.1
220.7
219.9
218.1
222.0
222.0
217.5
218.0
219.6
220.0
219.0
221.4
224.0
224.4
224.1
222.0
222.0
222.7
222.5
220.3
220.3
218.4
221.5
219.7
216.0
218.0
218.2
217.4
218.0
218.5
218.1
217.4
217.6
216.9
216.4
214.8
216.1
216.0
215.0
216.5
214.4
214.0
215.1
214.7
214.6
215.7
213.9
214.2
213.1
210.0
207.3
205.0
208.0
206.7
205.3
206.7
207.9
208.7
210.0
209.4
208.1
207.7
205.7
205.5
207.0
206.1
205.5
206.1
205.8
205.4
206.0
205.6
205.4
205.9
204.1
203.4
202.5
201.9
202.0
200.8
200.7
200.3
200.5
197.8
195.9
197.0
197.9
193.6
195.0
194.0
194.0
194.2
193.9
194.1
193.0
192.0
191.8
192.0
191.6
192.0
194.2
194.2
194.1
194.0
195.1
196.9
198.8
197.9
196.4
194.5
194.0
191.7
192.4
196.1
195.7
192.5
192.6
193.6
193.9
192.7
192.5
190.0
190.4
191.5
192.0
194.0
194.5
192.7
192.8
193.6
192.5
187.0
184.0
176.0
161.5
163.3
165.6
163.0
161.0
155.1
143.4
144.9
125.5
131.4
132.8
135.7
142.5
150.2
156.4
154.6
154.0
152.1
152.3
148.0
150.5
151.6
150.1
150.3
148.9
150.1
150.2
154.0
153.6
152.2
151.8
152.7
147.7
146.6
148.0
150.1
148.0
148.6
150.5
149.5
150.6
150.0
151.9
153.9
155.9
157.7
156.5
157.1
157.5
153.6
151.5
150.0
149.6
151.4
151.9
150.6
150.3
150.4
153.6
153.3
152.1
152.8
152.0
153.6
156.1
169.9
162.7
167.4
176.0
173.4
170.9
165.0
168.2
168.7
168.7
167.3
170.2
171.0
171.0
166.4
164.6
167.1
170.0
171.7
170.6
170.8
172.7
173.8
174.9
175.6
175.0
174.2
173.6
176.2
178.2
179.2
180.4
183.0
187.7
186.2
200.0
216.4
231.0
224.0
214.6
217.0
216.9
214.3
214.0
210.9
207.9
205.6
206.6
210.9
209.9
207.0
205.0
205.2
201.1
200.5
205.7
206.1
209.2
207.7
204.4
203.6
203.7
202.6
206.2
204.1
205.0
202.5
203.0
203.5
206.0
205.4
208.1
207.4
209.7
210.0
213.6
211.2
216.4
217.9
213.2
226.0
224.0
227.1
230.1
227.0
228.0
227.4
223.9
220.4
216.2
223.5
223.0
224.5
220.0
220.5
221.0
226.3
220.1
218.0
218.3
220.3
219.9
208.8
209.8
206.0
206.0
206.2
209.2
209.6
214.5
211.4
213.0
219.3
221.2
221.7
218.0
219.2
219.1
219.7
218.4
218.7
217.1
219.7
220.4
219.0
218.8
220.6
221.6
227.7
223.9
227.8
234.4
232.1
234.7
243.3
254.0
251.0
245.5
252.9
244.2
249.6
254.0
252.5
254.1
258.5
258.2
262.7
268.0
273.7
272.1
266.4
266.5
264.5
264.9
265.5
264.6
260.9
259.7
264.3
259.7
255.9
258.1
262.7
261.3
254.7
251.0
250.7
252.5
251.7
252.4
251.8
256.2
259.0
255.1
258.7
255.2
262.8
260.2
256.8
253.9
251.0
253.4
256.5
266.1
274.0
264.0
261.5
262.1
264.0
262.3
257.3
257.7
256.5
258.4
257.2
258.4
258.6
270.0
262.0
254.0
256.0
248.8
247.9
243.9
246.7
247.0
246.6
245.4
245.9
246.3
245.3
244.3
240.7
239.5
235.2
239.5
241.6
240.9
237.0
238.8
240.3
237.3
238.3
238.2
241.5
236.3
234.8
233.6
232.0
230.5
234.0
235.5
233.0
230.7
231.9
229.8
234.0
234.4
233.9
232.2
233.7
238.7
240.0
239.0
243.7
244.0
244.2
240.9
244.4
244.9
252.8
252.0
254.6
251.8
248.5
243.1
245.5
245.6
247.3
246.0
245.3
243.5
245.0
242.0
246.9
248.3
248.2
245.2
245.0
245.0
244.1
246.5
244.9
245.3
245.0
245.9
250.5
249.6
247.8
248.4
248.5
247.9
245.0
243.5
236.8
237.0
238.7
239.2
238.9
233.7
234.0
231.5
234.3
233.4
233.6
233.5
231.1
230.6
229.8
229.5
230.1
230.2
228.2
227.2
224.3
232.0
228.6
226.3
225.2
226.0
226.1
224.8
225.0
225.1
225.0
231.4
228.9
227.2
228.0
228.0
227.0
225.6
223.0
222.8
222.2
223.8
223.7
222.9
219.9
221.2
222.0
221.0
220.5
220.6
219.9
218.3
217.8
216.7
217.0
218.0
219.3
217.8
219.8
223.5
229.0
225.7
227.1
228.5
227.0
226.4
224.6
222.4
224.8
224.4
228.0
226.6
224.2
221.4
218.6
219.8
218.0
220.0
220.4
221.9
223.4
228.0
226.0
225.2
230.8
228.2
223.9
221.9
219.5
214.0
213.3
214.4
215.7
208.9
209.0
204.6
201.8
201.8
200.9
198.7
199.8
197.7
198.7
198.6
192.6
192.2
192.8
204.5
202.1
196.2
195.2
196.7
195.5
190.4
189.5
187.7
191.7
191.1
194.0
199.8
200.0
198.4
194.0
199.3
198.0
191.6
191.9
190.5
182.7
183.2
180.8
180.0
153.4
160.3
162.9
166.1
166.7
169.3
172.7
171.9
167.5
169.9
166.2
166.1
170.0
169.1
167.6
165.7
170.5
172.5
173.2
173.0
164.0
166.2
109.5
120.7
175.9
178.2
176.8
170.3
160.2
156.9
149.6
142.6
137.7
111.9
102.0
