close
1832.4
1838.9
1839.0
1866.0
1850.0
1832.5
1838.3
1847.0
1821.0
1840.0
1819.4
1833.5
1837.1
1838.6
1849.0
1850.0
1858.8
1845.0
1854.9
1840.1
1848.8
1820.0
1835.0
1819.8
1831.9
1814.0
1746.0
1749.8
1754.8
1779.1
1775.0
1756.2
1780.6
1758.1
1790.4
1780.0
1813.0
1786.6
1800.0
1793.0
1789.6
1755.0
1759.9
1790.5
1768.0
1790.0
1790.0
1792.9
1792.0
1789.8
1771.0
1799.7
1773.0
1786.5
1800.0
1799.8
1771.1
1750.1
1751.0
1779.7
1753.0
1782.3
1774.9
1769.0
1769.8
1754.0
1765.0
1769.0
1856.1
1940.0
1851.3
1912.0
1880.0
1850.3
1806.3
1813.0
1826.0
1809.0
1802.0
1845.0
1820.0
1805.0
1890.0
1850.0
1810.0
1810.0
1785.0
1660.0
1605.0
1440.0
1470.0
1560.0
1535.0
1500.0
1490.0
1445.0
1420.0
1390.0
1350.0
1380.0
1350.0
1425.0
1410.0
1435.0
1435.0
1390.0
1425.0
1425.0
1415.0
1400.0
1405.0
1400.0
1400.0
1395.0
1505.0
1630.0
1600.0
1720.0
1805.0
1740.0
1730.0
1610.0
1650.0
1685.0
1700.0
1650.0
1600.0
1575.0
1565.0
1535.0
1555.0
1490.0
1495.0
1500.0
1490.0
1520.0
1495.0
1470.0
1535.0
1480.0
1490.0
1500.0
1495.0
1530.0
1540.0
1525.0
1540.0
1520.0
1490.0
1475.0
1600.0
1565.0
1575.0
1580.0
1600.0
1630.0
1670.0
1625.0
1610.0
1650.0
1640.0
1630.0
1615.0
1645.0
1640.0
1610.0
1595.0
1580.0
1590.0
1605.0
1630.0
1620.0
1595.0
1640.0
1600.0
1590.0
1655.0
1660.0
1650.0
1640.0
1700.0
1660.0
1665.0
1685.0
1710.0
1640.0
1565.0
1610.0
1630.0
1600.0
1605.0
1580.0
1550.0
1580.0
1550.0
1550.0
1595.0
1575.0
1515.0
1540.0
1540.0
1550.0
1535.0
1560.0
1550.0
1570.0
1660.0
1740.0
1695.0
1700.0
1725.0
1705.0
1745.0
1730.0
1710.0
1795.0
1780.0
1770.0
1730.0
1690.0
1700.0
1705.0
1730.0
1780.0
1790.0
1800.0
1750.0
1790.0
1800.0
1800.0
1825.0
1820.0
1800.0
1755.0
1770.0
1795.0
1765.0
1765.0
1800.0
1760.0
1800.0
1795.0
1760.0
1785.0
1800.0
1775.0
1780.0
1780.0
1795.0
1780.0
1795.0
1850.0
1850.0
1920.0
1945.0
1970.0
2215.0
2310.0
2345.0
2245.0
2230.0
2170.0
2180.0
2150.0
2120.0
2135.0
2225.0
2195.0
2110.0
2140.0
2140.0
2150.0
2255.0
2400.0
2275.0
2305.0
2355.0
2320.0
2260.0
2280.0
2290.0
2300.0
2285.0
2225.0
2260.0
2315.0
2350.0
2380.0
2360.0
2350.0
2330.0
2345.0
2340.0
2375.0
2380.0
2380.0
2410.0
2595.0
2540.0
2730.0
2840.0
2845.0
2845.0
2850.0
2750.0
2705.0
2710.0
2720.0
2785.0
2850.0
2860.0
2750.0
2840.0
2810.0
2845.0
2880.0
2900.0
2835.0
2830.0
2840.0
2860.0
2860.0
2820.0
2780.0
2695.0
2745.0
2740.0
2740.0
2805.0
2750.0
2815.0
2745.0
2750.0
2750.0
2680.0
2725.0
2795.0
2755.0
2780.0
2760.0
2750.0
2785.0
2900.0
2880.0
2860.0
2885.0
2985.0
3030.0
3060.0
3000.0
3010.0
3120.0
3095.0
3060.0
3035.0
2995.0
2975.0
2900.0
2920.0
2930.0
3065.0
3025.0
3045.0
3100.0
3165.0
3195.0
3090.0
3200.0
3280.0
3275.0
3245.0
3200.0
3185.0
2975.0
2910.0
2930.0
2900.0
2940.0
2940.0
2950.0
2900.0
2950.0
2925.0
2905.0
2925.0
2895.0
2900.0
2965.0
2995.0
2925.0
2930.0
3010.0
3060.0
3000.0
3000.0
3015.0
3105.0
3290.0
3235.0
3175.0
3100.0
3110.0
3195.0
3275.0
3270.0
3295.0
3350.0
3360.0
3420.0
3485.0
3480.0
3535.0
3515.0
3545.0
3530.0
3470.0
3440.0
3490.0
3470.0
3500.0
3525.0
3495.0
3475.0
3455.0
3455.0
3455.0
3520.0
3480.0
3520.0
3535.0
3540.0
3540.0
3510.0
3645.0
3650.0
3660.0
3770.0
3800.0
3950.0
4185.0
4375.0
4250.0
4200.0
4400.0
4350.0
4300.0
4300.0
4270.0
4325.0
4240.0
4380.0
4385.0
4540.0
4525.0
4580.0
4550.0
4545.0
4485.0
4480.0
4455.0
4500.0
4375.0
4460.0
4385.0
4500.0
4730.0
4700.0
4680.0
4700.0
4680.0
4800.0
4800.0
4800.0
4785.0
4675.0
4780.0
4700.0
4670.0
4700.0
4660.0
4690.0
4620.0
4860.0
4920.0
4960.0
5830.0
5600.0
5730.0
5720.0
5700.0
5640.0
5670.0
5670.0
5610.0
5550.0
5510.0
5640.0
5630.0
5660.0
5580.0
5550.0
5590.0
5660.0
5600.0
5590.0
5620.0
5630.0
5660.0
5620.0
5620.0
5760.0
5740.0
5950.0
5740.0
5570.0
5640.0
5410.0
5390.0
5550.0
5420.0
4870.0
4720.0
4680.0
4500.0
4340.0
4250.0
4320.0
4270.0
4350.0
4450.0
4500.0
4480.0
4490.0
4440.0
4390.0
4420.0
4490.0
4410.0
4430.0
4530.0
4570.0
4830.0
4740.0
4750.0
4730.0
4910.0
5240.0
5130.0
4860.0
4990.0
5080.0
4910.0
4890.0
4810.0
4900.0
4790.0
4790.0
4780.0
4780.0
4710.0
4880.0
4840.0
4820.0
4770.0
4730.0
4740.0
4700.0
4700.0
4660.0
4700.0
4750.0
4800.0
4870.0
4940.0
4930.0
5010.0
5000.0
5000.0
4930.0
4950.0
4850.0
4820.0
4800.0
4760.0
4800.0
4810.0
4720.0
4710.0
4700.0
4730.0
4710.0
4700.0
4710.0
4740.0
4770.0
4690.0
4630.0
4610.0
4630.0
4760.0
4800.0
4760.0
4770.0
4800.0
4830.0
4860.0
4780.0
4850.0
4810.0
4750.0
4720.0
4720.0
4720.0
4900.0
4820.0
4800.0
4790.0
4790.0
4770.0
4750.0
4790.0
4790.0
4810.0
4810.0
4820.0
4770.0
4790.0
4800.0
4780.0
4770.0
4760.0
4760.0
4740.0
4690.0
4690.0
4650.0
4590.0
4570.0
4520.0
4590.0
4470.0
4490.0
4370.0
4330.0
4420.0
4250.0
4200.0
4240.0
4330.0
4410.0
4550.0
4590.0
4540.0
4580.0
4620.0
4690.0
4710.0
4700.0
4660.0
4690.0
4700.0
4720.0
4740.0
4670.0
4700.0
4730.0
4700.0
4820.0
4840.0
4890.0
4980.0
4970.0
4940.0
4940.0
4850.0
4820.0
4790.0
4890.0
4880.0
4880.0
4920.0
4840.0
4840.0
4930.0
4820.0
4860.0
4950.0
4990.0
4990.0
4920.0
4710.0
4700.0
4720.0
4670.0
4750.0
4790.0
4850.0
4850.0
4840.0
4840.0
4840.0
4690.0
4660.0
4630.0
4580.0
4460.0
4380.0
4310.0
4240.0
4100.0
4100.0
4070.0
3860.0
4000.0
4070.0
3930.0
3940.0
3850.0
3840.0
3920.0
3890.0
3890.0
3870.0
3850.0
3900.0
3830.0
3810.0
3910.0
3760.0
3780.0
3730.0
3860.0
3890.0
3810.0
3860.0
3850.0
3800.0
3800.0
3800.0
3850.0
3770.0
3710.0
3700.0
3750.0
3760.0
3890.0
3750.0
3680.0
3700.0
3830.0
3590.0
3560.0
3490.0
3480.0
3470.0
3450.0
3340.0
3280.0
3370.0
3370.0
3480.0
3470.0
3500.0
3550.0
3510.0
3550.0
3630.0
3600.0
3600.0
3660.0
3690.0
3680.0
3710.0
3650.0
3660.0
3660.0
3720.0
3740.0
3760.0
3720.0
3640.0
3700.0
3650.0
3580.0
3620.0
3630.0
3700.0
3750.0
3770.0
3710.0
3790.0
3700.0
3740.0
3710.0
3640.0
3670.0
3700.0
3690.0
3950.0
3850.0
3940.0
3850.0
3870.0
3970.0
3970.0
4000.0
3960.0
3700.0
3710.0
3710.0
3680.0
3710.0
3660.0
3650.0
3690.0
3670.0
3710.0
3720.0
3720.0
3630.0
3600.0
3610.0
3600.0
3620.0
3630.0
3640.0
3650.0
3640.0
3670.0
3640.0
3630.0
3840.0
3800.0
3770.0
3750.0
3760.0
3780.0
3770.0
3760.0
3760.0
3740.0
3700.0
3700.0
3690.0
3680.0
3690.0
3680.0
3640.0
3630.0
3630.0
3630.0
3630.0
3600.0
3600.0
3520.0
3510.0
3520.0
3520.0
3600.0
3630.0
3650.0
3630.0
3600.0
3670.0
3580.0
3590.0
3570.0
3570.0
3550.0
3540.0
3530.0
3530.0
3530.0
3530.0
3500.0
3510.0
3480.0
3520.0
3490.0
3480.0
3450.0
3410.0
3450.0
3430.0
3430.0
3450.0
3450.0
3440.0
3420.0
3410.0
3390.0
3380.0
3370.0
3350.0
3390.0
3500.0
3520.0
3500.0
3460.0
3470.0
3500.0
3500.0
3480.0
3470.0
3450.0
3470.0
3480.0
3440.0
3440.0
3460.0
3480.0
3470.0
3450.0
3450.0
3430.0
3430.0
3400.0
3420.0
3390.0
3300.0
3330.0
3340.0
3310.0
3330.0
3310.0
3310.0
3310.0
3290.0
3400.0
3350.0
3390.0
3350.0
3340.0
3370.0
3320.0
3300.0
3310.0
3340.0
3380.0
3350.0
3330.0
3360.0
3360.0
3340.0
3360.0
3350.0
3370.0
3510.0
3490.0
3480.0
3470.0
3500.0
3500.0
3450.0
3440.0
3450.0
3440.0
3390.0
3440.0
3430.0
3400.0
3260.0
3210.0
3210.0
3270.0
3250.0
3200.0
3190.0
3210.0
3270.0
3280.0
3230.0
3270.0
3270.0
3270.0
3250.0
3220.0
3220.0
3230.0
3230.0
3220.0
3230.0
3230.0
3230.0
3250.0
3210.0
3200.0
3190.0
3180.0
3160.0
3160.0
3110.0
3110.0
3120.0
3050.0
3050.0
3000.0
2990.0
2970.0
2900.0
2940.0
2880.0
2910.0
2890.0
2800.0
2850.0
2910.0
2900.0
3160.0
2990.0
2880.0
2800.0
2800.0
2820.0
2830.0
2850.0
2810.0
2800.0
2820.0
2810.0
2770.0
2780.0
2780.0
2790.0
2780.0
2760.0
2780.0
2770.0
2770.0
2670.0
2700.0
2650.0
2700.0
2630.0
2600.0
2550.0
2600.0
2560.0
2580.0
2570.0
2550.0
2550.0
2590.0
2560.0
2610.0
2510.0
2540.0
2560.0
2550.0
2530.0
2480.0
2520.0
2460.0
2520.0
2480.0
2550.0
2530.0
2600.0
2620.0
2500.0
2500.0
2510.0
2500.0
2450.0
2500.0
2500.0
2500.0
2500.0
2460.0
2480.0
2460.0
2420.0
2440.0
2440.0
2480.0
2520.0
2530.0
2520.0
2510.0
2590.0
2540.0
2550.0
2530.0
2500.0
2540.0
2540.0
2560.0
2570.0
2510.0
2560.0
2500.0
2460.0
2470.0
2430.0
2480.0
2490.0
2480.0
2510.0
2480.0
2490.0
2420.0
2400.0
2400.0
2400.0
2390.0
2390.0
2390.0
2420.0
2385.0
2405.0
2420.0
2395.0
2405.0
2390.0
2380.0
2380.0
2395.0
2395.0
2400.0
2390.0
2365.0
2365.0
2375.0
2360.0
2335.0
2350.0
2365.0
2350.0
2325.0
2320.0
2335.0
2325.0
2305.0
2380.0
2450.0
2630.0
2630.0
2555.0
2550.0
2480.0
2440.0
2485.0
2475.0
2435.0
2420.0
2395.0
2375.0
2395.0
2430.0
2450.0
2490.0
2520.0
2485.0
2475.0
2445.0
2475.0
2480.0
2495.0
2490.0
2460.0
2450.0
2470.0
2510.0
2500.0
2490.0
2485.0
2500.0
2495.0
2495.0
2500.0
2530.0
2490.0
2700.0
2710.0
2650.0
2685.0
2705.0
2710.0
2705.0
2685.0
2700.0
2690.0
2720.0
2880.0
2825.0
2845.0
2870.0
2800.0
2800.0
2730.0
2690.0
2700.0
2710.0
2725.0
2735.0
2710.0
2715.0
2760.0
2715.0
2685.0
2675.0
2650.0
2715.0
2740.0
2790.0
2795.0
2795.0
2755.0
2725.0
2720.0
2720.0
2720.0
2720.0
2735.0
2740.0
2735.0
2740.0
2710.0
2705.0
2680.0
2695.0
2670.0
2665.0
2640.0
2650.0
2640.0
2650.0
2615.0
2745.0
2700.0
2665.0
2695.0
2715.0
2720.0
2685.0
2700.0
2740.0
2760.0
2740.0
2750.0
2765.0
2745.0
2740.0
2770.0
2740.0
2730.0
2700.0
2665.0
2625.0
2600.0
2610.0
2595.0
2655.0
2725.0
2740.0
2665.0
2675.0
2715.0
2655.0
2655.0
2635.0
2630.0
2695.0
2670.0
2710.0
2750.0
2775.0
2820.0
2885.0
3025.0
3065.0
3155.0
3135.0
3085.0
3050.0
3100.0
3035.0
2950.0
2940.0
2900.0
2885.0
2870.0
2910.0
2930.0
2915.0
2925.0
2905.0
2880.0
2920.0
2870.0
2895.0
2865.0
2850.0
2870.0
2855.0
2820.0
2885.0
2905.0
2995.0
3120.0
3220.0
3345.0
3380.0
3670.0
3720.0
3380.0
3285.0
3240.0
3400.0
3365.0
3390.0
3335.0
3405.0
3390.0
3340.0
3400.0
3420.0
3360.0
3375.0
3350.0
3320.0
3245.0
3265.0
3225.0
3200.0
3180.0
3155.0
3160.0
3200.0
3225.0
3245.0
3220.0
3265.0
3260.0
3250.0
3260.0
3200.0
3130.0
3135.0
3135.0
3160.0
3170.0
3165.0
3160.0
3135.0
3160.0
3040.0
3000.0
2900.0
2960.0
3010.0
3060.0
3015.0
3015.0
3000.0
3040.0
3020.0
3040.0
3055.0
3035.0
3115.0
3090.0
3110.0
3130.0
3075.0
3030.0
3000.0
3030.0
3020.0
3000.0
3010.0
3000.0
3030.0
3015.0
2990.0
3000.0
2960.0
2920.0
2920.0
2930.0
2935.0
2965.0
2955.0
2955.0
2980.0
2975.0
2975.0
2955.0
2955.0
2995.0
2995.0
3000.0
2990.0
3010.0
2995.0
2980.0
3005.0
3040.0
3005.0
3105.0
3170.0
3165.0
3270.0
3490.0
3500.0
3315.0
3265.0
3355.0
3300.0
3295.0
3285.0
3255.0
3305.0
3390.0
3405.0
3340.0
3350.0
3500.0
3455.0
3440.0
3465.0
3505.0
3480.0
3420.0
3430.0
3470.0
3485.0
3480.0
3455.0
3430.0
3440.0
3455.0
3455.0
3520.0
3510.0
3545.0
3740.0
3705.0
3565.0
3755.0
3300.0
3345.0
3390.0
3375.0
3380.0
3360.0
3205.0
3195.0
2845.0
2780.0
2550.0
2570.0
2725.0
2875.0
2915.0
2950.0
3080.0
3195.0
3255.0
3310.0
3600.0
3715.0
3610.0
3520.0
3480.0
3600.0
3560.0
3550.0
3590.0
3600.0
3660.0
3800.0
3870.0
4020.0
3900.0
3855.0
3900.0
3940.0
3880.0
3900.0
3825.0
3780.0
3690.0
3720.0
3720.0
3715.0
3680.0
3690.0
3690.0
3715.0
3710.0
3695.0
3690.0
3670.0
3715.0
3700.0
3685.0
3680.0
3705.0
3675.0
3685.0
3695.0
3695.0
3695.0
3695.0
3640.0
3590.0
3545.0
3575.0
3680.0
3625.0
3640.0
3590.0
3590.0
3620.0
3595.0
3630.0
3630.0
3625.0
3630.0
3600.0
3620.0
3645.0
3645.0
3695.0
3715.0
3890.0
3920.0
4060.0
4165.0
3975.0
4005.0
4130.0
4070.0
4090.0
4100.0
4070.0
4085.0
4100.0
4325.0
5790.0
5810.0
5535.0
5260.0
5775.0
5770.0
5700.0
5810.0
5820.0
5710.0
5565.0
5280.0
5380.0
5410.0
5400.0
5620.0
5295.0
5050.0
5000.0
4905.0
4900.0
4830.0
4840.0
4780.0
4770.0
4635.0
4690.0
4600.0
4510.0
4515.0
4500.0
4385.0
4390.0
4345.0
4370.0
4330.0
4245.0
4300.0
4175.0
4150.0
3990.0
4025.0
4020.0
3985.0
3970.0
3995.0
4045.0
4005.0
4005.0
3975.0
3975.0
3965.0
3940.0
3865.0
3830.0
3820.0
4600.0
4155.0
4045.0
4085.0
3945.0
3925.0
4005.0
3980.0
3990.0
3975.0
4005.0
3985.0
3995.0
3975.0
4135.0
4085.0
4100.0
4135.0
4090.0
4080.0
4080.0
4075.0
4090.0
4080.0
4080.0
4060.0
4040.0
4035.0
3980.0
3985.0
3960.0
3995.0
3990.0
3985.0
3985.0
3975.0
3980.0
3985.0
3995.0
3960.0
3965.0
3950.0
3925.0
3940.0
3950.0
3960.0
3985.0
3960.0
3940.0
3930.0
3950.0
3950.0
3940.0
3915.0
3930.0
3955.0
4065.0
4075.0
4055.0
4035.0
4080.0
4055.0
4060.0
4075.0
4020.0
4045.0
4060.0
4045.0
4110.0
4040.0
4100.0
4070.0
4055.0
4050.0
4030.0
4285.0
4165.0
4105.0
4105.0
4175.0
4145.0
4130.0
4115.0
4110.0
4080.0
4100.0
4100.0
4085.0
4075.0
4065.0
4080.0
4170.0
4080.0
4085.0
4080.0
4070.0
4050.0
4045.0
4055.0
4025.0
4065.0
4070.0
4090.0
4095.0
4135.0
4095.0
4065.0
4090.0
4110.0
4100.0
4150.0
4180.0
4205.0
4210.0
4260.0
4200.0
4220.0
4235.0
4230.0
4200.0
4200.0
4315.0
4295.0
4320.0
4305.0
4325.0
4270.0
4325.0
4310.0
4365.0
4335.0
4375.0
4375.0
4320.0
4390.0
4350.0
4315.0
4340.0
4330.0
4330.0
4360.0
4380.0
4380.0
4430.0
4360.0
4350.0
4355.0
4405.0
4440.0
4470.0
4425.0
4415.0
4415.0
4625.0
4460.0
4550.0
4500.0
4500.0
4545.0
4525.0
4480.0
4565.0
6385.0
7200.0
7075.0
6650.0
6860.0
6955.0
7095.0
7000.0
7015.0
6890.0
6850.0
6785.0
6695.0
6585.0
6200.0
6305.0
6300.0
6300.0
6300.0
6350.0
6300.0
6450.0
6270.0
6100.0
6095.0
6020.0
2845.0
2290.0
2185.0
2475.0
2740.0
3830.0
3310.0
3110.0
2870.0
3025.0
3090.0
3010.0
2990.0
2960.0
2925.0
2780.0
2680.0
2755.0
2745.0
2710.0
2635.0
2630.0
2620.0
2520.0
2440.0
2355.0
2335.0
2565.0
2420.0
2465.0
2480.0
2470.0
2445.0
2440.0
2435.0
2410.0
2410.0
2425.0
2410.0
2400.0
2435.0
2440.0
2405.0
2380.0
2360.0
2310.0
2255.0
2225.0
2230.0
2250.0
2225.0
2205.0
2195.0
2155.0
2095.0
2015.0
1935.0
2285.0
2215.0
2220.0
2155.0
2140.0
2125.0
2135.0
2180.0
2210.0
2195.0
2220.0
2215.0
2205.0
2215.0
2215.0
2205.0
2180.0
2165.0
2140.0
2125.0
2115.0
2120.0
2120.0
2115.0
2115.0
2115.0
2105.0
2105.0
2105.0
2095.0
2160.0
2130.0
2105.0
2095.0
2105.0
2095.0
2070.0
1990.0
1975.0
2040.0
2060.0
1990.0
1935.0
1950.0
1970.0
1935.0
1935.0
1900.0
1865.0
1850.0
1825.0
1800.0
1700.0
1640.0
1710.0
1745.0
1730.0
1715.0
1695.0
1700.0
1690.0
1675.0
1670.0
1650.0
1650.0
1640.0
1665.0
1770.0
1820.0
1775.0
1820.0
1800.0
1790.0
1735.0
1730.0
1745.0
1665.0
1700.0
1705.0
1690.0
1665.0
1660.0
1725.0
1705.0
1695.0
1695.0
1700.0
1685.0
1680.0
1730.0
1735.0
1725.0
1710.0
1755.0
1720.0
1750.0
1795.0
1800.0
1860.0
1855.0
1585.0
1650.0
1225.0
1365.0
1510.0
1560.0
1610.0
1640.0
2100.0
2035.0
1900.0
1975.0
1905.0
2015.0
2020.0
2005.0
2020.0
2120.0
2295.0
2420.0
2170.0
2125.0
2260.0
2120.0
2015.0
2060.0
2080.0
2040.0
2065.0
2085.0
2070.0
2005.0
2025.0
1975.0
1960.0
1965.0
1945.0
1925.0
1905.0
1855.0
1780.0
1740.0
1825.0
1785.0
1785.0
1780.0
1770.0
1760.0
1750.0
1725.0
1695.0
1685.0
1665.0
1665.0
1650.0
1655.0
1645.0
1640.0
1635.0
1620.0
1585.0
1550.0
1555.0
1545.0
1525.0
1515.0
1510.0
1450.0
