close
6098.9
6099.8
6062.8
6050.0
5983.1
6018.8
6039.9
6005.8
6049.8
6002.0
6005.6
6025.0
6023.8
5995.3
6000.0
6019.9
6034.0
6018.0
6010.0
6000.0
6002.0
5995.0
5980.0
5970.8
6099.8
6030.0
5750.0
5849.9
5939.1
5899.8
5800.0
5800.0
5826.2
5801.0
5800.0
5801.0
5800.8
5791.3
5802.1
5800.2
5777.0
5752.0
5827.0
5809.9
5778.0
5817.6
5844.0
5849.7
5800.0
5815.0
5804.0
5800.0
5810.0
5834.9
5810.0
5700.1
5700.0
5799.0
5700.0
5743.0
5794.7
5725.0
5746.0
5744.5
5680.0
5690.1
5720.0
5707.3
5780.0
5789.5
5728.0
5715.0
5694.8
5605.0
5636.2
5620.0
5699.9
5646.6
5713.7
5720.0
5720.0
5630.0
5630.0
5620.0
5620.0
5600.0
5520.0
5030.0
4640.0
4530.0
3830.0
3250.0
3680.0
3890.0
3750.0
3740.0
3600.0
3760.0
3700.0
3630.0
3690.0
3670.0
3610.0
3620.0
3660.0
3590.0
3510.0
3570.0
3680.0
3700.0
3700.0
3730.0
3670.0
3800.0
3790.0
4110.0
4180.0
4150.0
4480.0
4930.0
4830.0
4600.0
4550.0
4430.0
4580.0
4950.0
4850.0
4480.0
4400.0
4370.0
4180.0
4180.0
3950.0
3590.0
4060.0
3850.0
3900.0
3900.0
3760.0
4040.0
3880.0
3900.0
3910.0
4070.0
4280.0
4500.0
4400.0
4490.0
4160.0
4300.0
4500.0
4640.0
4830.0
4890.0
4880.0
4770.0
4810.0
4810.0
4820.0
4920.0
4900.0
4800.0
4880.0
4810.0
4830.0
5000.0
4960.0
4910.0
4860.0
4860.0
4860.0
4950.0
4910.0
4900.0
4930.0
4980.0
4880.0
5090.0
5100.0
4950.0
4890.0
4930.0
5030.0
4940.0
4900.0
4920.0
4860.0
4730.0
4830.0
4850.0
4750.0
4760.0
4890.0
4680.0
4620.0
4380.0
4280.0
4410.0
4450.0
4490.0
4480.0
4410.0
4500.0
4570.0
4580.0
4600.0
4650.0
4850.0
5150.0
5090.0
5120.0
5330.0
5290.0
5280.0
5280.0
5250.0
5790.0
5750.0
5550.0
5680.0
5640.0
5700.0
5900.0
5690.0
5800.0
5950.0
6030.0
6040.0
6300.0
6540.0
6500.0
6540.0
6600.0
6500.0
6050.0
6010.0
6100.0
6280.0
6300.0
6350.0
6160.0
6030.0
6120.0
6050.0
6200.0
6160.0
6150.0
6230.0
6280.0
6300.0
6280.0
6360.0
6600.0
6720.0
6900.0
6680.0
6870.0
7950.0
7700.0
8200.0
8010.0
8000.0
8000.0
8050.0
7930.0
7740.0
7790.0
7900.0
7750.0
7690.0
7700.0
7720.0
7750.0
8100.0
8440.0
8320.0
8170.0
8260.0
8390.0
8200.0
8230.0
8250.0
8220.0
8200.0
8150.0
8080.0
8140.0
8080.0
8140.0
8100.0
8150.0
8220.0
8180.0
8100.0
8030.0
8200.0
7990.0
8060.0
8350.0
8200.0
8340.0
8600.0
8590.0
8300.0
7560.0
7440.0
7380.0
7580.0
7700.0
7820.0
7950.0
7890.0
7700.0
7660.0
7610.0
7660.0
7730.0
7770.0
7720.0
7610.0
7600.0
7530.0
7550.0
7670.0
7650.0
7600.0
7700.0
7700.0
8000.0
7900.0
7850.0
7810.0
7850.0
7940.0
7810.0
7710.0
7820.0
7920.0
7950.0
7920.0
8000.0
8050.0
8050.0
8150.0
8250.0
8150.0
8350.0
8480.0
8320.0
8530.0
8570.0
8700.0
8940.0
9000.0
9000.0
8920.0
8730.0
8550.0
8500.0
8590.0
8240.0
8270.0
8060.0
8250.0
8200.0
8480.0
8610.0
8450.0
8450.0
8480.0
8330.0
8140.0
8010.0
8200.0
7800.0
7700.0
7530.0
7550.0
7500.0
7510.0
7520.0
7600.0
7550.0
7490.0
7540.0
7380.0
7600.0
7460.0
7310.0
7390.0
7300.0
7320.0
7350.0
7310.0
7350.0
7200.0
7330.0
7650.0
7900.0
7950.0
7800.0
7410.0
7560.0
7790.0
7660.0
7620.0
7770.0
7760.0
7690.0
7800.0
7900.0
7960.0
8100.0
8080.0
8150.0
8210.0
8300.0
8340.0
8420.0
8550.0
8560.0
8610.0
8600.0
8470.0
8300.0
8340.0
8380.0
8420.0
8450.0
8480.0
8500.0
8700.0
8680.0
8700.0
8760.0
8750.0
8800.0
8820.0
8800.0
8830.0
8930.0
8900.0
8850.0
8770.0
8800.0
8800.0
8780.0
8760.0
8650.0
8690.0
8760.0
8700.0
8640.0
8800.0
8740.0
8800.0
8700.0
8700.0
8720.0
8710.0
8780.0
8740.0
8610.0
8710.0
8600.0
8690.0
8800.0
9050.0
9050.0
9200.0
9300.0
9560.0
9890.0
9890.0
9880.0
9850.0
10590.0
10680.0
10720.0
10190.0
10200.0
10190.0
10330.0
10570.0
10420.0
11100.0
9090.0
9170.0
9370.0
9310.0
9280.0
9220.0
9070.0
9020.0
8980.0
9030.0
9010.0
9220.0
9010.0
8990.0
8880.0
8920.0
9050.0
9250.0
9200.0
9270.0
9100.0
8970.0
8900.0
8620.0
8600.0
8840.0
8740.0
8750.0
7480.0
7180.0
7040.0
7020.0
7220.0
7790.0
7700.0
7460.0
7700.0
7600.0
7450.0
7200.0
7130.0
7050.0
7200.0
7150.0
7290.0
7300.0
7290.0
7350.0
7410.0
7400.0
7410.0
7540.0
7620.0
7880.0
7940.0
7990.0
7980.0
7950.0
7920.0
8200.0
9000.0
10270.0
10400.0
9830.0
10000.0
9890.0
9640.0
9960.0
9710.0
9400.0
9310.0
9100.0
9150.0
9210.0
9090.0
10100.0
10180.0
10100.0
10100.0
10110.0
10170.0
10010.0
9700.0
10100.0
10100.0
10120.0
10100.0
10110.0
10100.0
10100.0
10100.0
10190.0
10100.0
10110.0
10200.0
9700.0
10100.0
10100.0
10150.0
10100.0
10100.0
10120.0
10150.0
10180.0
10100.0
10120.0
10110.0
10100.0
10190.0
10100.0
10160.0
10140.0
10110.0
10110.0
10100.0
10100.0
10100.0
10100.0
10100.0
10110.0
10110.0
10120.0
10130.0
10140.0
10160.0
10100.0
10100.0
10170.0
10130.0
10160.0
10100.0
10100.0
10100.0
9980.0
10000.0
10100.0
9950.0
9900.0
9930.0
9750.0
9740.0
9500.0
9550.0
9600.0
9500.0
9490.0
9410.0
9450.0
9410.0
9250.0
9360.0
9380.0
9180.0
9100.0
8920.0
8610.0
8670.0
8460.0
8540.0
8630.0
8400.0
8370.0
8480.0
8520.0
8570.0
8830.0
9010.0
9040.0
8950.0
8750.0
8770.0
8650.0
8740.0
8720.0
8810.0
8780.0
9300.0
9120.0
9130.0
9130.0
9120.0
9250.0
9070.0
9180.0
9000.0
9080.0
9180.0
9140.0
9200.0
9010.0
8900.0
8860.0
8900.0
8910.0
8860.0
8830.0
8990.0
8980.0
8960.0
8800.0
8820.0
9000.0
9160.0
9100.0
8880.0
8590.0
8470.0
8520.0
8400.0
8320.0
8330.0
8430.0
8500.0
8410.0
8450.0
8500.0
8460.0
8380.0
8330.0
8250.0
8210.0
8170.0
8200.0
8260.0
8130.0
8160.0
8030.0
7890.0
7900.0
7960.0
7840.0
7580.0
7580.0
7410.0
7500.0
7490.0
7580.0
7780.0
8000.0
8000.0
7750.0
7950.0
7800.0
7500.0
7610.0
7400.0
7360.0
7390.0
7300.0
7250.0
7150.0
7100.0
7140.0
7250.0
7040.0
7160.0
7040.0
7080.0
6940.0
6990.0
6900.0
6940.0
6850.0
6810.0
7250.0
6930.0
6730.0
6620.0
6710.0
6650.0
6530.0
6300.0
6300.0
6350.0
6370.0
6420.0
6420.0
6300.0
6580.0
6420.0
6470.0
6610.0
6690.0
6700.0
7090.0
7400.0
7350.0
7320.0
7750.0
7800.0
7670.0
7680.0
7640.0
7640.0
7520.0
7510.0
7560.0
7420.0
7470.0
7450.0
7440.0
7450.0
7380.0
7300.0
7600.0
7510.0
7430.0
7480.0
7380.0
7280.0
7230.0
7600.0
7990.0
7480.0
7500.0
7570.0
7470.0
7440.0
7570.0
7500.0
7500.0
6790.0
6800.0
6890.0
6760.0
6770.0
6800.0
6830.0
6800.0
6730.0
6850.0
6850.0
6720.0
6640.0
6630.0
6630.0
6630.0
6790.0
6710.0
6680.0
6660.0
6640.0
6720.0
6700.0
6760.0
7280.0
7200.0
7150.0
7170.0
7300.0
7150.0
7300.0
7310.0
7300.0
7300.0
7320.0
7170.0
7230.0
7180.0
7270.0
7130.0
7150.0
7100.0
7090.0
7000.0
7050.0
7030.0
6990.0
7190.0
7020.0
7030.0
7010.0
7260.0
7350.0
7310.0
7320.0
7390.0
7390.0
7100.0
7100.0
7000.0
7040.0
7160.0
7080.0
7080.0
7010.0
6990.0
6960.0
6890.0
7000.0
6960.0
6920.0
7060.0
7140.0
7150.0
7100.0
7090.0
7140.0
7230.0
7270.0
7100.0
7010.0
7080.0
7000.0
7000.0
6940.0
6900.0
7070.0
7000.0
7300.0
7210.0
7230.0
7210.0
7000.0
7130.0
7120.0
7080.0
7170.0
7050.0
7160.0
7180.0
7050.0
7150.0
7160.0
7120.0
7180.0
7150.0
7050.0
7070.0
7000.0
6990.0
6980.0
6960.0
6930.0
6840.0
6890.0
6900.0
6860.0
6860.0
6940.0
6820.0
6970.0
6910.0
6870.0
6850.0
6850.0
6800.0
6810.0
6770.0
6760.0
6820.0
6840.0
6800.0
6760.0
6870.0
6850.0
6800.0
6930.0
7050.0
7300.0
7200.0
7190.0
7210.0
7130.0
7150.0
7120.0
7060.0
7080.0
7010.0
7020.0
6990.0
7100.0
7040.0
6710.0
6690.0
6660.0
6640.0
6600.0
6540.0
6550.0
6630.0
6770.0
6730.0
6730.0
6550.0
6660.0
6730.0
6500.0
6470.0
6530.0
6440.0
6270.0
6350.0
6380.0
6400.0
6340.0
6350.0
6370.0
6360.0
6380.0
6330.0
6350.0
6340.0
6310.0
6400.0
6330.0
6260.0
6170.0
6000.0
6000.0
6030.0
5960.0
6040.0
6020.0
6200.0
6260.0
6100.0
6120.0
6170.0
6100.0
6140.0
6120.0
6110.0
6030.0
6080.0
6020.0
6080.0
6020.0
6080.0
6100.0
6090.0
6050.0
6010.0
6060.0
6040.0
6010.0
6020.0
5950.0
5970.0
5950.0
6000.0
5930.0
5990.0
5900.0
5960.0
5870.0
5870.0
5780.0
5780.0
5810.0
5730.0
5790.0
5740.0
5640.0
5680.0
5620.0
5840.0
5660.0
5780.0
5600.0
5560.0
5480.0
5340.0
5560.0
5400.0
5360.0
5400.0
5600.0
5540.0
5600.0
5560.0
5520.0
5520.0
5580.0
5360.0
5280.0
5220.0
5280.0
5280.0
5300.0
5380.0
5220.0
5140.0
5160.0
5160.0
5200.0
5220.0
5200.0
5180.0
5220.0
5240.0
5200.0
5200.0
5220.0
5160.0
5100.0
5120.0
5220.0
5180.0
5240.0
5200.0
5200.0
5180.0
5240.0
5140.0
5040.0
5100.0
5080.0
5260.0
5180.0
5220.0
5180.0
5220.0
5180.0
5080.0
5080.0
5080.0
5080.0
5080.0
5040.0
5100.0
5080.0
5160.0
5120.0
5140.0
5160.0
5140.0
5140.0
5160.0
5180.0
5120.0
5200.0
5180.0
5140.0
5160.0
5120.0
5120.0
5120.0
5100.0
5080.0
5080.0
5140.0
5160.0
5160.0
5120.0
5300.0
5380.0
6140.0
6300.0
5980.0
5820.0
5780.0
5700.0
5780.0
5700.0
5700.0
5700.0
5580.0
5620.0
5600.0
5600.0
5620.0
5820.0
5920.0
5880.0
5880.0
5860.0
5920.0
5920.0
5880.0
5920.0
5860.0
5860.0
5820.0
5920.0
5860.0
5800.0
5780.0
5820.0
5860.0
5840.0
5840.0
5870.0
5900.0
6390.0
6170.0
6400.0
6310.0
6270.0
6290.0
6150.0
6100.0
6100.0
6130.0
6400.0
6580.0
6460.0
6340.0
6270.0
6260.0
6190.0
6060.0
6020.0
5990.0
5950.0
6000.0
5950.0
5910.0
5940.0
5890.0
5860.0
5840.0
5740.0
5780.0
5720.0
5770.0
5730.0
5740.0
5780.0
5790.0
5700.0
5580.0
5520.0
5600.0
5580.0
5540.0
5500.0
5600.0
5640.0
5600.0
5530.0
5640.0
5550.0
5550.0
5560.0
5490.0
5480.0
5500.0
5480.0
5520.0
5750.0
5630.0
5680.0
5730.0
5750.0
5820.0
5810.0
5800.0
5700.0
5710.0
5740.0
5720.0
5670.0
5730.0
5740.0
5650.0
5590.0
5550.0
5370.0
5380.0
5250.0
5270.0
5270.0
5370.0
5430.0
5430.0
5470.0
5390.0
5410.0
5490.0
5450.0
5440.0
5360.0
5390.0
5420.0
5410.0
5370.0
5460.0
5500.0
5690.0
5900.0
5920.0
6150.0
6170.0
6020.0
5820.0
5960.0
6020.0
6000.0
6000.0
5900.0
6000.0
5940.0
5890.0
5880.0
5670.0
5870.0
5850.0
5930.0
5950.0
6100.0
6100.0
6030.0
6000.0
5980.0
6030.0
6030.0
6180.0
6100.0
6210.0
6290.0
6680.0
6980.0
7160.0
7400.0
8400.0
9030.0
8270.0
7590.0
7080.0
7820.0
7620.0
7490.0
7740.0
7940.0
7930.0
7800.0
7750.0
7630.0
7680.0
7620.0
7510.0
7340.0
7270.0
7430.0
7310.0
7370.0
7360.0
7360.0
7420.0
7380.0
7670.0
7550.0
7560.0
7650.0
7650.0
7660.0
7550.0
7490.0
7350.0
7430.0
7450.0
7380.0
7350.0
7360.0
7370.0
7300.0
7120.0
6640.0
6770.0
6720.0
6800.0
6790.0
6840.0
6830.0
6730.0
6670.0
6760.0
6750.0
6750.0
6750.0
6770.0
6620.0
6730.0
6740.0
6740.0
6730.0
6690.0
6690.0
6730.0
6700.0
6700.0
6720.0
6710.0
6710.0
6700.0
6710.0
6800.0
6710.0
6740.0
6770.0
6730.0
6710.0
6710.0
6710.0
6700.0
6680.0
6690.0
6690.0
6700.0
6800.0
6790.0
6720.0
6730.0
6710.0
6710.0
6700.0
6710.0
6700.0
6740.0
6700.0
6770.0
6770.0
6800.0
7260.0
8140.0
8330.0
7790.0
7710.0
8150.0
8010.0
7950.0
7910.0
7930.0
7970.0
7950.0
7950.0
7940.0
7970.0
8370.0
8170.0
8150.0
8240.0
8190.0
8200.0
8070.0
8080.0
8090.0
8050.0
8110.0
8050.0
8050.0
8100.0
8060.0
8090.0
8100.0
8030.0
8080.0
8280.0
8450.0
8220.0
8320.0
7480.0
7410.0
7500.0
7490.0
7450.0
7420.0
7290.0
7220.0
6280.0
6400.0
5830.0
6100.0
6240.0
6370.0
6440.0
6970.0
7220.0
7250.0
7770.0
7660.0
8300.0
8540.0
8540.0
8390.0
8170.0
8290.0
8260.0
8200.0
8180.0
8280.0
8320.0
8710.0
9100.0
9260.0
8860.0
8730.0
8840.0
8850.0
8940.0
8840.0
8760.0
8660.0
8550.0
8530.0
8530.0
8490.0
8420.0
8440.0
8430.0
8380.0
8470.0
8660.0
8530.0
8610.0
8530.0
8630.0
8590.0
8560.0
8550.0
8500.0
8620.0
8680.0
8690.0
8690.0
8680.0
8570.0
8490.0
8170.0
8210.0
8430.0
8440.0
8580.0
8400.0
8440.0
8540.0
8570.0
8540.0
8550.0
8540.0
8540.0
8510.0
8550.0
8550.0
8540.0
8740.0
8750.0
9100.0
9550.0
11450.0
12160.0
11660.0
11100.0
12120.0
11810.0
11990.0
11970.0
11900.0
12000.0
12200.0
12540.0
16550.0
18750.0
18300.0
17290.0
18600.0
18480.0
18160.0
18670.0
18750.0
18200.0
18130.0
16930.0
17140.0
17570.0
17790.0
18580.0
18460.0
18440.0
18320.0
18320.0
18360.0
18290.0
18140.0
18000.0
18000.0
17890.0
17920.0
17840.0
17930.0
18030.0
18070.0
18020.0
18100.0
18100.0
18090.0
18060.0
18130.0
18420.0
18550.0
18470.0
18150.0
18590.0
18500.0
18550.0
18500.0
18590.0
18430.0
18750.0
18830.0
18850.0
18750.0
18810.0
18840.0
19100.0
19050.0
19050.0
19140.0
19220.0
19260.0
19290.0
19330.0
19330.0
19350.0
19380.0
19400.0
19400.0
19350.0
19320.0
19330.0
19350.0
19360.0
19350.0
19380.0
19450.0
19390.0
19390.0
19390.0
19390.0
19400.0
19400.0
19470.0
19400.0
19380.0
19340.0
19350.0
19340.0
19250.0
19400.0
19400.0
19430.0
19430.0
19440.0
19400.0
19330.0
19350.0
19370.0
19350.0
19410.0
19400.0
19450.0
19300.0
19250.0
19150.0
19120.0
18820.0
18820.0
18800.0
18200.0
18200.0
18000.0
17700.0
18420.0
18170.0
18520.0
18850.0
19030.0
19120.0
19030.0
18960.0
18900.0
18300.0
18620.0
18800.0
18900.0
18590.0
18540.0
18700.0
18610.0
18650.0
18490.0
18650.0
18770.0
18510.0
18690.0
18450.0
18540.0
18520.0
18360.0
18230.0
18530.0
18390.0
18450.0
18380.0
18420.0
18280.0
18350.0
18400.0
18320.0
18370.0
18220.0
18300.0
18170.0
18230.0
18270.0
18110.0
18060.0
18250.0
18230.0
18160.0
18100.0
18110.0
18050.0
18100.0
18110.0
18100.0
18180.0
18820.0
18270.0
17930.0
17640.0
17670.0
17550.0
17530.0
17820.0
17540.0
17600.0
18090.0
17800.0
17790.0
17800.0
17740.0
17850.0
17840.0
17860.0
18000.0
18120.0
17960.0
17960.0
17940.0
17850.0
17710.0
17710.0
17720.0
17780.0
17670.0
17700.0
17810.0
18040.0
17950.0
17900.0
17770.0
17860.0
17820.0
17900.0
18050.0
18200.0
18000.0
18100.0
18000.0
18240.0
18190.0
18600.0
18610.0
18370.0
18730.0
18560.0
18920.0
18810.0
26360.0
35000.0
33310.0
30020.0
33010.0
32870.0
34010.0
32990.0
33050.0
31500.0
31300.0
31180.0
31020.0
30200.0
29000.0
28290.0
28600.0
28500.0
28090.0
28090.0
27950.0
28100.0
26480.0
24490.0
24500.0
23370.0
12490.0
10980.0
10500.0
13440.0
16630.0
18190.0
14590.0
13840.0
13230.0
14610.0
15120.0
15050.0
15000.0
14760.0
14610.0
14020.0
13400.0
14100.0
14090.0
13910.0
13730.0
13540.0
13390.0
13100.0
12750.0
12410.0
12520.0
13440.0
13000.0
13110.0
13040.0
12970.0
12870.0
12890.0
12730.0
12720.0
12620.0
12560.0
12310.0
12160.0
12490.0
12310.0
12300.0
12250.0
12210.0
12120.0
12000.0
11980.0
12080.0
11900.0
11760.0
11650.0
11640.0
11420.0
11040.0
10790.0
10100.0
11790.0
11460.0
11680.0
11910.0
11770.0
11650.0
11640.0
11660.0
11610.0
11650.0
11880.0
11910.0
11850.0
11790.0
11830.0
11780.0
11790.0
11560.0
11330.0
11030.0
10910.0
11330.0
11290.0
11200.0
11200.0
11090.0
10980.0
10950.0
10920.0
11050.0
11310.0
11060.0
11090.0
10990.0
11020.0
11040.0
10970.0
10600.0
10570.0
10680.0
10580.0
10680.0
10400.0
10460.0
10370.0
10130.0
10100.0
10090.0
10090.0
9990.0
10000.0
10000.0
9880.0
9830.0
9930.0
10030.0
10040.0
9910.0
9870.0
9790.0
9740.0
9590.0
9430.0
9440.0
9280.0
9200.0
9320.0
9600.0
10250.0
9820.0
10140.0
9980.0
9980.0
9770.0
9600.0
9520.0
9200.0
9450.0
9460.0
9160.0
9100.0
9080.0
9130.0
9130.0
9100.0
9120.0
9140.0
9130.0
9090.0
9070.0
9010.0
9020.0
9190.0
9190.0
9130.0
9060.0
9220.0
9120.0
9220.0
9150.0
8470.0
8200.0
6870.0
8200.0
9330.0
9050.0
9150.0
9190.0
10650.0
10350.0
10000.0
9950.0
9880.0
9900.0
10260.0
11600.0
11210.0
13330.0
15750.0
16150.0
12910.0
11850.0
12170.0
11500.0
10980.0
10950.0
11010.0
10960.0
11050.0
11100.0
11050.0
10820.0
10790.0
10200.0
10150.0
10220.0
10160.0
10170.0
10090.0
9910.0
9610.0
9380.0
9880.0
9850.0
9760.0
9800.0
9690.0
9730.0
9720.0
9400.0
9200.0
9270.0
9100.0
8930.0
9050.0
9010.0
9020.0
9000.0
9030.0
9060.0
8960.0
8800.0
8740.0
8770.0
8590.0
8380.0
8290.0
8150.0
