close
1144.0
1158.5
1201.99
1210.0
1230.0
1191.93
1155.0
1188.9
1225.93
1199.9
1210.0
1215.3
1215.9
1210.1
1210.0
1180.0
1170.0
1160.0
1091.2
1090.0
1091.1
1095.0
1100.0
1100.0
1100.0
1129.0
1150.1
1149.9
1149.0
1176.8
1175.0
1190.0
1191.0
1180.0
1182.0
1171.0
1167.6
1159.3
1145.0
1136.2
1134.3
1123.7
1082.0
1080.5
1110.7
1104.0
1108.0
1110.0
1098.0
1097.9
1120.0
1090.0
1100.0
1044.0
1060.0
1040.0
1030.0
1022.2
1010.0
1011.1
1000.1
1025.0
1029.7
1035.1
1024.9
1002.0
1012.0
1010.0
1022.0
1030.0
1045.0
1029.0
1010.0
1004.0
998.5
993.0
994.8
984.0
985.0
979.9
987.9
983.1
970.0
972.8
965.1
967.1
963.5
940.0
950.0
940.1
947.4
949.8
970.0
1028.1
1030.1
1029.0
1023.5
1035.0
1023.5
1007.9
1023.6
1030.0
1025.0
1017.1
1004.9
995.8
1001.2
1002.2
1013.4
1004.5
1004.0
1000.4
1000.0
987.9
1000.0
1014.8
1000.0
974.7
950.0
845.0
832.0
810.2
799.0
843.2
864.9
820.0
820.5
783.0
745.0
740.0
730.5
709.6
684.9
660.0
715.9
704.9
719.9
736.4
724.0
718.0
723.0
755.6
735.0
708.1
665.0
662.0
662.8
669.1
659.1
643.0
656.5
655.0
594.0
564.7
548.0
563.7
539.0
541.7
520.5
505.0
445.4
436.4
475.0
488.0
484.2
475.0
490.0
481.5
510.1
517.2
524.9
538.9
543.0
549.9
594.6
602.5
614.7
615.0
615.0
610.5
583.7
599.7
597.0
625.0
625.0
594.5
585.0
595.0
593.5
590.7
577.7
565.0
547.3
528.9
537.5
530.0
521.0
518.5
529.0
523.8
531.8
575.0
574.8
584.4
563.8
544.3
537.0
513.0
499.9
498.5
482.5
475.0
480.2
469.6
477.7
469.0
464.8
464.2
464.7
462.0
456.2
451.0
458.3
476.3
478.1
480.3
476.5
474.6
477.6
475.5
478.0
493.0
503.0
519.5
517.5
542.9
537.7
547.2
546.0
572.5
591.0
579.6
567.4
605.0
621.3
619.8
619.5
614.9
602.2
614.5
618.2
623.4
651.3
674.0
674.8
692.0
677.0
662.6
637.0
642.9
659.0
648.7
641.6
650.1
659.0
652.9
666.7
639.7
642.5
644.7
651.7
668.0
717.0
709.0
710.0
712.4
709.0
710.0
705.0
703.8
718.9
719.0
704.5
708.5
711.9
714.0
722.0
704.8
745.0
720.0
710.4
702.5
694.9
684.5
688.6
682.0
684.0
681.7
695.0
697.0
681.0
684.8
691.0
678.8
676.0
675.0
668.0
644.0
602.0
600.0
597.0
563.8
560.0
560.0
562.1
523.1
555.0
577.9
536.7
532.1
541.0
558.0
525.0
548.8
533.8
536.0
549.8
540.0
554.9
523.1
513.9
520.7
543.9
555.0
575.0
575.0
590.4
584.0
595.0
587.0
594.0
584.9
556.7
574.0
570.9
568.2
563.9
557.7
560.0
570.6
575.0
573.8
564.3
561.4
562.4
563.2
559.7
551.8
577.9
570.0
577.0
585.0
573.3
580.0
547.6
536.8
537.2
552.0
552.1
572.9
569.4
570.0
561.6
567.2
557.9
558.7
558.9
561.0
549.0
554.0
553.7
554.7
556.9
562.6
556.0
567.1
560.7
563.9
555.4
556.7
566.4
555.1
553.1
553.7
554.0
549.8
549.0
557.0
559.7
574.4
599.7
609.5
594.0
619.9
632.7
622.0
593.0
599.2
596.6
596.4
605.0
576.8
573.4
565.9
592.9
593.7
594.7
589.0
596.1
581.1
579.9
576.0
572.2
568.0
569.8
579.8
595.7
595.5
602.0
609.4
600.0
600.0
604.0
626.0
607.0
583.0
590.0
583.8
600.0
604.4
628.0
598.7
597.0
593.0
577.1
579.0
576.9
584.8
574.9
573.5
576.0
600.0
605.5
596.6
588.0
571.1
570.8
570.0
580.0
573.2
570.5
568.4
566.5
564.0
573.9
576.0
582.0
575.0
571.5
577.9
571.6
574.9
565.0
562.8
560.5
563.7
563.7
562.6
572.5
576.8
576.6
596.2
625.8
662.7
660.1
660.0
668.0
659.9
649.6
641.6
637.0
652.0
678.8
692.5
693.9
706.3
701.9
715.0
720.0
694.9
677.4
677.5
671.1
666.9
685.0
672.8
691.9
684.0
673.0
661.0
651.8
653.0
660.9
653.8
651.0
664.9
662.9
651.9
646.0
654.9
651.3
660.8
662.5
650.0
652.9
631.1
607.3
595.1
590.5
598.9
594.8
577.0
586.0
580.2
584.0
577.0
578.0
572.1
580.4
572.0
581.9
568.0
565.0
561.3
541.7
534.9
526.3
522.1
515.0
518.1
520.0
507.0
520.0
532.2
557.0
555.7
546.8
557.3
579.7
575.0
575.0
595.4
588.1
565.3
572.2
557.0
545.7
534.2
554.2
548.6
532.2
556.0
538.2
532.0
530.0
552.4
541.7
527.2
524.5
523.8
527.0
534.0
532.0
550.0
539.7
524.6
521.3
531.1
562.4
572.0
589.0
573.0
575.0
550.3
556.8
564.0
553.0
550.0
555.1
551.0
562.8
565.0
550.0
551.9
553.9
566.8
584.3
590.0
584.2
599.3
617.0
610.0
616.5
627.0
635.4
635.0
637.9
623.7
622.0
633.0
619.5
634.9
625.1
607.5
607.5
621.7
634.5
633.0
614.7
626.1
632.0
627.0
614.0
614.1
614.0
611.4
621.0
612.0
598.5
587.4
585.1
577.0
570.0
572.5
565.0
565.0
580.3
580.0
582.0
571.7
572.0
565.6
543.0
573.0
567.0
559.0
587.0
568.8
560.1
563.0
558.1
569.5
568.9
564.0
568.0
558.1
551.3
553.3
548.1
553.0
564.3
569.7
567.9
577.2
599.3
615.0
606.0
625.0
601.0
603.0
595.8
592.6
592.0
601.7
600.9
602.8
585.3
581.6
582.8
580.0
585.3
550.0
546.5
560.1
550.5
570.2
560.0
557.9
560.0
556.0
555.0
560.0
548.0
546.0
552.2
564.0
573.0
572.0
563.9
555.7
558.0
561.0
565.9
556.8
557.4
561.0
568.0
583.7
581.0
598.5
587.9
577.9
611.9
601.6
594.4
602.9
606.7
610.8
585.0
598.6
592.0
590.0
602.2
609.5
615.0
597.4
607.0
605.0
605.0
600.6
604.0
596.5
587.5
591.5
578.6
559.0
551.0
544.5
534.6
549.9
555.0
569.8
569.1
580.9
585.6
585.0
589.0
591.5
597.0
590.4
593.9
591.7
580.1
577.4
571.0
565.0
567.9
465.0
498.3
477.4
468.0
470.0
464.4
433.4
415.0
387.8
406.9
434.0
446.0
455.9
449.8
449.9
457.4
456.3
449.4
453.1
456.3
460.0
456.9
457.7
458.0
449.7
446.6
465.0
494.0
482.9
477.0
475.0
481.9
483.9
517.0
535.3
506.0
510.8
508.9
504.0
495.0
490.0
486.1
489.4
494.1
493.2
529.7
519.0
515.1
517.0
517.6
520.0
524.3
533.2
536.0
550.0
559.5
567.9
575.1
572.1
581.1
609.0
595.9
609.3
605.9
613.0
615.1
623.9
620.8
627.5
629.5
626.0
616.1
624.0
620.3
610.0
611.9
618.0
619.8
619.7
621.0
595.4
592.5
596.4
596.0
600.0
612.6
614.0
607.9
595.0
600.3
602.0
600.0
610.1
611.7
587.9
580.0
589.3
585.8
575.5
580.3
560.2
572.8
590.5
576.4
569.5
568.1
570.7
568.2
562.8
568.3
570.5
571.9
591.3
595.0
590.5
588.6
605.0
614.3
605.4
596.7
607.5
600.1
595.5
586.0
566.6
575.0
579.7
610.4
608.5
612.9
618.9
613.5
620.1
620.2
626.9
620.0
626.2
623.0
634.9
626.3
643.3
648.9
664.0
660.0
672.3
672.1
656.0
652.0
615.0
625.0
645.0
655.0
631.0
625.0
635.0
630.0
614.0
595.0
590.0
599.0
581.0
585.0
574.0
574.0
584.0
589.0
591.0
586.0
601.0
614.0
596.0
631.0
642.0
617.0
616.0
618.0
612.0
607.0
617.0
600.0
600.0
602.0
600.0
599.0
590.0
597.0
588.0
581.0
565.0
573.0
551.0
572.0
552.0
529.0
492.0
492.0
496.0
502.0
522.0
495.0
472.0
468.0
468.0
461.0
451.0
444.0
455.0
450.0
447.0
458.0
458.0
473.0
473.0
480.0
489.0
484.0
468.0
454.0
467.0
463.0
447.0
447.0
443.0
460.0
485.0
476.0
473.0
486.0
494.0
471.0
468.0
467.0
477.0
478.0
481.0
520.0
549.0
561.0
571.0
568.0
580.0
569.0
579.0
571.0
572.0
582.0
589.0
592.0
589.0
584.0
600.0
590.0
592.0
619.0
617.0
616.0
616.0
615.0
617.0
624.0
640.0
652.0
668.0
671.0
703.0
676.0
650.0
661.0
664.0
665.0
653.0
657.0
650.0
654.0
670.0
670.0
659.0
649.0
648.0
640.0
659.0
629.0
613.0
575.0
606.0
620.0
616.0
612.0
611.0
609.0
609.0
613.0
619.0
616.0
611.0
612.0
613.0
609.0
610.0
610.0
616.0
620.0
612.0
613.0
610.0
610.0
612.0
618.0
616.0
616.0
612.0
614.0
601.0
601.0
600.0
612.0
619.0
610.0
614.0
615.0
615.0
612.0
610.0
612.0
605.0
602.0
601.0
602.0
602.0
581.0
572.0
581.0
580.0
580.0
566.0
569.0
553.0
565.0
568.0
597.0
611.0
604.0
599.0
590.0
579.0
598.0
608.0
587.0
585.0
555.0
570.0
573.0
593.0
600.0
595.0
595.0
599.0
590.0
586.0
590.0
593.0
587.0
600.0
592.0
584.0
583.0
586.0
585.0
581.0
564.0
560.0
555.0
569.0
573.0
574.0
576.0
571.0
566.0
564.0
560.0
560.0
567.0
572.0
574.0
560.0
548.0
550.0
551.0
541.0
542.0
547.0
560.0
561.0
558.0
559.0
555.0
569.0
557.0
555.0
567.0
585.0
572.0
570.0
584.0
580.0
592.0
598.0
587.0
595.0
594.0
607.0
607.0
614.0
618.0
606.0
586.0
608.0
594.0
619.0
606.0
597.0
603.0
615.5
627.5
624.0
620.5
625.0
620.0
615.5
625.5
630.0
631.0
630.5
657.0
655.0
659.5
669.5
667.0
673.0
690.5
690.0
701.0
695.0
710.0
703.0
693.0
691.5
697.5
683.5
677.5
667.0
680.0
682.0
678.5
667.0
678.5
672.0
667.5
668.0
667.5
673.0
698.0
717.5
732.0
695.5
681.0
684.0
668.0
623.0
589.5
615.0
597.5
629.0
634.5
624.0
622.0
633.0
632.5
624.0
630.0
626.5
614.5
604.0
610.5
621.0
618.5
610.0
618.0
616.0
610.0
611.0
592.0
593.5
592.0
596.5
591.5
596.0
597.0
588.5
594.0
599.5
607.5
638.0
653.0
658.0
654.0
653.0
655.0
664.5
665.0
677.0
673.5
669.5
675.0
676.0
674.5
672.0
673.5
675.5
674.0
678.5
681.5
684.0
688.5
686.0
680.0
685.0
684.0
689.0
702.5
711.0
718.0
654.5
647.0
640.0
648.0
648.5
647.0
639.0
644.5
636.5
642.0
649.0
649.5
645.5
647.0
643.0
643.0
630.5
637.0
638.0
635.5
643.0
645.5
646.5
672.0
672.5
672.0
700.0
717.5
702.0
708.0
716.0
736.0
727.0
744.0
759.5
777.5
758.0
734.5
738.0
742.0
749.0
745.0
767.0
776.0
786.5
776.5
809.5
826.0
827.5
830.0
823.0
823.5
843.0
859.0
828.5
846.0
840.5
842.5
841.5
860.5
876.5
887.0
879.0
912.5
902.5
898.0
908.0
905.5
905.0
905.0
900.5
907.5
900.0
886.5
889.5
899.5
889.0
893.0
892.5
895.5
905.0
904.0
898.0
888.0
880.5
886.5
918.5
908.0
905.0
896.0
904.5
908.0
880.0
879.0
878.0
895.0
901.5
899.5
896.0
897.5
896.0
895.0
891.0
888.0
890.5
893.0
890.0
899.0
894.5
887.0
884.0
880.0
883.5
882.0
883.5
883.5
891.0
891.0
896.0
889.5
884.5
886.5
895.5
896.0
898.5
895.0
898.0
880.0
884.0
880.0
898.0
908.5
900.5
886.0
888.5
885.5
885.0
879.5
906.5
900.0
894.0
883.0
883.5
901.5
905.0
914.5
895.0
898.0
892.5
894.5
883.5
885.5
874.0
888.5
883.5
892.0
897.0
915.0
916.5
917.5
919.0
925.0
945.0
977.0
985.0
968.5
960.5
955.5
956.5
948.5
932.0
956.0
964.0
975.0
955.0
974.5
972.0
972.5
973.5
966.5
952.0
982.0
975.5
972.5
970.5
1001.5
1014.5
1016.0
1036.0
1040.5
1050.0
1026.5
1022.5
1006.0
1004.0
1007.0
1000.0
999.5
1008.0
1000.0
999.5
1001.0
998.5
985.0
1001.5
1001.0
990.0
968.0
966.5
966.5
987.5
989.0
990.0
984.0
988.5
987.0
990.0
987.0
976.0
949.5
952.5
970.5
954.0
947.0
949.0
945.5
929.0
917.5
918.0
920.0
914.5
919.5
930.0
919.5
919.5
919.0
918.0
913.5
914.0
936.0
943.0
942.5
927.0
930.0
930.5
941.0
937.5
929.0
924.0
908.5
902.0
898.0
899.0
898.5
872.5
835.0
863.5
857.5
850.0
859.0
862.5
860.0
870.0
880.0
882.5
890.0
898.0
895.0
895.5
890.0
880.0
881.5
903.5
902.0
906.5
908.0
908.5
909.0
918.0
915.0
914.5
914.0
906.5
916.0
892.5
893.5
886.5
890.0
891.5
883.5
898.0
887.5
870.0
883.0
796.0
785.0
802.5
804.0
806.5
815.0
824.0
817.0
820.5
820.0
820.0
833.5
833.0
845.0
869.0
865.0
848.5
857.5
861.5
861.0
859.5
861.0
828.0
797.0
789.5
778.0
782.0
765.0
758.5
728.5
725.0
733.0
738.5
760.0
753.0
770.0
781.0
780.0
770.5
777.5
788.5
790.0
790.5
807.0
816.0
812.0
806.5
799.0
814.0
829.0
840.5
820.0
796.5
779.5
789.0
780.0
785.0
809.5
807.5
803.0
805.0
805.5
809.0
814.5
816.5
811.5
809.5
808.0
821.0
814.0
814.0
812.0
807.5
805.0
807.0
800.0
787.0
783.5
781.0
782.0
795.5
799.5
827.5
829.5
831.0
827.0
827.5
823.5
815.0
828.0
815.5
817.0
813.0
813.0
825.5
820.5
815.0
817.0
813.5
816.0
833.0
826.0
821.5
821.5
815.0
810.0
809.0
807.0
796.5
802.0
793.5
809.0
820.0
814.0
806.5
807.5
806.0
796.0
799.0
801.5
793.5
779.0
773.0
771.0
769.0
766.0
762.5
756.0
760.0
759.0
769.0
760.5
792.5
817.5
822.5
822.0
809.5
813.0
826.5
824.5
820.0
825.5
828.0
818.0
840.0
861.0
871.0
858.0
833.5
826.5
820.5
837.0
836.5
836.0
840.0
844.0
851.5
846.5
842.0
830.0
829.0
832.0
819.0
825.0
823.5
825.0
824.0
824.0
825.0
823.0
820.5
839.0
842.0
843.0
838.0
843.0
850.0
859.0
872.0
885.0
900.0
904.0
916.0
922.0
910.0
900.5
880.0
870.0
864.0
849.5
847.5
858.5
850.0
846.0
853.0
863.5
870.0
875.0
874.0
865.0
872.5
877.5
883.0
882.5
825.0
830.0
818.0
829.0
829.5
810.0
808.0
821.0
826.0
825.0
825.5
832.5
828.5
832.5
834.5
841.0
836.0
831.5
840.0
838.0
842.0
840.5
830.0
834.0
827.0
829.0
826.5
826.0
824.0
823.0
823.5
814.0
815.0
819.5
824.5
843.0
836.0
836.5
843.5
864.5
866.0
865.0
860.0
845.5
859.0
858.5
853.0
843.5
841.0
845.5
840.0
844.0
835.5
833.0
840.0
847.5
846.0
849.0
849.5
847.0
843.5
853.0
844.0
850.0
784.5
781.5
775.0
780.0
780.0
779.0
784.5
782.5
772.0
778.5
779.5
778.0
773.5
773.5
773.0
770.0
774.0
772.0
770.0
770.5
777.0
777.0
771.0
767.5
763.0
757.0
754.0
756.0
752.0
752.5
753.0
752.0
760.0
760.0
758.0
751.5
726.0
723.0
727.5
721.0
715.0
711.5
695.0
660.0
629.0
625.5
618.5
647.0
662.0
639.0
648.5
647.5
656.0
648.0
648.0
651.0
663.5
681.5
678.0
676.0
671.0
674.0
682.0
668.0
672.0
673.5
672.0
666.5
650.5
660.5
670.5
676.0
672.0
680.0
666.0
653.0
649.5
653.0
647.5
633.5
635.5
630.0
629.5
630.8
632.0
630.0
637.8
637.8
633.0
634.6
632.4
633.8
631.0
636.0
638.0
637.4
636.8
636.0
636.8
631.0
630.8
631.6
642.0
639.0
658.2
664.2
675.6
664.6
665.4
663.0
646.0
642.8
642.2
636.4
629.6
616.2
609.0
608.0
598.8
593.2
598.4
592.8
597.0
590.0
597.8
600.4
608.2
624.2
629.0
636.0
622.2
622.0
616.0
614.2
612.0
619.8
623.2
621.4
629.4
646.8
664.0
671.0
649.8
650.8
656.0
655.0
652.4
653.6
653.0
648.8
643.0
646.4
651.0
646.4
643.0
642.4
650.0
648.0
648.8
643.8
645.8
646.8
644.6
636.0
637.4
642.2
647.2
646.0
639.6
644.0
644.8
646.0
644.0
643.4
640.2
642.6
647.2
653.0
656.4
654.6
656.0
669.0
666.6
670.0
660.0
649.8
635.0
618.4
624.8
633.6
632.4
631.0
635.8
636.2
636.0
636.6
645.8
656.0
658.0
669.2
670.2
657.4
655.0
652.2
652.6
660.0
666.0
666.0
667.0
666.6
661.8
654.2
651.0
643.2
650.0
653.4
685.0
688.8
682.2
683.2
683.2
675.4
681.6
680.8
682.2
684.0
689.0
693.2
685.0
690.6
698.0
704.2
715.2
715.0
728.8
739.2
740.2
747.0
745.2
747.0
745.2
752.0
771.6
776.4
804.4
787.2
782.2
795.0
794.0
790.4
784.8
785.0
790.0
746.4
759.2
755.0
750.4
753.8
753.2
751.2
761.0
769.0
765.6
767.0
763.0
760.2
752.0
750.2
763.0
778.8
775.0
764.4
747.4
747.0
752.0
763.2
750.2
742.4
736.2
713.8
715.0
715.0
712.2
706.0
717.2
718.0
710.4
714.4
718.4
731.2
755.0
763.4
753.4
739.4
759.0
755.4
753.0
746.8
745.2
753.8
751.0
754.0
749.4
752.0
753.2
761.8
745.4
739.4
733.6
727.6
730.6
731.0
722.0
720.2
716.2
714.0
706.8
712.0
709.0
712.6
713.4
714.6
712.0
712.4
713.0
707.6
704.4
711.0
715.4
712.0
718.0
715.0
713.4
714.6
714.0
709.8
713.4
726.0
732.0
742.6
748.6
756.2
770.0
772.6
769.4
770.2
770.0
764.0
767.0
762.6
763.0
764.8
757.2
762.0
759.8
760.0
754.2
748.2
743.8
743.6
748.4
750.0
749.2
750.0
749.8
750.0
751.4
759.4
766.0
774.4
775.0
773.0
770.6
765.0
764.0
764.0
764.0
781.0
797.0
788.2
797.6
795.0
811.0
824.8
812.2
848.4
866.8
893.6
891.6
890.0
909.4
907.0
888.0
895.0
900.0
910.0
905.0
899.2
904.2
915.0
916.8
920.8
909.0
912.0
912.8
906.2
904.0
904.8
899.0
902.6
912.0
923.2
902.0
879.0
854.6
827.0
845.0
865.0
849.0
852.0
829.2
767.2
752.0
676.4
670.0
600.0
540.4
510.0
530.0
521.6
518.0
584.0
577.0
558.0
550.0
558.8
587.0
589.8
589.4
591.8
613.0
608.0
610.0
612.0
609.6
599.0
598.2
565.2
568.2
574.8
575.0
563.8
569.0
578.2
574.0
580.0
593.8
602.0
604.0
607.6
613.6
617.2
624.8
598.6
580.0
579.4
565.8
583.2
602.0
593.0
593.0
586.6
580.4
588.2
591.0
589.2
593.8
584.8
590.6
606.2
644.8
635.0
647.8
666.0
654.0
676.6
668.0
651.8
675.8
660.0
660.0
703.0
690.8
713.0
704.8
709.0
713.0
700.8
729.6
729.2
732.4
728.0
730.4
717.0
720.8
712.0
707.8
708.6
721.2
715.0
724.2
737.8
739.0
731.0
732.2
735.0
741.0
741.6
735.0
734.0
748.8
775.6
770.8
770.4
771.2
769.4
777.0
792.0
787.0
793.0
785.6
783.6
775.0
767.0
771.8
772.4
776.8
773.0
774.2
780.0
780.4
789.0
790.0
785.8
798.6
821.8
817.0
807.6
803.2
811.8
821.2
844.0
857.2
847.0
871.0
872.0
867.4
862.0
872.2
862.6
870.0
882.8
856.2
860.4
872.2
875.2
875.2
876.2
873.4
851.0
869.6
862.0
874.8
875.4
872.2
872.0
918.0
909.6
953.8
956.8
915.0
903.4
880.6
893.4
904.4
890.6
891.6
918.4
934.2
940.0
949.2
938.0
930.4
950.0
949.0
944.2
951.4
928.4
920.0
911.6
903.8
909.6
916.8
916.4
907.8
909.4
903.0
902.0
905.4
899.4
895.8
886.0
882.6
874.6
874.8
890.8
880.4
862.8
853.2
858.0
873.4
859.4
854.2
861.6
860.4
867.8
867.6
890.6
905.0
897.4
900.0
913.8
900.6
903.4
908.6
902.8
911.0
924.2
925.0
919.6
930.2
942.6
936.2
931.2
941.2
942.6
952.2
947.2
948.2
949.8
943.4
941.6
940.8
929.0
929.2
929.2
933.4
930.8
921.2
913.6
925.0
922.6
938.2
928.0
911.2
862.2
859.6
854.2
860.2
857.0
864.4
863.2
856.0
861.8
860.8
854.2
851.4
847.0
839.6
840.0
843.4
816.4
805.6
818.2
822.6
825.8
827.2
828.6
836.0
850.0
864.4
847.0
845.0
850.4
836.2
848.8
845.8
847.0
855.8
859.2
857.2
854.6
852.8
855.8
857.8
862.0
852.0
841.4
831.2
818.8
824.2
824.4
833.0
828.6
790.0
781.0
765.4
761.0
748.6
753.0
766.0
760.0
750.8
756.0
758.8
750.8
749.4
752.0
755.6
775.6
777.8
774.6
774.8
792.8
808.2
789.8
780.6
777.0
772.4
764.8
761.6
760.4
760.8
757.6
780.8
777.4
776.0
765.6
773.6
776.0
772.4
774.2
773.8
775.2
771.8
770.2
771.2
771.0
769.6
767.0
770.8
775.0
770.6
763.2
742.0
736.8
745.4
755.0
758.0
752.4
764.6
768.4
779.4
768.6
771.2
772.0
766.0
761.4
760.4
762.4
767.0
769.4
766.2
760.8
766.4
767.2
763.2
765.2
772.6
775.0
779.4
798.2
797.0
804.0
801.4
776.4
772.2
773.8
774.8
774.0
772.2
767.8
767.6
771.6
767.4
767.0
769.0
769.2
770.4
751.8
751.6
759.4
758.0
763.0
756.8
748.0
755.6
758.4
762.4
748.8
751.0
755.2
756.0
758.8
757.8
754.2
755.4
765.0
771.0
762.6
761.8
757.6
755.2
755.2
756.0
755.0
757.6
753.8
749.4
755.8
754.8
755.2
757.0
753.6
750.4
745.0
740.4
739.2
737.6
735.2
724.8
725.6
734.0
716.0
737.0
738.4
746.2
733.0
741.0
745.0
745.6
745.6
724.2
716.8
729.6
718.0
723.8
711.4
686.2
648.8
623.0
604.0
595.6
583.2
582.0
585.2
579.6
578.2
583.6
593.6
603.4
609.0
614.6
613.0
612.2
586.0
632.0
690.0
713.8
703.6
693.2
715.0
706.2
686.0
684.0
653.2
655.2
679.4
663.6
667.0
664.6
656.2
685.8
681.6
688.0
706.0
715.0
740.0
735.4
740.4
712.0
740.0
740.4
741.0
746.0
740.0
702.4
645.4
460.6
520.0
445.2
452.8
523.8
564.8
588.0
581.0
550.6
543.8
547.4
538.0
530.4
513.0
509.0
480.2
485.8
471.2
458.0
466.0
483.0
502.4
494.2
503.4
515.8
505.8
505.0
507.8
497.0
493.0
488.4
478.2
483.2
492.8
496.2
502.2
499.2
494.2
493.2
492.8
491.8
496.0
499.0
506.0
500.6
500.2
493.2
489.2
484.0
478.4
479.0
498.4
479.0
485.4
488.0
493.2
500.0
500.0
542.0
535.6
560.2
585.0
611.0
618.6
577.2
550.4
