close
10.79
10.79
10.703
10.36
10.1
10.15
10.11
10.02
10.245
10.387
10.4
10.45
10.32
10.45
10.55
10.48
10.5
10.49
10.51
10.5
10.5
10.6
10.55
10.47
10.55
10.55
10.47
10.44
10.4
10.4
10.42
10.44
10.415
10.373
10.301
10.4
10.495
10.5
10.394
10.335
10.3
10.34
10.43
10.43
10.3
10.33
10.25
10.2
10.2
10.21
10.2
10.21
10.255
10.26
10.23
10.23
10.23
10.26
10.1
10.143
9.9
9.92
10.0
9.95
9.94
9.94
10.04
9.801
9.8
9.95
9.85
9.8
9.75
9.76
9.75
9.6
9.46
9.3
9.304
9.1
9.15
8.95
9.25
9.15
9.0
9.25
8.6
8.0
8.15
8.15
8.0
8.0
8.15
8.45
8.15
8.15
8.0
8.1
8.05
8.0
8.15
7.85
7.9
8.0
8.05
8.25
8.05
8.05
8.25
8.3
8.5
8.35
8.35
8.4
8.15
8.25
8.2
8.5
8.4
8.3
8.5
8.55
8.3
8.45
8.3
8.15
8.3
8.45
8.1
7.55
7.55
7.45
7.55
7.1
7.15
7.0
6.95
7.0
7.1
8.4
7.2
7.35
7.4
7.5
7.5
7.35
7.3
7.3
7.35
7.4
7.35
7.5
7.55
7.55
7.5
7.5
7.55
7.55
7.5
7.5
7.6
7.65
7.55
7.65
7.75
7.95
7.95
7.9
7.8
7.95
8.1
8.0
7.9
7.9
7.6
7.8
7.7
7.7
7.65
7.4
7.4
7.85
7.85
8.15
8.05
7.95
8.05
8.0
8.05
8.05
8.05
8.05
8.1
8.25
8.05
8.1
8.2
8.15
8.1
8.95
9.25
9.7
10.15
9.95
9.75
9.55
9.2
9.4
9.4
9.15
9.2
9.4
9.3
9.2
9.4
9.35
8.8
9.35
9.15
9.35
8.95
9.45
9.2
9.25
9.25
9.2
9.1
9.1
9.0
9.0
9.35
9.2
9.2
9.1
9.05
9.2
9.2
9.1
9.0
9.05
9.15
9.05
9.05
9.2
8.95
9.0
9.15
9.15
9.05
9.0
9.05
9.05
9.05
8.95
9.05
9.05
8.95
9.1
9.0
9.1
8.9
8.85
8.7
8.75
8.9
8.7
8.6
8.95
8.75
8.75
8.65
8.85
8.5
8.9
8.7
8.75
8.75
8.6
8.75
8.75
8.7
8.55
8.65
8.5
8.6
8.45
8.45
8.45
8.4
8.45
8.2
8.35
8.25
8.3
8.3
8.3
8.25
8.3
8.25
8.25
8.2
8.6
8.55
8.75
8.8
8.75
8.65
8.4
8.45
8.55
8.4
8.45
8.4
8.45
8.65
8.8
8.45
8.45
8.55
8.55
8.45
8.45
8.4
8.55
8.55
8.5
8.45
8.55
8.55
8.45
8.55
8.7
8.75
8.45
8.55
8.55
8.55
8.5
8.5
8.5
8.6
8.55
8.4
8.45
8.55
8.55
8.45
8.55
8.6
8.55
8.55
8.55
8.45
8.45
8.5
8.4
8.4
8.45
8.45
8.55
8.55
8.5
8.55
8.5
8.55
8.45
8.4
8.55
8.4
8.35
8.5
8.45
8.25
8.2
8.3
8.1
8.0
8.0
8.0
8.05
7.9
8.1
7.95
7.8
7.7
7.6
7.75
7.7
8.0
7.85
7.65
7.7
7.75
7.7
7.6
7.55
7.7
7.4
7.4
7.5
7.35
7.5
7.4
7.55
7.45
7.5
7.4
7.5
7.55
7.5
7.45
7.3
7.4
7.4
7.5
7.4
7.5
7.4
7.5
7.5
7.35
7.4
7.45
7.35
7.4
7.4
7.45
7.5
7.45
7.45
7.45
7.45
7.45
7.45
7.5
7.35
7.4
7.4
7.3
7.2
7.3
7.15
7.25
7.3
7.15
7.15
7.2
7.2
7.25
7.15
7.1
7.2
7.25
7.2
7.05
7.15
7.2
7.2
7.15
7.2
7.25
7.1
7.2
7.0
7.0
7.05
7.15
7.1
7.15
7.05
6.95
6.95
7.05
7.2
7.25
7.2
7.35
7.3
7.3
7.35
7.35
7.35
7.35
7.25
7.15
7.2
7.2
7.4
7.2
7.15
7.2
7.3
7.3
7.35
7.4
7.4
7.55
8.25
8.0
8.1
8.15
8.1
8.1
8.2
8.35
8.3
8.4
8.0
8.3
8.25
8.25
8.1
8.3
8.1
7.9
7.95
7.95
7.6
7.7
7.75
7.75
7.5
7.6
7.55
7.85
7.8
7.6
7.9
7.75
7.6
7.3
7.25
7.6
7.25
7.45
7.05
7.45
7.3
7.45
7.3
7.3
7.1
7.2
7.0
7.25
7.2
7.2
7.2
7.25
7.0
6.95
6.9
7.05
7.1
7.1
7.0
6.8
7.05
7.05
7.05
7.1
7.1
7.05
6.75
6.6
6.7
6.85
6.95
7.05
6.9
6.55
7.0
6.8
6.8
7.2
7.25
7.1
6.85
6.9
7.3
7.2
6.75
7.0
7.3
6.5
6.5
6.55
6.5
6.5
6.45
6.75
6.6
7.05
7.35
7.4
7.45
8.0
7.3
7.25
7.1
7.3
7.25
7.2
7.0
7.0
7.05
6.95
7.05
7.0
6.85
6.85
6.85
6.6
6.85
6.85
6.85
6.85
6.8
6.9
6.85
6.75
6.8
6.75
6.9
6.8
6.95
6.75
6.75
6.9
7.1
7.0
7.0
7.0
7.45
7.7
7.2
6.8
7.2
7.2
7.05
7.1
7.2
7.2
7.15
7.1
7.2
7.0
6.95
6.95
7.0
7.0
6.95
7.1
7.0
8.0
7.5
7.6
7.55
7.55
7.7
7.6
7.6
7.75
7.75
7.75
7.65
7.8
7.75
7.45
7.45
7.45
7.25
7.15
7.1
6.95
7.05
6.95
6.9
6.9
7.05
6.95
6.85
6.85
6.95
6.8
6.75
6.85
6.75
6.75
6.65
6.45
6.35
6.05
6.05
6.05
6.25
6.05
5.9
5.95
5.95
5.45
5.35
4.9
4.1
4.25
4.15
4.3
4.45
4.45
5.45
5.4
5.25
5.15
5.9
5.6
5.65
5.75
5.3
5.4
5.35
5.35
5.3
5.35
5.35
5.4
5.3
5.3
7.4
10.35
7.25
9.25
8.9
8.8
8.1
7.45
7.05
6.75
6.5
7.15
6.85
6.8
6.85
7.05
7.1
7.1
7.15
6.9
6.95
6.9
6.6
8.05
7.85
7.0
7.0
6.95
7.0
6.8
6.7
6.85
6.85
6.7
6.5
6.4
6.75
6.75
6.8
6.6
6.75
5.65
6.4
6.6
6.5
6.45
6.35
6.25
6.05
6.1
6.2
6.2
6.2
6.35
6.25
6.25
6.1
6.05
6.05
6.15
6.0
6.1
6.1
6.05
6.1
6.0
6.1
6.0
5.85
5.95
6.2
6.05
5.85
5.6
5.45
5.4
5.5
5.6
5.5
5.65
5.3
5.45
5.45
5.4
5.9
5.45
5.65
5.6
5.6
5.8
5.5
5.5
5.65
5.55
5.95
6.4
6.7
6.5
6.35
6.25
6.2
6.0
6.0
6.15
6.0
5.95
5.95
6.05
6.0
5.75
5.7
6.0
7.8
10.9
10.95
10.9
9.52
9.42
11.16
9.98
9.5
9.22
9.1
9.4
8.9
8.14
8.04
8.28
8.08
7.82
7.8
7.52
7.14
7.08
7.04
7.66
9.18
8.88
9.14
8.4
8.44
8.3
8.42
8.46
8.4
8.4
8.2
8.76
9.14
9.94
10.2
10.0
9.9
10.2
10.16
9.5
9.5
9.9
9.74
9.74
10.46
9.66
9.48
9.68
9.7
9.3
9.08
9.2
8.86
8.7
8.92
8.9
8.92
9.36
9.18
9.14
8.7
8.5
8.12
8.21
8.23
8.24
8.2
8.14
8.05
8.01
7.8
8.08
7.91
7.8
7.92
7.76
7.87
7.81
7.86
7.8
7.74
8.1
7.77
7.6
7.91
8.5
7.88
8.04
7.96
8.13
7.89
7.81
7.98
7.97
7.98
7.98
7.99
7.99
7.99
7.93
7.88
7.83
7.82
7.87
7.87
7.8
7.81
7.89
7.9
7.87
7.78
7.66
7.73
7.8
7.65
7.62
7.68
7.7
7.69
7.77
7.68
7.75
7.62
7.7
7.6
7.86
7.83
7.81
7.94
7.72
7.78
7.73
7.78
7.76
7.87
7.88
7.55
7.52
7.79
7.65
7.68
7.69
7.5
7.55
7.36
7.4
7.58
7.65
7.68
7.89
7.84
7.71
7.79
7.84
7.82
7.79
7.86
7.78
7.88
7.85
7.88
7.88
7.85
7.81
7.79
7.8
7.79
7.78
7.78
7.65
7.65
7.79
7.8
7.53
7.39
7.48
7.45
7.76
7.76
7.5
7.74
7.77
7.78
7.87
7.62
7.72
7.74
7.74
7.7
7.5
7.56
7.5
7.4
7.24
6.72
6.77
6.58
6.6
6.46
6.5
6.39
6.44
6.4
7.7
7.32
7.08
7.27
7.1
7.25
7.27
7.25
7.2
7.2
7.21
7.39
7.4
7.13
7.28
7.22
7.03
7.08
7.11
7.14
7.13
7.07
7.1
7.06
7.05
7.08
7.12
7.11
7.0
7.0
7.01
6.94
6.95
6.95
7.02
7.13
7.16
7.35
7.15
7.19
7.01
6.92
6.92
6.82
6.85
7.04
7.1
6.98
6.65
6.75
6.82
6.95
6.92
6.86
6.89
6.88
6.9
6.82
6.88
6.8
6.62
6.64
6.48
6.38
6.21
6.09
6.2
6.06
6.2
6.28
6.27
6.29
6.32
6.28
6.27
6.36
6.33
6.38
6.38
6.32
6.23
6.19
6.15
6.17
6.18
6.26
6.52
6.6
6.46
6.4
6.39
6.42
6.38
6.41
6.41
6.47
6.51
6.49
6.49
6.46
6.43
6.43
6.45
6.37
8.91
10.0
9.3
8.8
9.15
9.1
8.97
8.93
8.92
8.66
8.4
8.3
8.32
8.18
7.94
7.69
10.76
9.02
8.9
8.5
8.35
8.38
8.2
8.42
8.39
8.3
8.22
8.01
7.7
8.05
7.6
7.51
6.99
6.69
6.51
7.17
7.77
7.36
7.45
7.48
7.48
7.34
7.2
7.31
7.4
7.39
7.3
8.54
8.01
7.8
7.75
7.8
8.02
8.54
8.29
8.24
8.28
8.39
8.11
8.02
7.99
7.9
7.95
8.45
8.27
8.06
8.17
8.15
8.27
8.25
8.21
8.27
8.23
8.19
8.25
8.23
8.25
8.25
8.06
8.2
8.25
8.34
8.18
8.07
8.19
8.1
8.11
8.17
8.14
8.15
8.17
8.15
8.14
8.03
8.02
8.08
8.03
8.02
8.03
8.06
8.03
7.98
7.99
7.81
7.9
8.02
7.94
7.9
7.96
7.82
7.86
7.89
7.84
7.83
7.94
7.84
7.89
8.0
8.03
8.01
7.98
7.99
7.94
7.94
7.98
8.3
8.03
8.49
8.2
8.22
8.15
8.22
8.21
8.33
8.24
8.28
8.33
8.32
8.3
8.43
8.34
8.53
8.38
8.2
8.2
8.17
8.09
8.28
8.08
8.05
8.03
8.13
8.08
7.94
8.18
8.19
8.1
8.13
8.15
8.08
8.1
9.01
8.31
8.4
8.22
8.5
8.53
8.38
8.62
8.44
8.33
8.3
8.26
8.3
8.17
8.25
8.22
8.21
8.18
8.17
8.14
8.1
8.1
8.11
8.12
8.06
8.13
8.04
8.07
8.0
7.6
7.85
8.01
7.96
8.05
8.04
8.01
8.13
8.16
8.13
8.13
8.19
8.23
8.24
8.11
8.13
8.17
8.2
8.13
8.16
8.1
8.07
8.1
8.11
8.09
8.33
8.26
8.52
8.58
8.45
8.21
8.22
8.16
8.25
8.22
8.17
8.22
8.21
8.29
8.27
8.35
8.19
8.19
8.19
8.28
8.28
8.49
8.4
8.33
8.45
8.37
8.45
8.41
8.36
8.33
8.34
8.2
8.72
8.49
8.59
8.48
8.4
8.36
8.48
8.44
8.38
8.34
8.34
8.36
8.37
8.34
8.3
8.33
8.29
8.28
8.28
8.39
11.75
9.7
9.1
12.73
10.42
10.76
10.8
11.1
10.71
10.18
10.54
10.55
10.25
10.4
10.37
10.27
10.48
10.42
12.1
11.07
13.0
12.44
12.37
12.79
14.14
13.85
14.17
13.9
13.9
13.75
13.65
13.81
13.58
13.63
13.5
13.52
13.57
13.47
13.48
13.47
13.45
13.3
13.31
13.2
13.09
13.26
13.55
13.39
12.91
12.68
12.72
13.22
13.0
13.1
13.19
12.9
12.92
13.0
12.99
13.14
13.38
13.0
13.17
13.18
13.19
13.3
13.27
13.17
13.23
13.09
13.08
13.08
13.11
13.1
13.04
12.97
12.88
12.81
12.98
13.0
12.87
12.9
12.89
12.83
12.72
12.76
12.64
12.65
12.73
12.65
12.65
12.65
12.58
12.64
12.4
12.08
12.1
12.23
12.24
12.1
12.2
12.37
12.19
12.11
12.17
12.15
12.16
12.0
12.63
12.51
12.32
12.31
12.41
12.26
12.38
12.87
12.7
12.63
12.55
12.68
12.7
12.62
12.65
12.72
12.72
12.42
12.3
12.17
12.25
12.27
12.28
12.3
12.26
12.37
12.33
13.21
13.0
13.21
13.17
13.14
13.03
13.03
13.38
13.26
18.55
24.16
19.05
18.19
17.49
17.4
16.54
17.05
17.35
17.14
16.63
22.37
18.19
17.2
18.49
18.69
17.78
18.79
18.7
18.4
18.35
18.19
18.17
18.12
18.03
18.09
18.1
18.5
18.18
18.22
18.12
18.07
18.15
17.88
17.85
18.11
18.04
17.77
17.69
17.88
18.04
17.77
17.83
17.54
18.72
18.0
17.95
17.65
17.13
16.13
16.21
16.28
16.75
16.1
16.16
15.7
15.96
15.99
15.7
15.56
15.6
15.7
16.7
16.35
15.96
16.07
16.05
16.02
15.97
16.09
15.81
15.71
15.82
15.94
15.87
15.75
15.88
15.98
16.05
16.0
16.45
16.1
15.92
15.9
16.14
15.82
15.31
15.15
13.99
14.1
14.31
13.76
12.41
13.64
13.66
14.3
14.73
14.57
14.59
14.57
14.16
14.36
14.12
14.65
14.8
15.09
14.61
14.12
14.87
16.08
15.46
15.3
14.19
13.61
10.57
12.38
12.0
11.88
11.95
12.22
12.1
12.26
12.33
12.03
15.33
13.57
13.17
14.09
13.6
14.25
13.89
13.75
13.73
13.68
13.4
13.31
12.91
13.12
13.12
13.17
13.08
12.79
12.69
12.95
12.82
12.52
12.76
12.63
13.0
12.9
12.85
12.88
12.58
12.55
12.55
12.63
12.67
12.7
12.18
12.12
12.09
12.15
12.02
12.03
12.05
12.08
12.0
11.8
12.15
12.14
12.09
12.08
12.13
12.19
12.4
12.19
12.13
12.09
12.1
12.01
