close
6.835
6.762
6.77
6.848
6.857
6.8
6.773
6.728
6.601
6.699
6.56
6.628
6.67
6.693
6.679
6.798
6.814
6.699
6.775
6.763
6.816
6.744
6.693
6.646
6.8
6.92
6.887
6.82
6.502
6.556
6.463
6.681
6.63
6.49
6.595
6.681
6.78
6.757
6.78
6.758
6.46
6.38
6.627
6.784
6.747
6.794
6.79
6.833
6.8
6.884
7.395
7.425
7.35
7.545
7.393
7.439
7.334
7.347
7.178
7.264
7.459
7.506
7.478
7.464
7.498
7.428
7.353
7.576
7.683
7.8
7.789
7.73
7.879
7.75
7.718
7.75
7.7
7.77
7.8
7.802
7.72
7.815
7.93
7.977
8.0
8.019
7.999
7.904
8.006
8.19
8.166
8.16
8.176
8.188
8.241
7.98
7.654
7.956
8.571
9.15
9.312
9.2
9.417
9.727
10.09
10.04
10.122
11.13
11.4
11.401
11.01
11.19
11.685
11.77
12.501
12.62
12.805
12.501
12.41
12.1
11.4
12.481
12.601
13.13
13.41
13.819
13.185
12.816
13.25
13.45
12.877
13.0
13.049
12.8
13.0
13.24
12.599
12.45
11.44
11.11
10.649
10.978
10.824
10.821
11.279
11.55
12.35
12.1
11.893
12.38
12.546
12.28
12.151
12.24
12.366
12.405
12.8
12.899
12.81
13.3
13.048
13.1
13.134
13.16
13.715
13.689
13.638
13.766
14.13
14.216
14.5
14.12
14.01
13.9
14.58
14.529
14.4
14.52
14.471
14.228
14.26
14.6
14.93
15.9
15.73
15.9
15.98
15.05
15.497
15.485
15.555
15.375
15.317
15.066
14.455
14.022
14.388
14.0
13.7
13.299
14.0
14.0
14.99
15.149
14.802
14.731
14.698
15.095
15.257
15.052
14.46
15.249
14.9
14.26
13.715
13.91
15.002
15.49
15.2
14.995
14.599
15.0
14.84
14.641
15.12
15.103
14.678
14.75
14.665
14.999
14.511
14.71
15.352
15.06
14.82
15.015
14.95
14.68
14.99
14.582
14.882
14.824
14.705
14.709
15.21
14.655
14.823
14.832
14.78
14.828
14.742
14.75
14.653
14.75
14.949
14.7
14.499
14.67
14.7
14.66
14.661
14.55
14.722
14.7
14.783
15.002
14.915
15.289
16.4
17.04
16.8
16.2
16.878
17.645
18.7
19.2
19.73
18.855
18.49
18.762
18.41
18.95
18.605
18.811
18.449
18.728
18.89
19.35
19.075
18.76
19.197
19.295
19.79
20.7
20.005
20.22
20.38
20.19
20.349
20.325
21.222
21.359
20.928
20.761
20.513
20.788
21.0
22.25
21.869
22.61
22.193
21.91
21.909
21.65
21.7
21.833
21.863
21.618
20.989
20.24
20.777
20.57
20.923
20.9
20.35
21.074
20.238
20.04
19.545
20.4
20.153
19.999
20.933
20.95
21.239
21.046
20.61
19.671
19.895
20.09
20.33
20.42
20.809
21.739
22.3
21.632
21.84
22.459
22.414
22.62
22.732
24.07
23.75
22.97
22.5
22.685
23.0
22.47
21.58
22.26
21.355
21.1
20.77
21.19
20.84
20.73
21.07
20.74
21.76
21.595
20.97
21.2
21.38
21.695
21.34
21.0
21.19
20.665
19.92
18.795
18.68
18.13
17.78
17.63
17.895
18.05
18.095
18.065
18.18
18.205
18.18
17.8
17.965
18.875
18.82
18.95
19.27
18.685
18.285
17.85
17.645
17.145
17.555
17.75
17.22
17.92
18.37
18.65
18.76
19.78
19.04
19.08
18.86
18.925
19.6
19.145
19.34
18.8
18.565
19.23
19.31
19.05
18.79
19.055
18.84
19.385
19.43
19.4
18.9
18.76
19.45
19.05
19.26
19.33
19.02
19.14
19.2
19.5
20.195
20.61
20.625
21.4
20.98
20.88
20.635
21.1
21.1
21.78
22.45
21.605
21.47
21.74
21.8
21.965
22.04
22.5
23.565
23.62
23.705
23.75
24.3
24.195
23.9
24.06
24.57
23.955
24.215
24.09
24.49
24.7
25.22
25.215
23.7
23.78
24.115
23.735
22.65
22.2
22.605
23.74
24.385
24.355
24.34
24.59
25.0
24.93
24.955
25.2
25.135
25.64
26.82
26.4
26.91
26.195
25.72
24.5
24.94
25.96
25.345
25.38
25.62
25.33
25.445
24.99
25.28
24.24
25.03
25.45
25.365
24.75
24.805
23.8
23.005
23.055
24.025
24.0
24.225
24.43
23.7
24.78
24.7
24.85
25.16
25.7
26.6
27.38
27.945
28.29
28.255
28.4
28.19
28.7
29.255
29.045
28.62
29.35
29.495
30.76
29.865
30.65
30.255
30.59
30.37
31.24
30.9
31.39
31.9
33.335
32.29
32.285
33.2
32.875
32.935
32.77
33.135
31.85
31.36
31.2
31.35
30.515
30.015
31.075
31.0
31.65
31.3
31.295
31.545
31.425
30.41
30.31
30.49
29.19
28.665
29.36
29.2
30.335
29.8
29.755
28.985
29.845
29.55
28.56
28.99
28.705
29.19
29.715
29.545
29.0
29.0
28.985
28.755
28.45
29.28
28.93
28.56
28.44
28.21
28.405
28.65
29.485
30.035
30.18
31.86
32.01
30.86
31.025
31.17
30.15
30.405
31.425
30.925
31.635
31.79
32.015
32.2
31.685
31.9
33.05
34.7
34.61
35.75
36.0
35.4
34.445
34.65
33.55
33.825
33.56
34.39
35.27
34.14
34.5
34.32
34.65
34.3
33.585
33.21
34.08
33.565
34.085
33.75
33.79
33.5
32.705
33.11
33.265
33.01
33.255
32.95
32.805
32.905
33.57
34.3
33.875
34.1
34.495
34.65
33.9
34.08
34.3
34.75
34.665
36.0
37.37
37.68
38.0
39.345
40.7
41.27
42.605
41.9
40.95
41.35
42.0
40.8
41.69
41.1
41.32
41.12
40.2
40.495
39.815
39.4
38.55
37.65
36.98
37.675
37.29
37.505
36.78
34.78
34.17
33.0
34.0
35.15
35.185
36.35
37.01
37.8
37.5
37.5
37.375
37.605
37.35
37.95
37.375
36.9
36.635
37.09
36.63
37.2
36.9
35.655
35.31
36.795
35.74
36.315
35.7
36.335
34.76
34.225
34.05
34.155
34.97
34.665
34.85
34.105
33.905
35.85
35.6
35.985
35.8
35.19
33.87
34.205
33.165
32.5
31.77
32.17
32.1
31.005
32.11
31.99
32.3
31.37
31.0
31.54
31.095
30.6
30.9
29.81
29.475
29.6
29.4
29.765
29.795
29.4
28.82
29.38
29.31
29.69
29.835
31.46
31.41
32.08
32.46
33.3
33.505
33.35
33.505
33.42
35.0
34.97
34.65
34.75
35.35
36.01
35.5
34.35
36.03
35.545
35.88
35.1
34.47
33.91
34.18
34.33
33.92
33.63
33.8
34.35
34.455
34.37
35.35
36.0
36.76
37.06
36.115
36.145
36.56
36.14
36.77
36.73
36.795
37.43
37.555
37.845
37.74
38.64
38.695
38.9
39.355
40.26
39.91
38.595
38.0
40.89
42.3
41.98
42.95
43.01
42.75
41.9
42.09
42.07
41.5
42.55
42.7
42.85
43.8
43.3
43.445
43.07
43.285
44.035
44.4
44.48
44.425
44.605
44.17
44.625
45.03
44.95
45.48
46.475
46.25
45.4
44.44
44.45
44.48
44.885
44.48
45.0
44.52
43.85
44.15
44.0
43.645
43.6
44.255
46.175
45.1
45.87
46.3
46.4
44.62
45.545
45.9
45.585
45.95
45.8
45.77
45.985
45.18
45.725
45.19
43.93
44.23
44.4
44.13
44.95
44.39
44.145
44.3
45.0
44.7
44.89
44.1
42.57
43.35
43.165
43.1
42.185
42.2
41.665
41.97
42.5
41.86
42.6
42.95
43.485
44.0
44.605
45.25
45.35
45.74
44.665
44.82
44.0
44.88
45.3
44.9
43.9
44.99
44.205
45.445
45.375
45.61
45.85
44.875
45.185
44.21
45.795
45.625
43.72
44.05
45.27
46.0
45.85
45.635
45.6
45.715
46.37
46.55
47.5
48.1
47.68
46.685
45.205
46.29
46.77
46.45
46.755
46.69
46.15
44.66
45.08
45.025
44.215
44.23
46.195
46.15
44.87
44.42
44.06
44.045
44.2
44.135
44.455
44.265
44.225
44.9
45.5
42.925
44.41
44.0
44.85
44.24
43.25
44.725
46.5
46.43
46.85
46.88
46.21
45.965
46.42
47.46
47.08
48.68
47.02
45.505
45.33
46.56
46.07
45.69
45.55
46.0
44.8
44.195
44.6
44.77
45.755
45.76
45.5
46.4
47.41
47.52
47.445
47.38
49.09
47.81
48.06
48.3
48.86
49.195
48.395
48.845
48.6
48.23
47.745
48.235
46.475
44.855
45.42
45.295
44.705
43.945
44.345
43.68
42.23
42.55
42.6
42.79
43.15
44.535
44.445
45.115
44.53
44.05
44.34
44.63
44.75
44.62
44.9
43.225
42.915
43.185
44.57
44.7
45.53
46.3
46.4
46.26
45.65
45.9
47.015
47.9
47.935
47.62
47.6
45.14
46.045
46.7
46.44
45.5
45.855
47.215
46.56
46.8
45.98
47.75
47.655
48.21
49.0
48.675
48.445
48.745
48.59
48.25
48.835
49.03
49.15
49.225
49.775
49.835
49.03
49.2
49.6
50.0
51.43
51.975
51.35
51.38
50.485
51.695
52.185
51.115
51.2
53.485
52.5
51.8
50.73
49.7
47.965
48.16
49.065
47.935
48.32
48.215
48.0
47.955
46.6
46.305
46.805
46.82
46.87
46.585
47.085
47.945
47.43
47.5
46.75
46.895
46.95
47.81
47.6
47.415
46.9
47.105
47.205
46.54
45.3
44.915
46.4
46.1
45.78
46.5
45.88
46.0
46.805
46.1
46.335
45.575
46.0
47.0
47.23
46.35
46.6
46.89
46.725
44.555
42.75
43.185
43.5
42.95
42.11
41.495
41.38
41.995
42.83
43.04
42.98
43.365
43.155
44.8
44.95
45.6
44.97
43.68
43.72
43.6
44.38
44.67
43.98
44.5
44.575
44.995
45.1
44.67
43.745
43.3
43.73
43.845
44.095
44.6
43.95
43.31
43.25
43.385
42.42
43.03
43.185
42.935
42.905
43.0
43.0
43.8
44.695
44.995
44.4
44.5
44.09
43.965
43.5
43.75
43.5
44.21
44.65
44.965
45.19
45.3
46.33
45.565
45.055
45.255
44.74
45.15
45.2
44.62
45.125
45.9
45.965
45.365
45.41
45.25
44.84
45.085
45.065
44.42
44.09
44.46
44.0
43.97
44.2
44.22
44.22
44.2
44.085
44.04
44.04
44.5
44.16
44.2
44.865
45.25
45.695
45.925
44.63
43.165
43.35
43.21
43.12
43.415
42.925
44.14
44.25
44.99
44.2
43.9
44.215
44.83
44.835
44.675
44.655
44.845
44.62
44.65
45.25
45.6
45.435
46.05
46.6
46.645
45.81
47.0
46.4
45.08
44.68
45.365
45.74
45.575
45.18
44.985
45.105
45.155
45.06
44.075
44.625
44.76
44.5
44.67
44.63
44.42
44.17
43.775
44.11
44.055
44.485
44.76
44.58
44.145
44.0
43.51
43.35
43.125
42.88
42.3
40.34
40.055
40.445
39.8
40.205
40.33
40.09
39.0
39.485
38.22
38.375
38.31
38.12
38.435
38.77
38.9
38.95
39.675
40.3
40.735
41.84
41.19
40.8
41.07
41.48
41.42
41.08
41.45
41.9
41.47
41.315
41.56
41.35
41.14
41.385
40.56
40.4
39.745
39.33
39.51
39.2
39.155
38.7
37.705
36.8
37.0
37.0
37.025
36.53
37.29
37.61
36.62
36.195
36.975
37.2
36.565
35.995
36.82
36.3
36.195
35.55
36.175
37.3
36.9
36.53
37.07
37.28
38.495
39.245
38.595
38.1
38.6
38.325
37.2
37.975
37.94
38.32
38.355
37.88
38.25
38.885
38.65
38.63
39.04
38.985
39.435
38.155
38.1
38.76
39.06
39.25
39.06
39.785
40.6
41.6
41.51
41.62
41.02
41.02
40.8
41.12
41.06
41.15
41.415
42.125
41.95
42.545
42.3
42.285
42.75
43.345
44.61
44.28
44.4
45.1
47.09
47.53
46.2
44.715
45.3
45.35
44.305
45.32
45.43
45.315
44.91
45.15
46.055
46.2
45.23
45.13
44.39
45.45
45.7
45.4
45.695
45.42
44.87
44.85
45.05
44.9
44.1
44.3
43.0
39.985
39.04
38.94
39.565
39.265
38.415
38.38
38.49
35.0
34.96
35.4
34.25
32.0
33.7
33.955
33.18
34.2
35.9
36.775
35.75
36.135
38.5
38.485
38.1
37.92
39.88
39.035
39.955
40.18
39.85
39.34
39.84
37.93
38.785
38.73
39.32
39.115
39.795
40.01
39.125
40.7
41.675
40.35
40.26
39.51
39.5
39.13
38.5
38.1
37.955
37.5
37.12
37.005
37.845
37.75
38.615
38.1
38.165
39.275
39.435
39.685
41.825
40.44
41.0
41.6
42.585
42.52
42.505
42.99
42.635
42.78
41.08
40.55
39.92
39.315
39.6
39.83
39.375
39.01
37.71
37.71
37.2
36.985
37.605
37.95
38.56
38.14
38.31
38.675
38.64
37.67
38.57
39.0
38.325
38.1
38.3
39.16
38.79
38.8
39.16
39.125
40.395
39.9
39.285
39.96
39.76
40.095
40.175
40.005
39.615
39.535
39.39
40.085
40.105
39.915
40.0
39.505
40.365
39.89
39.665
39.78
39.63
39.585
38.825
38.6
37.85
38.33
37.68
36.97
37.195
36.93
36.355
37.48
36.98
37.44
38.63
39.12
38.515
39.35
39.61
39.51
38.915
39.265
38.07
38.4
38.95
39.16
38.63
38.15
38.3
37.615
37.115
36.795
36.6
35.86
36.085
35.25
35.505
34.845
34.925
34.87
35.6
36.295
37.56
37.27
36.735
35.95
35.52
36.425
37.19
37.8
38.7
38.8
39.04
39.19
39.15
41.07
40.85
41.66
43.0
42.56
41.855
42.075
41.78
41.92
42.12
42.52
42.675
42.85
43.48
43.6
45.29
44.395
44.84
47.495
47.415
47.0
48.18
48.83
50.95
51.94
52.8
53.01
52.5
51.98
53.475
54.725
56.31
57.945
58.43
56.92
55.835
56.93
57.0
56.76
57.69
57.915
57.81
54.7
56.945
56.25
56.86
57.325
57.065
55.855
55.27
54.835
54.41
53.035
52.155
51.895
53.59
53.005
53.475
53.075
52.14
52.255
51.835
51.805
51.45
52.09
51.82
52.415
52.145
51.09
51.73
52.3
53.09
52.54
53.09
54.205
55.1
54.965
56.14
54.4
54.66
53.4
53.61
54.995
55.695
55.8
55.3
54.38
53.61
54.4
53.78
52.98
53.475
53.805
56.04
57.615
58.46
60.885
59.705
59.645
60.09
60.365
61.795
62.17
61.985
64.795
65.28
64.695
65.5
68.825
68.68
67.415
68.385
68.99
70.32
69.24
65.65
66.67
66.81
65.265
65.28
65.585
65.05
65.455
64.475
63.83
63.325
63.33
63.7
63.28
64.1
62.915
65.4
65.6
65.22
65.315
64.55
63.48
63.035
63.17
64.01
65.72
64.98
64.44
64.7
64.555
65.75
67.5
68.02
67.6
67.0
64.505
63.535
63.275
63.715
62.905
63.52
61.16
59.94
60.195
58.89
60.585
59.97
59.745
59.075
57.58
58.965
58.4
60.8
61.1
62.88
62.08
62.84
62.0
61.99
63.015
64.05
65.3
66.6
67.175
68.41
68.85
69.35
68.795
69.145
69.155
69.98
70.235
68.615
67.53
68.85
68.83
68.755
68.545
68.2
67.24
66.75
66.315
68.69
69.14
69.835
71.855
71.53
71.38
71.445
73.845
75.99
76.92
76.67
79.21
78.845
77.99
75.215
78.245
78.11
76.1
76.39
76.215
74.07
72.155
75.07
78.33
76.89
73.14
72.59
70.645
69.225
68.375
69.675
67.16
67.425
69.78
70.005
71.44
72.38
71.59
69.53
69.535
68.41
69.93
70.05
69.31
70.32
70.21
68.52
68.5
67.51
66.305
65.93
67.165
65.43
65.155
63.69
64.3
64.6
63.85
64.015
63.555
62.98
61.86
62.055
65.27
64.125
62.435
63.135
62.43
62.86
61.16
61.195
59.66
60.2
62.485
62.45
61.545
61.585
62.155
63.775
64.2
61.71
61.14
62.56
63.405
64.86
65.14
65.035
66.26
66.66
66.74
68.355
69.01
68.76
69.65
70.835
71.4
69.175
71.17
70.4
69.96
67.89
67.38
66.0
64.5
60.49
62.915
62.0
62.185
58.425
56.65
56.195
59.1
60.355
61.65
60.63
61.35
60.73
59.8
60.14
63.25
66.305
64.6
62.3
63.54
65.7
65.1
62.305
61.485
52.5
57.3
48.425
47.675
47.61
43.8
42.23
41.8
43.0
43.9
45.6
45.36
42.85
42.84
43.71
42.88
41.9
42.325
41.86
39.905
39.8
39.58
39.8
40.5
41.705
42.0
41.5
42.475
43.53
43.65
44.93
44.005
44.585
43.905
44.4
42.7
42.69
43.535
44.7
45.75
45.005
43.345
40.875
38.37
39.2
38.915
38.745
36.95
35.71
35.55
34.89
33.02
31.475
31.38
32.025
30.895
30.785
30.82
32.07
33.2
33.275
34.3
34.49
33.89
34.855
33.845
33.5
33.01
33.405
32.18
