close
421.0
422.0
435.0
440.0
435.04
444.12
460.0
474.01
496.5
509.0
500.0
499.0
511.0
510.0
504.0
516.07
514.02
519.0
518.02
506.74
505.0
501.0
505.0
515.08
565.0
570.0
548.02
545.0
560.0
560.0
560.0
560.0
559.99
560.0
568.0
560.53
561.85
560.0
566.0
563.0
563.85
560.01
560.0
567.49
570.0
562.5
569.99
571.0
609.98
604.02
605.0
615.98
628.0
638.0
630.0
626.0
640.0
640.01
663.0
721.86
740.05
750.0
762.0
755.0
810.0
805.05
819.99
809.98
799.9
800.0
777.0
754.01
760.0
750.0
757.0
730.0
747.0
730.0
729.0
730.0
740.0
778.0
751.0
750.0
748.0
730.0
743.0
741.0
745.0
749.0
730.0
750.0
750.0
752.0
764.0
751.0
767.0
750.0
785.0
762.0
800.0
762.0
757.0
755.0
754.0
750.0
752.0
750.0
750.0
751.0
751.0
751.0
750.0
757.0
753.0
746.0
742.0
750.0
757.0
750.0
750.0
721.0
725.0
750.0
750.0
730.0
745.0
703.0
747.0
705.0
700.0
740.0
705.0
700.0
700.0
710.0
715.0
730.0
750.0
741.0
784.0
740.0
750.0
750.0
750.0
750.0
754.0
747.0
743.0
750.0
750.0
761.0
750.0
750.0
750.0
750.0
750.0
750.0
750.0
757.0
751.0
750.0
770.0
752.0
750.0
815.0
760.0
795.0
800.0
812.0
810.0
800.0
801.0
810.0
820.0
803.0
800.0
800.0
800.0
787.0
785.0
775.0
777.0
817.0
774.0
775.0
795.0
790.0
771.0
776.0
764.0
755.0
753.0
750.0
700.0
710.0
700.0
711.0
700.0
670.0
690.0
687.0
689.0
686.0
698.0
702.0
684.0
688.0
673.0
670.0
662.0
665.0
666.0
580.0
548.0
560.0
571.0
581.0
549.0
540.0
529.0
537.0
517.0
510.0
508.0
530.0
540.0
520.0
510.0
519.0
548.0
520.0
540.0
550.0
544.0
525.0
550.0
520.0
519.0
525.0
524.0
516.0
520.0
514.0
506.0
506.0
518.0
514.0
510.0
511.0
501.0
501.0
510.0
517.0
527.0
516.0
508.0
510.0
501.0
505.0
535.0
506.0
513.0
537.0
531.0
515.0
524.0
523.0
525.0
520.0
530.0
520.0
513.0
514.0
517.0
513.0
520.0
510.0
511.0
510.0
533.0
520.0
515.0
538.0
530.0
507.0
515.0
520.0
516.0
518.0
518.0
511.0
508.0
508.0
509.0
511.0
506.0
500.0
502.0
495.0
500.0
510.0
505.0
510.0
510.0
514.0
521.0
515.0
530.0
570.0
622.0
601.0
618.0
620.0
617.0
605.0
613.0
608.0
613.0
599.0
597.0
585.0
584.0
582.0
580.0
560.0
565.0
569.0
565.0
560.0
564.0
572.0
539.0
521.0
521.0
545.0
538.0
602.0
600.0
564.0
567.0
545.0
573.0
600.0
590.0
600.0
600.0
590.0
594.0
594.0
585.0
590.0
585.0
585.0
616.0
603.0
620.0
635.0
620.0
621.0
617.0
600.0
580.0
599.0
580.0
553.0
551.0
560.0
534.0
534.0
599.0
580.0
556.0
533.0
585.0
592.0
585.0
580.0
575.0
599.0
586.0
580.0
571.0
567.0
550.0
571.0
579.0
562.0
562.0
569.0
565.0
560.0
551.0
561.0
564.0
558.0
555.0
551.0
545.0
545.0
560.0
540.0
550.0
560.0
560.0
560.0
555.0
552.0
558.0
550.0
540.0
550.0
538.0
549.0
540.0
510.0
550.0
548.0
535.0
531.0
540.0
554.0
536.0
531.0
530.0
539.0
528.0
510.0
510.0
500.0
510.0
500.0
502.0
500.0
516.0
500.0
500.0
500.0
479.0
480.0
486.0
472.0
460.0
451.0
458.0
460.0
450.0
450.0
447.0
452.0
460.0
460.0
458.0
470.0
475.0
449.0
450.0
460.0
459.0
450.0
440.0
440.0
439.0
439.0
430.0
431.0
435.0
434.0
446.0
448.0
459.0
455.0
419.0
430.0
424.0
420.0
449.0
430.0
431.0
440.0
450.0
447.0
453.0
448.0
449.0
445.0
442.0
448.0
440.0
427.0
444.0
444.0
450.0
470.0
469.0
466.0
451.0
455.0
484.0
482.0
473.0
487.0
510.0
520.0
511.0
521.0
518.0
504.0
488.0
500.0
500.0
508.0
500.0
505.0
517.0
517.0
514.0
520.0
522.0
522.0
525.0
522.0
520.0
516.0
500.0
497.0
472.0
495.0
477.0
480.0
488.0
489.0
484.0
490.0
489.0
480.0
475.0
467.0
475.0
475.0
475.0
460.0
455.0
465.0
460.0
450.0
450.0
449.0
450.0
450.0
444.0
445.0
442.0
440.0
435.0
429.0
440.0
425.0
442.0
440.0
440.0
437.0
440.0
430.0
440.0
430.0
430.0
402.0
400.0
405.0
400.0
412.0
415.0
412.0
411.0
405.0
405.0
400.0
411.0
408.0
410.0
410.0
409.0
410.0
405.0
415.0
418.0
420.0
420.0
423.0
415.0
415.0
417.0
420.0
425.0
431.0
433.0
450.0
437.0
468.0
453.0
447.0
437.0
444.0
436.0
433.0
428.0
430.0
427.0
433.0
440.0
450.0
454.0
472.0
490.0
529.0
520.0
520.0
500.0
488.0
493.0
512.0
515.0
515.0
502.0
504.0
506.0
510.0
505.0
512.0
497.0
503.0
502.0
504.0
505.0
502.0
500.0
483.0
500.0
489.0
500.0
503.0
500.0
500.0
505.0
499.0
494.0
483.0
475.0
484.0
464.0
490.0
497.0
480.0
485.0
470.0
472.0
470.0
470.0
460.0
479.0
461.0
466.0
471.0
470.0
472.0
469.0
456.0
458.0
457.0
451.0
448.0
443.0
444.0
455.0
461.0
430.0
425.0
428.0
425.0
413.0
408.0
396.0
396.0
393.0
396.0
390.0
395.0
390.0
390.0
382.0
360.0
353.0
351.0
360.0
370.0
385.0
375.0
374.0
377.0
385.0
385.0
381.0
382.0
386.0
388.0
377.0
379.0
370.0
370.0
357.0
373.0
371.0
375.0
371.0
368.0
370.0
375.0
370.0
368.0
363.0
360.0
375.0
381.0
370.0
356.0
365.0
369.0
370.0
367.0
373.0
370.0
375.0
370.0
377.0
376.0
384.0
375.0
383.0
385.0
390.0
382.0
373.0
380.0
382.0
365.0
365.0
371.0
370.0
410.0
400.0
395.0
392.0
395.0
403.0
397.0
390.0
394.0
402.0
400.0
393.0
395.0
390.0
389.0
390.0
390.0
395.0
395.0
393.0
390.0
400.0
388.0
392.0
395.0
390.0
395.0
385.0
385.0
386.0
385.0
385.0
387.0
395.0
395.0
397.0
390.0
400.0
393.0
390.0
390.0
382.0
394.0
395.0
385.0
385.0
378.0
371.0
370.0
369.0
369.0
350.0
357.0
350.0
358.0
350.0
347.0
357.0
351.0
356.0
356.0
355.0
357.0
352.0
355.0
352.0
355.0
355.0
355.0
360.0
357.0
356.0
364.0
361.0
362.0
359.0
358.0
355.0
354.0
354.0
350.0
335.0
339.0
337.0
333.0
332.0
331.0
325.0
319.0
319.0
320.0
307.0
311.0
306.0
314.0
316.0
317.0
316.0
319.0
317.0
319.0
321.0
319.0
320.0
310.0
314.0
315.0
318.0
316.0
318.0
319.0
320.0
318.0
314.0
324.0
327.0
320.0
316.0
312.0
312.0
312.0
319.0
320.0
317.0
316.0
315.0
311.0
308.0
306.0
304.0
261.0
292.0
280.0
289.0
293.0
285.0
302.0
312.0
309.0
319.0
316.0
307.0
302.0
310.0
312.0
312.0
316.0
309.0
307.0
309.0
312.0
312.0
312.0
316.0
315.0
313.0
321.0
317.0
314.0
305.0
317.0
308.0
310.0
308.0
305.0
315.0
305.0
306.0
310.0
320.0
322.0
325.0
322.0
324.0
318.0
320.0
325.0
324.0
331.0
332.0
327.0
316.0
315.0
308.0
308.0
312.0
315.0
316.0
319.0
317.0
318.0
319.0
329.0
333.0
329.0
325.0
330.0
344.0
343.0
345.0
343.0
336.0
337.0
338.0
340.0
342.0
338.0
338.0
336.0
336.0
333.0
330.0
327.0
324.0
320.0
324.0
319.0
318.0
311.0
310.0
310.0
310.0
300.0
305.0
306.0
307.0
312.0
300.0
310.0
318.0
306.0
309.0
312.0
311.0
300.0
300.0
306.0
311.0
311.0
312.0
320.0
314.0
315.0
309.0
306.0
307.0
309.0
306.0
313.0
309.0
314.0
307.0
302.0
300.0
303.0
302.0
300.0
299.0
296.0
291.0
294.0
295.0
296.0
310.0
315.0
319.0
315.0
320.0
327.0
317.0
312.0
310.0
315.0
313.0
314.0
311.0
321.0
315.0
320.0
324.0
318.0
320.0
320.0
313.0
313.0
313.0
314.0
309.0
303.0
306.0
298.0
293.0
300.0
300.0
300.0
290.0
290.0
291.0
287.0
297.0
293.0
280.0
290.0
288.0
281.0
303.0
303.0
299.0
303.0
302.0
302.0
300.0
297.0
297.0
315.0
315.0
325.0
320.0
325.0
325.0
317.0
312.0
316.0
318.0
314.0
314.0
315.0
440.0
393.0
389.0
374.0
370.0
386.0
379.0
370.0
381.0
374.0
363.0
374.0
370.0
369.0
365.0
361.0
360.0
345.0
343.0
355.0
384.0
372.0
364.0
364.0
350.0
357.0
360.0
351.0
356.0
358.0
342.0
339.0
339.0
335.0
343.0
341.0
340.0
335.0
334.0
338.0
340.0
335.0
333.0
335.0
330.0
330.0
330.0
329.0
341.0
332.0
323.0
325.5
320.0
320.0
320.0
317.0
322.0
320.0
324.0
324.0
317.0
317.0
310.0
316.5
320.0
314.5
314.5
319.5
319.5
320.0
320.0
321.0
318.0
324.0
324.0
318.0
310.0
316.5
310.5
312.5
315.0
338.0
405.5
425.0
400.0
413.5
400.0
380.5
390.0
344.5
340.0
360.0
350.0
344.0
343.0
339.5
336.0
336.0
339.5
331.5
333.5
335.5
335.0
333.5
331.5
332.0
331.0
328.0
326.0
318.0
317.0
322.5
320.5
320.0
328.0
329.5
326.0
331.5
330.0
330.0
329.0
326.0
326.0
333.5
350.0
338.0
337.0
334.0
339.5
330.0
333.0
321.5
326.0
326.5
319.5
340.0
328.5
329.0
330.0
328.0
330.0
334.0
335.5
330.0
328.5
333.0
332.5
328.0
325.0
324.5
324.0
324.5
324.5
328.0
329.0
332.0
332.0
330.5
336.5
340.5
335.0
336.0
339.0
336.5
336.5
328.0
328.5
347.0
343.0
342.0
337.0
336.0
340.0
335.5
335.5
342.5
338.0
340.0
322.0
324.0
320.0
317.0
320.0
315.0
313.0
316.0
334.5
332.5
335.5
339.0
329.0
348.0
340.0
339.5
342.5
344.5
339.5
339.0
334.5
341.0
335.5
344.5
349.0
346.0
346.5
343.5
348.5
361.5
357.0
356.5
348.0
355.5
342.5
348.0
350.0
348.0
345.0
345.0
349.0
343.0
369.0
362.0
354.5
360.0
358.0
352.0
353.0
372.5
360.5
360.0
358.5
372.0
360.0
352.0
338.0
329.0
323.5
331.0
327.0
335.0
324.5
296.0
285.5
262.5
274.0
260.5
262.5
247.5
274.5
280.0
280.5
284.0
284.5
286.5
280.5
282.5
289.0
285.5
286.5
284.5
284.5
297.0
302.0
321.0
326.0
327.0
319.0
300.0
314.0
330.5
319.0
313.0
325.0
328.5
320.5
318.0
309.0
314.5
315.0
321.0
311.5
316.0
316.5
317.0
326.5
321.0
308.5
308.5
314.0
318.0
319.0
322.0
322.0
323.5
322.5
321.0
332.0
338.0
336.0
337.5
345.5
340.0
345.5
336.5
332.0
341.5
344.0
344.0
331.5
335.0
339.0
340.0
340.0
336.5
332.0
328.0
329.0
326.5
335.0
336.5
340.5
330.5
332.0
333.0
331.0
327.0
335.0
331.0
322.0
319.0
318.0
322.0
328.0
321.5
320.0
323.5
318.0
318.0
323.0
324.0
332.5
333.5
329.0
330.0
329.0
330.5
328.0
335.0
330.0
325.0
327.0
325.0
325.5
325.0
320.0
318.0
323.5
328.0
324.0
320.0
320.0
320.0
316.0
315.5
312.0
313.0
315.0
317.0
320.0
319.5
318.0
313.0
312.0
311.5
309.0
310.0
311.0
310.0
301.0
293.5
290.0
290.0
290.0
290.0
289.5
286.0
284.0
283.5
287.0
280.0
280.0
280.0
280.0
270.5
267.0
260.0
256.5
257.5
263.0
259.5
267.0
272.5
283.5
285.5
286.0
280.5
280.0
281.5
278.0
285.0
283.0
283.0
284.5
282.5
282.0
285.5
287.0
279.5
282.5
286.5
287.0
288.5
289.5
302.0
300.5
300.0
298.0
299.0
288.0
286.0
285.0
283.0
275.5
281.0
278.0
282.5
280.0
277.5
278.0
276.0
278.5
276.0
275.0
277.0
282.0
296.0
302.0
298.0
296.0
297.0
295.5
300.5
297.0
300.0
302.0
299.0
295.0
291.5
286.0
297.0
295.0
295.5
294.5
299.5
301.0
301.5
298.5
300.0
301.0
300.0
298.5
300.0
306.5
303.5
303.0
304.0
304.5
301.0
297.5
297.0
296.0
295.5
295.5
295.5
296.5
302.0
300.5
300.0
296.0
292.0
293.0
294.0
292.5
287.0
288.0
286.0
286.0
291.0
288.0
282.0
291.0
290.0
289.0
294.0
293.5
296.0
291.5
292.0
295.5
290.0
286.0
287.0
286.5
287.0
287.5
287.5
288.0
294.0
288.0
288.0
283.0
283.5
292.5
296.0
299.0
296.5
299.5
299.0
298.0
294.5
294.0
289.0
285.0
291.5
288.0
289.5
286.0
283.5
288.0
283.5
284.0
291.0
291.0
297.0
292.0
290.5
290.0
291.5
290.0
288.0
288.0
286.0
297.5
291.5
290.5
288.0
287.0
286.0
280.0
280.0
282.0
280.5
283.0
286.5
280.0
281.0
284.0
280.0
275.5
278.5
270.5
271.5
270.0
270.5
274.5
268.5
268.0
268.5
275.0
274.5
273.5
271.5
273.5
267.0
267.0
266.0
267.0
266.5
267.0
275.5
273.0
272.0
273.0
269.0
269.5
271.5
273.0
275.0
280.0
275.0
273.5
275.5
278.5
275.0
281.5
281.5
277.0
277.5
273.5
278.0
272.0
274.0
281.5
277.0
284.5
283.0
281.0
289.5
292.5
283.0
308.0
293.0
293.0
292.0
292.5
307.0
300.5
295.5
296.5
297.0
295.5
304.0
303.5
312.0
315.5
318.0
324.0
322.5
316.0
319.5
320.5
323.5
314.0
307.5
308.5
299.0
295.0
299.5
301.0
296.0
300.5
304.5
307.0
307.0
322.0
311.5
324.0
309.5
295.0
295.5
296.5
294.5
292.0
291.5
290.5
291.0
287.5
282.0
282.0
269.0
273.0
268.5
270.0
273.5
276.0
275.5
275.0
277.5
278.5
275.0
275.0
271.5
276.0
273.0
274.0
283.0
285.0
285.0
286.5
286.0
286.5
280.5
275.5
274.0
273.5
269.5
266.5
274.0
266.5
280.0
282.5
296.0
296.0
300.0
295.5
290.0
301.0
297.5
300.5
300.0
301.0
301.0
300.0
300.5
304.0
300.5
300.0
296.0
270.5
267.5
166.0
199.5
190.0
210.0
212.0
235.0
240.0
237.0
232.0
235.0
232.5
228.0
219.0
213.0
210.5
216.0
215.0
211.5
219.5
219.5
212.0
210.5
207.5
208.0
203.0
207.5
202.5
206.0
205.0
203.5
205.0
202.0
200.0
207.5
209.0
206.5
205.5
201.0
198.0
199.5
199.0
201.0
202.0
197.5
207.0
200.5
204.0
200.0
200.0
198.5
198.0
201.0
198.5
201.0
206.0
221.5
222.0
211.0
213.0
209.0
209.5
208.0
204.5
