close
1110.0
1091.0
1074.2
1082.0
1067.0
1066.4
1086.0
1110.0
1075.0
1090.0
1079.6
1066.6
1069.0
1079.3
1097.6
1099.0
1114.6
1109.0
1120.6
1138.5
1138.5
1051.3
1043.4
1034.3
1030.1
1032.2
1018.4
999.6
984.3
995.6
1023.1
1016.0
990.1
965.5
979.8
990.0
982.1
986.1
990.1
986.5
949.2
959.9
953.0
980.9
1000.1
1033.0
1026.0
1040.4
1031.8
1030.0
1037.0
1055.0
1041.3
1062.7
1061.7
1042.9
1043.5
1032.3
978.0
984.1
1015.0
1035.9
1054.0
1058.0
1037.0
1052.5
1046.0
1034.5
1032.0
1036.5
1014.1
1027.0
1015.0
1040.2
1006.9
1040.0
1042.1
1054.9
1035.5
1020.0
1026.0
978.0
1005.0
1052.0
1059.0
1019.0
1030.0
976.0
992.0
985.0
968.0
931.0
974.0
951.0
970.0
954.0
957.0
979.0
955.0
971.0
1000.0
997.0
993.0
992.0
994.0
1022.0
1012.0
1016.0
1044.0
1040.0
1012.0
1003.0
1017.0
1012.0
1016.0
1028.0
1022.0
1018.0
1021.0
1012.0
1008.0
982.0
1007.0
996.0
1007.0
983.0
948.0
902.0
900.0
953.0
949.0
929.0
945.0
804.0
875.0
895.0
894.0
911.0
903.0
871.0
883.0
875.0
887.0
820.0
838.0
845.0
876.0
910.0
906.0
903.0
921.0
960.0
972.0
951.0
964.0
960.0
1033.0
1012.0
1035.0
1011.0
959.0
935.0
900.0
904.0
920.0
942.0
995.0
1085.0
1060.0
1032.0
1020.0
1025.0
1079.0
1041.0
1032.0
1060.0
1040.0
1020.0
1034.0
1015.0
1005.0
1014.0
1051.0
1041.0
1017.0
989.0
977.0
987.0
941.0
922.0
920.0
886.0
868.0
891.0
857.0
893.0
908.0
905.0
906.0
897.0
903.0
932.0
915.0
954.0
970.0
958.0
961.0
992.0
960.0
928.0
913.0
920.0
915.0
929.0
940.0
918.0
921.0
936.0
914.0
886.0
885.0
870.0
879.0
870.0
877.0
879.0
870.0
858.0
873.0
865.0
838.0
836.0
847.0
835.0
831.0
821.0
833.0
835.0
834.0
829.0
827.0
830.0
811.0
817.0
825.0
829.0
820.0
822.0
820.0
813.0
789.0
771.0
767.0
776.0
770.0
786.0
796.0
797.0
798.0
784.0
787.0
776.0
769.0
778.0
779.0
771.0
757.0
758.0
755.0
774.0
772.0
789.0
784.0
777.0
785.0
785.0
819.0
817.0
809.0
809.0
787.0
776.0
748.0
725.0
736.0
758.0
765.0
770.0
785.0
792.0
804.0
830.0
825.0
807.0
803.0
809.0
816.0
802.0
816.0
810.0
825.0
814.0
806.0
809.0
807.0
801.0
818.0
814.0
805.0
806.0
810.0
809.0
810.0
809.0
810.0
812.0
810.0
812.0
812.0
817.0
818.0
815.0
815.0
810.0
809.0
805.0
800.0
791.0
777.0
815.0
795.0
793.0
783.0
779.0
763.0
769.0
797.0
801.0
808.0
796.0
790.0
789.0
780.0
802.0
810.0
815.0
818.0
814.0
815.0
811.0
830.0
827.0
833.0
840.0
848.0
852.0
852.0
840.0
843.0
852.0
868.0
871.0
901.0
895.0
915.0
908.0
926.0
914.0
929.0
939.0
928.0
951.0
931.0
918.0
920.0
913.0
910.0
915.0
930.0
940.0
925.0
921.0
925.0
918.0
932.0
905.0
843.0
814.0
813.0
812.0
816.0
849.0
856.0
850.0
835.0
841.0
862.0
825.0
819.0
822.0
807.0
771.0
784.0
800.0
789.0
798.0
798.0
813.0
836.0
880.0
880.0
866.0
869.0
880.0
868.0
859.0
864.0
870.0
860.0
856.0
824.0
836.0
861.0
875.0
874.0
868.0
865.0
861.0
864.0
863.0
857.0
870.0
871.0
884.0
879.0
881.0
863.0
866.0
867.0
880.0
869.0
855.0
842.0
843.0
809.0
800.0
784.0
778.0
779.0
796.0
792.0
786.0
775.0
769.0
750.0
747.0
731.0
706.0
699.0
688.0
688.0
703.0
699.0
704.0
713.0
712.0
711.0
712.0
705.0
703.0
718.0
718.0
719.0
714.0
740.0
740.0
736.0
739.5
730.5
738.5
744.5
735.0
742.0
732.0
726.0
727.0
729.5
736.0
738.0
741.5
753.5
748.5
745.5
747.5
747.0
747.5
750.0
746.0
747.5
750.0
750.0
740.5
742.0
725.0
718.5
705.0
747.0
726.5
724.0
712.0
714.0
676.5
662.0
665.5
667.0
670.5
688.5
700.0
705.0
708.0
702.0
660.0
674.0
668.0
673.0
667.5
672.0
672.0
670.5
683.0
688.0
689.5
692.0
698.5
692.0
684.0
670.0
660.0
660.0
664.0
670.0
678.0
680.5
678.0
677.0
674.5
685.0
683.0
678.0
678.0
674.0
673.0
669.0
671.5
670.5
667.5
666.0
675.0
671.5
669.5
667.5
669.5
669.5
664.0
682.0
681.5
673.0
655.5
648.5
651.0
645.0
656.5
657.5
654.5
645.5
635.5
622.5
625.0
618.0
621.0
616.0
609.0
601.5
602.0
592.0
593.5
592.0
608.0
611.0
610.5
611.5
604.0
611.0
607.0
593.0
581.0
576.5
568.0
560.5
564.0
565.0
583.0
602.0
606.2
602.2
605.0
593.2
588.1
592.5
587.5
580.8
573.0
562.7
556.6
550.7
539.5
530.2
540.7
547.5
551.5
548.7
542.0
561.0
567.0
586.8
599.5
603.0
601.8
597.0
595.6
593.9
605.0
609.9
603.9
608.9
616.0
590.5
583.5
570.6
569.3
581.4
579.0
571.1
565.9
579.0
579.6
585.6
588.1
593.8
590.2
591.3
605.5
607.7
608.9
612.0
612.8
611.6
611.0
626.1
641.1
627.5
631.5
621.0
634.4
638.9
638.4
632.8
634.7
624.5
625.9
630.9
640.0
636.0
635.0
635.6
632.9
631.4
640.0
635.5
633.5
636.0
635.1
645.6
673.5
660.5
650.5
673.4
658.1
659.9
652.8
628.7
613.6
602.0
616.3
617.5
610.7
599.0
612.7
613.1
615.4
625.4
618.8
615.0
608.4
619.9
627.0
630.5
639.0
640.6
638.7
636.2
640.2
632.7
614.2
612.5
603.4
593.7
592.1
598.4
594.3
583.6
576.0
583.4
596.9
600.6
606.0
596.1
598.8
610.0
603.1
600.0
597.3
603.5
600.0
597.8
600.6
599.3
602.7
600.5
604.6
601.8
609.0
608.1
605.0
601.0
595.5
599.5
597.0
589.1
589.3
585.0
584.4
582.1
585.8
585.4
587.2
551.2
557.1
537.0
550.2
541.5
538.5
540.8
542.4
537.1
538.5
545.9
541.2
538.0
540.2
557.5
570.1
570.0
567.0
546.3
548.8
553.7
557.3
554.5
557.3
555.9
559.4
557.0
552.1
554.5
561.5
560.1
568.0
564.4
567.9
565.1
569.4
565.8
572.7
577.8
584.0
582.9
583.0
578.2
576.4
578.2
570.5
561.1
556.5
562.4
564.0
560.0
558.0
544.5
545.5
553.5
557.5
567.0
570.7
571.4
578.3
579.9
582.9
577.7
580.9
592.0
591.9
587.8
595.0
600.7
604.0
606.0
604.0
592.0
588.1
605.0
605.7
629.7
656.0
639.0
590.0
593.9
596.4
594.4
594.8
589.5
589.4
592.0
588.2
589.0
590.6
588.6
583.5
584.6
584.3
588.8
591.0
566.3
569.2
570.9
580.0
589.0
580.4
587.8
588.5
582.1
583.9
576.0
572.0
554.9
545.1
549.3
552.7
553.9
555.9
556.5
557.5
553.2
554.1
553.0
542.2
550.0
542.1
533.0
520.0
528.4
525.4
522.5
520.5
521.6
517.6
517.0
524.0
524.9
524.9
524.0
520.3
526.5
520.9
519.7
514.0
513.0
512.9
512.4
521.1
523.1
523.6
523.0
530.9
527.0
526.3
525.9
516.8
521.0
518.5
516.1
514.6
515.0
513.3
512.0
514.2
516.0
531.4
532.5
524.1
514.5
509.0
520.0
519.5
515.6
524.0
524.0
526.0
525.0
533.0
542.6
554.0
563.9
553.0
552.9
550.4
564.4
568.1
568.8
574.8
583.0
590.7
598.4
573.4
571.2
577.0
524.9
510.4
519.0
512.5
520.0
517.4
512.4
510.0
519.5
523.0
538.0
540.2
540.1
537.1
540.0
539.9
533.1
481.0
459.0
456.2
445.8
443.0
440.9
460.0
483.2
490.0
492.0
483.4
488.7
484.0
469.0
462.0
459.5
473.0
472.5
469.4
470.5
470.0
470.1
471.9
474.6
476.0
484.0
489.0
483.0
486.0
486.4
483.0
479.1
478.5
479.6
479.7
475.3
477.0
473.2
478.0
477.4
475.5
473.0
473.3
464.0
463.4
465.1
469.4
481.1
488.0
491.1
486.0
490.0
491.6
498.7
495.5
497.3
500.0
498.0
504.0
514.8
508.5
513.5
516.3
520.9
523.3
509.1
502.1
500.2
504.0
584.4
585.0
592.5
594.0
592.5
591.1
587.9
589.8
590.8
588.0
586.2
590.0
590.0
596.0
597.0
602.3
601.9
614.5
620.4
630.0
632.0
623.5
639.0
629.0
629.0
632.0
648.5
645.0
649.4
635.0
630.2
596.5
674.0
535.1
505.0
497.6
509.0
512.4
512.0
538.0
547.8
560.7
563.5
564.5
564.0
581.5
581.9
581.0
584.5
584.9
564.9
564.9
565.9
566.8
566.0
560.0
561.0
569.2
578.8
581.0
580.0
580.0
579.5
590.0
591.0
595.0
589.8
592.0
589.7
593.0
589.0
585.0
587.5
584.1
585.0
591.6
590.0
586.0
593.9
593.0
608.5
596.5
585.0
586.0
583.0
587.0
585.0
593.0
590.2
584.0
583.3
573.0
579.4
583.0
579.9
582.2
580.0
581.1
582.0
585.0
583.8
581.5
582.5
580.0
579.5
587.0
611.0
617.0
626.8
619.5
612.0
617.2
620.1
618.0
623.0
621.8
623.5
638.9
639.2
639.7
639.4
639.8
639.6
640.8
641.9
642.5
644.3
644.0
644.5
645.1
645.1
646.2
646.8
647.0
647.1
647.7
647.5
647.7
647.7
647.8
648.2
648.6
649.2
650.2
650.6
651.2
650.6
650.4
650.4
650.0
651.0
651.6
651.0
650.8
651.8
651.4
651.4
653.0
653.0
654.8
653.4
653.0
635.0
624.2
627.0
624.6
634.0
632.2
634.2
635.2
634.4
633.2
636.2
634.2
639.4
639.6
640.4
639.8
641.4
642.2
648.6
644.6
643.6
642.0
641.0
639.0
643.4
642.0
642.4
642.0
642.0
644.0
648.0
650.2
650.4
650.2
648.4
651.6
651.6
650.2
649.4
652.6
653.0
652.6
652.6
653.0
652.6
652.6
652.6
652.6
652.6
652.6
652.6
652.6
652.6
652.6
652.8
654.4
653.2
652.8
650.6
