close
5700.5
5560.1
5565.0
5565.0
5300.0
5900.0
5500.0
5202.2
5198.9
5249.9
5299.8
5279.6
5078.2
5225.0
5277.0
5375.0
5209.1
5299.8
5226.7
5200.0
5412.6
5400.0
5000.0
5008.0
5008.0
5180.2
5000.0
4210.0
4336.0
4989.0
4650.0
4881.0
4881.0
4578.3
4578.3
4828.0
4828.0
4500.0
4698.0
4460.1
5150.0
5040.0
4800.0
5169.5
5099.4
4891.0
4993.9
4970.0
4320.0
4700.0
5099.9
4900.0
4455.0
4800.0
4794.4
5000.0
5491.0
4870.0
4693.7
4599.6
4777.7
4400.7
4965.0
4506.0
4450.0
4500.0
4320.0
4350.0
4250.0
4230.0
4200.0
4200.0
4240.0
4110.0
4200.0
4100.0
4000.0
3930.0
3970.0
3970.0
4200.0
4050.0
4080.0
4250.0
4390.0
4330.0
4380.0
4100.0
4150.0
4010.0
4000.0
4000.0
4100.0
4000.0
3990.0
3820.0
4000.0
3990.0
4000.0
3720.0
3750.0
3950.0
3810.0
3740.0
4050.0
3770.0
3590.0
3710.0
3600.0
3710.0
3500.0
3500.0
3200.0
3500.0
3800.0
3670.0
3390.0
3370.0
3430.0
3420.0
3420.0
3400.0
3490.0
2990.0
2900.0
3050.0
3020.0
2890.0
2900.0
2900.0
3280.0
3330.0
3390.0
3590.0
3870.0
3840.0
3900.0
3890.0
3800.0
3560.0
3530.0
3710.0
3780.0
3890.0
5440.0
4800.0
4530.0
4420.0
4550.0
4440.0
3980.0
3750.0
3640.0
3740.0
3720.0
3690.0
3650.0
3700.0
3620.0
3520.0
3380.0
3370.0
3420.0
3500.0
3590.0
3550.0
3650.0
3650.0
3680.0
3500.0
3910.0
3900.0
3750.0
3710.0
3700.0
3750.0
3700.0
3600.0
3560.0
3650.0
3480.0
3600.0
3630.0
3600.0
4700.0
4130.0
4020.0
3700.0
3790.0
3790.0
3730.0
3680.0
3720.0
3750.0
3810.0
3810.0
3900.0
3750.0
3690.0
3700.0
3780.0
3860.0
3840.0
3810.0
3800.0
3970.0
4040.0
3930.0
3880.0
3890.0
3800.0
3990.0
3890.0
3880.0
3990.0
3840.0
3930.0
4000.0
3990.0
3830.0
3840.0
3930.0
3820.0
3830.0
3800.0
3800.0
3680.0
3680.0
3650.0
3590.0
3540.0
3580.0
3630.0
3680.0
3700.0
3700.0
4150.0
4920.0
4400.0
4100.0
3940.0
3930.0
3950.0
3980.0
3950.0
3990.0
4000.0
3990.0
3990.0
4000.0
4040.0
4000.0
4000.0
4050.0
4010.0
4130.0
4150.0
4150.0
4110.0
4100.0
4150.0
4200.0
4150.0
4140.0
4130.0
4100.0
4100.0
4180.0
4110.0
4240.0
4190.0
4110.0
4130.0
4140.0
4150.0
4220.0
4150.0
4170.0
4120.0
4120.0
4250.0
4190.0
4160.0
4070.0
4040.0
4060.0
4000.0
4040.0
4070.0
4030.0
4090.0
4020.0
4030.0
4100.0
4150.0
4270.0
4560.0
4400.0
4210.0
4160.0
4230.0
4300.0
4640.0
4600.0
4450.0
4590.0
4400.0
4680.0
4690.0
4700.0
4670.0
4470.0
4260.0
4250.0
4390.0
4120.0
4230.0
4120.0
4140.0
4200.0
4160.0
4070.0
4110.0
4120.0
4230.0
4120.0
4070.0
4100.0
4050.0
4650.0
4160.0
4250.0
4320.0
4500.0
4440.0
4350.0
4340.0
4400.0
4420.0
4400.0
4300.0
4300.0
4310.0
4460.0
4300.0
4300.0
4220.0
4500.0
4570.0
4460.0
4250.0
4320.0
4260.0
4210.0
4410.0
4640.0
4560.0
4500.0
4450.0
4480.0
4570.0
4500.0
4550.0
4500.0
4530.0
4500.0
4400.0
4470.0
4490.0
4370.0
4500.0
4680.0
4830.0
4750.0
4740.0
4700.0
4790.0
4800.0
4890.0
4900.0
4940.0
4910.0
4850.0
4850.0
4980.0
4990.0
4920.0
4790.0
4750.0
4900.0
4790.0
4620.0
4860.0
4800.0
4840.0
4900.0
4900.0
4780.0
4800.0
4890.0
4740.0
4740.0
4730.0
4750.0
4700.0
4740.0
4660.0
4660.0
4320.0
4300.0
4210.0
4210.0
4230.0
4210.0
4220.0
4210.0
4180.0
4180.0
4150.0
4150.0
4110.0
4140.0
4120.0
4210.0
4150.0
4140.0
4130.0
4190.0
4120.0
4200.0
4110.0
4010.0
4000.0
3020.0
3920.0
3920.0
3770.0
3770.0
3810.0
3840.0
3630.0
3850.0
3900.0
3900.0
3930.0
3920.0
3890.0
3900.0
3900.0
3940.0
3930.0
3960.0
4060.0
4030.0
3980.0
3950.0
3950.0
3930.0
3850.0
3820.0
3870.0
3700.0
3780.0
3950.0
3920.0
3850.0
3950.0
3950.0
3950.0
3850.0
3860.0
3920.0
3780.0
3900.0
3880.0
4100.0
3920.0
4000.0
3970.0
3990.0
4040.0
4060.0
4070.0
4010.0
4000.0
3960.0
3910.0
3840.0
3900.0
3880.0
3860.0
3940.0
3930.0
3800.0
3970.0
3940.0
3910.0
3860.0
3800.0
4100.0
3840.0
3980.0
3820.0
3910.0
3910.0
3880.0
4050.0
3970.0
3850.0
3860.0
3970.0
3950.0
4010.0
3950.0
3910.0
3900.0
3940.0
4050.0
4010.0
4090.0
4020.0
4100.0
4140.0
4040.0
4130.0
4230.0
4040.0
4040.0
4120.0
4080.0
4030.0
4030.0
4010.0
4020.0
4000.0
4030.0
4030.0
4000.0
4050.0
3990.0
3990.0
3970.0
3970.0
4000.0
3970.0
4090.0
3870.0
3870.0
3900.0
3990.0
4000.0
4040.0
3990.0
3850.0
3940.0
3940.0
3870.0
3870.0
3860.0
3880.0
3820.0
3940.0
3870.0
3790.0
3770.0
3880.0
3790.0
3740.0
3710.0
3710.0
3810.0
3850.0
3710.0
3700.0
3580.0
3640.0
3590.0
3260.0
3180.0
3280.0
3300.0
3150.0
3290.0
3200.0
3260.0
3150.0
3190.0
3150.0
3100.0
3050.0
3110.0
3010.0
3200.0
3120.0
3190.0
3190.0
3100.0
3110.0
3270.0
3210.0
3200.0
3060.0
2950.0
2950.0
3000.0
3000.0
2900.0
2830.0
2920.0
2910.0
2850.0
2940.0
3070.0
3070.0
3040.0
3060.0
3060.0
2950.0
3010.0
3080.0
3000.0
3050.0
3010.0
3010.0
3000.0
3050.0
3000.0
2890.0
2800.0
2800.0
2800.0
2790.0
2820.0
2830.0
2750.0
2790.0
2750.0
2810.0
2820.0
2750.0
2780.0
2770.0
2750.0
2830.0
2860.0
2860.0
2930.0
2930.0
3000.0
2940.0
2900.0
2900.0
2940.0
2950.0
2870.0
3240.0
3330.0
3300.0
3730.0
3750.0
3770.0
3670.0
3450.0
3400.0
3320.0
3200.0
3370.0
3410.0
3450.0
3430.0
3400.0
3500.0
3500.0
3450.0
3400.0
3450.0
3400.0
3300.0
3200.0
3350.0
3200.0
3200.0
3250.0
3350.0
3350.0
3230.0
3200.0
3160.0
3200.0
3200.0
3300.0
3300.0
3300.0
3550.0
3550.0
3400.0
3420.0
3400.0
3500.0
3600.0
3600.0
3650.0
3650.0
3780.0
3470.0
3700.0
3590.0
3690.0
3610.0
3570.0
3480.0
3540.0
3680.0
3700.0
3790.0
3600.0
3600.0
3510.0
3500.0
3460.0
3570.0
3800.0
3730.0
3500.0
3360.0
3320.0
3390.0
3340.0
3300.0
3300.0
3280.0
3200.0
3150.0
3070.0
3210.0
3190.0
3100.0
3160.0
3140.0
3120.0
3110.0
3110.0
3130.0
3140.0
3140.0
3120.0
2800.0
2760.0
2800.0
2820.0
2820.0
2820.0
2800.0
3080.0
2960.0
2840.0
2850.0
2870.0
2870.0
2940.0
2800.0
2800.0
2860.0
2830.0
2830.0
2750.0
2740.0
2760.0
2740.0
2750.0
2950.0
2900.0
2750.0
2740.0
2800.0
2930.0
3000.0
2940.0
2850.0
3000.0
3050.0
2900.0
2930.0
2880.0
2830.0
2850.0
2860.0
2850.0
2780.0
2850.0
2800.0
2840.0
2770.0
2860.0
2840.0
2830.0
2920.0
2840.0
2920.0
2910.0
2800.0
2820.0
2790.0
2750.0
2730.0
2700.0
2690.0
2690.0
2650.0
2710.0
2720.0
2640.0
2640.0
2610.0
2540.0
2520.0
2520.0
2480.0
2490.0
2620.0
2600.0
2580.0
2540.0
2500.0
2450.0
2450.0
2360.0
2290.0
2300.0
2290.0
2330.0
2330.0
2290.0
2220.0
2200.0
2190.0
2200.0
2650.0
2650.0
2700.0
2890.0
2860.0
2800.0
2980.0
2820.0
3010.0
3060.0
2900.0
2950.0
2950.0
4120.0
3300.0
3000.0
2950.0
2970.0
3070.0
3050.0
3190.0
3360.0
3270.0
3170.0
3280.0
3000.0
3000.0
3090.0
3080.0
3270.0
3070.0
3260.0
3300.0
3350.0
3250.0
3300.0
3200.0
3300.0
3380.0
3250.0
3260.0
3300.0
3320.0
3280.0
3250.0
3250.0
3130.0
2990.0
3000.0
3060.0
3020.0
2990.0
3050.0
2990.0
2910.0
2910.0
3060.0
2900.0
2910.0
3000.0
3000.0
3100.0
3080.0
3170.0
3080.0
3150.0
3200.0
3190.0
3100.0
3090.0
3090.0
3070.0
3010.0
3120.0
3100.0
3070.0
3080.0
3050.0
3030.0
3090.0
3080.0
3100.0
3090.0
3050.0
3040.0
3050.0
3060.0
3060.0
3070.0
3080.0
3100.0
3120.0
3090.0
3040.0
3000.0
3010.0
3090.0
3110.0
3100.0
3100.0
3030.0
3050.0
3080.0
3050.0
3030.0
3090.0
3100.0
3080.0
3100.0
3080.0
3100.0
3100.0
3070.0
3080.0
3080.0
3090.0
3060.0
3440.0
3190.0
3100.0
3060.0
3080.0
3060.0
3040.0
3040.0
3040.0
3030.0
3000.0
3010.0
3030.0
3010.0
3000.0
3030.0
3030.0
2980.0
2980.0
3000.0
3010.0
3010.0
3050.0
3050.0
3050.0
3040.0
3100.0
3000.0
3020.0
2980.0
3130.0
3120.0
3050.0
3100.0
3040.0
3090.0
3430.0
3470.0
3380.0
3480.0
3400.0
3420.0
3500.0
3400.0
3400.0
3380.0
3410.0
3370.0
3360.0
3230.0
3250.0
3230.0
3130.0
3240.0
3420.0
3370.0
3320.0
3310.0
3440.0
3520.0
3440.0
3380.0
3330.0
3270.0
3330.0
3300.0
3420.0
3360.0
3360.0
3330.0
3290.0
3290.0
3360.0
3390.0
3400.0
3300.0
3460.0
3450.0
3490.0
3440.0
3480.0
3530.0
3490.0
3530.0
3510.0
3480.0
3500.0
3480.0
3450.0
3440.0
3470.0
3420.0
3340.0
3220.0
3200.0
3390.0
3320.0
3350.0
3350.0
3350.0
3350.0
3390.0
3470.0
3510.0
3550.0
3500.0
3500.0
3500.0
3540.0
3510.0
3510.0
3490.0
3480.0
4860.0
4200.0
3950.0
3950.0
4010.0
3940.0
3900.0
3900.0
3770.0
3760.0
3820.0
3720.0
3740.0
3640.0
3610.0
3590.0
3660.0
3650.0
3640.0
3880.0
3700.0
3790.0
3780.0
3800.0
3830.0
3740.0
3780.0
3770.0
3760.0
3680.0
3750.0
3740.0
3730.0
3770.0
3780.0
3720.0
3770.0
3850.0
3830.0
3810.0
3830.0
3870.0
3890.0
3910.0
3870.0
4020.0
4000.0
3900.0
3900.0
3930.0
3820.0
3850.0
3760.0
3850.0
4020.0
4050.0
3940.0
3940.0
4080.0
4100.0
4070.0
4050.0
4010.0
4090.0
4290.0
4200.0
4340.0
4360.0
4210.0
4300.0
4230.0
4100.0
4100.0
4050.0
4080.0
4110.0
4250.0
4130.0
4240.0
4250.0
4460.0
4500.0
4460.0
4490.0
4500.0
4950.0
4870.0
4960.0
4850.0
5390.0
5130.0
5340.0
5470.0
5680.0
5740.0
5380.0
5230.0
5450.0
5600.0
5410.0
5410.0
5250.0
5270.0
5210.0
5250.0
5220.0
5160.0
5260.0
5250.0
5210.0
5190.0
5090.0
4860.0
4400.0
4140.0
4220.0
4400.0
4390.0
4370.0
4130.0
4340.0
4570.0
3900.0
4270.0
3840.0
3840.0
3500.0
3590.0
3790.0
3600.0
3880.0
3720.0
3890.0
4100.0
4080.0
4040.0
3900.0
3950.0
3860.0
4130.0
4120.0
4300.0
4250.0
4160.0
4140.0
3990.0
3940.0
4160.0
4000.0
3950.0
3930.0
4090.0
4030.0
4000.0
4060.0
4070.0
4120.0
4270.0
4230.0
4250.0
4250.0
4170.0
4180.0
4130.0
4050.0
4030.0
4030.0
4100.0
4040.0
4060.0
4100.0
4060.0
4160.0
4150.0
4130.0
4090.0
4110.0
4070.0
4090.0
4040.0
4070.0
4080.0
4050.0
4070.0
4030.0
4000.0
4070.0
4060.0
4050.0
4040.0
4100.0
4110.0
4060.0
4060.0
4050.0
4050.0
4040.0
4060.0
4040.0
4060.0
4030.0
4000.0
3880.0
3900.0
4160.0
4150.0
4510.0
4300.0
5410.0
4770.0
4650.0
4530.0
4820.0
4900.0
4870.0
4900.0
4800.0
4780.0
4620.0
4710.0
4640.0
4650.0
4640.0
4640.0
4620.0
4660.0
4610.0
5060.0
5100.0
5100.0
4990.0
4880.0
4760.0
4900.0
4810.0
4790.0
4800.0
4800.0
4800.0
4840.0
4770.0
4700.0
4790.0
4670.0
4600.0
4600.0
4630.0
4620.0
4680.0
4730.0
4700.0
4720.0
4720.0
4730.0
4590.0
4560.0
4730.0
4750.0
4700.0
4710.0
4700.0
4620.0
4700.0
4750.0
4750.0
5130.0
4980.0
5000.0
4870.0
4800.0
4930.0
4900.0
4750.0
4830.0
4850.0
4900.0
4900.0
4810.0
4820.0
4820.0
4750.0
4700.0
4690.0
4740.0
4710.0
4740.0
4740.0
4900.0
4800.0
4810.0
4820.0
4910.0
4910.0
5020.0
5000.0
4920.0
4900.0
4900.0
5010.0
5040.0
5050.0
5070.0
5010.0
5100.0
5110.0
4950.0
5420.0
5390.0
5230.0
5240.0
5250.0
5230.0
5370.0
5340.0
5310.0
5310.0
5550.0
5370.0
5410.0
5660.0
5810.0
6010.0
5910.0
5890.0
5990.0
6070.0
6350.0
6850.0
7300.0
6770.0
6720.0
6550.0
6700.0
6840.0
6720.0
7150.0
8810.0
11070.0
9520.0
9700.0
8950.0
8760.0
8590.0
8580.0
8690.0
9200.0
9050.0
9250.0
9330.0
9250.0
9140.0
8910.0
8710.0
8600.0
9090.0
9220.0
9450.0
9200.0
9060.0
9130.0
9130.0
8950.0
8800.0
8980.0
8820.0
8730.0
8740.0
8800.0
8710.0
8840.0
8800.0
8830.0
8750.0
8620.0
8610.0
8700.0
8670.0
8700.0
8510.0
8960.0
10680.0
9940.0
10370.0
10040.0
10170.0
10000.0
10180.0
10000.0
9790.0
9520.0
9450.0
9400.0
9280.0
9430.0
9420.0
9500.0
9630.0
9570.0
9590.0
9560.0
9490.0
9580.0
9620.0
9490.0
9540.0
9460.0
9400.0
9380.0
9450.0
9490.0
9580.0
9570.0
9550.0
9530.0
9620.0
9520.0
9530.0
9550.0
9530.0
9530.0
9560.0
9520.0
9650.0
9530.0
9590.0
9560.0
9600.0
9810.0
9550.0
9570.0
9670.0
9690.0
9640.0
9610.0
9730.0
9700.0
9700.0
9670.0
9670.0
9720.0
9610.0
9650.0
9570.0
9610.0
9600.0
9450.0
9460.0
9480.0
9500.0
9530.0
9530.0
9700.0
9620.0
9550.0
9510.0
9640.0
9870.0
9870.0
10160.0
10120.0
10250.0
10150.0
10050.0
10240.0
10090.0
10010.0
9900.0
9900.0
9700.0
9820.0
9800.0
9770.0
9720.0
9960.0
10000.0
9870.0
9850.0
9830.0
9900.0
10000.0
10040.0
10200.0
10290.0
10000.0
9980.0
10100.0
9940.0
10080.0
9980.0
10040.0
10000.0
10050.0
10000.0
10000.0
9800.0
9760.0
9780.0
9740.0
9710.0
9770.0
9680.0
9680.0
9820.0
9810.0
9750.0
9610.0
9610.0
9600.0
9650.0
9670.0
9660.0
9760.0
9750.0
9670.0
9700.0
9700.0
9790.0
9750.0
9670.0
9870.0
9860.0
10020.0
10070.0
10000.0
10060.0
10010.0
10050.0
9900.0
11670.0
12380.0
12100.0
11760.0
12510.0
12200.0
12850.0
12210.0
12150.0
12230.0
12500.0
12350.0
12260.0
12030.0
11700.0
11380.0
11150.0
11390.0
12240.0
11790.0
11700.0
12000.0
11730.0
11000.0
11270.0
11250.0
11130.0
10910.0
11000.0
10990.0
11090.0
10830.0
10840.0
10390.0
10250.0
10500.0
10450.0
10510.0
10200.0
10250.0
10360.0
10450.0
10290.0
10160.0
9860.0
10080.0
9950.0
9840.0
10340.0
10520.0
10440.0
10020.0
10310.0
10220.0
10170.0
10140.0
10060.0
10020.0
10170.0
10000.0
9620.0
9900.0
9430.0
9610.0
9980.0
9610.0
9570.0
9890.0
9700.0
9700.0
9860.0
9900.0
9520.0
9600.0
9460.0
9570.0
9600.0
9420.0
9600.0
9500.0
9500.0
9450.0
13220.0
14350.0
15030.0
15170.0
13990.0
14940.0
11900.0
13570.0
11880.0
13330.0
12790.0
12150.0
11210.0
10930.0
11120.0
11300.0
11140.0
11020.0
11460.0
11210.0
11140.0
11060.0
10470.0
10500.0
10110.0
10110.0
10430.0
10120.0
9900.0
9760.0
10110.0
10170.0
10050.0
9950.0
10010.0
9940.0
10500.0
10060.0
10020.0
10780.0
11940.0
11800.0
11410.0
11610.0
11260.0
10850.0
11500.0
11540.0
11660.0
11890.0
11730.0
11990.0
12540.0
13000.0
11850.0
11430.0
11600.0
11530.0
11510.0
11170.0
11140.0
11370.0
11320.0
11210.0
11670.0
11390.0
11250.0
11220.0
11270.0
11360.0
11170.0
11050.0
