close
130.1
130.2
126.0
130.0
130.0
127.0
127.0
127.1
125.0
130.0
125.12
130.0
124.99
123.0
130.0
129.99
129.95
123.0
125.5
125.5
125.8
125.0
127.0
133.0
133.01
133.21
140.0
150.0
155.0
145.0
140.1
143.0
140.3
150.0
139.0
133.0
133.2
139.0
134.0
135.0
134.0
137.0
135.0
131.04
134.0
135.0
145.0
133.4
143.0
133.0
130.0
143.0
143.0
140.0
140.0
142.0
144.5
143.5
145.0
152.0
153.0
152.0
152.2
153.0
157.0
160.0
168.0
180.1
189.9
192.0
194.9
198.0
205.0
207.0
204.0
208.99
205.1
213.9
230.0
210.0
210.0
202.0
199.0
196.0
194.01
196.0
200.0
209.11
202.6
208.0
206.0
209.5
205.0
209.9
202.1
211.5
208.0
208.5
218.9
220.0
225.0
222.0
227.0
233.01
250.0
249.0
232.0
229.0
233.99
239.0
240.0
239.99
230.0
235.0
238.16
232.0
237.0
230.0
233.0
233.5
228.5
235.0
235.0
233.0
224.0
222.0
222.0
220.0
215.0
205.0
210.0
210.0
201.0
204.0
215.0
220.0
215.0
215.0
211.0
213.0
217.0
215.0
216.0
216.0
219.4
218.0
229.0
229.0
231.0
247.0
244.99
248.99
250.0
250.0
251.0
267.0
260.0
253.0
257.99
260.0
260.99
253.0
260.0
251.0
264.0
270.0
266.0
265.1
266.0
274.0
268.0
262.5
272.0
270.0
270.0
273.8
280.0
280.0
277.0
281.0
294.0
300.0
310.0
298.1
310.0
305.0
310.0
298.3
308.0
305.0
329.85
357.65
348.0
335.0
344.99
345.0
360.0
364.0
344.9
334.99
334.99
327.0
333.0
325.0
332.89
325.0
323.0
332.95
327.87
321.0
320.01
327.97
325.0
320.0
324.0
320.0
333.94
333.0
330.5
332.99
322.0
322.12
323.5
323.4
324.97
318.9
314.0
307.0
290.0
294.0
297.0
265.0
270.0
269.88
270.0
260.0
260.0
250.0
237.0
247.0
250.0
249.0
254.0
254.0
258.9
255.99
269.0
250.0
255.0
255.0
262.0
252.0
262.0
258.0
266.7
265.0
268.89
268.79
260.02
268.79
264.9
268.85
276.0
280.0
270.01
279.89
274.0
250.0
253.0
245.0
247.5
250.0
250.0
238.0
258.99
254.0
250.0
240.05
255.0
250.0
256.01
252.0
258.99
250.1
258.93
252.99
244.0
253.98
249.96
247.99
240.0
244.99
242.0
243.0
246.0
240.04
235.0
248.99
245.0
245.98
240.0
244.0
245.0
245.0
236.0
243.0
248.0
248.5
249.0
257.98
255.0
261.99
255.11
263.99
262.99
258.0
261.98
261.99
260.0
264.9
268.98
265.0
269.96
264.0
263.89
261.98
269.86
266.0
263.0
265.89
270.0
274.98
274.5
279.0
286.98
276.9
275.0
277.45
286.85
276.99
272.99
283.0
282.0
277.0
277.03
275.66
279.0
277.0
272.0
275.9
272.2
277.99
277.0
277.0
272.5
271.99
272.0
273.0
270.0
272.0
270.1
269.02
272.93
269.48
267.2
279.91
273.0
273.66
266.02
263.0
266.0
266.98
261.01
262.0
257.21
259.48
250.0
257.7
266.0
268.8
266.79
260.0
266.49
264.5
261.0
260.0
263.93
255.67
259.97
263.35
261.88
260.0
267.0
271.0
619.99
623.0
623.0
649.6
636.0
640.0
648.99
635.0
641.0
665.0
669.88
660.72
665.0
674.99
675.0
661.46
639.88
645.0
641.01
563.95
559.2
555.0
558.0
563.95
557.0
557.0
551.0
542.99
532.77
540.0
538.01
541.97
534.0
515.0
522.01
525.01
525.0
524.01
524.01
515.01
500.0
500.0
500.0
515.01
515.02
515.0
520.0
520.0
514.99
520.0
520.01
519.99
516.95
500.0
519.0
519.14
518.95
518.95
510.0
520.0
519.9
515.0
518.01
537.99
538.95
509.99
492.59
501.0
500.0
500.07
518.77
501.11
502.06
501.0
501.0
490.0
481.0
481.0
487.0
490.0
490.0
490.0
490.0
490.0
490.0
490.0
490.0
471.0
480.0
489.0
490.0
500.0
480.0
490.0
478.0
490.0
479.0
478.0
469.0
483.0
475.0
472.0
475.0
500.0
489.0
483.0
483.0
457.0
480.0
500.0
462.0
472.0
445.0
478.0
450.0
436.0
430.0
436.0
445.0
465.0
480.0
465.0
451.0
470.0
470.0
475.0
455.0
475.0
499.0
501.0
499.0
490.0
506.0
495.0
505.0
520.0
495.0
498.0
486.0
499.0
505.0
512.0
512.0
512.0
592.0
549.0
535.0
550.0
555.0
592.0
522.0
535.0
525.0
550.0
525.0
527.0
530.0
525.0
520.0
530.0
521.0
522.0
520.0
515.0
498.0
500.0
499.0
499.0
495.0
510.0
498.0
499.0
525.0
540.0
528.0
530.0
520.0
525.0
524.0
542.0
545.0
550.0
550.0
549.0
524.0
510.0
523.0
544.0
542.0
554.0
580.0
556.0
553.0
584.0
575.0
584.0
560.0
580.0
570.0
584.0
580.0
580.0
588.0
585.0
571.0
580.0
580.0
580.0
589.0
570.0
570.0
570.0
570.0
560.0
565.0
553.0
540.0
556.0
567.0
550.0
552.0
554.0
567.0
570.0
534.0
507.0
494.0
485.0
495.0
495.0
495.0
507.0
507.0
507.0
502.0
505.0
514.0
525.0
520.0
506.0
517.0
517.0
510.0
524.0
523.0
539.0
537.0
549.0
520.0
530.0
520.0
546.0
547.0
535.0
511.0
547.0
541.0
525.0
542.0
542.0
534.0
520.0
524.0
510.0
510.0
517.0
524.0
525.0
540.0
515.0
523.0
515.0
515.0
519.0
523.0
516.0
520.0
535.0
520.0
528.0
534.0
520.0
528.0
521.0
513.0
525.0
520.0
532.0
525.0
525.0
533.0
524.0
514.0
515.0
525.0
528.0
529.0
540.0
540.0
530.0
532.0
532.0
544.0
535.0
545.0
525.0
535.0
537.0
535.0
541.0
542.0
540.0
530.0
532.0
537.0
540.0
537.0
533.0
530.0
534.0
545.0
534.0
532.0
540.0
540.0
543.0
530.0
542.0
526.0
543.0
541.0
531.0
531.0
536.0
537.0
531.0
527.0
533.0
542.0
545.0
550.0
553.0
550.0
548.0
547.0
545.0
549.0
551.0
555.0
555.0
570.0
555.0
577.0
579.0
561.0
552.0
563.0
563.0
563.0
579.0
564.0
578.0
567.0
570.0
585.0
571.0
580.0
587.0
575.0
580.0
573.0
575.0
570.0
570.0
568.0
568.0
570.0
566.0
604.0
609.0
597.0
610.0
610.0
601.0
610.0
600.0
600.0
615.0
616.0
626.0
632.0
625.0
620.0
620.0
614.0
608.0
604.0
604.0
620.0
610.0
605.0
845.0
998.0
950.0
923.0
920.0
916.0
918.0
912.0
912.0
912.0
912.0
923.0
923.0
917.0
923.0
907.0
918.0
922.0
915.0
906.0
909.0
902.0
900.0
914.0
901.0
906.0
905.0
900.0
900.0
909.0
935.0
950.0
950.0
979.0
984.0
992.0
998.0
985.0
999.0
999.0
1015.0
1014.0
1029.0
1040.0
799.0
800.0
785.0
780.0
774.0
777.0
765.0
788.0
793.0
791.0
770.0
783.0
770.0
773.0
770.0
773.0
775.0
775.0
780.0
772.0
778.0
776.0
780.0
780.0
780.0
773.0
780.0
779.0
779.0
762.0
761.0
762.0
756.0
758.0
751.0
750.0
751.0
746.0
746.0
737.0
739.0
747.0
744.0
745.0
755.0
750.0
745.0
739.0
737.0
737.0
738.0
726.0
740.0
734.0
730.0
728.0
741.0
737.0
738.0
740.0
750.0
742.0
760.0
750.0
759.0
730.0
723.0
746.0
749.0
751.0
740.0
740.0
759.0
750.0
760.0
763.0
754.0
753.0
747.0
733.0
735.0
745.0
741.0
750.0
743.0
745.0
754.0
764.0
757.0
759.0
765.0
751.0
760.0
771.0
757.0
764.0
764.0
774.0
776.0
776.0
789.0
796.0
790.0
792.0
801.0
780.0
775.0
780.0
790.0
795.0
790.0
785.0
789.0
793.0
800.0
800.0
807.0
807.0
807.0
810.0
814.0
816.0
820.0
822.0
840.0
863.0
900.0
897.0
890.0
894.0
904.0
866.0
868.0
863.0
880.0
885.0
875.0
889.0
879.0
887.0
870.0
869.0
869.0
860.0
873.0
878.0
874.0
879.0
876.0
879.0
875.0
880.0
882.0
895.0
900.0
890.0
887.0
860.0
851.0
870.0
861.0
854.0
844.0
841.0
859.0
835.0
830.0
835.0
835.0
835.0
830.0
832.0
819.0
832.0
833.0
844.0
840.0
880.0
860.0
882.0
881.0
876.0
878.0
868.0
878.0
858.0
860.0
859.0
849.0
850.0
854.0
838.0
841.0
840.0
841.0
878.0
857.0
865.0
860.0
865.0
868.0
856.0
882.0
870.0
880.0
881.0
869.0
1215.0
1329.0
1316.0
1333.0
1312.0
1300.0
1295.0
1290.0
1292.0
1295.0
1303.0
1318.0
1304.0
1312.0
1315.0
1329.0
1331.0
1320.0
1303.0
1310.0
1302.0
1305.0
1301.0
1320.0
1300.0
1315.0
1308.0
1341.0
1337.0
1336.0
1345.0
1348.0
1345.0
1345.0
1346.0
1348.0
1360.0
1341.0
1360.0
1425.0
1400.0
1130.0
1070.0
988.0
987.0
975.0
1011.0
1000.0
1002.0
1013.0
1024.0
1016.0
1012.0
1016.0
1027.0
1021.0
1070.0
1067.0
1079.0
1057.0
1065.0
1069.0
1058.0
1048.0
1111.0
1116.0
1108.0
1069.0
1081.0
1080.0
1073.0
1085.0
1097.0
1090.0
1085.0
1082.0
1085.0
1078.0
1074.0
1075.0
1077.0
1063.0
1078.0
1080.0
1085.0
1089.0
1087.0
1075.0
1080.0
1087.0
1085.0
1089.0
1084.0
1100.0
1108.0
1124.0
1137.0
1137.0
1148.0
1139.0
1140.0
1145.0
1135.0
1130.0
1140.0
1132.0
1145.0
1165.0
1162.0
1170.0
1177.0
1219.0
1224.0
1243.0
1245.0
1232.0
1223.0
1225.0
1228.0
1224.0
1225.0
1229.0
1235.0
1262.0
1296.0
1315.0
1299.0
1289.0
1312.0
1315.0
1309.0
1300.0
1305.0
1265.0
1210.0
1221.0
1250.0
1270.0
1282.0
1260.0
1272.0
1244.0
1259.0
1250.0
1235.0
1249.0
1242.0
1261.0
1254.0
1255.0
1260.0
1255.0
1259.0
1256.0
1262.0
1237.0
1212.0
1225.0
1254.0
1248.0
1247.0
1266.0
1269.0
1293.0
1320.0
1314.0
1335.0
1315.0
1324.0
1309.0
1346.0
1414.0
1449.0
1448.0
1472.0
1476.0
1469.0
1447.0
1455.0
1412.0
1395.0
1421.0
1446.0
1455.0
1450.0
1435.0
1435.0
1465.0
1465.0
1445.0
1485.0
1500.0
1500.0
1475.0
1485.0
1505.0
1505.0
1515.0
1505.0
1505.0
1510.0
1515.0
1515.0
1525.0
1575.0
1595.0
1595.0
1600.0
1630.0
1695.0
1800.0
1815.0
1740.0
1790.0
1760.0
1765.0
1750.0
1770.0
1755.0
1755.0
1765.0
1765.0
1750.0
1755.0
1770.0
1760.0
1760.0
1720.0
1615.0
1665.0
1635.0
1670.0
1660.0
1655.0
1670.0
1660.0
1665.0
1670.0
1690.0
1715.0
1725.0
1750.0
1745.0
1735.0
1740.0
1700.0
1700.0
1705.0
1710.0
1725.0
1730.0
1715.0
1885.0
1845.0
1865.0
1870.0
1850.0
1860.0
1865.0
1830.0
1830.0
1825.0
1855.0
1845.0
1840.0
1840.0
1835.0
1845.0
1860.0
1865.0
1950.0
1940.0
1960.0
2000.0
2030.0
2090.0
2065.0
2095.0
2070.0
2065.0
2060.0
2050.0
2050.0
2045.0
2030.0
2040.0
2050.0
2065.0
2060.0
2030.0
2065.0
2095.0
2085.0
2130.0
1950.0
1900.0
1910.0
1840.0
1830.0
1770.0
1820.0
1815.0
1760.0
1740.0
1735.0
1725.0
1735.0
1755.0
1785.0
1800.0
1765.0
1770.0
1755.0
1750.0
1730.0
1725.0
1720.0
1750.0
1750.0
1720.0
1725.0
1700.0
1710.0
1715.0
1700.0
1695.0
1680.0
1680.0
1690.0
1690.0
1675.0
1635.0
1645.0
1665.0
1645.0
1615.0
1615.0
1565.0
1520.0
1550.0
1605.0
1650.0
1670.0
1685.0
1665.0
1650.0
1665.0
1655.0
1660.0
1620.0
1620.0
1590.0
1610.0
1645.0
1635.0
1625.0
1600.0
1600.0
1615.0
1595.0
1610.0
1610.0
1605.0
1620.0
1620.0
1605.0
1600.0
1600.0
1595.0
1590.0
1590.0
1590.0
1590.0
1600.0
1605.0
1604.0
1618.0
1600.0
1614.0
1614.0
1600.0
1606.0
1592.0
1602.0
1592.0
1592.0
1596.0
1590.0
1590.0
1592.0
1580.0
1586.0
1584.0
1618.0
1612.0
1600.0
1600.0
1632.0
1638.0
1630.0
1652.0
1632.0
1616.0
1608.0
1612.0
1606.0
1610.0
1626.0
1624.0
1610.0
1618.0
1610.0
1604.0
1592.0
1600.0
1602.0
1618.0
1624.0
1626.0
1632.0
1632.0
1642.0
1660.0
1680.0
1736.0
1766.0
1750.0
1770.0
1774.0
1850.0
1832.0
1842.0
1834.0
1836.0
1842.0
1846.0
1820.0
1818.0
1820.0
1812.0
1808.0
1806.0
1784.0
1800.0
1810.0
1804.0
1804.0
1808.0
1810.0
1812.0
1820.0
1808.0
1800.0
1800.0
1794.0
1794.0
1800.0
1800.0
1802.0
1794.0
1780.0
1792.0
1780.0
1780.0
1782.0
1782.0
1760.0
1774.0
1758.0
1752.0
1762.0
1762.0
1774.0
1780.0
1788.0
1806.0
1798.0
1798.0
1812.0
1858.0
1850.0
1854.0
1878.0
1882.0
1876.0
1878.0
1892.0
1894.0
1892.0
1908.0
1908.0
1900.0
1902.0
1880.0
1880.0
1884.0
1898.0
1916.0
1914.0
1918.0
1920.0
1918.0
1932.0
1946.0
1912.0
1926.0
1944.0
1956.0
1960.0
1960.0
1974.0
1976.0
1972.0
1972.0
1974.0
1966.0
1960.0
1972.0
1956.0
1952.0
1952.0
1948.0
1934.0
1940.0
1938.0
1922.0
1920.0
1956.0
1986.0
2004.0
2016.0
2026.0
2042.0
2074.0
2066.0
2050.0
2042.0
2026.0
2030.0
2052.0
2044.0
2034.0
2042.0
2046.0
2036.0
2034.0
1766.0
1732.0
1734.0
1726.0
1708.0
1716.0
1774.0
1750.0
1762.0
1766.0
1768.0
1764.0
1760.0
1728.0
1744.0
1754.0
1740.0
1720.0
1734.0
1726.0
1724.0
1728.0
1730.0
1722.0
1714.0
1720.0
1716.0
1684.0
1702.0
1698.0
1714.0
1722.0
1722.0
1728.0
1716.0
1726.0
1740.0
1756.0
1780.0
1770.0
1780.0
1808.0
1818.0
1860.0
1838.0
1844.0
1844.0
1842.0
1830.0
1804.0
1804.0
1790.0
1756.0
1770.0
1772.0
1770.0
1770.0
1776.0
1774.0
1774.0
1760.0
1756.0
1760.0
1772.0
1768.0
1774.0
1780.0
1764.0
1778.0
1768.0
1770.0
1778.0
1784.0
1790.0
1804.0
1816.0
1828.0
1848.0
1828.0
1830.0
1846.0
1840.0
1844.0
1830.0
1836.0
1842.0
1840.0
1848.0
1850.0
1832.0
1832.0
1846.0
1848.0
1840.0
1852.0
1842.0
1850.0
1852.0
1856.0
1868.0
1874.0
1874.0
1880.0
1872.0
1876.0
1876.0
1882.0
1870.0
1838.0
1846.0
1848.0
1842.0
1856.0
1866.0
1868.0
1860.0
1874.0
1872.0
1878.0
1882.0
1890.0
1900.0
1930.0
1948.0
1954.0
1944.0
1964.0
1990.0
2014.0
2016.0
2030.0
2044.0
2046.0
2076.0
2092.0
2050.0
2052.0
2164.0
2088.0
2172.0
2258.0
2238.0
2242.0
2298.0
2294.0
2310.0
2380.0
2334.0
2420.0
2496.0
2546.0
2540.0
2556.0
2594.0
2584.0
2550.0
2570.0
2556.0
2452.0
2450.0
2304.0
2184.0
2286.0
2376.0
2400.0
2372.0
2342.0
2242.0
2300.0
2076.0
2134.0
2020.0
2016.0
1988.0
2032.0
2112.0
2098.0
2128.0
2130.0
2170.0
2182.0
2182.0
2206.0
2180.0
2198.0
2216.0
2236.0
2266.0
2256.0
2314.0
2300.0
2272.0
2282.0
2200.0
2192.0
2198.0
2182.0
2100.0
2158.0
2184.0
2276.0
2328.0
2398.0
2390.0
2366.0
2342.0
2382.0
2454.0
2458.0
2480.0
2508.0
2502.0
2462.0
2056.0
2058.0
2182.0
2204.0
2174.0
2166.0
2154.0
2138.0
2082.0
2072.0
2078.0
2062.0
2092.0
2072.0
2060.0
2050.0
2030.0
2020.0
2008.0
2040.0
2012.0
2038.0
2022.0
2028.0
2030.0
2028.0
2018.0
2006.0
2006.0
2000.0
1988.0
2000.0
2022.0
2008.0
2010.0
2000.0
1994.0
1986.0
1982.0
1980.0
1996.0
1996.0
2000.0
1992.0
1998.0
1990.0
1990.0
1982.0
1980.0
1976.0
1976.0
1980.0
1996.0
1996.0
1996.0
1996.0
2040.0
2030.0
2030.0
2034.0
2034.0
2066.0
2062.0
2050.0
2044.0
2048.0
2038.0
2004.0
2026.0
2044.0
2026.0
2034.0
2022.0
2008.0
2008.0
2000.0
1970.0
1978.0
1982.0
1984.0
1984.0
1978.0
1990.0
1990.0
1994.0
1990.0
1992.0
1986.0
1966.0
1966.0
1968.0
1948.0
1946.0
1934.0
1922.0
1930.0
1912.0
1932.0
1914.0
1922.0
1914.0
1916.0
1894.0
1906.0
1896.0
1894.0
1864.0
1848.0
1826.0
1810.0
1812.0
1824.0
1832.0
1832.0
1818.0
1796.0
1790.0
1796.0
1778.0
1798.0
1796.0
1798.0
1838.0
1904.0
1882.0
1872.0
1888.0
1900.0
1894.0
1900.0
1902.0
1900.0
1924.0
1912.0
1922.0
1926.0
1924.0
1902.0
1910.0
1898.0
1896.0
1876.0
1870.0
1870.0
1878.0
1874.0
1870.0
1862.0
1872.0
1880.0
1874.0
1870.0
1842.0
1856.0
1856.0
1850.0
1866.0
1866.0
1872.0
1876.0
1894.0
1918.0
1910.0
1992.0
2032.0
2026.0
2030.0
2024.0
2006.0
2020.0
2010.0
2004.0
1980.0
1964.0
1996.0
1982.0
1980.0
1964.0
1958.0
1960.0
1962.0
1960.0
1964.0
1960.0
1972.0
1978.0
1968.0
1970.0
1950.0
1958.0
1968.0
1946.0
1934.0
1942.0
1948.0
1944.0
1940.0
1938.0
1932.0
1932.0
1938.0
1944.0
1946.0
1936.0
1940.0
1950.0
1958.0
1956.0
1954.0
1946.0
1944.0
1934.0
1942.0
1940.0
1928.0
1922.0
1922.0
1926.0
1924.0
1940.0
1952.0
1954.0
1958.0
1944.0
1922.0
1942.0
1952.0
1944.0
1940.0
1940.0
1940.0
1944.0
1948.0
1938.0
1940.0
1934.0
1932.0
1938.0
1944.0
1950.0
1936.0
1940.0
1936.0
1936.0
1936.0
1938.0
1938.0
1942.0
1944.0
1946.0
1970.0
1954.0
1786.0
1728.0
1700.0
1678.0
1662.0
1680.0
1666.0
1698.0
1666.0
1650.0
1644.0
1624.0
1628.0
1622.0
1606.0
1582.0
1588.0
1550.0
1528.0
1500.0
1500.0
1496.0
1478.0
1430.0
1402.0
1518.0
1480.0
1470.0
1482.0
1466.0
1472.0
1466.0
1462.0
1468.0
1444.0
1454.0
1454.0
1442.0
1442.0
1430.0
1424.0
1440.0
1430.0
1412.0
1406.0
1382.0
1380.0
1374.0
1378.0
1378.0
1376.0
1386.0
1380.0
1388.0
1386.0
1384.0
1376.0
1382.0
1386.0
1380.0
1378.0
1374.0
1376.0
1370.0
1380.0
1378.0
1376.0
1400.0
1376.0
1380.0
1402.0
1414.0
1408.0
1444.0
1424.0
1414.0
1410.0
1418.0
1426.0
1414.0
1418.0
1408.0
1418.0
1402.0
1398.0
1404.0
1400.0
1400.0
1396.0
1396.0
1376.0
1382.0
1376.0
1370.0
1390.0
1386.0
1364.0
1362.0
1390.0
1366.0
1370.0
1372.0
1376.0
1374.0
1378.0
1380.0
1380.0
1378.0
1384.0
1396.0
1404.0
1406.0
1416.0
1396.0
1406.0
1402.0
1402.0
1388.0
1376.0
1376.0
1384.0
1378.0
1364.0
1368.0
1368.0
1366.0
1588.0
1440.0
1432.0
1404.0
1376.0
1412.0
1364.0
1364.0
1342.0
1356.0
1348.0
1366.0
1340.0
1332.0
1330.0
1336.0
1350.0
1320.0
1314.0
1326.0
1310.0
1308.0
1308.0
1252.0
1224.0
1218.0
1230.0
1214.0
1214.0
1220.0
1212.0
1192.0
1190.0
1184.0
1164.0
1178.0
1178.0
1194.0
1208.0
1196.0
1200.0
1184.0
1204.0
1208.0
1190.0
1164.0
1162.0
1110.0
1130.0
1134.0
1114.0
1026.0
1032.0
1078.0
1122.0
1120.0
1124.0
1122.0
1106.0
1092.0
1092.0
1078.0
1088.0
1098.0
1098.0
1080.0
1060.0
1066.0
1090.0
1058.0
1050.0
954.0
992.0
614.0
832.0
716.0
720.0
790.0
854.0
898.0
898.0
876.0
856.0
852.0
860.0
904.0
870.0
860.0
832.0
864.0
854.0
842.0
824.0
830.0
818.0
802.0
828.0
814.0
842.0
842.0
836.0
864.0
830.0
834.0
822.0
836.0
808.0
806.0
806.0
786.0
748.0
720.0
698.0
696.0
694.0
700.0
700.0
690.0
684.0
682.0
660.0
654.0
680.0
674.0
666.0
660.0
670.0
674.0
678.0
690.0
724.0
702.0
684.0
686.0
682.0
690.0
690.0
690.0
676.0
