close
231.0
215.0
215.1
215.2
206.0
215.0
215.0
224.9
220.0
221.8
223.04
223.0
223.0
227.0
220.0
219.0
220.0
221.0
221.0
220.0
223.0
223.0
220.0
220.0
220.1
223.5
222.0
222.0
221.0
221.25
221.5
240.0
230.0
220.0
220.25
230.0
230.0
238.0
233.0
233.51
241.0
249.75
250.0
256.0
269.0
315.0
311.0
310.0
314.0
320.0
321.0
321.0
321.0
340.1
356.0
368.0
365.0
360.0
350.1
359.9
360.0
330.01
340.0
330.0
330.0
330.0
350.0
350.0
340.0
350.0
353.99
353.99
370.0
375.0
384.0
380.0
360.0
389.99
370.0
351.5
380.0
350.0
351.0
360.0
340.0
315.0
311.0
311.19
330.0
310.0
321.0
325.0
322.0
335.0
335.0
330.0
330.0
347.5
356.5
360.0
365.0
367.0
370.0
400.0
385.0
390.0
385.0
387.0
390.0
399.95
396.0
390.0
394.9
393.01
390.0
390.0
386.0
390.0
390.0
394.0
385.0
400.0
398.0
393.0
400.01
402.0
404.0
399.2
406.0
400.1
403.51
397.3
410.0
434.0
435.0
429.0
432.5
422.0
422.0
434.0
430.0
420.0
430.0
429.0
425.0
420.0
418.0
429.9
433.89
434.85
436.0
430.0
424.0
430.0
470.0
444.0
455.0
436.0
430.0
439.0
444.98
439.0
440.0
426.3
410.2
415.12
434.0
439.99
439.9
437.0
425.0
417.1
435.0
432.0
438.0
442.0
427.0
420.01
410.0
433.0
426.0
426.0
415.0
416.0
425.0
430.0
430.0
422.0
429.99
423.0
420.0
415.0
406.0
415.0
418.0
401.01
400.01
402.0
408.0
405.0
415.0
410.5
382.0
376.0
374.0
359.0
358.01
358.0
350.0
353.5
350.0
351.0
354.0
350.0
353.0
351.0
352.0
359.0
348.0
345.0
360.0
355.0
350.0
335.0
353.0
353.0
343.0
343.0
343.0
344.0
347.0
354.0
335.0
340.0
350.0
344.0
347.5
342.0
345.0
345.0
350.0
345.0
345.0
348.0
347.9
348.4
349.0
347.0
352.0
356.9
356.0
354.0
355.0
354.0
350.03
359.0
352.5
348.03
355.0
355.0
358.0
354.98
355.0
360.0
365.0
353.0
359.88
361.98
360.0
370.0
369.0
369.0
365.57
375.0
396.0
389.96
385.0
397.0
394.99
383.0
404.97
370.0
382.94
383.1
380.0
385.0
385.0
378.0
380.0
380.1
380.0
382.0
383.0
383.9
383.4
384.0
372.0
372.5
373.0
372.0
371.1
373.0
370.0
370.0
373.84
363.0
357.0
349.99
340.0
354.91
337.9
337.6
335.05
335.0
340.0
334.98
328.0
328.0
350.0
356.4
344.0
341.0
340.0
350.0
350.0
340.0
339.0
345.0
343.98
344.0
335.0
489.99
495.0
490.0
498.35
520.0
514.99
530.0
529.9
628.0
503.0
530.0
509.98
510.0
509.99
499.99
468.0
457.11
450.02
498.99
497.95
464.5
430.0
450.0
455.08
489.98
460.0
440.0
449.99
479.94
465.0
465.0
455.0
460.0
442.0
457.03
437.0
430.0
435.0
440.0
430.0
425.0
436.0
431.0
427.0
438.0
437.0
449.0
460.0
459.0
440.0
435.0
420.0
430.0
420.0
420.0
416.0
420.0
424.0
420.0
424.0
420.0
423.0
423.0
396.0
406.0
467.0
464.0
470.0
473.0
420.0
440.0
420.0
455.0
469.0
450.0
496.0
548.0
499.0
536.0
500.0
536.0
520.0
469.0
500.0
464.0
519.0
490.0
500.0
500.0
498.0
497.0
466.0
458.0
465.0
440.0
478.0
484.0
480.0
479.0
451.0
478.0
459.0
431.0
460.0
520.0
515.0
528.0
515.0
512.0
515.0
519.0
524.0
518.0
517.0
530.0
529.0
503.0
515.0
502.0
500.0
500.0
505.0
509.0
505.0
496.0
530.0
490.0
499.0
500.0
495.0
515.0
490.0
490.0
474.0
482.0
466.0
510.0
478.0
474.0
507.0
470.0
497.0
485.0
495.0
494.0
499.0
509.0
515.0
476.0
499.0
518.0
514.0
500.0
501.0
508.0
500.0
510.0
499.0
506.0
500.0
500.0
511.0
493.0
500.0
475.0
480.0
480.0
474.0
472.0
489.0
456.0
475.0
499.0
484.0
477.0
484.0
488.0
500.0
488.0
512.0
509.0
505.0
500.0
494.0
527.0
523.0
522.0
522.0
534.0
545.0
540.0
532.0
544.0
559.0
564.0
538.0
550.0
568.0
560.0
567.0
545.0
578.0
808.0
1000.0
963.0
959.0
955.0
910.0
939.0
920.0
927.0
927.0
910.0
955.0
935.0
942.0
954.0
950.0
942.0
977.0
966.0
960.0
950.0
946.0
948.0
948.0
954.0
960.0
962.0
978.0
975.0
1030.0
995.0
1000.0
1006.0
1004.0
1021.0
1023.0
1019.0
1035.0
1018.0
1028.0
1042.0
1040.0
1050.0
928.0
910.0
900.0
900.0
890.0
883.0
893.0
878.0
878.0
878.0
850.0
810.0
803.0
801.0
800.0
794.0
775.0
774.0
771.0
771.0
770.0
800.0
773.0
773.0
771.0
808.0
780.0
780.0
768.0
758.0
750.0
748.0
762.0
742.0
730.0
735.0
737.0
743.0
752.0
749.0
753.0
759.0
779.0
786.0
748.0
746.0
785.0
757.0
720.0
726.0
721.0
720.0
707.0
710.0
710.0
726.0
726.0
739.0
730.0
713.0
730.0
728.0
727.0
730.0
748.0
748.0
745.0
748.0
715.0
725.0
711.0
728.0
730.0
720.0
720.0
758.0
743.0
738.0
730.0
748.0
761.0
763.0
782.0
752.0
773.0
784.0
781.0
779.0
782.0
787.0
790.0
803.0
817.0
825.0
825.0
811.0
829.0
839.0
839.0
814.0
818.0
815.0
833.0
835.0
801.0
805.0
806.0
836.0
810.0
818.0
829.0
809.0
813.0
838.0
811.0
822.0
822.0
872.0
860.0
883.0
884.0
887.0
896.0
830.0
840.0
879.0
868.0
848.0
863.0
842.0
842.0
857.0
848.0
868.0
840.0
895.0
890.0
875.0
875.0
903.0
859.0
858.0
865.0
874.0
843.0
853.0
888.0
870.0
841.0
879.0
870.0
855.0
848.0
850.0
850.0
870.0
875.0
854.0
830.0
835.0
832.0
833.0
844.0
822.0
855.0
876.0
870.0
851.0
851.0
880.0
851.0
850.0
831.0
875.0
860.0
810.0
825.0
865.0
863.0
854.0
830.0
829.0
853.0
833.0
869.0
851.0
870.0
890.0
892.0
1247.0
1323.0
1353.0
1355.0
1326.0
1310.0
1295.0
1282.0
1305.0
1300.0
1307.0
1312.0
1326.0
1377.0
1370.0
1326.0
1367.0
1326.0
1333.0
1350.0
1298.0
1301.0
1338.0
1339.0
1315.0
1320.0
1357.0
1398.0
1423.0
1375.0
1440.0
1428.0
1400.0
1419.0
1419.0
1423.0
1441.0
1421.0
1466.0
1536.0
1414.0
1280.0
1287.0
1143.0
1150.0
1053.0
1114.0
1090.0
1035.0
1070.0
1118.0
1119.0
1087.0
1052.0
1130.0
1135.0
1145.0
1145.0
1155.0
1150.0
1185.0
1165.0
1120.0
1125.0
1125.0
1125.0
1140.0
1095.0
1085.0
1095.0
1120.0
1140.0
1120.0
1120.0
1120.0
1105.0
1140.0
1160.0
1190.0
1190.0
1165.0
1200.0
1170.0
1185.0
1200.0
1200.0
1195.0
1190.0
1160.0
1175.0
1170.0
1160.0
1185.0
1220.0
1230.0
1270.0
1275.0
1280.0
1285.0
1250.0
1245.0
1245.0
1300.0
1330.0
1345.0
1370.0
1395.0
1420.0
1415.0
1405.0
1395.0
1360.0
1410.0
1385.0
1385.0
1395.0
1390.0
1340.0
1440.0
1450.0
1480.0
1535.0
1530.0
1495.0
1510.0
1520.0
1495.0
1525.0
1500.0
1480.0
1480.0
1480.0
1505.0
1500.0
1500.0
1490.0
1480.0
1450.0
1420.0
1435.0
1375.0
1355.0
1340.0
1350.0
1380.0
1365.0
1360.0
1340.0
1340.0
1360.0
1365.0
1360.0
1370.0
1365.0
1360.0
1400.0
1480.0
1490.0
1500.0
1485.0
1490.0
1450.0
1465.0
1500.0
1495.0
1500.0
1510.0
1530.0
1525.0
1535.0
1525.0
1490.0
1480.0
1475.0
1480.0
1510.0
1500.0
1500.0
1470.0
1495.0
1525.0
1505.0
1530.0
1550.0
1535.0
1555.0
1560.0
1545.0
1565.0
1525.0
1500.0
1550.0
1575.0
1575.0
1600.0
1620.0
1665.0
1690.0
1670.0
1670.0
1720.0
1795.0
1850.0
1855.0
1800.0
1885.0
1875.0
1870.0
1790.0
1800.0
1730.0
1750.0
1775.0
1775.0
1800.0
1755.0
1745.0
1655.0
1655.0
1670.0
1700.0
1665.0
1700.0
1720.0
1755.0
1755.0
1740.0
1730.0
1725.0
1725.0
1755.0
1730.0
1795.0
1730.0
1735.0
1955.0
1950.0
1940.0
1895.0
1870.0
1890.0
1880.0
1880.0
1880.0
1900.0
1875.0
1900.0
1910.0
1925.0
1850.0
1890.0
1905.0
1945.0
1990.0
2100.0
2100.0
2050.0
2040.0
2100.0
2120.0
2105.0
2100.0
2095.0
2095.0
2030.0
2070.0
2050.0
2065.0
2035.0
2075.0
2070.0
2020.0
2050.0
2085.0
2125.0
2090.0
2230.0
1995.0
2005.0
2050.0
1995.0
1860.0
1850.0
1860.0
1860.0
1840.0
1850.0
1805.0
1775.0
1820.0
1805.0
1810.0
1765.0
1775.0
1805.0
1805.0
1760.0
1750.0
1720.0
1730.0
1725.0
1770.0
1765.0
1770.0
1735.0
1720.0
1705.0
1715.0
1800.0
1845.0
1875.0
1765.0
1720.0
1720.0
1775.0
1715.0
1710.0
1680.0
1625.0
1675.0
1700.0
1705.0
1745.0
1740.0
1750.0
1740.0
1710.0
1660.0
1640.0
1605.0
1650.0
1650.0
1650.0
1675.0
1655.0
1625.0
1625.0
1610.0
1610.0
1615.0
1650.0
1655.0
1625.0
1630.0
1625.0
1605.0
1630.0
1625.0
1650.0
1660.0
1630.0
1630.0
1640.0
1640.0
1660.0
1625.0
1620.0
1635.0
1640.0
1630.0
1630.0
1620.0
1615.0
1615.0
1610.0
1620.0
1585.0
1615.0
1640.0
1700.0
1685.0
1685.0
1680.0
1665.0
1655.0
1660.0
1680.0
1640.0
1640.0
1600.0
1640.0
1625.0
1625.0
1650.0
1625.0
1610.0
1615.0
1660.0
1630.0
1660.0
1700.0
1680.0
1710.0
1720.0
1730.0
1725.0
1735.0
1735.0
1755.0
1770.0
1770.0
1760.0
1830.0
1850.0
1885.0
1845.0
1825.0
1830.0
1835.0
1780.0
1825.0
1830.0
1845.0
1835.0
1815.0
1800.0
1800.0
1800.0
1800.0
1805.0
1830.0
1800.0
1815.0
1795.0
1795.0
1800.0
1800.0
1805.0
1800.0
1800.0
1810.0
1805.0
1795.0
1810.0
1795.0
1795.0
1790.0
1800.0
1795.0
1775.0
1770.0
1775.0
1755.0
1785.0
1770.0
1780.0
1780.0
1790.0
1800.0
1795.0
1820.0
1800.0
1845.0
1830.0
1850.0
1885.0
1885.0
1885.0
1900.0
1930.0
1915.0
1895.0
1900.0
1895.0
1910.0
1900.0
1890.0
1880.0
1880.0
1895.0
1900.0
1900.0
1915.0
1920.0
1920.0
1940.0
1935.0
1935.0
1905.0
1925.0
1960.0
1975.0
1960.0
1970.0
1985.0
1970.0
1995.0
1990.0
1990.0
1990.0
1980.0
1985.0
1985.0
1980.0
2000.0
2005.0
1995.0
2005.0
2000.0
2010.0
2000.0
2000.0
2060.0
2060.0
2060.0
2080.0
2140.0
2110.0
2100.0
2110.0
2110.0
2130.0
2135.0
2110.0
2100.0
2120.0
2125.0
2085.0
2135.0
2045.0
1965.0
1900.0
1855.0
1820.0
1765.0
1815.0
1900.0
1880.0
1875.0
1840.0
1835.0
1845.0
1840.0
1845.0
1855.0
1830.0
1850.0
1820.0
1810.0
1910.0
1885.0
1875.0
1905.0
1870.0
1870.0
1900.0
1925.0
1930.0
1995.0
1920.0
1965.0
1930.0
1940.0
1935.0
1935.0
1905.0
1950.0
1995.0
1990.0
2040.0
2025.0
2025.0
1995.0
2035.0
2025.0
1995.0
2020.0
1980.0
1985.0
1995.0
2000.0
1995.0
1955.0
1975.0
1980.0
1970.0
1980.0
1960.0
1910.0
1990.0
1975.0
1975.0
1955.0
1955.0
1930.0
1980.0
1950.0
1930.0
1970.0
1935.0
1930.0
1915.0
1905.0
1900.0
1890.0
1910.0
1915.0
1915.0
1920.0
1925.0
1950.0
1970.0
1990.0
1985.0
1985.0
1940.0
1925.0
1910.0
1935.0
1935.0
1955.0
1950.0
1950.0
1940.0
1945.0
1940.0
1900.0
1905.0
1910.0
1935.0
1920.0
1915.0
1920.0
1915.0
1945.0
1950.0
1940.0
1925.0
1870.0
1890.0
1920.0
1915.0
1900.0
1920.0
1895.0
1905.0
1925.0
1910.0
1915.0
1940.0
1970.0
1985.0
1985.0
1970.0
2000.0
2000.0
2025.0
2000.0
2040.0
2080.0
2180.0
2140.0
2115.0
2085.0
2185.0
2115.0
2185.0
2265.0
2290.0
2250.0
2395.0
2435.0
2510.0
2495.0
2465.0
2500.0
2615.0
2720.0
2820.0
2950.0
3130.0
3100.0
3335.0
3210.0
3250.0
3115.0
3090.0
2765.0
2515.0
2740.0
3100.0
3045.0
3075.0
2985.0
2745.0
2745.0
2270.0
2505.0
2315.0
2530.0
2310.0
2400.0
2395.0
2440.0
2485.0
2490.0
2540.0
2440.0
2500.0
2460.0
2460.0
2465.0
2430.0
2485.0
2520.0
2520.0
2695.0
2690.0
2680.0
2670.0
2620.0
2625.0
2625.0
2690.0
2620.0
2640.0
2615.0
2560.0
2575.0
2570.0
2595.0
2620.0
2595.0
2575.0
2745.0
2830.0
2810.0
2765.0
2730.0
2780.0
2570.0
2520.0
2625.0
2720.0
2670.0
2655.0
2645.0
2625.0
2615.0
2610.0
2570.0
2560.0
2580.0
2570.0
2510.0
2525.0
2495.0
2465.0
2465.0
2395.0
2380.0
2485.0
2450.0
2450.0
2495.0
2460.0
2435.0
2390.0
2360.0
2355.0
2360.0
2320.0
2340.0
2360.0
2365.0
2395.0
2400.0
2360.0
2360.0
2330.0
2295.0
2295.0
2305.0
2260.0
2285.0
2285.0
2300.0
2280.0
2260.0
2280.0
2275.0
2275.0
2365.0
2330.0
2345.0
2350.0
2355.0
2325.0
2335.0
2365.0
2335.0
2340.0
2330.0
2365.0
2360.0
2335.0
2300.0
2295.0
2300.0
2290.0
2285.0
2270.0
2275.0
2255.0
2260.0
2265.0
2235.0
2230.0
2245.0
2220.0
2250.0
2270.0
2275.0
2280.0
2285.0
2280.0
2235.0
2245.0
2180.0
2250.0
2230.0
2210.0
2195.0
2205.0
2200.0
2215.0
2170.0
2170.0
2180.0
2170.0
2165.0
2155.0
2180.0
2170.0
2165.0
2180.0
2160.0
2160.0
2155.0
2160.0
2100.0
2120.0
2130.0
2120.0
2095.0
2055.0
2025.0
2035.0
2040.0
2050.0
2040.0
2065.0
2100.0
2210.0
2215.0
2175.0
2170.0
2215.0
2220.0
2265.0
2225.0
2240.0
2230.0
2210.0
2275.0
2265.0
2290.0
2250.0
2300.0
2295.0
2275.0
2270.0
2295.0
2275.0
2275.0
2260.0
2260.0
2210.0
2205.0
2120.0
2130.0
2145.0
2120.0
2165.0
2140.0
2180.0
2190.0
2180.0
2190.0
2240.0
2255.0
2250.0
2260.0
2300.0
2335.0
2320.0
2290.0
2315.0
2330.0
2320.0
2330.0
2375.0
2340.0
2320.0
2295.0
2260.0
2200.0
2305.0
2290.0
2295.0
2295.0
2295.0
2265.0
2250.0
2265.0
2265.0
2270.0
2300.0
2275.0
2295.0
2270.0
2280.0
2295.0
2300.0
2300.0
2325.0
2380.0
2365.0
2250.0
2305.0
2325.0
2315.0
2295.0
2295.0
2325.0
2345.0
2280.0
2345.0
2355.0
2340.0
2335.0
2310.0
2295.0
2290.0
2295.0
2295.0
2275.0
2315.0
2315.0
2320.0
2315.0
2330.0
2340.0
2325.0
2365.0
2300.0
2280.0
2265.0
2240.0
2265.0
2250.0
2260.0
2280.0
2260.0
2250.0
2270.0
2260.0
2270.0
2270.0
2275.0
2255.0
2260.0
2265.0
2295.0
2305.0
2290.0
2345.0
2335.0
2320.0
2330.0
2360.0
2305.0
2220.0
2150.0
2180.0
2180.0
2175.0
2150.0
2150.0
2210.0
2150.0
2150.0
2185.0
2165.0
2165.0
2175.0
2175.0
2185.0
2190.0
2170.0
2175.0
2200.0
2195.0
2195.0
2190.0
2180.0
2170.0
2170.0
2180.0
2200.0
2185.0
2165.0
2170.0
2165.0
2165.0
2170.0
2180.0
2175.0
2170.0
2170.0
2170.0
2165.0
2155.0
2160.0
2145.0
2155.0
2140.0
2120.0
2090.0
2115.0
2120.0
2150.0
2125.0
2125.0
2120.0
2035.0
2090.0
2125.0
2080.0
2120.0
2110.0
2070.0
2060.0
2055.0
2050.0
2040.0
2020.0
2020.0
2005.0
2065.0
2010.0
2000.0
2030.0
2110.0
2100.0
2115.0
2120.0
2075.0
2080.0
2090.0
2100.0
2060.0
2065.0
2055.0
2060.0
2035.0
2060.0
2050.0
2065.0
2040.0
2035.0
2045.0
2030.0
2020.0
2070.0
2050.0
2195.0
2085.0
2065.0
2055.0
2300.0
2115.0
2090.0
2105.0
2095.0
2095.0
2090.0
2100.0
2085.0
2080.0
2065.0
2040.0
2080.0
2070.0
2105.0
2100.0
2100.0
2100.0
2055.0
2050.0
2030.0
2035.0
2055.0
2085.0
2080.0
2080.0
2075.0
2065.0
2885.0
2340.0
2310.0
2265.0
2235.0
2315.0
2245.0
2225.0
2130.0
2140.0
2155.0
2135.0
2115.0
2080.0
2065.0
2080.0
2145.0
2100.0
2060.0
2205.0
2125.0
2100.0
2085.0
2050.0
2090.0
2070.0
2080.0
2055.0
2055.0
2060.0
2065.0
1990.0
2005.0
2020.0
1995.0
2025.0
2035.0
2055.0
2065.0
2035.0
2025.0
2090.0
2095.0
2095.0
2040.0
2015.0
2010.0
1990.0
2020.0
2040.0
2020.0
1990.0
1990.0
2065.0
2065.0
2085.0
2100.0
2090.0
2060.0
2020.0
2050.0
2075.0
2060.0
2100.0
2080.0
2035.0
2040.0
2065.0
2055.0
2035.0
1970.0
1985.0
1850.0
1460.0
1680.0
1535.0
1615.0
1665.0
1700.0
1850.0
1845.0
1795.0
1900.0
1905.0
1855.0
1855.0
1825.0
1805.0
1800.0
1785.0
1770.0
1700.0
1690.0
1705.0
1705.0
1565.0
1585.0
1595.0
1625.0
1640.0
1730.0
1770.0
1760.0
1775.0
1750.0
1725.0
1715.0
1695.0
1675.0
1660.0
1660.0
1660.0
1630.0
1660.0
1625.0
1650.0
1645.0
1625.0
1625.0
1625.0
1615.0
1605.0
1605.0
1590.0
1580.0
1550.0
1565.0
1560.0
1565.0
1550.0
1560.0
1535.0
1535.0
1510.0
1495.0
1500.0
1520.0
1450.0
1420.0
