close
2.5
2.5
1.9999
2.5
2.49
2.05
2.4
2.5
2.6
2.4
2.5
2.5
2.55
2.6
2.4
2.5
2.5
2.5
2.5
3.03
3.03
3.11
3.1
3.2
3.3
3.5
3.5
3.6
3.5
3.5
3.5
3.5
3.5
3.51
3.5
3.8
3.8
3.69
3.61
3.9
4.25
4.2
4.78
4.5
5.0
4.9
5.0
5.0
5.0
5.0
5.0
5.0
5.0
5.0
5.0
5.0
5.0
5.0
5.0
4.9
5.0
4.95
5.0
4.6
4.5
4.35
4.45
4.49
4.34
4.36
4.33
4.36
4.23
4.34
4.35
4.35
4.3
4.18
4.34
4.54
4.5
4.48
4.36
4.09
4.41
4.5
4.5
4.33
4.17
4.15
4.15
4.24
4.16
4.48
4.58
4.02
4.58
4.5
4.47
4.58
4.47
4.68
4.55
4.69
4.44
4.7
4.69
4.7
4.7
4.26
3.88
3.71
4.0
4.69
3.88
4.19
3.18
3.2
3.86
3.09
3.46
3.5
3.41
3.97
4.22
4.4
4.31
5.0
5.51
5.31
6.4
5.05
5.34
4.59
4.6
4.48
4.45
3.98
4.38
4.08
4.2
4.28
4.45
4.03
3.92
4.15
4.15
4.0
4.08
4.01
4.14
5.79
6.12
6.1
6.2
7.47
7.0
7.75
7.55
7.12
7.6
7.7
8.0
7.87
8.28
8.3
8.42
9.6
9.14
9.45
9.25
8.85
9.62
9.1
9.0
9.05
9.56
9.11
9.1
9.17
9.44
9.16
9.61
9.9
9.45
9.27
8.91
7.01
5.99
5.7
5.45
5.29
5.28
5.21
5.21
4.9
5.3
5.2
4.9
4.68
4.71
4.95
5.0
5.08
5.08
5.1
7.13
9.38
10.5
8.9
9.65
8.4
9.5
8.04
8.1
8.0
7.8
7.71
7.7
7.75
7.71
7.62
8.24
7.59
8.48
8.9
8.49
8.59
8.25
8.99
8.0
8.4
6.7
9.11
7.22
9.88
9.35
9.5
9.5
9.5
9.5
9.5
9.25
9.47
9.65
8.35
9.5
9.31
8.1
7.79
7.4
7.27
7.23
7.59
7.6
7.7
7.79
7.8
7.8
8.6
9.0
8.5
8.4
9.0
8.1
8.4
8.6
8.8
9.0
8.8
8.8
9.0
5.5
9.0
9.4
9.4
8.8
8.9
8.7
9.3
9.2
10.0
10.0
10.0
9.9
8.8
11.0
9.0
8.2
8.1
8.0
7.8
8.0
8.0
8.4
7.8
8.0
8.2
8.2
8.2
8.4
8.4
8.2
8.6
8.4
8.0
8.0
8.2
8.6
8.4
8.2
8.2
8.0
8.2
8.2
7.6
7.4
7.4
7.4
7.4
7.2
7.8
7.2
7.2
7.6
7.4
7.2
7.6
7.6
7.2
7.0
7.2
7.2
7.2
7.2
7.2
7.4
7.4
7.2
7.2
7.2
7.6
7.2
7.0
7.0
6.6
6.6
6.6
6.6
6.4
6.4
6.4
6.4
6.4
6.4
6.4
6.4
7.8
7.0
7.0
7.0
7.0
7.4
7.4
7.4
7.2
8.8
9.6
9.6
9.2
10.0
9.2
9.0
8.8
8.8
8.8
9.2
9.4
9.0
8.8
8.6
8.8
8.8
8.8
8.6
8.6
8.6
8.6
8.6
8.6
8.6
8.6
8.6
8.4
8.6
8.4
8.4
8.6
8.4
8.8
8.6
8.4
8.4
8.6
8.2
8.6
8.6
8.6
8.6
8.4
8.2
8.4
8.4
8.4
8.6
8.8
8.6
8.4
8.6
8.6
8.4
8.4
8.8
8.6
8.6
8.4
8.6
8.6
8.6
8.4
8.8
8.8
8.8
9.0
9.4
10.0
10.0
10.0
9.8
9.6
9.6
9.4
9.2
9.4
9.4
9.4
9.4
9.4
9.8
9.8
9.8
9.6
9.6
11.0
12.0
11.6
11.0
11.2
11.2
11.0
11.0
11.0
10.8
11.4
11.0
10.6
10.6
10.2
10.4
10.4
11.0
10.8
10.4
9.8
10.0
9.8
10.0
9.0
8.8
8.6
9.2
9.6
9.6
9.8
9.6
9.8
9.8
9.6
9.8
10.0
10.0
10.0
10.4
10.6
10.6
10.8
10.6
11.0
10.8
10.6
10.4
10.6
10.0
9.6
9.4
9.4
9.6
9.6
9.4
9.6
9.6
9.4
9.4
9.8
9.6
10.0
9.8
9.8
9.6
9.8
9.8
10.0
10.0
10.0
9.8
9.8
9.8
9.8
10.0
10.2
10.0
10.0
10.4
10.4
10.2
10.2
10.2
10.2
10.2
10.2
10.0
10.2
10.2
10.0
10.0
10.2
12.0
11.6
11.6
11.0
12.0
12.2
12.2
12.0
12.4
12.4
12.2
12.2
12.2
12.4
12.2
12.4
12.2
12.6
12.6
12.6
12.8
12.8
12.8
13.6
13.4
13.2
13.4
13.2
13.2
13.6
13.9
12.6
12.8
12.6
12.4
12.3
12.2
12.0
12.1
12.3
12.3
12.1
11.9
11.8
11.9
11.9
11.8
12.1
12.1
12.0
12.0
12.4
12.4
12.5
12.4
12.5
12.5
12.5
12.5
12.5
12.2
12.4
12.3
12.1
12.5
12.1
12.1
12.1
12.1
12.0
12.1
12.0
12.0
11.8
12.0
11.8
11.9
11.9
11.8
11.7
11.7
11.8
11.8
11.8
11.8
11.8
11.9
11.9
11.7
11.7
11.5
11.2
11.3
11.3
11.3
11.4
11.3
11.1
11.4
11.4
11.6
11.4
11.8
11.9
11.9
11.8
11.8
11.8
11.8
11.8
11.8
11.8
11.8
11.8
11.8
11.8
11.7
11.7
11.7
11.6
11.7
11.7
11.7
11.8
11.7
11.7
11.7
11.8
11.7
11.8
11.8
11.8
11.8
11.8
11.6
11.7
11.7
11.7
11.7
11.7
11.8
11.8
11.8
11.7
11.8
11.7
11.6
11.3
11.1
11.3
11.2
11.3
11.3
11.3
11.2
11.0
11.3
11.2
11.2
11.2
11.2
11.1
11.2
11.2
11.2
11.3
11.1
11.6
11.7
11.7
11.6
11.7
11.7
11.8
11.9
11.8
11.8
11.8
11.7
11.7
11.6
11.7
11.7
11.8
11.6
11.5
11.4
11.4
11.4
11.4
11.5
11.4
11.4
11.6
11.6
11.8
11.8
11.8
12.3
12.4
11.6
11.5
12.0
12.0
12.1
12.2
12.2
12.0
12.3
12.4
12.2
12.4
12.5
12.0
12.0
11.9
11.9
11.8
11.8
11.9
11.8
11.8
12.0
12.0
12.0
12.1
12.6
12.4
11.5
11.5
11.6
11.7
11.7
11.6
11.6
11.6
11.5
11.5
11.2
11.1
11.0
11.0
11.0
11.2
11.7
11.7
11.3
11.2
11.2
11.1
11.3
11.3
11.3
11.2
11.1
11.1
11.0
11.0
10.9
11.0
11.0
10.8
10.8
10.7
10.9
11.2
11.1
11.0
10.9
10.9
10.6
10.7
10.9
10.9
10.9
10.9
10.9
10.9
10.7
10.7
10.7
10.6
10.6
10.6
10.6
10.6
10.5
10.5
10.4
10.2
10.2
10.4
10.2
10.7
10.6
10.7
10.7
10.6
10.6
10.7
10.9
10.9
11.0
10.9
10.9
10.8
10.7
10.8
10.8
10.7
10.7
10.7
10.7
10.8
10.8
10.9
11.0
11.1
11.1
10.7
10.7
10.7
10.5
10.6
10.6
10.7
10.6
11.1
11.3
11.1
11.7
12.0
11.8
11.2
11.4
11.7
11.6
11.5
11.7
11.2
11.6
11.6
11.5
11.8
11.8
11.8
11.8
11.8
11.7
11.6
11.6
11.4
11.6
11.4
11.6
11.6
11.6
11.6
11.4
11.2
11.2
11.4
11.5
11.7
11.1
11.0
11.1
11.0
10.9
11.0
11.1
11.1
11.1
11.0
10.9
10.9
11.0
11.0
11.0
11.0
10.9
10.8
10.8
10.7
10.6
10.4
10.5
10.5
10.5
10.5
10.5
10.6
10.7
10.7
10.6
10.4
10.1
9.9
9.9
10.0
9.7
9.4
9.5
9.7
9.8
9.9
9.9
9.9
9.9
10.0
10.2
10.2
10.2
10.2
10.2
10.2
10.2
10.3
10.3
10.0
10.0
9.8
7.4
9.5
9.6
9.2
9.3
9.8
9.7
10.1
9.9
10.7
10.5
10.5
10.2
9.9
9.9
10.1
10.3
10.3
10.4
10.4
10.7
10.4
10.4
10.4
10.2
10.3
10.3
10.2
10.1
10.1
10.1
10.0
10.0
9.9
10.0
11.3
12.8
13.4
16.2
15.0
14.7
14.7
14.7
15.0
15.0
15.0
14.8
15.0
14.9
14.8
14.8
14.9
14.8
14.8
15.0
15.0
15.5
16.0
16.0
16.2
16.1
16.6
16.4
16.5
16.5
16.0
