close
2.35
2.2
2.5
1.81
1.79
1.97
1.89
1.74
2.39
2.0
2.0
1.84
2.19
1.8
1.71
2.0
1.8
1.8
1.61
1.7
1.7
2.38
2.46
2.39
2.05
2.08
2.1
2.3
2.33
1.9
1.86
2.0
1.8
2.21
2.1
2.2
2.1
2.39
2.2
2.1
2.0
2.0
2.02
1.95
1.95
2.45
2.0
1.98
2.01
2.21
2.25
2.25
2.22
2.3
2.46
2.35
2.17
2.64
2.84
2.86
3.3
3.01
2.8
3.04
2.91
3.06
3.04
3.01
3.01
3.23
3.3
3.47
3.22
3.33
3.34
3.33
3.27
3.2
3.2
2.84
2.97
2.85
2.83
2.8
2.83
2.75
3.0
3.05
2.86
2.9
2.84
3.07
3.01
2.95
3.02
3.06
3.0
3.04
3.09
3.13
3.04
3.09
3.36
3.15
3.06
3.0
3.1
3.01
3.08
3.02
3.08
3.04
3.01
2.95
2.88
2.9
3.19
3.05
3.05
3.03
3.07
3.1
3.34
3.58
3.17
3.29
4.6
4.7
4.83
4.38
4.28
4.44
4.03
3.82
4.19
4.05
3.88
3.8
4.18
4.22
4.22
4.05
3.94
3.87
3.89
3.65
3.78
3.45
3.44
3.44
3.93
3.5
3.4
3.74
3.48
3.42
3.18
4.08
3.34
3.26
3.09
3.11
3.11
3.16
3.11
3.17
3.29
3.24
3.3
3.24
3.29
3.24
3.29
3.26
3.51
3.58
3.69
3.79
3.7
3.63
3.58
3.74
4.08
4.01
3.9
4.29
3.88
3.88
3.94
3.84
3.8
3.82
3.71
3.78
5.34
4.54
4.54
4.54
4.25
4.2
4.27
4.08
5.2
4.61
5.06
5.0
5.0
4.95
4.7
4.84
4.78
5.03
5.04
5.04
5.04
5.45
5.16
4.99
4.91
4.82
4.73
4.65
4.63
4.95
5.04
4.97
5.08
5.0
5.0
4.85
4.94
4.85
4.5
4.59
6.41
8.96
12.53
10.96
11.25
10.8
9.68
10.0
9.83
9.0
9.0
8.78
8.17
8.01
7.65
7.85
7.54
7.35
7.22
6.58
6.5
6.52
6.5
6.55
6.23
6.35
6.38
6.5
7.15
7.5
6.64
6.77
6.76
6.41
6.43
6.2
6.89
7.77
6.5
6.61
7.01
7.77
7.5
6.45
7.17
7.9
7.31
6.37
9.0
7.8
8.23
8.65
8.99
8.98
9.45
7.9
7.45
7.08
7.04
6.51
6.4
5.0
4.68
4.4
4.33
4.99
4.95
5.09
5.06
4.37
4.34
4.12
4.14
4.16
4.15
4.2
4.17
4.2
4.23
4.21
4.22
4.25
4.25
4.33
4.31
