close
0.625
0.634
0.6198
0.6111
0.609
0.6196
0.617
0.595
0.597
0.59
0.5949
0.59
0.569
0.567
0.568
0.5504
0.5704
0.5771
0.5729
0.5797
0.5816
0.5751
0.5709
0.5746
0.5599
0.5611
0.5436
0.535
0.529
0.5376
0.5327
0.5309
0.5202
0.521
0.5278
0.516
0.5187
0.5353
0.5358
0.5349
0.6037
0.6019
0.62
0.62
0.6198
0.595
0.5885
0.5852
0.6
0.606
0.6115
0.612
0.6146
0.62
0.6217
0.6349
0.6328
0.627
0.623
0.619
0.622
0.62
0.6225
0.62
0.616
0.6081
0.5976
0.611
0.605
0.6025
0.6094
0.6122
0.616
0.62
0.613
0.63
0.6492
0.645
0.6266
0.6433
0.647
0.6155
0.6217
0.6272
0.6174
0.612
0.6098
0.5938
0.5852
0.5944
0.605
0.6
0.6075
0.6031
0.605
0.6015
0.599
0.581
0.5959
0.5956
0.5975
0.5963
0.58
0.5391
0.5301
0.5302
0.559
0.5498
0.54
0.52
0.5053
0.5021
0.4887
0.4531
0.47
0.462
0.4146
0.3665
0.3555
0.35
0.3611
0.366
0.3666
0.3765
0.3898
0.3946
0.3762
0.3752
0.41
0.4111
0.4351
0.4329
0.427
0.432
0.4149
0.4062
0.4029
0.405
0.4073
0.4123
0.425
0.423
0.4503
0.45
0.4381
0.438
0.4455
0.4409
0.4349
0.4427
0.4272
0.444
0.431
0.44
0.436
0.4298
0.4316
0.4222
0.4016
0.4027
0.405
0.404
0.4034
0.4
0.3864
0.3828
0.3699
0.366
0.3624
0.3678
0.3651
0.3599
0.3601
0.359
0.3617
0.3583
0.3598
0.36
0.3549
0.374
0.3912
0.3949
0.3989
0.3999
0.3995
0.3968
0.3905
0.3811
0.386
0.3754
0.3748
0.3722
0.3749
0.387
0.387
0.3869
0.384
0.3823
0.3748
0.3627
0.355
0.3543
0.3539
0.3548
0.3469
0.344
0.3485
0.3475
0.348
0.349
0.347
0.3425
0.3387
0.3359
0.33
0.3296
0.325
0.324
0.3201
0.316
0.314
0.31
0.3058
0.3
0.3
0.2875
0.2789
0.2697
0.2735
0.2689
0.2701
0.272
0.2706
0.2694
0.26
0.259
0.258
0.2551
0.245
0.236
0.23
0.2235
0.2279
0.2345
0.2437
0.24
0.241
0.2439
0.2459
0.2465
0.2439
0.2435
0.2395
0.2402
0.2329
0.231
0.2374
0.2339
0.2367
0.2397
0.2404
0.2402
0.235
0.231
0.2245
0.2021
0.206
0.2104
0.2079
0.205
0.2056
0.203
0.2061
0.2065
0.2098
0.21
0.2129
0.2116
0.2105
0.2064
0.2122
0.2141
0.2268
0.2267
0.2207
0.2204
0.2154
0.22
0.2206
0.2179
0.2127
0.2159
0.21
0.2205
0.22
0.2206
0.22
0.2197
0.2186
0.2185
0.22
0.2219
0.2219
0.2237
0.22
0.2212
0.2168
0.215
0.2134
0.21
0.2099
0.2142
0.2116
0.211
0.21
0.213
0.21
0.21
0.208
0.213
0.2141
0.215
0.221
0.225
0.2273
0.2265
0.2277
0.2318
0.2299
0.2282
0.2296
0.23
0.2327
0.2389
0.2414
0.2419
0.2378
0.24
0.218
0.2261
0.23
0.2255
0.225
0.2211
0.2164
0.2048
0.2019
0.2088
0.2187
0.213
0.2074
0.2019
0.2073
0.2067
0.204
0.2027
0.202
0.2009
0.1986
0.194
0.1923
0.193
0.1927
0.1932
0.1927
0.1939
0.1947
0.191
0.1895
0.1901
0.1945
0.1944
0.1956
0.195
0.1936
0.1887
0.186
0.188
0.1903
0.1902
0.1907
0.1935
0.193
0.1947
0.1945
0.1985
0.1991
0.197
0.1995
0.2001
0.206
0.2099
0.21
0.2287
0.2228
0.22
0.221
0.2219
0.222
0.2211
0.2203
0.2188
0.2187
0.217
0.217
0.2158
0.2127
0.218
0.2171
0.2148
0.2158
0.2161
0.2151
0.214
0.2194
0.215
0.2228
0.223
0.223
0.2274
0.233
0.236
0.2379
0.241
0.2442
0.2439
0.2396
0.24
0.2491
0.26
0.2639
0.2519
0.25
0.25
0.2526
0.2568
0.255
0.253
0.2558
0.26
0.26
0.272
0.2777
0.2849
0.2888
0.2875
0.2849
0.283
0.281
0.2758
0.282
0.2755
0.2739
0.2678
0.271
0.2722
0.285
0.2848
0.3075
0.3001
0.302
0.288
0.2921
0.3035
0.3186
0.3402
0.358
0.3499
0.3263
0.3201
0.32
0.3309
0.35
0.3477
0.3418
0.3298
0.3283
0.3272
0.3283
0.322
0.3263
0.3277
0.316
0.3058
0.3172
0.296
0.292
0.2915
0.2865
0.2835
0.2855
0.284
0.268
0.2665
0.263
0.261
0.25
0.249
0.259
0.261
0.2625
0.255
0.255
0.258
0.2655
0.27
0.277
0.273
0.2775
0.274
0.2715
0.2705
0.27
0.268
0.2675
0.2625
0.2625
0.263
0.26
0.2505
0.2555
0.2585
0.2575
0.2515
0.254
0.2515
0.2565
0.2545
0.2615
0.26
0.2615
0.2625
0.271
0.271
0.275
0.276
0.28
0.264
0.2595
0.238
0.247
0.256
0.2465
0.234
0.227
0.24
0.2565
0.277
0.2525
0.253
0.2525
0.2545
0.256
0.2535
0.248
0.243
0.2425
0.241
0.241
0.243
0.244
0.247
0.2455
0.239
0.2395
0.239
0.237
0.236
0.233
0.2335
0.2315
0.2355
0.235
0.236
0.2405
0.24
0.2425
0.2535
0.254
0.255
0.2545
0.2505
0.2525
0.2515
0.26
0.2785
0.28
0.2855
0.294
0.2975
0.298
0.2965
0.2825
0.29
0.326
0.3095
0.293
0.2945
0.2945
0.288
0.2765
0.268
0.2565
0.25
0.243
0.231
0.245
0.2425
0.2465
0.249
0.2515
0.253
0.2525
0.249
0.2415
0.239
0.2455
0.245
0.25
0.261
0.274
0.2675
0.262
0.262
0.2545
0.2565
0.255
0.2515
0.2515
0.263
0.2675
0.265
0.261
0.26
0.265
0.2635
0.2695
0.266
0.265
0.2655
0.2615
0.263
0.268
0.2635
0.2615
0.2665
0.262
0.267
0.266
0.2715
0.27
0.2675
0.27
0.2675
0.2675
0.2685
0.265
0.2675
0.267
0.261
0.264
0.2645
0.259
0.2565
0.257
0.2585
0.2585
0.259
0.26
0.2615
0.26
0.26
0.243
0.2395
0.235
0.237
0.2395
0.2405
0.239
0.2375
0.24
0.2405
0.2355
0.2385
0.2375
0.2345
0.2335
0.2265
0.222
0.223
0.225
0.2205
0.2205
0.2185
0.218
0.2175
0.221
0.225
0.227
0.2265
0.2245
0.2255
0.224
0.2195
0.2185
0.218
0.2175
0.2075
0.2145
0.2155
0.2245
0.225
0.2195
0.218
0.219
0.2205
0.22
0.22
0.2205
0.216
0.2145
0.2125
0.2115
0.214
0.215
0.21
0.207
0.2065
0.205
0.203
0.2025
0.204
0.2035
0.1995
0.1995
0.1975
0.1955
0.1945
0.1955
0.194
0.1925
0.192
0.195
0.1975
0.19
0.189
0.1915
0.189
0.196
0.2
0.2
0.2
0.198
0.1985
0.201
0.204
0.2
0.1997
0.2008
0.2002
0.2
0.1999
0.1996
0.198
0.1969
0.1947
0.1931
0.193
0.198
0.203
0.2026
0.2016
0.1957
0.1949
0.1953
0.1947
0.195
0.195
0.1938
0.1947
0.1939
0.1912
0.1872
0.1872
0.1873
0.1871
0.1867
0.1888
0.1955
0.1989
0.1948
0.1986
0.1958
0.1961
0.1954
0.1949
0.1939
0.1946
0.1951
0.195
0.199
0.1988
0.1944
0.1945
0.1929
0.1926
0.1888
0.1895
0.191
0.1868
0.1885
0.1925
0.1915
0.1912
0.1927
0.1932
0.1951
0.1931
0.1944
0.1965
0.2
0.2035
0.2025
0.2018
0.2038
0.201
0.203
0.2016
0.1971
0.1954
0.197
0.1955
0.1976
0.1999
0.1989
0.2015
0.2058
0.2143
0.2097
0.2164
0.2147
0.2209
0.2247
0.2202
0.22
0.2229
0.2215
0.2315
0.2399
0.2399
0.2475
0.245
0.24
0.2459
0.242
0.243
0.24
0.2419
0.249
0.245
0.248
0.2585
0.266
0.2771
0.2805
0.2808
0.29
0.283
0.2805
0.2717
0.261
0.2664
0.2604
0.2569
0.259
0.2578
0.2546
0.2493
0.2609
0.2809
0.2799
0.2905
0.29
0.2825
0.2705
0.276
0.274
0.2755
0.279
0.2755
0.271
0.269
0.271
0.268
0.271
0.276
0.274
0.274
0.2695
0.268
0.2685
0.268
0.2615
0.2585
0.262
0.2595
0.252
0.2475
0.246
0.2455
0.243
0.247
0.249
0.2465
0.247
0.243
0.237
0.2385
0.234
0.236
0.235
0.2355
0.235
0.2365
0.246
0.245
0.246
0.2425
0.246
0.246
0.244
0.2405
0.241
0.244
0.2425
0.245
0.255
0.28
0.28
0.2745
0.28
0.2845
0.285
0.277
0.2775
0.2755
0.2815
0.288
0.3025
0.3115
0.313
0.31
0.3105
0.3105
0.3005
0.289
0.3065
0.302
0.319
0.3165
0.3275
0.319
0.318
0.325
0.33
0.325
0.32
0.323
0.32
0.328
0.3245
0.3245
0.318
0.31
0.3055
0.308
0.3055
0.3065
0.309
0.31
0.31
0.3065
0.304
0.3025
0.2985
0.305
0.3045
0.3045
0.3045
0.307
0.307
0.304
0.3045
0.3105
0.3075
0.306
0.302
0.3035
0.2895
0.291
0.2965
0.2945
0.2935
0.299
0.3055
0.3035
0.306
0.3115
0.3295
0.328
0.3245
0.328
0.3275
0.327
0.332
0.327
0.33
0.329
0.3275
0.333
0.3275
0.3285
0.34
0.3385
0.34
0.338
0.3425
0.3585
0.3625
0.3575
0.359
0.371
0.3835
0.4235
0.4445
0.434
0.4175
0.4335
0.446
0.4755
0.4565
0.432
0.448
0.44
0.4265
0.4225
0.424
0.423
0.427
0.441
0.447
0.4485
0.4385
0.4255
0.4255
0.43
0.4395
0.429
0.4665
0.4525
0.4585
0.4515
0.4635
0.455
0.4455
0.437
0.4475
0.45
0.4465
0.4485
0.449
0.4395
0.4365
0.439
0.444
0.441
0.4465
0.442
0.457
0.452
0.4465
0.438
0.4325
0.4195
0.454
0.4475
0.439
0.4285
0.419
0.42
0.41
0.4285
0.419
0.4145
0.407
0.3895
0.352
0.363
0.3625
0.361
0.3665
0.384
0.397
0.4
0.3845
0.394
0.3965
0.4005
0.3885
0.3915
0.3845
0.393
0.3935
0.39
0.39
0.3955
0.393
0.392
0.3775
0.381
0.373
0.368
0.3725
0.3745
0.37
0.3595
0.353
0.357
0.3875
0.3965
0.3925
0.4005
0.411
0.444
0.44
0.429
0.429
0.43
0.421
0.424
0.409
0.44
0.4385
0.4355
0.444
0.4375
0.44
0.433
0.4525
0.4605
0.484
0.4895
0.4775
0.466
0.487
0.4955
0.4935
0.487
0.481
0.4825
0.48
0.463
0.464
0.475
0.4795
0.4265
0.418
0.421
0.435
0.4455
0.4425
0.446
0.4385
0.434
0.432
0.433
0.4315
0.4315
0.433
0.4445
0.443
0.4285
0.4295
0.435
0.434
0.45
0.454
0.447
0.4425
0.467
0.4805
0.5105
0.4895
0.478
0.4735
0.471
0.4685
0.4675
0.46
0.46
0.461
0.47
0.478
0.475
0.4895
0.5085
0.4945
0.5
0.4975
0.489
0.4965
0.492
0.526
0.5445
0.538
0.5345
0.532
0.533
0.5335
0.5295
0.52
0.5105
0.5195
0.5165
0.503
0.497
0.5005
0.5135
0.524
0.522
0.5035
0.4955
0.501
0.5045
0.508
0.5005
0.4955
0.498
0.501
0.512
0.5085
0.506
0.51
0.506
0.504
0.5065
0.515
0.5065
0.5115
0.516
0.485
0.477
0.471
0.471
0.471
0.4815
0.4685
0.472
0.482
0.4635
0.458
0.443
0.4295
0.423
0.424
0.4255
0.428
0.43
0.4325
0.4255
0.4105
0.402
0.403
0.405
0.403
0.4035
0.4015
0.402
0.401
0.401
0.4005
0.397
0.398
0.3905
0.393
0.402
0.3965
0.3985
0.402
0.3975
0.391
0.39
0.383
0.373
0.368
0.36
0.3615
0.3755
0.3695
0.3485
0.3615
0.3575
0.356
0.3595
0.3615
0.3675
0.3705
0.3705
0.376
0.3745
0.3755
0.373
0.374
0.373
0.383
0.3945
0.386
0.3875
0.385
0.379
0.371
0.3735
0.373
0.373
0.377
0.3775
0.3585
0.3645
0.3605
0.3565
0.3635
0.375
0.3735
0.379
0.3785
0.377
0.373
0.376
0.3715
0.375
0.3745
0.3715
0.369
0.3645
0.3625
0.3635
0.3615
0.363
0.3625
0.363
0.361
0.3595
0.357
0.3545
0.3545
0.36
0.3715
0.374
0.3765
0.372
0.3665
0.366
0.365
0.366
0.3655
0.3625
0.3675
0.3645
0.344
0.3515
0.3535
0.355
0.3525
0.355
0.354
0.358
0.358
0.36
0.3645
0.363
0.347
0.355
0.3575
0.3595
0.359
0.358
0.3595
0.361
0.362
0.3625
0.358
0.363
0.3645
0.369
0.366
0.3655
0.3665
0.3625
0.3635
0.36
0.359
0.3585
0.3505
0.343
0.345
0.3485
0.3485
0.353
0.351
0.354
0.355
0.351
0.353
0.3445
0.3505
0.3455
0.346
0.342
0.338
0.3375
0.3395
0.3305
0.3325
0.327
0.3295
0.3325
0.331
0.3305
0.327
0.328
0.329
0.329
0.3335
0.331
0.334
0.3305
0.3375
0.342
0.35
0.347
0.336
0.336
0.34
0.337
0.34
0.3375
0.3435
0.3425
0.34
0.333
0.329
0.325
0.3215
0.323
0.3205
0.322
0.3175
0.317
0.316
0.3095
0.308
0.3065
0.307
0.309
0.31
0.302
0.295
0.2985
0.298
0.2975
0.296
0.297
0.3005
0.2995
0.2975
0.299
0.298
0.2945
0.293
0.3
0.299
0.3005
0.303
0.306
0.308
0.2995
0.295
0.299
0.299
0.294
0.293
0.2945
0.294
0.302
0.312
0.3085
0.313
0.306
0.302
0.3015
0.303
0.2995
0.299
0.3025
0.3025
0.3
0.2995
0.298
0.296
0.302
0.298
0.2845
0.2845
0.283
0.284
0.2838
0.2876
0.2878
0.2882
0.2882
0.287
0.2878
0.2896
0.2876
0.2886
0.288
0.2864
0.2848
0.286
0.2892
0.2864
0.2864
0.2856
0.2848
0.2924
0.2888
0.2916
0.2912
0.291
0.2902
0.2892
0.2878
0.2882
0.287
0.2868
0.2854
0.2872
0.2862
0.2858
0.2796
0.2782
0.2776
0.275
0.2758
0.279
0.283
0.2856
0.288
0.2876
0.29
0.291
0.2912
0.295
0.297
0.2966
0.3004
0.3
0.3
0.298
0.2978
0.3
0.2992
0.304
0.3012
0.2994
0.2992
0.299
0.3028
0.3104
0.321
0.3128
0.308
0.3066
0.3078
0.3138
0.3094
0.305
0.3088
0.309
0.31
0.3086
0.3074
0.293
0.2892
0.2898
0.2898
0.2892
0.29
0.2914
0.2904
0.2898
0.2898
0.2914
0.294
0.3042
0.3006
0.2988
0.2924
0.2892
0.291
0.2902
0.2882
0.2918
0.2928
0.2934
0.295
0.3004
0.305
0.32
0.317
0.3196
0.32
0.324
0.3204
0.319
0.3218
0.3208
0.3198
0.3174
0.319
0.319
0.319
0.318
0.3136
0.3168
0.3078
0.3056
0.3024
0.308
0.3122
0.3096
0.309
0.3092
0.31
0.3072
0.3012
0.3012
0.3
0.2998
0.3022
0.3018
0.3034
0.3028
0.3026
0.3024
0.3004
0.301
0.2996
0.2994
0.2964
0.2956
0.2982
0.2998
0.3006
0.291
0.289
0.2868
0.2868
0.289
0.2932
0.295
0.3074
0.3022
0.2952
0.2922
0.29
0.2928
0.2942
0.2968
0.2958
0.2902
0.2882
0.289
0.288
0.2878
0.2884
0.2888
0.2868
0.286
0.2852
0.2812
0.2814
0.2804
0.2798
0.2788
0.2788
0.2808
0.28
0.2774
0.2782
0.2758
0.277
0.2782
0.2748
0.273
0.272
0.2702
0.2694
0.2698
0.2664
0.2606
0.2582
0.255
0.2556
0.2556
0.2554
0.26
0.2696
0.267
0.2644
0.2632
0.2628
0.2644
0.2628
0.2688
0.2668
0.269
0.2736
0.2724
0.2702
0.2696
0.2706
0.276
0.285
0.2818
0.2784
0.2786
0.2764
0.2762
0.276
0.2752
0.2724
0.272
0.275
0.27
0.2696
0.2668
0.2656
0.266
0.2672
0.2674
0.267
0.2676
0.2676
0.2666
0.2664
0.2682
0.2676
0.2672
0.2684
0.267
0.2656
0.2656
0.2662
0.265
0.2664
0.263
0.261
0.2618
0.2612
0.264
0.266
0.2632
0.273
0.2696
0.265
0.2616
0.2616
0.261
0.2626
0.2628
0.262
0.277
0.2752
0.2818
0.2836
0.281
0.28
0.2812
0.2764
0.2772
0.279
0.281
0.2868
0.29
0.2902
0.294
0.2968
0.2966
0.3
0.302
0.3
0.3
0.3018
0.301
0.3014
0.3092
0.314
0.317
0.3266
0.322
0.3228
0.3294
0.311
0.305
0.304
0.3008
0.3012
0.3028
0.3054
0.3014
0.2936
0.2906
0.2986
0.2908
0.2902
0.2952
0.294
0.2896
0.2908
0.2896
0.2884
0.289
0.2898
0.2878
0.2876
0.2914
0.2976
0.2986
0.3126
0.307
0.3014
0.3046
0.301
0.2944
0.2868
0.2728
0.2638
0.271
0.2782
0.2724
0.269
0.2662
0.2458
0.24
0.223
0.219
0.2184
0.2148
0.2014
0.21
0.2174
0.2158
0.2312
0.235
0.2344
0.2266
0.2308
0.2382
0.2376
0.2398
0.2446
0.2524
0.2492
0.2532
0.2534
0.2534
0.2472
0.2496
0.24
0.2408
0.2438
0.239
0.237
0.2384
0.243
0.2406
0.243
0.248
0.248
0.2468
0.243
0.2468
0.2458
0.244
0.2438
0.2408
0.2396
0.2368
0.2392
0.2418
0.2404
0.2404
0.2394
0.24
0.2414
0.2542
0.2634
0.2604
0.2564
0.261
0.2666
0.2626
0.2606
0.2654
0.2658
0.2654
0.2692
0.263
0.263
0.273
0.2702
0.2726
0.278
0.2766
0.2814
0.2768
0.2736
0.279
0.2786
0.2836
0.2836
0.2852
0.284
0.283
0.282
0.2802
0.283
0.28
0.2812
0.2834
0.285
0.289
0.289
0.2882
0.2872
0.2906
0.2928
0.2926
0.2952
0.294
0.2962
0.3002
0.3052
0.3034
0.3002
0.298
0.2984
0.2994
0.2978
0.3
0.2992
0.2994
0.3004
0.3
0.29
0.2894
0.2986
0.2942
0.2968
0.2976
0.2944
0.288
0.2886
0.2898
0.2904
0.2866
0.2874
0.2872
0.2892
0.29
0.2928
0.297
0.2984
0.3022
0.3038
0.3042
0.2956
0.296
0.299
0.2972
0.2926
0.2968
0.2954
0.2958
0.2964
0.2954
0.2954
0.299
0.296
0.2998
0.3008
0.3008
0.2996
0.2996
0.2968
0.2938
0.2942
0.2962
0.2958
0.3012
0.305
0.3036
0.3
0.2948
0.298
0.2984
0.2996
0.2996
0.3066
0.3114
0.3178
0.3178
0.317
0.3146
0.3174
0.319
0.3214
0.3222
0.32
0.34
0.3474
0.3462
0.3508
0.36
0.3664
0.3678
0.38
0.37
0.3716
0.3658
0.37
0.3672
0.3616
0.356
0.3536
0.3626
0.3674
0.3734
0.3682
0.369
0.3684
0.3694
0.3754
0.38
0.38
0.3914
0.3952
0.402
0.4054
0.4034
0.4002
0.3972
0.389
0.3932
0.386
0.386
0.3826
0.3824
0.39
0.39
0.3752
0.3692
0.3722
0.3702
0.3698
0.372
0.365
0.3678
0.3612
0.3624
0.3692
0.3698
0.3802
0.38
0.3784
0.3796
0.3712
0.3796
0.379
0.373
0.39
0.3882
0.396
0.388
0.3862
0.4018
0.4052
0.409
0.4072
0.42
0.4182
0.4062
0.405
0.3826
0.3804
0.3762
0.3854
0.389
0.381
0.3858
0.3798
0.3782
0.3784
0.3854
0.3832
0.385
0.384
0.3864
0.387
0.39
0.3916
0.3924
0.3936
0.3916
0.3902
0.387
0.3854
0.3888
0.3906
0.3914
0.3906
0.3912
0.3906
0.3902
0.3916
0.392
0.3954
0.4046
0.4004
0.3982
0.405
0.4124
0.4122
0.4136
0.42
0.4358
0.428
0.4292
0.425
0.4312
0.4318
0.4302
0.4154
0.422
0.4216
0.42
0.4206
0.4194
0.421
0.42
0.4238
0.4244
0.422
0.4212
0.425
0.4298
0.43
0.4368
0.395
0.3966
0.3924
0.3926
0.3902
0.387
0.3858
0.3852
0.386
0.387
0.3844
0.3816
0.383
0.3802
0.3814
0.3844
0.3816
0.3784
0.376
0.3728
0.3708
0.3752
0.3778
0.3766
0.3786
0.3756
0.376
0.3672
0.3688
0.371
0.3776
0.3808
0.382
0.3866
0.392
0.394
0.3956
0.3954
0.3936
0.3908
0.3904
0.3902
0.3924
0.3926
0.3946
0.3902
0.3912
0.3904
0.3904
0.39
0.3818
0.383
0.3892
0.3864
0.3952
0.3932
0.3934
0.396
0.3978
0.3954
0.3972
0.4006
0.4094
0.4122
0.4132
0.411
0.4098
0.4082
0.41
0.4116
0.41
0.4088
0.406
0.4074
0.4076
0.4082
0.406
0.4088
0.4074
0.4034
0.4042
0.403
0.4058
0.404
0.4042
0.4132
0.416
0.4132
0.4112
0.425
0.44
0.4374
0.4376
0.44
0.449
0.4322
0.4326
0.441
0.4468
0.4368
0.425
0.419
0.42
0.42
0.4182
0.415
0.4162
0.416
0.411
0.407
0.407
0.4152
0.415
0.421
0.427
0.415
0.3972
0.4192
0.4148
0.4164
0.4002
0.4042
0.4014
0.408
0.407
0.4102
0.4026
0.4122
0.4094
0.4082
0.4074
0.3952
0.3958
0.401
0.4148
0.411
0.415
0.413
0.4136
0.4138
0.4136
0.4156
0.41
0.406
0.415
0.4208
0.4232
0.4186
0.4214
0.42
0.4214
0.4208
0.417
0.4018
0.4014
0.3832
0.3976
0.4006
0.391
0.3772
0.3772
0.3808
0.3866
0.39
0.4008
0.3998
0.3998
0.3924
0.3952
0.3948
0.3976
0.3944
0.399
0.3926
0.391
0.373
0.372
0.3694
0.3502
0.3012
0.291
0.1986
0.2302
0.2112
0.2086
0.2252
0.242
0.2548
0.2656
0.2632
0.2628
0.257
0.252
0.241
0.235
0.2368
0.2308
0.2304
0.231
0.231
0.2284
0.229
0.232
0.231
0.2358
0.245
0.244
0.2416
0.2598
0.2814
0.282
0.2978
0.2894
0.2902
0.2972
0.303
0.3022
0.3094
0.307
0.2834
0.278
0.281
0.2798
0.2824
0.2918
0.2856
0.285
0.2838
0.2828
0.281
0.2804
0.2806
0.275
0.2746
0.2776
0.2858
0.2872
0.2962
0.31
0.3006
0.3024
0.3012
0.2998
0.2716
0.2666
0.26
0.251
