close
18.06
18.16
18.02
17.82
17.44
17.33
17.81
17.42
17.17
17.42
17.27
17.23
17.27
17.31
17.35
17.14
16.73
16.87
17.41
17.35
17.3
16.52
16.39
16.41
16.33
16.24
15.97
15.99
15.64
15.09
14.89
14.88
14.8
14.75
14.83
14.51
14.7
14.6
15.19
15.25
15.15
14.7
15.0
15.13
15.13
17.17
16.94
17.11
16.82
16.66
16.35
16.03
16.11
16.1
15.98
16.16
16.03
16.25
16.35
16.5
17.15
17.24
17.25
17.26
18.3
17.8
18.29
17.91
17.45
17.94
17.4
17.35
16.98
16.62
16.5
16.61
16.2
15.5
15.0
14.79
14.8
14.85
15.65
16.5
15.65
15.2
15.05
15.0
15.75
15.5
15.1
15.1
15.65
15.95
15.9
15.7
15.45
15.5
15.6
15.4
15.2
15.05
15.05
15.05
14.95
15.05
14.8
15.15
14.9
14.75
14.45
14.35
14.5
14.55
14.4
14.35
14.4
14.7
14.55
14.6
14.85
14.55
14.25
14.4
15.95
14.75
13.65
13.6
13.1
13.65
13.15
12.95
12.55
10.8
11.45
12.0
12.05
12.15
12.3
11.8
11.25
11.15
11.95
12.1
12.05
11.95
12.2
12.35
12.55
12.2
12.3
12.35
12.95
12.95
12.95
12.85
13.1
13.25
12.55
13.0
12.85
12.6
12.7
12.4
12.55
12.4
12.7
12.6
12.45
12.55
12.55
12.9
13.65
13.7
13.95
13.95
13.7
14.05
14.55
14.35
14.9
16.55
16.3
17.2
18.55
18.4
17.7
16.9
17.05
17.6
17.95
17.0
17.05
17.7
17.65
17.35
16.75
16.55
16.5
16.8
16.55
16.7
16.25
16.85
17.25
17.25
17.6
16.85
16.45
16.3
16.65
16.5
16.8
17.2
16.55
16.5
16.8
16.7
16.45
16.1
16.2
16.0
15.55
15.3
15.15
15.35
15.2
15.2
15.95
16.55
16.2
16.5
16.3
16.4
16.55
16.1
16.7
17.25
17.25
16.9
16.5
16.65
17.1
16.15
17.45
16.9
16.2
16.4
16.3
16.2
16.15
16.45
16.6
16.65
16.2
15.95
16.1
16.25
15.85
15.95
15.95
16.0
15.55
15.95
15.55
15.65
15.65
16.0
15.7
15.3
15.45
15.55
15.6
15.5
15.5
15.3
15.65
15.75
15.85
15.85
15.4
15.0
14.85
14.6
14.9
15.0
15.0
14.5
14.85
15.1
15.0
15.0
15.15
14.6
14.75
14.75
14.8
14.8
14.65
14.65
14.45
14.05
13.4
13.15
13.5
14.15
14.15
14.25
13.9
14.15
14.4
14.2
14.5
14.35
14.45
14.5
14.5
14.6
14.25
14.3
13.95
13.9
13.75
13.65
13.55
13.55
13.8
13.5
13.45
13.5
13.35
13.45
13.55
13.55
13.5
13.5
13.6
13.4
13.4
13.5
13.45
13.45
13.4
13.75
14.1
14.1
14.0
13.8
13.55
13.6
13.3
13.25
13.35
13.4
13.5
13.4
13.15
13.2
13.0
12.75
12.55
12.6
12.3
12.65
12.7
12.8
12.9
12.65
12.85
12.7
12.6
12.6
12.6
12.5
12.65
12.6
12.65
12.5
12.5
12.3
12.45
12.5
12.35
12.4
12.45
12.45
12.45
12.15
12.25
12.25
12.25
12.3
12.4
12.5
12.6
12.6
12.65
12.35
12.55
12.45
12.4
12.2
12.4
12.25
12.15
12.1
12.1
12.15
12.15
12.15
12.15
12.3
12.1
12.15
12.3
12.35
12.4
12.4
12.3
12.35
12.3
12.25
12.2
12.2
12.15
12.15
12.1
12.25
12.25
12.1
12.05
12.1
12.45
12.35
12.3
12.35
12.3
12.3
12.3
12.8
13.25
13.4
13.55
13.6
13.35
13.0
13.3
13.4
14.05
14.1
14.15
14.1
13.95
13.55
13.5
13.75
13.85
14.05
14.85
14.8
15.15
17.75
18.15
17.9
18.0
16.8
19.0
17.85
17.3
17.6
18.0
17.3
16.1
15.8
15.85
15.6
15.2
15.25
15.9
15.65
15.9
15.75
15.8
15.75
15.0
15.2
14.85
14.95
14.85
14.9
14.95
14.9
14.8
14.7
14.65
14.75
14.85
14.7
14.25
14.2
14.3
14.25
13.8
14.0
14.1
13.75
14.0
14.2
14.3
14.5
14.35
14.2
14.05
14.05
14.0
13.8
13.85
13.9
13.8
14.35
14.05
14.2
13.95
14.0
14.4
14.15
14.15
14.6
14.4
14.35
15.1
15.7
17.0
16.9
16.5
16.25
16.9
17.1
16.7
16.8
16.6
16.85
17.2
18.0
17.7
18.0
17.25
17.8
17.4
17.25
17.05
17.3
17.25
17.5
16.95
17.5
17.2
16.8
17.15
17.2
17.15
16.75
16.9
16.9
17.3
17.65
17.5
17.0
17.1
17.0
17.2
17.2
17.35
17.3
17.2
17.3
17.15
17.7
17.6
17.6
17.6
17.65
17.35
17.1
16.95
16.95
17.15
17.0
17.0
16.7
16.65
16.55
16.2
16.4
15.55
15.6
15.5
15.1
15.6
15.6
15.7
15.85
15.4
15.4
15.65
15.45
15.35
15.5
15.45
15.4
15.5
16.65
16.45
16.25
16.5
16.4
16.05
16.15
16.4
16.4
16.35
16.6
17.4
17.4
18.7
18.5
18.4
18.05
18.65
19.5
19.75
20.0
19.7
22.75
22.3
22.6
22.0
22.4
22.5
21.05
20.35
20.7
21.1
20.85
22.0
22.05
22.3
22.55
22.75
22.0
21.8
22.0
21.75
21.75
21.4
21.5
21.4
21.95
22.25
22.2
21.95
23.8
24.1
24.0
24.0
23.95
23.55
23.6
23.55
23.7
23.7
23.6
23.55
23.7
23.8
23.75
23.85
23.45
22.8
22.85
22.5
22.1
20.35
20.0
19.5
19.8
19.55
20.05
19.25
19.7
18.5
17.8
18.0
18.75
18.7
18.7
19.3
19.0
19.35
18.9
18.85
19.0
18.85
18.4
18.35
18.2
18.7
18.85
18.45
18.5
19.2
18.85
18.4
18.2
17.75
17.05
16.7
16.95
17.3
16.9
17.05
16.9
17.0
17.15
17.0
17.6
17.65
17.6
17.0
17.6
17.45
17.2
16.95
16.6
16.6
16.6
16.4
16.6
16.45
16.35
15.45
15.65
15.6
15.7
15.5
15.2
15.65
15.8
15.5
15.5
15.85
15.0
15.3
15.0
14.9
14.9
15.1
15.2
15.05
15.25
15.0
15.35
15.55
15.7
16.1
17.15
17.0
18.0
17.4
16.9
16.5
16.75
16.85
16.5
16.65
16.75
16.2
16.0
15.85
16.0
16.55
17.1
17.4
17.2
17.7
18.7
19.1
18.8
18.75
18.5
18.75
19.05
19.05
19.0
18.2
18.3
18.2
17.85
17.75
17.9
19.05
19.65
19.35
18.5
19.05
19.4
18.75
19.5
18.85
18.7
18.9
19.1
19.15
18.8
18.65
18.35
18.7
18.55
18.6
18.5
19.05
19.4
19.35
19.5
19.0
19.3
19.8
20.7
20.95
22.45
22.55
22.15
22.35
21.35
21.35
21.0
21.0
21.15
21.45
21.3
21.5
21.8
21.7
21.2
21.35
20.25
19.6
18.9
19.1
18.7
18.6
18.7
19.2
18.95
19.1
18.8
18.4
17.95
18.75
18.6
18.5
18.7
18.6
18.4
18.35
18.35
18.5
18.4
18.3
17.95
17.9
17.65
17.7
17.05
16.65
17.05
17.5
17.65
17.5
17.4
17.25
17.2
17.15
17.1
18.95
18.5
18.65
18.5
18.55
17.75
18.2
17.6
18.35
19.05
18.7
18.35
18.35
19.2
18.65
18.95
18.95
19.15
19.75
19.85
19.95
19.8
19.9
19.55
19.65
19.35
19.1
18.5
18.25
18.25
18.05
18.45
18.2
17.9
17.85
17.8
17.8
17.05
17.3
17.35
17.3
17.05
17.3
17.4
17.75
18.2
18.3
18.2
18.25
18.3
18.35
17.7
17.85
17.6
18.0
18.15
17.9
17.8
17.85
17.7
17.6
17.7
17.45
17.55
17.55
17.55
17.55
17.5
17.45
17.4
17.55
17.5
17.2
17.35
17.2
17.2
17.15
17.0
17.1
16.5
17.0
17.1
16.95
16.7
16.6
16.9
17.15
17.05
17.0
17.15
17.45
16.9
16.9
16.95
17.05
17.2
16.9
16.8
16.9
17.0
16.9
16.75
16.7
16.6
16.1
16.3
16.4
16.45
16.4
16.45
16.45
16.6
16.4
16.55
16.4
16.45
16.5
16.6
16.7
16.7
16.8
16.75
16.3
16.35
16.3
16.5
16.4
16.15
16.45
16.2
16.0
16.4
16.45
16.5
16.25
16.35
16.35
16.3
16.1
16.05
16.15
16.15
15.95
15.85
15.8
15.85
15.8
15.9
15.85
16.0
15.95
15.9
16.05
15.9
16.1
16.6
16.6
16.45
16.35
16.45
16.15
16.0
16.0
16.3
16.0
15.95
15.85
15.65
15.35
15.4
15.45
15.45
15.5
15.3
15.6
14.75
15.0
14.95
15.1
15.0
14.9
14.95
15.05
15.05
15.05
14.95
14.8
14.75
14.6
14.7
14.95
14.95
14.85
14.9
15.15
15.3
15.15
15.0
14.75
14.55
13.45
14.35
14.2
14.6
14.85
14.6
14.6
14.5
14.5
14.2
14.2
14.2
14.15
14.5
14.25
14.35
14.4
14.4
14.15
14.4
14.4
14.15
14.5
14.3
14.25
14.48
14.3
14.28
14.32
14.28
14.26
14.3
14.04
14.2
14.16
14.18
14.06
13.96
13.9
14.0
14.18
14.02
14.22
14.24
14.28
14.76
14.52
14.3
14.2
14.24
14.14
14.14
14.14
14.16
14.0
14.18
14.1
14.4
14.24
14.12
14.1
14.22
13.88
13.8
13.74
14.12
14.0
14.28
14.1
14.14
13.98
14.08
14.14
14.2
14.22
14.36
14.4
14.28
14.22
14.14
14.4
14.32
14.32
14.3
14.2
14.22
14.16
14.34
14.4
14.42
14.34
14.36
14.46
14.44
14.6
14.4
14.4
14.32
14.4
14.4
14.34
14.04
14.02
14.14
13.98
13.92
14.32
14.34
14.38
14.16
14.18
14.2
15.58
15.92
15.82
15.1
15.12
14.84
14.66
14.58
14.3
14.64
14.52
15.0
15.12
14.76
15.12
15.06
15.4
15.62
15.86
15.6
15.5
15.68
15.68
15.52
15.4
15.22
15.5
16.04
19.04
20.2
20.1
21.32
22.0
23.48
24.96
24.78
26.76
27.4
26.88
23.84
24.98
25.0
25.46
22.98
23.62
23.84
24.88
24.9
24.16
24.94
26.2
25.88
25.6
24.2
25.76
25.76
26.4
25.3
25.0
25.9
25.84
29.4
28.7
28.58
28.92
32.3
30.32
30.6
33.76
40.8
45.9
42.5
39.64
44.46
42.9
44.0
41.34
41.36
41.08
40.7
38.5
37.48
38.28
38.0
36.68
36.22
34.32
33.88
34.26
33.2
31.7
32.98
31.7
31.82
31.4
31.5
31.26
30.92
30.92
29.76
29.68
30.16
29.6
31.4
33.88
34.2
34.16
34.34
34.0
32.5
31.7
31.7
31.2
31.08
31.4
31.08
30.6
30.1
29.7
29.7
32.14
31.78
32.6
36.68
36.5
37.64
35.5
35.26
37.1
37.88
37.28
37.48
37.32
36.68
34.66
35.1
35.0
34.84
35.94
35.08
34.72
34.66
34.72
34.46
34.18
33.52
34.28
33.9
33.62
34.74
34.02
33.72
33.4
33.98
33.2
33.78
32.6
32.2
32.56
31.78
31.88
34.78
33.56
34.0
33.36
33.54
33.44
33.72
33.78
33.9
33.52
33.68
33.38
33.34
32.14
33.9
31.9
32.1
33.06
32.38
32.08
32.18
31.6
32.02
31.66
31.0
30.14
29.9
29.72
29.9
30.0
29.86
29.78
31.7
31.08
32.0
31.2
31.18
29.98
30.04
30.06
30.04
30.08
30.12
30.0
29.96
30.0
29.78
29.82
29.74
30.1
29.92
29.74
29.62
28.5
29.76
31.42
31.9
29.98
29.86
29.88
31.46
31.8
31.24
31.54
31.28
31.04
30.1
30.0
29.7
30.78
32.44
31.68
31.62
31.6
31.3
34.08
34.0
32.1
32.1
32.28
32.2
30.7
30.02
28.98
28.98
29.3
29.0
28.46
28.54
29.0
26.02
25.48
24.96
24.66
23.3
23.68
22.02
22.9
23.9
23.6
24.38
23.9
25.0
24.84
24.92
25.12
25.24
25.18
25.46
27.0
27.48
27.28
27.5
27.28
26.92
26.52
25.98
25.72
26.14
26.9
26.52
26.08
26.86
26.1
26.18
26.26
26.3
26.28
26.36
26.44
26.38
26.48
26.36
26.28
26.14
26.08
26.1
26.52
26.24
26.28
26.1
26.1
26.42
26.18
26.32
26.44
26.4
26.5
26.44
26.4
26.22
26.24
26.32
26.28
26.32
26.16
26.2
26.08
26.5
26.3
26.74
26.56
26.72
26.48
26.36
26.36
26.16
26.36
26.24
26.16
26.32
26.3
25.9
26.06
25.36
24.98
25.88
25.4
25.68
26.0
25.98
26.08
25.8
25.96
26.08
25.96
26.4
26.1
25.98
26.02
25.9
25.94
25.9
26.06
25.92
25.8
26.0
25.96
26.06
25.98
25.82
25.98
25.8
25.94
25.9
25.76
25.7
25.44
24.94
25.1
25.12
25.2
25.38
25.08
25.86
25.18
25.4
25.34
25.34
25.68
25.22
25.26
24.9
25.4
25.12
25.38
25.16
25.0
25.06
25.34
25.38
25.4
25.3
25.2
25.18
24.94
25.18
24.68
24.64
24.78
24.64
24.42
24.42
24.42
24.06
24.32
24.14
24.38
24.22
24.96
25.0
24.88
24.96
24.84
24.52
24.76
24.88
25.2
27.9
29.8
30.2
29.3
29.0
29.74
29.56
29.74
29.5
29.5
29.14
29.42
29.4
29.32
29.28
29.64
29.28
29.26
29.18
30.1
29.94
28.98
29.4
29.38
29.06
29.2
29.26
29.22
28.8
28.98
29.06
28.78
28.94
28.94
28.96
28.96
29.0
29.84
29.16
29.18
29.28
28.94
28.8
29.3
28.8
28.86
28.82
28.78
29.0
28.46
28.2
28.1
28.08
28.42
28.4
28.14
28.0
28.24
27.94
28.0
27.96
28.04
27.98
27.9
28.0
27.88
27.78
28.06
28.52
28.06
28.5
28.36
28.34
28.0
27.9
27.94
27.48
27.6
27.56
27.5
27.12
27.12
27.44
27.6
26.82
27.16
27.4
27.4
27.28
27.34
27.26
26.98
27.0
26.72
27.0
27.06
26.76
27.06
27.18
27.38
27.2
27.0
26.72
26.72
26.62
26.58
26.6
26.82
26.6
26.52
26.5
26.44
26.3
26.0
26.56
26.14
26.3
26.18
25.76
25.48
25.2
24.9
25.34
25.2
25.22
25.32
24.78
24.58
24.6
25.12
24.9
26.96
26.9
26.54
26.64
26.26
26.54
26.64
27.28
26.06
26.06
26.86
27.28
26.84
27.22
27.04
27.3
27.34
27.0
27.22
27.2
26.88
26.66
26.78
25.94
26.98
27.38
27.28
27.06
26.98
27.0
27.1
28.0
28.7
27.1
28.4
28.02
27.9
27.9
27.84
27.6
27.86
27.68
27.54
27.34
27.32
27.5
27.7
27.76
27.42
27.02
27.2
27.56
27.58
27.36
27.3
27.0
26.84
27.16
26.84
26.9
26.56
26.84
26.5
26.9
26.9
27.48
27.5
26.72
26.66
26.66
27.06
27.74
27.4
27.68
27.66
27.54
27.12
27.36
28.58
27.5
28.22
27.5
27.48
27.84
28.1
27.8
27.38
27.82
27.38
27.9
27.4
27.92
27.96
27.92
28.0
28.12
28.04
27.76
27.94
27.98
27.7
27.8
28.04
28.06
28.24
28.08
28.12
32.32
31.68
31.16
30.18
30.42
30.26
29.32
30.18
29.94
29.62
29.98
29.88
29.28
29.5
29.34
29.76
29.78
29.7
29.62
29.34
29.16
29.2
29.22
29.1
29.18
29.16
29.04
28.72
28.52
29.1
28.82
29.12
29.04
29.04
28.74
28.86
28.32
28.0
28.0
28.16
27.6
26.48
26.24
27.52
27.18
27.44
27.42
27.02
27.06
26.9
26.76
26.62
26.62
26.7
27.3
27.2
27.16
27.0
26.74
26.48
26.22
26.24
26.4
25.52
25.48
24.64
25.54
25.84
25.78
23.08
23.54
23.84
24.42
24.06
25.08
25.7
25.54
25.34
24.34
24.76
24.46
25.18
25.4
25.04
24.0
24.7
24.42
24.5
24.26
20.46
21.82
16.1
18.38
17.0
17.9
19.06
19.68
20.36
21.02
20.3
20.62
21.22
20.14
20.14
20.18
20.38
19.12
19.54
19.04
18.78
20.06
19.28
19.48
19.36
19.38
19.2
19.06
19.06
19.46
19.4
19.32
19.34
19.94
19.5
19.16
19.6
19.34
19.32
19.46
18.98
19.0
19.22
18.3
17.5
16.58
16.44
16.86
16.92
16.66
14.9
14.8
14.94
14.0
12.92
12.28
11.72
11.78
11.8
11.82
11.72
11.66
11.68
11.7
10.2
9.88
9.76
9.42
