close
0.173
0.1781
0.179
0.18099
0.17652
0.1802
0.18
0.185
0.18756
0.19499
0.19749
0.203
0.20296
0.2038
0.196
0.195
0.196
0.18512
0.18401
0.1909
0.18975
0.19
0.1898
0.19005
0.19493
0.195
0.19319
0.1902
0.19291
0.19442
0.19199
0.19
0.1912
0.19151
0.19444
0.187
0.18997
0.194
0.19701
0.2
0.195
0.19499
0.19799
0.1985
0.2
0.20156
0.2
0.1988
0.198
0.19545
0.194
0.17999
0.1743
0.16288
0.151
0.15282
0.14722
0.15765
0.1516
0.15887
0.1525
0.14333
0.14219
0.14322
0.137
0.12296
0.112
0.10399
0.1034
0.10407
0.11
0.11317
0.114
0.12218
0.122
0.11916
0.12028
0.1215
0.125
0.12206
0.12101
0.11756
0.11799
0.11902
0.1189
0.11718
0.131
0.12867
0.14655
0.14254
0.14513
0.1435
0.14277
0.15
0.1489
0.14356
0.15
0.14721
0.157
0.16311
0.1685
0.17209
0.16202
0.16577
0.16693
0.168
0.168
0.173
0.17014
0.16649
0.16625
0.16154
0.16214
0.165
0.16396
0.16089
0.15087
0.14331
0.152
0.14701
0.15005
0.1595
0.15322
0.15884
0.15845
0.16526
0.17589
0.16965
0.16781
0.1645
0.17245
0.1715
0.159
0.16156
0.15778
0.16139
0.16416
0.17495
0.16715
0.17093
0.171
0.18
0.178
0.181
0.1772
0.177
0.1753
0.1762
0.177
0.17
0.16877
0.1675
0.16798
0.17018
0.16731
0.16766
0.167
0.16726
0.16555
0.1632
0.165
0.16215
0.168
0.175
0.17325
0.17057
0.16699
0.16833
0.168
0.166
0.1655
0.16055
0.16
0.1635
0.16
0.16391
0.166
0.1665
0.1677
0.16703
0.169
0.17
0.169
0.1675
0.16824
0.16999
0.1703
0.17197
0.16877
0.16941
0.17015
0.1595
0.1675
0.16477
0.1635
0.1678
0.16534
0.166
0.16624
0.16705
0.16744
0.16687
0.17001
0.1703
0.17298
0.1735
0.19435
0.19228
0.18851
0.18803
0.18225
0.17699
0.17392
0.17356
0.17443
0.17777
0.17775
0.18333
0.18492
0.188
0.19
0.195
0.195
0.20497
0.2027
0.20107
0.20317
0.19953
0.2
0.1979
0.1951
0.196
0.189
0.18856
0.187
0.18598
0.18681
0.18404
0.17919
0.19097
0.19999
0.205
0.20327
0.20599
0.20898
0.20526
0.204
0.20301
0.20403
0.20799
0.1975
0.19999
0.2
0.19499
0.19836
0.20394
0.20488
0.20501
0.209
0.20301
0.21
0.21001
0.20222
0.2
0.1991
0.2
0.20199
0.2
0.195
0.18492
0.18678
0.18171
0.18207
0.17311
0.17
0.1695
0.16815
0.16712
0.16352
0.16201
0.164
0.15525
0.14322
0.1302
0.12804
0.12487
0.126
0.133
0.13343
0.137
0.1447
0.143
0.1365
0.14222
0.1395
0.1395
0.14404
0.1435
0.146
0.14431
0.15
0.14312
0.1435
0.14351
0.14175
0.15147
0.155
0.15613
0.15997
0.158
0.15595
0.15004
0.15178
0.14333
0.1423
0.14
0.13875
0.13951
0.14
0.14
0.1466
0.14003
0.1408
0.1381
0.137
0.13897
0.13799
0.1382
0.1382
0.14696
0.1387
0.13699
0.136
0.135
0.13299
0.132
0.13
0.125
0.12464
0.12383
0.12398
0.1232
0.1225
0.123
0.119
0.12181
0.12
0.1218
0.12151
0.12341
0.12249
0.12212
0.1215
0.1233
0.1225
0.12111
0.12002
0.12047
0.12399
0.1396
0.13598
0.12776
0.12624
0.12832
0.1265
0.12511
0.12152
0.122
0.12158
0.12218
0.121
0.12054
0.1268
0.125
0.1267
0.12439
0.123
0.1219
0.12047
0.11701
0.11774
0.11525
0.11402
0.1155
0.115
0.115
0.115
0.11489
0.11232
0.11221
0.10851
0.105
0.10196
0.101
0.097
0.09449
0.092
0.0885
0.086
0.0865
0.08404
0.08445
0.08501
0.085
0.08479
0.083
0.07957
0.0744
0.0749
0.07525
0.0758
0.07548
0.07499
0.0769
0.07563
0.076
0.07791
0.07697
0.07423
0.07476
0.0702
0.0705
0.07125
0.07
0.06981
0.0695
0.06911
0.0695
0.0689
0.069
0.06873
0.06547
0.06511
0.0628
0.06219
0.06089
0.05877
0.05888
0.06095
0.06
0.059
0.05951
0.06
0.06074
0.06079
0.0598
0.0612
0.0641
0.06929
0.069
0.06801
0.06811
0.068
0.0686
0.06858
0.06641
0.06603
0.06534
0.067
0.06885
0.0674
0.06662
0.06714
0.0671
0.06747
0.0672
0.06877
0.06937
0.06977
0.07
0.07022
0.07045
0.06869
0.06924
0.0686
0.069
0.06979
0.06995
0.0687
0.06893
0.0685
0.0704
0.07
0.07
0.0694
0.07135
0.072
0.07226
0.07437
0.074
0.07585
0.073
0.07414
0.07305
0.0731
0.07328
0.07202
0.0721
0.07284
0.07479
0.0743
0.07382
0.0731
0.07255
0.06579
0.06819
0.07
0.07003
0.07225
0.07
0.06825
0.06774
0.06601
0.06721
0.06886
0.06885
0.06806
0.0685
0.07002
0.07119
0.07
0.07
0.07024
0.07094
0.07093
0.07079
0.07079
0.07046
0.07011
0.0872
0.09094
0.0897
0.09109
0.09002
0.08858
0.09
0.08805
0.09071
0.0925
0.0918
0.0924
0.094
0.09381
0.095
0.09776
0.1
0.10434
0.105
0.10715
0.11
0.10505
0.10677
0.1085
0.112
0.11305
0.1105
0.10899
0.108
0.1075
0.1136
0.1156
0.114
0.11501
0.1168
0.1165
0.1145
0.11302
0.11302
0.11
0.10533
0.108
0.1085
0.10857
0.10901
0.11002
0.11006
0.11
0.11
0.10784
0.109
0.107
0.10466
0.10451
0.10498
0.1
0.0995
0.10026
0.09996
0.1
0.103
0.10501
0.11
0.10997
0.10985
0.10438
0.10451
0.10353
0.105
0.105
0.1015
0.10001
0.10196
0.1
0.1014
0.0951
0.0887
0.08979
0.09
0.094
0.0891
0.0895
0.09
0.09
0.09
0.09
0.0875
0.0865
0.0881
0.0904
0.0905
0.0888
0.09
0.09
0.0908
0.0897
0.0888
0.0897
0.0899
0.0899
0.093
0.095
0.095
0.0916
0.0919
0.0981
0.1001
0.1011
0.104
0.102
0.1029
0.1018
0.1029
0.1
0.1
0.1001
0.1016
0.1008
0.0992
0.1001
0.099
0.0991
0.0991
0.0993
0.0999
0.0976
0.096
0.093
0.0983
0.093
0.092
0.09
0.078
0.0918
0.0944
0.0945
0.1
0.095
0.0909
0.095
0.1
0.105
0.0966
0.0938
0.092
0.0946
0.0921
0.0913
0.0912
0.0919
0.0906
0.0907
0.0894
0.0908
0.0909
0.0866
0.084
0.0808
0.0789
0.0789
0.078
0.0777
0.0758
0.0728
0.071
0.0725
0.0732
0.0725
0.075
0.0772
0.0773
0.079
0.0801
0.079
0.079
0.0798
0.0805
0.079
0.078
0.082
0.0822
0.0838
0.0836
0.0846
0.0842
0.0812
0.0786
0.0789
0.0797
0.0795
0.0777
0.0775
0.077
0.075
0.0757
0.0742
0.0745
0.0746
0.0728
0.071
0.0722
0.0722
0.0715
0.0722
0.0732
0.0733
0.0742
0.0731
0.0729
0.0717
0.0737
0.073
0.0729
0.0735
0.074
0.0719
0.0713
0.0713
0.0697
0.0707
0.0707
0.0699
0.0698
0.0729
0.073
0.0712
0.0711
0.0715
0.0715
0.0709
0.0712
0.071
0.0715
0.0714
0.0706
0.0713
0.0705
0.0703
0.0701
0.0705
0.0705
0.07
0.0695
0.0705
0.0706
0.0716
0.0705
0.0711
0.0719
0.0733
0.0729
0.0711
0.0716
0.0711
0.071
0.0705
0.0705
0.0704
0.0699
0.0708
0.0698
0.072
0.073
0.0727
0.0721
0.0702
0.0705
0.0705
0.07
0.0697
0.0704
0.0702
0.0696
0.071
0.0726
0.072
0.07
0.071
0.0698
0.0706
0.0694
0.0694
0.0699
0.071
0.0696
0.069
0.0683
0.0675
0.0667
0.0665
0.0699
0.0685
0.071
0.0717
0.0708
0.0701
0.0714
0.0704
0.0696
0.0698
0.069
0.067
0.0684
0.0698
0.0702
0.068
0.0705
0.0694
0.0695
0.0689
0.0688
0.0685
0.069
0.0674
0.0665
0.0677
0.0676
0.0668
0.0669
0.0667
0.0667
0.0676
0.0669
0.066
0.066
0.0658
0.065
0.0642
0.0682
0.0682
0.0674
0.0684
0.069
0.067
0.066
0.0664
0.0662
0.0666
0.068
0.0678
0.0671
0.0667
0.068
0.0682
0.0682
0.0661
0.0661
0.0656
0.066
0.0662
0.066
0.0662
0.0654
0.0659
0.0667
0.0648
0.0651
0.0646
0.0645
0.0635
0.0619
0.0622
0.0631
0.0661
0.0646
0.0647
0.0639
0.064
0.0647
0.0647
0.0653
0.0646
0.0647
0.0648
0.064
0.0631
0.0633
0.0637
0.0635
0.0638
0.0633
0.0636
0.0637
0.0641
0.063
0.063
0.0627
0.0628
0.0628
0.0624
0.0628
0.0629
0.0628
0.0629
0.0637
0.0639
0.0639
0.0647
0.064
0.0643
0.063
0.0635
0.064
0.0633
0.0611
0.0617
0.0617
0.0615
0.0618
0.0621
0.0622
0.0624
0.0633
0.0637
0.0639
0.0651
0.0653
0.0649
0.0642
0.0643
0.0635
0.0608
0.0604
0.0605
0.0615
0.0603
0.0605
0.0608
0.0603
0.0606
0.061
0.0623
0.0608
0.0618
0.0626
0.0619
0.0624
0.0618
0.0622
0.0621
0.0612
0.0602
0.0608
0.0606
0.0607
0.0602
0.0603
0.0603
0.0603
0.0605
0.0616
0.0603
0.0605
0.0608
0.0615
0.0643
0.0699
0.0755
0.074
0.0744
0.0792
0.078
0.0798
0.0788
0.0737
0.0734
0.0752
0.0775
0.0785
0.08
0.0794
0.0772
0.0765
0.077
0.082
0.0849
0.0824
0.0805
0.0798
0.0794
0.079
0.0805
0.0809
0.0814
0.081
0.0802
0.0803
0.0795
0.081
0.0816
0.082
0.0831
0.0827
0.082
0.0832
0.0844
0.0836
0.0828
0.0828
0.0831
0.082
0.081
0.082
0.0822
0.0823
0.0825
0.0823
0.0824
0.0821
0.0829
0.0767
0.0749
0.0739
0.075
0.075
0.0748
0.0743
0.0769
0.0801
0.0781
0.0804
0.0808
0.0804
0.0805
0.0802
0.0807
0.0799
0.0797
0.0799
0.0811
0.0859
0.0939
0.0939
0.0945
0.0967
0.101
0.097
0.0936
0.0953
0.091
0.0965
0.0979
0.1015
0.0999
0.1005
0.0995
0.0986
0.0966
0.0963
0.095
0.0942
0.0973
0.0985
0.0987
0.0995
0.0983
0.097
0.096
0.1024
0.1009
0.1003
0.1
0.0992
0.0979
0.0985
0.098
0.0963
0.0955
0.0936
0.0924
0.0918
0.0913
0.0925
0.0942
0.0948
0.0925
0.0935
0.0928
0.092
0.0925
0.093
0.0927
0.0923
0.0929
0.0926
0.0923
0.0931
0.097
0.0948
0.0929
0.0928
0.0939
0.0913
0.0914
0.0918
0.0903
0.0897
0.0885
0.0858
0.0879
0.0927
0.0972
0.1044
0.1077
0.1051
0.105
0.1055
0.1061
0.1108
0.1105
0.1185
0.1211
0.1241
0.1264
0.1249
0.134
0.1329
0.1335
0.1311
0.1367
0.1446
0.1534
0.1583
0.155
0.1428
0.143
0.1449
0.1553
0.1545
0.1507
0.15
0.1499
0.1498
0.156
0.1544
0.15
0.151
0.1503
0.146
0.1458
0.1451
0.142
0.1473
0.149
0.148
0.1491
0.1501
0.1479
0.1486
0.1507
0.1528
0.152
0.156
0.1555
0.161
0.16
0.1617
0.161
0.1572
0.1526
0.1538
0.1534
0.153
0.1543
0.1549
0.1544
0.1577
0.1556
0.1565
0.1575
0.1593
0.1637
0.162
0.1623
0.1616
0.1623
0.1581
0.1599
0.16
0.1592
0.1546
0.155
0.1516
0.1449
0.145
0.1518
0.1494
0.1535
0.1575
0.1532
0.1399
0.1473
0.153
0.1492
0.1543
0.1567
0.1586
0.1569
0.1553
0.158
0.1569
0.1607
0.155
0.1557
0.1545
0.1621
0.1611
0.161
0.1618
0.1609
0.161
0.1607
0.1533
0.1551
0.155
0.153
0.1519
0.155
0.1509
0.1506
0.15
0.1499
0.1564
0.1549
0.1553
0.155
0.1551
0.1688
0.176
0.177
0.1775
0.1763
0.1745
0.1784
0.16
0.1572
0.156
0.1525
0.1534
0.1525
0.154
0.1533
0.154
0.1584
0.162
0.1636
0.1646
0.172
0.1787
0.1786
0.1786
0.1816
0.1827
0.1796
0.1801
0.1804
0.1729
0.173
0.1712
0.1702
0.1699
0.17
0.1738
0.1755
0.1761
0.1778
0.1789
0.18
0.1877
0.1861
0.189
0.1939
0.192
0.1947
0.1899
0.1901
0.1895
0.1914
0.1899
0.192
0.1934
0.1975
0.197
0.2061
0.2271
0.238
0.2368
0.248
0.2694
0.2688
0.265
0.27
0.2692
0.2635
0.2676
0.268
0.2686
0.2808
0.2957
0.2949
0.295
0.2966
0.2956
0.2958
0.3041
0.32
0.3328
0.3396
0.3316
0.3276
0.3254
0.328
0.328
0.332
0.332
0.3321
0.3298
0.3298
0.33
0.3287
0.3238
0.3248
0.327
0.3315
0.3289
0.3268
0.3278
0.3268
0.3255
0.3246
0.3242
0.3153
0.312
0.3194
0.3179
0.318
0.3145
0.3225
0.3324
0.341
0.3438
0.3401
0.345
0.3462
0.3302
0.319
0.3034
0.3035
0.3054
0.322
0.305
0.3118
0.3158
0.3145
0.3185
0.3174
0.3111
0.3133
0.3116
0.3099
0.3125
0.31
0.3183
0.3115
0.3095
0.3099
0.3109
0.31
0.3107
0.3154
0.3154
0.314
0.3112
0.3089
0.3067
0.3038
0.3046
0.3048
0.3039
0.3074
0.3003
0.3044
0.3059
0.3069
0.3044
0.305
0.3049
0.3067
0.3002
0.302
0.2995
0.304
0.3028
0.2965
0.2979
0.2964
0.3015
0.3026
0.307
0.3126
0.3074
0.3049
0.3029
0.3011
0.3025
0.3005
0.3009
0.3003
0.3017
0.3089
0.3058
0.306
0.3069
0.304
0.3062
0.306
0.3069
0.3094
0.3165
0.3179
0.31
0.314
0.3147
0.3144
0.3195
0.333
0.342
0.3443
0.341
0.347
0.3477
0.3414
0.342
0.3471
0.3441
0.3436
0.3303
0.3196
0.3234
0.3284
0.3254
0.3263
0.3323
0.3279
0.327
0.3286
0.3315
0.3332
0.335
0.3365
0.3365
0.333
0.3261
0.3282
0.324
0.3245
0.325
0.3249
0.33
0.3282
0.3327
0.3344
0.3171
0.3155
0.3092
0.319
0.3144
0.3187
0.3189
0.3247
0.3232
0.3273
0.3338
0.3492
0.3508
0.3621
0.369
0.3725
0.3716
0.3638
0.3665
0.365
0.366
0.36
0.355
0.355
0.3595
0.3555
0.355
0.355
0.352
0.353
0.35
0.35
0.3535
0.3525
0.348
0.342
0.342
0.3425
0.3445
0.35
0.3445
0.348
0.355
0.349
0.308
0.31
0.3065
0.3035
0.3015
0.2985
0.2885
0.2975
0.3
0.2995
0.295
0.285
0.28
0.2945
0.3
0.302
0.301
0.2995
0.2995
0.301
0.3045
0.302
0.298
0.299
0.301
0.301
0.3025
0.301
0.2955
0.297
0.2975
0.3085
0.3065
0.304
0.309
0.3095
0.3095
0.309
0.302
0.3015
0.3005
0.298
0.291
0.29
0.2845
0.2845
0.284
0.28
0.2775
0.2765
0.28
0.286
0.289
0.289
0.288
0.285
0.282
0.283
0.285
0.2865
0.288
0.284
0.2885
0.2875
0.2885
0.2845
0.287
0.288
0.2915
0.2915
0.289
0.291
0.29
0.287
0.2815
0.281
0.2795
0.274
0.2805
0.28
0.281
0.2855
0.2895
0.2865
0.282
0.285
0.286
0.285
0.28
0.2815
0.2805
0.2815
0.281
0.287
0.2855
0.285
0.281
0.2825
0.2815
0.2795
0.285
0.2855
0.269
0.266
0.2645
0.266
0.2682
0.2685
0.2675
0.2678
0.2655
0.2636
0.2578
0.2619
0.2627
0.2605
0.26
0.2749
0.2739
0.2699
0.2734
0.275
0.2777
0.2759
0.2771
0.2762
0.275
0.274
0.276
0.2756
0.2738
0.2753
0.2747
0.274
0.2735
0.271
0.2703
0.2697
0.27
0.2685
0.2639
0.2622
0.2629
0.2645
0.265
0.2673
0.2667
0.2689
0.2679
0.2681
0.27
0.27
0.27
0.27
0.27
0.27
0.27
0.2698
0.2727
0.2727
0.2731
0.2717
0.2708
0.2694
0.2722
0.2748
0.2829
0.286
0.2849
0.2815
0.2832
0.2852
0.2875
0.2886
0.2868
0.2895
0.2893
0.29
0.2892
0.2849
0.2695
0.2634
0.2637
0.2622
0.2625
0.2636
0.2648
0.2641
0.2647
0.2635
0.264
0.2645
0.2689
0.2687
0.2696
0.2689
0.2655
0.268
0.2699
0.268
0.2692
0.2704
0.2683
0.2719
0.2759
0.2756
0.2763
0.277
0.2773
0.2772
0.2784
0.2775
0.2785
0.279
0.2781
0.2741
0.2742
0.2741
0.2749
0.2749
0.2779
0.2769
0.2757
0.2751
0.2755
0.2757
0.2788
0.282
0.2838
0.2849
0.2852
0.2848
0.2846
0.2853
0.2856
0.286
0.2858
0.286
0.2841
0.2832
0.2859
0.2854
0.2873
0.2855
0.285
0.2845
0.2836
0.2839
0.2821
0.2823
0.2809
0.2866
0.2919
0.296
0.2965
0.2958
0.2984
0.3083
0.309
0.3076
0.3055
0.3042
0.2683
0.2686
0.2677
0.2678
0.2644
0.2647
0.2649
0.2649
0.2556
0.2622
0.2644
0.2696
0.2691
0.27
0.2705
0.2718
0.2709
0.272
0.2706
0.2695
0.264
0.2641
0.2636
0.2645
0.2631
0.2613
0.2585
0.2598
0.2591
0.2556
0.2507
0.2507
0.2486
0.2528
0.2498
0.2465
0.2445
0.2422
0.2398
0.2398
0.24
0.2395
0.2439
0.2492
0.2495
0.246
0.2421
0.2492
0.2506
0.2514
0.2639
0.2625
0.2612
0.2612
0.2601
0.258
0.2573
0.259
0.259
0.2592
0.2572
0.2571
0.2571
0.2558
0.2571
0.2572
0.2563
0.2527
0.2512
0.2499
0.2489
0.2502
0.2466
0.2442
0.243
0.2456
0.2457
0.2456
0.247
0.2472
0.2464
0.2466
0.246
0.2461
0.2486
0.249
0.2503
0.2485
0.2492
0.2515
0.2422
0.2417
0.2242
0.2134
0.2091
0.2055
0.2066
0.2112
0.2106
0.209
0.208
0.2073
0.2009
0.2002
0.2014
0.1993
0.2033
0.2028
0.21
0.2147
0.2198
0.2174
0.2112
0.2114
0.2145
0.2118
0.2131
0.2116
0.2124
0.2134
0.2157
0.2151
0.2158
0.2159
0.2164
0.2182
0.2239
0.2234
0.2234
0.2253
0.2253
0.228
0.234
0.2374
0.239
0.2416
0.2401
0.2392
0.2417
0.2431
0.2321
0.2368
0.2339
0.2343
0.236
0.2363
0.2328
0.231
0.2284
0.2319
0.2275
0.2274
0.2293
0.2305
0.23
0.2275
0.229
0.2316
0.2327
0.2303
0.227
0.2287
0.2281
0.2304
0.2295
0.2329
0.231
0.2288
0.229
0.2273
0.2214
0.2195
0.208
0.1984
0.1995
0.204
0.2017
0.1986
0.1945
0.1802
0.175
0.1543
0.1507
0.1445
0.1388
0.1288
0.1335
0.1424
0.1392
0.1457
0.1435
0.1461
0.1416
0.1428
0.1564
0.157
0.1616
0.1645
0.1734
0.17
0.1726
0.177
0.179
0.1746
0.173
0.1663
0.1687
0.1735
0.1735
0.1719
0.1754
0.1785
0.1753
0.1775
0.175
0.1735
0.1733
0.1714
0.1738
0.1739
0.1724
0.1715
0.1711
0.1712
0.17
0.17
0.1705
0.1708
0.1711
0.1707
0.1715
0.1763
0.1825
0.1949
0.1901
0.1863
0.1919
0.191
0.192
0.1911
0.1907
0.191
0.1939
0.1917
0.1892
0.1901
0.1919
0.1924
0.1921
0.1935
0.1913
0.1922
0.1908
0.1884
0.1894
0.1974
0.1965
0.1968
0.1966
0.1954
0.1953
0.1957
0.1964
0.1969
0.1974
0.1966
0.1971
0.1986
0.2013
0.2044
0.2063
0.2062
0.2073
0.2097
0.2127
0.2161
0.2109
0.2106
0.2142
0.2164
0.217
0.2121
0.2128
0.2115
0.2142
0.2183
0.2162
0.216
0.218
0.2175
0.2201
0.2186
0.2187
0.2183
0.218
0.2209
0.2207
0.2198
0.2157
0.2117
0.2119
0.2125
0.2122
0.2138
0.2107
0.2145
0.2154
0.2159
0.2191
0.2205
0.2197
0.2208
0.2214
0.2152
0.2183
0.2189
0.2178
0.2165
0.2205
0.2195
0.2195
0.2174
0.2215
0.2237
0.2245
0.222
0.2231
0.2204
0.2202
0.2174
0.2175
0.218
0.2162
0.2168
0.2184
0.2192
0.2311
0.228
0.2222
0.2212
0.214
0.2179
0.219
0.2191
0.221
0.2247
0.2234
0.2287
0.2292
0.2285
0.2294
0.23
0.2327
0.2297
0.2308
0.23
0.2369
0.239
0.2398
0.2402
0.2428
0.239
0.233
0.2406
0.2414
0.2423
0.2408
0.2417
0.2412
0.2398
0.2391
0.2382
0.2399
0.24
0.2413
0.2396
0.24
0.2338
0.2385
0.241
0.2399
0.24
0.247
0.2492
0.2533
0.256
0.255
0.251
0.2505
0.2501
0.2506
0.248
0.2484
0.2475
0.2464
0.2466
0.247
0.244
0.2409
0.242
0.2471
0.2437
0.2418
0.2402
0.2435
0.2439
0.243
0.2445
0.2448
0.2465
0.2494
0.2497
0.2482
0.2498
0.2556
0.2548
0.2534
0.2521
0.2511
0.2514
0.2503
0.25
0.2501
0.2502
0.2514
0.2525
0.258
0.2552
0.2508
0.255
0.2524
0.2527
0.2502
0.2541
0.2535
0.2508
0.2521
0.2504
0.2499
0.2472
0.2472
0.2463
0.2488
0.248
0.2491
0.2513
0.2507
0.2544
0.253
0.251
0.2517
0.2502
0.2501
0.2503
0.2514
0.2521
0.2518
0.2504
0.2523
0.2554
0.2554
0.2552
0.2556
0.2547
0.2561
0.2505
0.2548
0.2613
0.2688
0.2699
0.2711
0.283
0.2882
0.2882
0.289
0.2881
0.287
0.2899
0.29
0.2884
0.2862
0.288
0.2869
0.2829
0.2855
0.284
0.2837
0.2888
0.2937
0.293
0.2902
0.2919
0.2966
0.2964
0.2949
0.2943
0.2942
0.2659
0.2628
0.2605
0.2574
0.2532
0.2552
0.2589
0.257
0.2546
0.2537
0.2524
0.2504
0.2501
0.2471
0.2468
0.247
0.2439
0.2419
0.2414
0.2457
0.2476
0.2458
0.2458
0.2475
0.2462
0.2401
0.239
0.2374
0.2366
0.2383
0.2374
0.24
0.2435
0.2424
0.2441
0.2426
0.2424
0.2435
0.2442
0.244
0.2437
0.2435
0.2486
0.247
0.2458
0.2435
0.2437
0.243
0.239
0.2385
0.2517
0.2528
0.2569
0.2545
0.2559
0.2553
0.2546
0.2565
0.257
0.2579
0.2656
0.2666
0.2689
0.269
0.2735
0.2834
0.285
0.2844
0.2841
0.2746
0.2581
0.262
0.2634
0.2578
0.2612
0.2612
0.2561
0.2568
0.2571
0.2583
0.2545
0.252
0.2533
0.2591
0.2612
0.26
0.2649
0.2664
0.2791
0.2787
0.2719
0.2755
0.2816
0.275
0.2701
0.2715
0.2732
0.2775
0.2662
0.2669
0.2712
0.2681
0.2683
0.2681
0.2668
0.2701
0.265
0.2654
0.2641
0.2635
0.2632
0.2635
0.263
0.2615
0.2495
0.2513
0.2511
0.2525
0.2465
0.2466
0.2454
0.2503
0.2488
0.2471
0.246
0.2487
0.2488
0.2507
0.2468
0.2367
0.2333
0.2336
0.2394
0.2382
0.237
0.2391
0.242
0.2387
0.2361
0.2353
0.2329
0.2329
0.2304
0.2374
0.244
0.2415
0.2402
0.2423
0.2421
0.2473
0.2414
0.2388
0.2341
0.23
0.2304
0.2317
0.2265
0.2141
0.2107
0.221
0.219
0.2205
0.2241
0.2211
0.2205
0.2183
0.2186
0.219
0.2221
0.2299
0.2278
0.223
0.218
0.2239
0.2255
0.2225
0.215
0.19
0.1922
0.1342
0.159
0.1307
0.1341
0.1431
0.1549
0.1617
0.1677
0.1655
0.169
0.1675
0.1658
0.1632
0.156
0.1603
0.1548
0.1587
0.158
0.1558
0.1556
0.1553
0.1531
0.1531
0.158
0.1615
0.1587
0.16
0.1703
0.1753
0.1809
0.1914
0.1812
0.187
0.199
0.2012
0.1976
0.2049
0.1994
0.199
0.1991
0.2049
0.2049
0.2041
0.2092
0.2095
0.2111
0.2106
0.2121
0.2119
0.2109
0.2102
0.2096
0.2074
0.208
0.2155
0.2215
0.2274
0.2335
0.2299
0.2259
0.2221
0.191
0.1852
0.1813
0.1788
0.1683
