close
0.075
0.068
0.068
0.068
0.0685
0.0686
0.0687
0.0688
0.07097
0.074
0.07479
0.0755
0.076
0.077
0.07777
0.08499
0.08152
0.087
0.08699
0.082
0.08401
0.08508
0.086
0.08601
0.0883
0.08799
0.0875
0.0885
0.094
0.09004
0.09199
0.0889
0.08856
0.0895
0.09198
0.089
0.0885
0.09156
0.08777
0.08701
0.08998
0.09
0.0819
0.08561
0.09059
0.092
0.09
0.088
0.08802
0.0888
0.08803
0.088
0.08751
0.08851
0.08851
0.08901
0.088
0.0885
0.0885
0.08901
0.09
0.09
0.08801
0.08801
0.088
0.088
0.08901
0.093
0.089
0.08861
0.08901
0.0881
0.09
0.094
0.0966
0.0899
0.0895
0.089
0.089
0.09
0.0881
0.0871
0.094
0.0928
0.095
0.0949
0.0901
0.09
0.09
0.09
0.0856
0.089
0.09
0.09
0.088
0.0899
0.0871
0.088
0.0907
0.0881
0.088
0.0842
0.0885
0.09
0.0899
0.0899
0.09
0.0891
0.09
0.0861
0.084
0.0883
0.0899
0.0844
0.099
0.09
0.087
0.0888
0.0883
0.091
0.092
0.0855
0.0899
0.092
0.0911
0.0912
0.0912
0.0899
0.089
0.089
0.0884
0.0852
0.0842
0.0835
0.0845
0.0825
0.0837
0.085
0.0837
0.0811
0.0824
0.0822
0.0822
0.0721
0.0715
0.072
0.0707
0.07
0.067
0.0677
0.0678
0.072
0.0705
0.0677
0.0695
0.0695
0.0725
0.0713
0.071
0.072
0.071
0.0758
0.0733
0.0735
0.075
0.075
0.0753
0.0719
0.0725
0.0728
0.0719
0.0697
0.0704
0.0676
0.0673
0.0671
0.0735
0.0728
0.0701
0.0704
0.0697
0.07
0.069
0.0704
0.0681
0.0693
0.0662
0.0673
0.066
0.067
0.0664
0.068
0.0674
0.0673
0.0669
0.0656
0.0642
0.0645
0.0633
0.062
0.0617
0.0613
0.0618
0.0613
0.0622
0.061
0.0615
0.0611
0.0613
0.0617
0.061
0.0619
0.0604
0.0627
0.0608
0.0604
0.0578
0.0595
0.0595
0.0599
0.0585
0.0567
0.0555
0.056
0.056
0.0542
0.054
0.054
0.0532
0.0518
0.0514
0.0511
0.05
0.0505
0.0505
0.0508
0.0505
0.0506
0.052
0.0522
0.0515
0.052
0.052
0.05
0.0514
0.0504
0.0508
0.0535
0.0549
0.0546
0.0561
0.0581
0.0584
0.056
0.056
0.0579
0.0571
0.0571
0.0532
0.0559
0.0562
0.054
0.0536
0.0538
0.0541
0.0533
0.0543
0.0542
0.0541
0.0555
0.0559
0.054
0.0554
0.0538
0.054
0.054
0.053
0.052
0.053
0.0529
0.053
0.0515
0.0534
0.0535
0.0543
0.0562
0.0557
0.0557
0.0536
0.0539
0.0542
0.0538
0.0535
0.0525
0.0527
0.0544
0.0543
0.0535
0.0533
0.052
0.052
0.052
0.0537
0.0547
0.0532
0.0516
0.0518
0.0518
0.0512
0.0515
0.0518
0.0516
0.05
0.051
0.0505
0.0509
0.0506
0.0495
0.0503
0.0499
0.0501
0.05
0.05
0.0497
0.05
0.05
0.05
0.05
0.0482
0.0503
0.0485
0.0488
0.0487
0.0488
0.05
0.0495
0.049
0.0462
0.0482
0.0469
0.0474
0.048
0.047
0.0454
0.0453
0.045
0.0449
0.0448
0.0449
0.0457
0.046
0.0495
0.0512
0.0515
0.05
0.0498
0.0497
0.047
0.049
0.0481
0.049
0.0479
0.0494
0.0506
0.0491
0.0503
0.0503
0.0505
0.0504
0.051
0.0505
0.0504
0.0502
0.0498
0.0548
0.0515
0.0506
0.0505
0.0503
0.0505
0.0522
0.0514
0.051
0.051
0.0514
0.0514
0.0518
0.0511
0.0518
0.051
0.052
0.054
0.0535
0.0586
0.0603
0.0596
0.0631
0.0613
0.061
0.0605
0.0588
0.062
0.0632
0.0626
0.06
0.0616
0.0596
0.0577
0.058
0.0587
0.0582
0.0576
0.0578
0.0573
0.0563
0.0555
0.055
0.056
0.0575
0.056
0.0569
0.0568
0.055
0.053
0.0523
0.0532
0.052
0.0517
0.051
0.0495
0.0486
0.0495
0.0476
0.0484
0.0513
0.0518
0.0503
0.0488
0.0486
0.0489
0.0494
0.0502
0.0503
0.0479
0.0489
0.0487
0.0487
0.0474
0.049
0.05
0.0509
0.0497
0.0498
0.0514
0.0524
0.0506
0.051
0.0489
0.0505
0.0518
0.0509
0.0506
0.05
0.05
0.051
0.0509
0.053
0.058
0.0622
0.0585
0.0586
0.0598
0.0601
0.0575
0.059
0.0586
0.0581
0.0596
0.0586
0.0584
0.0595
0.0592
0.0594
0.0591
0.0588
0.0592
0.0591
0.0615
0.0622
0.0614
0.0634
0.0639
0.0645
0.0641
0.0638
0.0639
0.0625
0.0629
0.0628
0.0605
0.0628
0.0612
0.0613
0.06
0.0583
0.0601
0.061
0.0616
0.0626
0.0597
0.0592
0.0598
0.0603
0.0595
0.0608
0.0585
0.0592
0.0606
0.06
0.0588
0.0593
0.0589
0.0582
0.0581
0.0601
0.0601
0.0593
0.0588
0.0577
0.0575
0.0575
0.0558
0.055
0.0551
0.0555
0.0568
0.0565
0.057
0.059
0.0588
0.0595
0.0607
0.0617
0.062
0.062
0.0611
0.0603
0.062
0.0644
0.065
0.0637
0.062
0.0631
0.0635
0.0618
0.0619
0.0603
0.0606
0.0624
0.0636
0.0623
0.0644
0.0628
0.065
0.0777
0.077
0.082
0.085
0.0908
0.0959
0.0979
0.0898
0.09
0.087
0.0801
0.0827
0.0819
0.0802
0.0798
0.082
0.0837
0.0848
0.084
0.0834
0.0836
0.0839
0.0825
0.0843
0.0867
0.0875
0.0843
0.0859
0.0895
0.091
0.0899
0.0915
0.088
0.0876
0.0885
0.0859
0.0844
0.0855
0.0794
0.0805
0.082
0.0817
0.0808
0.0783
0.0789
0.078
0.0784
0.0779
0.077
0.0747
0.076
0.0742
0.0729
0.0718
0.071
0.068
0.0686
0.067
0.0667
0.068
0.0706
0.0679
0.0621
0.0638
0.0647
0.0631
0.0633
0.0634
0.0643
0.0657
0.069
0.0707
0.0716
0.0705
0.0672
0.0672
0.068
0.0694
0.07
0.0669
0.0668
0.0671
0.0677
0.0653
0.065
0.0655
0.0616
0.0614
0.0606
0.0618
0.0616
0.0603
0.0608
0.0619
0.0634
0.066
0.0695
0.0727
0.073
0.0738
0.0734
0.0748
0.0746
0.0757
0.0735
0.0729
0.0729
0.0705
0.0687
0.0675
0.0652
0.0637
0.0633
0.0645
0.0685
0.0669
0.0708
0.0705
0.0691
0.069
0.0668
0.0689
0.07
0.0677
0.0661
0.0635
0.0647
0.0629
0.0611
0.0614
0.0618
0.062
0.0619
0.0627
0.0621
0.0662
0.067
0.0679
0.0674
0.0667
0.067
0.0664
0.0671
0.0676
0.0669
0.068
0.0682
0.0672
0.0681
0.067
0.0669
0.075
0.0766
0.0789
0.0783
0.0825
0.0895
0.095
0.0945
0.0886
0.0881
0.09
0.092
0.092
0.0902
0.0885
0.089
0.0893
0.0891
0.0879
0.1025
0.12
0.1121
0.1138
0.1144
0.115
0.1248
0.1412
0.1471
0.1477
0.1462
0.1409
0.1442
0.1452
0.1401
0.1381
0.14
0.1375
0.1318
0.1325
0.133
0.1328
0.1312
0.1287
0.1285
0.1324
0.129
0.1317
0.137
0.1318
0.1299
0.1303
0.126
0.1277
0.1251
0.13
0.13
0.1361
0.1353
0.1345
0.136
0.1358
0.1349
0.1332
0.1336
0.1373
0.1278
0.123
0.1189
0.1191
0.1189
0.1229
0.1214
0.1295
0.1322
0.1388
0.1346
0.1325
0.13
0.131
0.127
0.126
0.126
0.126
0.1265
0.126
0.122
0.1195
0.122
0.122
0.118
0.1195
0.119
0.12
0.12
0.1185
0.1185
0.1175
0.1185
0.1165
0.1155
0.115
0.115
0.11
0.1115
0.1175
0.1175
0.1175
0.1165
0.116
0.116
0.112
0.1115
0.1115
0.1135
0.111
0.111
0.1125
0.1145
0.1175
0.117
0.119
0.1195
0.1175
0.1175
0.117
0.118
0.118
0.1195
0.119
0.12
0.1255
0.122
0.1235
0.123
0.121
0.1215
0.1305
0.13
0.1255
0.128
0.129
0.1225
0.128
0.128
0.124
0.1255
0.133
0.1325
0.1335
0.1315
0.1355
0.138
0.136
0.136
0.1315
0.1295
0.1295
0.129
0.127
0.1245
0.123
0.1185
0.12
0.1175
0.1175
0.117
0.1175
0.118
0.1205
0.1165
0.1185
0.121
0.1215
0.1225
0.122
0.1185
0.1205
0.1195
0.1185
0.1175
0.118
0.1175
0.119
0.106
0.1085
0.119
0.119
0.1195
0.119
0.1175
0.1155
0.117
0.12
0.121
0.1225
0.12
0.1225
0.1225
0.1215
0.12
0.12
0.1195
0.119
0.1225
0.1175
0.113
0.114
0.1125
0.107
0.1055
0.1045
0.1085
0.108
0.1095
0.108
0.1095
0.106
0.1065
0.106
0.1075
0.107
0.106
0.1065
0.1065
0.106
0.106
0.104
0.1065
0.1065
0.1065
0.106
0.109
0.105
0.1035
0.1025
0.105
0.1045
0.1025
0.104
0.106
0.105
0.1065
0.109
0.1075
0.107
0.109
0.1065
0.106
0.108
0.1055
0.1055
0.106
0.106
0.1055
0.1045
0.105
0.104
0.105
0.104
0.1035
0.104
0.1035
0.1025
0.105
0.1055
0.1035
0.102
0.103
0.103
0.1035
0.1015
0.099
0.098
0.0965
0.092
0.097
0.096
0.094
0.093
0.092
0.0905
0.0875
0.0915
0.0895
0.089
0.087
0.0865
0.0885
0.089
0.0875
0.0885
0.0875
0.088
0.0885
0.091
0.0955
0.099
0.096
0.099
0.095
0.0925
0.09
0.09
0.09
0.089
0.091
0.0895
0.091
0.093
0.093
0.09
0.0905
0.09
0.09
0.0905
0.088
0.0895
0.0875
0.087
0.088
0.0875
0.0865
0.0875
0.0835
0.084
0.0845
0.0835
0.0825
0.083
0.083
0.082
0.0829
0.0822
0.0822
0.0832
0.082
0.0819
0.0811
0.0815
0.0869
0.0854
0.0839
0.0838
0.0869
0.0877
0.0863
0.0885
0.088
0.0901
0.0922
0.1036
0.1029
0.1011
0.1019
0.1001
0.0969
0.1035
0.098
0.0977
0.0983
0.0966
0.0954
0.1004
0.0992
0.0956
0.0992
0.0989
0.1
0.1005
0.1003
0.1013
0.1025
0.1021
0.0985
0.1001
0.1015
0.1024
0.1024
0.106
0.115
0.1248
0.1207
0.1223
0.1327
0.1272
0.1312
0.1309
0.1359
0.137
0.145
0.165
0.1651
0.1614
0.1691
0.1653
0.1631
0.1656
0.1665
0.1656
0.1675
0.1637
0.1603
0.165
0.1652
0.165
0.1639
0.165
0.1621
0.165
0.165
0.1655
0.1659
0.1686
0.1688
0.1711
0.1814
0.22
0.3076
0.3258
0.3279
0.3
0.2991
0.3333
0.3549
0.34
0.3092
0.3047
0.2887
0.2813
0.3127
0.2923
0.2812
0.2754
0.2726
0.256
0.238
0.2347
0.2349
0.2395
0.2381
0.2295
0.2224
0.2164
0.2089
0.2052
0.2213
0.2201
0.2166
0.2136
0.2101
0.2063
0.2073
0.2097
0.2129
0.2118
0.215
0.2132
0.2255
0.2135
0.212
0.2134
0.2237
0.2226
0.2205
0.2121
0.245
0.2724
0.2899
0.28
0.28
0.292
0.297
0.2819
0.292
0.2975
0.3
0.2989
0.3014
0.3065
0.31
0.3098
0.3089
0.3095
0.3047
0.2968
0.2979
0.2991
0.293
0.2971
0.2894
0.2978
0.2995
0.2918
0.2789
0.2858
0.2896
0.2898
0.2833
0.284
0.28
0.276
0.2828
0.283
0.2845
0.281
0.2799
0.28
0.2795
0.2766
0.2797
0.2812
0.28
0.2753
0.2769
0.2812
0.2845
0.2818
0.2804
0.2782
0.277
0.2707
0.266
0.257
0.2495
0.2389
0.2495
0.245
0.2467
0.239
0.2367
0.2455
0.24
0.2397
0.2368
0.2374
0.2367
0.2325
0.2617
0.254
0.2496
0.2611
0.258
0.2531
0.2534
0.251
0.252
0.256
0.2523
0.2469
0.2435
0.2366
0.236
0.2341
0.2359
0.2315
0.2274
0.22
0.221
0.2192
0.2164
0.2263
0.2215
0.219
0.2213
0.213
0.2163
0.2208
0.2239
0.2214
0.2192
0.216
0.2189
0.2164
0.2143
0.2162
0.2139
0.213
0.2188
0.2173
0.2178
0.2162
0.2196
0.2188
0.217
0.214
0.2185
0.215
0.213
0.212
0.208
0.2045
0.2015
0.2
0.195
0.193
0.193
0.198
0.195
0.199
0.199
0.1965
0.199
0.205
0.208
0.2045
0.201
0.21
0.2075
0.2175
0.215
0.25
0.2555
0.2615
0.264
0.274
0.2665
0.279
0.2765
0.28
0.287
0.3005
0.3025
0.3055
0.309
0.303
0.2905
0.2795
0.282
0.277
0.272
0.275
0.2705
0.272
0.271
0.2715
0.268
0.257
0.253
0.2605
0.2625
0.262
0.262
0.258
0.256
0.252
0.2505
0.2495
0.25
0.2485
0.252
0.249
0.25
0.2485
0.257
0.259
0.258
0.2565
0.2565
0.255
0.248
0.245
0.2335
0.223
0.228
0.228
0.23
0.2355
0.2245
0.2075
0.21
0.18
0.1935
0.1795
0.175
0.1635
0.1785
0.1915
0.1905
0.195
0.2045
0.2
0.2195
0.2145
0.2125
0.2105
0.212
0.214
0.2135
0.2155
0.2155
0.215
0.217
0.2205
0.219
0.21
0.21
0.2185
0.2195
0.211
0.217
0.215
0.2155
0.22
0.218
0.2175
0.218
0.219
0.2215
0.2185
0.2165
0.2175
0.2165
0.2145
0.2145
0.2155
0.216
0.215
0.215
0.215
0.2145
0.2175
0.22
0.2535
0.2735
0.2605
0.256
0.245
0.2415
0.2385
0.2325
0.2315
0.2335
0.2345
0.233
0.233
0.234
0.247
0.241
0.2505
0.244
0.251
0.2445
0.241
0.242
0.2415
0.2455
0.246
0.244
0.241
0.2435
0.24
0.2425
0.2385
0.238
0.2355
0.233
0.234
0.2365
0.2535
0.248
0.245
0.243
0.242
0.2425
0.2435
0.2375
0.239
0.24
0.2445
0.2405
0.238
0.2385
0.2395
0.239
0.2375
0.239
0.2395
0.2415
0.2405
0.2395
0.2395
0.2395
0.24
0.238
0.2385
0.238
0.238
0.2375
0.236
0.2355
0.235
0.2345
0.2345
0.2345
0.234
0.2345
0.237
0.237
0.2365
0.2375
0.2355
0.236
0.233
0.233
0.233
0.232
0.2315
0.232
0.2315
0.23
0.2285
0.2275
0.23
0.23
0.2325
0.237
0.247
0.267
0.263
0.263
0.266
0.267
0.271
0.2795
0.293
0.288
0.294
0.2945
0.2995
0.3
0.302
0.2995
0.3
0.292
0.3005
0.2965
0.2965
0.297
0.298
0.2975
0.3125
0.3075
0.3125
0.31
0.313
0.3155
0.3145
0.314
0.3095
0.3095
0.3055
0.303
0.309
0.308
0.314
0.317
0.337
0.3405
0.338
0.3365
0.3395
0.3395
0.335
0.341
0.3525
0.3685
0.359
0.352
0.3455
0.346
0.361
0.37
0.3845
0.3825
0.389
0.389
0.387
0.3875
0.391
0.395
0.392
0.395
0.397
0.397
0.3985
0.397
0.3895
0.392
0.395
0.3945
0.3945
0.393
0.391
0.393
0.391
0.3885
0.387
0.3835
0.3755
0.373
0.3795
0.3775
0.3775
0.3835
0.378
0.379
0.375
0.389
0.375
0.3705
0.406
0.388
0.377
0.37
0.3695
0.366
0.3625
0.353
0.3505
0.35
0.343
0.3475
0.343
0.3375
0.3365
0.343
0.341
0.3375
0.329
0.319
0.319
0.325
0.323
0.3205
0.3325
0.3335
0.3385
0.34
0.335
0.3255
0.337
0.34
0.3365
0.333
0.3235
0.33
0.326
0.328
0.3205
0.325
0.3225
0.322
0.319
0.3205
0.322
0.3175
0.313
0.313
0.313
0.318
0.32
0.319
0.317
0.3155
0.3175
0.3135
0.313
0.3165
0.327
0.324
0.323
0.3205
0.316
0.318
0.3165
0.3175
0.3205
0.32
0.3205
0.319
0.3255
0.328
0.329
0.3205
0.3225
0.32
0.3215
0.3205
0.318
0.318
0.312
0.309
0.309
0.3075
0.308
0.3075
0.3065
0.3055
0.3115
0.307
0.3055
0.306
0.3065
0.305
0.301
0.3005
0.303
0.3025
0.299
0.2965
0.295
0.299
0.2945
0.2935
0.2925
0.2905
0.2915
0.296
0.295
0.3065
0.2985
0.308
0.3105
0.305
0.305
0.3025
0.3005
0.301
0.3065
0.304
0.2965
0.302
0.302
0.297
0.2995
0.2995
0.3085
0.303
0.303
0.3035
0.3
0.308
0.301
0.3025
0.305
0.31
0.3145
0.31
0.3235
0.327
0.3205
0.309
0.3075
0.303
0.3025
0.2985
0.295
0.292
0.2915
0.3485
0.337
0.3395
0.4115
0.385
0.3765
0.38
0.357
0.342
0.338
0.369
0.359
0.3605
0.373
0.514
0.471
0.6585
0.788
0.7685
0.643
0.55
0.5825
0.562
0.54
0.5245
0.537
0.5325
0.523
0.5135
0.487
0.472
0.446
0.445
0.429
0.408
0.461
0.434
0.424
0.4055
0.401
0.3845
0.4095
0.4045
0.4175
0.3895
0.39
0.389
0.39
0.3845
0.383
0.3635
0.3775
0.37
0.368
0.3645
0.3555
0.3485
0.3395
0.3505
0.345
0.331
0.338
0.341
0.3355
0.358
0.3535
0.3565
0.3575
0.3495
0.3575
0.3595
0.3545
0.349
0.349
0.35
0.359
0.346
0.33
0.325
0.3095
0.3165
0.313
0.31
0.2965
0.3055
0.3055
0.3055
0.301
0.3
0.296
0.296
0.2945
0.293
0.293
0.293
0.3135
0.3145
0.308
0.3005
0.3025
0.304
0.3005
0.293
0.275
0.272
0.1885
0.2145
0.1995
0.209
0.215
0.2675
0.2725
0.3175
0.444
0.4295
0.387
0.372
0.3415
0.334
0.3525
0.337
0.3265
0.3295
0.3105
0.313
0.307
0.309
0.298
0.3
0.3025
0.302
0.302
0.303
0.299
0.304
0.309
0.3025
0.301
0.2955
0.297
0.301
0.2965
0.29
0.288
0.288
0.29
0.2875
0.295
0.2895
0.282
0.283
0.2735
0.2665
0.2615
0.258
0.26
0.26
0.2575
0.258
0.2605
0.2655
0.269
0.2745
0.2835
0.278
0.273
0.27
0.2735
0.2755
0.2745
0.2695
