close
0.058
0.057
0.05701
0.05685
0.056
0.058
0.05788
0.0565
0.0566
0.057
0.0594
0.05633
0.05698
0.05685
0.0567
0.05702
0.05886
0.05945
0.0606
0.05819
0.05803
0.057
0.05853
0.05962
0.059
0.05905
0.05832
0.05774
0.05885
0.06027
0.05946
0.0565
0.058
0.0589
0.05844
0.057
0.05714
0.05651
0.05657
0.05708
0.05889
0.06036
0.06001
0.06107
0.062
0.06117
0.06093
0.05998
0.058
0.05999
0.0599
0.05997
0.061
0.059
0.05859
0.05952
0.062
0.06264
0.06072
0.0637
0.059
0.0605
0.06158
0.06275
0.06207
0.06101
0.06154
0.05992
0.06069
0.06047
0.05903
0.0595
0.06097
0.06219
0.05839
0.05848
0.05801
0.0568
0.0565
0.0579
0.0578
0.0573
0.0563
0.0569
0.058
0.057
0.0564
0.0565
0.057
0.0567
0.0565
0.0565
0.0565
0.0567
0.0573
0.0569
0.0568
0.0578
0.0608
0.0606
0.0599
0.0591
0.0573
0.0585
0.0583
0.0582
0.0594
0.0605
0.0599
0.0594
0.0584
0.0594
0.06
0.0611
0.0606
0.0609
0.0613
0.0594
0.0593
0.06
0.0602
0.0607
0.0595
0.0589
0.0579
0.0569
0.0575
0.0576
0.0581
0.055
0.0578
0.0585
0.0586
0.0625
0.0608
0.0605
0.0604
0.0595
0.06
0.0611
0.0607
0.061
0.0626
0.0618
0.06
0.0603
0.0601
0.0601
0.06
0.0605
0.0595
0.0591
0.0585
0.058
0.058
0.0588
0.059
0.0589
0.0589
0.0583
0.0579
0.058
0.0585
0.058
0.0576
0.0573
0.0578
0.0573
0.0588
0.059
0.0588
0.0579
0.058
0.058
0.0588
0.058
0.0605
0.0613
0.061
0.0659
0.0774
0.0755
0.071
0.0693
0.0697
0.0749
0.0755
0.0729
0.0726
0.0757
0.0739
0.071
0.0681
0.0671
0.0667
0.0655
0.0654
0.0672
0.067
0.067
0.0675
0.0684
0.0708
0.07
0.069
0.0664
0.0668
0.0669
0.0669
0.0678
0.0716
0.0742
0.073
0.0742
0.0762
0.0704
0.0708
0.07
0.0702
0.07
0.0708
0.074
0.073
0.0721
0.0729
0.0751
0.0756
0.0768
0.078
0.0779
0.0775
0.076
0.0755
0.0774
0.0776
0.0762
0.076
0.0758
0.076
0.0761
0.0781
0.0789
0.0775
0.0795
0.078
0.078
0.0772
0.077
0.0812
0.082
0.0818
0.081
0.0839
0.0846
0.085
0.084
0.0845
0.0805
0.0788
0.077
0.0759
0.077
0.075
0.075
0.075
0.0745
0.0759
0.0745
0.0753
0.074
0.0731
0.0742
0.0732
0.0727
0.0709
0.0718
0.0715
0.0717
0.0681
0.0681
0.0693
0.0695
0.0688
0.0676
0.0678
0.0679
0.0677
0.0675
0.067
0.0679
0.068
0.0674
0.0676
0.0684
0.0683
0.0668
0.0672
0.0669
0.063
0.0649
0.065
0.0655
0.0656
0.0662
0.0666
0.068
0.0694
0.0686
0.0696
0.0687
0.0686
0.0702
0.0717
0.0765
0.0761
0.0752
0.0759
0.0757
0.0763
0.076
0.0751
0.0754
0.075
0.0749
0.076
0.0755
0.0759
0.0753
0.0749
0.0752
0.0774
0.0777
0.0798
0.0795
0.08
0.08
0.0796
0.0819
0.0834
0.0808
0.0822
0.0835
0.0839
0.0838
0.083
0.0869
0.092
0.0919
0.096
0.0918
0.0881
0.097
0.0909
0.0946
0.0945
0.0928
0.0989
0.0981
0.0965
0.0995
0.0977
0.0973
0.099
0.0979
0.095
0.0947
0.097
0.0945
0.0926
0.095
0.0949
0.093
0.093
0.0916
0.0945
0.0949
0.0955
0.0932
0.0937
0.0917
0.0935
0.0985
0.0955
0.0964
0.097
0.096
0.0944
0.0922
0.095
0.0935
0.094
0.0925
0.096
0.0963
0.0953
0.0954
0.093
0.096
0.0967
0.097
0.0966
0.095
0.0937
0.0941
0.096
0.0955
0.0941
0.095
0.095
0.097
0.0975
0.0975
0.096
0.095
0.094
0.096
0.098
0.0955
0.096
0.0955
0.095
0.0955
0.096
0.095
0.095
0.095
0.0955
0.0955
0.095
0.1045
0.1055
0.108
0.1055
0.109
0.1065
0.109
0.1085
0.107
0.114
0.116
0.113
0.1155
0.112
0.117
0.116
0.115
0.115
0.113
0.1115
0.115
0.1135
0.1155
0.116
0.1195
0.12
0.117
0.115
0.1155
0.118
0.12
0.115
0.1165
0.1175
0.12
0.1195
0.1195
0.12
0.12
0.1195
0.12
0.122
0.124
0.124
0.121
0.1175
0.1125
0.113
0.1145
0.118
0.116
0.125
0.1255
0.126
0.1235
0.1225
0.122
0.1235
0.1225
0.1255
0.1235
0.124
0.1245
0.1235
0.1245
0.124
0.125
0.1245
0.124
0.126
0.1245
0.1255
0.13
0.1345
0.1375
0.14
0.1235
0.1235
0.124
0.122
0.126
0.125
0.124
0.124
0.1235
0.128
0.129
0.129
0.129
0.1285
0.1285
0.1275
0.129
0.128
0.128
0.1345
0.1365
0.139
0.161
0.1545
0.15
0.1605
0.1635
0.163
0.1615
0.1555
0.1585
0.1585
0.158
0.1625
0.162
0.1625
0.1615
0.165
0.167
0.1675
0.1635
0.164
0.165
0.166
0.165
0.167
0.17
0.1725
0.1725
0.171
0.1695
0.168
0.1685
0.1695
0.1685
0.1615
0.161
0.153
0.1515
0.147
0.1495
0.1465
0.149
0.1485
0.154
0.162
0.159
0.1595
0.1525
0.1485
0.1475
0.147
0.1465
0.148
0.146
0.146
0.1455
0.146
0.1445
0.143
0.143
0.1365
0.136
0.14
0.137
0.1405
0.14
0.138
0.142
0.141
0.146
0.1535
0.16
0.159
0.1545
0.151
0.148
0.148
0.1455
0.1505
0.147
0.1535
0.1495
0.149
0.1525
0.148
0.1485
0.15
0.155
0.164
0.1685
0.17
0.1725
0.1685
0.165
0.161
0.159
0.1575
0.1635
0.1715
0.1695
0.171
0.175
0.173
0.1705
0.171
0.171
0.169
0.165
0.161
0.162
0.162
0.162
0.159
0.1615
0.165
0.168
0.1695
0.169
0.1655
0.1665
0.1655
0.1695
0.167
0.17
0.1675
0.1715
0.171
0.174
0.1695
0.1685
0.167
0.166
0.167
0.1685
0.1715
0.1715
0.17
0.1705
0.169
0.172
0.172
0.17
0.1695
0.1695
0.169
0.1695
0.167
0.1665
0.166
0.166
0.1615
0.155
0.153
0.151
0.161
0.16
0.1595
0.159
0.152
0.1405
0.1445
0.1515
0.155
0.152
0.157
0.158
0.154
0.155
0.155
0.156
0.156
0.1525
0.157
0.1555
0.155
0.1535
0.1545
0.155
0.15
0.151
0.147
0.145
0.1445
0.135
0.1345
0.139
0.1425
0.1405
0.141
0.145
0.144
0.1475
0.1475
0.149
0.147
0.149
0.1505
0.15
0.15
0.148
0.1495
0.149
0.1465
0.1365
0.134
0.137
0.138
0.138
0.139
0.139
0.139
0.139
0.139
0.143
0.139
0.139
0.1395
0.1405
0.1415
0.1455
0.145
0.1425
0.144
0.144
0.148
0.146
0.15
0.1465
0.1475
0.149
0.1475
0.15
0.1505
0.15
0.151
0.147
0.15
0.15
0.148
0.1485
0.1465
0.146
0.147
0.149
0.15
0.148
0.15
0.148
0.148
0.1515
0.1515
0.152
0.1515
0.16
0.1645
0.1625
0.152
0.1595
0.158
0.158
0.16
0.159
0.1575
0.158
0.1565
0.1575
0.1535
0.162
0.1695
0.1695
0.1685
0.1665
0.172
0.173
0.1815
0.2
0.2025
0.1965
0.193
0.191
0.192
0.2
0.1995
0.199
0.199
0.198
0.1945
0.1945
0.194
0.193
0.1935
0.194
0.194
0.1895
0.1905
0.187
0.187
0.1885
0.1885
0.188
0.1885
0.1895
0.195
0.198
0.1945
0.1975
0.196
0.195
0.1945
0.195
0.1935
0.193
0.1925
0.1895
0.1835
0.1805
0.181
0.1795
0.182
0.1805
0.182
0.185
0.1875
0.19
0.1955
0.193
0.192
0.192
0.19
0.1915
0.19
0.19
0.191
0.1905
0.1915
0.19
0.1875
0.1875
0.1895
0.193
0.1965
0.2005
0.214
0.21
0.203
0.213
0.215
0.2145
0.213
0.21
0.2125
0.21
0.215
0.21
0.21
0.2115
0.21
0.209
0.2065
0.206
0.207
0.211
0.208
0.2065
0.2075
0.2095
0.2145
0.2205
0.227
0.226
0.226
0.2305
0.228
0.2295
0.228
0.23
0.2295
0.23
0.2425
0.2405
0.241
0.237
0.232
0.233
0.2375
0.2365
0.239
0.2395
0.234
0.223
0.2295
0.229
0.2265
0.231
0.235
0.2365
0.234
0.2325
0.2315
0.2325
0.236
0.238
0.242
0.242
0.243
0.236
0.2295
0.2255
0.2235
0.221
0.2285
0.2315
0.229
0.226
0.227
0.2285
0.23
0.2285
0.227
0.2265
0.2285
0.224
0.2235
0.219
0.219
0.219
0.2195
0.2195
0.221
0.224
0.222
0.209
0.205
0.2055
0.209
0.211
0.207
0.2115
0.214
0.2125
0.214
0.2205
0.219
0.2175
0.225
0.227
0.23
0.232
0.23
0.229
0.2255
0.227
0.225
0.228
0.2335
0.2285
0.228
0.227
0.2255
0.225
0.2255
0.2215
0.222
0.2215
0.219
0.2125
0.211
0.2125
0.216
0.2185
0.2265
0.2215
0.2255
0.2245
0.222
0.221
0.204
0.2035
0.197
0.1905
0.19
0.182
0.1855
0.1875
0.1855
0.177
0.17
0.167
0.1725
0.177
0.184
0.185
0.1855
0.188
0.185
0.1865
0.188
0.1865
0.1865
0.186
0.186
0.185
0.187
0.187
0.185
0.188
0.1865
0.1865
0.1885
0.184
0.1775
0.1785
0.1815
0.1825
0.1865
0.187
0.185
0.185
0.185
0.183
0.1845
0.1855
0.1855
0.1825
0.1835
0.185
0.183
0.1835
0.1835
0.183
0.176
0.173
0.17
0.1715
0.1695
0.1735
0.1725
0.174
0.174
0.1715
0.17
0.171
0.173
0.1725
0.172
0.172
0.172
0.1715
0.1725
0.1725
0.175
0.1755
0.178
0.178
0.1795
0.1765
0.178
0.1805
0.18
0.1785
0.176
0.177
0.1765
0.1745
0.1755
0.174
0.1745
0.1735
0.1745
0.1725
0.1715
0.171
0.17
0.1695
0.17
0.1725
0.1705
0.171
0.1708
0.1708
0.1692
0.169
0.17
0.1692
0.1694
0.17
0.171
0.1698
0.1692
0.1698
0.1698
0.1694
0.1704
0.171
0.1712
0.172
0.1702
0.17
0.1696
0.1716
0.1708
0.17
0.1716
0.1726
0.1764
0.182
0.181
0.184
0.1844
0.1862
0.1852
0.179
0.179
0.1786
0.1764
0.179
0.1836
0.186
0.1826
0.1846
0.186
0.1852
0.1866
0.1846
0.1858
0.1888
0.1892
0.1872
0.1886
0.1866
0.1898
0.1958
0.193
0.198
0.1968
0.201
0.1976
0.1982
0.2016
0.203
0.2014
0.204
0.2084
0.2102
0.208
0.218
0.2152
0.214
0.2104
0.205
0.21
0.2042
0.2038
0.2034
0.2
0.1924
0.199
0.1962
0.19
0.1852
0.189
0.1902
0.1886
0.1856
0.1868
0.1892
0.19
0.1918
0.1884
0.187
0.1884
0.1888
0.187
0.185
0.182
0.181
0.178
0.178
0.1788
0.1756
0.1772
0.1776
0.1772
0.18
0.1798
0.1782
0.179
0.1772
0.1754
0.1748
0.1718
0.1748
0.1778
0.1746
0.1744
0.1746
0.1732
0.173
0.1738
0.1724
0.1738
0.172
0.1744
0.1736
0.1762
0.1754
0.1736
0.1722
0.171
0.168
0.166
0.1656
0.1648
0.165
0.1668
0.1674
0.1688
0.168
0.1692
0.18
0.1784
0.1786
0.1762
0.1746
0.1742
0.1748
0.1756
0.1758
0.1816
0.18
0.1794
0.181
0.1818
0.1794
0.179
0.1786
0.1782
0.1786
0.1762
0.1792
0.1768
0.1762
0.1764
0.1778
0.1782
0.1786
0.1768
0.1772
0.1784
0.1776
0.1778
0.1782
0.1796
0.18
0.18
0.1784
0.1794
0.1824
0.1826
0.1806
0.1816
0.179
0.1812
0.1818
0.182
0.181
0.1804
0.1802
0.1806
0.1802
0.1794
0.1788
0.178
0.1756
0.173
0.1708
0.1716
0.173
0.1706
0.1704
0.172
0.176
0.1742
0.1758
0.176
0.1748
0.1744
0.1762
0.1794
0.1784
0.1774
0.1772
0.1754
0.1752
0.179
0.1768
0.1786
0.1792
0.1792
0.1798
0.177
0.1762
0.1766
0.1778
0.1758
0.1758
0.1754
0.1742
0.174
0.1724
0.1718
0.1714
0.1708
0.1704
0.1712
0.1714
0.1712
0.1692
0.1704
0.1702
0.1744
0.1724
0.1752
0.176
0.175
0.1744
0.1744
0.1726
0.169
0.1742
0.1716
0.171
0.17
0.171
0.1704
0.1688
0.167
0.167
0.1634
0.1662
0.166
0.1664
0.168
0.1674
0.1656
0.167
0.1736
0.1722
0.172
0.17
0.1696
0.1688
0.1662
0.1628
0.16
0.162
0.163
0.1636
0.1658
0.1652
0.1656
0.165
0.164
0.1638
0.1628
0.163
0.1628
0.163
0.1636
0.1634
0.164
0.165
0.1658
0.1684
0.1686
0.1698
0.1706
0.169
0.1702
0.169
0.1686
0.17
0.1732
0.1724
0.1704
0.1708
0.171
0.1694
0.17
0.1698
0.1704
0.1706
0.17
0.1704
0.1698
0.1696
0.17
0.1692
0.1686
0.1688
0.1684
0.1708
0.174
0.1682
0.169
0.1694
0.1708
0.1694
0.167
0.162
0.1548
0.1554
0.159
0.159
0.1546
0.1508
0.1434
0.1398
0.125
0.1336
0.1206
0.1214
0.115
0.1284
0.1332
0.1304
0.1378
0.1324
0.1332
0.1288
0.1274
0.1308
0.1346
0.1352
0.1394
0.1444
0.1432
0.1446
0.145
0.1468
0.1468
0.1464
0.1462
0.1466
0.148
0.1502
0.145
0.1474
0.1496
0.1494
0.1502
0.1498
0.1496
0.1514
0.1498
0.149
0.151
0.1506
0.1512
0.1514
0.151
0.1516
0.1526
0.1526
0.1524
0.153
0.1532
0.1596
0.1674
0.174
0.1708
0.1706
0.166
0.1672
0.1684
0.168
0.1668
0.1694
0.1612
0.161
0.1592
0.159
0.1564
0.1576
0.1616
0.159
0.1568
0.1576
0.1608
0.1602
0.16
0.1604
0.1596
0.1592
0.158
0.1586
0.1564
0.1566
0.1558
0.1558
0.157
0.1562
0.1562
0.156
0.1556
0.1558
0.1564
0.1562
0.1562
0.156
0.155
0.1552
0.1558
0.1546
0.1556
0.1552
0.1548
0.155
0.155
0.1542
0.154
0.1532
0.153
0.1532
0.1542
0.1532
0.1526
0.1524
0.1518
0.15
0.1524
0.1508
0.15
0.1484
0.1474
0.1478
0.1486
0.1462
0.145
0.144
0.146
0.1434
0.145
0.1448
0.1458
0.147
0.1464
0.1454
0.1454
0.1458
0.1426
0.1412
0.1398
0.1394
0.1382
0.1382
0.1382
0.1378
0.1368
0.1358
0.1374
0.1374
0.137
0.1356
0.1352
0.1372
0.136
0.1356
0.1346
0.1342
0.1344
0.1346
0.133
0.1338
0.1342
0.134
0.1334
0.1306
0.131
0.1292
0.1302
0.1292
0.1318
0.1304
0.1368
0.1368
0.1376
0.137
0.1358
0.137
0.1372
0.1366
0.136
0.136
0.1358
0.1348
0.134
0.136
0.136
0.1364
0.1368
0.14
0.139
0.137
0.1372
0.1374
0.1388
0.1366
0.1362
0.137
0.1366
0.1376
0.1374
0.139
0.1438
0.1496
0.1538
0.1608
0.1678
0.1798
0.165
0.158
0.1628
0.1616
0.1606
0.1612
0.1604
0.1604
0.157
0.1578
0.1586
0.1572
0.159
0.157
0.158
0.1552
0.1568
0.1584
0.1568
0.1552
0.1522
0.1544
0.1558
0.1554
0.1556
0.155
0.1578
0.1562
0.158
0.1568
0.1554
0.157
0.1602
0.1578
0.1574
0.1628
0.164
0.1626
0.1624
0.1612
0.1578
0.1598
0.1584
0.1576
0.158
0.1576
0.1564
0.1568
0.1564
0.156
0.1574
0.1568
0.1556
0.156
0.1552
0.1564
0.1564
0.159
0.1554
0.1544
0.1546
0.156
0.155
0.1554
0.156
0.1546
0.1544
0.1542
0.1534
0.1514
0.1506
0.15
0.15
0.1494
0.149
0.1514
0.1492
0.15
0.1482
0.1472
0.147
0.1456
0.1472
0.1464
0.146
0.1462
0.1464
0.1478
0.1488
0.148
0.148
0.1454
0.1452
0.1468
0.1464
0.1456
0.1456
0.145
0.1424
0.1442
0.1428
0.143
0.1434
0.144
0.144
0.1444
0.1464
0.144
0.1466
0.1516
0.151
0.1508
0.1506
0.1562
0.1524
0.157
0.1572
0.1552
0.1558
0.1562
0.1562
0.1572
0.1528
0.1518
0.1516
0.1512
0.1516
0.156
0.1528
0.149
0.1464
0.1454
0.1452
0.1446
0.143
0.1438
0.1426
0.1432
0.143
0.1394
0.141
0.141
0.1412
0.1426
0.141
0.1438
0.1442
0.145
0.1516
0.1518
0.148
0.1482
0.1478
0.1464
0.148
0.15
0.1494
0.1498
0.148
0.1476
0.15
0.1494
0.1476
0.1482
0.1486
0.153
0.1572
0.156
0.1526
0.1534
0.1526
0.1524
0.152
0.153
0.1656
0.1652
0.1702
0.17
0.1702
0.1702
0.17
0.171
0.1708
0.17
0.1656
0.1636
0.163
0.1632
0.1632
0.167
0.1662
0.1654
0.164
0.164
0.1646
0.165
0.166
0.1696
0.174
0.1682
0.1708
0.1726
0.219
0.1916
0.1906
0.193
0.2084
0.1982
0.1836
0.1874
0.1874
0.1876
0.195
0.1922
0.1904
0.1874
0.1858
0.1888
0.1854
0.183
0.1842
0.1844
0.184
0.1848
0.185
0.182
0.1864
0.1826
0.178
0.1784
0.18
0.1918
0.1832
0.1834
0.1816
0.1864
0.18
0.1802
0.1806
0.1794
0.1798
0.1808
0.1768
0.1754
0.1734
0.1752
0.1818
0.181
0.179
0.1768
0.1754
0.1762
0.1774
0.1764
0.176
0.1764
0.1778
0.1812
0.1834
0.181
0.1838
0.1822
0.1826
0.183
0.1804
0.178
0.1738
0.1686
0.1716
0.1702
0.1644
0.1592
0.161
0.161
0.166
0.1652
0.1718
0.1704
0.1732
0.1706
0.1706
0.1704
0.1726
0.1754
0.1746
0.171
0.1746
0.177
0.1794
0.1758
0.1722
0.156
0.1578
0.1102
0.1294
0.1174
0.1184
0.122
0.133
0.133
0.1462
0.1722
0.162
0.1534
0.1518
0.151
0.1482
0.1512
0.143
0.1426
0.139
0.1358
0.142
0.1394
0.1408
0.1392
0.1438
0.1472
0.1438
0.1416
0.1486
0.1498
0.1524
0.1534
0.1558
0.166
0.181
0.1802
0.1802
0.1796
0.1776
0.1782
0.18
0.1842
0.1854
0.1842
0.1864
0.1876
0.1878
0.189
0.189
0.1914
0.191
0.1884
0.1866
0.1876
0.1912
0.1982
0.1994
0.1984
0.204
0.201
0.199
0.1996
0.2
0.179
0.1786
0.1752
0.1662
