close
0.01958
0.01961
0.01964
0.01969
0.01932
0.019
0.01893
0.0186
0.01829
0.01845
0.0183
0.0182
0.01857
0.01866
0.01849
0.0189
0.01991
0.022
0.02215
0.02221
0.02209
0.02195
0.02187
0.02177
0.02187
0.02201
0.02198
0.02199
0.02155
0.0216
0.02144
0.02122
0.0207
0.0205
0.02079
0.02099
0.02111
0.0225
0.0229
0.02269
0.02269
0.0225
0.02269
0.02339
0.0231
0.02461
0.0236
0.0241
0.024
0.02408
0.02399
0.025
0.02501
0.0259
0.02596
0.0253
0.02449
0.0247
0.0244
0.025
0.02518
0.0263
0.02604
0.0257
0.02568
0.02528
0.02527
0.02597
0.0267
0.0267
0.02584
0.02555
0.02555
0.02583
0.02585
0.026
0.0262
0.0259
0.02561
0.0245
0.0239
0.0235
0.02345
0.02345
0.02365
0.0234
0.02375
0.02315
0.0238
0.0235
0.0236
0.02365
0.02415
0.0239
0.02365
0.0237
0.02365
0.0237
0.024
0.02405
0.02405
0.02375
0.0238
0.024
0.023
0.02365
0.02335
0.02335
0.02315
0.02325
0.02315
0.0234
0.0232
0.02295
0.0226
0.0227
0.023
0.02255
0.0228
0.0228
0.0229
0.02285
0.02245
0.02275
0.02265
0.023
0.023
0.0229
0.023
0.0233
0.02335
0.024
0.02455
0.02385
0.025
0.0253
0.0265
0.0268
0.02685
0.027
0.0275
0.0285
0.03
0.0279
0.0271
0.0273
0.02745
0.0271
0.0271
0.02645
0.02545
0.02505
0.02475
0.024
0.0256
0.02525
0.0246
0.02435
0.0242
0.02365
0.02385
0.0236
0.0234
0.02285
0.0233
0.02295
0.02245
0.02245
0.02245
0.02415
0.0242
0.02465
0.0258
0.0258
0.02535
0.0255
0.02515
0.0253
0.025
0.02525
0.0262
0.0266
0.02765
0.02905
0.02845
0.0291
0.0279
0.02705
0.0279
0.0294
0.0284
0.02725
0.02655
0.026
0.026
0.02575
0.0249
0.02435
0.02395
0.02315
0.023
0.02365
0.0232
0.0239
0.0247
0.02425
0.0255
0.02535
0.02515
0.02415
0.02415
0.02485
0.0251
0.0255
0.02515
0.02545
0.025
0.0252
0.025
0.0244
0.02455
0.0244
0.0243
0.02385
0.02415
0.0243
0.0242
0.0241
0.0245
0.02415
0.02435
0.0239
0.02395
0.0238
0.02345
0.023
0.0235
0.02315
0.02325
0.0236
0.0242
0.02365
0.02415
0.02345
0.029
0.0271
0.0279
0.02735
0.02655
0.02715
0.0267
0.0265
0.0275
0.02665
0.02545
0.02505
0.0249
0.0249
0.0249
0.0245
0.0246
0.0242
0.02345
0.02495
0.02385
0.0239
0.02355
0.02295
0.0222
0.0222
0.0223
0.02245
0.0219
0.022
0.02175
0.022
0.0214
0.02115
0.02145
0.0216
0.02095
0.02065
0.0198
0.01985
0.02065
0.02075
0.0208
0.02055
0.0206
0.0205
0.02055
0.022
0.0232
0.0234
0.0228
0.02255
0.02245
0.0222
0.02215
0.02165
0.02155
0.02145
0.0205
0.0214
0.02165
0.02225
0.02205
0.0218
0.02165
0.0217
0.0216
0.0214
0.0216
0.02165
0.02135
0.0212
0.0211
0.02095
0.021
0.02095
0.02115
0.02095
0.0206
0.0211
0.0202
0.01995
0.0201
0.02005
0.0196
0.01955
0.01945
0.01925
0.0195
0.0194
0.0192
0.019
0.01905
0.01905
0.0192
0.0186
0.0183
0.0183
0.01845
0.02065
0.0214
0.02085
0.02055
0.02035
0.01935
0.0204
0.02005
0.0199
0.0198
0.0198
0.0197
0.0199
0.0199
0.01985
0.0197
0.0195
0.01925
0.01915
0.01925
0.01975
0.0216
0.02045
0.0201
0.01945
0.0197
0.0198
0.01985
0.01965
0.0197
0.01955
0.01955
0.01975
0.0195
0.019
0.01915
0.01915
0.01875
0.01845
0.019
0.0197
0.02
0.0195
0.01975
0.01935
0.0193
0.0196
0.0193
0.0192
0.01915
0.01945
0.0193
0.01985
0.01995
0.0196
0.01945
0.0195
0.0194
0.01885
0.01875
0.0193
0.0188
0.0193
0.0198
0.0198
0.0197
0.0198
0.0202
0.02025
0.02
0.02025
0.0208
0.02095
0.02145
0.021
0.02135
0.0216
0.02105
0.021
0.0208
0.0202
0.02065
0.021
0.02075
0.02095
0.02145
0.0215
0.02195
0.0227
0.0229
0.0225
0.0239
0.02435
0.02435
0.0245
0.02445
0.0249
0.02515
0.0252
0.0254
0.0258
0.0254
0.0261
0.02625
0.02575
0.02645
0.02615
0.0256
0.02545
0.02545
0.02545
0.02575
0.0254
0.027
0.02765
0.0297
0.0305
0.03
0.03175
0.0311
0.0312
0.032
0.0307
0.02985
0.03075
0.0299
0.0309
0.0322
0.0313
0.03005
0.02995
0.03085
0.0308
0.0305
0.03045
0.02985
0.02985
0.0298
0.0299
0.02915
0.0305
0.0294
0.02905
0.02925
0.0291
0.02855
0.02945
0.02995
0.02945
0.0292
0.02865
0.0277
0.0297
0.0294
0.02845
0.0279
0.02785
0.0276
0.02715
0.0267
0.02655
0.02665
0.0265
0.0273
0.02875
0.02915
0.02865
0.02805
0.02945
0.02825
0.0289
0.02905
0.02905
0.02855
0.02845
0.029
0.033
0.032
0.03195
0.03215
0.0326
0.0347
0.0351
0.03415
0.0327
0.033
0.03195
0.0334
0.0366
0.0399
0.03935
0.0374
0.03795
0.0392
0.0414
0.0408
0.04065
0.03975
0.03985
0.0411
0.041
0.0419
0.04345
0.0428
0.0415
0.0414
0.041
0.04105
0.04235
0.043
0.0427
0.0419
0.04535
0.0464
0.0468
0.04715
0.0483
0.0489
0.04935
0.0503
0.0508
0.04985
0.04725
0.0444
0.0439
0.04485
0.0433
0.04135
0.0389
0.03895
0.0391
0.041
0.04085
0.04075
0.03975
0.0383
0.0382
0.03835
0.0391
0.03875
0.03875
0.038
0.0379
0.0373
0.0382
0.03955
0.0406
0.03865
0.0379
0.03915
0.0383
0.0379
0.03685
0.0362
0.0356
0.03525
0.03565
0.04
0.0385
0.0404
0.0408
0.04155
0.0405
0.04155
0.04155
0.042
0.04275
0.04335
0.04405
0.0431
0.04395
0.0462
0.04545
0.0467
0.0469
0.0469
0.04625
0.04725
0.0466
0.0489
0.05035
0.0512
0.0505
0.05165
0.05285
0.057
0.0579
0.0588
0.0579
0.05755
0.05685
0.0612
0.05975
0.0578
0.05775
0.0569
0.05355
0.05345
0.0527
0.0524
0.05375
0.05475
0.056
0.05595
0.0545
0.05375
0.0535
0.0568
0.0584
0.0573
0.05815
0.0615
0.06115
0.06145
0.0636
0.0661
0.06485
0.0628
0.06165
0.0613
0.0614
0.0613
0.06215
0.0645
0.0649
0.06385
0.0635
0.06225
0.06215
0.06095
0.0601
0.0627
0.0609
0.0604
0.0595
0.0597
0.06015
0.0598
0.0595
0.0605
0.0587
0.0553
0.0535
0.0559
0.05405
0.0533
0.05365
0.05195
0.0475
0.04955
0.0499
0.0497
0.05035
0.05355
0.05805
0.06
0.0579
0.05815
0.059
0.06
0.0572
0.0578
0.0573
0.0575
0.05795
0.0593
0.0598
0.0604
0.0611
0.0605
0.0596
0.0608
0.06125
0.06035
0.05985
0.0602
0.05985
0.0598
0.0585
0.0608
0.062
0.0651
0.06495
0.06645
0.065
0.0676
0.0667
0.06745
0.06825
0.0695
0.0688
0.0677
0.0645
0.062
0.067
0.06545
0.06505
0.06705
0.0689
0.06885
0.0708
0.0704
0.0725
0.0728
0.07155
0.07065
0.07
0.0715
0.0718
0.0712
0.0705
0.06795
0.0681
0.068
0.06845
0.0699
0.0719
0.0714
0.0708
0.07125
0.06845
0.0684
0.06795
0.0673
0.06845
0.06855
0.0683
0.0695
0.06915
0.0691
0.0693
0.07
0.07075
0.0709
0.072
0.0745
0.07665
0.0794
0.0795
0.0808
0.0796
0.0853
0.09
0.0968
0.09775
0.0984
0.10125
0.09965
0.0949
0.09445
0.09495
0.09495
0.0939
0.0936
0.0929
0.09345
0.0949
0.09495
0.094
0.09395
0.0937
0.0939
0.09775
0.106
0.117
0.11755
0.115
0.11425
0.11495
0.1159
0.1184
0.1188
0.1193
0.1187
0.1175
0.11545
0.1176
0.11695
0.1129
0.11535
0.1155
0.1139
0.113
0.11285
0.11345
0.115
0.11765
0.11685
0.11605
0.1141
0.1128
0.116
0.1165
0.116
0.11485
0.115
0.1169
0.11705
0.11785
0.1176
0.1179
0.11795
0.1118
0.11
0.10795
0.1073
0.1068
0.112
0.108
0.1088
0.109
0.109
0.1088
0.1078
0.106
0.10605
0.1084
0.1082
0.1091
0.10825
0.1079
0.1071
0.1081
0.1091
0.1092
0.11
0.10995
0.10975
0.10995
0.10815
0.10695
0.1057
0.10555
0.10435
0.10535
0.10395
0.10515
0.1069
0.1051
0.10575
0.106
0.10615
0.1048
0.105
0.10475
0.10415
0.10275
0.10175
0.1011
0.1017
0.1019
0.10045
0.0999
0.1
0.10265
0.10485
0.10705
0.10935
0.1096
0.10785
0.10705
0.10515
0.1048
0.10405
0.1044
0.10455
0.1054
0.1091
0.1085
0.1068
0.10665
0.10545
0.106
0.1075
0.1087
0.1093
0.1087
0.10915
0.1057
0.10725
0.1074
0.10585
0.10735
0.11
0.1124
0.11335
0.1125
0.1133
0.1118
0.11205
0.118
0.1181
0.11765
0.11675
0.11495
0.1133
0.11325
0.1155
0.1146
0.1156
0.118
0.1184
0.11775
0.1177
0.12035
0.12245
0.12455
0.1251
0.122
0.123
0.1205
0.11895
0.11685
0.1177
0.118
0.1175
0.11715
0.117
0.1171
0.11785
0.11
0.10985
0.1073
0.11185
0.108
0.108
0.1072
0.109
0.1096
0.1115
0.11455
0.11885
0.12
0.12215
0.12445
0.12595
0.1288
0.1283
0.1287
0.129
0.1298
0.12805
0.1271
0.12725
0.12915
0.12895
0.1285
0.12865
0.128
0.1277
0.12655
0.1254
0.12575
0.12515
0.12695
0.12485
0.1258
0.127
0.1288
0.1336
0.132
0.13275
0.1345
0.1324
0.13285
0.1227
0.1223
0.1197
0.11935
0.11675
0.1113
0.113
0.1137
0.11205
0.11245
0.1102
0.1093
0.112
0.1145
0.11735
0.11895
0.11765
0.11645
0.11695
0.1188
0.12005
0.118
0.11705
0.11725
0.11765
0.1166
0.1167
0.1137
0.1127
0.10735
0.10615
0.106
0.1055
0.1053
0.10385
0.1041
0.10325
0.10175
0.10215
0.10235
0.1014
0.09995
0.09955
0.0973
0.0978
0.09685
0.09525
0.0931
0.09295
0.0941
0.0969
0.09775
0.098
0.0967
0.09595
0.09545
0.0952
0.0958
0.0968
0.09795
0.0969
0.0973
0.0972
0.09675
0.09485
0.0945
0.095
0.097
0.097
0.0967
0.09865
0.0997
0.10095
0.1002
0.0996
0.0999
0.09805
0.0988
0.0982
0.0985
0.1001
0.1014
0.10005
0.10005
0.1003
0.09975
0.09945
0.098
0.0998
0.1006
0.1018
0.1031
0.10355
0.10295
0.1021
0.10005
0.102
0.101
0.1
0.10045
0.10045
0.09995
0.09965
0.1002
0.09975
0.0999
0.09895
0.09895
0.09965
0.0991
0.09915
0.09855
0.09755
0.09775
0.0971
0.098
0.10065
0.1002
0.09915
0.09905
0.09885
0.1003
0.0999
0.1011
0.10115
0.101
0.10095
0.101
0.1014
0.1011
0.1005
0.09995
0.09955
0.09975
0.0994
0.0987
0.099
0.09915
0.0986
0.097
0.0964
0.097
0.0974
0.098
0.0992
0.0995
0.0999
0.10035
0.1001
0.10095
0.1006
0.10095
0.10235
0.10185
0.1024
0.10265
0.10195
0.1056
0.1057
0.107
0.106
0.1049
0.1046
0.10525
0.1055
0.10715
0.10745
0.1076
0.1067
0.1069
0.1068
0.11
0.1097
0.10865
0.10895
0.10785
0.1073
0.1049
0.10125
0.10105
0.1
0.10145
0.10035
0.09935
0.0999
0.10035
0.0998
0.09995
0.0993
0.0997
0.09985
0.09975
0.1002
0.09995
0.1003
0.1022
0.1011
0.101
0.1007
0.1006
0.1009
0.1007
0.10115
0.1019
0.102
0.1021
0.103
0.1036
0.10415
0.1044
0.10415
0.1037
0.10335
0.1027
0.102
0.1022
0.1021
0.1014
0.10235
0.10275
0.1034
0.1029
0.10285
0.1023
0.10375
0.10385
0.10505
0.10535
0.1056
0.10555
0.1057
0.1061
0.10735
0.10685
0.107
0.1072
0.1072
0.1078
0.10725
0.10715
0.1073
0.1075
0.1063
0.1057
0.1061
0.10685
0.10745
0.10785
0.107
0.1074
0.108
0.09585
0.0954
0.0948
0.09465
0.09475
0.09565
0.0955
0.0957
0.09555
0.09485
0.0951
0.095
0.09485
0.095
0.0948
0.0949
0.095
0.095
0.09485
0.09475
0.09465
0.095
0.0951
0.0949
0.0946
0.09495
0.0944
0.09445
0.09435
0.09455
0.0941
0.0943
0.0942
0.09425
0.09425
0.09415
0.0938
0.0939
0.0938
0.0934
0.0927
0.0929
0.0925
0.09265
0.0928
0.09275
0.09275
0.09235
0.09075
0.09035
0.0909
0.0909
0.0912
0.09445
0.0926
0.0916
0.09155
0.0917
0.0919
0.09215
0.0928
0.093
0.0937
0.0937
0.0935
0.093
0.09285
0.09325
0.0936
0.093
0.0934
0.0932
0.09325
0.09235
0.09355
0.09345
0.0929
0.09225
0.09265
0.09255
0.09255
0.09285
0.09185
0.092
0.0917
0.0922
0.092
0.09215
0.09265
0.0925
0.0922
0.09225
0.0926
0.09295
0.0931
0.0936
0.0936
0.09325
0.0935
0.09305
0.0881
0.0867
0.08455
0.08205
0.0828
0.083
0.0845
0.0846
0.0835
0.08345
0.0818
0.0819
0.07905
0.07855
0.0791
0.07925
0.07875
0.0791
0.0796
0.0823
0.0835
0.0831
0.08255
0.0818
0.08315
0.08205
0.08245
0.08305
0.08325
0.0839
0.0842
0.0847
0.0848
0.0855
0.0863
0.0876
0.0875
0.08745
0.0873
0.08805
0.088
0.08765
0.0879
0.0884
0.08875
0.0895
0.0892
0.0886
0.08865
0.09
0.0854
0.08605
0.0854
0.08565
0.086
0.0861
0.08525
0.0839
0.08345
0.08715
0.0863
0.08685
0.0876
0.08895
0.0885
0.08745
0.08905
0.09
0.0903
0.09015
0.08975
0.09085
0.0908
0.0911
0.0904
0.09195
0.0904
0.08965
0.0894
0.088
0.0861
0.08515
0.0821
0.0789
0.0805
0.08195
0.0813
0.0805
0.07585
0.071
0.0721
0.0635
0.0651
0.06185
0.06085
0.0567
0.05875
0.0624
0.0611
0.0641
0.064
0.0654
0.06285
0.06315
0.0658
0.0657
0.0677
0.0683
0.07025
0.06955
0.06975
0.0712
0.0718
0.07095
0.07065
0.06835
0.06915
0.0697
0.069
0.06805
0.06925
0.0703
0.06825
0.06855
0.0692
0.06745
0.0666
0.0655
0.0659
0.0657
0.0651
0.0645
0.06395
0.06355
0.0624
0.06305
0.0638
0.0642
0.06395
0.06445
0.06515
0.0659
0.06655
0.06565
0.0671
0.0662
0.0667
0.06755
0.06745
0.0666
0.0666
0.06615
0.0695
0.0737
0.0712
0.07125
0.0727
0.0733
0.0721
0.07275
0.07205
0.078
0.076
0.07565
0.07535
0.0758
0.07605
0.0761
0.07615
0.07415
0.07355
0.07295
0.0712
0.0734
0.07355
0.07455
0.07495
0.07495
0.0761
0.0764
0.0759
0.0735
0.0735
0.07335
0.0733
0.0736
0.07345
0.07355
0.07405
0.07405
0.07435
0.0743
0.07425
0.0742
0.0744
0.0746
0.0746
0.0747
0.0751
0.07445
0.07475
0.0737
0.07315
0.0724
0.0721
0.0719
0.0721
0.072
0.0708
0.07115
0.0718
0.07115
0.0705
0.0708
0.07015
0.068
0.069
0.07
0.0701
0.07
0.06885
0.0684
0.069
0.06865
0.06845
0.0683
0.068
0.06775
0.06905
0.0686
0.06875
0.0684
0.06785
0.06795
0.06935
0.0692
0.06885
0.06875
0.07115
0.0698
0.0698
0.0693
0.06875
0.06835
0.0687
0.06905
0.0703
0.072
0.07085
0.0683
0.067
0.0675
0.0674
0.067
0.0673
0.0685
0.068
0.069
0.0686
0.0693
0.0688
0.0692
0.06975
0.06925
0.069
0.06895
0.0682
0.06835
0.06865
0.06805
0.07
0.0698
0.06975
0.06945
0.06865
0.0687
0.0682
0.06815
0.068
0.06805
0.068
0.0681
0.0677
0.0672
0.06705
0.06695
0.067
0.06615
0.06685
0.0667
0.0663
0.06655
0.066
0.067
0.0678
0.06935
0.0694
0.07
0.07005
0.0698
0.06925
0.0686
0.06865
0.0695
0.07
0.07065
0.06985
0.06885
0.0684
0.06895
0.06875
0.069
0.06955
0.0697
0.06935
0.06965
0.06905
0.06865
0.0688
0.0689
0.0686
0.06795
0.06785
0.0676
0.0677
0.0681
0.0676
0.06725
0.0675
0.06765
0.0675
0.06735
0.0673
0.0668
0.06675
0.0675
0.06685
0.06605
0.066
0.06615
0.066
0.0661
0.0658
0.0662
0.0668
0.0662
0.06655
0.066
0.0664
0.06615
0.06645
0.066
0.06585
0.06595
0.06575
0.0657
0.0659
0.06685
0.0664
0.06705
0.06615
0.066
0.06575
0.06565
0.06575
0.0655
0.0655
0.065
0.0643
0.06365
0.06315
0.0636
0.06365
0.06365
0.0631
0.06235
0.062
0.0617
0.0608
0.0603
0.0608
0.06125
0.061
0.06035
0.06125
0.0607
0.06085
0.06035
0.0605
0.06045
0.06055
0.0603
0.06015
0.05975
0.0593
0.0599
0.05995
0.0605
0.06035
0.06015
0.0603
0.06035
0.0601
0.06045
0.0603
0.0612
0.0618
0.0617
0.06225
0.0622
0.06085
0.0604
0.06035
0.0605
0.06125
0.06035
0.06005
0.0599
0.0596
0.05955
0.0595
0.05965
0.0595
0.0593
0.0591
0.05865
0.0589
0.0585
0.0583
0.0581
0.0583
0.05805
0.0571
0.05675
0.0571
0.0565
0.0566
0.05675
0.05595
0.05605
0.0561
0.056
0.0564
0.0555
0.055
0.05525
0.05545
0.055
0.05535
0.05425
0.0542
0.05425
0.05395
0.0539
0.05375
0.05365
0.05365
0.05385
0.05395
0.0541
0.054
0.0538
0.05385
0.0541
0.05455
0.0554
0.05695
0.0575
0.0565
0.0558
0.0565
0.0571
0.0575
0.0579
0.0572
0.05725
0.0569
0.0562
0.05645
0.0564
0.05645
0.0575
0.0584
0.05735
0.0567
0.0572
0.05695
0.0558
0.0565
0.05655
0.0573
0.0611
0.0603
0.05975
0.06445
0.0669
0.0645
0.0643
0.0642
0.0653
0.06225
0.0612
0.06005
0.062
0.0619
0.06065
0.0604
0.0596
0.0599
0.0583
0.058
0.0584
0.05755
0.05755
0.05655
0.0561
0.05635
0.0565
0.05595
0.0575
0.0561
0.05395
0.05495
0.0553
0.05575
0.05345
0.05395
0.0533
0.0538
0.05435
0.0538
0.053
0.05295
0.05245
0.05275
0.05235
0.05135
0.0507
0.05045
0.05075
0.05075
0.05045
0.0504
0.05065
0.0501
0.0501
0.0499
0.04925
0.04955
0.0494
0.0512
0.051
0.0506
0.05035
0.0502
0.05035
0.0504
0.0496
0.0492
0.04945
0.04735
0.0485
0.04845
0.047
0.0454
0.0454
0.0466
0.0473
0.0469
0.0472
0.0473
0.047
0.04595
0.04585
0.0454
0.0456
0.0461
0.046
0.0455
0.045
0.046
0.0461
0.04495
0.0442
0.0404
0.039
0.02685
0.03045
0.0263
0.0273
0.02815
0.031
0.03235
0.0337
0.039
0.0361
0.0352
0.03425
0.0334
0.0319
0.03245
0.03145
0.0312
0.03075
0.0301
0.0308
0.0309
0.03075
0.03045
0.03085
0.0316
0.0307
0.03135
0.03105
0.0311
0.03145
0.0329
0.03175
0.0308
0.03135
0.03155
0.032
0.03195
0.0312
0.0303
0.03055
0.03035
0.0309
0.03095
0.0307
0.03035
0.0307
0.03085
0.03055
0.0303
0.03065
0.0301
0.03
0.02995
0.0303
0.03065
0.0311
0.0309
0.0315
0.03045
0.03045
0.03035
0.03025
0.0303
0.0308
0.03065
0.02975
