close
0.03301
0.03379
0.03451
0.0348
0.0347
0.03458
0.03433
0.03483
0.0358
0.0349
0.0341
0.03488
0.03591
0.03642
0.03562
0.03626
0.03642
0.03769
0.03841
0.03713
0.03701
0.03698
0.0365
0.03634
0.03813
0.03807
0.03735
0.03803
0.0396
0.03864
0.03863
0.03946
0.03804
0.03797
0.03839
0.03753
0.039
0.03939
0.0406
0.04023
0.03821
0.04
0.04035
0.04087
0.0405
0.04278
0.04298
0.04208
0.04264
0.0422
0.04201
0.04232
0.04254
0.04102
0.04165
0.0411
0.04056
0.03966
0.03872
0.03976
0.0397
0.03914
0.039
0.03855
0.03793
0.0374
0.03717
0.03777
0.03675
0.04036
0.03918
0.03801
0.038
0.03982
0.04075
0.04077
0.04039
0.03943
0.039
0.03697
0.0373
0.0371
0.0388
0.0387
0.0364
0.037
0.036
0.0355
0.0367
0.037
0.0381
0.0382
0.037
0.037
0.037
0.0366
0.037
0.0365
0.0369
0.036
0.037
0.0382
0.0374
0.0364
0.0359
0.0355
0.0353
0.036
0.0362
0.0358
0.0388
0.0388
0.0388
0.0367
0.0373
0.0372
0.0368
0.0365
0.0371
0.0379
0.0378
0.0359
0.0358
0.0355
0.0357
0.0349
0.0329
0.0322
0.0329
0.033
0.0322
0.0306
0.0276
0.0276
0.0295
0.0292
0.0327
0.0297
0.0308
0.0305
0.037
0.0332
0.0309
0.032
0.0322
0.032
0.0321
0.0318
0.0313
0.0306
0.0302
0.0303
0.0316
0.0315
0.0318
0.0314
0.0322
0.0316
0.0311
0.0318
0.0312
0.0321
0.0313
0.0312
0.0318
0.0322
0.0322
0.0313
0.0321
0.032
0.034
0.0351
0.035
0.0361
0.0355
0.0369
0.036
0.0356
0.0356
0.0379
0.0397
0.0389
0.0405
0.043
0.0429
0.0399
0.0361
0.037
0.0387
0.0376
0.0359
0.0351
0.0349
0.0353
0.0349
0.0339
0.0341
0.0336
0.0336
0.0321
0.0327
0.0323
0.0327
0.0338
0.0336
0.0344
0.035
0.0355
0.0339
0.0346
0.0334
0.0333
0.032
0.032
0.0323
0.0319
0.0321
0.0321
0.031
0.0312
0.0306
0.0306
0.0308
0.0313
0.0311
0.0322
0.033
0.0326
0.034
0.0334
0.0342
0.0333
0.033
0.0321
0.0325
0.032
0.033
0.0327
0.031
0.0323
0.0324
0.0332
0.0321
0.0323
0.0341
0.0338
0.0341
0.033
0.033
0.0329
0.0328
0.0328
0.034
0.0337
0.0331
0.0323
0.0326
0.0322
0.0326
0.032
0.0324
0.0318
0.0313
0.032
0.0313
0.0307
0.0311
0.0312
0.0309
0.0309
0.0303
0.0301
0.0303
0.0312
0.0312
0.0312
0.0326
0.032
0.0311
0.0318
0.0303
0.0311
0.032
0.0309
0.032
0.0323
0.0325
0.034
0.0334
0.0341
0.0343
0.033
0.0328
0.0322
0.032
0.0325
0.0316
0.0325
0.0319
0.0317
0.0296
0.0301
0.03
0.0324
0.0335
0.033
0.0333
0.0331
0.0334
0.0332
0.0324
0.032
0.0331
0.0336
0.0327
0.0336
0.033
0.0324
0.0324
0.0326
0.0327
0.0321
0.0316
0.0313
0.0312
0.0308
0.0304
0.0305
0.0303
0.0301
0.0304
0.0306
0.0307
0.031
0.031
0.0303
0.0325
0.0317
0.0323
0.0317
0.0325
0.0325
0.0348
0.0355
0.0356
0.0341
0.0338
0.0332
0.0334
0.0343
0.0348
0.0345
0.0345
0.0337
0.0337
0.033
0.0332
0.0332
0.0329
0.0327
0.0329
0.0333
0.0335
0.0336
0.0335
0.0325
0.0329
0.033
0.0327
0.032
0.0317
0.0321
0.0319
0.032
0.0317
0.0315
0.0309
0.0311
0.0308
0.0307
0.0312
0.0319
0.0315
0.0313
0.0316
0.0311
0.0314
0.0317
0.0314
0.0309
0.031
0.0312
0.0313
0.0315
0.0316
0.0312
0.0314
0.0311
0.0322
0.031
0.0306
0.0308
0.0305
0.0302
0.0304
0.0305
0.0306
0.0307
0.0315
0.032
0.0315
0.032
0.0316
0.0321
0.0327
0.0327
0.0321
0.0324
0.0324
0.0319
0.0315
0.0321
0.0324
0.0329
0.0319
0.0318
0.0321
0.0321
0.0337
0.0349
0.0353
0.0355
0.0365
0.0371
0.0369
0.0361
0.0364
0.0384
0.0392
0.0427
0.0434
0.044
0.0434
0.044
0.0446
0.0461
0.0462
0.0439
0.0438
0.0404
0.043
0.0439
0.0459
0.0442
0.0448
0.0437
0.0474
0.045
0.0475
0.0479
0.0474
0.0468
0.047
0.0466
0.0453
0.0453
0.0452
0.0462
0.046
0.045
0.0459
0.0441
0.0459
0.0463
0.045
0.0431
0.0439
0.0435
0.044
0.043
0.0406
0.0386
0.039
0.0396
0.0391
0.0386
0.0384
0.0387
0.0398
0.0406
0.0413
0.0385
0.039
0.04
0.0394
0.0395
0.039
0.0379
0.0382
0.0391
0.0381
0.0388
0.0388
0.0393
0.0395
0.04
0.0406
0.04
0.0375
0.0363
0.0362
0.0364
0.037
0.0363
0.0358
0.037
0.0378
0.0385
0.0375
0.0378
0.0376
0.0391
0.0396
0.0381
0.0378
0.0393
0.0397
0.0399
0.0417
0.0424
0.0458
0.0487
0.0468
0.0465
0.0467
0.0477
0.0455
0.0472
0.0462
0.0466
0.0485
0.0487
0.0479
0.048
0.0472
0.0468
0.0468
0.0463
0.0452
0.048
0.047
0.048
0.0476
0.0494
0.05
0.049
0.0486
0.0485
0.0494
0.0493
0.0495
0.0505
0.0496
0.0474
0.0497
0.0495
0.0485
0.0482
0.048
0.0499
0.05
0.0492
0.0505
0.0503
0.05
0.049
0.0471
0.0481
0.0482
0.0491
0.048
0.0461
0.048
0.0481
0.0487
0.0476
0.0478
0.0468
0.0462
0.047
0.048
0.048
0.0476
0.047
0.0465
0.0481
0.0492
0.0489
0.0484
0.0498
0.0489
0.0493
0.0495
0.0497
0.0495
0.0488
0.0484
0.0491
0.0484
0.0495
0.0521
0.0525
0.054
0.0545
0.0547
0.053
0.0516
0.0515
0.0514
0.0519
0.054
0.056
0.0512
0.0505
0.0498
0.05
0.0497
0.0524
0.0516
0.052
0.0523
0.0535
0.0535
0.0543
0.0532
0.0527
0.0506
0.0494
0.0498
0.049
0.0499
0.0495
0.0506
0.0524
0.0526
0.0528
0.0527
0.0519
0.052
0.053
0.054
0.0537
0.053
0.0527
0.0524
0.0524
0.0521
0.0519
0.0508
0.0498
0.0499
0.0498
0.0509
0.0506
0.0498
0.0497
0.0506
0.0505
0.0504
0.0504
0.0501
0.0496
0.0498
0.0498
0.0492
0.05
0.0497
0.05
0.0498
0.0494
0.0489
0.049
0.046
0.0452
0.0448
0.0446
0.0446
0.0446
0.042
0.0392
0.0388
0.0397
0.0387
0.0393
0.041
0.0415
0.04
0.0407
0.0402
0.0409
0.0402
0.0394
0.0398
0.0395
0.0401
0.0395
0.0396
0.0393
0.0398
0.0395
0.0394
0.0383
0.038
0.0369
0.0344
0.0342
0.0347
0.0347
0.035
0.0351
0.035
0.0369
0.0362
0.0359
0.0369
0.0365
0.034
0.0342
0.0349
0.0347
0.0349
0.0353
0.035
0.0349
0.0347
0.0342
0.0333
0.0345
0.0336
0.0338
0.0328
0.0344
0.0342
0.0345
0.0348
0.0344
0.0337
0.035
0.0369
0.0368
0.038
0.0371
0.0366
0.0363
0.0358
0.0349
0.035
0.0357
0.0354
0.0358
0.0359
0.0354
0.0358
0.0358
0.0365
0.0377
0.038
0.037
0.0377
0.0384
0.0389
0.0393
0.0393
0.0385
0.0383
0.0399
0.0399
0.0395
0.04
0.0402
0.0408
0.0402
0.0408
0.0455
0.0475
0.0479
0.0445
0.0462
0.046
0.0442
0.045
0.0427
0.0424
0.0433
0.0428
0.0429
0.0426
0.0435
0.0458
0.0449
0.0449
0.0447
0.0453
0.0464
0.0452
0.0472
0.0495
0.0497
0.0481
0.047
0.0457
0.0456
0.0457
0.0454
0.0461
0.0462
0.0455
0.0453
0.0451
0.0453
0.045
0.0449
0.0453
0.0457
0.0456
0.0452
0.0447
0.045
0.0449
0.045
0.0448
0.0448
0.0449
0.0445
0.0449
0.045
0.0446
0.0445
0.044
0.0445
0.0445
0.0444
0.0446
0.0439
0.0425
0.0409
0.0408
0.0393
0.0395
0.0394
0.049
0.0502
0.0519
0.0515
0.0501
0.0506
0.0537
0.0547
0.0525
0.053
0.0527
0.0524
0.0505
0.0491
0.049
0.0498
0.0505
0.05
0.0508
0.0578
0.0587
0.0565
0.0576
0.0576
0.0549
0.0549
0.0542
0.0544
0.0556
0.0553
0.055
0.0585
0.0578
0.0566
0.0564
0.0567
0.0587
0.0577
0.0575
0.0573
0.061
0.0606
0.0618
0.0595
0.0597
0.0598
0.059
0.0599
0.0625
0.0635
0.0626
0.064
0.0625
0.0636
0.063
0.0648
0.0632
0.0638
0.0645
0.064
0.0647
0.0636
0.062
0.0612
0.0636
0.0618
0.0616
0.0624
0.0628
0.0607
0.0637
0.0633
0.0594
0.06
0.0605
0.0604
0.0586
0.0576
0.0576
0.058
0.0589
0.0593
0.0584
0.0576
0.0586
0.0579
0.0573
0.0575
0.0575
0.0568
0.0575
0.0587
0.0588
0.0578
0.0577
0.059
0.059
0.0592
0.059
0.0584
0.0576
0.0576
0.0574
0.0573
0.0573
0.0573
0.0574
0.0562
0.0561
0.0564
0.0551
0.0504
0.0511
0.0506
0.0512
0.0518
0.0526
0.0528
0.054
0.0539
0.054
0.0548
0.0544
0.0532
0.0547
0.0578
0.0573
0.0573
0.0562
0.0566
0.0563
0.0594
0.0663
0.0662
0.0664
0.0641
0.0643
0.0661
0.0669
0.067
0.066
0.0654
0.0657
0.0654
0.0645
0.0636
0.0635
0.0633
0.0626
0.064
0.0652
0.0651
0.0666
0.065
0.0641
0.0648
0.0653
0.0657
0.0658
0.0661
0.0658
0.0571
0.0576
0.0574
0.0578
0.0592
0.0578
0.0579
0.0579
0.0589
0.0593
0.0605
0.062
0.0618
0.0625
0.0627
0.0621
0.0611
0.0611
0.0623
0.0624
0.0653
0.065
0.0638
0.0633
0.0647
0.0662
0.0786
0.0753
0.075
0.0737
0.0749
0.0734
0.0734
0.0742
0.0736
0.0736
0.0726
0.072
0.0716
0.0736
0.0737
0.0734
0.0734
0.0715
0.0715
0.0717
0.0715
0.0698
0.067
0.0669
0.0672
0.0671
0.0659
0.0631
0.0636
0.0643
0.064
0.0638
0.0627
0.0624
0.0626
0.0697
0.0689
0.0696
0.0693
0.0687
0.0778
0.0796
0.0801
0.0793
0.0783
0.0799
0.0766
0.0771
0.0753
0.078
0.078
0.0757
0.076
0.0755
0.0755
0.0778
0.0767
0.0757
0.0766
0.0771
0.0768
0.0767
0.0763
0.0748
0.0773
0.0714
0.0677
0.0653
0.0653
0.0646
0.0664
0.06565
0.0665
0.06495
0.06415
0.0635
0.0629
0.0622
0.0626
0.06195
0.06245
0.06225
0.0619
0.05995
0.06135
0.06085
0.06
0.0584
0.0589
0.0596
0.05915
0.05985
0.0601
0.0594
0.05895
0.05855
0.0577
0.05715
0.0565
0.0574
0.05765
0.05685
0.0574
0.0555
0.0551
0.055
0.0549
0.0544
0.055
0.0545
0.054
0.05425
0.05445
0.05555
0.05655
0.0564
0.05645
0.0565
0.0567
0.0568
0.0582
0.0632
0.06215
0.06255
0.0627
0.0631
0.0665
0.06635
0.0653
0.0637
0.06335
0.06445
0.06495
0.06495
0.065
0.06515
0.0644
0.06545
0.06625
0.06605
0.06615
0.06545
0.0643
0.06405
0.06145
0.0618
0.0652
0.06645
0.06445
0.06425
0.0643
0.06325
0.0636
0.06405
0.06385
0.0671
0.0672
0.0669
0.06995
0.06855
0.0848
0.0789
0.08025
0.07825
0.0762
0.07385
0.07025
0.0713
0.06955
0.06985
0.06875
0.07125
0.0709
0.07035
0.0702
0.07015
0.0707
0.07165
0.06935
0.0683
0.0692
0.06705
0.0677
0.0677
0.0669
0.0679
0.0683
0.06765
0.06775
0.06765
0.0681
0.068
0.0668
0.07015
0.07045
0.07065
0.07045
0.07045
0.0726
0.07365
0.0741
0.07405
0.0736
0.07355
0.0731
0.0737
0.07385
0.07265
0.07275
0.0723
0.0714
0.0719
0.0721
0.07255
0.0729
0.07305
0.0724
0.0719
0.072
0.0717
0.072
0.075
0.07745
0.0775
0.0775
0.07435
0.06825
0.06915
0.0683
0.0674
0.06795
0.06835
0.0687
0.0682
0.06805
0.0676
0.0682
0.0676
0.0679
0.06775
0.067
0.06715
0.06715
0.0665
0.0664
0.0658
0.0647
0.06505
0.0653
0.0651
0.06495
0.065
0.065
0.06495
0.06505
0.0629
0.0625
0.06255
0.0625
0.0605
0.0604
0.06145
0.061
0.0617
0.06085
0.0601
0.0588
0.0593
0.05795
0.0579
0.05815
0.05835
0.0581
0.05955
0.05935
0.05865
0.05895
0.05945
0.05995
0.0602
0.06
0.06015
0.0607
0.0613
0.06115
0.06055
0.0608
0.06115
0.0607
0.0603
0.06075
0.06055
0.0606
0.06
0.05975
0.05975
0.05965
0.05945
0.0588
0.05875
0.05875
0.05905
0.05755
0.0576
0.0561
0.0562
0.05585
0.05675
0.05655
0.0567
0.05645
0.0563
0.05605
0.05615
0.05665
0.05695
0.0572
0.0576
0.0582
0.0574
0.0576
0.05735
0.05715
0.0568
0.05675
0.0572
0.05785
0.05865
0.05865
0.05895
0.05855
0.0587
0.0583
0.0586
0.0585
0.059
0.0586
0.0595
0.0594
0.06005
0.0609
0.0609
0.0606
0.0602
0.0603
0.05965
0.05915
0.05905
0.06
0.06035
0.06025
0.06
0.06015
0.06
0.05975
0.06035
0.0601
0.0603
0.0607
0.06085
0.06055
0.06135
0.06205
0.06245
0.06195
0.06135
0.061
0.06115
0.06165
0.06145
0.0606
0.061
0.0609
0.0612
0.06185
0.06275
0.0618
0.0612
0.06095
0.0615
0.0593
0.0601
0.06095
0.06045
0.06
0.05955
0.0601
0.06035
0.06
0.06
0.06005
0.06035
0.0607
0.06105
0.06105
0.06225
0.06165
0.0613
0.0616
0.06125
0.06015
0.05915
0.0575
0.05505
0.057
0.05755
0.05775
0.05725
0.05585
0.05235
0.05095
0.0481
0.047
0.04565
0.04545
0.0435
0.0442
0.0459
0.046
0.04785
0.0487
0.0485
0.04805
0.04855
0.04855
0.04895
0.05
0.05055
0.051
0.0494
0.0509
0.05105
0.0516
0.0508
0.0506
0.05
0.05045
0.05135
0.0505
0.0506
0.05125
0.05165
0.05145
0.05065
0.0514
0.05145
0.0512
0.0506
0.05065
0.0506
0.0506
0.05045
0.05035
0.04985
0.04975
0.0499
0.05055
0.0504
0.0507
0.05075
0.05015
0.0505
0.0512
0.0514
0.05155
0.0511
0.0514
0.052
0.0516
0.0519
0.0515
0.05195
0.0516
0.05155
0.05105
0.0504
0.05045
0.0503
0.0503
0.05005
0.05015
0.0499
0.0502
0.0501
0.0501
0.04995
0.04995
0.05015
0.0501
0.0497
0.0497
0.0488
0.04915
0.0493
0.0488
0.049
0.0491
0.04945
0.05025
0.05025
0.04995
0.05035
0.0505
0.0505
0.05045
0.0503
0.0503
0.0503
0.0502
0.05
0.0499
0.0499
0.05
0.05065
0.05065
0.05085
0.05125
0.05105
0.05095
0.05095
0.05045
0.05005
0.0504
0.0505
0.0505
0.05045
0.0499
0.0499
0.0498
0.0494
0.04945
0.0495
0.0493
0.0494
0.04905
0.04895
0.0479
0.048
0.04825
0.0488
0.0484
0.0487
0.0484
0.0481
0.0483
0.04815
0.0479
0.0478
0.04815
0.04795
0.0477
0.04765
0.0475
0.04735
0.04725
0.0472
0.047
0.04695
0.047
0.0476
0.04765
0.0474
0.04725
0.047
0.047
0.0469
0.04665
0.04645
0.04575
0.0457
0.04495
0.045
0.0449
0.0448
0.04495
0.0451
0.04495
0.0451
0.0453
0.0451
0.04505
0.0451
0.046
0.0467
0.0478
0.0472
0.0476
0.0474
0.0478
0.0479
0.04785
0.049
0.049
0.0487
0.04895
0.04905
0.04935
0.0481
0.04775
0.04795
0.0471
0.04725
0.04685
0.0465
0.0467
0.04695
0.0475
0.0471
0.04745
0.04715
0.0474
0.0476
0.0475
0.0485
0.04855
0.04895
0.04895
0.04895
0.049
0.04925
0.04885
0.0489
0.0492
0.04935
0.04925
0.04935
0.04975
0.04845
0.0478
0.0485
0.04855
0.04825
0.04815
0.0479
0.04825
0.0485
0.0485
0.0485
0.04875
0.049
0.0486
0.0483
0.0481
0.0477
0.04815
0.04805
0.048
0.04785
0.0475
0.0476
0.0471
0.0469
0.0472
0.04665
0.04675
0.0472
0.04705
0.0468
0.04615
0.0463
0.0469
0.04695
0.04685
0.047
0.0466
0.04665
0.047
0.0468
0.0464
0.0466
0.046
0.04575
0.04565
0.0457
0.0457
0.0462
0.0464
0.04645
0.04635
0.04755
0.0471
0.0473
0.04735
0.04705
0.04665
0.0466
0.0463
0.0461
0.0461
0.04575
0.0458
0.0458
0.04585
0.046
0.04595
0.046
0.0457
0.04595
0.04575
0.04585
0.0457
0.0459
0.04585
0.04565
0.0459
0.04565
0.0457
0.04585
0.04595
0.0459
0.0475
0.0474
0.04685
0.04605
0.0457
0.04565
0.0459
0.04615
0.04625
0.04595
0.04585
0.04585
0.04605
0.04605
0.0459
0.04635
0.0464
0.04635
0.04645
0.04655
0.0461
0.046
0.04625
0.0462
0.0462
0.04605
0.0459
0.04585
0.0459
0.0458
0.04595
0.0459
0.04575
0.04585
0.0461
0.04565
0.04565
0.0456
0.04565
0.0453
0.0451
0.045
0.04475
0.0451
0.045
0.04505
0.0453
0.04515
0.0453
0.04565
0.04565
0.0457
0.0456
0.0454
0.0454
0.0454
0.04555
0.04525
0.0453
0.04505
0.0448
0.0447
0.0448
0.04465
0.0447
0.04455
0.0449
0.045
0.04555
0.0461
0.04625
0.0461
0.04585
0.0458
0.04595
0.04595
0.0464
0.0465
0.04625
0.046
0.0463
0.04605
0.04625
0.0463
0.046
0.0461
0.04605
0.04595
0.0461
0.0461
0.0462
0.0477
0.04655
0.046
0.0462
0.0465
0.04635
0.0463
0.046
0.0459
0.0465
0.04685
0.055
0.05255
0.0518
0.05835
0.05385
0.0534
0.0564
0.0557
0.05315
0.0516
0.0532
0.053
0.05205
0.05185
0.0522
0.05185
0.0516
0.05075
0.05075
0.0515
0.05135
0.0511
0.0507
0.0509
0.05095
0.05045
0.0503
0.0497
0.049
0.0485
0.04845
0.0481
0.04925
0.048
0.04785
0.04765
0.0479
0.0482
0.04735
0.0467
0.04675
0.0463
0.0466
0.04595
0.04515
0.04565
0.04565
0.0459
0.0453
0.0452
0.0456
0.0463
0.04595
0.0458
0.0456
0.0451
0.045
0.0451
0.04575
0.0457
0.04515
0.04515
0.04555
0.04545
0.04555
0.0451
0.0451
0.0449
0.04395
0.04405
0.0443
0.0439
0.0434
0.0433
0.044
0.0443
0.04425
0.0445
0.0442
0.0438
0.04375
0.0441
0.04335
0.04285
0.04325
0.0431
0.0429
0.04295
0.0436
0.043
0.04295
0.04205
0.04125
0.0414
0.02995
0.0335
0.0313
0.0357
0.03555
0.037
0.03805
0.03995
0.0409
0.041
0.03855
0.0386
0.0392
0.03885
0.0392
0.0377
0.03735
0.0375
0.0365
0.03785
0.03765
0.03715
0.037
0.0371
0.03705
0.0366
0.0362
0.0362
0.0364
0.0361
0.03585
0.03635
0.0369
0.0369
0.03695
0.03905
0.03855
0.0384
0.0374
0.03645
0.03595
0.0364
0.0363
0.03585
0.0356
0.0355
0.03565
0.03535
0.03535
0.03455
0.03455
0.0346
0.03285
0.033
0.0336
0.03355
0.0336
0.03395
0.03345
0.03285
0.03215
0.03245
0.03265
0.0322
0.032
0.0316
