close
1.05
1.045
1.0
0.997
0.995
0.981
0.959
0.96
0.962
0.975
0.974
1.034
1.061
0.998
1.019
0.97
0.979
0.99
0.996
0.965
0.96
0.938
0.929
0.91
0.896
0.815
0.829
0.879
0.894
0.85
0.853
0.859
0.85
0.837
0.915
0.972
0.93
0.972
0.957
0.938
0.903
0.88
0.894
0.945
0.93
0.894
0.931
0.91
0.907
0.929
0.925
0.93
0.939
0.94
0.932
0.935
0.935
0.92
0.935
1.03
1.098
1.029
1.05
1.09
1.09
1.111
1.11
1.13
1.16
1.16
1.1
1.08
1.09
1.11
1.14
1.163
1.206
1.125
1.118
1.074
1.041
1.034
1.005
0.961
1.029
0.998
1.008
1.017
1.0
1.0
0.996
1.0
0.981
0.977
0.966
0.957
0.923
0.926
0.941
0.95
0.975
0.972
0.97
0.974
0.93
0.935
0.949
0.995
0.965
0.97
0.986
1.032
1.055
1.01
1.0
0.988
0.989
0.995
0.981
0.97
0.989
0.97
0.96
0.975
0.964
0.96
0.98
0.961
0.959
0.958
0.95
1.009
0.989
1.0
0.989
0.976
0.988
0.983
1.002
1.07
1.11
1.139
1.155
1.22
1.211
1.197
1.209
1.2
1.2
1.2
1.21
1.21
1.191
1.232
1.3
1.475
1.35
1.335
1.379
1.412
1.464
1.477
1.464
1.415
1.43
1.39
1.322
1.375
1.37
1.338
1.358
1.335
1.34
1.31
1.257
1.277
1.24
1.21
1.16
1.159
1.132
1.17
1.178
1.203
1.201
1.285
1.349
1.337
1.356
1.34
1.339
1.314
1.296
1.293
1.259
1.242
1.264
1.272
1.268
1.3
1.35
1.353
1.325
1.289
1.27
1.288
1.305
1.314
1.338
1.313
1.324
1.33
1.315
1.319
1.3
1.28
1.27
1.261
1.146
1.14
1.205
1.235
1.239
1.266
1.28
1.33
1.321
1.329
1.347
1.379
1.456
1.425
1.448
1.594
1.63
1.578
1.574
1.555
1.479
1.435
1.422
1.436
1.459
1.437
1.43
1.47
1.499
1.519
1.478
1.485
1.506
1.457
1.494
1.54
1.565
1.568
1.577
1.603
1.612
1.606
1.585
1.582
1.619
1.635
1.661
1.672
1.68
1.659
1.635
1.633
1.626
1.613
1.615
1.637
1.667
1.637
1.663
1.67
1.735
1.709
1.61
1.62
1.659
1.672
1.678
1.662
1.621
1.599
1.544
1.567
1.541
1.509
1.548
1.589
1.568
1.537
1.538
1.518
1.451
1.456
1.418
1.356
1.375
1.429
1.388
1.355
1.354
1.399
1.331
1.259
1.298
1.357
1.316
1.368
1.385
1.371
1.384
1.38
1.394
1.474
1.449
1.453
1.45
1.454
1.45
1.443
1.477
1.46
1.447
1.443
1.46
1.465
1.425
1.432
1.417
1.416
1.35
1.355
1.35
1.385
1.368
1.372
1.339
1.319
1.316
1.323
1.32
1.315
1.295
1.298
1.289
1.317
1.32
1.348
1.343
1.368
1.375
1.36
1.385
1.39
1.411
1.415
1.406
1.414
1.41
1.439
1.42
1.405
1.376
1.408
1.408
1.428
1.454
1.42
1.394
1.391
1.377
1.35
1.356
1.36
1.363
1.354
1.37
1.385
1.393
1.401
1.416
1.423
1.419
1.426
1.438
1.406
1.405
1.4
1.41
1.392
1.4
1.397
1.39
1.4
1.395
1.39
1.407
1.412
1.408
1.408
1.44
1.429
1.42
1.412
1.418
1.415
1.427
1.468
1.47
1.518
1.522
1.521
1.546
1.525
1.513
1.514
1.538
1.595
1.637
1.612
1.583
1.599
1.595
1.627
1.627
1.63
1.63
1.656
1.685
1.648
1.68
1.712
1.73
1.767
1.69
1.719
1.75
1.76
1.761
1.795
1.814
1.81
1.834
1.798
1.765
1.736
1.712
1.716
1.741
1.734
1.725
1.698
1.694
1.675
1.676
1.694
1.705
1.705
1.679
1.65
1.619
1.663
1.68
1.712
1.671
1.655
1.66
1.647
1.645
1.609
1.63
1.634
1.638
1.635
1.635
1.616
1.59
1.647
1.67
1.695
1.698
1.663
1.639
1.614
1.559
1.586
1.56
1.559
1.55
1.545
1.508
1.495
1.496
1.507
1.521
1.5
1.4867
1.475
1.4593
1.4298
1.4299
1.4443
1.41
1.3949
1.393
1.39
1.4
1.4103
1.4747
1.4639
1.5047
1.5
1.5099
1.52
1.509
1.4625
1.4888
1.515
1.5277
1.5117
1.489
1.49
1.499
1.4929
1.4935
1.4429
1.465
1.4216
1.415
1.3616
1.3865
1.44
1.436
1.4658
1.427
1.4496
1.3962
1.394
1.365
1.3555
1.3597
1.34
1.3774
1.3921
1.385
1.349
1.3385
1.31
1.3385
1.321
1.325
1.3011
1.2995
1.2851
1.293
1.3071
1.3165
1.3019
1.3182
1.31
1.3
1.2827
1.3004
1.3287
1.3201
1.349
1.3702
1.405
1.3979
1.4257
1.49
1.502
1.51
1.486
1.45
1.51
1.5053
1.54
1.5638
1.57
1.6
1.6099
1.6347
1.63
1.65
1.6245
1.625
1.595
1.5722
1.5816
1.57
1.54
1.5436
1.5399
1.5199
1.54
1.5428
1.5698
1.5702
1.575
1.5375
1.545
1.5399
1.565
1.58
1.5253
1.56
1.4728
1.4202
1.37
1.398
1.4352
1.426
1.4719
1.5
1.47
1.5295
1.54
1.53
1.5056
1.5135
1.5387
1.528
1.5589
1.541
1.474
1.5007
1.51
1.5301
1.52
1.5001
1.52
1.5508
1.5831
1.5484
1.5175
1.5102
1.5306
1.515
1.4611
1.5
1.486
1.4602
1.46
1.4845
1.54
1.539
1.4791
1.49
1.4995
1.5395
1.4841
1.48
1.4899
1.51
1.4805
1.4706
1.51
1.499
1.4843
1.5026
1.5273
1.5239
1.5175
1.52
1.5212
1.5126
1.5361
1.5392
1.54
1.532
1.5275
1.5127
1.52
1.559
1.54
1.557
1.5152
1.5109
1.5196
1.51
1.5
1.55
1.5198
1.5199
1.57
1.5398
1.54
1.5282
1.5559
1.5476
1.5401
1.54
1.53
1.54
1.5365
1.55
1.5545
1.5453
1.541
1.535
1.531
1.5501
1.59
1.6
1.6101
1.6
1.65
1.719
1.6
1.63
1.63
1.6225
1.6162
1.5999
1.5777
1.5549
1.52
1.5001
1.5099
1.52
1.5166
1.5378
1.5101
1.506
1.5474
1.5155
1.53
1.54
1.5446
1.54
1.557
1.565
1.5291
1.529
1.517
1.52
1.5003
1.502
1.53
1.53
1.55
1.55
1.5479
1.5451
1.544
1.525
1.58
1.57
1.55
1.5521
1.53
1.55
1.58
1.5506
1.571
1.5541
1.56
1.552
1.5899
1.571
1.5737
1.57
1.555
1.58
1.58
1.6
1.6011
1.61
1.6
1.61
1.62
1.5989
1.57
1.566
1.5225
1.54
1.52
1.62
1.5497
1.53
1.5309
1.512
1.4929
1.468
1.445
1.4516
1.4225
1.405
1.34
1.342
1.3143
1.36
1.32
1.3455
1.3179
1.3329
1.29
1.2881
1.31
1.31
1.3101
1.3001
1.3468
1.2901
1.3038
1.23
1.26
1.29
1.248
1.299
1.2565
1.2561
1.27
1.2702
1.3001
1.26
1.27
1.2701
1.3
1.3
1.2949
1.274
1.306
1.3009
1.3449
1.364
1.3597
1.3259
1.306
1.331
1.3349
1.35
1.34
1.28
1.3
1.28
1.2998
1.28
1.254
1.2106
1.2044
1.2349
1.2087
1.2295
1.224
1.253
1.2646
1.275
1.3059
1.275
1.2889
1.2255
1.24
1.29
1.32
1.34
1.35
1.3202
1.2691
1.3
1.3
1.323
1.3269
1.3385
1.355
1.2942
1.3113
1.3097
1.2861
1.2714
1.2651
1.2974
1.28
1.2969
1.2321
1.2182
1.2
1.1851
1.185
1.253
1.2275
1.205
1.195
1.2361
1.2213
1.21
1.225
1.2197
1.207
1.2499
1.26
1.245
1.2157
1.2337
1.2118
1.2533
1.2204
1.205
1.2196
1.25
1.2439
1.2396
1.23
1.2221
1.2293
1.2397
1.22
1.225
1.2238
1.2114
1.227
1.227
1.2424
1.23
1.248
1.2649
1.25
1.254
1.24
1.2126
1.2172
1.2121
1.217
1.2135
1.245
1.2181
1.221
1.22
1.2329
1.248
1.2123
1.2245
1.24
1.217
1.24
1.2211
1.253
1.2766
1.3
1.3
1.3
1.3
1.33
1.3778
1.3749
1.4
1.4206
1.45
1.475
1.4689
1.448
1.44
1.4701
1.4655
1.476
1.495
1.4805
1.5121
1.5098
1.49
1.49
1.5
1.5198
1.51
1.5798
1.53
1.5
1.4801
1.6226
1.67
1.71
1.705
1.7051
1.73
1.73
1.7641
1.725
1.73
1.75
1.7879
1.74
1.7
1.7205
1.7398
1.7448
1.73
1.7645
1.7466
1.74
1.73
1.73
1.71
1.6751
1.67
1.69
1.68
1.7072
1.711
1.7324
1.682
1.7
1.6698
1.6201
1.62
1.61
1.6183
1.62
1.6299
1.6
1.675
1.66
1.6
1.5802
1.5842
1.636
1.6042
1.59
1.54
1.492
1.479
1.476
1.5
1.5
1.4701
1.4731
1.42
1.47
1.412
1.4931
1.4933
1.47
1.4371
1.4
1.291
1.35
1.351
1.3103
1.3
1.3011
1.3146
1.35
1.3845
1.3299
1.3506
1.31
1.35
1.3405
1.3999
1.4138
1.3023
1.3207
1.3528
1.3551
1.3542
1.3881
1.3709
1.382
1.43
1.3477
1.3445
1.3585
1.3814
1.34
1.342
1.332
1.331
1.315
1.3
1.285
1.305
1.286
1.2554
1.2124
1.234
1.265
1.2604
1.215
1.2
1.2006
1.2128
1.23
1.2042
1.223
1.2114
1.2135
1.2276
1.239
1.233
1.2366
1.235
1.2281
1.1799
1.2031
1.2435
1.2759
1.2961
1.3005
1.2705
1.2762
1.2963
1.291
1.2965
1.27
1.2643
1.23
1.25
1.2303
1.2598
1.231
1.2261
1.2251
1.2297
1.2218
1.241
1.24
1.2403
1.245
1.227
1.2227
1.21
1.2105
1.205
1.2468
1.2185
1.199
1.181
1.1592
1.164
1.1193
1.1042
1.0937
1.0964
1.129
1.1152
1.143
1.175
1.1708
1.1508
1.155
1.24
1.2005
1.1698
1.1929
1.191
1.1781
1.199
1.2
1.1979
1.1809
1.1771
1.1954
1.1807
1.1791
1.1903
1.1782
1.1898
1.191
1.2001
1.2007
1.1995
1.2015
1.277
1.277
1.2881
1.2604
1.2731
1.2555
1.265
1.271
1.275
1.265
1.2689
1.2648
1.262
1.2291
1.2048
1.2202
1.202
1.2402
1.219
1.1279
1.2
1.23
1.242
1.2514
1.2569
1.2148
1.2402
1.231
1.182
1.1901
1.2
1.1987
1.1661
1.152
1.1554
1.165
1.2035
1.2511
1.25
1.26
1.27
1.27
1.28
1.2903
1.335
1.365
1.3533
1.3676
1.3699
1.35
1.3938
1.425
1.3893
1.393
1.3999
1.394
1.38
1.3539
1.298
1.3022
1.2497
1.28
1.29
1.32
1.322
1.33
1.3
1.3228
1.32
1.3051
1.3222
1.313
1.305
1.3051
1.3289
1.3189
1.3177
1.3155
1.318
1.345
1.324
1.34
1.33
1.333
1.33
1.32
1.3259
1.3279
1.33
1.3301
1.3253
1.33
1.08
1.07
1.075
1.03
1.0395
1.008
1.0098
0.9821
0.95
0.9715
1.0003
0.9949
0.9862
0.9649
0.9988
0.9921
1.0004
1.0009
1.0241
1.0314
1.0321
1.0479
1.0613
1.0785
1.0625
1.052
1.0799
1.1999
1.153
1.1449
1.12
1.1208
1.1791
1.1689
1.151
1.1424
1.1325
1.107
1.1111
1.1083
1.15
1.13
1.1503
1.1401
1.165
1.1698
1.15
1.255
1.2282
1.1999
1.175
1.1996
1.2165
1.24
1.2251
1.1878
1.19
1.18
1.19
1.2797
1.235
1.2499
1.2499
1.2155
1.203
1.2258
1.2057
1.195
1.2
1.25
1.2328
1.2413
1.2298
1.204
1.2
1.23
1.254
1.2548
1.2304
1.2521
1.2601
1.2502
1.2535
1.256
1.2522
1.2025
1.2198
1.175
1.1889
1.1771
1.155
1.0806
1.035
1.0311
1.051
1.0618
1.06
1.0332
1.0233
1.0045
1.0084
1.0201
1.02
1.0249
1.0272
1.0249
1.0101
1.0199
1.0125
1.0227
1.02
1.024
1.0229
1.0328
1.0102
1.0154
1.0173
1.0131
1.0269
1.0122
1.0018
1.024
1.019
1.011
1.0103
1.0194
1.026
1.0201
1.0129
1.0085
1.0108
1.0101
1.004
1.0004
0.9849
1.0097
1.0008
1.0026
1.0082
1.0025
1.0009
1.0
0.9999
1.0
1.0045
0.975
0.95
0.945
0.93
0.93
0.93
0.93
0.925
0.925
0.905
0.905
0.9
0.905
0.93
0.935
0.95
0.95
0.955
0.955
0.985
1.0
1.005
1.0
1.0
1.005
1.005
1.005
0.995
0.995
1.0
1.0
1.0
0.995
0.995
0.98
0.98
0.985
0.975
0.98
0.975
1.0
1.025
0.985
0.985
1.0
1.02
1.05
1.065
1.08
1.1
1.13
1.12
1.155
1.225
1.275
1.27
1.23
1.2
1.185
1.17
1.2
1.235
1.33
1.285
1.25
1.215
1.22
1.245
1.18
1.145
1.13
1.125
1.14
1.115
1.145
1.14
1.13
1.135
1.1
1.095
1.075
1.05
1.065
1.08
1.04
1.05
1.05
1.05
1.055
1.08
1.09
1.135
1.16
1.17
1.115
1.13
1.135
1.105
1.09
1.08
1.065
1.115
1.13
1.135
1.135
1.14
1.12
1.09
1.085
1.08
1.09
1.11
1.09
1.085
1.09
1.05
1.055
1.04
1.055
1.03
1.0
1.02
1.0
0.985
0.99
1.02
1.0
1.0
0.99
0.995
0.995
0.995
1.015
1.0
0.99
1.01
0.99
0.995
0.99
0.985
0.975
0.96
0.95
0.92
0.935
0.92
0.925
0.95
0.93
0.915
0.915
0.905
0.91
0.9
0.9
0.88
0.88
0.89
0.905
0.89
0.875
0.88
0.89
0.89
0.87
0.88
0.88
0.875
0.86
0.88
0.88
0.89
0.875
0.88
0.895
0.885
0.895
0.895
0.895
0.895
0.875
0.87
0.875
0.865
0.865
0.865
0.875
0.845
0.84
0.845
0.845
0.835
0.83
0.835
0.835
0.835
0.83
0.83
0.82
0.825
0.83
0.835
0.82
0.82
0.82
0.8
0.805
0.805
0.825
0.82
0.835
0.835
0.835
0.84
0.84
0.83
0.825
0.83
0.825
0.83
0.825
0.83
0.83
0.815
0.815
0.845
0.89
0.895
0.875
0.86
0.87
0.88
0.86
0.865
0.86
0.85
0.855
0.865
0.86
0.84
0.845
0.855
0.855
0.87
0.845
0.845
0.825
0.83
0.82
0.825
0.825
0.825
0.815
0.815
0.815
0.805
0.8
0.805
0.8
0.79
0.815
0.815
0.805
0.79
0.8
0.8
0.8
0.8
0.785
0.79
0.795
0.815
0.825
0.825
0.819
0.827
0.825
0.817
0.81
0.794
0.791
0.787
0.8
0.793
0.798
0.808
0.809
0.803
0.78
0.789
0.784
0.766
0.773
0.758
0.76
0.759
0.753
0.75
0.751
0.76
0.755
0.75
0.746
0.756
0.759
0.757
0.753
0.752
0.755
0.752
0.752
0.75
0.749
0.748
0.75
0.749
0.77
0.77
0.752
0.757
0.75
0.741
0.728
0.742
0.749
0.74
0.74
0.749
0.749
0.746
0.75
0.745
0.752
0.752
0.75
0.754
0.769
0.766
0.759
0.752
0.755
0.749
0.756
0.758
0.756
0.755
0.759
0.76
0.76
0.763
0.765
0.767
0.776
0.793
0.783
0.788
0.788
0.786
0.799
0.807
0.8
0.81
0.819
0.819
0.825
0.82
0.816
0.812
0.804
0.809
0.801
0.812
0.811
0.809
0.807
0.808
0.808
0.814
0.812
0.854
0.859
0.849
0.859
0.862
0.86
0.859
0.846
0.84
0.87
0.868
0.857
0.875
0.88
0.877
0.877
0.868
1.039
1.059
1.021
1.034
1.061
1.039
1.022
1.021
1.033
1.034
1.031
1.029
1.026
1.034
1.035
1.028
1.029
1.024
1.026
1.044
1.039
1.043
1.041
1.035
1.045
1.04
1.031
1.032
1.039
1.04
1.039
1.045
1.04
1.042
1.044
0.928
0.898
0.88
0.878
0.899
0.891
0.893
0.88
0.877
0.884
0.88
0.878
0.879
0.875
0.887
0.886
0.89
0.888
0.88
0.886
0.888
0.92
0.962
0.953
0.94
0.933
0.942
0.945
0.913
0.918
0.929
0.934
0.945
0.959
0.951
0.955
0.95
0.956
0.938
0.944
0.928
0.933
0.94
0.954
0.943
0.94
0.961
0.932
0.944
0.94
0.94
0.933
0.939
0.946
0.947
0.95
0.96
0.948
0.953
0.96
1.0
1.03
1.016
0.99
0.985
0.99
0.965
0.962
0.951
0.948
0.955
0.968
0.969
0.956
0.955
0.948
0.942
0.942
0.95
0.946
0.947
0.932
0.934
0.913
0.904
0.902
0.891
0.864
0.86
0.86
0.862
0.892
0.877
0.874
0.89
0.888
0.874
0.879
0.895
0.897
0.902
0.895
0.898
0.894
0.886
0.877
0.875
0.873
0.875
0.872
0.872
0.88
0.893
0.895
0.899
0.89
0.889
0.888
0.9
0.938
0.968
0.945
0.961
0.955
0.985
1.06
0.98
1.002
0.988
0.935
0.901
0.92
0.93
0.934
0.93
0.898
0.923
0.915
0.93
0.935
0.944
0.943
0.927
0.927
0.929
0.928
0.933
0.965
0.95
0.952
0.955
0.98
0.972
0.97
1.016
1.031
1.018
1.024
1.04
1.06
1.073
1.069
1.026
1.008
1.023
1.02
1.02
1.001
0.994
1.01
1.025
1.038
1.039
1.003
0.98
0.974
0.97
0.974
0.969
0.97
0.984
0.941
0.98
1.035
1.037
1.049
1.048
1.05
1.05
1.036
1.015
1.005
1.008
0.985
1.009
1.01
1.01
0.997
0.994
0.996
0.994
0.998
0.97
0.948
0.955
0.942
0.944
0.948
0.96
0.951
0.951
0.944
0.949
0.981
0.991
0.987
0.99
1.004
0.999
0.981
0.989
0.985
0.985
0.978
0.983
0.976
0.975
0.985
0.918
0.9
0.893
0.886
0.882
0.877
0.87
0.871
0.905
0.894
0.877
0.873
0.875
0.882
0.88
0.877
0.875
0.871
0.861
0.833
0.821
0.827
0.802
0.803
0.802
0.809
0.81
0.812
0.8
0.8
0.791
0.796
0.801
0.791
0.798
0.819
0.83
0.819
0.828
0.835
0.845
0.84
0.829
0.827
0.832
0.842
0.833
0.853
0.88
0.87
0.866
0.855
0.86
0.856
0.857
0.853
0.855
0.859
0.856
0.852
0.847
0.861
0.877
0.872
0.89
0.88
0.887
0.893
0.9
0.933
0.93
0.911
0.91
0.91
0.896
0.892
0.885
0.883
0.896
0.896
0.89
0.883
0.891
0.888
0.872
0.878
0.895
0.889
0.891
0.89
0.889
0.89
0.883
0.886
0.889
0.882
0.885
0.884
0.887
0.886
0.89
0.886
0.886
0.889
0.887
0.883
0.885
0.878
0.864
0.857
0.853
0.853
0.851
0.851
0.856
0.845
0.84
0.835
0.826
0.825
0.836
0.841
0.84
0.84
0.844
0.866
0.874
0.859
0.85
0.841
0.847
0.841
0.843
0.844
0.85
0.85
0.84
0.836
0.828
0.836
0.834
0.828
0.833
0.831
0.816
0.819
0.83
0.835
0.84
0.848
0.831
0.817
0.839
0.87
0.875
0.875
0.9
0.91
0.91
0.899
0.893
0.894
0.896
0.883
0.892
0.886
0.881
0.872
0.87
0.859
0.85
0.859
0.87
0.866
0.869
0.866
0.858
0.855
0.858
0.849
0.85
0.84
0.833
0.81
0.82
0.82
0.818
0.81
0.815
0.822
0.817
0.81
0.805
0.8
0.801
0.808
0.809
0.812
0.808
0.801
0.804
0.8
0.79
0.802
0.8
0.803
0.807
0.803
0.808
0.803
0.796
0.799
0.797
0.796
0.78
0.775
0.775
0.77
0.78
0.77
0.772
0.766
0.77
0.775
0.759
0.71
0.708
0.704
0.718
0.712
0.703
0.708
0.724
0.722
0.717
0.723
0.718
0.718
0.729
0.743
0.735
0.735
0.745
0.74
0.744
0.754
0.748
0.742
0.746
0.741
0.737
0.736
0.739
0.735
0.732
0.732
0.726
0.719
0.723
0.719
0.714
0.716
0.709
0.72
0.72
0.723
0.722
0.717
0.714
0.722
0.73
0.726
0.723
0.7
0.692
0.684
0.684
0.689
0.683
0.686
0.68
0.68
0.687
0.692
0.684
0.688
0.686
0.689
0.694
0.69
0.689
0.68
0.681
0.688
0.714
0.733
0.73
0.718
0.71
0.722
0.721
0.737
0.73
0.733
0.73
0.746
0.726
0.728
0.718
0.725
0.731
0.717
0.714
0.708
0.702
0.7
0.697
0.698
0.707
0.71
0.718
0.707
0.695
0.693
0.704
0.702
0.704
0.697
0.7
0.702
0.696
0.699
0.69
0.688
0.684
0.685
0.689
0.684
0.693
0.7
0.7
0.708
0.701
0.695
0.693
0.694
0.693
0.694
0.701
0.694
0.701
0.708
0.704
0.705
0.707
0.702
0.699
0.691
0.69
0.692
0.699
0.698
0.696
0.696
0.693
0.69
0.684
0.682
0.683
0.689
0.694
0.7
0.695
0.6985
0.6975
0.6955
0.6915
0.6835
0.689
0.6895
0.684
0.682
0.685
0.6835
0.6825
0.679
0.6765
0.6765
0.668
0.6715
0.674
0.679
0.6755
0.681
0.6805
0.6735
0.672
0.671
0.6705
0.674
0.673
0.671
0.6675
0.669
0.6635
0.67
0.6625
0.6605
0.66
0.6525
0.654
0.656
0.6565
0.66
0.6635
0.6625
0.661
0.665
0.673
0.678
0.6795
0.6855
0.6945
0.6985
0.706
0.7
0.693
0.709
0.7145
0.717
0.7115
0.704
0.699
0.7
0.6995
0.6955
0.699
0.7
0.6985
0.699
0.698
0.7005
0.69
0.7
0.702
0.7
0.702
0.706
0.7085
0.7
0.692
0.6885
0.6835
0.6915
0.687
0.69
0.6835
0.683
0.678
0.6785
0.6795
0.684
0.68
0.6785
0.68
0.675
0.6745
0.6705
0.6835
0.681
0.6865
0.683
0.682
0.6835
0.6845
0.682
0.6845
0.694
0.6925
0.688
0.695
0.6955
0.7015
0.698
0.691
0.6905
0.6905
0.69
0.6895
0.7
0.699
0.695
0.695
0.691
0.697
0.696
0.6995
0.7025
0.7045
0.705
0.7135
0.7075
0.6965
0.7005
0.7085
0.7055
0.709
0.715
0.7155
0.718
0.7115
0.711
0.72
0.7205
0.718
0.7275
0.7295
0.7215
0.72
0.719
0.7255
0.7285
0.7295
0.7495
0.764
0.78
0.815
0.814
0.7935
0.7855
0.7905
0.734
0.7275
0.729
0.731
0.722
0.72
0.7245
0.725
0.734
0.736
0.7375
0.7375
0.732
0.7265
0.7275
0.7305
0.7255
0.7235
0.7185
0.723
0.7245
0.733
0.736
0.738
0.736
0.7595
0.755
0.7575
0.756
0.75
0.7455
0.7465
0.743
0.753
0.749
0.747
0.7475
0.7345
0.7345
0.725
0.7295
0.738
0.76
0.7525
0.7505
0.7775
0.7785
0.7765
0.782
0.766
0.7725
0.771
0.7705
0.7845
0.7825
0.789
0.7965
0.8095
0.9165
0.9115
0.91
0.8985
0.888
0.881
0.89
0.876
0.8725
0.8585
0.862
0.8695
0.873
0.867
0.85
0.8545
0.849
0.854
0.8525
0.86
0.872
0.8665
0.868
0.867
0.8905
0.8875
0.888
0.889
0.8925
0.8905
0.884
0.937
0.925
0.9485
0.9445
0.923
0.95
1.012
1.0185
1.022
1.015
1.026
1.017
1.0115
1.0105
1.0185
1.0155
1.068
1.071
1.1035
1.1315
1.1815
1.1345
1.1225
1.116
1.113
1.1105
1.069
1.0805
1.07
1.072
1.089
1.1025
1.1155
1.113
1.115
1.1165
1.135
1.1695
1.1605
1.1875
1.19
1.195
1.192
1.182
1.1915
1.1915
1.216
1.25
1.245
1.245
1.2605
1.2405
1.195
1.215
1.211
1.2015
1.17
1.175
1.1575
1.1405
1.1555
1.151
1.1615
1.24
1.253
1.249
1.2255
1.22
1.215
1.2165
1.2065
1.2125
1.213
1.2155
1.227
1.244
1.28
1.2485
1.23
1.2235
1.231
1.1975
1.2375
1.163
1.083
1.1085
1.1345
1.115
1.115
1.0655
1.009
0.9875
0.904
0.9145
0.9
0.8865
0.8295
0.9015
0.94
0.9355
0.9935
0.978
1.0
0.957
0.962
0.9825
0.967
0.98
0.9885
1.017
1.0005
1.023
1.04
1.0245
1.003
1.017
0.9895
0.994
0.9995
0.997
0.985
1.0055
1.017
1.011
1.012
1.031
1.009
1.0095
1.007
1.0015
1.0135
1.031
1.0295
1.036
1.03
1.025
1.0595
1.083
1.078
1.123
1.117
1.1285
1.158
1.1775
1.155
1.173
1.165
1.169
1.162
1.1525
1.147
1.148
1.1285
1.126
1.1235
1.109
1.116
1.1255
1.1345
1.125
1.122
1.1075
1.12
1.117
1.1055
1.0995
1.0935
1.112
1.1115
1.1245
1.122
1.119
1.112
1.1155
1.117
1.0985
1.1135
1.1175
1.114
1.124
1.142
1.157
1.158
1.193
1.214
1.1965
1.2125
1.195
1.199
1.18
1.186
1.187
1.18
1.1785
1.178
1.18
1.179
1.1885
1.1985
1.212
1.222
1.2285
1.1965
1.184
1.172
1.1675
1.173
1.158
1.154
1.21
1.2085
1.186
1.177
1.159
1.1615
1.1705
1.163
1.1645
1.1805
1.1815
1.177
1.1795
1.1825
1.18
1.18
1.173
1.178
1.1755
1.1685
1.17
1.1625
1.163
1.161
1.164
1.169
1.1705
1.167
1.17
1.161
1.1675
1.16
1.156
1.155
1.17
1.17
1.1795
1.189
1.187
1.2165
1.1995
1.18
1.1855
1.2265
1.2205
1.2285
1.24
1.2475
1.2425
1.2365
1.2445
1.2535
1.252
1.2535
1.271
1.2705
1.2825
1.2775
1.2855
1.297
1.32
1.299
1.295
1.325
1.348
1.3795
1.3895
1.387
1.382
1.372
1.352
1.363
1.3595
1.3545
1.353
1.357
1.3615
1.375
1.3515
1.3215
1.322
1.325
1.329
1.325
1.3545
1.395
1.39
1.393
1.391
1.3845
1.3885
1.3765
1.383
1.372
1.3645
1.41
1.4865
1.5035
1.5045
1.448
1.4005
1.4435
1.43
1.428
1.4345
1.418
1.4205
1.37
1.3545
1.351
1.346
1.338
1.335
1.327
1.3255
1.32
1.363
1.3915
1.388
1.3125
1.271
1.273
1.253
1.25
1.263
1.189
1.17
1.25
1.254
1.252
1.2255
1.243
1.2385
1.234
1.2245
1.2225
1.2145
1.19
1.184
1.1925
1.187
1.1785
1.1915
1.1835
1.215
1.21
1.2185
1.2135
1.209
1.2225
1.2105
1.2
1.184
1.1795
1.1755
1.182
1.178
1.1995
1.1905
1.2055
1.1835
1.181
1.187
1.181
1.188
1.194
1.2055
1.1965
1.22
1.2125
1.212
1.2255
1.2185
1.23
1.24
1.224
1.237
1.2295
1.2265
1.244
1.2405
1.2245
1.2405
1.247
1.245
1.257
1.242
1.2425
1.2455
1.219
1.214
1.202
1.191
1.1825
1.1855
1.1805
1.189
1.1845
1.1885
1.1875
1.1845
1.175
1.1855
1.183
1.1765
1.172
1.1725
1.1715
1.173
1.172
1.17
1.1725
1.191
1.19
1.202
1.186
1.1895
1.178
1.189
1.1955
1.1985
1.179
1.191
1.183
1.1645
1.178
1.183
1.1765
1.19
1.1955
1.2
1.2015
1.24
1.2385
1.2415
1.234
1.2275
1.2255
1.219
1.2255
1.231
1.2245
1.222
1.224
1.2195
1.2115
1.209
1.1945
1.191
1.203
1.21
1.244
1.238
1.227
1.224
1.22
1.2215
1.269
1.2645
1.31
1.3295
1.321
1.312
1.33
1.3275
1.3165
1.327
1.326
1.317
1.291
1.2965
1.314
1.316
1.309
1.312
1.3
1.2885
1.2805
1.27
1.2895
1.294
1.281
1.284
1.311
1.324
1.3275
1.339
1.3775
1.395
1.3865
1.4195
1.4635
1.4125
1.426
1.445
1.4495
1.44
1.389
1.35
1.3425
1.335
1.314
1.3205
1.344
1.361
1.3345
1.3505
1.3295
1.3425
1.3385
1.31
1.323
1.306
1.269
1.2895
1.298
1.2965
1.26
1.27
1.26
1.2735
1.27
1.2695
1.247
1.265
1.248
1.262
1.2715
1.2415
1.2215
1.2455
1.2575
1.244
1.243
1.248
1.2525
1.25
1.253
1.2555
1.241
1.2415
1.2395
1.253
1.2685
1.2835
1.274
1.268
1.274
1.2695
1.257
1.2315
1.219
1.175
1.19
1.1985
1.202
1.1635
1.164
1.1765
1.194
1.194
1.2025
1.1955
1.192
1.1915
1.19
1.2025
1.203
1.21
1.235
1.205
1.195
1.149
1.149
1.1445
1.12
1.0
1.0155
0.6985
0.8115
0.71
0.722
0.7985
0.8725
0.935
0.947
0.8795
1.0245
0.964
0.9625
0.932
0.9185
0.9225
0.88
0.8995
0.884
0.87
0.871
0.881
0.8765
0.8685
0.8815
0.9
0.899
0.9015
0.9195
0.93
0.9425
0.9565
0.944
0.947
0.957
0.977
0.9645
0.9585
0.941
0.9005
0.884
0.9
0.9085
0.891
0.922
0.9095
0.91
0.907
0.8985
0.8985
0.897
0.904
0.908
0.9185
0.911
0.9345
0.9585
0.9765
0.9975
0.9955
1.006
0.987
0.996
1.039
1.0385
1.044
0.923
