close
15.98
15.97
15.96
15.944
15.95
15.95
15.95
15.95
15.94
15.93
16.296
16.1
16.096
16.1
16.1
16.1
16.09
16.1
16.1
16.1
16.1
16.09
16.1
16.1
16.1
16.1
16.1
16.1
16.084
16.48
15.984
15.99
16.0
15.84
15.85
15.85
15.85
15.818
15.81
15.8
15.8
15.8
15.8
15.8
15.8
15.8
15.8
15.8
15.8
15.784
15.79
15.8
15.8
15.8
15.8
15.8
15.8
15.8
15.8
15.8
15.81
15.8
15.8
15.8
15.8
15.8
15.8
15.8
15.8
15.8
15.8
15.8
15.8
15.8
15.8
15.8
15.8
15.8
15.8
15.8
15.8
15.75
15.75
15.8
15.4
15.3
15.2
15.2
15.0
15.7
15.6
15.4
16.0
15.4
15.3
15.1
15.8
15.7
15.65
15.6
15.7
15.6
15.5
15.45
15.45
15.9
15.75
15.6
16.5
16.35
15.5
15.45
15.45
15.4
15.35
15.3
15.25
15.25
15.2
15.15
15.8
15.8
15.6
15.6
15.7
15.3
16.0
15.8
15.8
15.7
15.8
15.7
15.65
15.6
15.6
15.7
15.7
15.7
15.7
15.7
16.45
15.7
15.65
15.6
15.4
15.4
15.45
15.4
15.0
15.0
15.4
13.6
15.0
14.9
15.45
15.05
15.0
12.0
14.0
13.5
15.4
15.35
15.0
15.3
15.5
15.3
15.3
15.2
15.2
15.3
15.2
15.4
15.2
15.3
15.3
15.2
15.2
15.2
15.1
15.2
15.3
15.4
15.4
15.4
15.25
15.4
15.2
15.5
15.4
15.3
15.35
15.0
15.4
15.1
15.0
15.4
15.3
15.2
15.05
15.3
15.35
15.4
15.4
15.4
15.4
15.4
15.4
15.0
15.0
15.0
15.35
15.0
15.7
15.2
15.0
15.35
15.0
15.35
15.35
15.35
15.35
15.0
15.4
15.0
15.1
15.0
15.25
15.25
15.4
15.1
15.25
15.1
15.2
15.35
15.4
15.6
15.0
15.1
15.2
15.05
14.9
15.1
15.6
15.3
15.05
15.35
15.35
15.35
15.35
15.3
15.35
15.35
15.05
15.35
15.35
15.05
15.4
14.85
15.35
15.2
15.4
15.45
15.3
15.3
15.6
15.2
15.2
15.35
15.35
15.35
14.85
15.45
15.1
14.95
15.05
15.1
15.5
15.45
15.1
15.6
15.8
15.7
15.6
15.7
15.6
15.6
15.6
15.6
15.6
15.15
15.2
15.55
15.2
15.3
15.45
15.65
15.45
15.6
15.85
16.0
15.3
14.75
15.2
15.05
15.25
15.05
15.4
15.65
15.6
15.25
15.55
15.6
15.45
15.25
15.6
15.65
15.45
15.3
15.45
15.45
15.3
15.35
15.15
15.35
15.2
15.2
15.5
15.5
15.25
15.55
15.2
15.2
14.6
14.05
14.4
14.0
13.5
12.5
13.8
12.65
13.1
13.1
14.1
14.1
14.0
14.3
15.2
14.8
14.15
13.75
14.4
14.45
14.45
14.45
14.4
14.4
14.55
14.25
13.7
13.65
14.0
14.0
13.95
14.0
14.55
13.45
13.7
13.45
14.55
13.45
14.0
14.2
14.45
13.45
13.5
13.35
12.35
12.05
12.15
12.05
12.15
13.45
12.8
12.6
12.5
13.0
12.5
12.4
11.4
12.4
11.7
11.8
11.75
12.5
12.2
12.0
12.2
12.2
12.2
11.75
11.85
11.95
11.95
11.95
11.85
11.45
11.7
11.55
11.65
11.65
11.95
11.8
11.65
11.95
12.3
11.8
10.65
12.95
11.95
10.9
10.95
11.4
10.5
11.0
11.0
12.0
12.35
11.35
11.85
12.0
10.2
10.55
11.5
11.0
11.0
11.5
11.05
11.05
11.0
11.3
10.85
11.0
11.0
11.45
10.95
10.85
11.3
10.95
10.9
10.85
11.0
11.1
10.95
10.9
10.95
10.05
10.0
10.0
10.8
10.05
10.05
10.3
11.0
11.1
11.6
11.65
11.65
11.15
11.15
11.9
12.7
11.95
12.05
11.45
10.75
10.35
10.45
10.35
10.35
10.35
10.35
10.35
10.0
10.3
10.1
7.65
9.85
10.05
9.8
10.05
10.2
8.1
8.15
9.4
9.3
8.1
7.95
8.9
8.95
9.15
8.75
8.75
7.4
6.65
7.0
7.2
7.15
7.15
7.0
7.0
7.0
6.65
6.6
6.95
7.0
6.9
6.8
6.35
6.9
6.95
5.95
6.3
6.4
5.2
5.15
4.15
4.0
3.65
3.2
4.45
5.45
3.3
2.05
1.25
1.45
1.45
1.35
1.85
2.0
2.25
2.0
1.8
1.95
1.95
2.0
2.0
1.85
1.75
1.8
1.7
1.7
1.65
1.65
1.6
1.6
1.6
1.8
1.65
1.7
1.7
1.6
1.6
1.55
1.5
1.45
1.45
1.45
1.45
1.45
1.4
1.45
1.3
1.25
1.3
1.25
1.3
1.5
1.5
1.85
1.65
1.6
1.6
1.55
1.6
1.6
1.4
1.2
1.25
1.3
1.25
1.25
1.27
1.215
1.215
1.06
1.035
1.02
0.965
1.07
0.95
0.93
0.915
0.915
0.895
0.94
0.95
0.93
0.91
0.89
0.84
0.8
0.79
0.81
0.805
0.795
0.79
0.75
0.645
0.625
0.66
0.7
0.73
0.74
0.88
1.095
1.065
1.105
1.1
1.01
1.08
1.085
1.105
1.015
1.045
1.055
1.19
1.505
1.6
1.63
1.565
1.48
1.46
1.46
1.46
1.595
1.655
1.5
1.49
1.46
1.415
1.41
1.41
1.31
1.39
1.42
1.38
1.275
1.27
1.2
1.2
1.205
1.245
1.22
1.225
1.165
1.15
1.135
1.13
1.13
1.16
1.195
1.235
1.265
1.25
1.195
1.18
1.16
1.235
1.19
1.205
1.155
1.12
1.135
1.14
1.12
1.12
1.125
1.115
1.095
1.01
1.0
1.005
0.975
0.96
0.975
0.95
0.895
0.88
0.83
0.745
0.765
0.745
0.73
0.7
0.64
0.545
0.595
0.65
0.69
0.67
0.66
0.64
0.635
0.615
0.62
0.615
0.685
0.66
0.66
0.67
0.675
0.67
0.675
0.685
0.65
0.665
0.65
0.635
0.62
0.61
0.61
0.595
0.645
0.615
0.62
0.61
0.62
0.62
0.615
0.61
0.6
0.595
0.6
0.6
0.6
0.6
0.605
0.61
0.595
0.61
0.605
0.645
0.625
0.625
0.62
0.645
0.63
0.63
0.63
0.63
0.655
0.645
0.66
0.68
0.65
0.66
0.665
0.655
0.73
0.9
1.16
0.76
0.785
0.78
0.75
0.745
0.725
0.73
0.77
0.735
0.775
0.78
0.805
0.815
0.77
0.75
0.685
0.685
0.655
0.68
0.665
0.665
0.64
0.635
0.64
0.63
0.63
0.625
0.63
0.775
0.775
0.745
0.74
0.715
0.725
0.71
0.68
0.95
1.07
0.935
0.91
0.96
0.94
1.075
1.195
1.225
1.24
1.21
1.41
1.935
2.705
3.78
3.915
2.5
2.905
2.55
2.54
2.865
2.88
2.565
2.645
2.64
2.575
2.53
2.355
2.44
2.315
2.135
2.025
2.83
3.41
2.98
2.8
3.095
3.095
3.0205
2.98
3.0175
2.9745
2.8895
2.93
3.08
3.095
2.974
2.9605
2.915
2.848
2.784
2.937
2.9085
2.9285
2.9135
2.852
2.84
2.7895
2.765
2.8005
2.7875
2.771
2.7615
2.7635
2.7515
2.7
2.722
2.66
2.598
2.5005
2.3555
2.3345
2.515
2.4985
2.41
2.302
2.315
2.389
2.3655
2.39
2.3705
2.388
2.4495
2.5825
2.8825
2.8185
2.753
2.75
2.7435
2.668
2.648
2.638
2.6355
2.625
2.6505
2.649
2.607
2.669
2.633
2.6305
2.66
2.65
2.651
2.686
2.663
3.02
3.169
2.972
2.81
2.749
2.63
2.585
2.775
2.81
2.75
2.708
2.75
2.726
2.7
2.67
2.645
2.633
2.603
2.592
2.611
2.587
2.571
2.562
2.585
2.556
2.57
2.583
2.57
2.56
2.579
2.597
2.562
2.58
2.538
2.559
2.494
2.47
2.417
2.38
2.416
2.399
2.345
2.269
2.213
2.205
2.168
2.035
2.045
2.025
1.98
1.959
1.935
1.835
1.89
1.867
1.843
1.82
1.72
1.67
1.482
1.332
1.349
1.506
1.382
1.369
1.309
1.289
1.238
1.163
1.19
1.19
1.181
1.191
1.198
1.244
1.271
1.253
1.248
1.195
1.179
1.18
1.179
1.166
1.177
1.281
1.246
1.245
1.268
1.265
1.3
1.305
1.606
2.246
2.662
2.354
2.045
2.231
2.201
2.172
2.072
2.134
2.171
2.089
2.078
2.08
2.025
