close
110.48
109.63
108.94
109.58
108.01
108.8
108.11
106.99
106.51
107.01
106.7
106.61
108.0
109.38
108.0
108.0
110.32
113.21
115.0
115.3
116.19
114.43
114.47
113.0
106.5
106.77
105.5
103.15
101.25
102.99
102.42
103.74
100.55
97.1
96.99
97.31
97.27
95.0
94.8
93.02
90.96
89.91
91.06
92.89
92.78
91.26
91.0
92.0
91.83
94.89
95.3
93.4
92.76
94.43
92.63
92.99
88.96
86.0
85.48
84.2
85.22
84.11
84.21
83.99
84.2
84.4
85.31
84.7
83.99
84.1
83.0
83.7
82.94
83.0
84.38
86.5
88.58
88.65
89.17
89.92
89.4
88.0
88.3
86.5
86.7
84.8
84.8
83.3
83.6
84.1
81.9
82.8
84.2
84.2
83.4
84.5
83.5
85.0
85.2
83.8
84.2
87.4
87.5
86.3
87.0
88.1
86.8
86.3
87.0
87.1
83.7
81.6
80.5
81.8
80.3
79.6
79.7
80.5
79.0
79.0
79.1
75.5
73.4
71.0
67.8
68.2
75.0
75.7
72.7
73.9
72.1
71.2
67.1
60.4
59.2
60.8
61.3
68.0
68.0
66.6
67.5
65.7
66.0
66.8
68.3
68.2
69.0
69.1
67.2
66.5
68.5
70.5
70.0
70.8
69.0
69.0
71.6
69.5
69.7
68.9
70.2
68.5
68.7
67.8
67.5
67.4
67.8
68.4
70.0
71.5
73.0
75.2
75.9
78.8
77.4
80.9
79.5
79.0
76.8
77.0
76.2
77.0
76.6
78.3
76.9
77.0
77.6
77.9
78.7
79.6
79.7
80.4
80.3
80.5
79.4
80.9
78.7
76.5
76.3
77.7
76.0
76.7
75.7
78.4
80.9
81.5
82.2
81.7
81.7
83.0
83.8
86.5
87.4
87.0
86.2
85.4
84.8
85.2
85.3
84.9
85.9
86.0
85.6
85.4
90.9
90.5
91.3
90.6
90.9
90.9
91.0
92.0
92.3
93.0
93.2
94.3
94.4
88.1
88.0
87.5
87.5
87.5
87.7
87.7
87.8
87.8
88.2
88.2
88.2
88.5
88.5
88.7
88.7
88.5
88.5
88.6
88.6
88.6
88.7
88.7
88.7
88.7
89.2
89.5
89.6
89.7
89.9
90.0
89.6
89.1
89.4
90.0
89.4
89.4
89.2
89.1
88.8
87.8
88.6
89.5
89.7
90.0
89.2
87.0
87.8
89.0
89.9
89.4
89.1
89.7
89.5
89.8
89.5
90.5
89.2
88.9
89.1
89.2
86.9
86.3
84.9
84.7
83.7
83.6
84.5
84.1
85.0
84.2
86.3
87.6
86.8
85.2
85.0
84.9
85.0
83.4
82.3
79.7
79.9
79.4
79.3
78.8
78.3
78.5
75.2
75.6
75.5
75.0
73.3
74.0
74.1
73.3
75.5
78.0
76.2
76.0
77.5
76.1
77.2
76.4
76.8
77.3
76.9
76.0
76.8
75.7
75.7
75.7
74.9
74.6
74.1
75.3
74.8
74.1
75.1
75.1
75.9
75.3
76.5
76.9
77.0
78.2
78.0
77.9
76.3
76.8
76.7
76.2
76.9
77.1
76.8
76.0
76.0
75.5
79.3
79.3
79.0
77.2
77.1
76.8
77.5
77.5
77.4
77.0
77.4
76.3
77.0
77.0
78.5
78.3
78.1
77.3
77.4
77.0
77.5
77.9
77.8
76.7
76.0
75.8
75.0
74.5
73.7
74.7
73.9
73.4
73.7
73.9
74.8
76.6
76.7
76.5
76.3
76.8
75.9
75.2
75.4
73.8
73.6
73.7
73.0
73.8
74.5
74.4
74.9
74.5
74.5
75.3
74.4
74.8
74.0
74.9
74.9
74.9
74.5
75.2
75.0
76.0
75.7
75.9
76.5
76.3
76.3
76.4
77.2
78.2
78.8
78.4
78.5
120.0
102.8
97.8
91.5
93.6
90.0
91.5
92.4
90.7
89.4
88.5
88.1
87.4
87.2
88.6
88.4
90.7
89.6
89.9
89.4
90.2
90.0
91.6
91.0
89.9
88.2
87.4
87.2
90.9
91.2
90.4
90.6
92.0
90.9
90.1
90.0
90.6
90.7
90.4
89.3
88.2
88.7
94.0
93.5
95.4
95.0
95.7
94.5
94.3
94.5
95.0
94.0
91.7
92.6
92.2
93.9
92.7
93.9
94.2
93.9
93.9
93.6
93.5
93.0
93.5
93.8
93.7
93.8
93.9
94.1
95.5
97.3
88.3
88.2
87.7
87.6
88.0
87.8
86.5
87.5
87.5
87.7
88.0
89.0
89.6
88.0
88.0
87.9
87.5
86.5
86.3
86.3
86.3
87.0
86.7
87.1
87.5
86.7
87.0
88.8
87.2
87.1
87.2
87.3
86.4
86.1
85.1
85.7
87.7
87.3
86.9
86.9
85.3
85.8
86.0
85.3
84.9
84.0
81.2
80.2
81.0
81.0
80.9
81.9
81.0
81.3
82.2
81.6
81.0
82.0
81.8
82.9
82.0
82.9
83.7
85.8
87.7
88.7
88.8
87.7
86.8
85.7
85.8
87.5
86.7
86.8
87.2
86.0
84.9
83.9
84.2
83.8
85.8
86.5
86.0
85.3
85.2
86.7
86.4
87.0
87.6
85.9
85.9
85.9
85.8
85.7
85.0
85.9
86.0
86.0
86.1
86.1
85.7
85.1
86.0
85.5
85.6
86.2
85.9
85.0
85.7
87.9
92.7
93.1
93.4
92.3
91.6
91.1
90.3
89.8
89.6
90.7
91.1
91.9
91.2
92.0
91.2
92.8
93.0
94.9
94.8
95.3
95.2
95.0
94.4
93.7
94.3
94.2
94.3
94.0
94.1
93.9
93.0
93.3
94.8
95.0
94.7
94.0
96.2
96.0
96.8
97.0
98.4
97.7
100.0
104.0
110.0
105.0
103.7
106.7
105.0
101.1
102.1
101.5
100.3
96.8
98.5
100.6
100.5
101.1
102.2
101.0
97.5
97.9
98.6
100.3
99.8
100.2
102.4
102.9
102.9
101.0
100.9
101.9
102.5
105.8
108.4
107.3
104.5
106.2
106.9
105.6
104.9
103.8
104.0
104.5
103.8
103.2
103.0
103.0
102.3
101.5
100.2
101.1
101.9
103.3
105.3
104.6
106.1
109.1
105.4
108.4
107.4
112.4
113.4
114.9
114.5
112.7
111.3
109.6
109.9
110.7
110.0
109.6
110.0
109.8
109.6
108.5
107.7
107.8
108.9
109.0
109.1
109.0
107.6
107.5
106.3
106.9
104.0
103.3
104.0
104.3
104.4
104.0
107.0
107.0
107.0
107.6
107.4
107.1
108.9
109.5
109.0
109.0
109.5
112.0
113.0
113.0
114.0
115.0
105.5
105.9
108.1
107.8
107.2
108.1
108.4
109.0
109.0
107.9
108.0
108.8
109.1
110.8
112.6
113.0
114.4
114.5
114.5
113.9
120.2
132.9
127.9
128.5
128.9
129.3
129.4
131.5
136.3
134.9
134.3
131.2
129.0
131.2
129.0
129.6
127.8
130.1
128.8
129.8
127.3
128.1
128.0
128.2
128.4
129.6
128.7
127.5
127.9
127.4
127.5
127.6
127.8
128.0
128.5
128.6
128.0
127.8
127.7
128.9
129.2
130.4
132.2
136.4
135.7
142.8
139.0
139.6
140.0
139.2
141.9
142.3
140.5
140.0
139.4
139.8
140.9
139.8
149.0
148.4
150.7
157.9
157.0
156.5
163.7
162.2
164.9
163.5
160.3
160.5
162.8
165.1
164.9
164.3
164.7
162.6
161.7
161.1
161.3
159.3
157.6
154.6
157.5
158.0
163.2
162.4
161.9
163.3
163.8
157.0
156.5
153.3
149.5
152.6
150.9
148.8
145.8
147.0
147.8
150.9
152.3
153.7
154.9
152.6
152.2
151.5
151.5
150.0
148.6
150.1
151.0
151.9
152.1
150.5
150.4
148.8
149.7
149.6
149.1
150.4
150.7
149.5
145.8
146.0
145.8
143.4
149.6
148.4
147.9
146.7
145.9
144.9
148.8
149.0
148.4
148.5
148.5
148.2
148.5
147.5
148.5
148.3
148.2
148.8
148.6
148.1
147.2
146.3
146.4
147.5
148.0
148.0
147.9
147.7
146.4
147.0
145.8
148.3
148.9
148.7
148.1
147.6
147.3
147.3
137.4
139.1
136.9
139.5
138.9
136.9
138.8
141.1
139.7
129.0
123.3
122.3
121.0
121.6
128.0
127.9
126.7
125.9
124.5
125.1
125.1
125.7
124.4
124.2
125.2
121.1
120.0
121.0
120.0
120.3
118.9
117.9
117.2
116.1
115.7
117.6
116.0
115.4
116.1
116.4
116.1
114.9
115.8
114.4
114.8
114.9
114.6
114.2
111.8
111.5
108.8
110.4
110.7
108.1
107.7
107.5
107.5
107.7
107.0
105.7
106.0
106.3
105.9
106.0
105.9
106.1
105.2
105.5
106.6
107.2
108.0
112.0
111.1
111.4
108.6
111.2
110.8
113.7
115.1
113.5
111.2
111.0
109.9
109.8
109.0
108.5
107.0
105.8
104.4
101.2
99.2
97.6
98.6
98.4
99.4
99.5
100.0
97.9
96.7
96.9
97.5
94.3
94.4
95.0
95.7
95.7
95.9
93.5
92.0
89.9
89.3
89.0
90.1
92.5
92.0
92.3
93.0
96.3
96.2
96.8
96.9
95.7
93.7
95.0
94.4
94.0
95.0
94.0
93.6
93.9
92.5
91.6
89.4
90.7
91.3
92.3
92.2
91.6
90.0
89.7
89.2
89.8
89.0
88.0
89.4
89.5
91.0
91.0
91.4
93.4
93.4
92.3
91.5
91.9
92.2
90.8
91.6
91.7
91.3
88.7
89.8
89.4
89.0
87.7
88.8
89.1
89.8
89.6
89.6
89.6
89.7
89.5
89.4
89.0
87.8
87.7
87.9
89.8
94.4
91.7
90.2
89.5
87.9
86.7
84.9
83.7
84.0
85.3
84.5
85.0
86.2
87.0
87.6
88.0
88.5
87.5
87.6
87.7
87.5
87.9
87.1
87.2
88.0
88.0
88.0
87.5
87.7
87.9
87.6
87.95
88.25
89.75
89.45
89.25
88.55
89.55
90.95
90.1
89.1
89.35
88.65
89.6
89.9
89.75
89.05
88.85
88.6
89.15
88.3
88.85
88.25
88.5
88.4
88.25
93.7
94.3
97.65
97.65
101.4
99.4
99.85
97.55
96.15
94.4
95.8
97.5
96.75
95.6
94.4
92.95
93.55
93.55
94.4
93.7
94.4
95.6
95.2
94.95
96.65
98.65
103.05
101.95
100.35
101.65
98.35
98.35
98.45
97.25
98.7
93.6
92.3
92.0
93.4
91.9
90.75
89.6
88.65
88.05
88.2
87.5
87.7
87.1
88.7
87.6
88.65
89.9
89.7
90.15
90.4
89.55
90.5
89.95
89.75
91.95
94.1
94.6
91.15
92.05
91.6
90.2
90.0
90.5
89.6
88.9
88.95
90.7
90.05
90.7
90.4
91.1
90.7
89.8
88.8
88.95
89.1
90.0
89.9
89.5
89.7
88.85
88.75
88.55
88.9
89.6
90.1
90.15
89.9
90.05
90.05
89.85
89.75
90.55
90.45
89.6
90.0
88.3
87.6
88.3
88.0
89.3
88.5
88.3
87.6
87.85
86.6
86.0
84.6
84.8
85.3
85.3
85.6
85.95
85.2
85.25
88.75
86.85
86.4
86.55
87.1
86.65
86.7
87.25
88.0
88.6
88.05
88.7
88.9
89.1
88.1
88.55
88.3
88.4
88.45
87.75
87.75
87.95
87.75
88.45
87.25
86.85
86.55
86.45
87.0
87.05
87.35
86.5
85.9
85.5
85.65
85.65
86.3
86.35
87.2
87.0
87.15
87.0
86.25
87.6
87.8
88.5
95.7
100.9
113.3
114.6
118.4
125.35
122.8
120.7
118.6
118.3
122.55
123.0
123.3
123.45
122.6
122.6
122.6
121.9
120.6
122.45
125.35
123.7
125.15
125.15
128.8
134.2
132.6
131.0
132.15
129.5
122.25
123.9
125.8
120.1
118.4
113.85
115.35
113.5
113.35
114.0
113.5
113.2
111.7
115.0
114.4
114.6
114.7
118.1
115.5
113.85
120.15
120.5
118.3
118.0
116.5
117.25
114.45
114.4
115.75
115.6
114.35
114.15
114.4
115.3
115.1
115.0
114.9
114.9
115.7
115.85
115.4
116.1
116.3
116.25
116.5
116.6
114.2
113.85
111.7
104.85
104.95
108.25
108.9
106.85
103.0
103.95
115.25
116.45
119.1
181.0
174.95
163.45
171.6
165.0
140.0
142.0
140.3
137.5
138.6
137.5
139.8
142.65
143.6
150.9
159.95
159.15
160.35
157.9
159.0
159.4
158.4
155.6
153.95
159.45
156.8
154.65
153.3
153.95
152.4
154.35
153.45
153.7
154.3
153.9
154.1
155.85
155.8
156.05
158.55
160.35
158.65
158.0
161.15
160.35
171.95
161.4
165.0
164.5
162.15
161.6
161.55
162.2
163.35
163.15
163.2
162.9
160.35
159.5
158.35
159.4
160.65
159.45
159.45
159.45
158.5
157.2
157.0
162.6
159.6
158.1
155.85
148.0
151.8
152.35
150.0
150.05
159.95
160.25
155.7
153.3
151.3
152.95
157.05
156.0
155.0
156.4
155.6
156.3
155.5
154.0
155.7
157.15
155.6
156.7
156.0
158.4
160.6
159.3
158.4
158.6
159.0
158.9
160.0
158.8
159.35
160.9
159.9
160.0
159.85
159.5
159.0
159.0
158.5
157.0
156.4
155.7
154.65
153.7
153.3
152.85
150.25
149.95
147.85
148.8
149.25
151.0
151.55
150.6
161.0
133.0
122.15
114.1
110.35
101.7
108.05
110.65
112.9
112.75
111.15
108.5
107.4
109.0
110.25
110.45
110.75
111.35
111.55
111.5
111.5
111.6
112.0
112.15
112.65
111.7
110.95
110.25
110.35
110.5
110.8
110.9
110.75
110.85
110.9
110.85
110.85
110.6
110.6
110.3
110.4
108.75
107.85
107.05
106.9
107.0
106.05
103.35
102.25
104.3
104.6
109.05
107.55
104.8
105.6
105.45
106.7
108.1
108.5
108.5
109.2
114.3
112.95
112.5
112.2
112.95
113.05
112.8
110.55
109.1
109.05
109.5
108.95
108.6
107.95
108.5
107.6
107.6
108.05
107.9
108.45
108.15
108.6
107.7
107.55
109.3
109.0
108.55
108.55
107.4
108.45
111.55
109.25
109.4
108.1
109.1
109.5
108.95
108.35
109.1
108.35
108.2
108.7
108.7
109.0
109.7
108.55
108.5
108.55
108.8
109.05
109.0
108.1
108.0
108.25
108.7
108.65
108.15
109.0
108.55
108.2
107.95
108.05
108.35
107.75
108.15
108.4
107.95
107.9
107.7
107.75
108.4
108.05
107.85
108.1
108.6
108.05
108.2
108.1
108.35
108.4
108.5
107.75
107.3
107.0
106.95
106.2
106.15
106.15
106.15
105.65
106.0
106.45
105.7
106.05
105.7
104.35
104.7
104.2
104.55
104.75
104.45
104.45
103.8
102.05
101.0
98.8
96.75
97.1
95.95
97.9
97.3
96.9
97.1
96.45
98.45
99.8
101.95
103.0
101.75
101.05
101.9
103.5
103.0
105.5
104.3
101.9
102.45
100.85
100.5
101.75
100.15
99.5
96.4
96.15
94.65
94.8
95.4
95.55
94.0
94.9
94.05
93.6
93.6
92.35
92.85
92.5
93.1
93.95
93.2
93.2
93.3
93.8
93.5
93.7
93.5
93.45
93.3
93.4
93.4
93.0
93.2
92.8
93.4
93.95
93.5
93.2
93.2
92.95
93.0
92.85
92.65
92.85
92.7
93.05
92.95
93.3
91.8
90.8
90.9
90.4
91.4
90.45
90.7
89.4
89.15
89.05
89.85
90.45
90.2
89.7
90.1
90.1
91.7
92.4
92.5
94.7
94.75
94.5
95.2
96.8
94.7
93.35
93.65
94.15
93.85
92.95
92.45
93.2
92.9
92.75
91.8
92.6
91.9
91.95
91.6
92.25
92.25
92.35
91.85
91.25
91.5
89.2
89.0
88.95
89.0
88.15
88.95
89.05
89.55
89.3
88.95
89.2
88.7
88.15
89.0
89.45
86.25
85.0
85.45
86.05
85.85
84.3
85.05
85.55
85.25
85.2
84.2
84.15
83.55
83.45
84.85
85.05
84.7
85.4
84.75
84.75
84.3
83.8
84.1
82.9
82.8
82.7
83.4
82.6
81.3
81.65
82.85
83.4
82.95
83.45
82.65
82.55
82.5
82.55
81.75
81.7
81.35
82.1
81.9
81.75
82.15
82.95
81.35
81.45
80.55
80.0
72.15
76.0
80.9
80.4
81.0
83.05
84.05
82.85
81.15
80.55
81.55
81.55
81.15
81.15
80.3
79.0
79.2
78.15
78.25
78.85
79.0
80.7
77.9
78.1
77.75
77.3
77.95
77.15
77.9
77.5
77.65
76.0
75.95
75.95
76.3
76.95
76.4
76.3
74.25
73.6
74.6
75.5
75.5
74.4
74.0
74.9
75.1
73.9
73.4
74.8
74.65
74.25
74.25
74.6
75.75
75.75
75.9
82.4
79.25
80.1
79.15
79.9
80.2
78.6
78.05
75.75
