close
426.5
415.0
380.0
394.98
382.0
370.0
370.0
377.0
379.0
375.01
368.0
360.0
370.0
368.01
350.0
335.0
336.0
343.0
342.0
353.0
354.74
351.75
347.99
349.99
352.3
348.0
341.0
324.85
312.0
318.0
327.96
330.0
320.48
328.99
318.99
291.02
275.0
270.0
275.95
271.89
267.78
250.99
229.79
220.0
219.5
233.98
248.5
245.0
238.91
243.66
243.01
251.4
236.2
233.71
241.96
239.0
247.0
248.0
253.1
257.0
263.97
272.0
266.99
258.5
260.0
265.0
271.46
271.51
261.1
267.81
261.99
263.01
265.1
259.0
251.5
244.0
233.43
227.98
226.21
230.0
227.0
233.99
236.49
251.5
250.51
250.17
253.0
242.4
236.5
238.31
235.91
229.86
222.0
215.35
216.0
209.05
209.99
206.0
204.5
199.99
198.99
200.99
199.01
196.93
194.0
202.9
206.5
203.93
203.0
203.0
200.0
204.85
205.0
212.0
212.35
213.99
219.86
224.75
227.99
227.99
229.4
228.93
230.29
237.01
233.74
228.0
232.0
236.81
238.0
243.74
248.0
244.9
244.97
242.0
235.0
241.67
241.69
243.0
239.99
240.5
242.0
239.0
236.76
240.0
236.99
234.5
235.49
234.72
238.43
238.9
225.0
225.02
231.0
227.0
226.0
227.0
230.0
234.87
232.3
227.5
226.9
220.0
217.0
216.15
217.5
211.11
204.9
205.0
204.25
208.49
202.8
203.0
202.3
203.89
202.59
202.0
201.0
201.4
202.7
200.1
199.25
200.39
199.5
198.0
196.6
197.06
197.06
197.25
197.16
194.44
188.55
182.55
181.44
181.0
181.6
201.5
203.0
203.99
198.95
200.0
197.9
195.8
188.51
190.7
194.44
161.65
159.69
158.1
159.33
166.35
160.94
158.65
150.5
152.29
153.26
154.74
155.28
154.4
156.11
155.24
153.96
158.8
157.25
157.0
155.67
157.14
152.41
152.32
152.93
153.0
150.89
154.67
156.09
157.5
156.69
156.0
154.54
154.67
153.49
153.45
152.8
152.91
154.28
155.0
154.9
154.85
153.97
148.65
148.7
148.1
149.84
150.65
153.81
152.14
154.69
154.84
156.5
157.21
157.0
159.18
159.0
158.75
159.77
159.5
157.2
157.5
159.99
158.69
159.28
158.3
157.8
157.24
156.0
154.95
152.35
152.98
152.92
153.04
152.84
152.6
156.44
160.75
162.84
161.55
162.0
160.05
168.1
168.99
168.81
168.34
166.44
167.14
162.81
162.93
156.97
157.0
157.28
159.35
157.0
153.98
149.0
151.5
149.7
147.7
146.57
145.87
142.96
142.71
143.47
143.2
144.4
143.93
143.2
141.1
141.75
140.92
138.9
137.9
137.79
136.89
136.34
136.47
135.79
134.96
131.0
129.88
131.34
127.99
127.0
128.88
125.99
126.89
125.9
125.9
128.4
127.64
127.36
126.25
124.25
126.66
125.0
124.89
123.78
124.75
123.75
122.06
122.43
122.49
123.0
122.85
123.99
125.3
125.7
122.46
122.99
120.84
118.97
118.15
117.99
119.18
119.2
124.8
121.8
122.41
121.06
120.5
119.58
120.8
120.87
120.5
120.09
119.36
119.91
120.12
120.2
120.35
119.61
118.98
118.7
118.88
118.32
118.69
116.9
117.16
116.19
116.45
115.95
116.85
116.4
116.15
116.06
115.99
114.0
109.1
107.92
107.94
106.75
106.45
106.18
104.48
104.37
104.3
104.25
101.0
101.9
102.47
103.0
103.68
102.97
101.69
99.83
99.39
98.97
97.58
92.02
89.7
86.22
83.77
85.49
84.11
81.85
78.62
78.88
78.94
76.15
78.41
78.48
75.67
72.19
68.11
67.29
64.98
64.52
63.98
62.5
62.93
64.12
64.36
63.84
63.51
63.55
63.52
64.4
65.22
65.99
65.29
66.74
65.75
64.27
62.03
58.17
58.65
59.38
59.8
59.9
56.8
56.0
56.4
57.9
57.33
56.99
62.32
59.01
56.7
53.65
51.34
53.46
54.07
53.3
52.56
53.73
53.97
55.29
54.3
53.16
52.65
53.35
54.35
54.81
52.87
53.21
53.67
53.8
53.39
53.95
54.44
55.31
54.63
54.7
55.55
56.3
56.15
55.89
55.29
54.97
55.03
54.71
54.51
55.1
54.7
55.06
54.47
54.98
54.2
56.09
56.12
54.78
52.9
53.12
52.6
54.28
55.37
56.54
56.96
56.05
56.08
55.01
54.55
54.23
55.24
55.06
56.01
54.22
53.72
54.1
53.38
52.2
51.8
52.04
53.53
52.53
53.83
55.7
55.36
55.8
55.12
58.67
56.87
56.66
57.2
57.03
56.07
55.33
55.23
54.99
54.3
53.6
54.1
52.85
52.56
52.13
51.87
52.54
52.03
51.9
52.7
52.0
52.0
51.99
51.4
51.26
51.29
50.81
50.0
50.23
49.43
49.45
49.08
48.99
48.93
47.99
47.54
47.37
47.45
46.05
46.1
45.3
34.75
37.54
39.51
41.0
41.15
40.3
40.0
39.89
39.8
38.96
37.47
35.77
35.3
34.3
33.81
34.14
33.99
33.68
33.91
33.2
32.99
33.18
33.3
33.75
34.6
35.58
37.21
36.5
37.13
37.23
37.16
36.46
35.57
35.59
34.7
34.55
34.74
35.9
36.05
36.24
36.15
35.64
36.01
35.61
35.2
34.55
34.37
34.31
34.09
33.94
33.5
33.15
32.74
32.75
32.4
33.25
33.03
32.98
32.72
32.31
32.7
31.74
31.85
32.18
31.57
31.59
31.0
30.54
31.04
31.01
30.35
29.4
24.4
19.81
21.3
23.22
23.96
23.99
22.78
22.05
22.67
20.85
22.0
23.09
23.1
22.86
22.66
23.6
23.7
24.37
23.65
23.14
23.88
23.46
23.0
23.2
23.2
23.3
23.34
23.22
23.44
23.55
23.72
23.73
24.09
24.67
24.78
25.49
26.2
26.24
25.3
25.05
25.13
25.72
25.74
26.24
25.41
25.4
25.88
27.44
29.3
28.52
28.39
28.01
27.15
27.5
28.4
27.56
27.42
27.39
27.46
26.76
26.62
26.5
24.57
25.21
25.81
25.65
25.39
25.75
25.69
25.9
25.78
25.5
25.85
25.45
25.49
25.45
25.01
25.0
24.9
25.0
25.09
25.03
25.0
25.17
24.94
24.91
24.97
24.34
24.5
22.5
20.12
20.01
20.2
20.0
19.36
19.2
18.77
18.82
19.17
19.67
18.97
17.75
16.18
16.4
16.43
16.5
16.1
14.9
13.51
12.24
12.21
12.52
12.53
13.03
12.58
12.79
12.8
13.01
13.38
13.42
12.88
12.95
12.79
12.55
12.19
12.19
12.11
12.2
12.3
12.3
12.22
11.99
12.07
12.18
12.14
12.08
12.0
12.05
11.6
11.63
11.46
10.64
9.45
9.43
9.16
8.74
9.48
13.29
14.8
13.7
13.9
14.14
14.1
14.19
13.61
12.85
13.99
13.41
13.67
13.33
13.78
13.5
13.49
13.5
13.01
12.68
13.34
13.35
13.28
13.25
13.36
13.56
13.61
14.68
14.8
15.8
15.4
14.72
14.52
14.67
14.94
14.86
14.7
13.79
13.82
13.8
13.8
13.39
13.35
13.26
13.8
13.55
13.56
13.53
12.63
11.59
11.0
12.57
12.23
11.62
10.86
10.75
10.44
11.59
17.76
16.03
14.54
15.03
17.78
17.7
16.8
16.36
16.6
17.29
17.84
17.67
17.79
17.39
17.29
17.51
17.51
17.91
18.55
21.08
22.71
22.1
20.96
21.71
21.75
31.7
34.19
31.0
30.0
31.31
33.16
32.06
32.25
32.9
33.0
34.79
35.37
34.55
36.56
38.89
46.49
44.6
48.5
55.41
59.0
58.4
59.76
60.19
62.0
63.89
53.4
46.21
57.7
58.5
54.3
47.0
46.41
51.9
53.07
50.0
49.6
48.96
47.77
45.72
42.01
51.15
50.76
49.97
49.59
48.44
49.15
48.5
50.1
47.85
46.51
45.4
45.41
48.24
46.73
45.05
45.39
46.0
45.36
44.05
46.67
45.9
45.9
47.01
47.29
47.14
46.58
46.09
46.34
44.5
44.01
44.11
44.1
43.46
42.29
44.59
43.73
43.96
43.9
44.7
44.64
44.95
45.0
45.51
46.7
46.47
46.28
48.15
49.17
49.16
48.68
48.8
49.07
49.0
48.8
49.78
49.75
50.73
48.98
46.51
46.8
48.09
49.0
48.95
49.1
49.32
48.39
47.78
46.59
44.25
44.99
45.58
44.99
44.9
45.31
46.06
44.81
45.08
45.0
44.89
44.33
43.1
41.87
41.61
42.86
43.09
43.14
43.65
44.0
44.02
43.59
43.52
43.5
42.74
42.5
42.72
42.89
42.44
42.0
40.76
40.1
38.68
36.6
39.0
39.26
41.7
43.0
45.7
46.21
46.97
46.31
47.53
47.4
46.8
47.01
46.32
44.61
43.99
44.86
44.18
43.78
43.11
43.51
42.1
41.99
41.0
42.23
41.8
41.26
41.81
42.27
41.17
41.51
40.69
40.41
40.2
40.46
40.01
40.48
40.44
40.11
39.55
39.51
39.25
39.29
40.43
40.64
40.6
40.22
40.4
40.42
43.16
43.3
42.09
41.31
41.39
40.98
40.2
40.0
40.31
39.69
40.03
40.17
40.6
41.35
40.84
40.81
40.2
40.42
41.88
41.47
41.55
41.81
42.38
42.67
41.3
40.4
39.63
39.38
40.69
40.92
40.5
40.59
40.3
41.56
40.53
40.48
39.95
40.32
40.3
39.99
39.7
39.94
40.15
39.89
39.9
40.05
39.14
40.02
39.49
38.44
36.82
36.76
36.48
35.85
36.99
39.99
39.89
40.12
40.06
40.4
39.88
40.96
41.01
41.16
41.37
43.33
41.81
41.01
42.01
41.7
41.88
41.8
41.8
41.86
41.58
41.37
41.65
41.79
41.71
41.64
41.54
42.0
42.11
42.45
43.54
41.63
41.23
41.31
41.27
40.87
40.17
40.0
40.34
40.96
40.85
40.16
39.8
40.0
40.0
39.97
39.99
39.86
40.05
39.87
39.5
40.35
40.38
40.31
40.33
40.28
40.02
40.11
40.58
40.4
40.24
41.42
42.51
42.79
43.4
42.32
42.41
41.94
41.79
41.03
41.41
40.42
40.19
40.1
39.99
40.07
40.0
39.21
38.38
37.95
37.48
37.5
37.31
37.24
37.66
38.85
39.46
39.15
38.98
38.8
37.85
37.42
37.54
37.13
36.95
36.65
36.4
36.25
36.02
35.99
35.67
35.95
35.29
35.04
34.99
35.95
34.91
34.46
37.17
36.51
35.99
35.97
37.05
36.82
36.26
36.28
35.89
35.77
35.22
35.39
35.24
35.92
36.69
36.92
37.62
37.8
38.0
37.3
36.95
37.8
38.31
37.9
36.73
36.89
36.63
36.63
36.76
36.91
37.12
38.18
38.26
37.72
38.75
38.95
40.5
41.48
43.12
43.12
43.29
44.25
44.6
43.9
47.8
48.82
54.58
63.85
61.0
63.0
68.4
68.55
73.49
72.0
69.94
68.2
69.0
70.52
69.42
71.78
71.35
71.81
73.78
73.29
75.84
73.59
75.0
74.11
74.5
76.22
75.98
74.47
75.1
74.44
74.75
76.25
77.89
77.88
78.6
83.3
85.58
89.08
95.2
103.01
134.9
129.87
137.84
141.99
136.14
133.7
134.85
131.2
126.2
133.0
135.2
138.6
145.3
149.9
155.2
153.25
146.65
144.95
141.0
147.6
141.95
136.85
135.45
139.05
146.95
144.55
136.55
136.8
134.75
137.45
134.55
135.1
136.25
136.2
146.0
146.05
147.1
148.1
147.45
144.5
141.9
142.3
137.5
138.75
143.85
141.85
143.0
146.0
147.3
149.2
150.0
149.9
152.25
148.75
152.65
158.7
159.95
158.1
162.2
161.0
159.0
159.0
159.75
158.7
158.7
157.15
159.0
159.75
160.45
160.3
157.6
161.2
160.4
162.45
161.3
161.0
158.0
156.0
154.95
148.95
145.05
148.3
150.95
147.5
147.0
145.2
142.95
136.65
134.35
140.7
139.6
139.9
143.45
140.0
129.15
126.7
131.9
130.15
132.95
136.6
132.2
133.2
129.15
126.95
126.5
129.75
125.85
125.2
126.8
124.5
121.2
123.0
123.0
123.0
127.9
124.9
119.7
121.3
119.45
116.7
113.2
113.7
111.0
106.65
107.3
112.15
115.0
114.85
112.5
117.05
116.8
115.55
113.6
110.65
107.95
109.2
106.55
105.0
103.45
99.9
101.35
95.2
96.6
94.25
96.0
93.5
92.5
91.2
92.2
91.75
106.75
107.65
107.7
112.0
113.4
111.95
118.5
114.6
112.7
108.5
102.9
100.3
107.3
111.7
112.5
117.05
117.0
116.0
117.05
117.95
121.95
122.15
122.05
123.95
123.9
123.1
122.1
116.4
117.05
115.9
114.75
110.0
110.0
110.6
110.55
110.65
109.85
109.0
108.9
110.1
110.85
105.6
107.05
107.3
107.4
107.65
107.6
109.1
112.45
112.7
110.0
107.85
111.2
110.45
107.6
106.0
104.5
110.45
120.05
111.5
107.0
106.5
109.05
111.65
110.3
114.85
116.3
116.5
113.15
109.9
108.5
109.8
109.5
110.5
110.65
107.9
108.9
107.55
106.3
105.35
102.05
102.75
104.85
101.9
102.05
101.95
100.15
97.65
95.0
99.0
96.75
98.0
100.5
101.55
99.4
99.15
98.95
100.05
101.45
102.5
102.25
101.35
100.9
99.85
99.0
97.95
100.1
99.15
97.55
97.85
97.5
96.55
96.0
98.7
97.15
96.9
96.9
97.05
94.1
92.6
95.2
96.2
102.95
104.7
105.35
104.75
109.4
117.3
113.85
111.9
113.3
112.6
111.0
115.0
109.8
110.3
113.5
113.4
112.55
111.55
114.45
114.1
116.15
114.2
112.2
112.9
115.5
117.0
122.0
123.55
132.05
141.45
139.2
140.4
146.85
144.05
143.3
143.0
142.7
141.05
139.85
141.35
140.7
146.4
146.45
146.85
144.95
144.5
142.1
144.4
147.0
150.5
149.05
146.7
140.5
143.0
141.65
139.2
143.0
145.5
145.9
147.7
145.05
144.35
144.5
145.8
146.8
147.9
147.65
147.0
147.0
145.0
146.7
147.0
144.35
144.8
146.2
148.0
145.0
144.6
147.0
146.15
147.0
147.2
145.8
144.55
141.35
143.9
141.6
144.8
144.45
144.0
149.4
152.0
140.5
136.6
116.0
120.0
119.0
123.3
121.65
119.3
124.7
127.95
125.65
124.5
125.0
126.7
126.7
128.0
128.85
130.0
131.55
130.45
129.95
129.55
129.85
129.05
128.55
129.3
130.3
129.85
130.0
130.0
129.85
129.85
130.2
127.9
125.4
126.8
127.3
125.15
127.55
137.6
135.5
133.2
134.5
135.55
136.0
134.85
135.1
136.8
134.8
135.0
130.5
130.4
127.7
130.15
130.25
129.25
129.0
129.15
129.9
129.7
131.35
133.05
133.05
134.4
134.8
135.35
138.15
137.6
137.25
137.4
136.6
135.75
119.1
118.2
113.65
111.6
113.05
111.7
109.9
110.85
111.0
109.8
109.25
108.8
106.25
102.55
104.4
106.25
104.3
104.0
100.75
100.8
103.35
101.2
100.95
100.3
101.4
100.25
104.75
103.55
103.55
103.0
103.95
102.75
101.5
100.85
100.95
101.0
100.25
98.65
97.2
94.15
94.9
100.5
101.6
101.9
104.1
106.85
112.9
115.35
111.5
114.0
111.6
111.4
108.65
109.35
109.2
113.5
114.5
112.1
110.9
110.7
111.05
108.5
104.9
107.8
107.55
108.6
107.85
105.8
104.5
102.95
101.85
98.75
96.55
94.5
96.45
96.9
98.1
97.2
98.3
100.8
99.45
98.1
97.3
100.0
98.9
101.85
104.6
107.7
106.35
102.45
104.45
104.0
103.35
102.7
104.1
104.65
104.15
104.4
104.4
103.6
104.6
103.9
104.45
103.75
102.0
101.8
101.45
100.3
102.0
102.05
100.65
99.0
102.95
102.1
99.15
99.8
99.2
99.15
100.3
100.0
100.15
100.0
100.2
100.6
102.7
103.0
104.4
105.2
102.75
102.7
103.5
106.35
107.65
105.2
105.35
103.6
104.7
104.5
106.55
106.05
106.05
106.0
106.0
103.95
102.7
103.2
105.95
104.45
103.15
104.3
103.65
103.4
102.0
101.75
102.15
102.05
102.05
99.35
100.0
100.95
100.05
98.05
98.85
98.0
97.5
96.7
97.35
97.15
96.45
97.05
97.35
97.55
103.5
103.9
103.35
102.2
100.9
101.2
101.9
101.45
102.0
102.4
102.95
102.8
103.5
104.45
106.0
105.8
106.5
106.05
106.95
106.8
105.95
106.25
106.25
105.7
105.2
105.45
104.8
105.4
106.15
106.7
106.5
106.35
106.05
106.25
105.6
104.0
104.35
105.0
106.35
110.5
113.1
116.5
116.55
112.4
112.55
111.4
111.15
111.2
112.5
112.75
110.85
114.0
114.0
115.4
115.45
114.5
115.25
115.75
117.5
120.8
122.3
124.0
126.8
127.35
126.1
124.0
126.0
127.05
127.2
127.4
127.1
127.35
126.7
127.2
126.95
126.65
127.0
123.65
123.3
120.7
116.15
100.5
99.8
99.65
100.2
100.75
99.5
100.15
100.3
100.8
101.75
101.6
101.15
99.95
100.2
99.9
99.75
99.95
99.25
100.45
99.1
98.2
92.3
88.4
86.3
87.4
88.2
89.6
92.7
93.25
90.55
90.0
89.2
88.4
89.6
89.95
93.0
92.25
91.2
91.9
91.6
92.0
91.9
90.6
90.85
91.1
92.85
93.2
93.2
92.5
91.9
90.95
91.0
90.7
89.85
88.7
87.95
87.05
87.0
86.65
86.9
87.55
88.9
87.3
88.75
89.0
88.35
89.25
90.0
91.45
91.5
90.7
89.7
89.85
89.0
88.95
88.9
88.5
88.1
88.35
88.8
90.75
90.0
90.0
90.0
89.6
88.7
88.15
90.0
90.0
91.25
91.45
90.25
89.75
89.8
89.9
89.7
89.3
88.5
87.7
87.65
87.3
87.6
88.6
88.5
88.8
89.65
89.0
89.0
89.1
89.15
89.3
89.0
88.55
88.7
89.1
88.9
89.0
89.1
89.6
97.15
114.8
102.5
99.35
102.0
101.9
104.0
107.0
109.35
113.45
108.0
105.1
105.55
108.95
104.9
107.3
107.2
109.6
107.4
105.35
107.6
108.1
107.45
107.45
107.5
107.9
109.1
110.0
112.45
114.65
114.15
113.85
113.65
113.4
109.0
108.0
102.6
94.0
96.45
99.35
99.3
99.25
94.7
87.0
89.7
74.85
75.7
69.0
68.0
65.85
57.0
53.85
49.3
54.7
60.5
62.05
58.9
62.75
64.5
62.75
62.45
62.15
62.55
64.9
65.75
66.55
67.5
65.85
65.2
60.95
62.2
63.0
62.45
61.8
69.5
80.8
77.5
75.7
74.6
73.95
74.0
72.2
72.5
71.7
71.65
71.3
73.6
72.0
71.3
70.5
71.65
71.55
72.95
74.35
74.1
74.6
74.6
74.35
75.9
77.95
77.0
77.0
79.95
79.45
79.1
80.2
81.3
80.5
78.95
85.0
85.25
83.75
83.05
87.0
85.7
85.85
84.4
84.7
83.55
82.6
82.35
84.4
86.25
85.45
84.85
84.1
84.55
85.0
83.85
84.8
81.3
81.75
81.55
81.9
81.7
83.5
84.5
85.95
86.7
86.05
84.5
84.4
81.9
82.0
82.35
81.75
81.7
81.75
81.7
81.5
80.9
80.75
80.35
81.8
78.85
75.4
74.15
73.35
73.3
72.0
72.05
72.0
71.2
70.75
71.15
69.0
68.65
68.2
66.8
68.85
68.75
69.0
69.95
70.9
69.2
70.25
68.85
67.35
67.7
68.05
66.85
64.45
65.6
66.2
66.5
67.0
66.15
66.6
69.15
67.4
67.9
66.75
68.15
68.0
67.65
66.35
65.7
65.55
66.25
66.4
66.1
67.2
66.7
65.6
63.35
63.1
62.15
63.55
64.0
65.7
66.35
67.6
66.9
67.3
67.2
69.15
71.1
69.35
70.5
69.45
70.45
69.75
70.65
70.25
70.7
70.4
70.15
70.35
70.5
71.05
70.45
70.55
70.6
71.0
71.3
77.3
73.5
73.9
73.85
73.6
72.45
70.45
72.8
75.5
79.15
77.9
78.1
76.35
77.05
76.7
76.4
76.5
77.55
78.7
77.45
79.8
78.35
78.05
77.55
77.15
77.1
75.05
74.5
74.8
75.2
74.05
74.65
73.9
73.55
74.5
73.85
73.45
74.1
74.4
75.0
74.6
76.2
77.65
77.1
77.75
77.05
75.4
75.85
76.95
78.5
77.25
77.35
76.55
76.5
76.3
75.7
76.3
77.3
78.9
77.35
78.3
77.15
77.85
78.2
77.0
77.15
74.0
73.2
71.7
70.45
69.95
70.8
71.9
71.35
72.7
71.7
72.9
72.5
71.8
72.15
72.2
72.15
72.65
73.05
75.9
76.15
79.95
78.85
79.65
79.6
79.65
79.7
81.55
80.1
78.9
78.0
77.35
77.65
80.5
80.45
80.45
80.4
79.3
79.9
80.5
85.0
88.7
86.65
86.15
97.75
114.0
108.0
107.7
105.0
105.5
106.95
116.0
115.8
117.15
120.2
119.45
120.65
119.35
117.2
115.45
118.8
117.25
117.0
116.1
114.8
114.4
116.6
116.9
117.35
115.15
114.0
113.7
115.25
117.3
116.55
117.75
118.0
115.8
115.2
116.25
116.15
116.05
120.35
127.75
127.55
126.85
119.75
120.85
124.35
123.3
125.35
125.0
127.0
129.85
132.7
132.0
133.7
135.5
137.0
135.85
136.5
137.85
136.25
138.25
137.95
145.4
143.7
148.0
146.0
145.9
157.95
157.7
159.5
177.4
187.0
221.2
252.45
236.0
235.8
234.0
227.5
254.0
253.0
257.7
250.7
255.35
260.0
257.65
260.5
264.4
257.4
237.6
229.5
246.0
240.05
238.35
248.75
247.95
248.65
256.3
256.6
276.3
274.5
273.15
278.05
276.55
305.0
309.45
306.6
309.15
307.45
329.0
327.75
319.0
306.5
309.4
313.55
312.1
307.2
305.5
296.5
308.3
300.75
301.1
300.45
304.0
306.7
300.2
300.0
301.4
301.0
313.9
316.25
297.8
288.9
269.75
277.8
278.6
275.8
253.75
262.8
259.9
279.9
270.5
272.05
264.4
264.55
260.9
259.95
251.0
240.4
242.0
251.0
282.5
277.05
278.55
296.1
305.7
300.55
300.75
307.35
312.6
306.5
313.55
321.0
325.8
315.05
316.0
312.0
311.85
315.3
305.1
295.0
292.9
275.3
298.55
296.05
297.15
269.5
283.0
297.3
301.15
305.25
313.0
314.35
314.25
304.1
309.75
310.0
317.9
329.95
339.1
326.0
348.3
342.85
353.0
333.5
325.0
288.05
303.0
153.0
222.0
171.2
187.0
196.0
206.8
211.7
209.35
194.5
193.0
193.7
193.2
200.25
206.45
214.15
202.65
203.35
199.0
199.25
197.0
195.9
198.4
189.0
201.4
187.1
187.05
185.8
180.0
174.7
170.35
174.25
169.45
172.4
181.0
185.5
186.25
186.9
185.5
180.2
179.6
180.0
182.25
190.1
215.95
212.7
162.5
153.2
151.0
145.3
148.5
155.15
152.2
152.95
150.9
148.15
146.95
148.0
151.25
147.85
145.2
143.0
145.95
146.7
144.0
142.85
136.3
