close
134.13
142.0
160.41
147.0
154.0
157.99
151.0
140.0
146.89
145.92
152.5
156.29
157.99
158.98
167.0
198.9
194.5
195.0
209.9
202.0
206.5
218.0
199.0
193.6
201.98
203.0
206.0
198.9
186.78
187.0
186.96
206.0
212.96
214.5
228.8
230.5
244.0
231.31
224.5
226.8
232.0
255.0
269.0
256.1
257.97
256.98
255.89
265.88
272.9
283.0
298.99
316.5
303.0
294.99
302.99
289.0
291.99
293.47
290.98
266.97
283.98
262.99
268.0
274.45
242.63
238.5
252.9
244.0
244.44
248.4
241.5
245.98
254.0
253.0
239.45
239.98
235.0
233.8
217.65
211.0
224.01
243.0
253.12
262.99
267.0
269.29
262.35
280.0
275.5
282.48
272.0
275.67
294.96
293.0
317.9
312.98
299.64
304.58
327.7
328.0
308.61
325.98
333.0
333.89
306.01
312.99
303.0
309.95
328.9
332.98
347.0
349.13
342.0
357.5
348.0
350.0
314.21
339.85
340.7
343.0
359.99
359.0
394.0
436.0
413.5
426.89
420.99
431.0
430.27
414.95
439.9
459.89
444.0
449.19
460.0
494.99
477.0
484.99
463.42
451.33
478.2
469.99
478.5
477.02
484.05
478.0
496.99
502.0
502.99
506.0
518.99
519.99
490.0
498.84
494.0
470.0
435.01
465.0
450.99
459.4
437.0
492.09
480.0
491.0
480.0
482.0
472.0
469.9
502.0
485.41
489.0
478.5
477.02
480.0
470.0
464.79
454.0
469.0
454.08
467.96
480.0
478.75
492.0
490.0
488.94
473.0
470.1
474.04
485.0
486.95
495.93
486.97
487.31
492.14
483.0
482.0
472.0
477.0
485.87
484.5
485.0
487.0
527.0
519.0
564.33
605.02
605.0
625.5
633.0
625.0
609.9
587.5
590.0
576.0
572.48
575.0
578.2
592.0
622.0
640.0
625.0
599.98
615.0
634.19
623.0
621.0
627.04
647.2
690.31
692.0
682.9
687.97
676.99
643.89
655.25
671.7
676.95
680.01
721.99
714.91
731.0
736.99
728.0
729.0
738.6
730.67
740.95
761.0
740.0
742.0
735.0
759.86
780.0
795.99
817.99
835.5
838.96
835.0
844.0
847.89
863.0
860.0
847.0
849.0
860.0
870.0
867.5
874.0
865.99
828.01
816.0
820.98
813.63
784.71
797.94
803.0
772.99
760.0
784.05
758.97
707.98
690.2
704.98
640.17
742.1
760.99
753.0
731.5
729.03
744.99
712.0
666.9
706.93
669.8
650.0
707.0
692.0
676.0
691.64
690.01
687.18
685.0
667.56
651.66
617.99
650.0
664.0
662.8
679.0
684.35
681.79
674.2
700.0
683.8
671.1
670.0
645.99
644.5
614.5
599.99
557.98
559.0
567.0
585.0
582.87
592.98
607.0
606.0
617.0
610.72
603.19
587.69
575.0
570.0
601.06
629.01
639.0
688.0
676.01
677.0
687.0
674.0
701.0
692.98
709.98
703.92
692.08
704.0
687.64
666.99
660.24
669.0
685.0
695.0
703.0
707.5
697.0
699.0
680.0
658.7
678.97
694.99
698.0
697.98
730.0
733.69
737.94
752.75
735.05
750.5
768.0
771.0
775.0
763.0
752.0
749.2
743.18
749.98
753.0
749.0
741.0
746.84
746.5
743.99
744.0
764.99
764.83
770.0
752.93
750.3
741.09
734.99
744.86
742.0
735.96
745.01
744.0
757.5
745.03
739.0
742.37
712.0
716.45
713.96
707.0
700.0
715.2
722.7
730.56
724.03
757.97
778.0
759.5
769.8
775.4
764.98
765.79
744.0
746.0
750.99
758.0
756.99
743.0
751.99
759.94
745.0
742.38
744.0
762.09
791.0
828.99
839.99
830.05
828.41
826.71
825.0
840.99
853.62
858.5
841.6
861.8
865.9
877.0
892.21
884.57
873.84
856.0
856.25
877.07
881.5
948.89
970.0
957.5
933.01
954.98
946.96
940.39
911.9
926.81
913.99
917.0
939.47
942.89
917.61
924.0
959.87
971.0
965.59
967.99
963.0
930.06
928.93
903.98
919.99
923.1
922.0
916.01
918.09
913.0
920.0
903.0
868.0
900.0
908.0
884.6
878.0
877.0
850.1
875.8
856.0
827.4
837.7
844.8
826.0
840.0
850.0
850.0
860.0
860.9
859.3
895.8
897.0
891.3
877.8
888.0
889.0
894.0
890.0
890.6
905.0
888.0
867.0
849.8
823.2
827.1
825.9
820.0
784.9
795.0
817.9
812.0
818.2
801.9
797.2
785.0
777.9
780.0
739.0
711.5
721.0
731.9
740.0
732.6
719.0
718.9
722.4
718.7
721.8
730.5
725.2
712.0
722.0
728.0
719.9
747.7
751.2
756.0
730.0
744.9
745.0
729.9
739.4
737.8
754.0
748.9
755.0
746.8
734.2
729.9
725.7
729.7
737.0
711.4
719.9
708.5
719.0
701.0
696.8
701.6
705.5
690.1
682.0
691.9
677.0
671.9
676.0
680.8
682.9
684.9
682.6
695.0
698.4
704.0
703.8
697.9
697.9
691.0
693.7
684.5
692.8
691.0
633.0
599.9
598.1
568.0
587.7
530.9
549.0
557.7
561.5
559.5
572.6
539.2
519.0
526.3
513.7
509.0
499.0
496.8
515.0
514.0
531.1
542.0
513.0
502.2
491.0
512.0
518.6
488.7
467.8
478.0
473.5
489.5
476.2
467.6
471.3
446.6
398.4
367.0
355.0
371.7
371.3
360.3
338.8
320.5
288.7
298.9
321.5
340.0
340.3
332.0
348.5
346.0
370.4
346.3
350.0
358.1
353.4
366.8
384.3
387.0
394.2
399.0
415.4
405.6
382.5
384.5
391.5
403.8
409.4
385.0
377.9
380.0
381.5
380.2
364.8
347.5
328.7
303.0
308.6
299.0
296.5
294.2
304.5
297.5
329.0
332.1
341.5
355.1
334.1
324.5
317.0
311.2
296.0
307.7
293.9
298.3
282.5
279.0
276.0
269.0
267.0
264.3
267.6
263.1
255.8
254.0
271.9
283.0
282.1
287.9
296.8
292.7
303.1
300.5
307.7
303.2
300.8
314.4
314.0
323.7
323.0
324.9
327.9
333.0
354.4
336.6
324.4
336.0
339.7
339.8
345.8
359.5
351.2
351.2
341.9
328.9
335.1
337.5
332.7
317.9
322.0
326.7
325.2
320.9
329.2
323.8
324.0
330.0
327.7
328.1
326.0
294.0
295.8
305.9
308.0
300.7
302.4
314.5
317.0
316.7
305.0
302.0
287.2
289.4
285.7
289.9
276.5
261.0
269.9
268.8
279.0
267.1
271.5
264.0
265.7
261.3
268.2
272.0
279.0
278.2
266.7
260.9
263.2
258.1
249.4
248.5
254.6
256.6
261.0
260.8
244.4
234.8
221.0
222.0
219.9
217.1
229.0
224.0
224.7
210.9
206.5
204.3
195.1
187.5
190.7
202.1
180.2
181.1
179.4
181.8
191.8
183.0
180.7
176.0
179.6
183.5
191.1
192.4
185.7
188.3
185.7
186.3
205.9
204.8
208.4
212.7
214.9
199.1
189.8
190.5
193.5
189.1
206.0
206.5
214.5
215.5
210.2
208.0
203.0
201.5
196.7
190.1
196.2
192.8
193.6
193.9
194.2
189.2
180.2
181.0
178.4
181.9
186.6
198.7
197.2
209.4
210.4
215.8
220.5
225.3
223.3
221.9
221.0
221.2
221.5
215.4
215.7
213.0
204.3
207.0
205.2
203.5
200.1
197.4
191.7
186.6
185.7
190.5
190.5
185.2
184.2
195.1
215.0
218.4
218.5
221.8
220.6
244.8
241.0
241.0
239.0
229.5
239.0
229.8
228.9
216.2
217.2
217.1
226.2
218.4
215.5
210.5
218.0
215.9
216.0
212.6
215.0
215.3
207.7
210.9
214.1
219.7
220.2
219.9
211.8
213.0
209.0
206.5
204.6
203.4
202.0
207.2
207.4
210.4
204.1
201.5
197.5
199.5
193.4
195.2
195.6
191.9
192.7
189.0
190.7
191.6
192.1
194.5
192.8
188.2
192.0
192.2
190.9
189.7
193.7
194.5
192.9
192.2
197.7
197.1
196.0
204.5
209.7
210.6
211.3
208.5
206.7
201.5
202.0
203.5
205.4
204.9
219.2
214.0
216.7
212.4
213.4
209.5
211.2
216.9
216.0
214.3
212.1
211.9
209.0
207.9
208.8
205.3
203.2
198.2
204.4
198.5
198.3
195.3
198.1
194.2
192.4
191.3
194.5
192.3
190.7
189.3
189.3
185.3
178.8
175.5
178.2
174.8
173.7
172.5
167.9
164.6
165.0
168.3
166.5
169.9
168.6
162.5
161.8
161.2
171.0
165.0
162.2
164.9
163.6
158.0
154.4
152.9
153.4
154.1
153.0
147.0
140.0
142.7
138.5
134.5
137.7
147.8
139.4
130.8
125.0
128.2
120.3
119.9
116.9
113.4
115.6
119.6
124.0
124.3
123.1
124.5
122.0
125.2
126.4
127.7
129.4
132.5
126.6
123.2
116.6
113.3
117.0
115.8
119.0
120.5
114.9
113.0
114.1
116.5
112.5
112.0
109.3
100.5
97.7
89.9
86.4
95.4
97.3
95.0
92.2
94.0
91.2
97.9
97.7
99.0
95.1
94.0
94.7
96.4
95.4
95.6
96.0
96.5
97.3
97.5
96.8
96.3
94.4
94.1
95.7
97.1
95.0
95.2
97.7
98.3
97.0
97.1
97.9
100.5
96.9
97.2
97.2
98.0
97.3
100.0
98.7
98.3
95.3
93.7
94.2
99.0
101.8
104.2
103.5
100.5
101.6
100.8
98.2
97.4
101.8
101.4
104.3
101.5
100.7
99.4
96.9
97.5
98.4
97.6
99.0
100.0
106.0
113.1
111.5
114.8
109.9
112.4
110.7
110.9
113.5
110.9
106.7
105.5
107.1
107.0
105.0
102.8
102.9
100.9
100.9
103.3
102.7
104.0
102.4
104.3
103.9
104.7
107.4
107.5
105.3
106.3
105.7
104.3
103.4
103.9
104.2
104.2
103.9
104.5
104.2
103.0
104.3
103.6
103.4
100.6
99.6
96.0
56.3
63.1
70.5
74.9
71.0
71.5
71.8
69.3
67.1
65.6
62.5
60.4
59.3
58.0
59.3
61.1
59.5
60.3
61.0
61.0
61.5
60.3
60.0
61.9
64.1
64.5
66.0
66.9
68.2
69.1
67.9
65.5
64.9
66.5
64.7
65.2
65.8
66.0
65.2
64.8
65.7
65.7
66.0
65.7
65.1
64.6
63.9
63.3
62.0
62.1
62.5
62.2
61.6
61.4
60.7
61.3
60.9
61.2
60.7
61.1
61.9
62.9
63.3
63.1
62.4
61.5
61.6
62.3
63.1
62.1
57.5
52.9
39.9
31.9
35.5
39.3
41.0
41.9
37.5
38.8
40.0
37.0
39.9
39.9
39.5
39.1
39.7
43.2
42.4
42.7
41.0
36.5
38.4
38.0
38.2
38.3
39.5
38.6
37.5
38.2
38.4
38.4
38.1
37.0
37.2
37.7
39.0
39.1
39.2
39.2
38.3
39.0
39.1
38.7
37.5
38.7
39.4
39.6
41.7
44.5
48.5
49.2
48.5
47.5
46.9
47.4
47.0
45.7
46.1
46.2
46.8
45.1
45.1
46.5
47.5
46.3
49.3
48.3
47.3
49.2
49.7
53.2
51.4
52.0
55.5
53.7
51.0
50.8
51.2
50.5
51.1
51.3
52.8
52.4
51.2
51.2
51.3
50.8
51.5
50.6
50.3
42.9
38.5
39.5
42.7
41.4
40.0
40.3
40.6
39.9
41.3
40.3
38.9
39.8
38.8
39.4
38.5
37.3
37.3
36.5
33.8
31.3
29.3
31.0
29.5
29.7
30.0
31.1
31.8
32.1
34.8
37.0
36.6
36.8
35.5
34.8
33.7
32.9
34.3
36.9
36.3
36.7
36.2
34.8
35.5
36.0
35.6
35.7
34.9
35.5
34.5
34.5
35.1
27.3
18.8
17.9
15.4
15.0
18.6
24.6
25.07
23.9
25.39
25.09
24.77
23.17
22.1
20.5
23.61
22.69
23.5
22.5
22.8
22.56
22.85
22.62
21.99
21.1
21.9
21.97
22.08
21.7
21.59
21.95
21.65
23.07
22.59
23.89
23.16
22.1
21.69
21.59
21.94
21.82
21.99
22.3
22.89
22.36
22.52
22.76
22.57
22.6
22.9
22.35
22.03
22.2
19.85
18.44
17.9
20.3
19.15
17.9
16.8
16.47
16.8
19.35
30.28
27.7
25.51
26.07
29.15
28.63
26.7
24.71
24.97
25.3
26.4
26.5
26.4
25.0
25.25
26.13
26.28
26.8
27.23
32.15
35.55
34.4
32.71
33.7
33.59
43.3
44.85
39.59
39.1
40.89
43.28
41.99
43.0
43.28
43.31
45.0
45.44
44.24
46.6
47.84
55.35
55.1
61.99
73.0
83.58
82.27
83.0
83.79
89.45
93.5
77.49
70.04
88.0
87.27
82.5
73.78
72.68
78.0
80.05
70.54
72.15
72.19
70.3
65.54
60.11
75.45
74.3
71.2
71.8
69.02
70.42
69.87
71.53
67.85
66.97
64.7
65.0
66.38
64.65
62.99
63.87
65.15
63.9
61.6
64.95
64.7
64.01
65.94
64.3
65.2
64.65
63.76
63.49
62.5
61.29
62.08
62.27
60.88
59.12
64.6
63.4
62.24
62.52
63.0
62.08
63.15
65.25
66.7
67.8
66.7
66.82
71.0
72.14
71.65
71.3
71.33
70.16
70.13
69.99
71.5
72.0
72.84
70.4
67.94
67.65
69.17
70.01
70.07
71.6
72.42
70.51
69.55
67.5
63.16
64.25
65.03
64.79
64.4
64.99
67.2
67.09
67.19
67.17
65.9
64.85
61.97
59.18
59.46
60.5
60.92
61.03
61.44
61.3
61.94
60.95
61.0
61.17
60.77
60.39
60.72
60.6
59.19
58.7
56.81
55.96
53.95
51.2
56.9
57.36
61.29
64.39
68.39
68.54
68.83
69.39
71.67
72.18
72.37
73.3
71.17
68.5
65.84
67.35
66.11
64.38
62.97
63.17
60.91
60.43
59.96
61.56
61.4
60.61
62.25
63.27
61.45
61.44
60.41
60.19
60.35
61.34
60.88
61.34
61.21
60.78
60.41
60.24
59.61
58.45
59.24
58.84
58.56
59.33
59.89
59.9
64.79
65.99
64.22
63.67
62.35
61.8
61.39
60.01
60.03
60.23
60.42
60.2
60.9
61.8
61.2
61.35
60.0
60.83
63.64
63.0
63.11
64.4
67.4
68.22
65.36
64.29
62.1
62.7
63.99
65.28
65.1
65.9
65.98
68.0
65.32
66.1
64.64
65.09
65.07
65.41
64.38
64.76
64.9
64.64
64.8
64.75
62.02
62.16
62.27
60.35
57.0
56.25
55.9
54.13
55.97
62.39
61.65
61.25
61.7
61.2
61.11
62.09
62.23
62.55
63.99
65.54
63.48
62.04
64.0
62.55
63.82
63.74
63.97
64.26
65.0
64.59
64.7
64.64
64.59
64.67
64.48
66.4
67.18
67.04
68.99
64.0
64.0
63.82
63.9
63.2
62.31
61.91
62.13
63.05
61.92
62.13
61.86
62.0
61.82
62.13
62.15
61.78
62.2
62.01
62.16
63.15
63.05
62.9
62.09
62.36
62.2
62.96
64.85
65.56
64.51
65.64
66.72
67.3
67.07
66.44
67.25
66.9
66.55
66.55
66.49
65.04
64.5
64.04
63.55
63.91
63.11
63.08
62.15
61.41
61.38
61.2
61.5
61.22
62.44
64.0
64.2
62.88
62.7
63.5
61.85
61.28
61.96
61.43
59.85
60.01
58.46
58.7
57.5
57.8
57.4
58.0
57.04
56.59
55.33
54.99
54.2
52.75
58.3
57.09
56.71
56.5
56.72
56.25
55.13
55.56
55.08
56.18
56.2
56.6
56.1
56.56
56.4
57.01
57.86
58.55
58.32
58.06
57.91
58.31
58.49
57.51
55.7
55.85
55.01
54.82
54.53
53.79
53.9
54.58
54.43
54.1
54.08
54.35
56.1
58.82
58.84
59.8
60.37
61.41
61.59
60.51
63.62
64.55
68.7
72.3
70.9
71.25
74.15
78.65
88.68
87.7
84.18
80.01
82.01
80.99
80.17
85.2
84.57
85.18
87.82
87.76
91.7
87.99
90.53
88.8
90.0
91.03
92.01
90.0
89.0
87.82
87.84
91.0
89.99
89.51
89.21
93.0
93.14
98.7
106.68
116.6
145.6
144.01
147.45
157.79
153.0
148.2
152.96
148.03
141.7
151.0
156.28
163.5
177.0
185.9
210.83
211.0
208.21
201.0
185.93
203.02
197.89
193.78
193.0
195.5
199.66
192.04
182.81
183.55
174.51
175.34
171.5
172.5
170.0
165.62
194.0
189.0
190.0
194.98
194.0
192.78
187.81
188.7
180.01
177.4
189.1
181.8
180.0
181.51
181.25
185.15
181.67
181.26
181.2
179.7
185.62
196.53
193.3
192.0
193.6
189.0
187.08
191.0
190.01
188.02
190.73
189.98
190.0
190.01
188.0
186.01
184.65
187.0
185.33
185.34
183.1
181.55
179.48
177.6
172.8
166.92
165.52
175.4
176.06
171.78
169.53
166.4
160.8
151.49
146.8
154.0
152.0
151.76
150.42
145.81
134.47
133.0
143.0
139.25
140.02
142.08
147.51
149.2
144.6
144.17
143.65
143.09
140.36
148.52
161.13
157.52
151.62
156.12
157.26
163.0
168.86
166.41
157.99
159.66
155.74
159.93
155.34
157.73
153.19
148.22
148.75
148.74
152.14
150.5
151.49
167.1
177.77
170.05
174.2
168.15
164.15
164.6
159.65
161.3
158.5
155.6
153.95
148.15
148.65
146.6
157.0
151.95
151.85
147.9
150.35
146.35
155.35
149.6
147.4
148.0
148.6
146.6
138.75
139.9
137.35
130.3
128.5
121.95
126.2
130.65
129.6
134.95
135.5
132.7
136.0
137.9
138.35
138.3
140.2
143.65
148.3
145.35
142.05
144.1
146.3
148.6
147.95
141.5
143.35
145.1
145.1
145.1
144.95
144.2
143.45
143.7
144.45
137.7
143.35
142.8
143.75
144.1
145.7
150.5
154.6
155.7
150.3
146.8
148.95
152.2
151.1
151.05
151.0
152.5
164.0
166.0
160.3
163.5
164.25
162.8
164.0
169.6
169.8
169.0
163.45
164.15
163.9
162.85
159.95
161.1
160.95
153.7
154.7
156.9
153.3
154.75
152.5
153.8
157.8
153.35
152.85
151.4
151.1
150.05
149.0
148.8
147.8
148.65
152.0
148.4
146.3
145.0
145.0
145.1
146.45
151.95
153.0
152.7
152.9
150.0
148.95
149.1
151.7
150.5
149.45
147.7
147.4
146.85
147.85
147.2
147.3
146.6
146.0
145.45
138.75
135.7
136.9
137.5
143.6
144.95
143.6
143.1
146.45
144.1
141.75
138.1
137.2
134.4
132.9
143.4
135.15
134.75
139.0
137.75
135.95
136.0
140.0
133.5
134.0
129.65
126.4
127.4
129.8
136.0
140.4
141.3
147.75
155.75
154.2
154.5
155.6
154.7
155.0
152.65
154.95
154.0
150.65
149.9
147.0
153.0
154.3
152.95
150.0
149.2
145.2
145.0
146.05
147.55
144.3
142.3
135.25
136.9
135.9
134.0
138.25
138.7
139.7
147.25
145.3
146.7
143.85
144.3
147.15
148.5
146.6
144.0
145.9
140.65
141.0
140.0
139.95
138.25
136.45
138.7
132.3
134.85
136.6
132.6
133.65
136.8
134.0
132.65
129.3
129.9
126.55
127.6
124.05
124.3
130.5
136.2
130.4
126.15
101.85
110.3
106.0
113.6
112.05
110.65
113.75
116.15
116.1
122.95
121.65
121.2
119.3
119.9
120.2
120.35
120.2
118.35
118.65
118.6
118.8
116.85
115.2
116.0
115.5
113.35
113.45
114.6
114.35
113.6
115.05
113.8
108.6
110.9
109.6
109.0
110.8
111.85
110.7
107.8
108.8
109.75
110.6
109.55
109.6
113.9
113.95
114.95
107.35
104.95
100.05
103.65
102.7
99.45
95.85
97.0
96.3
96.05
98.05
101.35
100.4
102.0
105.5
105.9
107.5
106.3
103.35
104.25
103.5
101.75
99.55
96.25
95.2
95.5
97.1
96.0
94.8
95.4
95.2
94.15
92.8
92.5
91.15
92.55
94.8
95.65
91.3
93.15
88.7
89.35
88.3
84.85
86.3
86.75
88.25
88.85
92.15
95.3
95.1
93.6
93.45
93.3
91.25
89.25
88.5
87.55
85.75
84.0
83.2
84.55
82.0
84.75
86.35
84.8
88.0
89.3
99.95
110.3
104.6
108.05
105.6
104.2
100.45
105.35
103.95
105.25
106.25
105.0
105.3
105.45
105.45
102.6
99.1
102.2
103.25
103.85
102.55
100.5
100.0
97.45
95.4
94.2
92.5
89.4
92.1
91.35
92.1
91.25
91.15
92.27
91.15
90.19
89.72
91.9
91.2
93.5
97.17
97.1
94.29
92.5
96.12
95.01
93.05
93.25
91.04
90.17
91.49
90.8
90.89
89.95
89.94
87.1
86.86
85.0
84.09
83.9
84.25
82.85
82.15
80.7
79.9
77.5
79.72
77.1
74.44
74.0
72.91
72.83
73.47
73.12
73.68
73.74
73.93
74.44
76.16
77.62
79.14
79.26
78.3
79.35
81.4
83.81
85.51
83.29
82.65
80.61
81.36
81.36
81.79
81.3
81.81
81.18
80.83
79.0
77.6
78.0
80.02
79.0
77.82
79.3
78.78
78.46
77.95
78.17
78.04
77.83
77.93
76.53
76.13
77.47
77.13
76.04
76.55
75.3
74.38
73.25
74.37
73.74
73.31
73.3
73.14
72.67
73.99
72.52
72.1
71.68
70.15
70.11
68.59
67.91
69.8
69.7
70.6
69.87
69.42
69.38
69.89
69.91
69.95
69.64
69.38
69.4
69.43
69.8
69.2
68.71
68.34
67.87
67.44
68.05
68.17
69.26
69.22
69.07
69.0
68.4
67.06
65.74
64.37
65.43
68.0
68.12
68.0
67.68
66.53
63.7
63.71
63.8
63.89
63.18
62.1
61.4
61.45
61.5
62.1
65.3
65.32
64.08
66.34
68.0
68.3
69.05
68.24
69.06
69.11
69.59
68.0
66.66
67.07
67.01
66.5
66.35
66.54
67.75
67.5
67.79
67.7
66.81
67.0
65.66
64.92
64.79
63.37
64.7
63.47
63.5
64.11
62.77
61.73
63.05
63.55
63.3
65.29
67.35
66.55
66.79
64.44
63.29
62.27
62.23
62.0
62.75
62.2
61.66
60.0
57.16
55.51
56.16
56.25
58.15
61.6
64.6
61.75
61.83
61.5
59.95
60.35
60.46
63.21
62.85
62.34
63.56
64.8
65.0
64.49
63.52
64.15
65.01
67.0
67.7
67.02
66.06
65.15
64.0
64.41
64.82
63.31
63.26
61.49
61.55
61.03
60.5
61.56
61.44
61.92
60.7
61.5
60.7
60.25
60.65
60.83
61.83
61.9
61.3
60.05
59.79
59.98
60.37
60.32
60.51
60.2
60.63
60.5
62.3
61.97
61.7
61.83
61.85
60.63
60.58
60.99
60.49
61.15
61.1
61.03
61.32
61.7
62.33
61.57
61.72
61.5
60.38
61.09
61.65
61.6
61.71
62.1
62.49
62.15
61.42
60.85
60.75
60.77
61.39
61.1
61.21
61.45
61.73
62.0
62.57
63.14
62.89
76.3
99.8
91.5
91.49
89.8
86.45
92.17
96.21
98.9
107.49
103.42
98.8
97.28
101.85
97.69
103.09
101.31
101.64
98.1
98.0
98.0
99.95
100.32
100.05
99.83
100.53
101.9
102.1
102.87
104.16
103.16
103.41
103.76
103.07
100.79
101.47
93.33
85.7
86.22
90.89
93.4
92.4
87.52
76.99
71.7
56.6
61.7
60.25
59.6
56.71
54.55
57.5
56.7
60.32
59.57
63.0
58.3
59.29
60.79
59.76
60.18
61.9
63.07
65.28
66.26
67.37
67.32
66.51
65.38
64.97
65.12
66.78
65.82
65.35
65.07
68.81
68.0
67.38
67.23
66.9
65.67
64.0
64.34
63.8
63.46
63.18
63.35
61.75
60.88
61.22
63.09
63.82
64.49
64.31
64.61
64.5
64.18
64.82
65.53
64.65
65.73
66.2
69.15
72.98
70.64
69.11
68.12
67.58
66.29
67.3
67.22
68.12
67.38
66.98
67.5
67.18
65.95
65.62
65.52
65.16
66.33
65.97
66.36
65.52
64.8
64.69
64.89
64.8
63.44
63.21
63.4
62.88
64.26
67.35
66.5
66.0
65.7
66.89
66.26
66.95
65.5
65.98
65.65
65.55
66.39
67.96
66.24
65.93
66.07
65.91
66.6
66.53
66.87
66.6
65.88
64.3
65.08
65.77
65.88
65.62
65.56
65.32
64.1
64.93
64.45
64.09
63.23
63.23
60.98
62.18
61.81
62.65
62.91
64.74
63.11
63.6
62.85
61.11
61.97
61.87
61.15
60.66
61.28
61.13
61.52
60.91
60.2
60.45
62.71
60.9
60.42
60.46
60.0
59.61
59.54
57.77
57.41
58.11
58.0
58.29
58.59
59.34
58.02
58.1
55.62
54.9
54.15
55.46
55.85
56.73
55.78
57.76
58.55
57.64
57.67
58.0
61.25
59.75
60.6
59.41
59.85
58.9
58.93
58.55
59.13
59.13
58.6
59.05
58.77
60.63
59.54
62.64
61.88
61.7
61.85
64.93
63.4
63.11
63.73
63.31
63.75
60.55
62.43
67.8
78.7
78.1
81.3
79.2
79.1
79.8
78.74
77.51
77.5
79.21
78.2
84.05
81.75
80.2
80.34
79.93
79.77
76.04
72.5
73.2
74.29
72.64
71.81
70.19
72.22
73.62
73.03
72.99
73.13
73.6
72.3
71.75
72.33
70.77
73.27
72.33
72.37
69.84
70.51
71.62
71.49
71.0
72.8
70.0
71.08
70.8
70.62
69.57
70.0
70.59
70.01
70.78
70.05
70.41
70.67
69.7
70.03
68.16
66.99
64.49
62.88
63.32
64.39
66.24
65.51
68.0
66.92
68.2
67.38
68.1
68.11
67.8
67.16
68.03
68.63
72.72
72.62
75.7
77.0
77.97
79.35
78.02
78.5
79.54
77.73
77.5
72.92
72.74
72.62
78.19
78.89
78.47
77.13
75.68
74.87
76.06
78.94
78.18
77.72
75.65
83.5
85.5
82.8
82.0
80.5
80.0
79.6
79.86
80.11
79.96
80.38
80.13
79.3
79.77
79.54
79.0
80.0
79.35
78.2
78.18
79.04
77.0
79.49
80.0
79.51
76.13
77.01
75.77
75.2
75.54
76.9
76.1
76.5
74.53
74.42
74.69
76.8
76.74
79.52
80.0
79.36
79.8
76.49
79.35
79.8
79.3
79.28
78.41
79.34
79.8
81.19
80.5
81.55
81.5
82.69
81.9
81.33
81.2
80.22
80.0
80.0
81.7
81.14
81.83
82.79
81.18
83.75
96.14
100.5
101.5
101.69
105.0
120.0
114.48
117.7
119.15
116.63
145.5
150.1
156.86
151.55
159.4
162.6
156.02
157.59
153.49
148.55
130.54
127.49
147.22
146.01
139.55
149.82
146.65
143.51
150.9
148.03
154.33
152.2
145.71
149.38
148.4
161.98
163.26
161.55
163.96
161.64
168.7
173.0
167.1
160.3
162.5
160.69
160.44
151.5
146.85
145.53
153.5
146.67
143.7
140.02
146.43
146.24
145.78
145.06
144.3
145.68
146.5
146.0
129.0
119.21
116.4
122.0
123.53
118.1
112.0
113.42
109.18
113.17
112.22
111.6
110.15
110.0
102.76
102.3
99.8
95.8
96.57
98.9
119.0
114.66
110.73
121.21
121.4
118.49
119.39
122.54
124.2
121.56
123.29
127.5
127.2
124.73
122.4
126.39
126.95
130.41
125.0
121.27
115.44
110.09
119.24
118.23
114.55
101.69
101.42
106.41
109.77
108.65
115.97
118.22
119.23
117.0
120.82
121.77
124.73
131.68
145.71
138.5
140.82
155.56
157.2
148.0
140.55
122.0
128.0
68.0
83.3
76.28
82.9
93.2
102.44
103.0
102.73
97.44
100.0
103.45
102.36
110.99
120.0
127.67
120.1
122.78
119.55
117.61
118.6
120.33
125.42
122.25
126.0
133.79
135.5
133.0
128.01
133.04
129.36
131.7
127.34
128.5
134.9
139.58
136.0
135.88
131.84
125.83
125.61
126.68
128.29
129.14
132.33
129.83
132.7
130.57
123.06
117.5
129.0
126.65
123.54
121.1
119.54
119.0
120.92
119.62
118.98
116.3
113.87
112.48
118.89
119.57
122.64
123.42
119.97
