close
254.38
252.5
252.09
250.0
249.98
249.7
250.2
250.06
254.3
258.04
260.5
260.72
259.2
256.8
256.33
255.7
255.58
255.63
256.32
258.32
256.2
256.48
254.5
255.84
255.5
254.95
254.0
254.1
256.03
257.5
256.3
257.57
258.2
255.4
254.99
254.02
254.0
254.2
253.93
254.0
256.5
257.74
260.97
260.34
260.0
259.43
258.0
257.71
258.01
259.88
260.34
260.5
259.19
257.27
259.65
260.94
263.0
258.98
259.5
257.0
255.47
255.95
252.82
251.0
249.8
249.7
248.79
249.34
249.37
251.51
249.95
249.7
245.97
247.0
247.0
245.95
249.99
252.19
254.49
254.68
251.51
247.15
249.49
247.25
246.6
243.9
245.4
248.19
249.9
254.7
253.5
252.19
252.1
247.72
246.89
247.98
248.3
250.61
251.3
251.05
251.98
258.68
259.21
256.01
260.1
259.48
261.65
260.4
259.71
259.81
259.2
261.0
258.43
254.5
256.9
254.26
256.9
251.19
252.5
254.38
255.5
256.99
254.87
254.71
252.95
253.77
255.77
252.5
248.7
249.72
253.13
254.3
243.84
238.35
237.39
240.67
238.17
238.86
238.31
236.01
232.32
232.31
232.18
230.59
233.49
233.82
235.49
235.2
235.75
233.45
234.19
235.39
235.25
241.76
240.64
242.0
239.0
236.65
233.95
233.0
232.02
231.57
229.1
230.8
228.99
228.5
228.59
230.05
241.25
241.82
243.98
242.4
243.96
241.75
237.7
238.97
238.99
239.09
238.85
238.86
239.7
239.32
239.97
241.01
243.7
243.97
242.22
242.9
240.5
242.0
241.28
232.6
232.35
228.2
220.45
220.5
209.0
211.2
215.0
218.6
217.33
220.03
208.0
208.16
212.27
211.5
214.87
212.98
212.26
215.48
215.0
218.62
224.66
221.41
216.29
211.5
213.39
211.02
208.5
203.0
202.8
202.54
205.66
205.0
204.5
206.84
206.26
191.98
183.5
188.0
190.99
186.52
186.7
177.13
175.06
169.53
172.57
184.6
190.3
190.12
186.0
188.62
184.61
189.64
183.97
183.6
183.56
184.49
189.4
192.85
190.83
192.45
194.85
194.0
193.9
190.91
193.5
193.0
196.96
196.55
187.49
186.0
185.82
191.03
190.75
192.72
188.25
186.8
181.1
187.34
198.0
195.98
198.5
209.0
205.68
211.97
213.03
209.0
209.28
204.07
204.0
202.5
194.21
190.99
191.7
191.21
193.29
189.7
188.3
188.7
188.0
185.01
182.69
183.9
182.52
179.68
177.49
183.18
185.96
187.01
189.24
198.5
199.6
203.5
198.73
204.05
207.5
207.05
212.0
208.48
212.0
209.98
212.5
210.3
214.2
219.51
216.79
215.0
213.37
214.21
213.13
214.57
212.66
219.3
217.0
217.1
217.84
218.17
217.51
222.0
218.94
217.4
218.69
219.0
216.88
224.9
223.8
223.05
223.97
225.02
226.32
228.0
224.46
225.86
227.01
226.9
229.5
230.59
233.5
237.91
236.3
232.0
230.2
229.99
231.1
233.0
231.49
230.01
225.41
229.04
234.0
235.66
230.36
232.68
228.98
232.87
232.2
231.0
230.5
237.25
235.5
232.8
232.7
235.98
233.6
227.1
226.3
227.03
229.21
231.87
233.5
238.0
240.3
231.5
232.4
233.25
233.34
232.87
216.84
216.8
212.3
212.03
213.56
207.8
206.8
208.9
216.51
212.51
215.71
218.89
228.23
234.7
224.29
225.92
218.76
220.43
219.28
228.19
235.5
234.02
235.44
232.79
226.5
229.07
233.82
233.9
232.7
228.95
223.33
218.37
221.51
228.51
228.5
234.5
234.9
235.8
231.32
227.62
226.8
226.7
228.5
226.4
222.99
228.93
228.79
227.96
225.94
227.79
228.7
224.49
225.52
223.84
230.87
244.0
244.5
247.08
245.65
245.0
243.99
243.0
242.9
243.0
246.98
243.15
244.67
242.49
241.52
242.58
240.65
239.46
241.19
240.97
235.42
237.83
237.0
244.75
241.1
240.4
241.16
248.91
246.0
246.39
254.7
252.31
252.49
249.5
245.93
242.26
242.03
236.66
236.03
235.5
231.96
232.0
232.37
230.6
225.8
227.0
229.89
231.4
229.97
227.19
228.93
225.51
223.45
225.68
229.5
229.36
229.36
230.8
233.15
236.0
232.4
232.37
236.0
236.56
236.68
232.0
227.66
230.0
229.11
230.7
230.37
232.25
233.38
230.7
234.98
229.8
229.27
226.0
230.0
232.66
234.34
235.0
233.69
235.16
234.25
237.67
235.0
232.4
227.9
230.0
231.73
235.8
237.81
240.0
239.4
237.6
236.35
237.13
239.0
239.15
241.77
241.0
242.22
243.72
242.63
243.18
244.8
245.07
246.49
243.38
246.0
252.5
251.0
247.7
246.7
248.3
246.71
247.89
250.55
250.69
250.25
249.99
251.15
250.47
252.27
256.3
254.89
255.48
255.12
253.49
257.0
259.3
258.98
258.0
258.38
263.98
264.01
266.11
263.47
264.92
264.51
264.0
263.25
259.01
262.5
264.35
262.0
261.4
267.73
270.9
270.4
273.25
277.5
281.45
283.7
282.1
281.0
282.29
280.58
273.57
271.5
273.0
270.5
271.0
276.79
273.99
275.0
277.02
276.43
278.35
279.87
275.59
270.19
261.2
264.14
264.5
266.3
268.25
269.26
261.85
264.72
263.3
258.8
263.0
257.82
259.48
263.86
271.0
274.88
273.54
274.0
271.11
274.5
277.6
273.45
273.2
262.48
259.85
257.7
259.55
259.16
263.92
261.94
268.28
272.96
265.4
265.12
261.48
263.99
260.5
253.18
255.34
253.83
257.32
250.2
254.58
254.0
255.5
248.56
248.19
251.9
253.23
257.5
258.44
251.0
249.52
248.77
250.4
259.42
259.41
261.45
259.5
258.0
258.47
257.95
261.02
266.11
263.26
261.87
267.0
272.3
268.57
272.5
274.0
269.71
269.22
274.0
276.7
278.95
280.57
282.45
276.3
278.51
273.54
282.63
283.7
287.38
282.01
285.17
285.89
289.49
292.2
294.4
299.98
289.9
286.0
287.9
294.85
300.8
298.7
296.77
299.99
292.46
289.79
287.99
287.98
283.01
286.0
282.96
295.0
297.1
300.55
299.04
298.53
298.4
299.98
308.2
307.95
308.36
313.5
311.8
307.13
311.0
316.32
319.5
321.05
323.0
327.96
324.0
324.24
327.92
330.06
329.97
328.9
333.73
336.21
336.8
344.8
351.5
343.0
348.5
341.0
345.39
338.5
339.21
336.39
337.8
341.54
339.97
340.0
338.4
335.27
329.53
330.09
328.69
326.0
326.09
318.0
320.03
326.35
329.03
329.5
321.5
314.56
317.99
314.0
318.05
310.2
310.5
313.05
312.12
309.06
308.28
305.0
317.53
324.83
320.61
322.47
317.01
319.51
320.49
319.64
319.02
324.31
324.2
329.49
329.06
325.28
327.6
326.1
328.29
315.02
314.63
312.04
313.43
317.08
314.51
317.95
312.6
311.28
312.09
312.17
307.31
307.52
305.6
298.75
299.5
293.02
291.29
287.87
289.03
296.98
297.99
296.0
299.0
299.55
302.5
303.1
294.72
296.4
297.34
295.5
287.39
282.01
285.59
285.54
281.79
276.21
271.39
276.2
239.63
254.06
256.5
259.26
252.83
246.8
237.5
236.43
235.0
245.61
260.71
257.71
259.6
256.12
260.08
265.01
271.21
263.5
272.58
271.0
271.5
269.0
268.5
269.0
259.5
258.0
252.0
252.45
253.6
248.0
240.0
243.0
248.8
258.9
256.0
258.7
258.0
253.5
250.53
253.69
257.97
258.5
259.9
257.0
258.0
268.0
269.37
266.0
270.92
269.0
266.57
267.51
270.9
273.74
276.3
276.04
280.4
281.8
275.0
279.8
284.23
282.5
290.0
290.24
290.49
297.0
303.3
297.55
296.63
301.2
305.75
301.0
303.0
307.42
308.0
306.15
316.0
302.71
299.6
305.99
302.01
307.2
315.78
324.0
298.52
304.65
296.15
296.7
292.51
296.9
298.49
298.36
298.0
290.38
286.8
275.2
276.5
272.98
271.99
266.99
260.5
269.3
271.52
275.91
278.6
282.16
275.0
268.0
268.79
274.85
278.95
280.6
288.12
294.0
298.0
291.91
291.0
292.24
298.0
291.1
294.63
293.19
299.01
295.8
281.87
278.5
282.0
286.0
290.13
298.0
297.22
296.5
292.78
293.0
296.51
292.01
295.4
273.7
275.29
274.0
246.41
252.09
245.87
241.6
232.45
226.3
221.0
221.45
220.1
219.8
228.15
227.82
228.5
234.6
231.98
230.0
234.29
238.0
239.5
247.55
255.0
255.91
257.55
257.59
255.5
258.5
260.86
262.02
256.0
253.5
254.5
257.4
254.97
258.2
258.7
255.3
258.7
260.0
257.0
251.0
251.0
252.95
248.5
238.5
222.5
212.0
205.4
204.5
199.45
196.5
176.9
172.0
158.5
198.5
192.0
187.0
176.95
172.9
175.0
174.0
179.75
169.05
174.7
179.9
190.05
195.0
193.0
204.5
210.2
216.5
215.8
215.0
214.15
222.95
227.0
228.0
214.25
215.55
214.0
219.55
217.85
227.3
233.05
232.0
235.5
240.8
240.6
230.05
237.95
250.95
257.35
252.3
252.0
250.35
257.0
252.5
250.3
248.6
253.5
249.0
247.55
257.25
252.0
247.5
244.5
234.5
234.0
232.35
230.3
222.7
220.4
227.3
227.0
238.95
238.75
246.0
249.65
242.75
243.0
246.3
247.0
250.9
250.0
248.6
253.9
255.0
253.0
252.0
248.0
253.1
253.5
263.0
263.7
257.0
252.9
255.15
252.4
253.25
255.15
257.8
261.0
258.0
265.0
267.25
262.55
260.0
264.85
266.3
271.0
268.7
269.05
267.65
260.0
252.65
251.0
252.5
254.0
249.4
244.5
246.85
243.0
241.4
245.3
241.05
239.5
239.3
241.5
241.5
239.0
238.25
241.6
242.8
240.1
243.5
245.0
253.1
250.5
248.35
246.05
248.8
243.25
243.1
243.9
245.85
243.95
222.05
218.0
215.7
219.6
220.25
222.15
219.75
218.2
221.7
219.9
216.8
214.95
211.8
215.5
211.0
207.65
211.8
217.05
219.0
224.9
222.55
222.25
227.1
227.6
229.65
231.0
231.95
230.0
229.5
226.7
230.1
229.3
227.95
232.0
228.7
223.75
224.7
221.0
227.25
228.9
228.85
227.55
228.0
230.65
226.2
224.7
227.1
227.0
225.8
225.5
225.7
222.5
227.3
225.65
223.85
222.25
221.95
216.7
213.15
215.15
210.8
211.35
212.7
211.35
209.7
214.65
214.75
211.0
213.95
216.5
215.25
214.9
216.05
219.65
219.0
217.6
214.25
212.75
211.0
211.15
213.5
212.55
214.0
211.2
208.3
211.2
209.2
202.0
202.55
200.5
194.7
193.55
195.0
194.4
199.05
209.85
214.9
214.1
219.3
221.7
212.85
219.0
217.5
214.05
217.7
216.5
217.0
217.55
214.8
216.0
215.95
218.45
217.0
216.0
213.55
217.0
220.0
221.1
221.5
213.05
212.85
211.75
213.0
212.2
210.25
211.5
210.0
208.45
210.75
210.0
200.55
205.0
208.0
210.85
205.0
205.4
208.0
204.8
211.7
216.5
215.5
218.1
224.0
227.2
226.0
227.0
229.5
230.6
232.0
231.85
227.0
229.0
227.6
226.3
229.75
228.5
233.0
234.2
238.0
236.8
235.4
238.0
228.0
228.1
230.25
233.0
230.95
231.0
234.5
234.65
239.65
236.5
232.8
231.85
232.9
232.15
236.95
236.0
234.5
237.2
239.0
235.5
236.0
236.5
236.95
235.4
236.35
240.1
237.6
236.45
233.3
231.9
234.4
238.1
251.5
250.0
251.7
251.75
252.0
249.5
259.45
257.2
257.4
258.5
257.1
256.0
256.7
256.65
253.0
257.2
256.75
262.05
253.0
253.0
255.2
256.1
259.2
259.45
262.9
252.6
258.0
253.1
254.8
256.0
254.7
255.8
255.55
257.15
251.9
254.55
253.0
267.0
264.95
263.4
264.15
260.7
263.4
268.3
256.0
253.3
262.2
255.1
253.0
249.9
238.15
234.5
240.8
243.5
243.05
245.05
235.45
235.15
235.2
231.5
232.0
238.2
238.05
235.85
232.5
235.2
236.9
235.35
239.5
244.3
243.9
245.2
248.8
249.35
251.8
252.0
250.95
248.0
246.0
248.6
247.2
250.9
252.4
250.0
250.5
251.8
249.85
251.9
247.55
240.0
236.65
237.1
237.35
235.25
237.5
237.2
236.05
240.75
239.1
237.0
239.5
238.85
239.9
244.6
246.35
243.85
240.7
237.4
235.55
230.2
232.0
231.0
230.5
233.0
234.8
231.85
230.7
229.9
229.8
230.05
227.5
229.4
229.05
228.4
230.8
230.3
232.55
231.95
232.4
221.75
219.45
219.45
220.15
218.8
218.8
217.6
217.3
217.45
217.2
213.4
213.3
223.5
223.7
220.6
220.5
220.8
219.2
220.7
224.3
221.9
221.55
220.25
221.6
220.8
220.5
224.45
223.5
225.7
228.2
227.5
229.3
229.55
230.25
239.0
244.7
249.25
248.45
250.1
254.0
256.95
261.9
259.95
259.0
264.0
266.6
259.15
259.7
256.0
252.8
250.0
248.9
248.7
250.0
253.8
259.0
262.65
259.3
260.5
257.0
258.4
255.7
257.1
257.95
262.95
263.35
265.0
263.6
268.0
272.9
267.7
265.7
268.0
277.5
277.05
276.35
275.7
279.0
272.7
274.35
271.9
275.9
271.1
272.2
272.1
270.75
267.6
273.45
277.45
277.5
281.0
278.55
279.0
277.05
274.35
275.5
273.3
275.0
274.55
273.0
270.0
257.0
255.2
271.8
269.0
260.1
269.6
268.15
275.35
283.75
287.5
290.0
288.85
283.0
284.5
285.05
280.25
272.6
273.55
279.1
278.95
284.55
281.25
273.5
275.6
275.0
274.5
270.8
272.25
269.1
268.1
265.9
266.55
274.35
277.3
277.6
274.4
273.85
276.0
247.3
246.5
256.0
256.0
253.1
250.9
246.5
241.45
243.7
244.25
242.4
243.6
246.4
243.05
242.0
243.05
243.0
246.05
236.5
241.05
248.8
248.7
248.05
250.0
249.0
252.25
249.65
245.0
240.75
237.5
239.4
242.95
240.35
242.0
244.3
239.05
232.0
235.05
234.0
234.5
237.0
239.5
237.55
237.55
224.05
225.6
227.95
229.95
233.45
236.4
234.8
232.8
231.0
233.25
230.55
234.6
236.4
237.25
237.8
236.95
236.2
236.7
240.1
243.3
241.05
241.6
243.55
242.0
240.6
241.3
243.85
243.8
243.8
243.25
244.0
244.95
245.25
247.55
252.0
253.0
252.0
254.7
257.7
270.0
264.9
261.05
264.25
273.7
275.45
277.55
283.5
286.4
285.9
286.15
288.0
286.2
292.45
291.5
288.0
279.45
277.55
282.35
283.85
282.85
282.05
279.5
279.7
278.5
278.6
278.45
282.8
283.0
291.95
282.5
283.7
283.5
282.3
286.1
281.55
281.15
280.75
284.2
284.15
282.55
283.4
282.6
281.5
287.75
281.6
286.2
291.8
287.8
288.5
292.95
295.95
294.5
284.2
280.55
283.0
283.0
284.3
280.3
283.1
288.7
285.9
284.0
282.0
284.55
277.4
266.0
264.0
264.9
248.0
246.4
252.9
253.15
250.85
256.2
266.0
263.0
262.15
260.6
269.0
271.4
285.5
281.25
280.5
279.9
276.0
275.5
282.1
281.35
283.05
284.45
293.0
294.3
294.7
290.0
287.05
288.6
292.2
295.7
301.9
299.85
305.3
306.9
303.8
303.35
309.0
311.5
304.4
304.55
302.75
301.0
295.75
294.0
301.0
304.0
300.8
304.0
306.15
306.5
307.4
313.0
311.0
315.0
316.1
307.6
310.6
309.3
315.0
314.0
313.25
314.5
313.5
318.15
313.0
312.25
316.85
318.0
308.1
307.65
300.1
295.5
292.85
292.3
295.0
293.3
294.15
297.75
295.8
292.4
294.1
293.0
272.5
281.85
279.0
282.25
279.0
278.0
283.2
289.3
289.5
287.75
287.15
289.4
289.15
295.8
295.1
294.05
296.4
292.3
290.55
290.0
291.45
290.0
289.85
289.15
290.0
289.0
289.05
293.45
293.4
294.25
297.3
291.1
286.5
287.2
287.15
283.2
283.85
282.4
283.1
285.95
285.9
285.2
286.05
283.55
284.9
283.7
282.75
281.85
282.85
277.5
276.55
277.1
272.9
264.75
264.95
262.0
266.7
267.35
278.1
284.1
281.1
284.0
288.0
276.95
278.8
273.75
272.9
270.0
269.15
269.35
270.4
269.0
268.3
266.3
262.0
263.55
262.8
263.3
263.95
261.85
263.8
262.3
261.3
260.8
261.95
262.2
257.5
253.6
253.7
253.1
251.0
249.85
248.8
248.65
249.15
253.5
253.6
251.95
251.55
255.0
258.9
260.35
259.15
261.95
263.45
257.3
257.95
256.1
256.0
255.85
252.5
256.6
264.5
266.0
276.65
279.15
275.55
271.65
276.65
274.75
274.05
269.9
273.1
272.5
274.7
272.55
276.3
276.5
275.1
269.9
264.0
263.5
262.4
266.5
269.65
272.4
271.05
269.0
270.4
264.6
262.2
262.15
261.5
258.3
258.9
257.0
257.6
258.25
262.2
264.0
270.95
273.6
269.3
265.95
268.3
269.3
271.5
267.0
266.3
253.0
252.4
253.95
248.9
247.5
249.0
248.7
252.7
247.55
248.7
248.2
248.2
242.3
237.0
229.5
224.0
232.25
232.6
235.0
235.0
237.7
240.1
243.5
244.75
235.45
232.5
234.0
233.35
236.9
238.0
240.5
248.6
250.05
252.0
256.0
252.8
252.35
252.45
254.75
255.25
257.5
260.0
258.55
264.45
263.5
261.0
257.8
259.55
261.1
260.75
261.55
263.25
264.95
263.15
261.8
255.0
251.55
255.35
254.1
257.2
260.45
253.9
250.6
251.0
249.0
249.05
250.9
252.5
252.4
253.0
252.6
255.95
256.15
257.5
254.9
256.6
258.0
260.25
259.3
260.0
263.75
261.95
258.0
268.0
265.0
262.0
263.45
257.75
255.95
252.45
254.0
258.0
258.4
262.2
264.3
260.85
261.5
259.4
260.5
259.05
260.2
257.45
258.05
259.0
259.85
261.25
260.0
258.8
255.35
257.0
255.3
254.9
261.75
262.9
261.35
258.6
260.25
255.4
255.55
255.45
255.1
254.5
253.25
253.15
252.65
253.8
258.65
256.7
258.2
255.05
256.9
258.25
255.8
258.8
259.65
259.2
262.95
263.15
264.75
269.95
269.55
270.1
269.85
274.2
276.0
278.0
277.85
279.6
280.4
287.05
284.95
284.9
286.45
281.4
282.95
282.85
284.95
268.6
270.95
269.0
266.9
268.55
268.3
266.8
264.1
261.8
262.4
262.7
265.45
265.5
265.1
266.0
264.8
267.2
265.0
263.85
261.75
257.8
260.0
259.35
260.0
258.75
259.3
258.25
257.5
256.5
254.0
256.05
255.25
256.25
256.85
256.35
262.0
261.05
265.3
264.6
266.35
266.7
266.2
273.4
275.1
272.3
272.55
269.0
270.4
267.4
267.95
269.3
269.85
271.0
270.3
273.05
269.5
266.15
264.7
266.0
266.7
265.0
264.45
262.35
262.65
263.4
265.7
260.9
268.65
272.75
268.0
265.5
267.5
267.75
265.35
269.1
267.0
270.3
270.95
275.25
278.65
285.7
287.3
287.75
285.0
286.3
289.75
291.8
299.6
300.3
297.8
299.5
298.6
297.3
300.2
297.45
305.5
306.1
306.0
305.15
308.5
304.5
306.35
306.7
304.5
305.85
303.1
303.6
304.1
300.8
302.5
302.4
305.2
305.1
304.4
306.85
311.2
313.85
312.3
313.7
314.05
314.0
318.05
319.7
320.0
319.95
322.1
323.45
328.15
324.3
319.4
319.45
317.3
318.65
319.8
321.15
327.2
328.7
333.8
329.95
336.45
326.75
327.25
328.5
330.5
326.4
331.95
332.95
331.4
331.0
331.0
330.7
332.7
339.0
337.8
340.55
341.0
341.4
348.1
347.5
348.0
337.5
339.0
329.0
320.5
327.2
328.25
328.75
329.55
318.8
294.8
293.3
272.95
269.0
267.1
268.45
256.75
265.5
276.5
262.1
280.0
278.35
285.95
290.0
296.95
299.1
297.0
299.3
295.6
308.85
308.7
313.85
310.45
310.95
308.0
310.95
304.0
303.4
305.35
306.0
302.0
309.7
314.25
306.8
311.4
313.5
319.2
319.6
316.55
320.4
318.0
320.3
325.3
323.6
318.45
315.15
320.15
325.5
327.25
332.55
328.7
327.1
332.2
331.9
326.5
324.05
320.0
319.6
326.7
329.7
323.5
326.25
325.5
329.15
326.85
322.8
323.8
328.0
325.75
326.05
327.35
325.0
324.7
325.45
324.3
325.95
330.45
330.85
334.6
338.1
336.6
321.1
315.0
314.95
315.7
317.0
319.7
321.0
321.55
322.75
322.2
323.85
321.95
321.0
323.25
326.7
329.8
325.6
327.55
333.3
335.7
333.95
332.75
329.75
329.15
329.55
337.5
337.9
340.2
341.95
341.9
342.0
341.9
341.5
344.25
344.75
346.65
348.7
341.75
335.9
339.5
335.8
335.4
336.0
335.8
332.35
336.1
332.2
331.7
333.7
336.95
338.75
339.75
337.45
337.8
339.45
339.35
337.2
340.2
344.4
339.1
338.7
338.3
340.45
343.25
340.2
332.0
335.15
329.0
330.8
330.6
332.6
321.75
321.75
316.2
320.8
321.15
320.45
318.4
317.25
316.2
313.15
313.1
311.6
315.95
319.25
323.4
323.65
324.7
322.6
322.15
318.95
321.7
323.15
324.7
321.6
319.45
317.7
319.55
314.85
319.05
318.8
321.0
321.65
322.85
321.0
317.55
316.85
317.55
318.05
320.8
324.0
318.65
318.95
320.7
321.4
325.9
328.05
325.3
326.85
326.75
326.45
327.9
327.65
330.25
331.2
334.9
337.8
334.05
339.4
337.55
334.2
331.9
337.35
332.85
333.0
331.1
332.2
329.3
329.9
333.8
336.3
334.5
333.6
328.85
330.75
331.95
335.05
333.55
336.0
333.75
333.3
330.4
328.45
327.1
330.15
327.9
323.1
320.7
322.4
323.2
320.2
315.65
314.8
313.05
316.7
318.9
315.8
319.0
318.6
313.9
315.3
319.5
320.7
321.5
318.25
317.9
316.25
317.4
319.35
315.9
315.2
314.55
315.05
316.15
315.0
316.2
316.9
317.4
317.5
317.25
317.05
316.9
316.8
317.3
315.7
316.5
315.8
321.7
321.4
321.5
321.45
321.85
322.0
323.65
323.1
322.8
321.6
320.6
319.9
323.4
323.15
324.05
324.1
324.65
322.8
323.9
325.5
328.15
333.9
337.4
334.0
333.7
334.2
335.05
335.75
335.45
336.0
338.75
338.45
339.25
338.9
340.6
340.9
343.0
342.5
343.2
342.4
344.45
344.7
344.95
343.95
341.3
342.65
342.25
341.8
339.15
341.9
342.0
341.65
341.3
343.35
349.5
349.3
349.55
324.35
318.2
319.35
324.0
323.7
323.7
322.2
320.55
317.1
316.05
317.15
316.45
316.2
319.35
316.85
318.15
318.0
316.1
316.85
317.3
316.4
316.6
316.1
316.5
317.1
318.1
319.7
318.85
318.7
320.95
323.0
323.3
324.2
327.45
329.85
330.4
331.15
329.35
329.1
330.15
330.4
328.1
329.1
328.05
328.6
329.25
328.85
330.35
333.55
332.65
329.65
329.65
330.35
328.0
328.4
328.0
327.95
331.75
331.9
330.1
329.7
330.1
328.85
327.35
327.7
327.55
328.5
328.9
319.0
318.05
317.15
319.55
318.8
319.4
319.1
319.25
316.85
316.25
316.25
313.95
312.9
312.2
311.35
312.85
313.35
313.6
313.2
313.55
316.05
316.2
316.45
317.75
316.8
317.5
312.5
312.8
310.1
305.2
307.45
305.5
306.05
299.05
296.5
293.75
296.45
297.85
295.1
293.85
291.45
290.1
288.45
287.05
277.45
276.25
279.85
286.95
289.4
290.4
290.05
291.25
290.55
290.7
293.95
295.6
296.4
298.9
304.65
304.95
298.3
299.2
295.85
296.2
296.45
291.65
289.65
281.7
272.95
274.8
274.4
273.45
272.95
279.45
277.9
278.45
285.55
287.4
289.6
285.8
284.6
283.25
284.45
289.75
289.9
293.45
284.8
280.8
287.3
287.4
283.45
272.85
239.75
260.85
206.65
217.5
205.6
190.6
184.8
174.7
233.0
238.65
235.0
231.0
218.0
215.0
216.5
215.2
211.75
210.9
210.5
205.8
207.35
203.8
201.8
196.95
192.4
188.05
185.0
196.35
207.6
205.0
209.05
208.7
214.1
211.0
209.45
200.1
200.85
210.0
217.5
243.0
243.15
238.5
236.0
243.4
248.0
245.75
246.9
255.0
254.95
257.05
261.7
259.5
268.35
270.2
272.35
270.7
274.0
274.9
276.1
277.05
274.7
274.45
272.7
274.0
276.2
278.35
276.2
277.4
275.7
266.95
