close
119.0
120.0
129.0
130.0
134.0
134.0
134.0
133.0
104.5
105.0
107.0
117.0
137.0
139.0
139.0
96.0
100.0
95.0
100.0
113.0
100.0
100.0
100.0
88.5
113.5
130.0
130.0
129.0
129.0
146.5
110.5
137.0
110.5
112.5
135.0
113.5
112.0
122.5
127.0
123.0
98.5
102.0
105.0
102.0
100.0
93.0
94.5
109.0
95.5
92.5
93.0
97.0
92.0
89.5
90.5
92.5
87.0
91.0
90.0
86.0
91.0
98.5
99.5
95.0
95.5
99.5
107.0
110.0
104.5
94.5
95.0
93.0
95.5
93.0
103.5
103.0
95.5
94.5
97.0
94.0
92.0
91.0
87.0
89.0
90.0
93.0
91.5
93.5
90.0
91.5
92.5
92.5
92.5
93.0
89.5
91.0
88.0
91.0
90.0
90.0
89.0
91.0
91.0
86.0
88.0
88.5
86.5
87.0
84.0
83.0
82.5
82.0
84.5
83.5
81.0
82.0
80.0
82.0
81.5
81.0
82.5
81.0
81.5
81.5
80.0
81.5
80.5
80.5
80.5
79.5
78.5
79.5
76.0
74.5
74.0
73.5
72.5
71.0
73.0
72.0
72.0
72.0
73.0
71.5
72.0
71.5
73.5
73.5
73.5
74.0
72.0
70.0
67.0
67.5
68.0
68.5
68.0
67.5
67.5
68.0
69.5
70.0
70.0
70.0
67.5
68.5
69.0
67.0
67.5
68.5
68.5
66.0
65.5
64.0
64.0
66.0
65.5
65.5
65.5
65.5
65.5
66.0
65.5
65.0
65.0
65.0
64.5
65.5
65.0
66.5
64.5
66.0
64.0
65.0
63.5
65.0
67.5
67.0
67.0
68.0
67.5
73.5
71.5
71.0
71.5
73.0
72.5
72.5
71.0
67.0
68.0
69.0
66.5
67.0
67.0
68.5
68.0
69.5
68.0
71.5
68.5
68.5
68.0
67.5
68.0
67.0
65.5
66.0
66.0
65.5
65.5
65.0
66.0
66.0
65.0
66.0
66.0
67.5
65.5
64.0
66.0
64.5
65.5
63.0
64.0
64.0
64.0
62.5
64.5
66.0
64.0
62.0
62.0
58.5
60.5
63.0
60.0
60.0
60.0
59.5
60.0
62.0
60.0
59.0
60.0
62.0
60.5
62.0
63.5
63.0
63.0
63.0
60.0
60.0
60.5
60.0
61.0
62.5
87.0
96.5
78.5
113.0
125.0
140.0
160.0
185.5
170.0
150.0
149.0
142.5
150.0
147.0
141.0
147.0
148.5
148.0
147.0
142.5
146.0
137.0
130.0
129.5
130.0
132.5
131.5
133.0
130.0
128.0
130.0
130.0
133.0
133.0
122.0
128.0
122.0
123.0
128.5
120.0
117.5
122.0
122.0
122.0
117.0
115.0
120.0
121.0
120.0
118.0
118.0
118.0
118.5
117.5
120.0
119.5
124.0
130.5
131.5
133.0
121.0
126.0
121.0
123.5
124.5
121.5
120.0
117.0
118.0
118.5
116.5
119.0
116.0
116.5
116.0
120.5
117.5
122.0
120.0
116.5
114.5
114.5
112.0
112.0
112.0
107.5
106.0
111.5
112.0
110.0
110.0
110.0
112.0
110.0
106.0
112.0
112.0
105.5
112.5
112.0
110.0
113.0
112.0
110.0
106.5
107.5
111.5
112.0
109.5
110.0
112.0
110.0
112.0
105.5
100.0
108.5
108.0
110.0
108.0
100.0
100.0
98.0
91.5
90.5
91.5
90.0
88.0
90.0
93.5
86.5
85.0
88.0
84.5
89.5
84.0
93.5
90.0
88.0
88.0
84.5
82.0
86.0
102.0
101.0
106.0
112.0
108.5
104.0
103.0
105.0
110.0
107.0
103.0
104.5
98.0
98.0
96.5
99.5
107.5
104.0
107.0
100.0
108.0
101.0
97.0
95.0
98.0
98.0
98.5
97.0
98.0
96.5
93.0
93.0
79.5
80.0
80.0
79.0
84.5
89.5
88.0
87.5
87.5
86.5
87.0
87.5
90.0
90.0
88.5
88.5
87.5
87.0
88.5
89.0
89.5
90.0
92.0
89.5
86.5
87.5
83.5
82.5
84.0
85.5
85.0
83.5
83.5
85.0
85.5
84.5
87.0
86.0
86.0
85.0
86.0
87.0
86.0
87.5
88.0
87.0
86.0
87.5
86.0
85.5
87.5
87.0
87.0
87.5
85.5
85.5
86.0
85.5
86.0
89.5
86.5
88.0
90.0
87.0
86.5
87.0
86.0
86.0
86.0
85.0
84.0
83.0
84.0
80.5
84.0
84.5
83.0
82.5
82.0
84.0
86.0
90.0
91.0
91.0
97.5
103.5
106.5
104.0
95.5
97.0
110.0
110.0
111.0
104.0
105.0
109.5
110.0
103.5
101.5
99.5
101.0
100.0
100.0
100.0
100.5
99.5
104.0
105.0
106.5
103.0
104.0
112.0
110.0
110.0
107.5
107.5
110.0
109.0
110.0
107.5
109.0
108.0
109.0
114.0
114.0
109.5
106.5
105.0
106.0
106.0
114.5
114.0
106.5
114.0
114.0
114.0
114.5
115.5
115.0
107.5
112.0
116.0
115.0
114.5
117.0
114.5
113.5
113.5
114.5
110.5
110.0
114.0
116.0
114.0
115.0
114.0
112.0
110.0
109.0
107.0
107.5
108.5
108.5
109.0
110.0
109.0
100.0
102.0
100.0
104.0
103.0
100.0
102.0
104.0
102.0
100.5
98.5
100.5
101.0
98.5
99.0
98.5
98.0
102.0
101.0
101.0
101.0
100.0
102.0
98.5
98.5
96.0
95.0
99.0
99.5
99.5
101.0
100.5
99.0
102.5
102.0
103.0
96.5
96.5
98.5
95.0
95.0
95.0
93.5
98.0
98.0
93.0
93.0
98.0
99.0
98.0
101.0
100.0
98.0
100.0
97.0
94.0
92.0
95.0
97.0
99.0
100.0
103.0
101.0
95.0
95.0
94.0
91.0
97.0
97.0
95.0
93.0
94.0
96.0
100.0
96.0
97.0
96.0
96.0
91.0
93.0
89.0
85.0
85.0
86.0
87.0
87.0
85.0
85.0
86.0
83.0
84.0
84.0
85.0
87.0
86.0
87.0
88.0
85.0
83.0
86.0
84.0
82.0
84.0
84.0
82.0
84.0
83.0
86.0
85.0
86.0
90.0
90.0
89.0
90.0
90.0
91.0
87.0
87.0
90.0
87.0
90.0
89.0
89.0
90.0
89.0
89.0
88.0
90.0
87.0
87.0
87.0
86.0
85.0
85.0
85.0
85.0
85.0
86.0
85.0
84.0
83.0
87.0
87.0
86.0
87.0
89.0
87.0
86.0
87.0
88.0
88.0
87.0
88.0
90.0
89.0
87.0
86.0
85.0
86.0
86.0
87.0
88.0
86.6
86.2
85.4
85.8
86.8
85.0
85.0
85.0
87.4
87.0
86.8
86.4
85.6
85.0
88.0
86.6
86.6
90.0
91.6
86.4
85.0
85.8
85.2
83.6
81.8
82.8
83.2
84.8
84.2
83.6
83.0
82.8
85.2
85.0
84.2
83.4
99.8
91.0
98.6
92.4
92.6
92.6
95.0
92.8
92.6
94.4
93.8
95.0
93.8
93.0
93.6
88.0
89.2
87.2
88.2
86.6
87.8
86.6
85.8
84.6
84.0
83.6
83.0
84.2
84.8
87.0
85.4
85.6
85.2
84.0
83.0
82.4
81.8
81.8
82.0
81.6
82.8
90.2
86.0
86.8
86.4
85.4
85.8
86.8
86.0
85.2
84.6
84.6
85.4
86.0
85.8
86.0
86.0
86.2
87.0
87.2
87.6
87.6
87.0
87.0
85.6
85.4
86.4
86.4
85.4
84.8
85.0
85.4
84.8
85.8
85.4
85.0
87.0
86.6
86.6
86.6
85.8
85.8
85.6
84.8
86.4
86.0
86.0
85.0
84.4
83.4
84.6
84.6
84.6
85.0
84.2
84.0
85.2
85.2
85.8
85.6
85.0
84.8
85.4
84.4
85.4
84.8
84.8
85.4
85.4
86.0
87.2
85.6
87.2
87.0
86.0
86.0
89.0
96.6
96.8
96.6
120.0
106.4
103.4
105.2
101.6
99.6
98.0
96.8
99.2
96.8
98.2
109.0
108.8
106.0
108.0
109.2
106.2
106.8
108.4
108.0
109.0
107.8
108.0
106.0
107.0
108.0
109.6
108.4
107.6
109.8
112.0
111.6
108.2
108.4
108.2
109.0
107.0
108.0
107.2
101.8
101.8
100.0
98.2
98.0
99.8
98.4
97.0
98.6
96.8
100.0
100.0
105.0
106.6
105.0
105.0
102.8
101.0
104.6
103.0
101.0
105.0
109.2
123.8
121.4
126.4
134.2
134.4
133.8
129.8
125.6
132.0
132.8
131.6
133.0
134.0
135.0
134.4
132.8
133.6
133.8
132.0
164.8
158.0
148.6
146.4
151.0
159.8
184.0
176.0
174.4
190.0
187.6
180.0
179.6
181.6
183.8
183.6
186.0
189.0
185.4
177.0
176.8
164.4
156.2
159.8
162.0
169.0
163.6
155.0
149.2
152.8
126.2
136.4
126.0
119.0
117.0
125.4
127.0
125.2
136.8
133.8
132.2
128.8
128.8
131.0
128.6
125.8
125.0
143.0
142.0
139.4
140.4
139.4
138.0
134.6
130.0
131.2
137.6
134.4
129.8
132.6
152.0
150.0
146.8
150.0
145.6
147.0
147.2
148.0
149.8
150.0
151.0
152.0
152.0
150.8
151.6
153.0
153.0
154.0
157.6
155.0
156.0
154.0
152.0
155.0
152.8
153.0
157.8
155.2
152.4
159.0
164.8
170.0
167.0
165.0
162.6
170.0
170.2
166.2
168.2
167.8
171.0
167.0
163.0
162.0
166.6
166.8
164.0
165.0
165.0
165.0
167.6
163.8
166.4
163.0
164.6
167.2
168.0
166.6
165.8
169.0
166.0
165.6
165.2
160.0
165.0
165.0
162.0
167.0
165.0
164.6
164.8
165.6
167.8
165.8
167.2
170.0
169.0
168.6
169.2
170.0
168.6
168.8
169.8
170.0
174.4
172.0
174.8
172.2
171.4
170.0
168.2
165.2
176.0
184.2
185.6
195.6
191.8
193.4
191.0
191.8
190.6
187.2
191.8
207.2
212.2
217.8
205.0
205.0
210.0
205.0
207.2
206.8
205.8
207.8
210.4
204.2
207.8
209.6
210.0
210.4
207.4
207.0
212.0
210.0
208.8
207.4
204.8
209.0
217.0
207.6
206.8
211.0
206.6
207.8
209.2
209.8
208.0
208.0
207.2
208.6
206.6
208.6
209.0
214.6
208.0
208.0
206.6
208.4
208.8
204.0
205.2
204.6
204.4
204.8
204.6
203.8
204.2
203.8
204.4
203.8
203.8
202.0
202.0
204.0
201.4
205.8
205.8
208.0
207.0
208.4
207.2
204.8
233.0
234.0
239.0
233.4
238.2
232.8
235.0
233.2
232.2
232.6
232.4
233.2
233.0
232.6
232.8
229.2
229.2
231.6
231.0
228.2
230.0
230.8
238.4
240.4
252.4
255.2
256.2
256.0
258.2
277.0
275.4
277.4
275.6
261.0
254.0
265.0
263.6
260.0
255.0
253.4
252.0
256.0
265.0
275.0
276.2
269.6
280.0
287.4
289.8
286.0
297.2
304.0
319.4
309.4
333.6
366.0
386.0
375.0
354.0
377.0
383.8
368.4
369.0
359.0
367.8
362.8
365.0
349.4
355.8
351.0
346.2
343.4
348.0
340.0
342.0
353.8
359.8
359.8
356.0
361.0
365.0
356.0
350.0
346.0
349.0
356.0
359.4
357.2
358.0
361.4
357.6
356.8
356.0
361.2
368.0
379.0
360.2
370.0
378.8
372.0
370.0
371.0
375.0
362.0
360.6
363.0
365.0
361.4
360.2
364.6
364.4
362.0
361.0
360.6
360.0
360.0
355.6
354.2
363.0
360.6
357.6
360.0
358.0
355.0
352.0
342.0
340.0
337.2
331.4
324.0
320.2
314.8
307.2
337.0
329.0
330.2
323.0
322.0
315.0
322.0
320.0
325.6
324.8
319.6
317.8
326.0
325.0
324.4
318.4
322.8
320.2
322.4
321.0
321.0
336.2
340.0
330.0
338.8
345.0
358.0
359.4
355.0
345.2
337.6
347.8
364.2
353.2
367.8
363.0
372.0
373.0
375.0
367.0
370.4
375.2
369.6
374.8
377.2
375.0
386.2
404.8
428.0
413.6
412.0
405.6
425.0
434.4
445.2
438.4
477.0
478.0
477.0
489.8
490.0
490.0
523.0
517.0
525.0
517.2
520.0
538.2
532.0
518.0
491.0
519.8
518.0
527.8
515.0
506.2
501.0
512.6
505.6
484.6
509.0
515.0
500.0
500.2
480.4
487.4
484.2
483.8
481.4
460.0
461.0
475.2
480.6
477.0
492.0
490.0
518.8
495.2
513.0
495.4
491.0
493.2
515.0
518.0
526.0
524.0
537.6
535.4
536.8
525.4
524.0
521.0
540.0
529.4
538.0
541.4
554.0
611.2
608.8
607.6
603.4
617.2
618.6
612.0
614.0
605.8
603.4
605.2
611.6
619.2
618.4
600.4
579.0
556.0
557.2
566.8
571.0
572.6
556.4
528.0
542.0
550.0
544.8
547.8
540.5
547.5
549.0
532.5
541.5
541.0
532.0
520.0
513.5
508.0
504.5
516.5
503.5
460.0
380.0
389.0
289.0
320.0
250.0
248.0
244.5
341.5
347.0
330.5
315.0
310.0
314.0
311.0
304.5
294.0
294.0
280.0
272.0
261.5
254.0
259.0
283.0
275.5
266.5
265.0
272.0
272.0
268.5
259.5
267.0
264.0
263.5
259.5
250.0
249.5
257.0
272.0
280.0
270.0
274.0
275.0
297.0
282.5
275.5
267.0
257.5
262.0
259.5
259.0
259.5
256.0
263.0
253.5
258.5
254.0
255.5
258.5
260.0
260.0
257.0
255.0
256.5
255.0
260.0
255.0
260.0
257.0
