close
459.0
458.97
457.0
515.0
514.95
491.05
509.99
490.0
466.0
450.0
458.0
458.99
446.0
464.0
446.75
430.04
403.63
350.0
340.0
334.99
338.02
345.0
348.95
348.93
355.0
346.0
350.01
355.0
370.0
385.0
387.0
384.0
405.0
390.0
376.0
393.0
387.0
381.0
377.0
380.0
368.0
367.0
375.0
365.0
355.0
338.0
320.0
322.0
319.0
320.0
310.0
325.0
320.0
310.0
327.0
325.0
318.0
310.0
315.0
313.0
312.0
312.0
312.0
309.0
311.0
293.0
289.0
288.0
287.0
288.0
288.0
288.0
276.0
287.0
287.0
286.0
286.0
289.0
291.0
296.0
290.0
298.0
311.0
313.0
317.0
316.0
315.0
311.0
313.0
319.0
327.0
321.0
321.0
322.0
317.0
305.0
305.0
305.0
300.0
300.0
296.0
300.0
298.0
293.0
294.0
285.0
285.0
288.0
283.0
284.0
293.0
285.0
288.0
281.0
289.0
282.0
298.0
285.0
289.0
300.0
287.0
287.0
290.0
292.0
285.0
280.0
280.0
280.0
275.0
273.0
303.0
288.0
278.0
290.0
281.0
282.0
285.0
287.0
283.0
280.0
279.0
275.0
275.0
279.0
280.0
279.0
276.0
278.0
281.0
283.0
280.0
284.0
287.0
279.0
282.0
283.0
275.0
272.0
270.0
270.0
266.0
268.0
285.0
286.0
280.0
284.0
280.0
280.0
280.0
280.0
277.0
280.0
280.0
278.0
277.0
273.0
274.0
272.0
270.0
270.0
270.0
270.0
265.0
266.0
268.0
270.0
264.0
265.0
265.0
267.0
266.0
265.0
269.0
265.0
267.0
264.0
264.0
258.0
259.0
252.0
254.0
253.0
250.0
258.0
253.0
250.0
247.0
246.0
244.0
237.0
239.0
239.0
240.0
241.0
238.0
239.0
244.0
254.0
247.0
247.0
252.0
248.0
253.0
254.0
252.0
254.0
253.0
249.0
253.0
250.0
250.0
251.0
252.0
251.0
250.0
249.0
253.0
252.0
250.0
250.0
249.0
248.0
249.0
251.0
251.0
251.0
253.0
252.0
241.0
237.0
236.0
233.0
229.0
229.0
222.0
222.0
223.0
221.0
218.0
219.0
220.0
224.0
224.0
223.0
224.0
223.0
221.0
224.0
219.0
219.0
220.0
216.0
211.0
212.0
212.0
211.0
212.0
210.0
209.0
213.0
210.0
211.0
205.0
205.0
205.0
205.0
204.0
200.0
200.0
200.0
200.0
200.0
191.0
194.0
190.0
189.0
182.0
191.0
186.0
185.0
187.0
181.0
176.0
176.0
175.0
175.0
175.0
178.0
176.0
175.0
174.0
174.0
175.0
173.0
175.0
173.0
172.0
173.0
170.0
170.0
175.0
174.0
176.0
175.0
174.0
171.0
171.0
169.0
168.0
170.0
170.0
172.0
173.0
181.0
185.0
174.0
176.0
174.0
178.0
178.0
183.0
183.5
185.5
193.0
192.5
203.5
201.0
201.0
203.0
200.0
197.5
200.5
203.0
205.5
205.5
204.5
189.0
189.5
180.0
177.0
185.0
184.5
186.0
180.0
178.5
175.0
176.5
173.0
180.0
178.0
185.0
180.0
184.5
179.0
183.5
169.0
169.5
170.0
167.5
174.5
176.0
174.0
169.5
170.5
173.0
174.5
172.0
175.0
168.0
173.5
174.0
174.0
176.5
174.0
177.0
180.0
176.5
181.5
181.5
177.0
181.0
183.5
185.0
188.5
191.0
188.5
190.5
200.5
198.0
198.5
201.5
200.0
197.0
199.0
198.0
195.5
198.0
202.0
199.5
199.0
198.0
198.5
199.5
202.5
206.0
196.0
196.0
196.5
196.0
198.5
200.5
200.0
202.0
202.5
202.0
201.5
201.0
201.0
202.5
202.0
201.0
202.0
201.5
201.5
200.5
201.0
200.5
201.0
202.0
204.5
224.5
238.0
233.0
228.0
235.0
227.5
226.5
223.5
219.0
222.0
218.0
222.5
217.5
225.0
230.5
226.0
229.5
233.5
232.5
230.5
227.0
225.0
225.0
225.0
224.5
224.0
223.5
220.0
220.0
222.0
224.5
221.5
220.0
263.5
234.0
235.0
238.0
238.0
242.0
247.5
248.5
246.0
245.5
242.0
244.5
247.0
239.5
239.5
234.0
234.0
238.0
239.0
236.0
232.5
235.5
234.5
233.0
234.5
237.5
237.0
235.0
236.0
235.0
232.5
233.0
232.5
234.0
234.0
233.5
234.0
235.5
235.5
233.5
233.5
235.0
232.5
232.5
232.0
231.5
225.0
230.5
229.0
225.5
230.5
229.0
228.5
229.0
232.5
230.5
234.5
237.0
241.5
240.5
239.5
235.0
234.5
233.0
233.5
234.0
232.5
233.5
229.5
229.5
229.5
228.5
229.0
230.0
230.0
229.5
230.0
228.5
229.0
230.5
227.5
228.0
229.0
227.0
226.5
226.5
227.5
227.0
214.0
213.0
211.0
219.0
221.0
217.5
221.0
220.0
220.5
220.5
221.0
228.0
223.0
222.5
222.0
222.0
223.5
223.5
219.5
219.0
221.5
223.5
223.0
224.0
228.5
229.5
228.0
227.5
227.5
227.5
227.5
224.0
229.0
226.5
225.5
222.0
221.5
218.0
215.5
217.5
219.5
217.0
219.5
218.5
219.5
217.5
218.0
217.5
215.5
216.5
214.0
215.5
217.0
215.5
216.5
212.5
210.5
206.5
208.0
209.0
208.0
207.0
206.0
206.0
206.5
208.0
208.0
208.5
209.0
207.5
209.0
213.5
211.5
211.0
211.0
211.0
210.5
211.0
210.0
205.5
204.5
206.0
204.5
209.5
206.5
207.5
203.5
206.5
200.5
205.0
201.5
201.5
204.0
203.0
205.5
207.0
207.5
206.0
202.5
203.5
202.5
203.0
203.0
202.5
203.0
203.0
203.0
201.0
201.0
198.0
198.0
198.5
198.5
199.0
199.5
199.0
200.0
200.0
198.0
199.5
199.0
200.5
200.0
201.0
201.5
201.5
202.5
202.0
203.0
203.0
204.0
203.0
200.5
200.0
203.5
203.5
203.0
202.5
204.0
203.5
202.5
217.5
215.0
220.5
225.0
224.0
222.5
231.0
232.0
230.0
229.0
234.0
234.0
235.0
237.0
235.5
235.0
235.0
235.0
234.0
235.0
235.0
236.0
235.5
241.5
243.5
243.0
243.0
243.5
244.0
245.0
245.5
245.5
247.5
247.5
247.0
247.0
229.0
229.0
229.0
229.0
229.0
230.0
229.0
229.0
229.5
229.0
229.5
229.0
230.0
231.0
230.0
230.0
229.5
230.0
231.5
231.5
231.5
231.5
231.5
231.0
232.0
232.0
231.5
231.0
232.5
231.5
232.0
232.0
232.0
232.0
231.5
231.5
229.5
218.5
229.5
226.5
227.5
226.5
230.0
226.5
228.5
227.0
230.0
231.0
231.5
234.5
231.0
232.0
232.5
232.0
231.0
229.5
230.0
231.5
229.0
232.5
229.0
228.5
232.0
230.5
230.0
235.0
240.0
239.0
238.0
237.0
236.0
238.0
238.0
236.5
237.0
238.0
242.0
240.5
241.0
240.5
239.5
240.5
240.0
240.5
244.0
244.0
245.0
247.0
246.5
243.0
245.5
242.5
246.0
243.5
244.0
242.0
242.0
240.5
242.0
241.5
238.5
236.5
245.0
241.0
241.5
238.5
239.5
240.5
240.0
242.5
241.5
240.0
239.0
237.5
237.5
236.5
237.5
240.0
237.0
240.5
240.0
238.0
240.0
240.0
240.5
238.5
241.5
244.0
244.5
245.5
242.0
242.5
243.5
244.5
250.5
247.5
246.5
245.0
248.0
247.5
244.0
248.5
250.5
246.5
248.5
244.0
242.0
244.0
244.0
242.5
244.0
247.0
244.5
245.0
245.0
243.5
245.5
243.5
244.0
242.0
243.5
246.0
242.0
244.0
236.5
236.0
230.5
234.5
237.0
239.0
237.5
236.0
236.0
239.0
231.5
223.5
225.5
232.5
229.0
237.0
234.0
233.0
240.5
236.0
239.0
238.5
239.5
239.0
239.0
243.0
242.5
240.5
243.0
242.0
241.5
239.0
244.0
241.0
240.0
239.0
240.0
238.0
238.5
241.0
240.0
242.0
242.0
241.5
238.0
239.0
238.5
239.0
243.0
245.0
251.5
258.0
255.5
257.5
254.5
259.0
254.0
253.0
256.0
255.5
255.0
255.0
256.5
256.0
256.0
255.0
256.0
256.0
255.5
255.0
258.5
257.0
258.0
258.0
259.0
258.5
256.0
258.0
259.0
248.5
245.5
243.0
242.5
246.0
246.0
245.5
244.5
241.0
243.5
244.5
243.5
243.5
244.5
244.5
243.5
244.0
240.0
242.0
244.5
248.5
251.0
250.5
255.5
257.5
259.0
259.5
255.0
253.0
252.0
250.0
253.0
251.5
250.0
247.5
246.5
242.5
247.5
247.5
247.5
245.0
246.0
247.0
246.0
249.0
248.5
248.0
247.0
245.0
247.0
248.5
249.5
247.5
247.5
248.0
247.0
245.0
243.5
238.5
231.5
236.0
240.0
234.0
237.5
233.0
232.0
230.5
216.5
216.0
213.0
215.0
200.0
205.0
209.5
212.0
215.5
213.0
214.5
212.5
219.0
221.5
222.0
219.5
222.5
233.0
237.0
235.5
235.0
234.5
233.0
232.0
222.5
234.0
231.5
231.0
228.0
229.5
233.0
233.5
235.5
236.5
237.0
237.0
234.0
233.5
233.5
234.0
235.0
233.0
230.0
232.0
232.5
233.5
232.5
234.5
235.0
235.0
234.0
233.5
235.0
233.0
231.0
234.5
234.0
236.0
233.0
232.0
232.0
233.0
232.0
228.5
229.0
230.0
229.0
234.5
234.5
232.0
231.5
230.5
230.5
228.5
230.5
229.0
230.0
229.0
229.5
228.0
229.0
229.5
230.5
229.5
230.0
231.0
231.0
229.5
232.0
232.5
233.0
230.5
230.0
230.0
230.5
230.5
231.0
231.0
230.0
231.5
232.0
234.0
234.5
239.0
239.0
235.5
266.0
311.0
292.5
293.0
281.5
296.0
295.5
290.5
289.0
285.5
284.0
280.0
271.5
269.0
272.5
252.5
270.0
267.5
264.5
266.0
266.0
265.0
268.5
267.5
264.5
268.0
265.0
262.0
265.0
262.0
261.5
264.5
262.0
263.0
263.0
261.5
264.0
260.0
258.0
253.0
253.5
254.0
253.5
256.5
254.5
257.0
256.0
255.5
256.5
258.0
258.0
256.0
253.0
250.5
250.0
246.5
246.0
252.0
247.5
249.0
251.0
251.0
250.5
252.5
250.0
251.5
252.0
251.0
251.5
252.0
254.0
252.0
255.5
262.5
262.5
263.0
272.0
284.5
285.0
280.0
281.0
283.0
282.5
283.0
291.5
294.0
296.0
295.0
296.5
295.5
287.5
293.0
293.5
296.5
296.0
317.5
339.0
331.0
342.5
374.0
463.0
491.0
474.0
415.0
392.0
392.0
398.5
399.0
396.0
396.5
391.0
386.0
384.5
378.0
372.0
356.5
351.5
363.0
367.5
362.5
369.5
387.0
381.5
380.5
378.0
378.0
369.0
383.5
380.0
372.0
378.0
380.0
388.0
380.5
370.5
367.0
359.5
373.0
370.0
369.0
367.0
362.0
360.5
363.5
359.5
362.0
354.0
364.5
360.5
364.5
362.0
366.5
363.5
360.5
364.5
365.0
361.5
362.0
363.0
363.0
362.0
360.0
356.0
358.5
360.5
359.5
360.0
360.0
360.0
357.5
358.0
358.0
358.0
356.0
358.0
373.0
368.5
365.0
360.0
355.0
365.0
361.0
361.5
360.0
362.5
362.0
363.0
362.5
360.0
361.0
361.5
363.0
363.5
361.0
362.5
364.0
362.0
363.0
363.5
362.0
364.5
363.0
365.0
364.0
365.0
363.5
363.0
363.0
362.0
363.5
364.0
362.5
362.5
364.0
364.0
365.0
366.5
365.0
365.0
363.0
364.0
365.5
366.0
367.0
363.0
363.0
362.0
358.5
353.0
352.0
349.5
343.5
348.5
343.0
344.0
338.0
344.5
346.5
348.5
343.0
340.0
337.0
337.5
337.0
330.5
333.0
332.0
334.0
334.5
339.5
345.0
385.5
373.0
368.0
372.5
381.0
372.5
370.0
365.0
347.5
357.0
358.5
364.5
363.5
362.5
360.0
355.5
359.5
358.5
360.0
358.0
360.0
356.5
355.0
362.0
361.5
363.5
363.0
357.5
361.0
356.0
356.0
360.0
356.0
359.5
360.0
360.0
358.5
361.0
360.0
361.0
365.0
360.5
359.0
356.0
357.0
356.0
355.0
354.0
354.5
354.0
354.0
354.5
353.0
352.5
356.5
357.0
354.5
354.5
354.5
354.5
355.0
353.5
350.0
352.0
351.0
351.0
349.0
348.0
347.5
347.5
346.0
345.0
342.5
341.0
339.5
337.5
335.5
333.0
330.5
329.0
327.5
323.5
322.0
300.0
313.5
311.0
307.5
307.5
300.5
294.5
293.5
297.0
290.0
291.0
298.5
299.5
296.0
295.0
289.5
291.0
292.0
290.0
300.0
316.0
308.5
304.0
305.0
303.5
300.0
294.0
292.0
285.0
281.5
286.0
287.5
278.0
262.5
272.0
279.5
284.0
280.0
279.5
280.0
276.0
270.5
275.0
278.5
280.0
281.5
283.0
279.0
280.5
281.5
295.5
293.0
281.5
260.0
272.5
229.0
260.0
359.0
376.0
341.0
333.5
339.0
331.0
321.5
337.5
337.0
334.0
331.5
327.5
322.5
315.0
321.0
306.0
306.0
307.5
313.0
313.0
303.0
305.5
320.0
314.0
304.5
300.0
296.0
297.0
294.0
291.0
290.5
343.5
346.5
335.0
323.0
336.0
344.0
335.0
333.5
332.0
336.0
334.0
341.0
344.0
346.0
335.0
335.5
347.5
343.0
338.0
335.5
334.5
330.0
328.5
330.0
330.0
328.0
322.5
322.0
322.5
322.5
324.0
323.0
314.0
