close
9.5
10.015
10.44
9.575
10.0
10.0
10.399
9.81
10.57
9.756
10.011
9.98
10.1
9.98
10.241
9.84
9.833
8.581
9.015
9.98
8.783
10.525
11.777
10.999
10.001
9.984
9.6
9.999
10.366
10.695
9.521
10.485
10.657
11.467
9.601
10.962
9.7
10.799
10.8
10.886
10.985
11.3
11.0
9.88
10.465
10.5
10.4
9.95
10.0
10.45
11.45
10.2
10.75
10.1
10.25
10.2
10.5
10.2
10.9
10.55
10.8
10.6
10.5
9.7
9.9
9.95
9.95
9.2
9.7
9.5
9.9
9.9
8.55
9.2
9.35
9.25
12.0
10.25
10.85
10.75
11.2
11.5
10.55
10.4
9.55
11.4
11.15
11.1
10.6
11.5
10.4
10.0
11.1
11.25
9.8
9.9
10.05
9.85
10.0
9.7
10.95
9.7
9.5
10.55
10.7
9.4
9.8
9.45
10.2
10.6
10.6
9.6
11.5
11.0
11.5
11.0
11.0
10.0
10.85
10.5
11.6
10.95
9.9
9.8
10.0
10.05
9.8
11.45
11.35
12.6
12.05
12.9
10.55
10.55
10.8
11.9
10.65
10.6
11.5
10.4
11.35
11.0
11.0
11.45
11.15
11.3
10.9
11.85
12.05
11.15
11.85
11.45
10.65
10.85
10.95
11.45
11.85
11.2
11.0
10.45
10.35
10.8
11.0
10.7
10.7
10.6
10.6
10.55
10.3
10.45
10.3
10.3
10.3
10.35
10.1
10.15
10.8
10.7
10.55
9.75
9.75
9.8
10.4
10.1
9.85
9.9
10.15
10.5
10.5
10.45
10.45
9.75
10.4
10.4
10.1
9.9
10.0
10.0
9.9
10.4
10.4
9.85
9.75
9.5
10.45
9.95
9.7
10.0
10.15
9.5
10.1
9.95
9.95
9.55
9.5
9.95
9.4
9.5
9.95
10.0
9.8
9.7
9.75
10.0
10.0
9.8
10.0
10.0
10.0
10.0
10.0
9.7
9.7
9.8
10.0
10.0
9.85
9.75
9.75
9.55
9.4
9.5
9.8
9.9
9.55
9.75
9.85
9.8
9.95
9.95
9.6
9.6
9.95
9.95
9.95
10.2
10.5
10.1
10.0
9.9
10.0
9.95
10.15
10.1
10.0
9.8
9.8
9.75
10.0
9.75
10.1
10.1
9.8
10.0
9.8
9.9
10.0
10.0
11.85
12.0
11.95
11.35
11.1
11.1
10.75
10.3
9.95
9.75
10.05
10.05
10.0
9.9
9.9
10.05
10.05
9.9
10.15
10.0
10.15
9.95
10.0
10.05
9.85
9.95
9.95
9.55
9.55
9.8
9.75
9.7
9.95
9.85
9.9
9.85
9.85
10.0
10.0
10.0
10.0
9.8
10.05
9.9
9.75
9.6
9.45
9.6
9.35
9.55
9.45
9.75
9.75
9.45
9.25
9.4
9.35
9.35
9.35
9.6
9.6
9.05
9.1
9.0
9.0
8.8
9.2
9.0
9.0
9.0
8.65
8.85
8.85
9.05
9.1
9.0
8.9
9.2
9.15
9.2
9.2
9.2
9.2
9.1
9.15
9.2
9.25
9.3
9.4
9.4
9.6
9.6
9.55
9.45
9.5
9.5
9.2
9.1
9.2
9.4
9.4
9.4
10.35
9.5
9.45
9.35
9.35
9.7
9.55
9.6
9.65
9.8
9.5
9.75
9.8
10.1
9.95
9.8
9.85
9.75
9.85
9.6
9.8
9.7
9.7
9.8
9.8
9.9
9.55
10.0
10.05
9.95
9.85
9.8
9.75
10.2
9.9
10.25
10.2
10.85
10.45
10.45
10.4
10.3
10.05
9.85
10.0
10.8
10.5
10.15
10.3
10.5
10.15
10.8
10.4
10.95
10.95
10.9
11.0
11.0
11.0
10.8
10.95
11.3
11.5
11.85
11.4
11.35
11.45
10.85
10.9
10.95
10.65
10.55
10.8
10.65
10.95
10.25
10.65
10.2
10.8
11.25
10.6
11.0
11.0
10.6
10.8
11.15
11.0
11.2
11.1
11.5
11.0
10.65
11.0
10.65
11.2
11.0
11.0
11.4
12.8
12.55
12.2
12.1
13.8
13.1
12.95
12.65
12.4
13.0
13.0
12.35
11.9
12.0
12.0
11.8
12.95
12.3
11.4
11.8
11.85
11.8
11.8
12.0
11.8
11.75
11.7
11.55
11.4
11.55
11.4
11.25
11.2
11.05
11.0
10.8
10.8
11.5
11.6
11.45
12.4
11.7
10.9
11.2
10.8
10.6
11.2
11.25
11.2
11.3
11.25
11.5
11.35
11.3
11.2
11.1
11.05
10.8
10.85
11.05
10.9
10.7
11.0
11.05
11.0
11.4
11.4
11.25
11.2
10.6
10.4
10.6
10.6
10.45
10.45
9.85
10.0
10.1
9.95
10.2
10.6
10.4
10.4
10.35
10.35
10.85
11.0
11.1
12.5
12.35
12.7
12.75
13.3
13.1
12.85
12.8
12.75
12.65
12.2
13.2
13.6
12.95
13.0
13.6
14.0
14.0
14.2
14.2
14.9
14.75
14.85
15.2
15.45
15.4
15.1
15.4
15.2
15.0
14.8
15.95
15.95
15.75
15.7
15.9
15.35
15.6
15.9
16.05
16.15
15.8
15.6
15.45
15.6
15.35
15.4
15.55
15.45
14.8
14.6
14.8
14.0
15.0
14.5
14.8
14.4
13.65
14.45
14.6
14.8
15.7
15.65
15.8
15.4
15.3
15.0
15.65
16.95
16.4
16.0
15.4
14.6
14.4
14.55
14.6
14.55
15.05
15.15
14.75
14.6
14.7
14.9
15.7
15.6
15.55
15.6
14.9
14.8
15.0
15.1
14.7
15.0
15.0
14.65
14.0
13.95
13.3
13.5
13.6
12.55
12.4
13.0
12.9
13.0
12.8
13.0
13.1
12.65
12.8
13.1
12.8
15.1
14.95
14.4
14.6
14.3
14.15
14.2
13.5
15.5
15.35
16.05
14.95
14.65
14.6
14.95
14.55
14.35
13.55
13.5
14.45
13.9
14.0
14.0
14.45
14.4
14.0
13.45
13.6
13.7
13.35
15.0
14.55
14.35
14.3
14.2
14.2
14.0
13.8
13.95
13.8
14.1
14.1
14.1
14.05
15.1
14.8
14.5
14.45
14.45
13.35
13.55
13.5
13.5
13.2
13.5
13.15
13.05
13.1
13.05
13.25
13.45
13.25
13.25
12.95
12.7
12.65
12.8
12.5
12.45
12.45
12.25
12.95
12.95
12.6
12.65
13.0
12.9
13.25
13.4
12.3
12.7
13.15
12.65
12.7
12.1
12.8
12.55
12.45
12.75
13.05
13.05
14.0
14.05
14.25
15.55
14.25
13.75
14.0
14.6
14.55
13.95
13.9
13.75
13.4
13.4
13.3
13.0
13.5
13.5
13.15
13.6
12.5
12.15
12.5
12.75
12.7
13.9
13.2
13.0
12.7
13.95
13.0
12.95
13.4
13.6
13.95
13.95
13.5
13.45
14.2
13.4
13.35
14.05
13.65
13.75
14.0
14.3
14.1
13.2
13.2
13.15
13.3
13.8
13.1
13.2
13.55
13.4
13.35
13.25
13.3
12.85
13.2
13.0
13.0
13.35
13.5
13.05
13.0
13.0
13.25
13.35
13.3
15.1
14.65
14.6
14.35
14.4
14.85
14.9
13.45
13.3
13.4
13.15
13.0
12.95
12.85
12.7
13.0
12.5
12.05
12.15
12.4
12.6
12.4
12.3
12.15
12.1
12.05
12.3
12.5
12.2
12.3
12.25
12.25
12.1
12.05
12.2
12.05
12.0
12.1
12.15
12.4
12.3
12.55
12.3
12.35
12.45
12.65
12.5
12.35
12.25
12.8
12.75
12.95
13.2
13.0
13.05
13.25
13.25
13.15
13.05
13.05
13.1
13.05
13.05
13.05
12.8
12.75
12.8
13.6
13.4
13.1
13.1
13.26
13.22
13.14
13.02
13.28
12.86
12.7
12.74
13.42
13.2
13.34
12.8
12.9
13.16
12.9
12.96
12.82
12.6
12.86
12.74
12.66
13.5
13.52
13.4
13.48
13.6
13.62
13.46
13.46
13.4
13.26
13.0
13.0
12.96
13.2
13.28
13.16
12.92
13.42
12.94
13.24
13.14
13.14
13.0
13.1
13.1
13.3
13.2
13.36
13.36
13.28
13.96
14.0
15.3
14.16
14.48
14.5
15.16
15.24
14.96
15.08
14.94
14.96
14.5
14.42
14.7
14.66
14.26
14.2
14.26
14.26
14.26
14.1
14.4
15.28
14.92
15.48
15.4
15.4
15.48
15.14
14.84
14.8
14.52
14.5
14.48
16.0
16.62
23.24
22.5
21.66
23.56
23.16
21.9
22.66
22.6
22.0
22.92
22.18
22.24
21.9
22.38
22.1
22.1
21.96
22.0
22.4
21.8
21.92
21.8
20.1
20.0
20.3
20.5
20.32
20.5
20.32
20.46
20.26
20.04
20.6
22.0
22.9
22.66
23.78
23.88
24.08
25.56
25.0
25.12
25.38
24.96
24.3
23.58
23.14
22.98
23.4
23.24
23.12
23.12
23.2
23.46
22.94
22.92
24.0
23.98
24.06
23.88
24.48
24.7
24.6
24.88
24.8
23.96
24.88
24.58
24.66
24.5
24.86
24.88
24.5
24.36
24.3
23.98
23.8
23.8
24.1
23.92
22.8
23.96
23.5
24.06
24.26
29.32
31.7
32.48
31.84
31.26
31.78
31.2
30.16
28.04
28.3
28.18
28.06
28.08
28.2
28.46
29.14
28.9
28.5
28.5
28.7
28.44
27.5
27.48
27.88
27.8
27.64
27.72
27.4
27.26
27.0
25.7
22.66
23.0
23.9
23.9
23.9
22.98
21.18
21.52
20.02
19.8
18.8
18.46
19.14
18.88
20.22
20.44
20.8
20.2
20.82
20.84
20.8
20.58
20.26
20.52
20.96
21.66
23.0
23.5
23.22
23.28
23.04
22.92
21.92
22.22
22.84
22.32
22.08
22.2
22.86
22.84
22.82
23.1
22.9
23.04
22.88
22.94
22.88
22.86
22.84
22.86
22.7
22.36
22.38
22.5
22.84
23.2
23.36
23.28
23.14
23.2
22.9
23.0
23.0
22.8
23.2
23.26
22.86
23.1
22.7
23.12
22.98
23.0
22.98
22.8
23.1
22.8
22.96
23.2
22.92
22.8
22.5
22.36
22.92
22.5
22.56
22.52
22.52
22.52
22.32
22.24
22.74
22.16
22.3
22.0
22.3
22.94
22.68
22.26
22.4
22.56
22.18
22.3
22.5
22.54
22.2
22.18
22.0
22.14
22.02
22.5
22.58
22.48
22.38
22.56
22.52
22.62
23.3
23.02
23.08
22.68
23.76
23.3
23.22
24.34
23.48
23.32
23.78
22.94
22.78
22.32
22.04
22.22
22.46
22.46
22.48
22.48
22.58
22.56
22.48
22.3
22.2
22.5
22.44
22.42
22.34
22.3
22.38
22.3
22.34
22.34
22.4
22.36
22.28
22.18
22.28
22.36
22.06
22.08
22.18
22.1
22.04
21.98
22.08
22.08
22.12
21.86
21.8
21.4
21.9
21.76
21.9
21.84
22.1
21.94
22.08
22.18
22.22
22.14
22.14
22.12
21.92
22.06
22.02
21.96
21.62
21.78
21.66
21.5
21.76
21.86
21.88
22.08
22.0
21.94
21.98
21.78
21.78
21.78
21.78
21.94
21.96
21.7
21.62
21.6
21.56
21.5
21.66
21.38
21.4
21.24
21.4
21.44
22.7
23.3
23.5
23.08
23.08
25.38
24.64
25.0
23.94
23.54
23.66
23.68
23.68
23.32
23.3
22.86
22.8
23.2
22.54
23.1
23.16
22.96
22.94
22.7
23.3
23.16
23.0
23.4
23.26
23.26
23.1
22.94
23.08
23.42
23.5
23.2
23.2
23.16
23.0
23.16
23.2
23.2
23.12
22.88
23.0
23.24
22.98
23.0
22.88
22.82
22.6
22.62
22.62
22.46
22.46
22.42
22.4
22.5
22.3
22.7
22.54
22.78
22.72
22.72
22.62
22.58
22.3
22.68
22.78
22.48
22.44
22.44
22.3
22.28
22.34
22.24
22.38
22.36
22.74
22.72
23.84
22.14
21.54
21.3
21.38
21.48
21.5
21.58
21.26
21.18
21.24
22.3
21.5
21.66
21.44
21.5
21.66
21.62
21.6
21.7
21.7
21.52
21.62
21.48
21.2
21.54
21.5
21.42
22.82
24.0
23.0
23.14
25.6
25.64
24.96
24.98
24.98
24.98
25.1
25.22
25.0
25.06
24.7
24.68
24.62
24.46
24.66
24.98
24.14
24.0
23.7
23.78
24.14
24.6
24.0
23.8
23.98
23.5
23.9
23.78
23.48
23.42
23.92
23.84
23.96
23.7
24.5
24.32
24.42
24.36
24.04
23.9
24.24
24.1
24.16
24.08
23.92
23.9
23.66
23.92
23.5
23.42
23.48
23.28
23.36
23.14
23.48
24.1
27.7
29.06
28.0
27.16
26.22
26.14
27.0
26.3
26.7
27.0
27.54
28.38
27.98
26.32
27.22
27.18
27.14
27.98
28.3
27.62
27.1
27.88
27.46
26.9
26.52
26.1
26.16
26.12
26.94
26.96
26.76
26.68
26.32
26.96
26.94
27.34
27.26
26.54
27.46
27.54
27.36
27.2
26.5
27.5
26.82
26.8
26.36
26.08
26.1
26.8
27.28
26.82
26.3
26.5
26.26
26.12
25.9
25.5
24.8
25.56
26.06
26.14
25.06
25.04
24.86
25.44
25.7
25.6
24.66
25.0
23.86
24.58
24.34
23.02
22.38
22.66
23.26
23.76
23.14
23.86
23.5
23.4
23.44
23.02
24.12
24.54
23.56
24.0
24.5
24.26
24.2
24.04
24.2
24.4
24.54
24.22
24.3
23.12
24.38
23.86
23.6
22.32
22.82
23.1
23.56
23.58
24.14
23.94
23.76
23.54
23.54
23.6
23.82
24.0
23.62
23.58
23.4
23.96
24.32
23.74
23.42
21.64
22.98
16.6
19.38
21.1
22.7
23.02
23.3
22.88
22.7
25.16
24.62
24.92
22.7
23.06
22.84
23.18
22.52
22.74
22.28
22.06
21.9
21.8
21.78
21.44
21.88
21.82
21.68
21.84
21.72
21.84
21.82
22.08
21.62
21.8
22.0
22.5
22.26
22.38
21.52
21.06
20.58
20.72
20.78
20.86
20.12
20.12
20.1
20.16
20.12
19.84
19.6
22.1
23.28
23.04
23.02
24.0
24.4
23.7
23.52
22.82
22.5
22.7
22.32
23.22
23.42
23.94
23.0
