close
49.42
48.6
48.33
48.3
48.39
49.17
48.97
47.8
46.85
47.46
45.8
45.75
47.0
47.38
47.72
48.8
49.69
49.09
50.1
49.97
49.53
48.4
48.9
48.9
49.47
49.99
49.9
48.79
46.28
47.72
47.36
47.92
47.27
46.2
47.65
47.6
47.5
47.3
47.73
47.0
46.62
46.83
48.32
49.5
49.04
51.25
50.74
51.41
51.23
52.8
53.81
53.9
53.92
54.2
53.88
54.08
53.58
53.26
52.36
52.65
54.39
54.62
54.55
55.19
54.55
54.1
54.0
54.9
55.26
57.05
57.34
56.65
56.34
56.26
56.23
56.26
56.1
56.9
56.22
57.62
57.82
56.93
55.645
55.865
55.0
54.65
54.17
53.305
53.0
52.75
51.56
51.85
50.285
49.925
48.75
48.84
49.1
50.62
52.26
52.4
55.15
54.88
55.055
55.8
57.485
56.98
57.575
60.25
61.37
59.685
58.58
59.355
59.82
60.375
61.5
60.65
60.51
58.775
60.095
59.56
58.59
60.43
63.15
63.37
64.7
61.6
60.71
58.465
59.89
60.795
60.755
60.61
63.08
68.195
68.6
71.015
68.785
68.35
66.0
67.95
70.0
68.88
67.185
66.79
66.285
66.7
67.41
67.9
70.12
72.505
72.35
75.18
75.7
75.43
76.85
76.47
79.895
79.505
82.845
86.695
86.11
89.155
91.995
88.5
88.5
89.305
88.495
91.045
89.83
89.15
88.6
88.79
89.2
85.5
85.555
85.65
85.885
85.9
84.58
83.03
81.695
81.1
82.7
84.94
81.75
82.15
81.6
77.6
80.005
77.93
77.8
76.875
77.0
77.435
77.455
78.015
75.65
75.98
73.76
72.675
73.11
76.6
77.615
77.01
76.74
77.83
76.89
74.69
72.39
70.05
69.87
71.48
67.985
67.59
65.39
68.0
67.6
70.9
69.73
68.01
67.54
68.97
67.86
68.0
68.28
68.4
67.76
68.78
69.0
72.69
70.01
71.88
72.1
70.8
69.7
68.86
72.1
73.67
73.21
72.13
72.8
74.68
73.0
73.68
73.4
73.0
75.2
75.2
75.01
74.03
72.34
72.8
71.79
71.95
71.9
72.2
73.45
73.22
75.0
74.52
74.07
74.2
75.15
74.69
74.48
74.64
74.5
75.1
73.85
74.2
77.5
76.45
78.83
79.25
77.86
77.74
76.58
77.02
76.1
75.69
76.35
77.9
79.5
80.22
77.78
79.12
79.22
80.17
79.68
78.8
79.79
79.94
80.43
83.21
82.45
84.8
84.62
85.35
84.4
84.07
85.06
83.67
82.39
79.75
79.11
78.2
78.62
80.64
78.6
79.39
78.56
77.3
78.25
79.26
80.2
79.89
79.95
80.3
81.05
81.46
82.2
82.31
80.55
77.43
74.7
75.58
74.14
70.71
72.63
75.06
72.92
69.9
70.42
70.09
70.32
72.75
72.7
72.1
72.69
72.92
74.9
72.8
74.75
74.7
74.47
73.1
73.02
71.2
73.68
74.39
76.1
78.2
77.8
77.75
75.68
75.24
78.48
75.58
73.0
72.46
71.08
71.92
71.01
72.81
71.38
71.95
72.47
70.3
70.9
71.34
70.88
70.08
69.9
70.1
70.19
67.77
65.9
64.76
64.3
65.9
64.89
63.1
63.0
62.54
61.19
59.45
58.5
58.29
58.87
60.82
61.83
61.05
62.77
62.6
61.48
60.75
60.75
59.34
60.91
61.06
60.15
57.5
58.14
58.39
57.2
60.1
62.0
62.4
63.59
66.1
64.61
65.5
66.03
67.85
68.5
68.79
71.0
69.9
70.1
71.0
72.3
72.96
75.0
77.04
75.55
74.11
73.29
72.68
74.66
74.36
74.18
73.0
73.6
73.33
74.06
74.5
75.58
76.7
77.1
76.41
78.11
80.0
78.46
78.94
78.26
80.73
80.0
81.4
83.18
83.23
82.09
82.9
82.62
84.49
83.36
86.28
89.14
88.05
88.12
89.8
90.09
89.5
87.15
85.75
87.4
88.22
87.7
90.7
94.7
93.33
92.01
92.8
92.05
90.3
88.3
89.25
83.65
84.19
87.1
83.4
84.86
83.94
83.65
86.21
85.37
86.2
84.12
84.98
82.8
83.05
84.56
84.64
85.4
85.65
85.99
84.0
81.18
80.45
80.73
81.02
79.99
80.51
77.7
79.2
79.01
78.75
79.9
80.24
80.4
81.67
81.55
81.06
79.0
82.65
83.41
83.0
83.7
84.11
82.12
84.14
81.15
84.52
84.25
86.8
87.84
88.58
90.39
89.75
92.97
93.7
91.88
90.34
89.96
93.53
90.8
92.23
95.29
93.69
93.81
93.25
93.65
93.02
93.38
94.26
91.76
92.0
91.97
91.81
91.73
91.7
92.91
92.7
92.56
94.14
93.42
92.95
91.5
90.36
91.2
90.0
90.1
91.57
91.5
92.22
91.1
91.88
91.77
88.7
88.42
86.21
85.67
82.74
81.79
84.86
87.61
88.94
87.35
85.7
85.45
85.1
85.5
82.94
84.9
84.65
84.65
86.46
86.4
87.85
85.86
86.75
87.9
87.04
90.02
90.37
90.0
89.93
87.71
89.61
91.9
94.52
96.34
95.8
102.55
100.16
98.95
99.7
104.7
102.59
104.02
112.66
117.35
117.19
114.38
115.55
117.26
115.5
114.72
116.5
116.9
118.0
119.39
123.06
123.0
117.94
116.15
115.0
117.45
116.7
120.51
118.5
113.0
109.42
113.17
112.35
115.85
115.18
112.9
113.11
111.88
110.8
111.48
113.85
113.4
112.13
113.7
114.98
116.18
116.3
116.0
112.14
111.72
114.99
115.29
115.99
113.44
113.0
112.5
113.6
112.1
110.0
109.01
112.5
112.56
116.4
116.8
116.11
118.05
120.09
119.66
119.19
118.25
118.05
121.26
121.7
121.29
121.75
121.15
121.68
122.24
122.99
120.58
119.35
118.8
116.37
113.95
112.65
113.64
111.0
111.5
110.0
108.52
108.36
108.04
108.02
110.61
110.43
111.49
114.16
114.1
114.35
112.91
110.5
111.98
111.66
112.26
113.2
113.2
113.11
112.62
112.6
112.36
110.81
110.85
107.2
108.0
106.05
105.5
104.21
105.4
101.62
100.7
101.52
101.35
103.22
105.8
107.53
108.38
107.75
109.0
106.59
107.51
106.99
108.71
105.39
103.8
105.3
110.29
110.62
108.7
109.0
107.29
107.64
108.3
107.14
108.5
110.82
108.56
115.5
109.1
108.6
107.55
108.09
109.72
108.99
109.19
104.89
104.81
101.54
102.95
104.29
104.81
105.55
107.22
107.0
110.65
111.98
113.84
116.0
115.65
117.23
118.31
120.23
121.0
120.52
120.6
122.87
123.88
123.87
124.19
124.0
126.27
126.75
123.85
124.02
124.65
123.26
127.0
125.3
123.57
125.0
125.93
128.0
129.3
128.75
133.49
133.39
134.6
133.72
133.3
131.7
129.92
131.47
128.81
127.49
126.5
126.2
128.8
128.08
127.64
127.9
128.1
134.39
139.92
136.83
132.6
131.5
132.5
128.7
131.4
130.7
134.48
133.44
132.02
130.83
131.4
128.9
129.32
127.5
128.65
128.73
132.15
132.25
131.16
132.29
136.2
136.7
136.65
135.99
137.97
138.7
137.4
135.89
132.58
133.0
136.29
136.44
134.2
131.9
130.75
134.03
137.15
133.45
135.07
135.25
133.31
133.21
134.03
132.45
131.46
132.13
132.0
130.0
130.83
131.65
134.1
132.5
133.3
132.38
131.69
134.92
132.85
132.76
132.17
129.0
131.3
129.93
132.25
130.22
134.31
133.96
138.76
139.2
138.86
147.3
146.17
144.3
142.74
141.95
141.8
141.55
141.85
145.75
146.5
145.0
147.23
148.25
147.0
147.22
149.0
153.0
146.46
149.25
149.9
150.4
153.59
152.5
150.88
151.7
152.8
154.95
157.14
153.7
150.7
154.0
153.93
153.19
150.9
147.0
150.4
146.14
147.1
144.78
146.05
143.0
137.95
143.7
148.79
147.68
148.05
149.24
152.89
153.0
148.3
148.56
148.73
146.65
146.1
145.83
144.45
146.9
145.36
146.3
145.55
149.45
150.99
150.0
148.27
153.0
148.2
148.04
148.5
149.2
148.54
146.35
146.63
142.06
144.22
143.5
142.58
144.25
145.28
148.9
150.42
143.31
151.85
150.82
148.0
147.11
145.0
148.19
151.5
151.0
151.81
153.9
154.65
158.15
160.5
162.05
163.45
161.16
157.74
153.34
153.8
157.4
157.88
154.7
157.88
163.27
158.81
161.41
159.32
162.5
161.56
159.94
159.5
163.0
162.85
162.75
161.65
163.27
163.15
162.0
167.66
171.3
170.67
172.19
168.86
171.27
170.5
171.01
169.11
168.57
167.3
153.68
155.01
157.44
157.74
154.65
154.94
153.7
148.59
151.84
154.7
153.01
151.53
154.27
154.27
157.42
161.0
158.59
155.65
158.02
156.89
157.08
161.1
159.88
159.46
159.42
162.75
161.0
163.45
163.64
163.3
162.4
160.32
159.8
163.12
161.82
160.32
158.9
160.62
152.0
155.9
155.48
155.54
153.38
155.16
157.74
158.8
160.7
158.0
159.5
160.2
165.2
168.32
168.0
165.66
168.6
164.74
163.78
163.5
165.94
170.0
169.36
169.78
169.52
170.2
171.34
173.36
172.34
174.88
177.82
176.6
177.52
171.56
179.0
177.9
177.22
178.5
184.0
182.0
178.1
178.42
180.4
176.34
167.1
168.26
165.0
167.86
171.3
166.0
160.4
158.5
158.2
156.7
161.0
158.72
159.84
158.02
160.42
159.06
157.94
157.92
157.6
156.8
161.74
160.96
164.0
164.6
164.38
164.26
163.24
163.5
162.66
163.86
164.86
162.28
161.2
159.04
160.96
158.36
161.44
161.14
158.38
157.76
158.36
156.0
156.26
156.56
154.16
151.64
153.84
154.88
153.96
153.1
151.92
153.88
151.54
150.98
151.98
157.0
157.42
157.34
155.68
150.12
153.78
154.12
154.5
152.22
150.58
150.62
151.5
152.14
151.72
149.9
149.08
146.74
148.82
149.78
150.68
153.14
152.02
157.2
158.42
158.46
160.42
159.0
157.34
157.64
157.4
154.86
154.86
157.24
154.86
153.92
156.48
155.94
158.5
159.44
158.86
158.62
158.44
157.74
162.04
166.18
165.36
165.5
163.44
163.32
166.9
166.38
167.7
170.7
169.3
167.62
168.64
166.7
165.6
167.88
167.3
170.2
170.5
172.58
174.7
172.82
174.0
173.98
174.52
172.48
172.66
168.4
172.34
168.5
172.7
171.4
173.26
174.3
174.58
171.5
170.38
170.32
174.4
170.96
171.1
175.08
169.5
170.36
171.0
168.64
162.58
159.5
158.68
158.52
158.58
156.42
157.78
161.2
162.5
160.6
164.0
164.86
171.5
170.78
172.88
172.32
173.0
172.24
170.54
173.66
172.52
173.22
178.02
182.0
183.2
182.0
175.54
173.16
171.38
171.7
168.0
170.96
167.0
170.5
159.7
159.0
160.38
157.68
157.3
156.82
158.52
157.6
155.64
152.5
151.92
154.1
156.0
156.38
155.96
155.54
155.7
156.14
154.48
154.18
151.8
151.48
150.48
150.9
149.82
147.22
145.54
144.8
144.88
144.58
142.46
143.5
141.8
141.38
139.34
138.3
139.9
140.0
141.24
140.76
142.4
142.14
143.26
143.56
146.3
148.84
147.7
144.0
144.0
145.44
146.66
149.0
148.98
149.96
147.76
148.46
148.9
149.18
146.96
144.68
144.7
142.4
142.68
141.08
141.68
141.98
142.22
140.6
136.5
134.0
131.88
131.42
131.58
128.0
130.94
130.04
129.06
125.52
128.56
129.4
128.8
126.6
126.62
126.0
125.0
123.42
124.46
129.2
127.5
125.04
126.14
129.02
131.2
133.22
131.04
128.94
129.3
129.2
125.94
126.64
126.72
128.58
128.26
126.48
127.82
130.9
128.18
127.8
128.3
129.42
131.52
128.04
128.86
131.8
133.0
132.84
132.8
133.9
135.46
137.9
139.16
139.4
139.9
141.38
142.46
142.54
141.96
141.8
143.02
143.42
143.72
144.5
141.94
139.5
141.96
143.62
146.84
146.92
146.5
147.58
150.2
148.78
147.36
144.04
144.2
145.0
143.16
144.12
144.2
143.82
138.0
135.98
138.42
138.82
139.44
139.98
137.58
137.2
141.24
139.14
140.32
140.42
138.9
139.12
139.98
139.82
137.72
136.74
131.4
124.94
122.18
122.36
123.16
124.38
119.56
118.04
120.7
111.14
109.54
108.76
107.8
101.1
108.42
111.56
108.36
116.08
122.12
119.76
116.4
118.78
124.0
122.8
122.7
124.84
130.0
132.24
133.0
133.46
131.58
129.92
129.04
125.32
125.5
126.1
127.5
124.88
125.5
127.46
124.84
123.16
125.6
127.1
128.34
124.8
125.08
124.06
124.9
125.0
122.1
118.24
117.28
118.4
124.64
125.02
128.1
125.7
128.28
132.2
134.0
135.7
138.8
137.76
137.72
138.16
139.88
138.86
142.0
137.58
137.0
138.66
135.6
131.5
133.36
137.28
137.82
138.86
138.32
138.9
138.34
137.28
139.02
140.88
141.1
143.2
143.98
143.3
142.78
140.22
135.64
135.64
137.1
138.72
138.3
137.74
138.48
139.6
141.18
141.66
143.84
145.7
146.86
147.04
145.28
145.72
144.68
149.1
148.7
149.16
149.5
154.4
157.94
162.98
159.76
160.48
159.7
159.68
160.32
160.96
159.92
160.18
160.62
159.8
158.82
156.1
154.48
161.28
161.9
161.92
162.5
160.2
158.98
159.86
160.44
162.98
166.6
168.98
167.2
168.3
166.68
166.42
166.72
165.1
167.52
168.58
171.86
175.0
172.0
171.52
173.46
173.9
173.2
172.48
174.28
169.22
173.28
168.28
169.68
170.74
170.56
170.14
172.34
171.22
180.24
179.5
179.64
180.62
178.84
181.08
185.1
188.2
190.6
186.54
189.5
191.88
192.42
194.44
193.48
197.72
202.58
196.06
192.6
191.0
191.34
190.34
193.44
194.46
197.14
198.38
192.62
196.34
194.76
191.0
192.38
196.44
198.3
197.26
201.1
204.5
211.1
211.32
214.44
213.18
213.34
210.4
217.2
218.22
219.8
224.36
220.4
209.8
208.84
214.2
216.86
215.86
225.36
219.36
218.38
214.68
222.82
219.52
219.06
219.2
223.88
222.9
220.62
220.32
219.18
217.78
215.06
210.42
211.7
212.4
213.4
212.52
211.16
213.06
207.7
207.24
206.5
208.2
207.44
208.12
207.36
204.68
208.7
209.5
214.64
211.94
217.28
222.12
224.2
222.2
226.8
216.16
213.3
210.2
208.68
213.74
216.0
217.78
215.2
215.16
216.02
218.34
218.08
212.48
215.5
218.22
224.98
229.42
235.12
242.16
237.18
239.98
236.38
236.94
240.98
244.0
245.48
255.06
254.86
251.62
253.48
265.94
261.46
261.68
268.26
272.08
275.24
279.24
271.0
269.68
270.88
264.68
265.9
270.5
267.6
276.02
271.96
272.86
273.52
269.5
268.6
268.74
271.9
265.68
271.82
270.36
272.5
275.72
266.84
267.22
263.54
261.88
266.62
265.94
263.7
262.92
264.0
261.9
262.22
264.62
271.9
272.02
266.66
262.98
260.18
260.66
259.04
249.12
246.7
235.52
231.38
231.78
226.26
230.74
228.64
229.74
226.84
222.0
228.7
226.12
233.8
235.82
239.22
236.86
241.1
238.5
233.46
240.72
242.6
247.7
246.76
248.84
256.56
256.28
258.34
258.5
256.86
258.0
257.94
262.34
256.02
253.92
256.64
254.42
252.2
250.86
251.22
250.74
245.8
240.5
238.78
239.96
239.4
244.7
241.38
246.76
250.96
247.6
246.4
245.34
246.32
237.38
236.2
236.26
226.42
231.24
234.74
229.56
230.3
226.62
221.1
212.36
214.0
220.82
224.12
224.5
223.14
218.4
218.52
216.62
212.5
205.26
207.72
210.9
217.5
221.9
221.64
219.04
214.56
215.7
211.56
219.24
222.22
220.7
225.92
225.48
228.84
231.1
228.82
225.68
223.6
227.68
225.0
224.7
221.62
223.22
227.1
221.76
224.7
220.98
221.28
222.5
223.3
224.68
222.56
219.2
222.8
222.68
223.3
217.34
220.1
217.08
216.22
218.34
219.4
206.9
208.36
207.8
211.18
212.2
204.1
199.8
202.78
209.5
210.7
214.8
212.3
210.84
211.18
212.4
214.6
215.76
215.02
217.04
218.68
218.4
213.62
213.82
212.32
217.28
220.58
219.02
214.0
211.5
205.7
210.22
209.76
206.88
196.44
198.34
202.02
208.56
210.72
213.34
215.3
219.78
216.18
216.76
220.54
226.76
232.5
226.7
221.46
228.02
233.04
235.7
227.52
226.9
200.98
220.04
180.68
177.5
183.0
173.0
163.5
158.02
167.0
171.9
173.2
171.9
162.5
160.5
160.52
161.14
157.2
155.44
155.0
150.2
155.22
148.0
149.16
156.5
155.0
155.86
152.78
157.98
158.16
157.24
158.6
155.0
157.94
162.0
159.38
156.0
155.1
160.0
159.0
160.3
161.62
155.94
151.36
147.0
150.5
150.78
149.86
145.52
144.3
142.2
136.26
130.02
129.5
131.98
133.88
129.78
130.7
129.84
128.78
131.0
130.12
134.38
134.3
134.86
137.0
135.9
136.0
134.0
137.78
134.98
