close
2.26
2.216
2.2301
2.3299
2.42
2.36
2.31
2.15
2.2002
2.2222
2.1857
2.205
2.1909
2.2078
2.1952
2.2395
2.2551
2.2493
2.2501
2.26
2.2889
2.2904
2.241
2.22
2.218
2.195
2.2
2.1856
2.1599
2.1348
2.0938
2.1
2.104
2.0805
2.073
2.0801
2.1001
2.0988
2.0975
2.081
2.0599
2.01
2.0449
2.0497
2.0259
2.0402
2.0447
2.0589
2.0523
2.0439
2.0509
2.0757
2.0606
2.08
2.0305
2.05
2.0198
2.0012
2.009
2.054
2.06
2.0552
2.0375
2.0299
2.0364
2.006
1.9802
1.9801
1.9252
1.91
1.89
1.907
1.87
1.8088
1.8178
1.78
1.739
1.6811
1.63
1.613
1.67
1.675
1.665
1.68
1.65
1.65
1.65
1.655
1.64
1.645
1.65
1.63
1.65
1.66
1.645
1.65
1.62
1.595
1.595
1.61
1.585
1.615
1.595
1.615
1.605
1.6
1.635
1.595
1.62
1.595
1.59
1.71
1.755
1.7
1.68
1.7
1.68
1.68
1.7
1.685
1.685
1.645
1.63
1.37
1.39
1.42
1.42
1.36
1.395
1.375
1.42
1.42
1.435
1.37
1.305
1.325
1.375
1.35
1.3
1.265
1.235
1.195
1.155
1.16
1.225
1.205
1.28
1.33
1.275
1.26
1.25
1.24
1.24
1.245
1.24
1.23
1.255
1.24
1.245
1.23
1.23
1.225
1.25
1.245
1.255
1.395
1.49
1.515
1.555
1.665
1.7
1.65
1.6
1.53
1.57
1.585
1.57
1.605
1.64
1.615
1.625
1.59
1.67
1.695
1.655
1.585
1.565
1.5
1.525
1.59
1.51
1.485
1.45
1.475
1.45
1.455
1.435
1.44
1.415
1.41
1.41
1.445
1.41
1.42
1.465
1.54
1.515
1.535
1.515
1.495
1.49
1.495
1.435
1.45
1.465
1.505
1.48
1.515
1.46
1.445
1.45
1.44
1.445
1.435
1.425
1.44
1.42
1.43
1.405
1.415
1.535
1.53
1.535
1.56
1.695
1.83
1.86
1.8
1.835
1.75
1.84
1.82
1.775
1.69
1.73
1.74
1.75
1.745
1.79
1.8
1.8
1.83
1.805
1.805
1.8
1.795
1.8
1.815
1.85
1.9
1.86
1.895
1.875
1.92
1.9
1.98
1.97
1.95
1.95
1.95
1.9
1.76
1.78
1.86
1.88
1.905
1.9
1.94
2.02
2.12
2.115
2.155
2.12
2.125
2.19
2.285
2.21
2.22
2.365
2.49
2.695
3.05
2.97
2.8
2.83
2.9
2.845
2.71
2.7
2.755
2.76
2.7
2.62
2.65
2.685
2.74
2.81
2.87
2.9
2.975
3.015
3.08
3.055
3.2
3.125
3.065
3.115
3.07
3.05
3.095
3.075
3.035
3.035
3.02
3.025
2.965
2.955
2.955
2.975
3.05
3.05
3.05
3.05
3.02
2.94
2.94
2.95
2.915
2.875
2.825
2.81
2.86
2.915
2.95
2.95
2.945
2.95
3.02
3.15
3.075
3.18
3.15
3.155
3.11
3.08
3.21
3.24
3.24
3.255
3.265
3.25
3.26
3.25
3.395
3.45
3.545
3.475
3.54
3.5
3.335
3.34
3.39
3.46
3.575
3.52
3.55
3.51
3.465
3.465
3.455
3.46
3.46
3.55
3.61
3.605
3.8
3.76
3.7
3.685
3.7
3.705
3.7
3.745
3.76
3.705
3.625
3.695
3.67
3.615
3.65
3.71
3.65
3.63
3.74
3.705
3.645
3.675
3.775
4.145
4.28
4.285
4.205
4.18
4.16
4.25
4.175
4.095
4.06
4.16
4.145
4.12
3.985
4.0
3.88
3.945
4.08
4.035
3.95
4.0
3.94
3.975
3.98
3.92
3.84
3.805
3.845
3.78
3.785
3.84
3.775
3.73
3.705
3.675
3.765
3.72
3.735
3.75
3.74
3.735
3.725
3.74
3.735
3.71
3.735
3.7
3.69
3.74
3.715
3.7
3.7
3.7
3.715
3.73
3.85
3.9
3.9
3.915
3.915
3.9
3.97
3.99
4.0
3.965
3.98
4.005
3.99
4.05
4.015
4.045
4.0
3.965
3.975
3.945
4.1
3.945
3.925
3.9
3.9
4.05
4.025
4.0
3.99
3.96
3.94
3.99
3.98
4.0
4.02
3.98
4.22
4.195
4.21
4.08
4.21
4.215
4.22
4.65
4.465
4.375
4.225
4.1
4.11
4.145
4.275
4.235
4.155
4.205
4.135
4.29
4.2
4.255
4.28
4.31
4.28
4.23
4.24
4.25
4.24
4.21
4.27
4.3
4.305
4.29
4.295
4.3
4.35
4.35
4.375
4.325
4.3
4.32
4.285
4.3
4.305
4.305
4.3
5.13
5.005
5.07
4.955
4.88
4.92
5.0
4.89
4.845
4.785
4.785
4.915
5.0
5.09
4.965
4.9
4.92
4.885
4.905
4.815
4.81
4.85
4.53
4.55
4.5
4.51
4.53
4.695
4.905
4.92
4.935
5.135
5.33
5.2
5.335
5.225
5.25
5.205
5.07
5.09
5.11
5.15
5.535
5.705
5.79
5.78
5.8
5.885
5.87
5.84
5.87
5.8
5.77
5.78
5.785
6.18
6.7
6.795
6.42
6.465
6.385
6.3
6.5
6.6
6.55
6.7
6.7
6.8
6.67
6.77
6.79
6.595
6.535
6.39
6.305
6.495
6.425
6.505
6.615
6.425
6.5
6.67
6.6
6.57
6.45
6.465
6.535
6.495
6.6
6.45
6.51
6.505
6.53
6.465
6.52
6.48
6.46
6.485
6.53
6.585
6.54
6.53
6.53
6.555
6.555
6.595
6.75
6.98
7.01
7.085
6.96
6.995
7.105
7.05
7.075
7.09
7.135
7.09
7.11
7.1
7.08
7.05
7.07
7.175
7.15
7.13
6.97
6.875
6.95
6.905
6.895
6.795
6.835
6.705
6.65
6.64
6.725
6.54
6.31
6.3
6.385
6.19
6.125
6.21
6.11
5.8
5.895
5.94
6.195
6.355
6.33
6.345
6.3
6.25
6.07
6.11
6.07
5.95
5.85
6.0
6.07
6.05
6.26
6.28
6.26
6.27
6.275
6.24
6.33
6.3
6.215
6.53
6.525
6.95
6.995
6.95
6.98
6.985
7.04
7.13
7.1
7.135
7.19
7.07
7.14
7.1
7.21
7.185
7.23
7.39
7.375
7.295
7.285
7.42
7.565
7.72
7.82
7.715
7.06
7.035
6.795
6.9
6.93
6.9
6.945
6.835
6.815
6.94
6.855
6.825
6.865
6.715
6.77
6.8
6.77
6.82
6.815
6.8
6.85
6.975
6.97
7.005
7.045
7.045
7.07
7.01
7.03
7.01
7.06
7.07
7.11
7.185
7.17
7.055
7.125
7.115
7.11
7.3
7.3
7.35
7.53
7.62
7.54
7.615
7.565
7.525
7.51
7.39
7.32
7.39
7.235
7.31
7.3
7.285
7.19
7.055
7.19
7.17
7.13
7.175
7.19
7.175
7.115
6.995
6.915
6.98
7.445
7.61
7.735
7.9
8.08
8.02
8.0
8.195
8.185
8.285
8.265
7.92
8.2
8.17
8.18
8.145
8.045
8.2
8.11
8.15
8.16
8.155
8.165
8.16
8.18
8.155
8.145
8.235
8.23
8.175
8.49
8.33
8.275
8.28
8.35
8.25
8.35
8.325
8.38
8.3
8.33
8.39
8.495
8.61
8.86
8.58
8.3
8.37
8.475
8.59
8.6
8.49
8.535
8.45
8.52
8.515
8.51
8.495
8.38
8.37
8.27
8.28
8.3
8.29
8.3
8.31
8.33
8.2
7.95
7.89
7.8
7.72
7.675
7.64
7.845
8.0
7.895
7.875
7.97
7.935
8.01
7.95
7.885
7.97
7.975
7.85
7.895
7.945
7.99
7.98
8.225
8.39
8.295
8.3
8.295
8.53
8.58
8.515
8.695
8.67
8.645
8.825
8.93
8.7
8.52
8.745
8.5
8.365
8.3
8.245
8.245
8.185
8.055
8.285
8.295
8.27
8.295
8.18
8.225
8.51
8.51
8.4
8.27
8.2
8.245
8.18
8.03
8.04
8.05
7.82
7.85
7.99
7.995
7.83
7.895
7.68
7.875
7.865
7.885
7.895
7.79
7.8
7.885
7.91
7.95
7.765
7.64
7.51
7.57
7.6
7.6
7.095
7.03
6.805
6.97
7.015
6.98
7.0
7.305
7.305
7.115
7.25
7.265
7.22
7.215
7.145
7.15
7.16
7.095
7.07
7.145
7.18
7.11
7.065
7.15
7.13
7.1
7.11
7.05
7.075
7.01
6.9
6.93
6.875
6.77
6.74
6.695
6.71
6.745
6.705
6.485
6.625
6.6
6.5
6.5
6.405
6.535
6.465
6.365
6.6
6.5
6.365
6.295
6.34
6.355
6.31
6.325
6.33
6.2
6.5
6.485
6.6
6.57
6.6
6.495
6.5
6.375
6.405
6.405
6.345
6.385
6.41
6.39
6.27
6.41
6.635
6.41
6.39
6.47
6.49
6.44
6.4
6.465
6.42
6.405
6.515
6.55
6.475
6.425
6.34
6.34
6.27
6.22
6.315
5.995
6.205
6.26
6.285
6.215
6.23
6.3
6.3
6.235
6.2
6.225
6.355
6.56
6.72
6.47
6.7
6.77
6.725
6.745
6.79
6.725
6.745
6.78
7.0
7.09
7.16
6.975
6.97
6.835
6.77
6.84
6.93
6.96
7.005
6.995
6.99
6.455
6.82
6.555
6.305
6.435
6.5
6.5
6.575
6.42
6.285
6.315
6.18
6.195
6.205
6.15
6.19
6.17
6.135
6.15
6.185
6.315
6.525
6.635
6.62
6.61
6.605
6.705
6.95
7.0
6.98
6.805
6.94
6.95
6.85
6.74
6.855
6.9
6.845
6.83
6.85
6.825
6.79
6.735
6.715
6.69
6.66
6.655
6.67
6.62
6.655
6.63
6.635
6.675
6.53
6.67
6.76
6.88
6.85
6.855
6.85
6.945
6.925
6.735
6.795
6.815
6.91
6.94
6.92
6.905
6.915
6.9
6.88
6.91
6.91
6.9
6.915
6.955
6.895
6.93
6.92
6.93
7.025
6.995
7.15
7.12
7.16
7.235
7.215
7.185
7.33
7.605
7.5
7.48
7.495
7.52
7.5
7.505
7.48
7.495
7.45
7.415
7.415
7.35
7.34
7.27
7.24
7.32
7.28
7.16
7.16
7.155
7.16
7.14
7.165
7.27
7.24
7.34
7.32
7.305
7.35
7.36
7.3
7.28
7.28
7.295
7.3
7.305
7.285
7.185
7.135
7.14
7.135
7.105
7.105
7.14
7.255
7.165
7.26
7.275
7.27
7.26
7.185
7.17
7.14
7.11
7.15
7.06
7.07
7.045
6.895
7.05
7.245
7.45
7.325
7.37
7.29
7.26
7.225
7.25
7.22
7.26
7.255
7.35
7.4
7.36
7.38
7.395
7.42
7.46
7.5
7.57
7.74
7.765
7.73
7.745
7.8
7.77
7.52
7.48
7.45
7.455
7.515
7.525
7.81
8.0
8.035
8.015
8.22
8.165
8.17
8.025
7.91
7.94
7.8
7.84
7.88
7.975
7.89
7.905
7.82
7.885
7.865
7.745
7.61
7.69
7.66
7.565
7.715
7.695
7.81
7.835
7.945
7.975
8.02
8.195
8.04
8.1
8.08
8.11
8.15
8.14
8.08
7.99
8.03
7.99
8.055
8.135
8.25
8.475
8.565
8.435
8.5
8.505
8.4
8.49
8.44
8.45
8.455
8.61
8.62
8.535
8.62
8.6
8.5
8.405
8.4
8.47
8.41
8.335
8.195
8.16
8.25
8.16
8.14
8.245
8.255
8.2
8.35
8.305
8.335
8.385
8.365
8.35
8.325
8.31
8.33
8.25
8.29
8.215
8.265
8.235
8.2
8.25
8.19
8.21
8.2
8.195
8.2
8.18
8.17
8.19
8.15
8.16
8.145
8.12
8.1
8.09
8.065
8.075
8.03
8.005
8.18
8.095
8.065
8.04
8.065
8.195
8.21
8.34
8.44
8.43
8.385
8.375
8.36
8.36
8.345
8.38
8.37
8.425
8.61
8.85
8.99
9.32
9.465
9.415
9.3
9.255
9.5
9.52
9.45
9.67
9.64
10.05
9.905
9.58
9.48
9.5
9.15
9.21
9.395
9.35
9.17
9.095
9.26
9.315
9.475
9.505
9.49
9.535
9.575
9.64
9.615
9.59
9.465
9.51
9.56
9.5
9.365
9.41
9.105
8.68
9.18
9.265
9.24
9.175
9.15
8.99
8.97
8.225
8.39
8.025
7.83
7.425
7.595
8.11
8.07
8.485
8.365
8.375
8.26
8.525
8.675
8.65
8.605
8.795
8.98
8.87
8.725
8.605
8.55
8.58
8.645
8.44
8.54
8.635
8.61
8.595
8.72
8.615
8.545
8.6
8.58
8.65
8.66
8.58
8.63
8.67
8.69
8.69
8.72
8.7
8.645
8.725
8.795
8.98
9.175
8.93
8.98
9.16
9.13
9.125
9.335
9.48
9.77
9.605
9.695
9.415
9.47
9.58
9.4
9.45
9.19
9.135
11.08
11.09
10.92
10.9
10.755
10.75
10.6
10.3
10.45
10.46
10.55
10.68
10.745
10.695
10.63
10.61
10.63
10.605
10.535
10.645
10.735
10.93
10.845
10.82
10.88
10.745
10.725
9.58
9.51
9.35
9.2
9.23
9.225
9.25
9.255
9.175
9.17
9.185
9.12
9.16
9.215
9.16
9.14
9.13
9.095
9.005
8.87
8.99
9.0
9.04
8.98
8.905
8.87
8.79
8.655
8.65
8.655
8.705
8.6
8.62
8.66
8.63
8.61
8.685
8.625
8.96
9.2
8.82
8.7
8.6
8.53
8.6
8.585
8.54
8.565
8.485
8.425
8.47
8.49
8.42
8.435
8.345
8.32
8.3
8.165
8.18
8.16
8.145
8.125
8.02
8.045
8.06
8.04
8.03
7.805
7.865
7.845
7.91
7.925
7.92
7.89
8.035
8.325
8.1
8.3
8.35
8.425
8.235
8.3
8.315
8.27
8.19
8.21
8.275
8.29
8.26
8.23
8.265
8.26
8.215
8.22
8.16
8.14
8.135
8.085
8.095
8.1
8.07
8.17
8.13
8.105
8.01
8.105
8.105
8.03
8.03
8.03
8.055
8.1
8.12
8.14
8.135
8.17
8.265
8.455
8.34
8.505
8.435
8.39
8.375
8.375
8.35
8.35
8.405
8.37
8.24
8.255
8.28
8.245
8.29
8.27
8.295
8.26
8.24
8.26
8.155
8.12
8.16
8.13
8.175
8.115
8.12
8.32
8.26
8.02
8.055
8.05
8.03
8.03
8.015
7.94
7.9
7.915
7.99
7.915
7.845
7.93
7.84
7.77
7.78
7.8
7.705
7.775
7.8
7.77
7.75
7.775
7.715
7.68
7.66
7.56
7.59
7.59
7.595
7.595
7.61
7.56
7.6
7.72
7.61
7.7
7.68
7.65
7.595
7.52
7.525
7.525
7.445
7.435
7.43
7.41
7.395
7.42
7.425
7.415
7.45
7.395
7.41
7.655
7.545
7.56
7.63
7.695
7.57
7.645
7.515
7.595
7.6
7.61
7.475
7.17
7.19
7.27
7.28
7.29
7.29
7.225
7.2
7.1
7.06
7.1
7.11
7.075
6.995
7.05
6.99
7.025
6.97
6.955
6.995
6.995
6.98
6.925
6.89
6.945
7.025
7.05
7.0
6.965
6.915
6.985
6.97
7.01
7.11
7.04
7.055
6.92
6.915
6.955
7.2
7.195
7.38
7.2
7.305
7.375
7.2
7.315
7.335
7.35
7.43
7.435
7.44
7.465
7.405
7.44
7.39
7.515
7.435
7.495
7.31
7.23
7.71
7.855
7.96
7.835
7.99
7.865
8.04
8.0
8.135
8.205
8.43
8.4
8.455
8.545
8.46
8.465
8.24
8.34
8.33
8.35
7.86
7.695
8.04
7.925
7.905
7.94
7.86
7.76
7.725
7.84
7.775
7.76
7.645
7.745
7.625
7.815
7.77
7.81
8.07
8.08
8.12
8.025
8.015
7.98
7.955
7.92
7.865
7.83
7.675
7.765
7.76
7.7
7.675
7.75
7.815
7.82
7.715
7.65
7.35
7.26
7.205
7.16
7.15
7.17
6.99
7.11
7.14
7.105
6.97
7.015
7.24
7.21
7.26
7.05
7.0
7.01
6.98
6.995
6.975
6.755
6.73
6.725
6.86
6.9
6.8
6.775
6.79
6.855
6.86
6.85
6.76
6.8
6.75
6.88
6.88
6.855
6.835
6.965
6.885
6.915
6.805
6.73
6.675
6.425
6.53
6.715
6.605
6.1
6.5
6.515
6.525
6.55
6.65
6.485
6.33
6.255
6.345
6.35
6.4
6.47
6.44
6.3
6.215
6.405
6.425
6.35
6.17
5.595
5.635
3.79
4.135
3.65
3.88
4.19
5.1
5.0
5.075
4.885
4.89
4.97
4.87
4.805
4.72
4.8
4.8
5.22
6.11
5.65
5.315
5.335
5.35
5.24
5.5
5.585
5.585
5.565
5.4
5.625
5.56
5.465
5.21
5.24
5.305
5.375
5.505
5.405
5.315
5.125
5.205
5.235
5.295
5.595
5.88
5.725
5.725
5.43
5.28
5.305
5.28
5.595
5.565
5.5
5.565
5.58
5.55
5.58
5.575
5.59
5.535
5.45
5.4
5.435
5.455
5.445
5.24
