close
704.0
705.0
702.0
700.0
700.0
699.7
697.8
699.0
703.0
711.0
718.0
717.2
716.7
707.0
690.0
650.0
645.0
695.0
650.0
663.2
650.0
649.5
644.6
639.7
580.0
550.0
579.9
594.8
575.0
570.0
575.0
600.0
599.9
599.9
599.9
599.9
609.9
649.9
650.0
650.0
595.5
590.0
611.5
599.0
597.7
598.7
598.6
566.0
575.0
600.0
550.0
615.0
600.0
600.0
625.0
550.0
616.0
600.0
570.0
570.0
589.0
589.0
587.0
582.0
579.0
550.0
560.0
595.0
590.0
590.0
560.0
598.0
551.0
555.0
515.0
515.0
510.0
578.0
600.0
600.0
540.0
625.0
625.0
625.0
615.0
608.0
511.0
510.0
475.0
467.0
480.0
469.0
469.0
493.0
490.0
490.0
489.0
473.0
478.0
478.0
511.0
521.0
456.0
475.0
513.0
515.0
499.0
507.0
521.0
517.0
517.0
500.0
480.0
500.0
520.0
461.0
511.0
490.0
540.0
530.0
539.0
465.0
500.0
481.0
535.0
551.0
502.0
554.0
570.0
550.0
523.0
550.0
550.0
520.0
550.0
575.0
523.0
573.0
536.0
536.0
540.0
542.0
534.0
542.0
535.0
535.0
575.0
555.0
580.0
575.0
564.0
580.0
590.0
600.0
600.0
600.0
654.0
604.0
640.0
640.0
661.0
700.0
700.0
700.0
705.0
700.0
700.0
700.0
695.0
685.0
685.0
685.0
685.0
680.0
700.0
701.0
702.0
702.0
702.0
711.0
730.0
730.0
730.0
725.0
726.0
730.0
730.0
730.0
730.0
730.0
730.0
731.0
725.0
740.0
730.0
725.0
731.0
700.0
725.0
730.0
730.0
735.0
743.0
742.0
740.0
740.0
741.0
745.0
745.0
745.0
745.0
745.0
748.0
750.0
770.0
761.0
771.0
800.0
800.0
804.0
804.0
805.0
801.0
804.0
809.0
810.0
810.0
813.0
815.0
800.0
810.0
806.0
800.0
805.0
805.0
800.0
800.0
801.0
817.0
750.0
751.0
751.0
800.0
801.0
817.0
818.0
818.0
830.0
840.0
842.0
900.0
900.0
900.0
861.0
851.0
899.0
899.0
901.0
904.0
886.0
900.0
916.0
921.0
935.0
901.0
908.0
901.0
901.0
895.0
934.0
1044.0
1042.0
1047.0
1046.0
1047.0
1048.0
1048.0
1048.0
1049.0
1048.0
1048.0
1048.0
1055.0
1060.0
1053.0
1052.0
1052.0
1062.0
1052.0
1052.0
1055.0
1055.0
1056.0
1056.0
1057.0
1056.0
1058.0
1062.0
1058.0
1060.0
1061.0
1061.0
1060.0
1060.0
1065.0
1065.0
992.0
993.0
989.0
1005.0
1014.0
1033.0
1018.0
1080.0
1040.0
1040.0
1055.0
1080.0
1080.0
1006.0
1060.0
1030.0
1030.0
1030.0
1045.0
1016.0
1015.0
1034.0
1030.0
1040.0
1040.0
1035.0
1045.0
994.0
980.0
975.0
978.0
985.0
976.0
977.0
977.0
982.0
979.0
985.0
975.0
980.0
980.0
985.0
990.0
971.0
976.0
981.0
981.0
980.0
980.0
975.0
1048.0
976.0
970.0
990.0
983.0
978.0
977.0
977.0
963.0
940.0
900.0
885.0
905.0
900.0
890.0
830.0
790.0
795.0
750.0
760.0
740.0
790.0
755.0
795.0
790.0
790.0
775.0
750.0
750.0
750.0
750.0
760.0
765.0
770.0
770.0
750.0
750.0
755.0
760.0
730.0
765.0
735.0
735.0
740.0
720.0
730.0
725.0
720.0
745.0
740.0
725.0
710.0
740.0
710.0
725.0
720.0
720.0
710.0
710.0
710.0
705.0
690.0
700.0
705.0
695.0
705.0
655.0
700.0
780.0
780.0
720.0
700.0
670.0
745.0
745.0
740.0
740.0
720.0
665.0
705.0
690.0
605.0
650.0
690.0
690.0
700.0
640.0
795.0
655.0
780.0
660.0
745.0
790.0
735.0
750.0
800.0
805.0
815.0
870.0
805.0
805.0
805.0
805.0
710.0
745.0
770.0
710.0
705.0
705.0
775.0
760.0
700.0
700.0
710.0
750.0
735.0
755.0
725.0
750.0
750.0
750.0
750.0
755.0
755.0
750.0
750.0
750.0
700.0
690.0
690.0
690.0
690.0
670.0
680.0
695.0
700.0
680.0
690.0
655.0
710.0
650.0
650.0
660.0
670.0
670.0
665.0
665.0
665.0
645.0
650.0
630.0
650.0
645.0
635.0
615.0
610.0
615.0
610.0
610.0
595.0
635.0
620.0
615.0
620.0
605.0
625.0
635.0
625.0
615.0
640.0
635.0
640.0
640.0
640.0
640.0
600.0
610.0
615.0
615.0
620.0
625.0
605.0
630.0
630.0
630.0
630.0
605.0
625.0
635.0
640.0
645.0
645.0
630.0
630.0
620.0
615.0
620.0
635.0
630.0
650.0
660.0
630.0
645.0
630.0
640.0
665.0
645.0
630.0
625.0
615.0
620.0
630.0
590.0
600.0
570.0
570.0
580.0
580.0
595.0
600.0
600.0
595.0
610.0
580.0
580.0
595.0
595.0
570.0
585.0
575.0
565.0
545.0
540.0
500.0
520.0
560.0
525.0
515.0
490.0
520.0
520.0
520.0
540.0
520.0
540.0
500.0
500.0
515.0
500.0
510.0
490.0
510.0
510.0
510.0
510.0
500.0
500.0
500.0
490.0
510.0
510.0
500.0
500.0
490.0
520.0
485.0
495.0
490.0
495.0
475.0
475.0
480.0
480.0
490.0
470.0
480.0
470.0
460.0
465.0
425.0
415.0
400.0
430.0
435.0
420.0
420.0
420.0
410.0
420.0
420.0
435.0
435.0
420.0
415.0
405.0
420.0
415.0
415.0
420.0
415.0
415.0
415.0
410.0
405.0
410.0
414.0
400.0
412.0
400.0
394.0
400.0
398.0
398.0
400.0
444.0
410.0
392.0
390.0
384.0
382.0
394.0
378.0
394.0
380.0
388.0
398.0
388.0
364.0
380.0
358.0
366.0
364.0
364.0
362.0
358.0
366.0
360.0
360.0
364.0
366.0
372.0
372.0
372.0
386.0
380.0
360.0
370.0
368.0
380.0
484.0
486.0
472.0
480.0
476.0
486.0
488.0
472.0
454.0
452.0
464.0
466.0
464.0
456.0
464.0
450.0
450.0
442.0
444.0
442.0
444.0
444.0
450.0
446.0
440.0
456.0
446.0
442.0
440.0
490.0
450.0
454.0
472.0
660.0
724.0
668.0
934.0
1112.0
1036.0
948.0
928.0
878.0
840.0
756.0
732.0
720.0
758.0
692.0
690.0
642.0
640.0
746.0
768.0
808.0
774.0
770.0
732.0
720.0
725.0
748.0
731.0
713.0
720.0
715.0
666.0
633.0
582.0
603.0
547.0
544.0
542.0
551.0
550.0
565.0
556.0
557.0
570.0
565.0
580.0
569.0
581.0
611.0
576.0
561.0
555.0
564.0
559.0
570.0
580.0
591.0
579.0
563.0
561.0
560.0
561.0
580.0
580.0
560.0
567.0
569.0
627.0
622.0
607.0
629.0
626.0
613.0
603.0
608.0
600.0
599.0
584.0
587.0
609.0
609.0
603.0
600.0
600.0
590.0
595.0
589.0
581.0
570.0
580.0
592.0
581.0
575.0
575.0
571.0
571.0
572.0
558.0
541.0
541.0
536.0
546.0
525.0
580.0
572.0
583.0
572.0
587.0
582.0
570.0
582.0
577.0
575.0
596.0
587.0
583.0
581.0
597.0
590.0
567.0
570.0
570.0
578.0
575.0
580.0
575.0
573.0
576.0
575.0
567.0
579.0
579.0
550.0
549.0
542.0
556.0
559.0
545.0
566.0
552.0
540.0
533.0
532.0
545.0
542.0
545.0
559.0
532.0
547.0
532.0
539.0
532.0
530.0
529.0
555.0
531.0
535.0
534.0
532.0
538.0
539.0
529.0
527.0
526.0
528.0
528.0
533.0
526.0
531.0
528.0
531.0
533.0
533.0
528.0
538.0
538.0
549.0
558.0
560.0
561.0
557.0
564.0
586.0
568.0
562.0
570.0
573.0
574.0
570.0
578.0
584.0
578.0
579.0
594.0
584.0
587.0
591.0
582.0
597.0
577.0
580.0
585.0
565.0
576.0
582.0
579.0
585.0
572.0
570.0
590.0
599.0
589.0
587.0
587.0
598.0
610.0
619.0
617.0
601.0
571.0
555.0
557.0
553.0
551.0
549.0
549.0
487.0
487.0
445.0
419.0
418.0
410.0
383.0
413.0
439.0
440.0
448.0
434.0
445.0
442.0
460.0
465.0
532.0
506.0
509.0
558.0
535.0
550.0
535.0
540.0
540.0
566.0
557.0
545.0
538.0
547.0
511.0
516.0
555.0
538.0
539.0
535.0
531.0
532.0
520.0
529.0
527.0
528.0
595.0
561.0
532.0
535.0
541.0
540.0
531.0
541.0
541.0
541.0
550.0
554.0
557.0
550.0
541.0
541.0
534.0
563.0
565.0
558.0
543.0
542.0
587.0
550.0
557.0
561.0
563.0
558.0
562.0
583.0
571.0
569.0
547.0
560.0
567.0
645.0
615.0
620.0
608.0
600.0
616.0
600.0
588.0
594.0
597.0
591.0
588.0
587.0
593.0
585.0
583.0
579.0
605.0
607.0
601.0
600.0
596.0
610.0
601.0
656.0
625.0
627.0
700.0
668.0
694.0
724.0
736.0
697.0
691.0
713.0
699.0
680.0
650.0
684.0
713.0
683.0
673.0
665.0
663.0
655.0
660.0
687.0
670.0
689.0
676.0
669.0
669.0
663.0
663.0
657.0
672.0
665.0
655.0
660.0
642.0
643.0
638.0
632.0
814.0
735.0
724.0
715.0
713.0
704.0
701.0
697.0
702.0
690.0
694.0
704.0
695.0
707.0
693.0
744.0
706.0
710.0
680.0
680.0
675.0
684.0
668.0
682.0
682.0
690.0
706.0
700.0
696.0
687.0
698.0
694.0
698.0
690.0
686.0
688.0
681.0
703.0
686.0
688.0
680.0
689.0
689.0
683.0
692.0
684.0
685.0
691.0
689.0
692.0
688.0
694.0
685.0
687.0
683.0
685.0
678.0
681.0
687.0
688.0
683.0
690.0
689.0
685.0
698.0
691.0
695.0
680.0
679.0
675.0
679.0
678.0
679.0
679.0
680.0
679.0
679.0
675.0
672.0
681.0
675.0
677.0
677.0
676.0
675.0
674.0
673.0
679.0
676.0
673.0
673.0
673.0
676.0
676.0
666.0
666.0
662.0
672.0
672.0
674.0
670.0
670.0
669.0
669.0
668.0
665.0
658.0
673.0
671.0
674.0
661.0
665.0
664.0
670.0
671.0
670.0
667.0
673.0
662.0
674.0
672.0
672.0
669.0
669.0
674.0
670.0
667.0
670.0
639.0
595.0
591.0
587.0
595.0
592.0
594.0
593.0
590.0
592.0
591.0
588.0
587.0
573.0
571.0
567.0
573.0
577.0
568.0
564.0
567.0
562.0
566.0
555.0
560.0
567.0
559.0
566.0
566.0
557.0
561.0
565.0
563.0
564.0
562.0
569.0
563.0
563.0
567.0
562.0
574.0
562.0
561.0
567.0
736.0
696.0
858.0
805.0
837.0
845.0
706.0
735.0
732.0
738.0
720.0
740.0
739.0
815.0
820.0
820.0
790.0
756.0
749.0
773.0
777.0
825.0
791.0
795.0
805.0
816.0
793.0
797.0
760.0
773.0
783.0
783.0
812.0
808.0
812.0
796.0
800.0
810.0
801.0
725.0
720.0
718.0
703.0
703.0
720.0
718.0
718.0
691.0
695.0
691.0
904.0
877.0
880.0
855.0
826.0
813.0
807.0
804.0
802.0
797.0
802.0
797.0
798.0
800.0
778.0
802.0
804.0
885.0
827.0
807.0
804.0
818.0
817.0
875.0
852.0
824.0
811.0
809.0
810.0
808.0
799.0
825.0
811.0
810.0
805.0
799.0
813.0
850.0
823.0
840.0
880.0
880.0
856.0
855.0
857.0
851.0
847.0
836.0
828.0
841.0
832.0
841.0
823.0
824.0
830.0
820.0
811.0
820.0
815.0
816.0
815.0
808.0
804.0
810.0
802.0
802.0
811.0
799.0
798.0
799.0
811.0
809.0
805.0
800.0
802.0
794.0
792.0
793.0
781.0
798.0
780.0
770.0
770.0
770.0
786.0
781.0
799.0
782.0
796.0
792.0
815.0
811.0
820.0
795.0
795.0
830.0
817.0
802.0
805.0
786.0
786.0
776.0
790.0
772.0
758.0
764.0
733.0
756.0
749.0
735.0
710.0
705.0
696.0
698.0
708.0
725.0
725.0
717.0
702.0
723.0
707.0
715.0
714.0
711.0
710.0
700.0
697.0
720.0
704.0
704.0
579.0
613.0
394.0
460.0
499.0
595.0
605.0
618.0
601.0
597.0
645.0
621.0
616.0
610.0
617.0
611.0
621.0
590.0
610.0
603.0
594.0
613.0
615.0
609.0
584.0
575.0
570.0
580.0
572.0
550.0
561.0
555.0
545.0
552.0
544.0
541.0
559.0
555.0
619.0
599.0
575.0
650.0
604.0
585.0
579.0
591.0
569.0
566.0
591.0
587.0
592.0
576.0
598.0
596.0
598.0
598.0
596.0
580.0
590.0
583.0
592.0
590.0
589.0
583.0
597.0
583.0
581.0
570.0
