close
747.0
852.0
700.0
690.0
750.0
854.0
901.0
750.1
750.1
749.9
789.9
750.0
750.0
800.0
750.0
780.0
750.0
760.0
773.0
770.1
775.4
780.1
770.0
765.0
785.2
920.0
900.0
900.0
999.9
807.0
825.0
825.0
801.0
825.0
820.0
821.0
821.0
821.0
820.0
821.0
822.0
900.0
950.0
821.0
825.0
950.0
935.0
936.0
949.0
1023.0
1055.0
906.0
901.0
1050.0
1049.0
896.0
892.0
889.0
887.0
654.0
642.0
649.0
625.0
602.0
634.0
620.0
620.0
647.0
650.0
640.0
655.0
650.0
651.0
650.0
650.0
650.0
631.0
640.0
650.0
651.0
652.0
660.0
640.0
690.0
690.0
636.0
650.0
670.0
632.0
800.0
800.0
1001.0
1002.0
1070.0
1000.0
975.0
1000.0
999.0
987.0
979.0
965.0
947.0
911.0
831.0
850.0
826.0
786.0
788.0
754.0
789.0
739.0
734.0
797.0
740.0
745.0
756.0
800.0
805.0
806.0
800.0
804.0
841.0
845.0
845.0
820.0
845.0
869.0
891.0
910.0
910.0
915.0
1050.0
977.0
1044.0
1038.0
1037.0
1049.0
1048.0
1053.0
1057.0
1056.0
1057.0
1062.0
1058.0
1061.0
1060.0
1060.0
1061.0
1065.0
1027.0
1018.0
1053.0
1065.0
1035.0
1020.0
1040.0
1055.0
995.0
1040.0
1065.0
1040.0
1040.0
1050.0
1050.0
1050.0
1040.0
1030.0
1045.0
1020.0
995.0
985.0
985.0
985.0
1015.0
1045.0
985.0
990.0
980.0
990.0
995.0
1000.0
990.0
985.0
990.0
990.0
980.0
980.0
975.0
990.0
995.0
995.0
990.0
995.0
1020.0
1030.0
1020.0
1035.0
935.0
965.0
985.0
995.0
1020.0
860.0
860.0
835.0
880.0
910.0
920.0
860.0
920.0
930.0
930.0
910.0
945.0
910.0
855.0
950.0
910.0
1000.0
975.0
975.0
940.0
910.0
890.0
860.0
865.0
975.0
995.0
1170.0
1125.0
1030.0
1300.0
1245.0
1300.0
1060.0
1170.0
1180.0
1150.0
1135.0
1135.0
1000.0
1015.0
980.0
960.0
955.0
900.0
865.0
840.0
845.0
900.0
890.0
900.0
880.0
965.0
875.0
900.0
900.0
925.0
930.0
925.0
920.0
910.0
900.0
880.0
1230.0
1285.0
1300.0
1110.0
1400.0
1190.0
1150.0
1095.0
1090.0
1105.0
1070.0
1065.0
1065.0
1065.0
955.0
995.0
985.0
1070.0
1145.0
1145.0
1140.0
1040.0
1400.0
1495.0
1200.0
1275.0
1250.0
1500.0
1260.0
1350.0
1500.0
1505.0
1400.0
1555.0
1520.0
1200.0
1135.0
1110.0
1110.0
1105.0
1100.0
1250.0
1400.0
1450.0
1550.0
1295.0
1420.0
1295.0
1200.0
1125.0
1125.0
1190.0
1080.0
1100.0
1200.0
1220.0
1300.0
1300.0
1200.0
1280.0
940.0
1360.0
1200.0
1280.0
1280.0
1280.0
1300.0
1300.0
1100.0
1200.0
1180.0
1160.0
1080.0
1080.0
980.0
980.0
980.0
960.0
1020.0
1060.0
1160.0
1180.0
1200.0
1200.0
1100.0
1220.0
1140.0
1120.0
1100.0
1100.0
1080.0
1140.0
1100.0
1100.0
1140.0
1100.0
1080.0
1120.0
1460.0
1480.0
1340.0
1260.0
1280.0
1260.0
1260.0
1260.0
1260.0
1220.0
1240.0
1240.0
1300.0
1240.0
1160.0
1140.0
1220.0
1140.0
1200.0
1140.0
1140.0
1160.0
1140.0
1180.0
1200.0
1240.0
1280.0
1260.0
1240.0
1540.0
1400.0
1320.0
1640.0
2280.0
2020.0
1900.0
2680.0
2480.0
2260.0
2100.0
2040.0
2060.0
2140.0
2000.0
1880.0
1660.0
1900.0
1880.0
1800.0
1760.0
1780.0
1880.0
1900.0
1880.0
1860.0
1860.0
1900.0
1860.0
1870.0
1800.0
1765.0
1750.0
1805.0
1810.0
1695.0
1715.0
1585.0
1610.0
1600.0
1620.0
1635.0
1650.0
1515.0
1575.0
1595.0
1515.0
1460.0
1325.0
1290.0
1250.0
1235.0
1210.0
1110.0
1120.0
1145.0
1130.0
1135.0
1145.0
1155.0
1180.0
1185.0
1180.0
1195.0
1155.0
1145.0
1165.0
1170.0
1170.0
1185.0
1180.0
1275.0
1270.0
1250.0
1260.0
1240.0
1235.0
1195.0
1190.0
1200.0
1205.0
1215.0
1215.0
1220.0
1220.0
1205.0
1215.0
1240.0
1240.0
1240.0
1220.0
1215.0
1210.0
1225.0
1195.0
1230.0
1230.0
1240.0
1235.0
1160.0
1155.0
1165.0
1150.0
1145.0
1145.0
1130.0
1130.0
1120.0
1165.0
1260.0
1195.0
1200.0
1250.0
1220.0
1200.0
1190.0
1200.0
1195.0
1250.0
1315.0
1310.0
1255.0
1255.0
1330.0
1310.0
1280.0
1280.0
1255.0
1260.0
1250.0
1240.0
1290.0
1285.0
1270.0
1255.0
1260.0
1245.0
1260.0
1230.0
1210.0
1190.0
1190.0
1195.0
1235.0
1230.0
1200.0
1200.0
1220.0
1205.0
1195.0
1195.0
1205.0
1245.0
1245.0
1240.0
1265.0
1265.0
1260.0
1305.0
1315.0
1320.0
1315.0
1285.0
1260.0
1220.0
1265.0
1255.0
1270.0
1225.0
1230.0
1220.0
1210.0
1210.0
1190.0
1180.0
1195.0
1185.0
1190.0
1225.0
1235.0
1235.0
1250.0
1255.0
1300.0
1300.0
1285.0
1225.0
1220.0
1220.0
1225.0
1230.0
1300.0
1485.0
1475.0
1410.0
1360.0
1465.0
1425.0
1420.0
1405.0
1440.0
1435.0
1435.0
1430.0
1430.0
1405.0
1390.0
1420.0
1420.0
1405.0
1375.0
1340.0
1345.0
1325.0
1330.0
1335.0
1305.0
1285.0
1325.0
1310.0
1380.0
1370.0
1340.0
1335.0
1340.0
1340.0
1360.0
1360.0
1310.0
1300.0
1270.0
1225.0
1225.0
1220.0
1215.0
1205.0
1130.0
1120.0
930.0
925.0
930.0
990.0
915.0
1045.0
1045.0
995.0
1180.0
1205.0
1295.0
1345.0
1265.0
1230.0
1210.0
1240.0
1250.0
1225.0
1265.0
1235.0
1225.0
1355.0
1250.0
1240.0
1295.0
1325.0
1245.0
1260.0
1275.0
1265.0
1255.0
1255.0
1255.0
1225.0
1210.0
1270.0
1245.0
1250.0
1400.0
1300.0
1305.0
1260.0
1280.0
1310.0
1275.0
1295.0
1285.0
1280.0
1280.0
1270.0
1270.0
1270.0
1270.0
1270.0
1270.0
1270.0
1275.0
1285.0
1275.0
1265.0
1380.0
1305.0
1355.0
1395.0
1370.0
1390.0
1400.0
1450.0
1340.0
1295.0
1265.0
1310.0
1325.0
1415.0
1340.0
1350.0
1320.0
1315.0
1330.0
1305.0
1320.0
1305.0
1320.0
1310.0
1310.0
1310.0
1300.0
1300.0
1315.0
1320.0
1305.0
1320.0
1325.0
1320.0
1360.0
1365.0
1355.0
1435.0
1510.0
1665.0
1595.0
1575.0
1565.0
1675.0
1890.0
1815.0
1755.0
1780.0
1855.0
1840.0
1790.0
1815.0
1935.0
2030.0
1960.0
1955.0
1850.0
1770.0
1750.0
1705.0
1840.0
1705.0
1775.0
1740.0
1785.0
1825.0
1810.0
1785.0
1795.0
1750.0
1770.0
1710.0
1735.0
1760.0
1730.0
1640.0
1620.0
2265.0
2035.0
2245.0
2065.0
2025.0
1900.0
1935.0
2050.0
2050.0
2040.0
2095.0
2095.0
2125.0
2060.0
2045.0
2865.0
2600.0
2600.0
2580.0
2685.0
2605.0
2590.0
2555.0
2550.0
2630.0
2550.0
2590.0
2630.0
2655.0
2630.0
2620.0
2615.0
2615.0
2565.0
2550.0
2575.0
2585.0
2600.0
2610.0
2755.0
2595.0
2635.0
2600.0
2550.0
2580.0
2550.0
2540.0
2545.0
2525.0
2520.0
2515.0
2535.0
2500.0
2495.0
2430.0
2450.0
2430.0
2475.0
2485.0
2470.0
2475.0
2475.0
2500.0
2450.0
2470.0
2475.0
2485.0
2500.0
2525.0
2495.0
2520.0
2500.0
2480.0
2515.0
2510.0
2450.0
2430.0
2420.0
2450.0
2420.0
2420.0
2410.0
2445.0
2430.0
2415.0
2355.0
2360.0
2350.0
2370.0
2370.0
2370.0
2360.0
2365.0
2375.0
2395.0
2265.0
2330.0
2390.0
2415.0
2415.0
2410.0
2425.0
2420.0
2405.0
2395.0
2375.0
2335.0
2380.0
2300.0
2365.0
2330.0
2325.0
2320.0
2370.0
2370.0
2375.0
2385.0
2395.0
2320.0
2375.0
2370.0
2365.0
2335.0
2360.0
2340.0
2385.0
2385.0
2390.0
2295.0
2230.0
2225.0
2250.0
2330.0
2315.0
2325.0
2320.0
2305.0
2310.0
2300.0
2270.0
2270.0
2170.0
2220.0
2265.0
2230.0
2200.0
2225.0
2230.0
2210.0
2265.0
2260.0
2215.0
2285.0
2285.0
2190.0
2175.0
2180.0
2155.0
2155.0
2080.0
2050.0
2125.0
2155.0
2165.0
2150.0
2095.0
2130.0
2165.0
2145.0
2135.0
2090.0
2110.0
2945.0
2725.0
2770.0
2680.0
2565.0
2570.0
2405.0
2430.0
2390.0
2530.0
2460.0
2580.0
2515.0
3525.0
3385.0
3135.0
2990.0
2940.0
2960.0
2890.0
2820.0
2915.0
2905.0
2800.0
2785.0
2785.0
2700.0
2695.0
2640.0
2640.0
2535.0
2570.0
2535.0
2520.0
2520.0
2560.0
2560.0
2490.0
2525.0
2570.0
2550.0
2525.0
2520.0
2495.0
2475.0
2440.0
2410.0
2390.0
2555.0
2450.0
3425.0
3185.0
3260.0
3325.0
3165.0
3020.0
3000.0
2915.0
2815.0
2745.0
2730.0
2685.0
2625.0
2600.0
2535.0
2450.0
2390.0
2650.0
2610.0
2540.0
2420.0
2450.0
2425.0
2450.0
2465.0
2510.0
2495.0
2560.0
2510.0
2490.0
2475.0
2465.0
2455.0
2495.0
2485.0
2465.0
2590.0
2825.0
2660.0
2695.0
2815.0
2825.0
2695.0
2745.0
2690.0
2720.0
2615.0
2555.0
2635.0
2590.0
2595.0
2600.0
2540.0
2535.0
2565.0
2565.0
2535.0
2530.0
2575.0
2550.0
2540.0
2560.0
2550.0
2515.0
2510.0
2510.0
2500.0
2470.0
2455.0
2515.0
2510.0
2420.0
2435.0
2410.0
2435.0
2415.0
2400.0
2335.0
2335.0
2340.0
2345.0
2310.0
2280.0
2190.0
2225.0
2220.0
2190.0
2190.0
2215.0
2250.0
2300.0
2240.0
2160.0
2130.0
2150.0
2160.0
2185.0
2210.0
2175.0
2195.0
2200.0
2195.0
2200.0
2195.0
2125.0
2135.0
1980.0
1950.0
1980.0
1900.0
1825.0
1810.0
1825.0
1870.0
1870.0
1855.0
1850.0
1880.0
1855.0
1960.0
1855.0
1985.0
2075.0
2040.0
2025.0
1965.0
1985.0
2020.0
2000.0
1875.0
1770.0
1875.0
1215.0
1350.0
1335.0
1675.0
1545.0
1750.0
1700.0
1775.0
1800.0
1830.0
1755.0
1760.0
1755.0
1760.0
1785.0
1790.0
1835.0
1750.0
1795.0
1860.0
1760.0
1765.0
1795.0
1810.0
1810.0
1890.0
1850.0
1870.0
1890.0
1845.0
1830.0
1790.0
1795.0
1815.0
1810.0
1805.0
1905.0
1970.0
1895.0
1975.0
1865.0
1845.0
1850.0
1835.0
1805.0
1760.0
1810.0
1805.0
1800.0
1805.0
1795.0
1860.0
1815.0
1820.0
1830.0
1815.0
1815.0
1810.0
1780.0
1805.0
1835.0
1790.0
1765.0
1685.0
