close
143.93
141.05
139.0
139.0
137.0
135.0
135.0
139.0
140.0
140.0
140.0
140.0
139.5
137.0
136.9
139.0
136.5
135.5
135.1
135.0
134.99
134.88
129.0
125.0
129.4
129.89
128.99
128.0
133.0
134.0
128.15
132.0
127.97
126.5
123.0
126.0
126.0
120.02
121.0
125.9
120.2
120.0
120.0
122.01
119.6
119.78
119.3
118.77
122.0
120.94
121.01
121.02
123.0
124.2
125.01
125.0
125.49
122.6
122.99
120.65
121.5
121.5
124.93
127.62
127.54
127.0
127.01
125.0
124.39
124.0
123.6
123.15
124.0
121.4
121.9
121.5
121.25
121.2
120.1
120.05
121.15
122.95
123.15
123.2
124.8
125.55
125.15
125.35
125.2
125.2
123.1
123.1
125.0
123.1
123.1
123.1
123.5
122.35
122.05
122.95
122.5
121.25
121.05
122.4
122.4
122.8
120.0
122.5
123.6
125.1
126.4
126.95
125.1
123.5
123.5
121.0
121.4
119.6
117.2
117.0
118.25
117.0
116.45
114.0
114.4
114.0
114.5
115.0
116.5
115.75
116.9
115.75
116.5
115.7
115.4
114.5
114.5
114.5
114.8
114.5
114.65
113.4
112.7
112.45
110.65
112.0
110.5
110.0
110.0
109.5
109.6
108.55
104.85
106.5
107.0
106.7
105.5
105.55
103.3
105.1
103.7
103.2
101.95
101.1
99.95
99.9
98.0
98.45
96.65
96.65
96.6
95.8
97.55
97.95
97.95
97.05
97.5
99.6
97.7
97.75
98.6
96.0
97.25
97.15
97.7
96.05
96.5
96.95
97.05
96.1
97.9
95.75
95.0
94.7
95.15
94.5
94.5
101.25
98.65
99.15
95.65
94.2
99.0
99.25
98.45
98.4
98.4
98.5
98.9
101.0
98.75
94.0
92.5
93.25
94.05
94.05
94.65
98.0
95.0
95.0
94.9
92.7
88.1
90.75
90.65
91.45
91.45
90.95
91.75
91.8
91.4
90.6
90.0
88.5
88.8
92.25
90.5
89.25
89.05
88.3
87.95
86.6
87.0
86.45
85.45
84.25
83.6
83.9
83.1
83.75
82.75
82.9
82.95
82.5
82.5
82.45
82.7
80.5
81.4
81.45
81.4
81.1
78.85
76.7
76.4
73.5
70.8
70.8
69.05
70.65
69.85
69.9
70.0
69.25
71.5
69.35
68.1
68.55
65.7
64.25
62.05
59.45
58.7
58.4
57.5
55.05
54.65
54.0
54.65
55.3
54.15
54.15
54.45
53.5
51.0
49.25
46.5
44.4
45.0
48.0
48.4
50.95
50.4
50.1
50.75
50.75
51.8
52.0
51.85
51.9
67.1
62.65
63.0
60.65
59.4
58.95
58.85
58.9
58.35
57.7
57.0
54.95
55.25
55.0
54.5
55.0
54.45
54.9
54.95
55.0
55.0
54.95
54.9
54.9
54.8
54.85
54.95
54.45
54.55
54.6
54.9
55.0
54.9
54.9
54.4
54.6
54.5
54.5
54.3
53.85
54.25
53.2
53.75
53.75
53.45
53.9
53.55
53.45
53.35
52.5
52.8
52.75
52.8
51.55
52.5
52.25
51.5
49.45
48.85
48.9
48.05
47.95
48.0
48.0
47.85
47.95
48.9
48.65
47.95
47.85
47.65
46.95
46.65
46.45
46.65
47.8
47.25
47.15
46.7
46.95
47.0
47.25
46.8
47.0
47.45
47.9
47.85
47.8
47.2
47.45
46.75
47.0
46.85
46.8
47.15
48.6
50.5
57.0
60.25
59.25
60.0
58.55
59.05
59.0
58.95
59.15
58.7
57.9
57.55
57.0
57.15
56.3
56.0
56.1
56.9
55.85
56.8
56.4
57.4
57.95
58.95
58.3
58.85
58.5
58.25
58.4
58.2
58.8
57.8
57.1
57.95
60.3
60.25
62.2
64.1
63.9
63.0
62.45
60.8
59.0
59.0
58.95
58.1
58.8
58.3
58.05
58.3
60.0
57.8
56.4
55.45
55.15
53.4
52.9
50.0
47.95
48.3
47.8
47.5
47.5
47.85
49.15
49.4
48.75
48.35
48.9
48.6
48.55
48.4
48.1
48.0
48.15
48.55
48.45
47.35
47.3
46.7
46.65
46.55
46.45
46.65
45.75
45.55
45.65
46.0
45.2
44.95
44.85
44.2
44.55
45.0
44.85
45.0
45.0
45.3
45.2
45.05
45.25
45.4
45.45
45.95
45.85
45.9
45.45
45.3
45.45
45.4
45.3
45.2
44.95
44.9
44.9
44.65
44.55
44.4
44.6
44.6
44.6
44.6
45.2
44.8
44.7
44.5
44.35
43.75
43.8
43.1
42.85
42.95
42.95
42.85
42.75
42.1
41.5
41.5
41.45
41.25
41.2
41.2
41.0
40.6
41.75
41.1
43.0
43.0
44.9
45.0
45.05
44.95
45.1
45.1
44.45
44.85
45.0
44.9
46.1
48.25
49.45
49.55
47.0
47.75
47.9
49.7
48.8
48.0
48.85
49.5
50.0
50.2
49.8
50.1
50.75
50.35
50.4
50.5
51.1
51.75
51.75
50.9
48.7
48.4
45.05
43.8
44.0
44.95
45.25
43.9
42.85
40.0
38.65
34.35
34.8
31.5
30.0
27.4
28.9
31.5
33.15
34.2
33.35
31.95
30.65
31.6
31.45
31.15
30.0
30.2
31.8
30.95
31.0
31.85
32.3
31.8
31.9
30.1
30.5
30.8
30.15
29.1
29.95
29.95
29.95
30.0
30.0
30.7
30.45
30.1
30.2
30.25
30.4
30.2
30.2
29.9
30.0
29.7
29.9
29.95
29.95
29.95
29.85
30.0
29.9
29.9
29.85
29.65
29.75
29.7
30.5
30.05
29.95
34.0
36.15
35.5
33.7
33.9
34.65
34.0
33.35
33.25
32.95
33.4
32.65
31.4
30.9
32.1
32.5
32.35
32.4
32.35
32.1
31.85
33.0
32.95
32.25
33.05
33.55
33.85
33.6
33.5
33.2
33.85
33.7
33.6
34.4
35.0
34.15
34.35
34.5
34.65
35.2
35.6
34.5
34.5
37.8
37.65
36.5
35.65
35.6
35.25
35.5
34.8
34.1
34.5
34.3
35.9
35.55
35.55
35.6
35.2
34.55
34.15
34.15
34.4
33.7
34.6
34.7
35.0
34.7
34.55
34.1
34.0
33.75
32.25
32.5
32.4
32.15
31.55
31.95
32.0
31.5
31.55
31.15
31.25
30.85
30.45
30.55
30.7
32.4
31.35
31.9
31.35
30.55
30.4
30.65
30.25
30.4
30.8
30.5
30.15
29.15
29.2
29.05
28.8
29.4
29.85
30.05
30.7
30.95
31.45
30.95
30.75
31.65
30.85
30.6
30.4
30.35
30.4
30.65
30.75
30.8
31.25
31.95
33.05
32.25
31.6
31.5
31.1
30.75
30.65
30.65
30.6
30.85
30.55
30.65
30.65
30.35
30.0
30.3
30.55
30.2
30.0
29.9
29.9
30.05
30.35
30.25
30.5
30.7
30.5
31.0
30.7
30.9
30.5
30.65
30.5
30.75
30.4
30.25
30.2
30.6
30.25
30.1
29.9
30.1
30.4
30.3
30.05
30.0
30.0
29.65
29.9
29.95
29.85
30.0
29.85
29.8
29.95
30.05
30.3
29.95
29.8
29.8
29.4
29.6
29.6
29.6
29.25
29.15
29.15
29.3
29.25
29.05
29.15
29.25
29.1
29.2
29.2
29.5
29.75
29.3
28.95
