close
150.0
150.0
125.5
128.3
179.8
237.9
169.3
162.0
162.0
159.0
183.0
137.9
155.0
154.9
160.0
160.0
175.9
169.0
143.3
167.4
138.0
143.0
133.2
134.3
134.2
158.0
175.0
170.2
160.2
161.3
145.0
145.0
175.0
162.0
142.5
140.0
134.0
130.0
158.0
138.0
135.0
130.0
125.5
105.0
139.0
157.5
155.0
117.0
166.5
225.0
314.0
409.0
245.0
189.5
185.0
190.0
200.0
215.0
200.0
230.0
234.5
190.0
218.0
172.0
186.5
187.0
161.0
161.5
181.5
186.0
188.5
162.0
160.5
183.0
157.0
190.0
190.0
200.0
200.5
210.0
210.0
225.5
250.0
250.0
286.5
271.0
250.0
282.0
250.0
230.0
250.0
249.0
249.0
243.5
252.0
268.0
277.0
260.0
285.0
230.0
262.5
264.5
229.5
201.5
203.5
205.5
229.5
224.5
224.5
215.5
210.5
205.5
201.5
214.0
205.0
200.5
204.5
200.5
195.0
185.0
190.0
185.0
201.0
207.0
194.0
191.0
200.0
197.0
200.0
203.0
204.0
201.0
205.0
195.0
200.0
202.0
202.0
206.0
214.0
207.0
207.0
209.0
208.0
205.0
205.0
208.0
200.0
203.0
205.0
218.0
210.0
205.0
210.0
205.0
202.0
202.0
278.0
248.0
216.0
224.0
220.0
216.0
215.0
214.0
211.0
214.0
238.0
221.0
220.0
225.0
214.0
220.0
215.0
215.0
220.0
240.0
221.0
228.0
242.0
240.0
240.0
250.0
349.0
355.0
375.0
378.0
445.0
450.0
415.0
352.0
337.0
326.0
311.0
350.0
433.0
353.0
337.0
455.0
404.0
401.0
405.0
425.0
490.0
460.0
415.0
438.0
480.0
479.0
492.0
457.0
498.0
458.0
455.0
453.0
400.0
376.0
384.0
398.0
405.0
403.0
409.0
400.0
400.0
400.0
386.0
394.0
400.0
400.0
396.0
392.0
381.0
373.0
424.0
427.0
425.0
430.0
438.0
551.0
597.0
577.0
522.0
534.0
624.0
616.0
633.0
625.0
623.0
593.0
563.0
550.0
567.0
550.0
528.0
519.0
455.0
464.0
463.0
465.0
493.0
495.0
503.0
490.0
495.0
495.0
480.0
480.0
444.0
460.0
470.0
480.0
470.0
490.0
500.0
490.0
470.0
490.0
460.0
497.0
477.0
517.0
506.0
501.0
508.0
500.0
493.0
493.0
495.0
510.0
520.0
528.0
520.0
530.0
530.0
560.0
560.0
564.0
567.0
555.0
564.0
550.0
501.0
500.0
492.0
480.0
470.0
480.0
350.0
447.0
464.0
468.0
457.0
477.0
470.0
462.0
469.0
463.0
451.0
504.0
705.0
986.0
1379.0
1929.0
1500.0
1438.0
1340.0
1626.0
1778.0
1607.0
1607.0
1600.0
1507.0
1387.0
1156.0
1416.0
1500.0
1345.0
1361.0
1449.0
1405.0
1337.0
1354.0
1339.0
1307.0
1350.0
1400.0
1357.0
1350.0
1400.0
1400.0
1530.0
1500.0
1550.0
1750.0
1740.0
1740.0
1607.0
1710.0
1710.0
1607.0
1567.0
1500.0
1457.0
1325.0
1274.0
1284.0
1350.0
1380.0
1310.0
1400.0
1370.0
1350.0
1330.0
1350.0
1300.0
1350.0
1310.0
1270.0
1250.0
1250.0
1240.0
1240.0
1160.0
1100.0
1050.0
1070.0
1040.0
1000.0
1050.0
1030.0
1030.0
1060.0
1490.0
1570.0
1500.0
1530.0
1500.0
1520.0
1500.0
1600.0
1640.0
1680.0
1780.0
1600.0
1590.0
1550.0
1780.0
1550.0
1490.0
1930.0
1690.0
1710.0
1590.0
1580.0
1580.0
1700.0
1890.0
1880.0
1840.0
1830.0
1580.0
1680.0
1630.0
1710.0
1790.0
2050.0
1870.0
1710.0
1850.0
1820.0
1830.0
1780.0
1830.0
1800.0
1770.0
1800.0
1900.0
1940.0
2710.0
3230.0
3340.0
2580.0
2800.0
2850.0
2830.0
2700.0
2460.0
2200.0
3070.0
2850.0
2860.0
2660.0
3780.0
3060.0
3110.0
3170.0
3230.0
3500.0
3420.0
3360.0
3380.0
3300.0
3230.0
3200.0
3210.0
3040.0
3020.0
3030.0
3040.0
2970.0
3700.0
3860.0
4330.0
3900.0
3900.0
3900.0
4010.0
4960.0
6600.0
7690.0
10760.0
15050.0
10330.0
8110.0
7460.0
7900.0
8660.0
9510.0
10450.0
11490.0
12630.0
11180.0
12310.0
12930.0
14200.0
15580.0
16010.0
13800.0
14500.0
13900.0
12410.0
10950.0
9990.0
10600.0
11650.0
12810.0
11300.0
11700.0
11660.0
11260.0
11220.0
11100.0
10620.0
10500.0
10000.0
10980.0
12140.0
11560.0
10920.0
10860.0
10720.0
10760.0
10700.0
10620.0
10620.0
10460.0
10580.0
10280.0
10040.0
9900.0
10000.0
9990.0
9960.0
9750.0
10380.0
10190.0
10160.0
10560.0
10250.0
10170.0
10200.0
10170.0
9940.0
9970.0
9820.0
9810.0
9750.0
9980.0
9730.0
9600.0
10100.0
10030.0
9840.0
9700.0
10000.0
9990.0
9980.0
9970.0
9820.0
9740.0
9740.0
9700.0
9560.0
9500.0
9500.0
9380.0
9250.0
9190.0
8910.0
8590.0
8520.0
8630.0
8490.0
8300.0
8140.0
8130.0
8190.0
8490.0
8300.0
8350.0
8350.0
8350.0
8210.0
8090.0
7490.0
7010.0
6870.0
7200.0
7000.0
7590.0
7250.0
6600.0
7170.0
6300.0
6390.0
5600.0
5100.0
5050.0
4840.0
5420.0
5040.0
5300.0
5360.0
5310.0
5120.0
5160.0
5250.0
5390.0
5340.0
5450.0
7620.0
10000.0
9100.0
9100.0
8840.0
8470.0
8120.0
7400.0
7520.0
8000.0
7750.0
7590.0
7780.0
7800.0
7730.0
7780.0
8000.0
8200.0
8270.0
8020.0
8150.0
8230.0
8220.0
8180.0
8110.0
8010.0
7940.0
7980.0
7980.0
8000.0
7950.0
7770.0
7760.0
7880.0
7740.0
7630.0
7770.0
7700.0
7680.0
7690.0
7600.0
8290.0
8260.0
8080.0
7810.0
8000.0
7820.0
7740.0
7860.0
7760.0
7710.0
7860.0
7840.0
7800.0
7730.0
7850.0
7710.0
7830.0
7710.0
7760.0
7700.0
7660.0
7630.0
7640.0
7630.0
7550.0
7430.0
7570.0
7550.0
7560.0
7640.0
7640.0
10690.0
8710.0
8560.0
8150.0
8400.0
8850.0
8910.0
8860.0
8910.0
9060.0
8900.0
8890.0
8920.0
8930.0
8890.0
9180.0
9010.0
8900.0
8930.0
8920.0
9060.0
9110.0
9070.0
9150.0
9130.0
8910.0
8930.0
8930.0
8920.0
8960.0
8880.0
8870.0
8450.0
8300.0
8180.0
8190.0
8290.0
8470.0
8540.0
8400.0
8310.0
8200.0
8210.0
8050.0
8000.0
8150.0
8020.0
7940.0
8120.0
8000.0
8030.0
7940.0
7960.0
8040.0
8100.0
8050.0
7940.0
8060.0
8030.0
8030.0
7980.0
8000.0
8130.0
8020.0
8000.0
7900.0
7980.0
7930.0
7970.0
8000.0
7750.0
7850.0
7780.0
7910.0
7770.0
7780.0
7780.0
7780.0
7740.0
7740.0
7730.0
7680.0
7730.0
7710.0
7760.0
7710.0
7650.0
7710.0
7760.0
7720.0
7680.0
7680.0
7660.0
7690.0
7650.0
7670.0
7690.0
7700.0
7690.0
7730.0
7650.0
7650.0
7530.0
7580.0
7600.0
7560.0
7540.0
7500.0
7600.0
7590.0
7710.0
7520.0
7650.0
7600.0
7600.0
7600.0
7670.0
7570.0
7660.0
7650.0
7630.0
7690.0
7650.0
7570.0
7680.0
7630.0
7590.0
7580.0
7600.0
7640.0
7590.0
7560.0
7530.0
7500.0
7510.0
7600.0
7610.0
7590.0
7650.0
7580.0
7620.0
7600.0
7610.0
7550.0
7510.0
7530.0
7470.0
7500.0
7640.0
7590.0
7560.0
7570.0
7580.0
7560.0
7510.0
7510.0
7490.0
7480.0
7490.0
7480.0
7480.0
7510.0
7480.0
7520.0
7460.0
7460.0
7480.0
7420.0
7380.0
7360.0
7320.0
7310.0
7430.0
7330.0
7310.0
7430.0
7440.0
7440.0
7420.0
7440.0
7460.0
7380.0
7470.0
7460.0
7420.0
7410.0
7400.0
7350.0
7400.0
7390.0
7500.0
7400.0
7440.0
7460.0
7460.0
7310.0
7530.0
7560.0
7540.0
7520.0
7400.0
7500.0
7460.0
7440.0
7340.0
7340.0
7400.0
7320.0
7380.0
7400.0
7360.0
7300.0
7340.0
7360.0
7260.0
7300.0
7240.0
7260.0
7280.0
7220.0
7200.0
7200.0
7180.0
7180.0
7140.0
7120.0
7160.0
7200.0
7160.0
7200.0
7160.0
7100.0
7100.0
7080.0
7040.0
6780.0
6860.0
6760.0
6500.0
6560.0
6460.0
6480.0
6600.0
6300.0
6280.0
6280.0
6320.0
6240.0
6220.0
6680.0
6320.0
6200.0
6480.0
6600.0
6300.0
6560.0
6800.0
6740.0
6660.0
6420.0
6420.0
6400.0
6320.0
6280.0
6680.0
6580.0
6420.0
6460.0
6660.0
6880.0
6800.0
6720.0
6780.0
6640.0
6720.0
6660.0
6700.0
6700.0
6780.0
6800.0
6760.0
6700.0
6660.0
6700.0
6700.0
6720.0
6740.0
6740.0
6660.0
6660.0
6600.0
6620.0
6600.0
6660.0
6600.0
6580.0
6620.0
6560.0
6600.0
6600.0
6600.0
6660.0
6600.0
6560.0
6540.0
6660.0
6700.0
6600.0
6520.0
6660.0
6560.0
6560.0
6560.0
6540.0
6600.0
6680.0
6680.0
6660.0
6840.0
6820.0
6740.0
7040.0
6800.0
6800.0
6660.0
6800.0
6600.0
6780.0
6700.0
6620.0
6780.0
6740.0
6660.0
6600.0
6660.0
6700.0
6660.0
6720.0
6600.0
6580.0
6580.0
6620.0
6560.0
6520.0
6600.0
6560.0
6560.0
6540.0
6520.0
6560.0
6520.0
6280.0
6320.0
6080.0
6100.0
6060.0
5940.0
6040.0
6140.0
6120.0
6060.0
6060.0
6080.0
5960.0
5940.0
5840.0
5740.0
5580.0
5480.0
5560.0
5740.0
5800.0
5780.0
5720.0
5720.0
5900.0
5820.0
5400.0
5320.0
5660.0
5420.0
5420.0
5540.0
5460.0
5340.0
5480.0
5400.0
5440.0
5700.0
5720.0
5680.0
5740.0
5840.0
5840.0
5720.0
5720.0
5700.0
5620.0
5600.0
5660.0
5620.0
5600.0
5700.0
5540.0
5380.0
4480.0
4440.0
5300.0
5200.0
5360.0
5900.0
5900.0
5700.0
5400.0
5400.0
5360.0
5700.0
5700.0
5480.0
5500.0
5680.0
5600.0
5940.0
5760.0
5640.0
5820.0
5660.0
5600.0
5620.0
5620.0
5620.0
5620.0
5600.0
5520.0
5500.0
5400.0
5400.0
5500.0
5500.0
5540.0
5400.0
5260.0
5300.0
5300.0
5140.0
5740.0
5200.0
5220.0
5180.0
5200.0
5540.0
5240.0
5260.0
5220.0
5240.0
5140.0
5080.0
5000.0
5100.0
5100.0
5140.0
5040.0
5040.0
5020.0
5000.0
5000.0
4720.0
