close
1241.4
1247.0
1247.1
1252.3
1246.0
1259.9
1294.4
1315.0
1328.0
1350.8
1342.7
1330.0
1326.9
1309.4
1328.5
1323.0
1305.0
1315.0
1304.8
1304.5
1282.5
1271.0
1305.0
1325.2
1357.0
1391.0
1380.0
1310.0
1303.0
1302.2
1300.0
1272.5
1239.7
1208.9
1225.0
1233.2
1252.6
1239.9
1288.0
1305.0
1305.0
1304.8
1283.9
1310.2
1319.0
1315.0
1320.1
1325.1
1319.9
1351.8
1358.0
1341.1
1270.1
1286.9
1223.7
1247.0
1275.4
1251.6
1251.6
1250.1
1267.1
1230.0
1232.0
1240.2
1245.1
1240.0
1255.3
1257.8
1279.2
1269.0
1258.0
1216.0
1228.0
1234.0
1254.5
1259.9
1245.3
1255.0
1225.0
1170.0
1169.3
1170.0
1200.0
1200.0
1189.0
1134.0
1150.1
1154.9
1169.9
1172.0
1181.0
1185.4
1223.8
1243.6
1241.6
1253.9
1233.0
1210.7
1228.5
1201.1
1193.4
1153.3
1147.6
1137.6
1040.2
970.0
988.3
976.8
995.0
957.5
962.5
971.1
986.8
993.8
999.0
995.4
971.0
965.0
948.3
920.0
931.2
915.5
926.0
917.0
913.0
914.3
919.9
920.0
929.9
928.0
937.7
946.8
944.9
932.0
951.0
938.5
935.3
949.0
976.9
962.0
955.0
957.9
965.0
944.8
957.5
955.2
976.3
976.7
969.3
988.9
966.0
964.0
977.6
967.1
983.6
998.5
1023.0
1020.0
1038.3
1037.8
1033.9
1011.1
1013.9
1006.1
1000.0
983.0
970.7
964.1
960.2
960.0
964.1
970.0
986.5
969.8
951.5
959.8
953.1
963.3
977.0
960.1
991.9
977.3
988.1
996.1
978.5
980.5
962.5
974.0
967.7
956.3
966.0
963.8
951.1
931.6
941.1
931.2
943.6
951.8
943.6
940.2
939.7
955.0
976.9
970.9
966.5
976.8
966.6
991.9
975.2
959.6
959.9
968.0
950.0
936.5
939.0
932.5
936.8
931.0
954.1
1005.0
1010.0
1012.3
1040.0
1080.1
1085.6
1085.0
1114.0
1090.1
1092.4
1089.8
1056.2
1070.0
1056.3
1076.4
1069.6
1075.7
1097.6
1117.8
1138.0
1148.0
1172.0
1180.2
1179.9
1173.1
1161.1
1170.1
1203.0
1220.0
1202.5
1194.0
1207.6
1211.0
1087.0
1208.8
1251.0
1224.9
1203.1
1211.0
1126.8
1114.5
1112.8
1135.0
1192.3
1179.4
1182.0
1200.0
1190.5
1202.9
1187.6
1190.0
1187.5
1186.1
1193.8
1199.1
1170.0
1177.0
1139.6
1178.6
1190.7
1250.0
1250.0
1241.8
1244.3
1250.7
1255.0
1266.0
1265.0
1252.1
1257.8
1249.4
1258.0
1262.3
1247.7
1250.3
1240.0
1243.2
1254.7
1268.8
1270.0
1253.4
1208.0
1189.5
1165.0
1151.4
1175.8
1166.7
1174.0
1164.4
1161.4
1155.0
1164.7
1155.1
1183.1
1214.0
1247.8
1227.2
1208.0
1189.2
1186.9
1170.5
1180.6
1185.0
1220.2
1202.0
1191.2
1220.9
1237.8
1224.0
1230.1
1240.0
1242.4
1242.3
1272.0
1314.3
1323.9
1314.0
1302.5
1338.0
1345.0
1323.9
1309.6
1305.2
1296.3
1285.0
1315.4
1318.9
1309.4
1281.7
1290.1
1305.2
1314.3
1318.7
1317.1
1325.0
1324.0
1330.0
1324.4
1333.0
1329.4
1332.9
1339.9
1329.1
1336.3
1323.7
1321.1
1322.4
1306.6
1281.0
1294.7
1323.2
1330.9
1315.2
1320.0
1277.5
1303.6
1274.1
1263.0
1217.0
1218.6
1292.0
1253.2
1267.7
1270.1
1276.9
1273.9
1255.0
1282.0
1298.0
1361.7
1352.4
1375.0
1400.0
1347.0
1366.0
1351.0
1335.0
1305.0
1302.0
1323.4
1302.0
1300.0
1312.0
1312.0
1327.0
1319.0
1341.0
1310.0
1385.0
1347.0
1303.0
1320.0
1322.0
1337.0
1361.0
1326.0
1359.0
1343.0
1362.0
1351.0
1336.0
1360.0
1371.0
1344.0
1393.0
1448.0
1460.0
1449.0
1490.0
1503.0
1450.0
1481.0
1478.0
1491.0
1527.0
1451.0
1470.0
1464.0
1495.0
1525.0
1541.0
1625.0
1740.0
1706.0
1735.0
1750.0
1742.0
1765.0
1728.0
1745.0
1808.0
1820.0
1870.0
2060.0
1900.0
1759.0
1723.0
1648.0
1580.0
1560.0
1550.0
1572.0
1650.0
1655.0
1784.0
1855.0
1776.0
1798.0
1795.0
1843.0
1867.0
1890.0
1955.0
2008.0
2054.0
2080.0
2111.0
2114.0
2139.0
2177.0
2245.0
2269.0
2291.0
2260.0
2226.0
2238.0
2226.0
2247.0
2242.0
2240.0
2319.0
2298.0
2209.0
2177.0
2218.0
2190.0
2123.0
2128.0
2127.0
2070.0
2090.0
2109.0
2141.0
2199.0
2190.0
2153.0
2101.0
2117.0
2109.0
2105.0
2051.0
2005.0
2035.0
2105.0
2083.0
2110.0
2018.0
2000.0
2041.0
2011.0
2011.0
2057.0
2011.0
2042.0
2014.0
2002.0
2020.0
1995.0
1983.0
1955.0
1899.0
1930.0
1921.0
1900.0
1955.0
2021.0
2065.0
2127.0
2154.0
2102.0
2119.0
2111.0
2069.0
2018.0
2039.0
2002.0
1980.0
1939.0
2003.0
2020.0
1981.0
1995.0
2005.0
1960.0
1997.0
1969.0
1974.0
1975.0
1964.0
1997.0
2015.0
2042.0
2001.0
2081.0
2086.0
2085.0
2220.0
2244.0
2204.0
2179.0
2095.0
2059.0
2060.0
2028.0
2044.0
2020.0
2038.0
2048.0
2081.0
2044.0
2079.0
2159.0
2096.0
2060.0
2100.0
2083.0
2158.0
2200.0
2175.0
2140.0
2186.0
2190.0
2240.0
2251.0
2291.0
2334.0
2337.0
2310.0
2316.0
2350.0
2327.0
2373.0
2313.0
2372.0
2336.0
2373.0
2430.0
2560.0
2630.0
2626.0
2707.0
2764.0
2805.0
2800.0
2829.0
2809.0
2808.0
2810.0
2835.0
2874.0
2937.0
2954.0
2980.0
2903.0
2939.0
2849.0
2821.0
2837.0
2796.0
2810.0
2791.0
2790.0
2859.0
2860.0
2850.0
2849.0
2835.0
2912.0
2880.0
2860.0
2855.0
2911.0
2850.0
2827.0
2738.0
2710.0
2710.0
2659.0
2657.0
2790.0
2796.0
2739.0
2699.0
2728.0
2710.0
2674.0
2549.0
2574.0
2533.0
2495.0
2503.0
2461.0
2531.0
2560.0
2595.0
2580.0
2572.0
2605.0
2659.0
2635.0
2644.0
2630.0
2625.0
2587.0
2633.0
2666.0
2664.0
2644.0
2641.0
2685.0
2673.0
2646.0
2750.0
2720.0
2717.0
2700.0
2772.0
2709.0
2750.0
2733.0
2723.0
2715.0
2716.0
2691.0
2740.0
2699.0
2754.0
2723.0
2713.0
2727.0
2772.0
2821.0
2830.0
2833.0
2915.0
2851.0
2855.0
2805.0
2802.0
2800.0
2851.0
2830.0
2813.0
2821.0
2835.0
2816.0
2826.0
2810.0
2828.0
2840.0
2786.0
2665.0
2689.0
2743.0
2730.0
2808.0
2863.0
2775.0
2715.0
2733.0
2704.0
2722.0
2747.0
2753.0
2749.0
2730.0
2710.0
2685.0
2693.0
2670.0
2675.0
2661.0
2611.0
2566.0
2580.0
2594.0
2609.0
2633.0
2640.0
2614.0
2650.0
2675.0
2791.0
2838.0
2787.0
2886.0
2873.0
2890.0
2875.0
2853.0
2862.0
2845.0
2876.0
2863.0
2875.0
2835.0
2847.0
2840.0
2855.0
2825.0
2833.0
2817.0
2810.0
2772.0
2800.0
2774.0
2799.0
2846.0
2796.0
2768.0
2789.0
2756.0
2698.0
2739.0
2717.0
2739.0
2838.0
2844.0
2925.0
2947.0
2915.0
2865.0
2875.0
2851.0
2863.0
2838.0
2869.0
2861.0
2846.0
2894.0
2925.0
2840.0
2932.0
2875.0
2884.0
2889.0
2881.0
2888.0
2899.0
2920.0
2922.0
2904.0
2916.0
2945.0
2880.0
2775.0
2771.0
2785.0
2840.0
2845.0
2825.0
2760.0
2745.0
2768.0
2730.0
2771.0
2790.0
2765.0
2786.0
2757.0
2738.0
2779.0
2769.0
2788.0
2785.0
2769.0
2742.0
2718.0
2649.0
2580.0
2626.0
2593.0
2578.0
2535.0
2520.0
2517.0
2589.0
2648.0
2648.0
2645.0
2632.0
2649.0
2653.0
2700.0
2690.0
2700.0
2715.0
2722.0
2714.0
2729.0
2727.0
2721.0
2721.0
2670.0
2661.0
2657.0
2663.0
2656.0
2636.0
2621.0
2580.0
2584.0
2597.0
2599.0
2586.0
2580.0
2571.0
2569.0
2574.0
2586.0
2585.0
2591.0
2602.0
2593.0
2586.0
2563.0
2585.0
2553.0
2547.0
2547.0
2547.0
2551.0
2569.0
2570.0
2599.0
2573.0
2547.0
2560.0
2546.0
2535.0
2524.0
2490.0
2453.0
2458.0
2440.0
2439.0
2421.0
2423.0
2432.0
2446.0
2429.0
2420.0
2419.0
2410.0
2357.0
2240.0
2225.0
2291.0
2300.0
2330.0
2353.0
2341.0
2360.0
2313.0
2295.0
2250.0
2259.0
2331.0
2340.0
2370.0
2416.0
2440.0
2469.0
2454.0
2495.0
2492.0
2538.0
2540.0
2589.0
2575.0
2567.0
2579.0
2542.0
2552.0
2573.0
2565.0
2587.0
2629.0
2632.0
2628.0
2603.0
2537.0
2560.0
2570.0
2575.0
2600.0
2526.0
2510.0
2491.0
2508.0
2550.0
2557.0
2554.0
2540.0
2551.0
2599.0
2593.0
2607.0
2575.0
2578.0
2608.0
2623.0
2755.0
2750.0
2719.0
2758.0
2735.0
2756.0
2721.0
2759.0
2736.0
2767.0
2819.0
2799.0
2860.0
2863.0
2849.0
2850.0
2892.0
2835.0
2756.0
2760.0
2700.0
2522.0
2546.0
2530.0
2480.0
2514.0
2540.0
2548.0
2570.0
2567.0
2578.0
2500.0
2481.0
2400.0
2442.0
2461.0
2421.0
2444.0
2460.0
2384.0
2299.0
2304.0
2392.0
2338.0
2370.0
2391.0
2359.0
2389.0
2405.0
2404.0
2383.0
2328.0
2347.0
2424.0
2409.0
2366.0
2381.0
2369.0
2398.0
2410.0
2425.0
2370.0
2399.0
2336.0
2324.0
2291.0
2318.0
2279.0
2276.0
2261.0
2306.0
2317.0
2376.0
2434.0
2423.0
2415.0
2399.0
2398.0
2431.0
2443.0
2479.0
2394.0
2384.0
2365.0
2391.0
2376.0
2400.0
2347.0
2317.0
2332.0
2300.0
2323.0
2355.0
2328.0
2316.0
2307.0
2298.0
2269.0
2267.0
2264.0
2275.0
2260.0
2260.0
2200.0
2169.0
2203.0
2208.0
2245.0
2308.0
2324.0
2344.0
2359.0
2324.0
2290.0
2305.0
2278.0
2301.0
2275.0
2315.0
2327.0
2355.0
2379.0
2382.0
2366.0
2363.0
2361.0
2341.0
2334.0
2352.0
2356.0
2374.0
2390.0
2410.0
2397.0
2405.0
2389.0
2358.0
2385.0
2350.0
2395.0
2384.0
2377.0
2380.0
2410.0
2420.0
2422.0
2424.0
2429.0
2417.0
2397.0
2395.0
2403.0
2440.0
2419.0
2430.0
2401.0
2415.0
2391.0
2366.0
2328.0
2303.0
2336.0
2311.0
2290.0
2303.0
2280.0
2277.0
2270.0
2290.0
2315.0
2333.0
2353.0
2345.0
2345.0
2330.0
2339.0
2345.0
2351.0
2352.0
2351.0
2340.0
2325.0
2352.0
2354.0
2352.0
2358.0
2368.0
2394.0
2378.0
2378.0
2356.0
2335.0
2344.0
2331.0
2340.0
2322.0
2313.0
2276.0
2270.0
2275.0
2266.0
2293.0
2322.0
2340.0
2325.0
2336.0
2389.0
2454.0
2448.0
2430.0
2432.0
2466.0
2537.0
2534.0
2545.0
2570.0
2568.0
2588.0
2538.0
2510.0
2496.0
2473.0
2488.0
2472.0
2470.0
2465.0
2470.0
2449.0
2543.0
2511.0
2505.0
2546.0
2550.0
2564.0
2561.0
2553.0
2542.0
2564.0
2544.0
2500.0
2493.0
2492.0
2475.0
2500.0
2463.0
2499.0
2510.0
2497.0
2494.0
2519.0
2530.0
2542.0
2544.0
2538.0
2539.0
2540.0
2535.0
2547.0
2564.0
2543.0
2530.0
2505.0
2491.0
2483.0
2470.0
2450.0
2465.0
2400.0
2380.0
2321.0
2372.0
2355.0
2420.0
2405.0
2445.0
2416.0
2459.0
2489.0
2495.0
2459.0
2464.0
2444.0
2480.0
2459.0
2397.0
2422.0
2406.0
2428.0
2459.0
2491.0
2440.0
2435.0
2428.0
2402.0
2394.0
2357.0
2385.0
2340.0
2300.0
2262.0
2271.0
2267.0
2266.0
2294.0
2338.0
2317.0
2344.0
2329.0
2341.0
2350.0
2354.0
2267.0
2351.0
2390.0
2405.0
2470.0
2454.0
2431.0
2410.0
2375.0
2397.0
2441.0
2402.0
2422.0
2460.0
2476.0
2462.0
2500.0
2522.0
2476.0
2490.0
2475.0
2487.0
2446.0
2430.0
2451.0
2427.0
2420.0
2423.0
2410.0
2406.0
2313.0
2301.0
2332.0
2329.0
2370.0
2347.0
2320.0
2322.0
2331.0
2345.0
2328.0
2319.0
2306.0
2300.0
2300.0
2315.0
2322.0
2298.0
2296.0
2295.0
2315.0
2285.0
2286.0
2291.0
2303.0
2293.0
2264.0
2280.0
2270.0
2290.0
2272.0
2268.0
2277.0
2320.0
2359.0
2349.0
2325.0
2290.0
2326.0
2310.0
2318.0
2343.0
2328.0
2300.0
2303.0
2286.0
2276.0
2266.0
2262.0
2272.0
2284.0
2293.0
2290.0
2288.0
2280.0
2263.0
2293.0
2302.0
2298.0
2282.0
2271.0
2314.0
2319.0
2325.0
2347.0
2374.0
2360.0
2412.0
2425.0
2470.0
2531.0
2640.0
2650.0
2609.0
2599.0
2583.0
2589.0
2585.0
2639.0
2708.0
2689.0
2659.0
2605.0
2649.0
2651.0
2650.0
2638.0
2690.0
2603.0
2573.0
2548.0
2529.0
2525.0
2517.0
2550.0
2546.0
2623.0
2657.0
2630.0
2615.0
2555.0
2493.0
2443.0
2463.0
2457.0
2473.0
2446.0
2449.0
2436.0
2418.0
2441.0
2426.0
2412.0
2391.0
2424.0
2390.0
2470.0
2480.0
2509.0
2527.0
2532.0
2520.0
2492.0
2471.0
2504.0
2512.0
2492.0
2500.0
2497.0
2478.0
2458.0
2450.0
2483.0
2487.0
2549.0
2585.0
2598.0
2593.0
2589.0
2567.0
2577.0
2560.0
2510.0
2490.0
2501.0
2503.0
2469.0
2475.0
2453.0
2459.0
2490.0
2458.0
2486.0
2438.0
2467.0
2520.0
2525.0
2535.0
2546.0
2533.0
2542.0
2514.0
2521.0
2514.0
2519.0
2555.0
2572.0
2566.0
2570.0
2560.0
2580.0
2568.0
2577.0
2553.0
2573.0
2579.0
2580.0
2582.0
2583.0
2529.0
2518.0
2528.0
2525.0
2518.0
2509.0
2509.0
2500.0
2471.0
2521.0
2508.0
2503.0
2494.0
2529.0
2525.0
2530.0
2540.0
2560.0
2553.0
2555.0
2508.0
2531.0
2526.0
2531.0
2554.0
2503.0
2491.0
2500.0
2495.0
2487.0
2461.0
2460.0
2442.0
2405.0
2395.0
2363.0
2374.0
2354.0
2363.0
2393.0
2394.0
2397.0
2376.0
2387.0
2405.0
2379.0
2372.0
2374.0
2362.0
2357.0
2351.0
2387.0
2389.0
2377.0
2385.0
2380.0
2389.0
2381.0
2383.0
2371.0
2363.0
2363.0
2370.0
2369.0
2370.0
2339.0
2325.0
2278.0
2324.0
2315.0
2287.0
2301.0
2340.0
2354.0
2332.0
2345.0
2363.0
2372.0
2373.0
2383.0
2425.0
2455.0
2469.0
2478.0
2452.0
2451.0
2448.0
2405.0
2399.0
2423.0
2451.0
2439.0
2426.0
2448.0
2448.0
2455.0
2460.0
2457.0
2485.0
2499.0
2540.0
2484.0
2476.0
2492.0
2481.0
2485.0
2482.0
2501.0
2436.0
2403.0
2360.0
2388.0
2407.0
2396.0
2360.0
2358.0
2364.0
2374.0
2387.0
2383.0
2380.0
2367.0
2366.0
2376.0
2377.0
2385.0
2406.0
2395.0
2434.0
2438.0
2484.0
2510.0
2500.0
2482.0
2506.0
2514.0
2521.0
2515.0
2485.0
2440.0
2427.0
2425.0
2480.0
2462.0
2475.0
2512.0
2548.0
2556.0
2539.0
2537.0
2521.0
2535.0
2540.0
2562.0
2591.0
2570.0
2551.0
2590.0
2596.0
2573.0
2556.0
2560.0
2522.0
2460.0
2451.0
2458.0
2466.0
2486.0
2483.0
2493.0
2495.0
2481.0
2500.0
2525.0
2520.0
2527.0
2504.0
2487.0
2494.0
2499.0
2500.0
2495.0
2462.0
2470.0
2450.0
2435.0
2419.0
2418.0
2451.0
2421.0
2427.0
2422.0
2442.0
2470.0
2477.0
2460.0
2447.0
2460.0
2460.0
2448.0
2433.0
2430.0
2434.0
2428.0
2421.0
2418.0
2432.0
2457.0
2440.0
2421.0
2416.0
2398.0
2387.0
2369.0
2359.0
2380.0
2375.0
2340.0
2345.0
2340.0
2376.0
2380.0
2390.0
2389.0
2401.0
2366.0
2372.0
2367.0
2374.0
2393.0
2409.0
2408.0
2427.0
2418.0
2415.0
2418.0
2418.0
2452.0
2476.0
2475.0
2483.0
2487.0
2490.0
2487.0
2463.0
2447.0
2452.0
2426.0
2417.0
2452.0
2470.0
2469.0
2425.0
2444.0
2432.0
2420.0
2439.0
2440.0
2439.0
2431.0
2418.0
2418.0
2423.0
2427.0
2427.0
2433.0
2418.0
2395.0
2396.0
2356.0
2317.0
2257.0
2262.0
2292.0
2325.0
2267.0
2347.0
2325.0
2172.0
2099.0
2156.0
2236.0
2284.0
2314.0
2311.0
2360.0
2419.0
2407.0
2449.0
2408.0
2473.0
2480.0
2431.0
2439.0
2430.0
2443.0
2480.0
2560.0
2575.0
2542.0
2547.0
2587.0
2615.0
2600.0
2627.0
2644.0
2692.0
2765.0
2705.0
2719.0
2735.0
2790.0
2761.0
2701.0
2765.0
2742.0
2757.0
2725.0
2730.0
2745.0
2752.0
2733.0
2756.0
2734.0
2744.0
2774.0
2738.0
2789.0
2796.0
2800.0
2812.0
2875.0
2788.0
2802.0
2819.0
2839.0
2816.0
2818.0
2785.0
2801.0
2824.0
2789.0
2753.0
2747.0
2701.0
2653.0
2686.0
2677.0
2662.0
2630.0
2604.0
2603.0
2643.0
2626.0
2590.0
2621.0
2616.0
2620.0
2594.0
2563.0
2550.0
2614.0
2604.0
2612.0
2599.0
2608.0
2592.0
2577.0
2599.0
2613.0
2620.0
2652.0
2696.0
2673.0
2689.0
2650.0
2728.0
2721.0
2704.0
2696.0
2700.0
2705.0
2750.0
2802.0
2802.0
2808.0
2792.0
2805.0
2797.0
2776.0
2776.0
2769.0
2797.0
2761.0
2718.0
2765.0
2734.0
2750.0
2749.0
2779.0
2799.0
2760.0
2757.0
2741.0
2736.0
2746.0
2770.0
2727.0
2728.0
2760.0
2720.0
2684.0
2702.0
2730.0
2746.0
2817.0
2857.0
2858.0
2827.0
2859.0
2864.0
2877.0
2853.0
2866.0
2850.0
2858.0
2831.0
2843.0
2790.0
2829.0
2806.0
2798.0
2773.0
2755.0
2799.0
2770.0
2792.0
2847.0
2796.0
2800.0
2820.0
2828.0
2829.0
2969.0
2968.0
3025.0
3012.0
3009.0
3025.0
3087.0
3103.0
3106.0
3078.0
3098.0
3090.0
3086.0
3049.0
3049.0
3039.0
3007.0
3083.0
3080.0
3055.0
3045.0
3071.0
3070.0
3072.0
3071.0
3065.0
3058.0
3130.0
3128.0
3136.0
3180.0
3186.0
3251.0
3269.0
3132.0
3111.0
3097.0
3150.0
3136.0
3187.0
3360.0
3311.0
3374.0
3401.0
3345.0
3385.0
3358.0
3375.0
3476.0
3424.0
3402.0
3453.0
3480.0
3641.0
3697.0
3623.0
3682.0
3644.0
3641.0
3629.0
3662.0
3699.0
3700.0
3667.0
3652.0
3621.0
3669.0
3698.0
3738.0
3776.0
3779.0
3733.0
3842.0
3893.0
3903.0
3929.0
3957.0
4048.0
4034.0
4069.0
4181.0
4020.0
4105.0
4060.0
3980.0
3961.0
3957.0
3947.0
3911.0
3985.0
3947.0
3945.0
3945.0
4066.0
4097.0
4081.0
4098.0
4104.0
4079.0
4073.0
4128.0
4240.0
4163.0
4149.0
4183.0
4360.0
4352.0
4369.0
4390.0
4376.0
4430.0
4390.0
4471.0
4485.0
4507.0
4433.0
4412.0
4395.0
4331.0
4343.0
4353.0
4360.0
4376.0
4354.0
4384.0
4375.0
4304.0
4361.0
4332.0
4331.0
4294.0
4345.0
4517.0
4424.0
4572.0
4551.0
4566.0
4641.0
4576.0
4501.0
4658.0
4668.0
4693.0
4723.0
4717.0
4743.0
4764.0
4962.0
4937.0
4947.0
5014.0
5103.0
4940.0
5015.0
4842.0
4845.0
4929.0
4939.0
4980.0
4873.0
4820.0
4810.0
4717.0
4784.0
4890.0
4730.0
4819.0
4799.0
4826.0
4799.0
4797.0
4789.0
4794.0
4802.0
4792.0
4711.0
4638.0
4672.0
4709.0
4706.0
4687.0
4703.0
4637.0
4665.0
4718.0
4637.0
4561.0
4632.0
4611.0
4605.0
4616.0
4771.0
4752.0
4734.0
4741.0
4721.0
4715.0
4627.0
4599.0
4623.0
4585.0
4590.0
4613.0
4643.0
4639.0
4650.0
4700.0
4874.0
4755.0
4677.0
4724.0
4801.0
4902.0
4937.0
4826.0
4825.0
4907.0
5140.0
5051.0
5112.0
4937.0
4910.0
5015.0
5145.0
4997.0
5048.0
5019.0
5130.0
5059.0
5111.0
5115.0
5026.0
5057.0
5334.0
5549.0
5737.0
5701.0
5589.0
5542.0
5735.0
5932.0
6016.0
6019.0
5887.0
5871.0
5702.0
5853.0
5798.0
5702.0
5762.0
5602.0
5658.0
5662.0
5619.0
5820.0
5816.0
5915.0
5790.0
5810.0
5685.0
5797.0
5795.0
5821.0
5798.0
5746.0
5539.0
5732.0
5840.0
5820.0
5630.0
5647.0
5670.0
5513.0
5574.0
5537.0
5519.0
5611.0
5551.0
5640.0
5595.0
5506.0
5595.0
5760.0
5895.0
5682.0
5580.0
5527.0
5516.0
5519.0
5619.0
5767.0
5798.0
5866.0
5863.0
5936.0
5910.0
5697.0
5735.0
5761.0
5811.0
5824.0
5797.0
5771.0
5825.0
5679.0
5725.0
5652.0
5399.0
5330.0
5415.0
5357.0
5445.0
5480.0
5481.0
5512.0
5417.0
5331.0
5268.0
5445.0
5567.0
5836.0
5859.0
5747.0
5950.0
6114.0
6170.0
5953.0
5850.0
5536.0
5680.0
5175.0
5015.0
6350.0
6951.0
8345.0
8908.0
7950.0
8045.0
7400.0
7129.0
6881.0
7380.0
7286.0
6960.0
6927.0
6904.0
7289.0
6760.0
6820.0
6975.0
6949.0
7093.0
7103.0
7000.0
6859.0
7000.0
7038.0
7110.0
7107.0
7043.0
7168.0
7421.0
7933.0
7655.0
7740.0
7990.0
7881.0
7931.0
7930.0
7450.0
7199.0
7074.0
7221.0
7370.0
7292.0
7134.0
7125.0
7220.0
7013.0
7047.0
7031.0
7100.0
7195.0
7231.0
7262.0
7190.0
7217.0
7670.0
7543.0
7850.0
7770.0
7802.0
7990.0
7909.0
7930.0
7881.0
8085.0
7939.0
