close
511.6
507.0
512.8
517.0
513.1
511.2
502.5
504.6
502.0
499.7
484.8
478.9
483.0
482.0
485.2
482.0
479.7
478.0
481.3
480.1
481.2
477.2
477.2
473.0
465.9
506.0
524.0
519.9
496.0
504.7
515.0
500.8
500.5
490.4
489.7
481.2
482.1
481.5
485.5
488.0
496.5
485.6
489.1
495.4
491.5
495.7
495.8
494.6
489.0
490.3
494.5
494.0
495.0
494.0
490.1
498.5
500.0
498.0
502.0
499.5
500.5
499.3
499.2
500.0
499.4
498.9
498.8
498.9
495.6
496.5
490.1
487.5
509.0
493.9
496.1
502.0
499.1
497.0
496.8
493.9
492.5
491.5
494.0
494.0
490.0
487.5
490.0
483.5
484.0
479.5
475.0
471.0
471.0
469.5
470.0
467.0
461.5
461.0
459.0
461.0
468.0
469.0
478.0
476.0
475.0
477.5
477.5
483.0
478.0
472.5
471.5
473.5
470.0
482.0
529.0
523.5
529.5
580.0
656.5
759.0
740.0
706.0
755.5
879.0
1040.0
1209.0
1055.0
1070.0
1166.0
1143.5
1070.0
1052.0
999.0
1000.0
1015.0
1006.0
975.0
999.5
1000.0
1071.5
1105.0
1050.0
1000.0
997.5
1000.5
1047.0
1060.0
1050.0
1020.0
1035.5
1024.0
1045.0
1076.0
1090.0
1119.0
1120.0
1119.0
1070.0
1051.0
1040.0
1055.0
1055.0
1049.5
1046.5
1054.0
1052.0
1061.0
1060.0
1069.0
1063.0
1136.0
1100.5
1112.0
1150.0
1130.5
1118.5
1110.0
1096.0
1100.0
1105.0
1111.5
1110.0
1130.0
1138.0
1134.5
1138.5
1125.5
1116.5
1118.0
1125.5
1116.0
1065.0
1000.0
998.0
1045.0
1042.5
1008.0
1013.0
1001.5
1002.0
1066.0
1028.0
1016.5
1028.0
1011.0
1013.0
1016.5
1027.5
1022.0
1025.0
1035.0
1059.5
1045.0
1090.0
1120.5
1143.0
1175.0
1220.0
1316.0
1270.5
1324.5
1400.0
1501.5
1515.0
1545.0
1587.5
1610.0
1665.5
1691.0
1590.0
1605.5
1585.0
1600.0
1613.5
1621.5
1637.0
1612.0
1612.0
1607.5
1606.5
1601.5
1591.5
1575.0
1567.0
1515.0
1510.0
1483.0
1475.5
1510.0
1540.0
1640.0
1712.0
1798.5
1804.5
1805.0
1812.0
1806.0
1804.5
1800.5
1804.0
1800.0
1795.0
1801.5
1710.0
1710.0
1730.0
1690.0
1710.0
1706.0
1739.5
1786.0
1801.0
1783.0
1821.0
1824.0
1810.0
1830.0
1807.0
1810.5
1810.5
1786.5
1777.0
1803.5
1807.5
1805.0
1805.0
1800.0
1800.0
1815.0
1835.0
1875.0
2060.0
2280.0
2200.0
2430.0
2360.0
2365.0
2260.0
2200.0
2305.0
2250.0
2315.0
2215.0
2230.0
2230.0
2280.0
2370.0
2370.0
2465.0
2500.0
2615.0
2650.0
2710.0
2935.0
2895.0
3025.0
3025.0
3030.0
2880.0
2785.0
2685.0
2745.0
2670.0
2590.0
2950.0
2680.0
2755.0
2890.0
2960.0
2900.0
2905.0
2890.0
2895.0
2895.0
2780.0
2740.0
2675.0
2770.0
2765.0
2805.0
2820.0
2780.0
2795.0
2770.0
2785.0
2780.0
2785.0
2790.0
2785.0
2800.0
2780.0
2815.0
2810.0
2795.0
2735.0
2625.0
2610.0
2620.0
2575.0
2705.0
2640.0
2660.0
2670.0
2700.0
2705.0
2710.0
2715.0
2635.0
2680.0
2680.0
2700.0
2630.0
2660.0
2650.0
2660.0
2655.0
2670.0
2665.0
2680.0
2685.0
2730.0
2840.0
2920.0
2860.0
2920.0
2910.0
3290.0
3010.0
2930.0
3070.0
2985.0
2830.0
2905.0
2875.0
2860.0
2885.0
2890.0
3030.0
3180.0
3120.0
3100.0
3100.0
3010.0
2995.0
3075.0
3120.0
3105.0
3080.0
3115.0
3110.0
3100.0
3245.0
3152.0
3138.0
3110.0
3064.0
3064.0
3078.0
3115.0
3119.0
3169.0
3143.0
3142.0
3251.0
3230.0
3275.0
3341.0
3340.0
3356.0
3459.0
3613.0
3884.0
3995.0
3928.0
3844.0
4099.0
4100.0
4070.0
4017.0
4044.0
3940.0
3920.0
3890.0
3997.0
3970.0
3926.0
3861.0
3837.0
3836.0
3890.0
3820.0
3863.0
3930.0
3876.0
3803.0
3849.0
3830.0
3909.0
3820.0
3854.0
3799.0
3760.0
3700.0
3671.0
3849.0
4014.0
4150.0
4290.0
4400.0
4536.0
4570.0
4741.0
4744.0
4798.0
4760.0
4768.0
4750.0
4813.0
4755.0
4756.0
4753.0
4740.0
4750.0
4750.0
4770.0
4733.0
4700.0
4750.0
4691.0
4711.0
4705.0
4704.0
4690.0
4720.0
4682.0
4651.0
4719.0
4720.0
4710.0
4700.0
4700.0
4707.0
4704.0
4704.0
4719.0
4700.0
4705.0
4697.0
4707.0
4690.0
4687.0
4662.0
4689.0
4693.0
4698.0
4696.0
4689.0
4681.0
4698.0
4690.0
4682.0
4680.0
4686.0
4665.0
4644.0
4610.0
4593.0
4564.0
4548.0
4520.0
4539.0
4564.0
4564.0
4680.0
4688.0
4684.0
4664.0
4669.0
4660.0
4632.0
4659.0
4650.0
4656.0
4628.0
4648.0
4645.0
4635.0
4623.0
4610.0
4587.0
4593.0
4581.0
4573.0
4569.0
4578.0
4560.0
4560.0
4553.0
4586.0
4600.0
4635.0
4646.0
4602.0
4600.0
4580.0
4579.0
4576.0
4628.0
4630.0
4610.0
4585.0
4599.0
4580.0
4579.0
4576.0
4500.0
4488.0
4508.0
4508.0
4550.0
4500.0
4485.0
4489.0
4451.0
4464.0
4447.0
4429.0
4425.0
4434.0
4416.0
4430.0
4413.0
4408.0
4400.0
4405.0
4388.0
4419.0
4372.0
4316.0
4351.0
4388.0
4356.0
4400.0
4391.0
4440.0
4522.0
4500.0
4439.0
4460.0
4408.0
4471.0
4479.0
4416.0
4449.0
4462.0
4454.0
4444.0
4443.0
4426.0
4416.0
4424.0
4427.0
4440.0
4260.0
4480.0
4478.0
4448.0
4440.0
4444.0
4444.0
4449.0
4430.0
4434.0
4443.0
4455.0
4460.0
4450.0
4449.0
4449.0
4449.0
4449.0
4406.0
4386.0
4429.0
4438.0
4431.0
4500.0
4500.0
4529.0
4527.0
4521.0
4525.0
4520.0
4520.0
4527.0
4607.0
4642.0
4590.0
4600.0
4613.0
4601.0
4599.0
4590.0
4620.0
4609.0
4606.0
4648.0
4586.0
4575.0
4564.0
4495.0
4449.0
4501.0
4481.0
4470.0
4445.0
4450.0
4447.0
4450.0
4450.0
4451.0
4451.0
4452.0
4452.0
4455.0
4450.0
4467.0
4459.0
4455.0
4459.0
4470.0
4439.0
4450.0
4450.0
4455.0
4476.0
4400.0
4447.0
4410.0
4374.0
4369.0
4333.0
4448.0
4440.0
4437.0
4449.0
4443.0
4450.0
4439.0
4434.0
4425.0
4409.0
4409.0
4396.0
4404.0
4402.0
4400.0
4399.0
4400.0
4390.0
4400.0
4398.0
4400.0
4405.0
4405.0
4398.0
4400.0
4405.0
4398.0
4395.0
4395.0
4399.0
4484.0
4468.0
4479.0
4460.0
4450.0
4461.0
4500.0
4478.0
4469.0
4447.0
4416.0
4445.0
4437.0
4440.0
4445.0
4427.0
4425.0
4423.0
4440.0
4450.0
4466.0
4443.0
4445.0
4428.0
4460.0
4400.0
4236.0
4102.0
4228.0
4215.0
4196.0
4237.0
4175.0
4200.0
4203.0
4030.0
3971.08
3955.0
3923.78
3905.71
3939.95
3995.0
3994.97
4047.97
4031.12
4059.0
3925.81
3941.49
3935.0
3932.0
3900.0
3885.15
3929.97
3906.0
3896.0
3903.06
3888.0
3909.75
3918.0
3942.0
3921.0
3954.0
3956.0
3951.0
4032.0
4203.0
4300.0
4310.0
4312.0
4310.0
4343.0
4330.0
4300.0
4310.0
4320.0
4336.0
4310.0
4316.0
4523.0
4607.0
4547.0
4608.0
4700.0
4676.0
4652.0
4666.0
4747.0
4778.0
4693.0
4680.0
4628.0
4599.0
4631.0
4630.0
4629.0
4600.0
4450.0
4435.0
4362.0
4445.0
4438.0
4450.0
4520.0
4526.0
4545.0
4578.0
4543.0
4585.0
4597.0
4590.0
4620.0
4625.0
4667.0
4656.0
4785.0
4728.0
4784.0
4703.0
4740.0
4625.0
4605.0
4671.0
4689.0
4804.0
4816.0
4778.0
4830.0
4823.0
4823.0
4930.0
4943.0
4994.0
5182.0
5083.0
5060.0
5070.0
5070.0
5110.0
5046.0
5030.0
5010.0
5050.0
5055.0
5050.0
4912.0
4920.0
4868.0
4697.0
4815.0
4780.0
4714.0
4682.0
4668.0
4291.0
4520.0
4665.0
4690.0
4643.0
4592.0
4463.0
4428.0
4363.0
4394.0
4410.0
4405.0
4595.0
4466.0
4478.0
4469.0
4556.0
4411.0
4357.0
4328.0
4382.0
4487.0
4659.0
4520.0
4446.0
4527.0
4543.0
4568.0
4570.0
4500.0
4599.0
4547.0
4580.0
4535.0
4509.0
4542.0
4500.0
4351.0
4381.0
4322.0
4350.0
4386.0
4467.0
4490.0
4503.0
4497.0
4489.0
4569.0
4520.0
4499.0
4548.0
4646.0
4706.0
4760.0
4708.0
4703.0
4677.0
4745.0
4829.0
4930.0
4879.0
4838.0
4780.0
4708.0
4680.0
4575.0
4465.0
4447.0
4393.0
4330.0
4545.0
4461.0
4520.0
4387.0
4514.0
4475.0
4497.0
4359.0
3561.0
3650.0
3585.0
3599.0
3550.0
3541.0
3657.0
3718.0
3775.0
3790.0
3900.0
3906.0
3947.0
3920.0
3937.0
3946.0
3995.0
3850.0
3863.0
3955.0
3976.0
3940.0
3920.0
3868.0
3885.0
3737.0
3710.0
3688.0
3730.0
3739.0
3738.0
3712.0
3737.0
3728.0
3785.0
3755.0
3725.0
3750.0
3800.0
3940.0
3940.0
3911.0
3941.0
3785.0
3810.0
3830.0
3845.0
3903.0
3979.0
3870.0
3890.0
3943.0
3806.0
3873.0
3890.0
3894.0
3880.0
4108.0
4206.0
4170.0
4123.0
4131.0
4192.0
4186.0
4276.0
4220.0
4226.0
4179.0
4260.0
4200.0
4137.0
4189.0
4149.0
4077.0
4142.0
4292.0
4361.0
4437.0
4478.0
4416.0
4469.0
4355.0
4442.0
4359.0
4425.0
4480.0
4383.0
4450.0
4214.0
4165.0
4220.0
4146.0
4116.0
4055.0
4208.0
4190.0
4268.0
4255.0
4393.0
4398.0
4337.0
4241.0
4149.0
4373.0
4367.0
4350.0
4289.0
4361.0
4308.0
4336.0
4350.0
4299.0
4233.0
4145.0
4105.0
4110.0
4089.0
4075.0
4122.0
4060.0
4053.0
4048.0
4094.0
4128.0
4090.0
4145.0
4180.0
4170.0
4150.0
4152.0
4140.0
4110.0
4222.0
4240.0
4204.0
4316.0
4350.0
4314.0
4300.0
4213.0
4239.0
4165.0
4180.0
4137.0
4200.0
4099.0
4152.0
4148.5
4185.0
4214.0
4247.0
4260.0
4356.0
4330.0
4323.5
4400.0
4329.5
4295.0
4480.0
4450.0
4550.0
4689.0
4732.0
4752.0
4700.0
4688.5
4704.0
4827.5
4695.5
4715.0
4780.0
4775.0
4847.5
5024.5
4873.5
4878.0
4999.0
4991.5
5024.5
5053.0
5175.5
5167.0
5300.0
5300.0
5219.0
5200.0
5298.5
5392.0
5399.0
5299.5
5286.5
5134.5
5275.0
5414.0
5416.0
5372.5
5365.0
5339.5
5400.0
5370.0
5330.0
5398.0
5400.0
5359.0
5390.0
5371.5
5550.0
5548.0
5494.0
5521.5
5490.5
5526.5
5530.0
5475.5
5440.0
5300.0
5300.0
5213.5
5320.0
5344.5
5430.5
5445.0
5445.0
5370.0
5360.0
5373.0
5445.0
5450.0
5470.0
5350.5
5092.0
5139.5
5205.5
5200.0
5235.0
5325.0
5444.5
5468.0
5343.5
5460.5
5493.0
5342.0
5394.0
5393.5
5260.0
5434.0
5410.0
5416.5
5437.0
5421.5
5480.0
5320.0
5100.0
5096.0
5141.0
5092.0
4990.0
4930.0
4950.0
4835.0
4922.0
4950.0
4982.0
5000.0
5049.0
4905.0
4965.0
4957.0
5060.0
5052.5
5037.5
5040.0
5050.0
5055.0
5033.0
5019.0
4990.0
5001.0
5018.0
4950.0
4930.0
4844.5
4773.0
4833.0
4906.0
4972.0
4985.0
4985.5
4970.0
5053.0
5075.0
5170.5
5244.0
5269.5
5323.0
5326.0
5460.0
5485.0
5576.0
5580.0
5721.0
5600.0
5646.0
5560.0
5638.5
5805.5
5931.0
5931.0
5896.0
5836.0
5828.0
5695.0
5848.0
6029.0
6108.5
6200.0
6225.0
6209.0
6293.0
6225.0
6316.0
6300.0
6371.5
6385.0
6413.0
6472.0
6476.0
6400.0
6416.0
6490.0
6412.5
6467.5
6500.0
6460.0
6431.0
6510.0
6844.5
6791.5
6944.0
6897.5
7010.0
7090.0
7024.0
7194.0
7254.0
7130.0
7200.0
7314.0
7244.0
7236.0
7280.0
7485.0
7574.0
7510.0
7524.0
7665.0
7600.0
7618.5
7573.5
7400.0
7470.0
7383.0
7301.0
7440.0
7500.0
7457.5
7636.0
7734.0
7784.5
7731.0
7770.0
7640.0
7720.5
7778.5
7775.0
7561.5
7545.0
7549.0
7452.0
7477.5
7525.0
7515.0
7680.0
7575.5
7530.5
7260.0
7159.0
7111.0
7286.5
7210.0
7400.0
7213.0
7130.0
7160.0
7276.5
7259.0
7301.0
7297.0
7354.0
7469.0
7400.0
7377.0
7616.0
7415.0
7195.0
7185.0
7047.5
7137.0
7093.0
7084.0
7052.5
6983.5
7040.5
6832.0
6927.5
6792.0
6728.5
6822.0
6840.5
6891.0
6885.0
6996.0
6933.5
6894.0
6758.0
6792.0
6842.5
7142.5
7095.0
6987.0
7000.0
6941.0
6959.0
6855.0
6771.5
6868.0
6940.5
6976.5
7140.0
7145.0
7103.5
7286.0
7421.5
7468.0
7326.0
7220.0
7357.5
7391.0
7421.5
7379.0
7360.0
7385.0
7374.5
7380.0
7377.5
7448.5
7857.0
7775.0
7752.0
7819.5
7814.5
7698.0
7529.0
7481.0
7562.0
7765.5
7915.5
7895.5
7838.5
7968.5
8003.0
7922.0
8000.0
8111.0
8200.0
8507.5
8780.0
8644.5
8901.5
8464.0
8540.5
8591.0
8566.5
8628.0
8885.0
9381.5
9372.5
8970.0
8744.5
7954.0
8121.0
8383.5
8456.5
8495.5
8423.0
9520.5
9995.0
11047.5
10820.5
11172.5
10637.5
10038.0
10354.5
10394.5
10818.5
10970.0
11050.5
11260.5
11401.0
11525.0
12150.0
11472.5
11940.0
11685.0
11635.0
11794.5
12209.0
11951.0
12095.0
12081.0
11916.5
11935.5
12110.0
12023.0
11832.0
11920.5
11839.0
11973.0
11979.0
12295.0
12350.0
12306.0
12257.0
12110.0
12073.5
11925.0
11814.5
11975.0
11628.0
11262.5
11340.0
11673.0
11400.0
11142.0
10567.0
10688.5
10246.0
10149.0
10465.0
10589.5
10888.0
10520.0
10345.0
10742.0
10850.0
11067.5
11336.5
11583.5
11673.0
11738.5
11890.0
11970.0
11974.0
12220.0
12491.0
12707.0
12914.0
13280.0
13170.5
12852.0
12819.5
13270.0
13168.0
13225.0
13342.0
13484.5
13920.0
14498.0
15265.0
17248.0
16580.0
16650.0
16240.0
16949.0
16850.0
17380.5
18169.5
18592.0
18067.5
17753.0
16834.0
17301.5
17460.0
17419.0
18152.5
17948.0
17633.0
17830.0
17686.0
17966.0
17985.5
18344.5
18170.0
18366.0
18085.5
17868.0
17529.5
16951.0
17266.0
17431.0
17023.0
16735.0
16806.5
17067.0
16950.0
16943.0
17270.0
16947.0
16930.0
16460.0
16285.0
16309.5
16335.0
16335.5
16423.5
16658.0
16250.5
16352.0
16737.0
16962.5
16401.0
16566.0
16883.0
16981.5
16850.0
16655.0
17430.0
17318.5
17399.5
17268.5
17130.0
16800.5
16768.5
16527.0
16141.5
16499.0
15935.0
15601.0
15536.5
16319.0
16670.5
17195.0
17697.5
16615.0
16432.5
15880.0
16033.0
16295.5
16035.0
15790.5
15770.5
15490.0
15410.0
14785.0
14630.0
14570.0
15020.0
14640.0
14530.0
14859.0
14656.5
14503.0
14360.0
14740.0
15061.0
14580.0
14429.5
14212.5
14393.5
14899.5
14750.0
15286.0
15320.0
15650.0
15102.0
15191.5
15195.0
15183.0
15175.0
15229.0
15245.0
15948.0
15987.5
15792.5
15396.0
15489.0
15419.5
15426.0
15080.0
14840.0
14840.5
14690.5
15055.0
15059.5
14835.0
15048.0
15119.0
14860.0
14669.5
14305.5
14793.0
14893.0
14599.5
14454.0
14600.0
14550.5
14530.5
14404.5
14394.0
14390.0
14470.5
14400.0
14099.0
13772.5
13948.0
13988.0
13929.0
14091.0
14120.0
14027.0
14260.0
14505.0
14401.5
14064.0
14500.0
14513.0
14107.5
14231.0
14110.5
14089.5
14175.5
14264.0
14299.5
14301.5
14120.0
14147.0
13992.5
13917.0
13930.5
13838.5
13505.0
13926.0
13928.5
13944.0
13871.0
14361.5
14269.0
14267.0
14313.0
14488.0
14618.0
14610.0
14879.5
15004.0
15232.5
15349.0
15642.5
15671.5
15244.0
14989.0
14666.0
14572.0
14123.0
13959.5
14080.0
14280.0
14812.0
15070.5
15188.0
15220.5
14924.0
14888.5
14970.0
15339.0
15774.5
15700.0
15732.0
15698.5
15758.0
15849.5
16012.0
15997.0
15941.0
15850.5
16099.0
16103.5
16000.0
15583.0
15200.0
15197.0
15099.0
15025.0
14940.0
14786.0
14825.0
14650.5
14450.0
14514.5
14703.5
14752.5
14730.0
14401.0
14330.0
14355.0
13966.0
14241.0
14128.0
14277.5
14195.0
14205.5
14525.5
14549.0
14190.0
14182.5
14319.0
14275.0
14400.0
14056.0
14001.0
13845.5
13693.0
13891.0
13661.0
13724.0
13590.5
13775.0
14105.5
14000.0
13896.0
14030.0
14060.0
13940.5
13674.0
13558.5
13500.0
13400.5
13432.5
13492.5
13380.0
13561.0
13448.5
13577.5
13476.5
13728.5
13710.0
13565.5
13463.5
13529.0
13458.0
13259.5
13258.0
13311.0
13583.0
13518.0
13330.0
13283.0
13295.5
13162.0
12988.0
12905.0
12630.5
12425.0
12545.5
12880.0
12760.5
12735.5
12582.5
12340.5
12080.0
11882.0
11694.5
12048.0
11820.5
11932.0
12124.0
12159.5
12360.0
12381.0
12219.0
12711.0
13244.0
13688.0
13363.5
13453.5
13879.0
13850.0
14013.5
14261.0
14070.0
13662.0
14149.5
14090.0
13985.5
14150.0
14090.5
14066.5
14498.5
14858.0
14800.0
15117.0
15785.0
15972.0
15750.0
15776.5
15780.0
15804.5
15798.5
14904.0
14751.0
14280.5
14372.0
14194.5
13977.0
14170.0
13960.0
13776.0
13975.5
13738.0
13719.0
13555.0
13150.5
12943.0
12618.0
12393.5
12545.5
12850.0
13482.5
13232.0
13004.5
13026.0
12925.5
13010.0
13046.0
12960.5
12793.0
13087.0
12964.5
12996.0
12551.5
12315.0
12251.5
12381.0
12386.0
12233.0
11929.0
11607.0
11439.0
11949.5
11930.0
12310.0
12274.0
12109.0
11900.0
11797.5
11809.5
12230.0
12211.5
12320.0
12210.0
12118.5
12076.0
12050.0
12216.5
12302.0
12284.5
12799.0
12590.5
12910.5
13340.5
12894.0
12320.0
13014.0
9810.0
10633.0
12300.0
12200.0
11985.0
10982.5
12074.0
12727.0
12500.0
12950.5
13512.0
13450.0
13975.0
13636.0
14375.5
14392.5
14051.0
13365.0
13900.0
13700.0
13650.0
13848.0
13642.0
13400.0
12789.0
13005.0
13130.0
13262.0
13630.0
13498.0
13615.0
13485.0
13100.0
12757.0
12270.0
12335.0
12380.0
12351.0
12350.0
12000.0
11624.5
11461.0
11650.0
11666.0
11440.0
11800.0
11624.0
11567.0
11400.0
11145.0
11090.0
10849.0
10799.5
10680.0
10192.0
10300.0
10152.0
10245.0
10350.5
10228.0
9777.0
9609.5
9288.0
9431.5
9220.0
9101.0
9225.0
9004.0
