close
53.9
53.01
53.49
52.0
51.3
51.0
53.4
52.73
51.99
52.0
52.0
50.07
50.51
52.36
50.04
50.9
50.6
50.55
49.3
49.98
49.0
50.0
48.4
50.2
49.5
49.0
50.0
49.01
49.0
49.96
48.48
49.48
47.0
47.55
49.18
49.0
47.5
48.25
49.0
48.99
49.0
47.0
48.99
48.99
49.0
48.02
49.36
47.0
48.89
47.02
48.99
48.0
46.94
46.5
47.46
47.0
46.9
46.85
46.8
48.0
46.3
47.4
46.1
46.4
44.0
44.9
44.5
44.3
46.5
46.4
42.0
42.9
43.5
42.5
43.1
43.3
43.8
43.5
43.7
43.4
43.8
43.8
44.0
43.9
43.3
43.4
43.7
43.8
43.0
42.0
42.6
42.4
42.3
43.7
42.5
42.3
43.0
42.2
42.0
43.0
43.0
40.0
40.3
40.0
38.8
38.1
40.2
40.0
38.8
38.3
39.0
39.5
38.0
38.0
37.5
38.8
39.3
39.2
38.7
38.2
37.9
37.8
38.5
38.5
38.5
37.5
40.3
39.8
39.0
39.2
39.4
39.3
39.2
37.0
40.0
38.3
40.0
40.0
40.0
39.9
41.9
42.3
43.9
43.8
40.8
39.8
39.6
40.0
40.9
40.7
43.4
43.0
44.2
44.2
44.0
45.0
45.8
47.9
46.3
48.0
46.0
45.1
45.8
47.4
47.3
46.5
47.8
47.3
46.4
45.3
45.4
45.0
44.0
44.3
44.6
44.4
44.4
44.0
44.0
44.0
44.0
43.9
43.5
42.9
43.0
43.9
42.1
42.6
42.8
42.6
42.6
41.2
40.5
40.6
41.9
45.2
46.8
47.1
46.8
46.9
47.1
48.4
46.6
47.3
48.6
47.5
46.9
47.3
47.0
46.6
47.2
47.0
47.0
47.3
47.0
47.7
47.0
47.0
47.8
47.9
49.0
48.0
48.3
48.8
42.5
41.9
41.2
41.3
41.2
41.3
41.5
41.4
41.8
41.3
41.1
41.8
41.9
42.2
41.9
42.0
42.3
42.3
42.3
43.5
43.7
44.0
44.0
44.2
45.0
46.5
46.0
45.9
47.0
48.5
48.4
47.8
47.4
46.2
46.2
45.8
47.1
46.9
47.6
47.3
47.5
46.9
46.3
46.0
46.9
47.3
47.2
47.0
47.5
47.5
49.0
51.3
50.0
50.0
50.4
50.0
49.5
48.8
47.0
47.0
46.1
46.3
46.3
46.5
46.0
45.4
45.0
45.0
44.2
44.8
45.5
45.5
45.7
45.3
45.5
45.5
45.0
45.6
45.6
45.9
45.8
45.0
45.5
45.6
45.0
45.8
45.5
45.8
46.0
45.5
45.7
45.7
45.0
46.0
45.9
45.9
45.6
45.6
45.6
45.8
45.2
45.0
44.0
43.3
44.0
43.8
43.3
43.3
43.4
42.8
42.8
42.8
43.1
43.4
43.2
43.2
43.0
43.4
43.3
43.3
44.0
45.0
44.7
44.7
44.2
44.5
44.9
45.0
45.0
45.0
44.6
44.6
44.5
44.2
43.4
44.4
44.8
44.4
44.0
44.1
44.0
44.0
44.0
44.0
44.0
44.0
44.0
44.3
44.4
44.4
44.6
44.6
45.0
44.8
45.2
44.4
44.3
48.0
48.0
48.0
48.1
48.8
49.7
49.5
49.5
49.1
49.1
49.3
49.4
49.1
49.3
49.0
49.0
48.9
48.9
48.8
49.5
49.4
49.3
49.5
49.4
50.0
49.5
49.0
49.7
50.0
50.4
50.5
49.3
50.0
49.8
50.0
50.1
50.0
50.3
49.7
50.8
50.2
50.1
50.0
49.9
49.7
49.9
49.6
50.0
50.1
52.8
52.4
52.5
52.0
52.9
52.5
52.3
51.6
51.9
52.0
51.4
51.4
51.7
51.4
51.8
51.8
51.6
53.0
52.3
52.9
52.4
52.2
52.6
53.2
52.7
52.7
52.0
52.2
52.4
51.9
52.4
51.9
52.1
52.0
52.8
52.2
53.5
54.0
46.5
46.5
46.8
47.8
47.8
47.2
47.3
46.8
46.9
46.9
47.0
47.5
48.9
48.8
47.6
47.5
47.0
47.2
48.0
47.5
47.8
47.6
48.5
47.5
47.5
47.4
47.3
48.3
48.5
48.5
47.9
48.9
49.0
49.0
48.7
48.6
47.6
48.4
48.2
48.5
48.5
48.2
47.4
48.0
47.7
49.5
49.5
49.2
48.7
49.0
49.0
48.6
50.0
49.0
49.4
49.1
48.0
48.8
48.3
48.3
48.3
48.5
48.3
48.3
48.0
48.4
48.2
48.4
48.4
49.0
48.1
47.9
48.0
48.6
48.6
48.3
48.2
48.8
49.1
53.0
52.7
55.2
55.7
54.5
54.1
54.1
55.0
54.1
54.4
54.1
54.6
52.9
55.0
54.7
53.0
54.3
54.8
56.1
57.8
56.7
57.9
56.2
56.0
56.0
57.1
56.1
57.2
56.5
56.7
56.0
56.3
56.5
56.5
57.3
57.0
57.0
57.6
57.2
57.6
57.6
57.0
57.6
57.6
55.7
55.7
56.0
54.5
55.0
54.4
55.8
57.5
58.0
57.0
57.9
57.9
56.5
56.9
58.0
57.7
57.3
58.0
57.6
58.1
58.9
59.2
58.4
59.0
58.9
58.1
59.3
59.4
60.0
60.0
61.8
63.3
61.9
61.7
63.1
60.3
62.9
63.1
61.1
60.7
61.9
62.0
63.0
63.5
62.5
62.5
60.5
61.0
61.0
60.5
61.0
62.7
62.0
60.3
61.0
61.9
62.3
63.7
62.3
62.0
61.5
61.4
61.1
62.1
61.0
61.2
62.1
62.0
62.7
60.9
61.7
62.0
62.3
62.7
61.2
61.0
60.7
61.0
60.3
62.5
62.0
62.9
64.2
66.0
66.0
65.5
66.0
67.0
65.7
66.0
66.5
66.3
67.0
67.5
67.8
68.0
68.4
68.0
68.4
68.2
68.3
68.3
68.0
67.3
68.0
68.1
68.1
68.1
67.9
68.1
69.0
61.0
61.5
59.9
57.7
57.8
56.0
57.5
57.0
56.8
57.3
57.0
57.2
58.0
57.4
57.4
57.5
57.5
58.0
55.7
54.5
53.5
54.4
54.7
55.6
55.0
55.5
55.4
55.5
55.5
55.5
55.5
55.5
55.5
55.3
55.4
55.1
55.2
55.2
55.8
55.4
55.5
56.3
57.5
55.5
55.6
59.2
60.0
63.0
63.6
63.7
63.0
62.5
63.8
63.5
64.1
64.0
63.2
63.7
62.3
63.8
63.4
63.5
63.2
64.0
63.4
63.0
63.3
64.2
64.2
63.6
64.3
63.8
64.4
64.1
63.1
63.9
64.0
64.0
63.9
63.9
64.4
64.6
64.8
65.0
65.0
65.9
66.0
68.0
68.9
67.9
68.2
68.5
68.8
68.2
69.3
68.9
69.2
69.2
69.8
69.8
69.3
69.9
70.1
69.8
69.9
69.9
70.0
72.9
74.5
76.8
80.8
82.0
82.2
83.6
82.8
82.9
82.0
82.2
81.8
83.4
82.4
81.3
81.0
81.0
81.3
81.9
80.9
80.7
81.4
80.8
80.7
80.0
80.7
80.0
80.0
79.6
79.7
80.0
79.5
79.1
79.4
81.2
78.6
79.0
80.0
81.3
80.8
80.2
81.1
80.7
83.5
83.4
83.1
83.1
83.8
83.4
82.5
82.3
82.2
83.4
83.0
83.3
83.9
83.4
82.8
82.7
82.5
81.8
82.4
80.9
80.5
80.9
80.8
81.4
81.2
81.1
80.3
80.2
81.3
81.2
81.9
81.1
81.0
81.2
79.5
80.2
82.9
81.2
83.7
82.6
81.7
83.7
81.5
84.0
83.2
80.6
82.0
82.0
81.4
81.6
81.7
80.0
80.0
80.0
82.0
81.6
83.4
83.2
82.0
82.0
82.7
79.5
79.0
79.1
79.5
79.8
80.1
80.0
80.2
79.6
79.4
79.4
79.6
79.5
79.2
79.3
80.2
80.9
81.8
80.5
81.0
81.7
81.1
82.0
81.1
83.3
82.0
82.4
82.5
82.1
83.1
83.5
84.0
83.6
84.5
86.3
76.1
75.4
75.3
74.8
74.9
74.3
73.8
75.6
74.7
75.8
76.5
76.5
76.8
77.9
76.1
76.8
77.0
77.1
75.9
75.5
74.5
74.7
74.9
75.2
75.5
74.9
75.1
75.2
75.8
75.9
75.8
75.5
75.4
75.7
75.6
74.0
74.8
74.0
75.0
74.1
75.0
75.4
75.0
75.4
74.4
74.8
74.7
74.5
74.2
74.1
73.8
73.5
71.1
75.9
75.8
74.6
74.9
74.1
75.5
75.6
74.8
74.9
74.4
74.8
75.0
74.7
74.3
74.8
75.0
74.2
74.7
74.8
74.7
74.1
74.0
72.9
73.3
74.0
73.8
74.4
74.4
74.6
75.0
75.1
75.1
75.1
74.6
74.9
74.8
75.3
74.9
75.7
75.8
75.2
75.0
75.5
75.2
74.6
74.5
74.9
75.0
75.0
74.7
74.5
74.6
74.4
74.5
74.2
74.0
74.0
74.3
74.8
73.7
73.4
73.4
74.1
75.0
75.1
74.0
72.3
73.5
73.5
73.3
73.3
73.6
73.3
73.1
72.7
71.8
72.5
72.4
73.3
72.9
72.6
75.0
74.4
73.7
74.3
74.4
74.7
74.8
74.3
73.4
73.3
73.3
73.0
72.7
72.8
72.3
72.7
72.5
72.9
72.4
72.7
72.5
72.8
73.0
73.4
73.8
73.3
73.6
74.9
74.9
74.8
74.1
74.8
74.8
74.7
75.0
75.2
75.7
75.6
75.0
75.2
74.2
75.4
75.2
75.2
74.6
75.2
75.4
75.4
75.6
75.0
75.0
75.2
75.2
75.2
75.0
75.0
76.0
77.0
77.0
77.0
76.8
77.2
78.0
77.8
77.2
77.0
77.4
77.0
77.4
77.2
86.0
85.6
83.8
83.6
83.0
85.4
84.8
85.2
83.6
84.0
83.0
83.0
83.2
83.4
83.2
83.2
85.2
86.8
87.0
86.4
89.0
88.6
90.0
89.6
87.2
87.6
88.4
89.4
89.8
89.6
89.4
90.2
91.4
92.6
93.6
94.0
94.6
95.4
92.0
94.0
94.0
93.0
93.8
94.8
95.0
95.0
95.4
97.2
99.2
98.0
98.2
99.8
85.8
83.4
82.0
84.0
83.4
81.8
82.2
82.4
83.2
83.0
82.6
83.2
85.0
85.6
85.6
85.8
85.8
86.2
87.2
88.0
89.8
87.6
87.6
87.8
87.8
86.8
87.2
89.0
89.0
88.0
88.0
87.6
88.0
88.6
88.8
88.2
87.6
87.4
87.8
88.2
88.4
88.2
88.0
88.0
87.6
87.0
87.0
87.6
87.2
87.6
87.0
86.6
86.4
84.4
84.4
84.2
85.0
84.8
85.2
84.0
84.8
84.4
84.0
85.0
85.0
85.2
85.0
85.4
85.4
85.2
85.8
86.0
86.2
85.8
86.0
86.0
85.6
85.8
85.8
86.0
86.2
86.0
85.6
85.6
85.6
85.8
85.8
85.6
85.0
85.8
85.4
86.0
86.0
85.4
84.8
85.0
84.8
85.6
84.4
85.2
85.2
85.2
86.0
86.0
85.6
85.4
85.6
86.8
86.0
86.6
88.0
87.6
88.6
88.4
88.0
87.6
87.8
87.2
88.6
87.6
87.6
88.0
87.6
87.6
87.8
87.6
88.2
88.0
87.0
88.0
88.4
87.6
87.4
87.6
88.0
88.2
88.4
88.2
88.4
88.6
88.4
89.2
89.0
89.0
89.2
89.2
90.0
90.0
89.6
91.6
94.2
94.6
97.0
95.8
95.8
98.8
98.0
98.0
98.0
103.8
106.6
104.6
101.8
101.8
101.4
99.2
99.4
101.0
102.4
101.8
101.8
103.2
104.2
102.8
103.6
103.8
106.4
106.0
104.6
105.2
106.8
109.6
110.0
123.6
129.4
127.0
126.4
118.4
113.8
120.0
123.0
129.4
129.2
126.0
120.6
123.2
114.2
119.0
117.0
118.0
115.6
116.8
121.4
119.0
117.8
119.0
120.0
119.0
120.4
121.4
122.8
121.2
121.4
127.0
127.4
129.4
131.6
135.6
138.0
138.8
132.0
134.0
134.4
134.4
130.4
131.8
132.4
130.2
129.6
128.6
130.2
130.2
131.8
132.4
127.2
129.4
128.4
131.8
131.8
132.0
131.8
135.2
135.8
138.2
139.2
142.0
158.0
160.0
157.4
159.8
158.2
159.4
161.6
163.0
160.0
160.2
159.4
158.4
157.6
153.0
156.0
147.0
142.0
137.0
137.0
134.6
134.0
132.0
130.8
128.2
130.2
131.6
131.6
129.6
130.0
130.0
130.0
128.2
127.8
127.6
128.8
130.8
130.0
128.8
129.2
129.2
130.4
129.0
129.8
129.6
130.2
129.8
131.0
131.0
130.8
130.8
130.2
131.6
131.6
132.2
133.2
139.0
135.8
135.0
134.4
133.4
131.8
132.4
133.0
130.6
131.0
130.6
131.0
131.0
130.0
130.2
131.0
130.4
130.8
129.8
130.4
130.4
131.0
131.6
132.4
132.6
131.0
131.4
130.2
130.6
130.2
130.0
130.6
131.0
130.0
130.8
130.6
130.4
130.4
130.4
130.8
130.2
130.0
130.0
130.0
130.0
129.8
129.2
128.6
129.0
128.8
129.8
129.8
129.8
129.6
127.4
126.8
126.8
126.2
127.4
129.0
129.8
130.0
129.4
130.4
130.0
130.6
130.2
130.4
130.4
131.4
130.2
130.2
130.0
131.0
131.0
130.8
130.6
130.8
131.2
131.2
130.6
131.0
130.8
130.8
130.4
130.8
130.4
130.6
130.4
130.2
130.6
130.6
131.0
131.0
131.2
131.8
131.2
134.6
135.2
138.0
138.0
138.8
138.6
153.0
152.0
153.0
151.8
150.2
151.2
150.4
148.2
147.0
146.0
149.2
151.6
148.0
147.0
146.0
149.2
149.2
150.2
148.6
150.2
150.6
149.8
150.0
150.0
149.8
150.6
150.2
149.8
149.6
150.6
150.4
151.0
149.6
149.6
149.0
148.6
149.4
148.0
147.6
148.0
148.8
149.0
149.4
149.8
150.2
149.6
149.2
150.0
148.8
149.2
148.0
147.6
147.4
146.0
146.4
146.0
147.8
148.0
150.0
149.0
148.4
148.6
150.0
150.0
148.2
149.8
150.2
149.4
149.8
148.6
148.4
149.0
148.6
149.6
149.0
150.4
149.4
149.4
148.4
149.6
149.4
149.6
149.6
149.4
150.0
151.0
153.8
158.0
175.8
167.8
166.2
168.6
168.4
172.8
171.8
172.2
170.8
172.4
174.8
176.4
178.0
178.0
179.0
180.4
181.4
184.6
185.0
188.8
183.8
185.8
189.8
186.4
186.4
189.0
181.0
160.0
158.2
156.2
155.8
151.8
153.4
151.8
153.0
151.6
149.0
149.0
148.8
149.6
148.0
148.0
150.4
150.8
149.0
148.8
150.2
149.8
151.2
149.2
149.8
150.4
151.0
152.0
153.0
151.0
151.2
150.2
150.6
150.6
151.0
151.0
150.8
151.2
151.8
151.8
152.4
152.6
151.8
152.0
152.8
152.8
152.4
152.0
155.0
154.2
157.6
157.0
157.2
158.0
157.0
157.6
156.0
154.6
155.6
154.2
155.0
155.4
154.0
154.8
153.2
153.8
154.2
154.4
154.2
153.0
152.0
151.8
152.0
151.8
152.8
151.0
150.0
159.4
157.8
157.0
158.4
161.8
160.0
159.2
156.4
156.8
158.0
158.4
156.0
156.2
154.6
154.0
154.2
154.0
154.8
154.8
154.8
154.8
154.6
154.2
153.8
154.4
153.8
153.8
153.0
152.6
152.6
152.0
149.4
151.0
151.0
151.6
149.0
149.2
150.0
146.8
146.8
147.4
143.4
145.6
144.6
145.2
143.6
141.0
142.6
141.0
145.0
145.6
145.0
145.2
149.6
145.8
147.4
145.2
146.0
145.0
145.4
149.0
148.0
147.8
145.8
145.0
147.4
148.0
149.6
146.8
146.4
139.8
145.6
147.8
145.4
135.4
133.8
136.2
135.0
134.2
137.4
135.2
135.0
133.2
134.0
133.0
132.4
132.6
132.6
134.0
136.0
136.4
135.4
134.0
129.2
125.2
125.8
109.6
123.8
111.6
119.2
127.2
128.0
127.0
126.0
126.8
125.0
122.8
124.2
122.4
121.8
119.8
119.8
144.4
142.0
139.6
140.4
145.0
143.6
143.0
144.0
142.6
142.6
145.0
158.0
166.6
165.8
166.0
164.4
168.0
168.4
171.8
162.0
140.6
133.0
124.8
119.8
121.4
121.2
120.0
121.6
119.6
120.6
117.6
112.8
125.6
120.0
118.2
116.8
116.0
117.8
117.8
119.4
120.2
120.4
118.2
119.2
119.0
118.2
121.6
119.6
119.0
117.6
