close
53.48
52.0
50.5
51.5
52.0
51.44
52.0
52.0
51.05
51.78
52.05
51.3
51.49
50.54
50.51
50.48
50.49
50.43
48.87
50.0
49.04
49.0
49.2
47.4
48.99
48.29
49.0
48.99
48.9
48.69
47.81
47.82
47.39
49.42
48.77
48.88
48.12
48.03
47.26
48.48
47.75
47.5
46.3
46.0
47.0
45.6
44.9
45.5
42.4
43.1
43.0
42.7
43.4
42.9
43.9
45.5
43.8
42.0
45.7
43.5
43.3
43.0
43.3
43.1
41.7
39.7
41.1
39.7
39.0
39.0
35.4
39.8
39.7
40.4
38.9
38.6
38.6
38.5
39.4
38.8
38.5
39.8
41.0
41.0
39.0
38.8
37.8
41.4
41.4
43.0
42.1
42.9
40.0
40.0
39.4
40.0
40.0
40.0
39.0
41.2
44.8
44.9
43.2
44.3
45.0
47.8
43.0
47.5
45.7
44.5
44.5
46.7
44.6
47.9
45.9
45.5
44.5
45.3
45.4
44.1
44.0
43.5
43.5
43.0
42.2
43.0
42.2
42.9
41.9
41.5
41.0
40.0
42.5
44.7
45.9
47.2
47.1
47.3
47.5
48.3
48.4
46.9
47.0
46.8
47.8
49.2
48.0
49.4
50.0
48.0
47.0
50.0
50.4
48.6
48.8
49.6
44.0
44.0
42.5
42.6
43.0
42.1
43.0
42.6
43.0
42.0
43.5
41.4
41.4
41.5
42.7
42.8
42.8
43.0
46.4
45.8
44.5
44.4
45.9
46.1
51.0
52.0
51.3
50.1
48.0
48.0
49.8
49.2
47.7
49.3
48.4
48.4
49.0
47.6
50.0
48.1
49.0
49.8
49.6
49.5
51.0
51.8
53.0
51.9
51.5
52.1
49.1
48.1
47.7
46.4
46.6
46.3
46.5
46.8
45.0
46.1
46.2
46.1
45.3
46.6
48.3
46.2
46.1
48.4
46.1
46.9
48.0
48.1
47.7
47.2
45.4
44.5
44.8
45.8
45.0
45.7
44.8
44.8
44.5
45.4
44.7
45.5
45.6
43.6
45.3
45.6
45.8
45.9
47.0
47.2
48.1
46.8
47.3
47.6
47.4
46.8
45.2
46.0
46.0
44.6
44.5
44.0
45.3
45.6
46.7
46.1
45.1
46.2
46.2
46.4
45.5
46.4
46.1
45.9
48.8
48.8
49.5
48.8
49.6
48.8
49.9
50.0
50.3
50.0
49.7
49.0
49.7
50.0
49.5
49.9
49.9
50.0
50.2
50.2
50.7
50.7
49.6
50.9
51.0
51.0
51.5
49.2
50.5
50.9
50.5
50.5
52.5
52.7
53.5
53.0
52.0
53.1
53.4
52.0
52.0
51.8
52.9
53.0
54.4
54.2
52.2
53.9
52.7
52.7
53.3
52.0
53.5
52.0
52.0
52.0
52.0
52.3
53.0
54.0
46.8
46.6
47.5
48.6
47.5
47.5
46.2
46.3
48.0
49.3
49.1
49.0
49.5
47.7
49.0
48.5
48.5
49.6
49.4
48.8
48.0
48.7
48.8
48.0
48.8
48.8
48.8
49.9
48.8
49.2
48.4
49.2
49.1
49.5
47.8
48.1
49.0
48.8
48.0
47.5
48.9
49.0
52.3
51.5
49.5
50.4
50.4
50.0
50.0
50.4
50.8
50.1
49.0
49.5
49.0
48.8
49.3
50.0
49.4
51.0
50.3
50.1
49.6
50.4
49.3
49.0
49.2
50.0
49.9
50.4
51.1
56.1
54.5
55.6
55.3
57.3
55.7
55.6
55.7
55.1
54.5
55.1
56.8
55.0
56.2
53.5
56.9
57.0
57.0
56.8
58.0
57.9
56.4
55.4
56.0
58.0
58.9
56.8
56.5
56.1
56.9
57.3
57.3
58.0
58.3
58.1
57.3
57.6
57.4
57.0
56.5
56.8
57.2
56.4
55.9
55.8
57.1
56.0
57.0
58.9
58.6
57.1
56.6
57.7
58.0
57.0
59.1
58.3
58.1
59.0
60.0
58.0
59.2
58.9
57.8
59.5
59.1
60.0
60.7
61.0
63.5
61.8
63.8
63.6
63.3
63.4
63.9
61.3
61.6
63.4
61.7
63.7
64.1
62.0
61.9
62.0
61.9
61.0
61.9
60.9
61.8
62.8
60.9
61.4
63.4
62.3
63.3
63.0
64.0
64.3
63.0
63.5
62.4
64.4
64.4
62.3
62.4
63.5
63.0
61.6
61.2
61.2
60.2
61.8
61.5
63.5
65.8
65.0
65.9
65.6
66.1
66.4
66.7
66.5
66.8
67.5
69.4
69.5
69.3
68.1
68.7
68.3
69.3
69.4
69.5
68.0
69.2
68.1
68.2
68.9
68.7
68.5
68.2
61.6
61.4
59.5
57.0
56.7
56.8
57.5
57.3
56.0
56.9
57.7
57.4
57.5
58.0
57.7
56.1
54.4
54.3
53.4
54.6
55.8
55.2
55.9
55.0
55.0
55.5
56.2
56.5
56.5
56.4
55.4
55.4
55.1
56.7
55.4
56.2
56.3
57.4
57.4
56.1
60.5
60.5
62.7
62.1
61.5
63.2
63.9
63.5
64.0
62.7
63.9
64.0
64.0
63.3
63.5
64.0
64.0
63.4
64.0
64.0
64.1
63.7
63.9
64.0
64.0
64.0
64.0
64.8
65.2
64.8
66.0
65.6
67.3
68.2
68.8
67.5
68.4
68.5
68.8
68.0
68.9
67.8
68.5
69.3
69.0
70.6
70.0
69.5
69.6
69.0
72.9
73.1
74.9
78.2
81.0
82.7
82.7
84.0
84.0
84.4
84.4
84.1
84.3
84.0
82.9
83.5
82.9
83.2
81.5
81.9
83.5
81.6
80.9
81.1
80.3
80.3
80.1
80.0
79.9
79.9
80.0
78.6
79.8
79.7
79.0
79.8
81.0
81.5
80.7
83.1
81.2
81.9
82.3
82.4
82.3
82.3
82.5
82.0
82.7
82.5
83.2
82.8
83.5
82.6
82.4
82.8
81.9
81.9
81.4
80.0
81.0
80.7
80.1
81.5
81.9
80.4
81.5
82.1
80.0
80.8
81.1
80.0
79.0
81.0
81.7
81.9
81.8
82.1
82.9
82.7
82.5
81.8
81.5
82.6
82.3
80.5
79.9
80.9
81.0
83.8
83.6
82.8
82.5
81.9
79.9
80.4
80.8
80.0
80.2
80.7
80.3
80.6
80.4
81.0
80.0
80.5
79.5
80.0
80.3
81.0
81.0
80.9
81.0
81.8
81.8
81.9
81.5
81.9
83.5
82.4
82.0
82.4
82.0
82.6
83.5
83.9
83.9
84.0
86.0
76.8
75.0
74.7
74.0
74.8
74.0
73.0
75.0
74.4
75.0
76.5
75.0
76.2
76.2
76.0
76.4
76.0
76.0
75.1
75.2
74.7
74.5
75.0
75.2
75.4
74.1
75.2
74.9
74.9
75.0
73.2
74.7
74.4
74.5
74.9
74.3
74.5
74.3
76.0
75.1
74.2
74.5
74.4
75.0
73.3
74.4
75.0
74.9
73.2
73.8
74.7
73.4
73.8
76.1
76.6
75.4
75.0
74.1
75.0
75.0
74.1
74.5
74.4
73.6
73.5
74.9
74.4
74.5
74.5
74.2
74.3
74.5
74.1
74.3
73.7
73.0
72.8
73.3
74.0
74.0
74.0
74.5
74.9
74.9
74.0
74.9
74.0
75.0
74.4
74.3
73.6
75.0
74.9
74.9
74.9
74.9
74.0
74.0
75.5
75.1
74.1
73.8
75.2
74.1
73.9
74.0
74.4
74.4
75.0
74.5
74.4
73.6
74.2
74.2
74.4
75.0
75.2
74.6
72.8
74.6
74.2
72.8
74.6
74.0
73.6
73.4
73.0
72.6
72.8
72.8
73.0
72.4
72.4
75.4
74.8
74.0
74.4
75.0
74.0
74.0
74.0
73.8
74.8
73.8
73.8
73.8
73.8
73.0
73.6
74.4
72.2
72.6
73.4
73.4
73.4
72.6
74.4
74.2
74.4
74.6
74.2
75.6
74.8
74.0
75.2
74.6
75.2
76.6
76.2
75.6
75.6
75.2
75.6
75.0
75.2
75.4
74.8
75.0
75.4
76.4
77.6
75.0
74.8
75.0
76.2
75.8
76.4
75.6
76.0
76.0
76.4
77.0
77.0
77.6
78.0
78.4
78.0
78.0
77.0
77.6
77.6
77.2
78.2
87.2
86.0
83.6
83.2
82.2
84.6
84.8
84.8
84.2
83.4
82.8
83.4
83.4
84.0
83.2
84.6
85.6
87.8
87.8
88.0
89.4
89.0
88.8
89.8
89.4
88.8
88.8
90.0
90.4
90.0
91.2
90.6
93.5
93.6
93.8
94.6
96.1
98.9
94.2
94.5
95.9
97.0
95.8
97.3
99.9
102.0
100.1
101.2
103.6
104.6
106.6
104.8
91.0
85.1
82.4
84.5
82.6
82.7
82.8
83.6
85.5
85.4
86.5
86.6
86.9
87.1
88.4
86.5
87.2
87.9
87.4
92.1
91.1
89.0
87.2
88.0
87.4
87.2
86.5
89.0
87.9
88.3
88.1
88.3
87.5
88.1
88.4
88.5
88.9
89.0
89.7
89.5
88.9
88.6
90.2
91.5
90.1
89.4
89.8
89.7
88.8
88.1
89.1
88.4
87.9
86.3
85.6
86.1
86.1
85.3
86.4
86.7
85.9
85.8
85.5
85.3
85.7
85.5
86.3
85.8
85.5
85.6
86.9
86.8
86.6
87.3
86.7
86.7
86.5
86.4
87.0
88.0
88.9
87.6
86.0
86.7
86.6
86.1
87.0
86.9
85.9
86.5
85.7
86.4
86.5
85.8
86.1
85.5
85.6
85.6
86.8
86.8
86.0
86.6
86.6
86.6
85.8
86.0
86.5
87.8
86.1
86.7
88.3
88.5
88.4
89.2
89.1
89.0
89.2
87.7
88.4
87.6
88.7
88.9
88.3
87.7
88.0
87.7
88.0
88.1
87.8
87.5
87.7
88.4
89.1
88.7
88.8
88.5
89.1
88.9
89.0
89.2
89.4
90.1
90.3
89.4
90.6
91.0
91.5
92.0
92.6
94.6
95.8
94.4
97.2
97.4
98.1
103.1
104.0
104.0
103.3
107.0
106.0
109.3
103.1
103.8
104.5
102.0
103.5
104.7
107.4
107.6
105.8
109.4
107.0
107.4
107.8
107.0
108.2
108.2
107.5
107.5
109.3
111.4
111.9
143.5
133.5
128.1
129.0
120.0
115.0
121.8
122.6
128.8
129.4
126.8
124.3
122.8
113.3
119.1
120.0
119.2
114.8
115.0
123.4
121.7
121.6
120.9
120.0
120.3
121.3
121.9
122.9
121.1
121.7
128.0
130.9
131.1
135.3
134.0
144.6
140.5
134.0
135.1
136.3
138.5
131.3
133.4
133.0
132.0
131.7
130.5
130.9
131.5
131.7
133.0
129.0
129.5
131.4
131.9
132.6
131.9
133.0
136.7
137.0
138.7
140.2
141.3
159.9
161.6
158.5
164.1
162.1
162.0
164.7
164.8
163.1
161.9
159.7
160.5
157.0
153.0
156.5
147.3
143.1
138.6
141.6
139.1
139.0
133.4
131.5
128.9
129.4
131.4
131.4
129.2
129.8
131.3
129.5
129.1
128.7
128.1
129.7
133.2
132.1
130.3
131.2
131.4
130.6
130.0
129.2
130.0
129.5
129.9
131.0
131.0
131.1
130.1
131.9
132.3
133.8
134.9
134.6
140.2
138.5
137.8
138.1
138.4
133.4
135.2
134.9
134.6
133.4
133.0
132.3
132.0
131.4
130.8
132.5
130.7
132.0
131.2
131.4
132.4
132.3
132.5
132.2
132.6
133.0
133.5
133.9
132.1
131.0
130.9
131.5
133.0
134.9
132.6
132.3
132.0
132.6
133.6
133.0
132.0
131.3
130.8
131.0
130.0
130.1
130.0
130.6
130.8
131.0
130.8
131.4
130.3
129.5
129.2
129.0
128.1
128.5
128.8
130.5
130.6
131.3
131.6
132.9
133.4
133.2
132.7
133.1
133.6
132.6
132.1
132.7
131.6
132.6
132.5
132.7
131.5
133.9
134.3
134.7
134.0
132.9
132.2
133.1
133.3
133.0
132.8
132.1
134.0
132.9
134.2
132.1
132.4
131.9
133.1
133.3
136.2
141.9
145.0
144.6
143.9
142.8
143.0
153.1
152.1
153.0
151.9
151.5
152.1
151.2
151.4
148.1
148.7
150.3
150.3
150.0
149.2
148.6
147.0
149.4
148.8
149.8
150.8
150.1
148.8
150.7
148.7
150.1
151.4
150.7
151.7
150.4
151.7
150.2
151.7
150.6
151.5
150.0
151.9
152.0
148.2
147.8
147.5
148.4
149.7
150.4
149.4
150.0
149.8
149.5
149.2
149.3
148.8
149.0
148.5
148.5
146.0
146.6
147.9
148.2
149.3
149.8
149.5
150.0
154.3
151.7
151.6
151.4
150.9
152.3
151.2
152.5
152.6
150.0
151.2
150.7
150.1
152.3
150.7
149.2
149.1
149.9
149.8
150.5
151.3
150.6
150.6
150.3
151.5
152.9
155.4
179.2
172.1
172.2
173.5
172.5
172.6
172.7
172.7
172.3
172.3
177.2
178.3
181.5
182.7
182.5
184.6
188.5
190.0
193.4
198.3
201.8
218.3
210.0
208.0
201.7
207.4
197.0
177.9
177.0
180.0
183.8
177.0
172.2
170.0
164.0
170.3
165.0
167.6
165.7
164.3
166.3
166.7
167.3
165.1
161.3
154.3
153.0
155.6
155.0
154.6
154.0
151.0
150.7
151.0
151.7
151.3
154.0
157.2
159.4
158.2
158.5
159.4
158.9
158.2
157.3
154.6
153.9
154.5
154.6
153.9
153.2
154.3
155.6
155.2
161.1
159.5
156.3
157.2
157.9
159.4
160.2
159.0
157.2
157.0
156.4
157.3
156.6
157.0
156.7
156.1
155.1
155.1
155.6
157.6
157.0
156.3
156.5
156.0
152.8
154.2
154.3
154.0
153.5
189.9
179.7
170.4
169.5
182.2
179.3
169.0
169.7
171.7
169.8
166.7
165.7
167.0
168.2
168.5
166.6
166.5
165.0
168.9
165.0
162.5
163.2
162.9
161.2
158.5
158.6
159.4
160.9
158.4
157.7
157.8
156.0
159.6
160.9
160.0
159.5
158.2
161.0
159.3
158.8
158.0
154.4
158.9
156.1
165.0
162.8
156.3
154.5
155.5
157.9
159.4
158.9
158.0
159.8
158.2
158.0
154.9
154.8
153.7
155.0
155.9
156.4
154.6
152.9
152.3
154.0
154.6
154.6
153.7
152.6
149.0
149.9
152.0
152.2
142.5
140.3
141.7
134.2
136.8
137.3
134.9
133.7
133.0
131.8
130.7
130.1
130.3
130.3
130.8
130.5
130.0
130.5
130.0
128.5
121.9
126.0
98.2
119.8
101.7
114.0
119.5
122.3
123.8
127.2
124.5
123.4
125.4
123.1
120.0
119.7
120.3
118.1
147.0
139.3
141.9
141.4
141.9
141.8
141.8
142.7
142.7
143.4
148.6
170.0
168.5
165.6
173.6
169.0
166.7
170.1
170.0
158.5
138.2
130.9
123.9
118.2
119.3
119.0
119.2
119.9
116.6
116.3
115.9
114.7
121.2
117.1
114.5
114.7
113.4
113.4
114.1
116.8
115.6
117.8
118.4
118.1
116.4
116.5
117.4
117.1
116.5
114.7
