close
39.81
38.5
38.67
38.8
38.9
38.77
39.3
38.5
39.0
40.1
40.41
41.0
40.68
40.4
41.71
41.25
41.25
42.0
42.1
41.25
41.35
40.41
40.52
40.5
40.0
39.42
38.63
39.5
39.35
39.33
40.34
39.76
39.97
39.45
39.07
39.31
39.15
39.18
39.31
38.2
38.0
37.96
36.55
37.77
37.18
37.25
37.57
37.96
37.86
38.1
38.36
37.85
37.55
37.76
37.0
35.6
36.29
36.27
37.15
37.12
37.0
37.0
37.09
36.99
35.7
37.0
37.0
37.41
37.0
37.13
37.75
37.6
37.75
37.66
36.06
36.17
35.89
35.91
36.0
36.0
36.5
36.6
36.5
35.9
36.0
35.9
36.0
36.0
36.0
35.0
35.0
35.1
36.0
35.5
34.9
34.7
34.4
33.9
35.4
36.0
36.0
36.4
36.8
36.6
37.0
37.2
37.2
38.1
37.7
38.1
37.4
38.0
38.0
38.0
37.9
37.9
37.9
38.0
38.1
38.0
38.0
38.0
37.5
36.6
38.0
37.6
38.2
38.2
38.1
38.3
37.5
37.5
37.6
37.7
39.4
39.9
39.3
37.8
39.0
39.5
38.7
39.1
39.9
39.4
40.4
40.0
41.4
42.3
41.2
40.2
41.1
41.0
40.5
41.0
42.3
40.5
39.8
40.4
40.3
40.5
40.7
40.6
40.7
40.0
39.9
40.0
40.5
40.2
43.0
43.0
44.4
42.1
42.5
42.0
40.9
41.4
40.8
40.3
41.0
40.7
40.6
39.9
40.3
40.3
39.7
39.8
39.8
40.7
42.7
42.4
42.8
41.7
40.9
40.0
40.0
40.3
40.0
40.0
40.0
40.0
39.6
40.3
40.6
40.9
41.0
40.4
40.4
40.0
40.0
39.8
39.5
39.5
39.8
38.8
38.7
41.2
40.8
41.5
41.1
41.0
40.9
40.3
40.3
40.9
40.3
40.2
40.1
39.9
40.6
41.0
41.0
40.2
40.5
40.1
40.5
40.3
40.3
40.0
40.1
40.3
39.8
40.1
40.0
40.0
39.6
40.1
40.0
39.7
40.4
40.4
40.1
40.1
40.1
39.9
40.6
40.3
40.3
40.1
40.5
40.2
40.1
40.1
40.0
40.2
40.0
40.0
40.2
40.2
40.3
40.2
40.2
40.2
40.2
40.2
40.2
40.7
40.8
42.3
41.0
41.4
41.0
41.0
40.3
41.7
40.5
40.4
41.0
40.2
40.8
41.4
42.9
42.5
41.9
42.9
42.7
43.5
44.0
44.4
44.9
44.1
45.4
46.0
48.3
48.4
48.8
48.6
47.2
48.0
48.3
48.6
48.9
47.5
48.0
48.0
49.7
49.3
49.8
49.0
49.3
48.8
48.6
48.5
48.1
49.0
48.8
48.9
48.9
46.9
46.5
47.0
46.9
46.5
47.5
46.7
46.8
47.2
46.0
47.1
46.5
46.4
46.1
47.9
47.3
48.1
49.0
49.0
49.4
50.8
52.0
52.5
53.0
51.8
49.5
49.6
50.0
50.0
49.5
50.4
52.0
52.6
54.0
54.8
54.9
55.2
53.9
54.5
54.3
54.0
53.4
54.0
53.8
54.0
54.6
54.3
53.8
54.1
54.7
54.1
54.0
54.0
54.0
55.8
57.1
57.8
59.4
60.5
60.0
60.1
60.0
60.3
61.1
60.5
61.9
64.6
62.0
61.6
62.6
63.5
63.8
62.9
62.9
62.1
62.5
62.1
62.7
63.1
65.0
69.5
70.0
70.4
68.8
69.4
69.0
68.8
69.6
70.0
70.5
69.0
69.2
69.5
69.7
69.4
68.8
68.5
69.7
69.0
69.1
68.8
67.4
64.0
66.5
64.9
64.5
64.6
64.5
63.8
65.3
66.8
66.7
66.0
67.0
67.9
69.0
68.3
68.7
68.5
68.5
69.0
69.0
68.9
68.9
68.6
68.0
68.7
68.0
67.1
68.3
67.4
69.0
69.0
69.1
72.0
73.5
74.5
74.5
74.2
74.1
89.0
95.1
93.5
93.6
93.3
92.6
92.1
92.1
91.9
90.0
90.7
90.7
90.8
91.5
92.5
95.0
97.0
97.0
96.3
96.4
95.8
96.4
96.7
96.9
97.1
97.4
97.2
97.2
97.3
97.1
96.9
96.3
96.1
96.4
97.0
96.8
96.4
96.0
96.0
96.4
98.0
84.9
85.2
83.4
82.8
79.9
77.7
82.0
81.8
83.6
85.6
84.8
85.1
84.8
83.8
83.2
84.1
84.7
84.3
84.7
84.4
81.7
81.9
82.9
83.0
83.1
83.3
85.0
84.0
83.9
84.1
87.0
88.9
91.8
93.2
92.1
93.2
93.6
92.5
92.4
92.0
90.5
90.9
90.2
90.6
88.5
86.1
86.6
88.1
86.0
87.5
87.5
86.1
85.6
86.3
87.0
88.0
88.3
88.0
88.3
90.1
89.1
90.4
92.0
92.1
92.0
90.8
91.0
89.2
90.7
90.6
91.7
91.1
90.5
88.8
88.1
90.3
91.0
91.3
90.5
91.3
91.6
91.3
92.3
92.3
93.8
92.6
91.2
96.9
100.1
98.7
98.8
98.5
99.3
101.2
102.4
102.1
101.1
101.6
100.8
100.5
100.0
99.5
99.4
98.9
98.0
98.0
97.8
98.0
99.1
99.0
99.6
100.8
100.6
101.2
102.3
104.9
103.9
102.8
105.0
98.6
99.4
98.9
97.8
97.9
98.5
98.5
98.6
97.3
98.0
98.4
98.5
98.3
98.5
99.2
99.4
100.0
100.8
102.1
102.4
103.8
107.0
116.8
116.0
116.7
118.0
115.0
115.3
115.7
116.3
113.6
114.5
113.9
113.9
114.4
114.8
114.9
114.9
115.9
115.0
115.0
114.9
113.0
114.3
114.1
114.0
114.0
113.8
113.3
112.8
112.2
112.4
111.0
107.1
107.9
108.2
109.0
109.6
108.0
108.0
107.2
103.4
103.5
102.0
104.4
105.0
104.5
106.4
105.4
103.0
102.9
102.5
103.3
101.9
101.5
102.4
103.1
103.2
102.8
106.3
108.1
107.6
107.0
108.1
108.1
107.5
107.2
106.3
107.3
107.8
103.0
99.4
100.0
101.7
100.6
100.5
101.0
101.4
104.0
103.9
103.5
104.0
106.2
106.0
104.7
102.5
100.0
101.0
101.2
104.0
102.1
103.5
104.2
104.0
101.7
102.5
103.0
102.7
102.0
101.2
100.6
100.0
100.8
100.5
100.0
100.1
100.2
98.0
98.2
97.9
96.7
95.3
96.0
97.4
97.0
97.0
97.0
97.1
97.0
96.4
97.1
96.9
97.2
97.8
97.9
99.6
99.7
99.9
100.3
100.1
99.8
100.5
102.1
101.4
99.9
99.8
100.0
98.7
99.9
100.9
101.5
100.7
101.8
100.9
101.7
102.0
103.3
102.5
101.0
102.0
101.5
101.5
102.7
102.5
102.0
102.2
102.4
102.2
103.7
103.9
103.5
103.7
103.6
105.3
104.0
106.0
107.0
108.0
108.5
109.0
108.0
108.7
108.2
108.0
107.4
107.3
106.2
106.7
107.0
108.0
108.0
109.5
108.9
110.0
112.3
112.1
113.1
114.1
112.6
112.4
112.5
112.7
112.1
112.1
111.5
111.5
112.2
111.0
109.5
110.8
110.9
110.2
111.1
110.9
111.7
111.3
111.0
110.9
110.7
111.0
111.0
110.8
111.4
111.3
111.7
113.4
115.6
115.5
117.5
117.8
118.9
117.7
118.0
117.6
116.2
116.6
115.5
116.4
116.7
115.7
115.9
116.6
109.8
109.1
107.6
106.8
106.9
108.1
109.8
110.7
109.9
109.6
108.6
107.4
106.5
108.8
109.7
109.7
110.0
109.8
112.0
112.7
113.4
114.0
113.0
113.2
113.0
113.7
112.8
113.0
113.5
112.7
113.0
114.1
112.9
113.7
115.4
113.0
113.0
113.0
111.5
109.3
110.1
109.1
107.9
108.2
109.1
109.9
110.3
110.0
109.6
107.6
106.9
106.8
107.0
108.9
107.1
107.2
107.6
109.1
107.8
107.3
107.8
107.0
106.6
106.0
105.6
104.6
103.2
102.9
103.8
102.6
103.2
100.6
100.9
97.9
100.0
100.4
100.2
99.8
99.6
100.2
100.2
98.0
97.0
94.0
96.9
97.1
98.6
99.5
100.5
100.1
98.4
98.9
98.9
98.7
99.0
99.4
95.4
94.4
94.2
94.0
94.1
95.2
94.8
95.2
95.1
94.1
95.1
94.2
94.4
92.0
92.6
89.6
87.5
88.0
86.4
87.9
87.3
87.8
86.6
87.1
87.0
87.4
88.0
87.8
87.5
87.5
87.5
87.6
86.7
87.2
87.1
84.8
83.3
83.2
83.1
82.9
81.4
82.0
80.7
81.8
81.7
80.5
81.2
81.7
79.6
81.3
82.5
84.5
85.3
84.8
85.4
85.0
83.9
83.8
83.0
84.0
84.9
84.7
84.0
84.3
84.9
84.1
84.3
84.0
84.0
83.8
83.6
82.9
83.0
82.7
82.7
82.7
82.5
81.3
81.6
81.9
81.8
81.6
82.0
81.5
82.0
80.0
79.6
79.7
79.5
80.0
79.7
79.9
79.7
77.5
77.0
77.0
77.0
77.0
77.4
77.3
77.8
77.4
77.7
79.5
80.5
80.5
81.6
79.7
80.4
79.0
77.6
79.6
79.2
77.6
78.0
78.7
78.6
77.0
76.8
77.2
78.4
78.5
78.9
78.5
78.5
78.9
78.8
77.2
78.1
78.9
78.7
79.1
79.6
78.7
79.0
79.6
78.4
79.0
79.8
79.4
79.9
79.6
78.6
79.2
78.2
78.0
78.9
78.6
78.4
79.0
79.0
79.1
79.0
79.0
79.3
79.1
79.5
79.5
79.7
80.0
79.8
79.3
80.1
80.0
79.9
80.0
80.0
79.5
78.9
76.9
76.9
78.3
77.5
78.0
78.4
79.5
79.2
80.6
80.4
80.3
79.8
81.2
82.4
82.7
82.6
82.6
82.3
82.5
82.6
83.3
84.0
84.0
85.4
86.4
87.3
87.0
86.0
85.8
85.1
84.6
85.8
86.7
85.4
87.1
86.2
87.0
86.3
87.2
87.8
87.8
87.1
87.0
83.1
84.0
84.8
85.0
85.8
85.4
85.0
85.5
85.2
85.2
85.0
85.8
85.3
85.0
85.5
85.6
85.1
86.8
87.8
87.9
87.9
88.0
90.2
90.8
91.1
88.3
89.0
89.4
89.4
90.3
90.2
90.6
91.4
91.1
91.3
91.8
90.5
91.2
91.1
92.6
91.9
90.9
87.1
86.9
87.0
86.1
90.0
89.7
87.7
87.3
87.9
87.4
90.6
90.4
88.9
90.6
90.5
89.8
90.2
89.4
90.4
91.7
92.3
92.7
91.4
93.1
92.9
92.2
92.9
92.6
92.1
92.1
92.1
92.6
92.5
94.4
95.3
96.0
95.7
94.6
93.8
93.3
94.1
93.5
93.1
92.5
92.1
93.0
93.3
93.8
93.0
93.1
94.3
93.0
94.1
94.3
94.1
93.5
93.8
93.5
94.0
94.1
93.8
93.6
93.6
94.0
93.2
93.1
93.0
93.4
93.1
93.5
93.1
92.7
92.8
92.7
91.4
91.7
92.3
92.2
91.9
92.0
91.7
92.3
93.0
93.0
92.6
92.6
92.5
93.0
93.0
92.5
93.0
93.0
92.7
93.1
93.0
93.3
93.2
91.7
93.1
93.0
93.2
91.9
92.8
91.8
92.1
92.5
92.2
91.9
92.1
91.9
91.1
91.6
92.3
92.1
91.4
92.1
92.1
92.3
92.2
93.0
92.3
93.1
92.7
92.9
92.9
92.9
92.9
92.0
92.3
91.6
93.5
93.4
93.0
92.8
92.4
93.5
94.5
94.0
93.2
93.7
93.3
93.4
93.6
93.1
93.2
93.1
92.1
93.0
93.0
92.8
93.0
92.0
93.1
93.0
93.2
93.5
93.2
93.4
94.9
95.5
97.2
99.0
99.6
100.2
99.4
99.4
99.0
99.7
97.5
97.2
99.2
100.3
101.0
101.2
101.9
102.0
102.5
97.1
98.0
97.9
97.9
97.9
98.2
98.1
98.0
97.9
98.1
98.1
98.4
98.1
98.9
98.6
98.5
98.8
99.1
98.6
98.8
99.1
99.2
98.9
98.9
98.8
98.8
99.0
99.4
99.1
99.1
99.4
99.1
98.9
98.8
98.8
99.0
99.1
99.1
99.0
99.0
99.3
98.6
99.0
98.9
99.0
97.0
95.6
95.5
94.0
95.0
95.9
95.2
95.2
98.8
98.7
98.6
97.8
97.7
98.0
97.9
97.6
97.6
97.9
97.8
97.3
96.9
98.8
97.1
98.6
98.4
98.5
98.4
98.6
98.6
98.1
98.3
98.2
97.8
98.5
97.7
98.4
98.8
98.0
98.5
98.2
98.1
98.5
98.1
98.3
98.2
98.0
97.9
98.0
98.4
98.3
98.6
98.5
99.0
99.2
99.3
99.0
98.6
99.6
99.6
99.1
99.2
99.0
99.6
99.6
99.6
99.5
99.5
99.6
99.0
99.6
99.7
99.5
99.1
99.6
99.3
99.4
99.3
99.6
99.5
99.6
