close
1574.1
1600.0
1529.8
1530.0
1500.0
1444.9
1395.0
1380.0
1382.5
1345.0
1359.9
1380.0
1377.0
1386.6
1370.0
1375.2
1393.9
1375.0
1439.4
1430.0
1380.0
1364.6
1383.0
1404.4
1431.2
1510.0
1523.0
1531.2
1439.8
1399.9
1370.0
1382.0
1383.0
1330.0
1315.0
1348.4
1381.9
1360.0
1310.0
1348.7
1390.5
1399.9
1420.0
1323.9
1335.0
1320.0
1338.0
1308.4
1345.1
1385.0
1420.0
1422.5
1422.4
1399.9
1407.5
1430.0
1454.5
1445.0
1449.6
1440.0
1410.0
1437.4
1375.0
1405.1
1465.7
1375.0
1389.9
1400.0
1379.5
1343.7
1396.0
1343.0
1399.0
1320.0
1285.0
1264.0
1237.2
1364.9
1250.5
1251.6
1260.9
1255.0
1340.0
1225.0
1220.0
1215.0
1200.0
1170.0
1140.0
1105.0
1150.0
1140.0
1160.0
1230.0
1200.0
1240.0
1260.0
1275.0
1125.0
1200.0
1235.0
1235.0
1260.0
1350.0
1380.0
1400.0
1425.0
1400.0
1340.0
1475.0
1375.0
1400.0
1395.0
1405.0
1350.0
1370.0
1365.0
1345.0
1330.0
1320.0
1315.0
1355.0
1390.0
1395.0
1415.0
1410.0
1395.0
1350.0
1310.0
1275.0
1400.0
1405.0
1410.0
1350.0
1365.0
1225.0
1200.0
1200.0
1155.0
1140.0
1110.0
1200.0
1155.0
1235.0
1135.0
1220.0
1230.0
1310.0
1360.0
1355.0
1375.0
1420.0
1430.0
1430.0
1440.0
1435.0
1425.0
1415.0
1400.0
1420.0
1415.0
1355.0
1375.0
1395.0
1330.0
1295.0
1320.0
1365.0
1430.0
1490.0
1450.0
1505.0
1560.0
1600.0
1565.0
1585.0
1575.0
1540.0
1475.0
1425.0
1435.0
1435.0
1420.0
1440.0
1445.0
1370.0
1360.0
1415.0
1365.0
1400.0
1345.0
1285.0
1315.0
1285.0
1280.0
1260.0
1255.0
1255.0
1325.0
1375.0
1350.0
1330.0
1375.0
1400.0
1420.0
1405.0
1360.0
1440.0
1390.0
1430.0
1385.0
1395.0
1400.0
1340.0
1360.0
1355.0
1385.0
1335.0
1350.0
1340.0
1380.0
1390.0
1395.0
1390.0
1380.0
1375.0
1380.0
1390.0
1400.0
1450.0
1420.0
1465.0
1645.0
1705.0
1695.0
1705.0
1680.0
1600.0
1605.0
1605.0
1560.0
1570.0
1590.0
1575.0
1615.0
1630.0
1635.0
1605.0
1620.0
1605.0
1650.0
1605.0
1600.0
1540.0
1500.0
1550.0
1560.0
1560.0
1590.0
1605.0
1555.0
1555.0
1640.0
1585.0
1575.0
1495.0
1585.0
1490.0
1545.0
1550.0
1505.0
1575.0
1525.0
1515.0
1605.0
1605.0
1665.0
1670.0
1625.0
1600.0
1660.0
1735.0
1730.0
1680.0
1850.0
1800.0
1895.0
1750.0
1830.0
1880.0
1835.0
1795.0
1735.0
1835.0
1895.0
1795.0
1680.0
1650.0
1615.0
1665.0
1625.0
1665.0
1700.0
1735.0
1640.0
1450.0
1465.0
1480.0
1500.0
1500.0
1400.0
1325.0
1325.0
1315.0
1305.0
1335.0
1335.0
1315.0
1220.0
1115.0
1075.0
1015.0
1030.0
995.0
1025.0
1065.0
1025.0
1060.0
1140.0
1180.0
1180.0
1165.0
1165.0
1140.0
1175.0
1195.0
1255.0
1215.0
1260.0
1230.0
1235.0
1195.0
1200.0
1195.0
1195.0
1200.0
1115.0
1110.0
1135.0
1110.0
1070.0
1075.0
1070.0
1125.0
1150.0
1185.0
1155.0
1170.0
1240.0
1290.0
1265.0
1255.0
1280.0
1260.0
1285.0
1275.0
1240.0
1250.0
1265.0
1320.0
1285.0
1275.0
1240.0
1210.0
1250.0
1275.0
1245.0
1200.0
1250.0
1260.0
1350.0
1265.0
1275.0
1275.0
1290.0
1275.0
1275.0
1290.0
1305.0
1320.0
1280.0
1300.0
1295.0
1250.0
1245.0
1260.0
1265.0
1190.0
1205.0
1235.0
1130.0
1150.0
1150.0
1105.0
1045.0
1055.0
1025.0
1020.0
1025.0
1000.0
1015.0
1110.0
1055.0
1020.0
1020.0
1015.0
1005.0
995.0
985.0
985.0
980.0
965.0
915.0
935.0
885.0
865.0
860.0
840.0
860.0
870.0
825.0
830.0
845.0
865.0
845.0
835.0
855.0
865.0
865.0
935.0
905.0
930.0
975.0
980.0
985.0
990.0
985.0
965.0
950.0
945.0
965.0
955.0
955.0
955.0
955.0
950.0
940.0
960.0
1035.0
1075.0
1075.0
1065.0
1060.0
1050.0
1030.0
1040.0
1040.0
1040.0
1020.0
925.0
845.0
805.0
740.0
732.0
719.0
709.0
718.0
722.0
729.0
726.0
718.0
750.0
790.0
807.0
806.0
795.0
813.0
820.0
833.0
833.0
823.0
816.0
840.0
825.0
860.0
899.0
883.0
909.0
932.0
884.0
887.0
861.0
892.0
874.0
876.0
892.0
875.0
826.0
806.0
836.0
869.0
852.0
835.0
850.0
804.0
808.0
810.0
823.0
829.0
833.0
814.0
809.0
785.0
770.0
775.0
783.0
779.0
792.0
793.0
793.0
802.0
807.0
800.0
800.0
798.0
785.0
793.0
799.0
805.0
813.0
798.0
795.0
782.0
802.0
844.0
870.0
862.0
855.0
867.0
895.0
912.0
921.0
904.0
932.0
939.0
935.0
970.0
987.0
980.0
979.0
973.0
950.0
977.0
973.0
970.0
975.0
1009.0
1005.0
1010.0
995.0
993.0
1018.0
1017.0
1003.0
991.0
989.0
952.0
937.0
931.0
930.0
928.0
907.0
872.0
859.0
881.0
899.0
922.0
945.0
926.0
931.0
907.0
868.0
843.0
849.0
860.0
837.0
824.0
825.0
829.0
816.0
810.0
810.0
824.0
803.0
831.0
833.0
844.0
840.0
838.0
827.0
836.0
844.0
854.0
865.0
880.0
880.0
870.0
870.0
894.0
878.0
829.0
828.0
811.0
806.0
801.0
799.0
791.0
780.0
783.0
789.0
782.0
776.0
781.0
785.0
778.0
778.0
778.0
782.0
770.0
774.0
782.0
780.0
782.0
784.0
779.0
775.0
776.0
768.0
753.0
724.0
730.0
741.0
741.0
716.0
714.0
711.0
713.0
712.0
736.0
781.0
799.0
793.0
821.0
820.0
810.0
800.0
800.0
822.0
815.0
819.0
841.0
849.0
842.0
855.0
860.0
875.0
885.0
895.0
907.0
844.0
822.0
819.0
822.0
832.0
836.0
839.0
861.0
881.0
918.0
909.0
935.0
972.0
965.0
940.0
971.0
974.0
939.0
970.0
958.0
926.0
950.0
946.0
927.0
956.0
951.0
958.0
962.0
970.0
947.0
975.0
976.0
962.0
955.0
942.0
938.0
941.0
959.0
994.0
986.0
996.0
1000.0
1023.0
1047.0
1090.0
1093.0
1120.0
1159.0
1122.0
1149.0
1131.0
1129.0
1102.0
1115.0
1220.0
1250.0
1265.0
1230.0
1294.0
1266.0
1291.0
1301.0
1316.0
1357.0
1297.0
1325.0
1303.0
1310.0
1301.0
1327.0
1315.0
1365.0
1370.0
1410.0
1429.0
1443.0
1440.0
1450.0
1462.0
1445.0
1439.0
1436.0
1420.0
1452.0
1425.0
1446.0
1495.0
1492.0
1470.0
1439.0
1441.0
1400.0
1399.0
1433.0
1385.0
1360.0
1350.0
1265.0
1223.0
1201.0
1193.0
1223.0
1220.0
1165.0
1146.0
1076.0
1089.0
1150.0
1136.0
1112.0
1151.0
1190.0
1204.0
1193.0
1134.0
1085.0
1086.0
1080.0
1059.0
1043.0
1048.0
1038.0
1045.0
1040.0
1040.0
970.0
976.0
950.0
933.0
974.0
944.0
959.0
920.0
936.0
963.0
1000.0
1035.0
1040.0
1046.0
1020.0
991.0
1008.0
1039.0
1031.0
1007.0
1035.0
990.0
960.0
946.0
957.0
970.0
946.0
946.0
938.0
948.0
952.0
976.0
990.0
1005.0
1013.0
999.0
999.0
978.0
985.0
970.0
974.0
981.0
980.0
992.0
987.0
989.0
990.0
991.0
1011.0
999.0
990.0
998.0
995.0
991.0
989.0
966.0
1002.0
998.0
1016.0
1005.0
997.0
976.0
935.0
945.0
945.0
941.0
938.0
931.0
916.0
873.0
816.0
818.0
818.0
838.0
839.0
846.0
841.0
827.0
829.0
847.0
845.0
870.0
848.0
889.0
840.0
841.0
828.0
818.0
843.0
910.0
980.0
982.0
969.0
917.0
948.0
952.0
949.0
943.0
930.0
956.0
1007.0
1010.0
1030.0
1043.0
1012.0
959.0
975.0
955.0
939.0
955.0
925.0
905.0
894.0
881.0
887.0
903.0
871.0
876.0
903.0
921.0
940.0
926.0
946.0
958.0
970.0
946.0
934.0
950.0
940.0
935.0
914.0
943.0
950.0
954.0
985.0
1032.0
1055.0
1007.0
1042.0
1048.0
1042.0
1045.0
1073.0
1049.0
1030.0
1003.0
1018.0
1021.0
1082.0
1093.0
1048.0
1071.0
1065.0
1145.0
1091.0
1030.0
1073.0
1020.0
1025.0
1015.0
982.0
1017.0
1040.0
1050.0
1029.0
1030.0
1044.0
1049.0
1088.0
1086.0
1091.0
1143.0
1127.0
1106.0
1149.0
1145.0
1150.0
1157.0
1140.0
1121.0
1084.0
1095.0
1111.0
1142.0
1135.0
1157.0
1131.0
1114.0
1084.0
1090.0
1057.0
1040.0
1030.0
1043.0
1079.0
1093.0
1071.0
1050.0
1035.0
1050.0
1036.0
1049.0
1055.0
1051.0
1042.0
1035.0
1013.0
999.0
979.0
974.0
969.0
943.0
939.0
974.0
1014.0
1028.0
1015.0
1043.0
1048.0
1031.0
1030.0
1008.0
1022.0
1019.0
1031.0
1007.0
1015.0
1015.0
1005.0
1019.0
1026.0
1028.0
1027.0
1008.0
987.0
999.0
993.0
991.0
1014.0
1002.0
1007.0
1000.0
1020.0
1010.0
1026.0
1018.0
1013.0
881.0
924.0
958.0
942.0
930.0
928.0
911.0
919.0
916.0
956.0
955.0
959.0
963.0
958.0
961.0
979.0
969.0
976.0
943.0
910.0
890.0
875.0
888.0
861.0
874.0
872.0
873.0
874.0
886.0
861.0
847.0
862.0
850.0
853.0
860.0
868.0
843.0
832.0
801.0
795.0
812.0
803.0
807.0
800.0
799.0
795.0
830.0
827.0
838.0
835.0
836.0
840.0
855.0
847.0
849.0
878.5
889.5
868.0
869.0
869.0
869.5
860.5
863.0
952.0
935.5
937.5
921.5
920.0
950.5
954.0
949.0
990.0
991.5
973.5
980.0
997.0
1003.5
1000.0
975.5
960.0
978.5
960.0
974.0
973.0
980.0
974.5
975.0
963.5
981.5
969.5
943.5
897.0
889.0
915.0
945.0
942.0
943.0
948.0
950.0
967.5
958.0
968.5
955.0
950.5
962.5
982.5
969.5
957.5
959.5
972.0
988.0
990.0
996.0
1027.5
1018.5
1026.0
1029.0
1059.0
1069.5
1054.5
1052.0
1036.5
1040.0
1053.0
1058.5
1005.0
981.0
988.0
967.5
936.5
957.5
955.5
936.5
926.5
939.5
921.0
902.0
943.0
918.5
914.5
911.5
904.5
909.0
903.0
905.5
921.0
933.0
932.0
939.0
935.0
925.0
931.0
923.0
944.5
966.5
930.0
942.5
946.0
952.0
948.5
936.0
932.5
931.5
918.0
909.5
903.0
905.5
929.0
940.0
931.0
909.0
918.0
912.5
914.0
909.0
906.5
905.0
896.0
900.0
900.5
902.0
900.0
899.0
897.0
877.5
860.5
860.5
899.5
965.5
1003.0
1047.0
1076.5
1095.0
1057.5
1061.0
1046.0
1066.5
1079.0
1100.5
1082.0
1099.0
1119.5
1125.0
1131.0
1138.5
1200.0
1221.5
1224.5
1225.0
1200.0
1215.0
1250.0
1264.0
1270.5
1270.5
1250.0
1254.5
1270.0
1250.5
1244.0
1231.5
1250.5
1261.5
1268.0
1293.0
1268.0
1290.0
1273.5
1267.0
1265.5
1253.0
1230.5
1250.5
1239.0
1231.0
1255.0
1274.0
1319.5
1400.0
1359.0
1344.5
1388.0
1420.0
1344.5
1300.0
1271.5
1293.0
1318.0
1296.0
1243.0
1242.0
1242.5
1239.0
1241.5
1541.5
1464.0
1509.5
1501.0
1571.5
1563.0
1578.5
1592.0
1604.0
1650.0
1607.5
1644.0
1643.0
1641.0
1618.5
1541.0
1515.0
1503.0
1503.5
1470.0
1445.0
1454.5
1437.0
1470.0
1506.5
1512.5
1459.0
1432.0
1456.0
1435.0
1400.0
1405.5
1343.0
1347.0
1387.5
1436.0
1436.5
1413.5
1407.5
1309.0
1309.0
1254.0
1198.5
1150.5
1169.5
1154.0
1149.0
1149.0
1160.0
1147.0
1159.5
1175.5
1204.0
1239.0
1253.0
1195.5
1199.5
1195.0
1192.5
1209.5
1210.0
1220.0
1210.0
1248.5
1256.0
1300.0
1243.5
1214.5
1221.0
1259.0
1290.0
1294.0
1277.0
1270.0
1258.0
1257.5
1269.0
1268.0
1276.0
1297.5
1287.0
1283.0
1275.0
1320.0
1339.5
1318.0
1255.0
1202.5
1221.5
1195.0
1182.0
1175.0
1195.0
1196.0
1185.0
1186.5
1174.5
1156.0
1181.0
1184.0
1234.0
1230.0
1206.0
1214.0
1230.0
1234.0
1223.0
1234.0
1234.0
1235.0
1178.0
1183.5
1205.0
1193.0
1189.0
1176.0
1192.5
1200.0
1212.0
1215.0
1236.5
1233.0
1245.0
1267.5
1296.5
1289.0
1305.0
1317.0
1334.5
1310.0
1217.5
1220.5
1198.5
1172.5
1175.0
1186.5
1189.0
1201.0
1195.5
1105.5
1096.5
953.0
974.0
864.5
871.5
847.0
809.0
812.5
799.5
804.0
797.5
798.5
812.0
877.5
881.0
838.0
830.0
823.0
842.5
874.0
874.5
875.0
883.5
878.5
935.0
905.5
902.5
905.0
900.5
883.0
897.0
915.0
891.0
902.5
901.0
918.0
925.5
921.5
935.5
932.0
910.0
930.5
962.5
915.0
878.0
889.5
940.0
1007.0
999.5
994.0
996.5
1001.0
1019.5
1003.0
996.0
981.0
974.5
991.5
996.0
995.0
1005.0
1025.0
1042.5
1024.0
999.0
983.5
1005.5
1029.0
1106.0
1212.0
1186.0
1199.0
1225.0
1220.0
1219.5
1229.5
1253.0
1273.5
1339.5
1320.0
1254.0
1277.5
1283.5
1304.0
1272.0
1302.5
1313.0
1320.5
1340.0
1205.0
1338.0
1326.0
1305.0
1311.0
1330.5
1370.0
1387.5
1437.0
1435.0
1434.5
1447.5
1459.0
1494.5
1501.0
1455.0
1435.0
1472.0
1449.0
1438.5
1449.0
1414.5
1420.0
1409.5
1393.0
1393.0
1371.0
1352.5
1337.5
1331.5
1300.0
1275.5
1229.5
1219.5
1247.0
1226.5
1206.5
1218.0
1192.5
1191.5
1230.0
1241.5
1275.0
1240.0
1231.0
1245.0
1289.0
1292.0
1349.5
1370.0
1377.0
1345.0
1346.5
1355.5
1351.5
1350.5
1340.5
1347.5
1310.5
1324.0
1322.5
1305.0
1274.0
1265.5
1236.0
1220.0
1213.0
1206.0
1203.0
1169.0
1158.5
1162.0
1217.5
1169.0
1191.0
1186.0
1220.5
1222.0
1238.0
1225.0
1232.0
1237.0
1242.0
1282.5
1275.0
1274.0
1160.5
1157.0
1122.0
1100.0
1117.0
1148.0
1131.0
1111.0
1115.5
1106.0
1088.5
1079.5
1064.0
1051.5
1015.0
800.0
821.0
806.0
784.5
772.0
756.0
746.5
749.0
782.0
779.0
778.5
784.0
759.5
760.0
762.0
766.0
779.0
771.5
778.0
771.5
767.5
776.0
780.0
761.5
773.0
774.5
775.0
771.0
776.0
770.5
768.0
757.0
753.5
740.5
752.5
764.5
778.5
782.5
776.5
815.5
857.5
851.0
868.0
876.5
887.5
874.5
862.0
836.0
848.5
844.5
826.5
809.0
806.5
806.0
816.0
820.0
807.0
786.5
801.0
807.0
809.0
808.0
818.0
825.0
814.5
811.5
803.0
805.0
805.5
799.5
788.5
773.0
771.0
784.0
795.0
802.5
809.5
806.0
807.0
812.5
817.5
827.0
822.5
834.5
832.5
821.0
814.0
825.0
824.0
808.0
814.0
811.0
813.0
803.0
801.5
802.0
805.0
796.0
780.0
788.0
790.0
791.0
775.5
779.0
777.5
775.0
788.5
810.0
807.0
807.5
811.5
815.0
825.0
816.5
827.0
817.0
801.0
803.0
800.5
803.5
793.5
795.0
794.0
804.5
809.0
807.0
803.0
800.0
799.0
797.0
792.0
786.5
777.5
775.5
777.5
781.0
781.0
775.0
776.5
785.0
781.5
779.5
777.5
774.5
773.5
761.0
761.5
763.0
760.5
784.0
778.0
772.0
741.5
746.5
771.0
773.0
769.0
760.0
747.5
753.0
750.0
746.5
743.0
734.0
734.0
719.0
725.0
724.5
725.0
722.5
723.5
722.0
714.5
715.0
721.0
682.0
671.5
704.5
712.5
673.5
661.5
679.5
693.5
700.0
686.5
674.0
660.0
645.0
633.5
630.5
627.5
619.5
624.0
629.5
622.0
609.0
599.0
587.5
595.0
607.5
617.0
623.0
629.0
620.0
608.5
612.5
617.0
605.0
612.0
618.0
622.0
629.5
639.0
632.5
631.0
646.0
659.0
666.0
683.0
684.0
663.5
652.0
651.0
644.5
641.5
631.0
621.0
645.0
637.0
643.0
636.5
636.0
632.0
640.0
636.0
639.0
645.0
649.5
638.5
615.0
610.5
584.0
642.5
639.5
644.0
626.0
632.5
629.5
634.5
630.5
587.5
595.0
613.5
611.5
608.0
594.5
575.5
566.0
573.0
573.0
565.5
552.0
564.0
560.0
563.5
556.5
558.0
574.5
586.0
609.0
615.0
615.0
607.0
610.5
598.0
608.5
621.0
610.0
605.0
595.0
586.0
573.0
560.0
560.0
557.5
565.0
549.5
547.0
559.0
575.0
578.5
569.0
548.0
549.0
551.5
559.5
585.0
564.0
557.0
559.5
574.0
583.0
564.0
559.0
451.0
536.5
380.0
392.5
469.5
485.0
492.0
478.5
458.5
438.5
442.0
432.5
430.0
414.5
412.5
396.5
387.0
376.5
358.0
359.5
355.5
352.5
320.5
318.5
344.5
333.5
334.5
318.5
312.5
325.5
319.5
305.5
308.0
317.5
317.0
326.0
360.0
431.0
453.5
414.5
414.0
387.0
405.0
415.0
403.0
387.5
403.0
387.0
375.0
363.0
372.5
354.0
335.5
304.5
302.0
312.0
307.0
308.5
304.0
301.0
300.0
305.0
305.5
307.5
304.5
298.5
