close
20.98
20.93
20.83
20.41
20.15
20.45
20.3
20.1
19.93
20.16
19.7
19.65
19.7
19.62
19.4
19.0
19.02
19.8
20.13
19.78
19.45
19.1
18.93
19.03
19.3
19.2
18.92
19.91
18.63
18.74
18.35
18.96
18.44
17.87
18.03
18.24
18.04
17.88
17.93
17.65
17.22
16.98
17.73
18.2
18.2
18.52
18.55
18.6
18.49
18.64
19.07
19.08
18.84
19.18
18.87
18.83
18.45
18.32
18.15
18.3
18.93
18.85
19.0
18.85
19.01
18.89
18.34
18.52
18.36
18.56
18.1
18.24
18.25
18.12
17.9
17.33
17.4
17.32
17.01
17.41
17.3
17.15
16.91
17.1
16.98
16.95
16.88
16.39
16.18
16.25
16.0
15.61
15.95
16.08
16.1
16.12
15.84
15.63
15.94
16.17
17.71
17.38
17.4
17.9
18.96
18.84
18.94
19.23
18.87
19.1
18.8
18.52
18.49
19.78
21.79
21.35
23.85
25.06
25.06
26.4
26.14
25.98
26.07
26.24
27.01
27.99
25.01
24.33
23.14
24.06
23.38
22.5
21.4
19.76
23.46
22.49
25.49
24.01
23.8
23.77
24.05
24.54
24.3
23.0
23.15
23.43
24.25
23.8
23.22
23.29
23.32
24.8
24.67
26.17
26.52
27.68
29.29
28.14
27.65
28.73
30.2
29.72
30.07
29.94
30.1
31.05
31.85
31.92
31.68
32.01
31.7
31.29
31.7
36.15
37.77
37.94
38.6
40.83
40.27
39.77
45.01
44.8
48.86
50.95
48.09
49.0
47.18
42.31
46.01
45.18
42.78
43.07
43.93
44.14
43.3
42.0
41.0
39.5
41.4
39.66
37.96
41.93
41.93
42.47
43.33
42.05
42.11
41.37
41.05
39.42
39.06
39.77
39.44
39.25
38.5
38.79
38.75
38.81
37.72
36.84
37.49
37.36
36.8
37.04
36.75
37.41
36.67
36.62
36.67
35.92
35.21
34.7
37.32
35.95
36.65
35.99
38.5
38.58
38.33
37.05
37.2
38.34
37.98
37.52
36.86
35.65
36.08
36.46
36.6
36.19
36.39
36.25
36.33
36.19
36.09
36.63
36.68
37.1
36.99
36.83
35.99
36.1
35.46
35.68
35.78
35.53
35.5
34.8
34.89
33.19
33.43
33.52
33.4
34.37
37.4
37.71
36.53
36.43
36.35
35.62
35.05
34.63
35.55
35.85
35.75
36.17
36.3
36.95
39.0
38.6
38.05
38.17
39.3
40.02
39.45
39.7
39.39
38.8
38.01
37.28
39.08
38.1
36.09
37.27
37.34
38.67
38.5
39.42
38.8
39.79
42.42
40.97
40.81
41.87
41.79
41.0
40.29
40.33
40.11
40.34
40.8
38.33
39.05
38.09
36.98
37.75
37.6
36.73
36.72
37.03
36.7
36.15
36.87
37.61
37.52
36.98
37.46
40.15
38.0
38.48
38.21
37.4
36.52
37.21
37.19
36.94
37.09
36.92
38.06
37.57
37.53
37.74
37.79
37.25
37.02
37.07
36.77
36.98
36.6
36.41
35.8
36.13
36.85
36.95
36.17
36.07
35.91
34.69
34.75
34.23
33.73
34.03
33.69
33.44
33.26
33.39
33.01
31.16
30.93
31.5
32.3
32.16
32.5
31.93
31.06
30.44
29.3
29.28
29.06
29.88
30.76
29.97
30.05
29.97
29.8
29.42
29.67
28.8
27.94
27.65
26.21
25.47
25.36
25.12
25.33
25.42
26.11
25.78
25.81
25.74
25.45
25.16
25.25
25.32
25.7
26.16
27.1
27.2
25.85
25.55
24.94
24.9
25.0
25.12
25.47
25.85
25.46
25.5
25.49
25.23
25.12
25.0
24.98
25.48
25.18
25.06
25.29
25.39
25.3
25.06
25.47
25.47
25.6
25.37
25.28
25.16
25.3
25.16
25.27
25.22
25.2
25.21
25.11
25.1
24.7
23.6
23.88
23.7
23.7
23.51
24.01
24.85
27.2
27.12
26.43
27.97
29.56
28.49
28.85
28.25
28.12
28.94
28.35
29.25
30.7
29.93
29.6
29.25
28.8
27.37
27.36
26.96
26.33
26.48
26.44
26.55
27.49
27.39
28.25
28.26
28.25
27.64
27.32
27.35
27.09
26.41
26.3
26.24
26.49
26.32
26.38
25.6
25.16
25.31
25.25
24.7
24.82
24.4
26.42
26.5
27.5
27.35
26.64
27.45
27.54
28.49
29.4
30.22
28.79
28.22
27.76
27.33
28.78
28.5
28.56
28.45
28.1
28.75
29.48
29.49
29.62
29.1
28.95
29.29
33.7
33.59
33.15
34.05
33.2
33.99
35.34
35.13
34.58
34.22
34.33
34.55
35.78
36.19
35.83
36.4
37.72
39.04
39.97
40.15
41.25
41.13
39.0
39.15
39.95
39.91
39.72
38.88
39.11
40.6
42.99
45.61
46.0
47.4
46.48
47.98
48.14
46.89
50.65
50.04
50.0
53.99
55.97
59.6
55.54
56.89
55.85
54.08
55.81
56.55
54.29
55.1
54.39
54.87
57.78
57.64
57.15
56.86
59.7
62.16
62.08
61.11
62.44
68.41
67.15
67.53
68.1
68.5
69.05
72.99
71.04
68.44
68.7
69.0
70.5
71.66
72.98
73.93
73.95
70.99
70.0
69.4
69.99
69.35
68.62
68.76
70.22
71.4
70.95
69.2
69.65
69.01
70.65
70.5
69.73
69.12
68.7
74.62
74.95
79.89
79.56
79.0
78.47
77.99
78.86
76.4
78.84
79.26
78.31
78.54
79.01
79.71
81.7
80.44
79.79
80.7
79.5
83.97
89.5
87.46
91.49
90.65
88.46
88.1
88.01
88.0
87.33
89.34
92.27
91.35
90.78
91.29
90.14
90.53
89.21
88.68
86.8
87.25
86.88
86.71
85.6
82.72
87.64
85.5
89.0
87.66
87.98
86.92
87.97
85.2
81.0
79.31
83.4
80.77
82.41
81.8
77.8
64.5
66.51
65.86
66.03
65.67
68.4
73.08
75.72
73.7
73.55
76.0
73.95
68.91
70.64
72.07
71.92
69.58
70.13
72.46
74.0
76.38
75.7
70.5
73.45
72.65
72.05
69.94
72.4
70.07
67.94
67.5
67.36
69.75
69.92
72.8
72.39
72.99
73.69
71.92
70.7
70.7
71.33
69.6
69.85
68.6
70.1
69.7
66.8
66.85
63.48
66.16
65.06
65.96
64.7
63.69
63.99
64.06
61.27
58.69
59.61
58.23
57.26
55.35
55.77
57.68
54.02
54.5
52.59
54.87
55.33
54.46
57.4
58.75
57.71
60.5
60.75
60.9
60.55
61.0
64.26
64.8
64.45
64.12
67.31
68.44
68.73
69.26
68.5
69.99
70.9
71.5
71.72
70.47
70.16
69.6
73.6
74.37
73.98
73.58
74.0
74.91
75.4
74.92
75.86
78.4
78.12
79.42
78.87
79.68
79.72
79.76
79.22
78.75
79.3
82.27
82.91
84.08
86.98
84.75
84.84
85.7
86.08
86.0
85.18
86.5
86.42
85.67
85.1
85.7
85.87
88.45
87.69
87.42
88.47
85.56
85.15
83.6
83.09
83.45
82.35
83.11
82.15
81.98
82.0
81.9
81.85
81.55
82.17
85.48
84.53
84.3
85.26
85.5
87.59
86.5
90.0
87.11
88.77
88.85
89.3
86.92
89.5
92.7
91.84
89.5
89.8
87.81
89.44
89.78
89.69
88.8
87.65
87.0
89.03
86.03
85.6
85.59
84.65
87.0
89.33
90.04
88.95
88.2
88.55
86.95
86.24
86.01
85.05
84.51
88.17
85.77
87.48
90.0
88.53
88.82
88.18
88.62
87.89
87.15
86.34
86.34
85.8
86.51
86.6
86.5
87.11
89.01
91.41
96.79
99.0
98.63
97.77
99.09
98.01
97.3
97.51
98.96
104.02
103.5
104.3
104.11
105.9
103.35
101.28
101.28
102.53
102.87
103.24
101.65
99.98
94.01
96.8
98.29
98.1
102.81
104.39
105.81
108.22
107.93
107.9
108.91
112.0
112.12
112.85
111.9
111.9
113.7
113.2
113.58
113.79
114.15
114.89
114.71
114.27
112.15
110.97
112.44
114.99
116.13
115.84
103.65
100.03
94.05
95.2
91.99
94.52
95.56
95.4
95.6
95.37
95.5
92.67
81.47
84.5
83.44
85.8
84.3
81.31
85.5
90.21
89.4
90.0
91.2
92.39
92.05
95.74
97.55
97.49
97.31
96.67
96.8
96.5
97.7
98.4
95.59
98.78
98.13
98.69
99.9
99.97
100.08
98.5
97.32
96.84
98.55
98.7
97.33
96.18
96.69
97.5
97.51
97.14
101.36
105.35
103.51
103.8
103.44
107.0
109.34
109.95
109.94
108.0
104.49
105.28
105.2
103.49
103.5
102.5
100.18
102.6
102.41
104.45
103.64
104.01
103.21
103.03
105.5
105.5
104.53
104.4
104.8
103.72
104.65
103.1
103.57
101.71
102.4
98.6
100.5
102.74
101.8
103.0
102.43
102.42
99.92
101.0
101.59
101.3
101.03
98.61
96.89
97.71
103.42
100.24
99.03
98.85
100.5
100.01
100.11
100.42
100.61
99.63
99.51
99.31
98.32
99.33
99.51
100.21
99.5
98.21
97.49
98.83
96.67
100.49
101.37
102.3
106.34
109.0
107.5
107.32
107.93
113.8
116.11
116.34
114.56
117.9
117.32
118.41
119.1
121.01
124.98
123.11
121.3
122.52
120.0
122.24
124.35
126.38
124.67
123.0
120.1
120.0
120.1
120.05
120.56
120.67
119.65
119.87
119.98
121.0
120.0
120.26
119.7
119.65
119.94
119.85
121.45
129.37
134.55
139.7
141.0
136.87
136.32
134.2
127.5
125.5
127.5
126.9
126.29
125.17
126.86
127.26
130.25
128.05
128.0
127.5
125.4
127.08
127.1
125.44
125.27
125.78
125.5
127.0
126.0
125.5
124.18
127.32
126.0
127.0
129.0
127.98
127.7
126.84
128.72
128.2
128.36
128.36
128.75
131.2
130.52
130.0
132.0
131.93
133.3
131.3
136.0
134.86
132.85
134.0
135.85
137.8
139.8
137.32
137.98
140.0
141.5
148.6
152.62
151.24
148.16
152.22
154.0
157.18
157.2
156.44
152.4
151.52
154.9
152.9
155.98
149.16
147.5
142.9
147.76
144.0
141.22
141.36
139.52
140.4
137.0
139.74
139.3
140.0
140.1
134.8
134.38
134.7
133.5
132.88
131.56
130.9
129.14
127.68
132.6
134.38
133.06
133.4
133.34
133.22
135.1
138.82
140.6
137.7
137.26
139.0
138.58
137.5
138.5
137.0
138.0
136.8
136.68
137.76
137.16
137.2
136.08
135.84
135.7
135.34
135.24
134.96
134.56
134.34
134.34
134.04
135.8
134.2
134.06
135.2
138.0
136.18
135.4
135.8
135.0
134.5
135.48
135.8
137.28
137.32
137.24
137.28
135.82
138.1
138.9
147.5
144.72
139.0
141.7
139.66
140.0
139.28
139.5
140.26
139.5
138.8
139.5
139.5
142.44
141.16
140.02
138.5
137.54
138.7
137.0
137.38
136.32
139.04
137.3
139.02
138.14
137.76
137.36
135.7
135.16
135.34
133.3
130.76
128.02
130.08
129.34
128.1
127.5
129.64
128.84
127.0
125.5
127.88
126.52
128.0
129.3
130.4
130.46
133.98
133.9
126.76
126.2
125.76
122.72
125.1
127.08
126.64
127.58
128.8
128.7
127.6
126.64
127.64
125.42
124.92
125.04
123.84
123.98
122.94
122.44
122.0
122.1
121.5
121.14
120.2
118.14
115.2
115.02
113.34
116.0
117.3
117.32
117.46
116.5
116.92
118.28
116.2
114.6
118.1
116.4
114.64
115.02
113.52
110.28
108.5
108.42
108.3
106.38
105.84
107.34
109.08
107.38
107.26
107.3
106.62
103.8
101.8
107.0
105.6
103.9
106.0
104.12
105.78
103.2
103.04
103.32
102.48
101.86
101.32
101.32
102.0
101.94
101.62
101.5
101.8
101.8
102.0
101.6
102.0
106.32
105.22
106.5
106.08
109.3
107.9
107.68
107.44
106.6
107.7
107.08
106.5
118.54
113.72
113.94
113.3
112.5
115.32
114.3
117.26
114.6
108.6
106.92
107.1
103.5
104.8
108.12
107.76
104.52
105.18
107.1
108.02
108.28
108.32
108.7
110.1
112.48
110.26
114.94
113.4
110.28
112.2
112.2
112.3
109.92
107.7
102.4
95.32
98.98
98.0
98.02
96.26
95.18
88.88
92.0
83.02
89.98
86.0
87.44
87.5
88.5
89.5
90.5
95.9
98.16
99.48
94.54
96.44
97.7
97.76
99.4
99.1
100.92
98.98
100.68
101.98
101.1
99.4
100.78
98.1
100.16
104.6
104.02
101.76
105.82
104.92
105.46
107.6
106.64
105.0
106.04
105.58
105.96
104.96
105.0
105.32
107.76
106.0
105.98
106.34
107.12
107.34
108.66
107.9
109.0
109.5
110.1
110.88
110.98
107.5
109.56
110.3
110.0
109.22
107.1
109.88
109.06
108.42
107.5
107.02
107.86
110.9
111.28
111.42
111.86
112.22
111.5
111.88
109.96
108.3
110.92
109.44
110.9
110.72
109.5
109.46
107.5
108.72
104.78
109.0
106.16
107.74
106.9
107.06
107.26
107.76
107.76
108.0
108.0
106.82
105.0
105.9
106.46
107.64
110.04
111.16
112.82
112.0
113.34
115.04
116.84
114.7
115.5
113.76
115.7
113.66
113.36
117.7
115.76
118.12
117.72
115.22
114.6
115.0
113.12
111.18
111.52
111.82
111.56
112.7
112.7
114.52
115.2
119.5
118.2
119.16
117.64
117.02
118.9
120.7
120.0
119.38
120.06
120.92
121.36
119.78
119.6
120.86
120.36
119.78
119.8
118.5
119.02
117.44
116.64
114.48
113.92
113.76
114.4
113.64
117.36
115.16
114.84
113.08
111.18
111.0
111.04
112.0
114.18
115.66
114.42
120.46
125.0
130.0
131.0
153.6
155.18
154.02
154.44
155.5
152.0
146.28
144.76
147.44
146.44
147.82
146.22
151.98
151.02
146.56
146.52
148.12
148.42
149.0
149.48
149.22
147.58
147.96
148.3
148.62
153.08
153.3
154.86
155.78
154.26
155.68
154.54
156.02
155.78
157.3
156.5
157.36
158.56
158.0
156.78
155.0
158.0
154.48
155.8
156.72
157.5
157.72
156.0
159.08
164.02
162.0
162.04
166.72
167.0
173.4
178.52
176.54
176.26
181.8
179.84
179.4
179.7
179.1
179.8
178.12
175.58
174.92
178.44
177.8
181.5
185.6
186.5
181.4
183.1
182.0
183.72
180.64
178.1
180.96
181.28
182.56
181.2
189.12
185.72
182.24
181.5
180.66
183.74
183.02
183.32
184.5
184.94
193.0
189.68
189.04
187.98
190.34
190.22
187.5
188.3
189.7
188.96
193.02
193.64
202.48
200.0
231.86
227.0
221.84
231.16
249.0
239.26
239.28
235.66
239.58
237.34
237.42
237.3
238.04
237.8
243.34
238.1
239.86
244.08
251.74
252.18
262.04
262.08
257.8
266.0
259.88
258.34
258.0
254.5
252.78
254.56
258.52
259.74
257.28
257.0
248.58
245.3
242.88
239.0
241.8
247.3
246.5
241.5
239.64
236.24
240.46
236.5
235.62
233.54
229.42
224.82
219.58
213.88
218.22
217.4
217.0
245.0
234.78
237.44
235.98
239.16
242.34
241.62
253.0
248.7
252.0
249.66
246.78
249.12
250.7
255.7
254.0
251.34
257.86
261.92
256.6
262.7
258.94
260.68
260.64
257.74
260.5
258.34
261.4
260.7
265.22
263.28
263.6
262.06
254.96
325.0
329.96
332.7
349.12
358.0
359.32
379.98
384.0
386.06
381.3
377.14
383.6
397.74
396.68
393.6
399.92
402.54
399.16
415.52
407.76
404.82
375.0
370.7
389.2
382.52
387.98
395.0
388.34
386.0
406.4
386.02
382.04
385.0
386.38
388.52
394.08
450.3
463.1
444.3
462.36
459.32
477.82
473.0
465.7
450.04
449.1
449.96
445.38
435.46
432.82
431.2
467.0
454.84
459.14
450.54
452.68
453.78
435.0
431.0
424.7
424.54
414.5
404.72
390.6
381.24
371.0
422.1
417.4
413.98
393.22
404.62
392.3
406.06
400.7
404.98
399.0
406.48
399.9
404.92
397.06
380.14
382.88
376.4
404.0
398.0
414.96
425.3
432.28
454.0
451.84
458.0
459.6
452.0
469.3
475.2
484.34
483.7
480.1
485.64
475.32
478.72
475.86
466.88
427.0
386.2
411.0
413.8
414.8
377.6
389.06
408.08
412.56
413.04
415.88
414.75
421.8
405.6
407.95
408.6
415.65
461.2
462.6
459.0
452.5
477.4
517.0
495.25
487.0
425.0
481.3
266.3
320.0
349.9
387.8
424.35
423.1
396.95
387.0
370.5
385.5
382.05
372.0
374.0
376.7
401.9
408.15
398.6
403.15
391.15
392.0
394.0
400.2
385.0
395.05
395.8
405.0
404.0
391.35
387.95
383.5
388.15
372.4
372.0
375.15
377.8
384.1
377.5
372.3
352.1
339.5
339.95
342.0
336.95
337.55
329.05
331.3
345.0
338.1
333.85
336.85
335.0
317.7
299.0
272.55
283.35
287.1
281.0
303.0
297.8
292.95
290.65
298.0
301.45
305.05
305.0
295.95
