close
34.41
35.125
34.845
35.245
35.795
36.935
36.0
36.65
36.98
36.74
37.74
39.435
37.69
38.765
38.74
38.48
37.585
38.87
38.295
38.72
38.09
39.28
39.0
38.265
37.53
37.83
37.83
38.9
38.275
38.515
40.045
41.5
38.305
38.825
38.425
38.605
37.8
37.0
36.2
36.4
37.0
36.8
36.8
40.0
37.0
36.2
36.0
35.6
36.2
36.2
35.8
35.4
35.0
35.4
35.4
35.4
34.8
34.8
35.0
35.2
35.2
34.8
35.2
35.2
35.0
35.8
36.0
34.6
33.8
33.2
33.4
33.6
33.2
33.2
33.6
34.0
33.6
30.4
30.2
31.6
29.8
29.6
30.0
30.8
30.6
31.0
32.0
31.6
31.6
31.2
38.0
30.8
30.8
31.4
31.6
32.4
32.8
32.4
32.4
31.0
31.4
31.0
31.4
31.0
30.8
30.8
31.0
30.6
30.2
30.2
31.0
30.0
30.4
42.4
32.4
32.0
31.6
32.0
33.0
31.8
32.0
32.8
32.4
32.2
32.0
31.6
32.4
32.6
33.0
34.2
33.6
33.6
31.8
34.8
34.6
34.4
35.6
34.6
34.6
34.6
34.4
34.2
32.6
32.8
32.8
32.4
32.8
33.2
33.4
33.4
34.2
34.2
33.6
33.6
34.0
34.0
34.0
33.4
33.2
33.4
33.6
33.6
33.6
33.8
33.8
33.8
33.2
33.2
33.4
34.2
34.0
34.2
34.8
35.2
35.0
38.0
37.8
38.6
39.8
38.8
39.2
41.4
40.0
39.4
40.4
40.4
40.2
39.6
39.4
39.2
39.6
41.4
40.0
40.0
40.0
40.4
40.0
40.8
40.6
39.8
40.6
39.8
39.6
40.0
41.0
40.2
40.6
41.0
40.6
41.0
40.0
39.0
38.6
39.4
39.4
39.2
38.6
39.2
39.2
38.4
38.8
38.8
39.0
39.4
40.2
39.0
39.0
41.8
37.8
38.2
38.8
36.6
37.6
34.8
33.2
32.2
32.0
27.8
29.4
27.2
27.2
27.4
26.6
27.2
28.4
28.4
26.4
29.6
29.8
31.2
30.4
30.2
31.6
31.6
32.4
32.2
31.8
31.5
32.2
32.05
32.2
33.05
34.15
33.2
32.75
32.95
32.55
32.45
32.15
32.5
32.75
32.35
32.3
31.8
34.0
31.3
31.2
31.15
30.1
29.85
29.75
29.75
29.6
29.8
30.1
30.0
29.7
29.8
29.45
29.8
29.45
29.95
30.95
30.6
30.45
31.85
31.8
31.75
32.05
31.5
31.65
30.9
31.1
30.8
30.6
30.4
30.1
30.0
29.3
29.2
29.7
30.35
29.7
29.5
29.2
29.45
29.45
29.3
29.3
29.65
29.55
29.45
29.45
29.3
30.0
30.15
30.8
30.75
31.15
31.25
31.6
31.05
32.35
30.7
30.55
30.65
30.6
30.05
30.75
30.25
30.3
30.15
30.1
30.65
30.55
29.95
30.25
30.05
30.45
30.05
29.75
29.75
29.6
29.55
30.35
29.9
29.6
29.85
29.3
28.75
29.4
29.2
30.0
30.25
30.7
30.8
30.75
30.0
30.5
30.6
30.05
30.6
30.65
29.95
29.15
28.8
28.55
28.8
28.15
27.95
27.6
28.25
27.95
27.8
27.5
26.45
26.45
26.35
25.7
25.35
25.2
25.35
25.5
24.95
24.95
24.95
25.15
24.85
24.8
24.95
25.75
26.25
26.5
26.45
26.9
27.4
27.05
27.5
26.75
27.15
27.3
26.8
26.65
26.55
26.8
26.7
26.95
27.3
27.35
27.2
26.7
26.85
26.9
26.6
26.6
26.75
26.85
26.7
26.7
26.85
26.65
26.8
27.0
27.0
26.95
26.95
26.95
26.95
26.85
27.3
27.15
27.0
27.35
27.45
27.3
27.35
27.4
27.3
27.3
27.3
26.7
27.15
27.2
27.1
27.25
27.2
27.25
27.6
27.45
27.15
27.0
27.1
27.2
27.45
27.35
28.7
28.25
28.2
27.9
27.7
27.5
28.25
28.0
28.6
28.3
28.3
27.3
27.85
27.65
27.65
27.75
27.6
27.5
27.4
27.35
27.65
27.25
27.4
27.3
27.35
27.3
27.1
27.2
27.0
27.0
27.2
27.7
27.05
27.0
27.1
27.25
27.45
27.1
27.15
27.0
26.55
26.7
27.0
27.25
27.0
27.1
27.25
27.15
26.85
28.15
29.0
28.45
28.75
28.85
28.7
29.2
29.35
29.6
29.95
29.85
29.85
30.5
30.35
29.7
29.2
28.2
29.5
30.45
30.3
31.0
31.8
30.5
29.85
30.45
30.8
29.85
30.8
30.4
30.3
29.75
29.9
29.1
29.35
28.9
28.7
28.45
28.75
28.45
28.3
28.35
28.35
28.7
28.5
28.35
28.3
28.85
28.4
28.0
27.9
27.9
27.7
29.25
29.75
29.1
29.3
28.6
28.45
28.9
28.25
28.4
28.45
28.5
28.3
33.05
30.65
29.5
29.9
29.5
29.9
29.55
29.7
29.55
29.2
29.5
29.2
29.45
29.4
29.4
29.4
29.5
29.2
29.1
29.5
29.2
29.15
28.95
29.2
29.35
29.15
29.4
30.55
31.4
32.85
32.75
33.35
31.2
31.15
31.25
30.85
31.6
31.3
31.2
31.1
30.6
30.55
30.15
30.85
30.05
30.25
30.05
30.2
30.2
29.2
30.2
29.7
29.9
30.85
30.35
30.35
29.85
31.55
30.5
30.6
31.75
31.8
33.65
33.65
32.85
32.6
32.9
33.1
33.05
33.25
33.2
33.4
33.8
33.15
33.1
33.0
33.0
32.7
33.65
33.4
33.3
33.15
31.5
33.25
34.0
34.3
34.5
34.0
32.8
34.35
30.95
30.6
30.35
30.05
30.15
30.35
30.4
30.4
30.5
30.0
30.0
30.1
30.1
29.8
30.25
30.3
30.7
30.55
30.45
30.6
30.7
30.75
31.5
31.15
33.45
33.15
33.6
31.7
32.8
32.7
33.1
31.75
31.65
31.05
31.0
29.8
30.6
28.7
28.15
28.45
28.85
28.95
31.9
28.8
28.7
28.55
28.35
27.75
28.05
27.95
28.4
28.65
28.4
28.35
28.55
28.7
29.4
26.95
24.75
24.0
