close
4.427
4.4
4.386
4.52
4.74
4.8
4.685
4.568
4.656
4.7
4.655
4.64
4.51
4.521
4.5
4.504
4.53
4.5
4.546
4.53
4.506
4.419
4.42
4.455
4.45
4.45
4.395
4.329
4.05
4.168
4.2
4.16
4.114
4.014
4.019
4.027
4.06
4.074
4.081
4.03
3.998
4.04
4.15
4.2
4.25
4.368
4.398
4.333
4.42
4.187
4.216
4.436
4.344
4.342
4.292
4.32
4.171
4.188
4.153
4.196
4.3
4.336
4.31
4.166
4.21
4.163
4.167
4.215
4.19
4.303
4.194
4.14
4.022
4.082
4.037
4.037
3.962
4.008
3.981
3.92
3.89
3.87
3.865
3.955
3.885
3.84
3.84
3.7
3.885
4.25
4.315
4.325
4.525
4.485
4.415
4.285
4.17
4.205
4.27
4.35
4.385
4.38
4.405
4.36
4.29
4.365
4.33
4.345
4.36
4.395
4.325
4.23
4.28
4.3
4.3
4.445
4.47
4.5
4.46
4.45
4.27
4.215
4.25
4.225
4.27
4.165
4.07
3.89
3.855
3.935
3.805
3.78
3.905
3.415
3.595
3.725
3.7
3.71
3.61
3.635
3.585
3.635
3.62
3.605
3.625
3.79
3.875
4.045
3.885
3.825
3.885
3.91
3.96
3.985
3.96
3.995
3.995
3.995
3.9
3.9
3.96
3.995
4.015
4.115
4.06
4.04
4.005
4.04
4.095
4.08
5.685
6.69
6.16
6.17
5.98
6.47
6.21
6.9
7.015
6.92
7.03
7.0
7.02
6.86
7.085
7.3
7.245
6.7
6.695
6.63
6.055
5.89
5.89
5.96
5.945
5.895
5.77
5.77
5.795
5.5
5.39
5.64
5.605
5.69
6.08
6.1
6.38
6.225
6.055
6.14
5.94
6.055
5.995
6.095
6.195
6.035
6.015
6.255
6.17
5.94
6.045
6.0
5.93
5.935
5.955
6.075
6.03
5.965
5.99
6.045
5.985
5.935
5.935
5.92
5.85
5.86
5.895
5.915
5.91
5.89
5.95
6.0
5.95
5.99
5.995
5.89
5.84
5.975
5.95
5.97
5.985
5.89
5.81
5.845
5.795
5.785
5.765
5.78
5.725
5.72
5.55
5.575
5.53
5.525
5.525
5.685
5.52
5.49
5.455
5.28
5.25
5.18
5.225
5.19
5.22
5.355
5.365
5.265
5.315
5.3
5.17
5.115
5.05
5.07
5.02
5.02
5.1
5.09
5.12
5.1
5.095
5.095
5.21
5.195
5.17
5.16
5.15
5.125
5.045
5.04
5.07
5.03
4.855
4.87
4.92
4.95
4.96
4.93
4.94
4.945
5.05
5.0
4.995
5.0
4.995
5.0
5.005
4.995
4.99
4.97
4.945
4.975
4.97
4.84
4.82
4.9
4.96
4.935
4.9
4.84
4.845
4.825
4.77
4.76
4.735
4.75
4.765
4.75
4.78
5.385
5.155
5.04
5.04
5.02
5.06
5.005
5.085
5.0
4.99
5.035
4.93
4.91
4.92
4.905
4.96
5.03
4.95
4.915
4.91
4.91
4.875
4.825
4.9
4.97
4.99
5.0
4.995
4.94
4.94
4.875
4.915
4.93
4.87
4.845
4.855
4.805
4.79
4.74
4.79
4.78
4.8
4.67
4.775
4.8
4.795
4.755
4.67
4.65
4.73
4.67
4.61
4.545
4.69
4.7
4.73
4.765
4.705
4.595
4.54
4.55
4.535
4.445
4.22
4.315
4.24
4.28
4.365
4.385
4.405
4.4
4.425
4.485
4.57
4.5
4.525
4.485
4.495
4.5
4.6
4.63
4.5
4.53
4.52
4.51
4.46
4.49
4.48
4.515
4.55
4.5
4.45
4.47
4.47
4.45
4.45
4.43
4.39
4.41
4.385
4.47
6.25
7.04
6.0
5.55
5.75
5.9
5.77
5.655
5.485
5.765
5.665
5.59
5.585
5.555
5.515
5.55
5.505
5.51
5.76
5.705
5.76
5.805
5.77
5.76
5.58
5.73
5.725
5.65
5.595
5.56
5.585
5.8
5.75
5.665
5.7
5.84
5.86
5.865
5.76
5.69
5.62
5.61
5.76
5.735
5.645
5.7
5.55
5.51
5.575
5.52
5.55
5.615
5.565
5.53
5.465
5.38
5.205
5.225
5.18
5.345
5.27
5.205
5.18
5.08
4.995
4.99
4.96
4.85
4.895
4.94
5.06
5.005
4.94
5.055
4.935
5.025
5.01
5.45
5.275
5.225
5.245
5.275
5.265
5.355
5.31
5.16
5.15
5.12
5.13
5.395
5.345
5.38
5.42
5.4
5.3
5.335
5.3
5.265
5.22
5.25
5.275
5.305
5.39
5.4
5.415
5.45
5.5
5.505
5.48
5.505
5.5
5.555
5.65
5.665
5.695
5.75
5.695
5.835
5.715
6.0
6.55
6.71
7.005
6.94
6.96
6.955
6.58
6.415
6.48
6.4
6.365
6.44
6.325
6.46
6.34
6.395
6.385
6.425
6.29
6.49
6.65
6.445
6.5
6.38
6.245
6.18
6.19
5.645
5.85
5.855
5.805
5.72
5.78
5.8
5.805
5.875
6.11
5.965
6.27
6.245
6.49
6.415
6.31
6.27
6.38
6.34
6.33
6.3
6.355
6.28
6.055
6.165
6.15
6.14
6.11
6.08
6.045
6.05
7.44
6.73
6.55
6.52
6.355
6.685
6.485
6.5
6.5
6.51
6.665
6.685
6.695
6.6
6.955
8.555
7.785
7.685
8.24
8.0
7.94
7.875
7.755
7.695
7.49
7.705
7.695
7.685
8.165
8.225
8.025
8.13
8.25
8.18
8.19
8.035
8.05
8.3
8.58
8.77
8.3
8.1
8.995
9.045
9.0
8.71
8.695
8.9
8.84
8.81
8.395
8.55
8.8
9.11
8.58
8.37
8.44
8.55
8.67
8.36
8.32
8.2
7.885
7.95
7.92
7.95
7.8
7.6
7.945
7.98
8.0
7.535
7.15
6.99
6.935
6.83
6.98
6.8
6.87
7.125
7.105
7.195
7.14
7.195
7.205
7.03
7.03
7.085
6.96
6.72
6.655
6.665
6.51
6.56
6.95
6.78
6.75
7.88
7.76
7.71
7.765
8.45
8.555
8.38
7.905
7.935
8.0
8.265
8.66
8.615
8.61
8.015
7.91
8.2
8.645
8.79
8.69
8.27
7.875
7.955
8.05
7.835
7.48
7.37
7.195
7.18
7.69
7.885
7.675
7.37
7.485
7.55
7.13
7.4
7.495
7.22
7.08
7.11
7.16
6.995
7.22
7.52
7.285
7.11
7.18
7.05
7.205
7.295
7.265
7.115
7.085
7.165
7.17
7.115
7.105
7.215
7.28
7.42
7.42
7.71
7.625
7.555
7.48
7.415
7.9
8.185
7.895
7.85
7.965
8.005
7.93
7.78
7.765
7.885
7.845
7.89
7.605
7.6
7.605
7.605
7.585
7.595
7.59
7.595
7.59
7.605
7.605
7.605
7.595
7.6
7.61
7.605
7.61
7.61
7.625
7.62
7.62
7.62
7.62
7.63
7.66
7.655
7.66
7.68
7.675
7.69
7.69
7.68
7.685
7.68
7.68
7.68
7.68
7.68
7.68
7.695
7.685
7.685
7.695
7.685
7.695
7.7
7.71
7.705
7.78
7.755
7.74
7.725
7.76
7.64
7.715
7.675
7.675
7.67
7.7
7.63
7.625
7.54
7.25
7.235
6.885
6.925
6.835
6.69
6.8
6.74
6.84
6.905
6.64
6.61
6.585
6.36
6.25
6.305
6.4
6.455
6.19
6.2
5.895
6.0
5.92
5.69
5.68
5.47
5.805
5.9
5.875
5.84
5.99
5.88
5.9
5.87
5.7
5.63
5.765
5.935
5.78
5.7
5.75
5.77
5.805
5.91
5.95
5.925
6.1
6.27
6.16
6.45
6.48
6.495
6.395
6.285
6.265
6.235
6.12
6.18
6.06
6.06
5.98
5.97
6.0
5.88
5.775
5.73
5.81
5.5
5.435
5.4
5.485
5.545
5.505
5.49
5.49
5.525
5.455
5.49
5.555
5.585
5.535
5.575
5.61
5.505
5.52
5.54
5.46
5.48
5.46
5.33
5.29
5.115
5.085
5.11
5.085
5.04
4.99
4.85
4.82
4.705
5.0
5.37
5.26
4.99
4.94
5.065
4.98
4.17
4.405
4.46
4.565
4.665
4.59
4.55
4.62
4.6
4.61
4.67
4.7
4.58
4.7
4.7
5.215
5.415
5.34
5.255
5.095
5.11
5.07
5.03
5.12
5.01
5.245
5.23
5.06
5.08
5.02
4.955
5.0
4.905
4.94
4.955
5.03
4.955
4.955
4.965
4.99
4.985
5.045
5.05
5.03
5.0
4.97
5.0
4.935
4.91
4.89
4.935
4.9
4.92
4.87
4.8
4.83
4.805
4.89
4.85
4.855
5.355
5.36
5.35
5.23
5.26
5.25
5.225
5.16
5.12
5.12
5.08
5.08
5.035
5.04
5.01
5.03
5.05
5.015
5.005
4.975
4.98
4.91
4.975
4.905
5.04
5.04
4.975
4.795
4.825
4.8
4.84
4.86
4.82
4.8
4.8
4.79
4.77
4.685
4.595
4.565
4.72
4.6
4.535
4.515
4.45
4.42
4.38
4.53
4.43
4.325
4.32
4.305
4.35
4.355
4.385
4.445
4.43
4.435
4.495
4.56
4.485
4.41
4.33
4.395
4.37
4.365
4.365
4.33
4.345
4.4
4.335
4.3
4.185
4.22
4.195
4.23
4.255
4.25
4.195
4.14
4.135
4.105
4.03
3.985
4.0
4.01
4.03
4.414
4.33
4.156
4.218
4.134
4.08
4.132
4.116
4.102
4.068
4.034
4.06
3.968
3.98
4.036
3.994
3.976
4.004
4.022
3.986
4.038
3.98
3.97
3.958
3.958
4.002
3.98
4.048
4.088
4.2
4.106
4.11
4.062
4.03
3.956
3.902
3.87
3.88
3.85
3.89
3.912
3.884
3.892
3.91
3.914
3.908
3.972
4.04
4.032
4.05
4.064
3.984
4.022
4.02
4.02
4.022
4.04
4.0
4.01
4.042
4.036
3.99
4.004
4.012
4.03
4.026
4.012
4.0
4.05
4.03
3.996
3.98
3.988
3.934
3.94
3.936
3.946
3.93
3.938
3.914
3.932
3.91
3.898
3.902
3.9
3.904
3.894
3.906
3.9
3.884
3.898
3.908
3.898
3.872
3.854
3.858
3.872
3.882
3.856
3.856
3.858
3.86
3.85
3.85
3.848
3.842
3.852
3.868
3.876
3.85
3.85
3.852
3.836
3.828
3.856
3.852
3.85
3.848
3.846
3.84
3.816
3.81
3.798
3.788
3.78
3.772
3.782
3.762
3.764
3.756
3.7
3.692
3.704
3.7
3.642
3.786
3.71
3.79
3.768
3.79
3.732
3.648
3.682
3.662
3.642
3.63
3.608
3.696
3.718
3.688
3.686
3.79
3.7
3.718
3.746
3.774
3.82
4.102
3.946
3.85
3.864
3.898
3.906
3.906
3.918
3.876
3.946
3.964
4.0
3.98
3.93
3.93
4.02
3.94
3.952
3.93
3.928
3.936
3.95
3.904
3.87
3.932
3.82
3.81
3.846
3.836
3.83
3.84
3.79
3.692
3.7
3.702
3.68
3.658
3.662
3.596
3.568
3.566
3.57
3.598
3.592
3.576
3.56
3.58
3.6
3.584
3.56
3.548
3.59
3.596
3.616
3.62
3.6
3.598
3.6
3.58
3.596
3.574
3.582
3.58
3.592
3.58
3.59
3.602
3.598
3.584
3.574
3.576
3.58
3.59
3.61
3.6
3.58
3.558
3.564
3.516
3.522
3.536
3.48
3.458
3.476
3.514
3.52
3.534
3.564
3.586
3.57
3.554
3.586
3.57
3.526
3.502
3.532
3.534
3.52
3.5
3.5
3.492
3.506
3.476
3.466
3.42
3.414
3.424
3.412
3.396
3.344
3.33
3.322
3.334
3.322
3.306
3.316
3.302
3.29
3.284
3.282
3.308
3.292
3.29
3.296
3.306
3.304
3.274
3.272
3.348
3.356
3.344
3.326
3.288
3.5
3.446
3.396
3.44
3.438
3.37
3.478
3.614
3.692
3.792
3.802
3.698
3.698
3.714
3.86
3.854
3.8
3.746
3.696
3.844
3.94
3.952
3.99
4.07
4.292
4.478
4.228
4.102
4.116
4.02
4.04
4.05
4.07
4.024
4.16
4.05
4.118
4.11
4.134
3.9
3.878
3.5
3.3
3.426
3.526
3.578
3.428
3.302
3.082
3.106
2.802
2.9
2.8
2.8
2.842
2.942
2.978
2.93
3.006
2.946
2.956
2.94
2.914
2.964
2.92
2.906
2.912
3.03
3.07
3.152
3.154
3.306
3.194
3.164
3.004
3.058
3.05
3.048
2.998
3.148
3.164
3.106
3.086
3.116
3.13
3.16
3.12
3.116
3.102
3.466
3.378
3.262
3.248
3.268
3.318
3.396
3.364
3.348
3.24
3.196
3.232
3.25
3.266
3.262
3.26
3.246
3.268
3.278
3.3
3.304
3.332
3.328
3.334
3.326
3.348
3.37
3.312
3.278
3.308
3.28
3.276
3.2
3.21
3.208
3.2
3.206
3.22
3.23
3.23
3.208
3.146
3.158
3.148
3.156
3.18
3.38
3.404
3.314
3.388
3.356
3.372
3.358
3.366
3.434
3.428
3.47
3.416
3.42
3.45
3.418
3.432
3.42
3.406
3.428
3.454
3.478
3.426
3.44
3.436
3.502
3.468
3.416
3.412
3.42
3.4
3.386
3.364
3.362
3.368
3.332
3.274
3.28
3.258
3.248
3.246
3.292
3.3
3.32
3.338
3.322
3.42
3.444
3.304
3.252
3.322
3.298
3.256
3.298
3.274
3.34
3.306
3.282
3.28
3.308
3.29
3.296
3.294
3.3
3.284
3.29
3.282
3.266
3.224
3.218
3.198
3.238
3.254
3.212
3.206
3.094
3.116
3.082
3.1
3.114
3.158
3.226
3.23
3.242
3.274
3.24
3.226
3.276
3.25
3.25
3.414
3.448
3.438
3.448
3.412
3.6
4.666
3.552
3.592
3.546
3.54
3.504
3.46
3.456
3.446
3.414
3.45
3.43
3.448
3.45
3.474
3.456
3.41
3.41
3.452
3.508
3.478
3.466
3.458
3.472
3.498
3.492
3.512
3.52
3.578
3.558
3.582
3.594
3.614
3.614
3.612
3.574
3.518
3.482
3.534
3.5
3.494
3.5
3.498
3.51
3.51
3.524
3.524
3.538
3.558
3.524
3.504
3.516
3.474
3.49
3.494
3.476
3.45
3.45
3.598
3.53
3.496
3.49
3.49
3.47
3.488
3.49
3.486
3.484
3.504
3.504
3.48
3.48
3.492
3.504
3.506
3.562
3.65
3.59
3.6
3.62
3.6
3.592
3.55
3.568
3.574
3.626
3.6
3.586
3.674
3.718
3.72
3.744
3.67
3.708
3.75
3.818
3.8
3.79
3.968
3.912
4.02
3.918
3.97
4.02
3.936
3.95
3.942
4.05
4.066
4.04
3.986
3.984
3.9
3.926
3.956
3.992
3.974
3.9
3.812
3.71
3.868
3.882
3.856
3.878
3.884
3.89
3.9
3.886
3.8
3.774
3.782
3.79
3.79
3.758
3.722
3.746
3.758
3.724
3.734
3.736
3.704
3.708
3.724
3.744
3.71
3.694
3.726
3.73
3.724
3.718
3.718
3.746
3.748
3.748
3.726
3.716
3.704
3.724
3.69
3.656
3.616
3.58
3.57
3.61
3.6
3.69
3.688
3.662
3.642
3.646
3.648
3.616
3.616
3.626
3.638
3.648
3.62
3.666
3.6
3.61
3.608
3.608
3.616
3.628
3.58
3.558
3.638
3.68
3.65
3.614
3.616
3.788
3.8
3.896
3.86
3.768
3.768
3.74
3.864
4.0
3.93
3.854
3.816
3.856
3.774
3.732
3.702
3.816
3.95
3.998
3.918
3.94
3.946
3.922
3.96
3.872
3.822
3.8
3.786
3.84
3.914
3.92
3.88
3.842
3.914
3.93
3.894
3.886
3.832
4.0
4.142
4.156
4.08
4.098
4.052
4.016
4.012
3.926
3.906
3.932
3.97
3.994
4.034
3.964
3.93
3.98
3.978
4.018
3.978
3.958
3.85
3.898
3.93
3.94
3.83
3.8
3.89
3.918
3.882
3.88
3.89
3.852
3.802
3.842
3.824
3.76
3.774
3.79
3.832
3.81
3.73
3.752
3.742
3.732
3.75
3.77
3.734
3.75
3.73
3.824
3.83
3.822
3.782
3.768
3.77
3.798
3.758
3.702
3.69
3.504
3.55
3.566
3.59
3.34
3.502
3.568
3.59
3.56
3.614
3.572
3.564
3.496
3.488
3.448
3.514
3.556
3.592
3.562
3.51
3.592
3.6
3.514
3.494
3.236
3.3
2.7
2.928
2.718
2.81
2.946
3.11
3.13
3.056
2.94
2.9
2.78
2.726
2.884
2.878
2.868
2.85
2.828
2.866
2.764
2.776
2.8
2.816
2.75
2.784
2.792
2.658
2.776
2.738
2.73
2.7
2.696
2.692
2.696
2.72
2.724
2.706
2.728
2.696
2.67
2.646
2.59
2.64
2.65
2.686
2.67
2.654
2.664
2.656
2.64
2.62
2.674
2.686
2.698
2.68
2.68
2.722
2.736
2.71
2.694
2.696
2.73
2.74
2.756
2.768
2.802
2.708
