close
166
154
164
156
157
270
375
520
570
500
475
415
365
400
390
380
460
415
425
390
395
395
395
385
380
380
380
375
375
370
350
335
335
325
340
345
350
340
340
340
350
340
340
330
340
345
350
355
345
340
340
340
340
340
335
330
315
310
305
300
310
280
265
260
230
240
225
200
155
160
205
265
255
245
245
245
250
285
300
285
260
270
265
265
275
285
290
275
265
265
265
270
265
255
250
245
245
250
245
250
255
255
255
255
250
255
245
260
260
260
260
260
260
260
265
265
260
255
255
250
250
250
250
255
250
250
250
250
250
250
245
255
250
250
245
245
245
245
250
250
250
245
245
250
240
235
245
240
250
255
250
245
245
240
240
240
235
240
245
245
245
240
235
235
235
235
240
240
230
230
235
235
230
235
235
235
275
250
240
240
235
230
230
235
230
225
230
230
235
230
235
230
220
220
215
220
220
220
220
225
225
235
235
235
235
235
220
215
225
225
215
220
220
215
215
215
220
220
220
225
220
220
220
222
222
226
228
228
234
232
234
232
232
232
234
232
232
230
230
226
226
226
222
216
218
218
216
216
218
214
214
218
226
228
220
220
222
218
220
218
220
220
220
222
222
220
220
222
218
224
228
220
224
222
228
226
224
226
222
224
224
224
224
220
222
222
222
220
218
220
218
216
218
218
218
218
218
216
214
212
208
208
208
208
208
208
208
212
212
216
216
216
216
220
220
226
226
226
228
230
232
226
226
228
234
236
238
230
238
240
238
236
236
244
246
250
248
248
248
240
240
240
236
246
234
232
234
220
236
232
228
232
242
234
230
250
246
242
236
232
232
230
228
230
230
226
226
230
234
232
226
220
228
224
242
236
232
234
230
230
228
228
226
226
224
224
224
222
222
226
222
220
222
222
222
222
220
222
222
220
220
222
220
224
224
218
220
218
218
220
218
218
218
218
218
218
222
226
222
220
224
222
220
220
220
220
224
230
228
230
228
228
230
226
228
228
228
224
228
224
224
224
224
226
228
226
230
228
228
228
224
226
228
224
226
224
228
228
226
226
228
228
226
226
228
226
226
224
226
228
226
226
226
228
224
224
228
228
228
224
224
226
226
224
226
224
226
226
226
224
226
224
226
224
228
224
226
224
226
224
224
224
220
200
202
198
194
194
194
194
194
194
194
192
192
190
178
178
218
202
202
202
202
202
200
198
204
200
192
192
188
192
198
194
186
198
196
198
196
200
210
200
198
196
192
224
210
206
202
196
196
200
198
196
174
178
140
136
150
140
140
150
150
174
160
154
154
150
150
182
170
156
154
154
148
156
156
158
156
162
166
164
164
168
162
164
160
158
156
158
156
158
156
154
154
154
154
156
154
154
154
154
152
150
150
152
148
148
150
152
154
174
188
194
186
170
164
164
160
158
154
