close
4000
3900
3900
3910
4090
4100
3900
4040
3900
3900
3903
3880
3900
3900
3900
3901
3800
3900
3850
3800
3900
3501
3704
3660
3775
4048
3999
3760
3960
3998
3961
4001
4010
4030
3990
4000
4010
3990
3960
3980
3980
4000
4000
4050
4080
4000
4010
4000
4000
4000
4000
4000
4000
4040
4000
4000
4000
4000
4030
4000
4000
4040
4010
4000
4000
4040
4000
4050
4040
4000
4060
4010
4010
3940
3980
3990
3990
3800
3710
3990
3950
3920
3990
4000
3990
3960
3950
3740
4000
4050
4080
3910
4190
4250
4250
4250
4030
4280
4070
3900
4070
4170
4170
4100
4000
4010
3950
4050
3910
4040
4030
4100
3880
3980
4000
3960
3870
4050
4060
4050
4070
4050
3870
4000
4030
3900
3850
3830
3870
3840
3800
3810
3830
3840
3800
3790
3790
3700
3790
3240
3530
3700
3600
3550
3480
3490
3500
3420
3420
3390
3370
3310
3280
3340
3340
3340
3100
3100
3090
3090
3170
3200
3250
3290
3210
3200
3300
3300
3190
3140
3200
3260
3280
3320
3310
3210
3310
3200
3320
3290
3290
3210
3200
3200
3140
3190
3190
3190
3140
3170
3180
3120
3090
3010
3010
3240
3180
3090
3100
3110
3060
3070
3100
3090
3020
3000
2980
2990
3100
2990
2940
2960
2950
2980
3000
2940
2950
3000
3380
3240
3150
3130
3200
3160
3140
3080
3060
3210
3190
3190
3100
3230
3000
3040
3040
3050
3020
3060
3050
3020
3130
3120
3150
3100
3100
3160
3230
3350
3250
3350
3330
3390
3250
3270
3200
3250
3160
3160
3260
3260
3170
3190
3180
3230
3250
3240
3220
3270
3290
3280
3220
3280
3200
3200
3310
3270
3250
3300
3400
3300
3400
3340
3330
3440
3430
3450
3450
3470
3490
3500
3750
3730
3690
3710
3630
3650
3600
3570
3600
3670
3710
3680
3390
3470
3450
3460
3470
3460
3500
3940
3900
3900
3750
3690
3730
3730
3710
3680
3600
3520
3340
3590
3340
3500
3500
3300
3400
3390
3390
3350
3270
3140
3130
3130
3090
3250
3150
3190
3190
3250
3300
3230
3280
3240
3240
3190
3380
3260
3250
3250
3280
3160
3120
3200
3100
3080
3100
3140
3080
3090
3300
3170
3160
3190
3050
3060
3050
3000
3000
3100
3010
3050
3010
3050
3080
3070
3090
3100
3110
3110
3150
3000
3130
3120
3140
3140
3630
3630
3450
3520
3550
3600
3500
3490
3460
3500
3520
3500
3480
3740
3830
3840
3980
4040
3880
3710
3570
3500
3540
3530
3700
3710
3770
3700
3650
3700
3700
3710
3700
3710
3720
3680
3630
3640
3630
3700
3700
3700
3710
3660
3680
3680
3660
3690
3650
3700
3700
3730
3700
3740
3690
3700
3690
3660
3790
3710
3730
3850
4000
5590
6660
6200
6300
6070
6120
6070
5970
5880
5940
5950
5800
5810
5790
5520
5640
5890
6010
5900
5980
6040
6000
5950
6000
6000
6380
6200
6160
5920
5900
6090
6040
5950
6020
6050
5960
6000
6000
6000
6070
6100
6010
5930
5970
6090
6080
6150
6100
6090
6000
5990
5950
5980
5900
5790
5710
5790
6200
6030
5890
5980
5940
5870
5800
5750
5900
5790
5800
5820
5720
5880
5800
5700
5610
5400
5570
5790
5640
6000
5960
5590
5600
5590
5500
5700
5750
5850
5850
5700
5840
5750
5850
5980
5940
5820
5990
5910
6000
6000
5930
6190
6180
6000
6160
6000
5960
5950
6290
6120
6010
6090
5920
5800
5810
5760
5700
5700
5700
5660
5700
5800
5770
5780
5750
5750
5720
5720
5880
5760
5770
5760
5750
5710
5790
5810
5800
5720
5710
5700
5700
5700
5750
5700
5600
5650
5700
5800
5800
5810
5760
5800
5840
5800
5800
5680
5810
5810
5730
5700
5800
5790
5680
5830
5800
5790
5730
5730
5730
5660
5700
5800
5730
5810
5800
5840
5870
5860
5940
5730
5800
5860
5850
5850
5850
5940
5820
6030
5950
6000
6040
5910
6020
6050
6010
6040
6070
6250
6090
6100
6120
6080
6170
6080
6100
6080
6050
6100
6190
6420
6390
6300
6200
6270
6250
6230
6120
6320
6290
6200
6300
6370
6400
6400
6350
6190
6150
6190
6190
6080
6100
6140
6050
6050
6030
5960
5970
5700
5950
5900
5890
5720
5700
5500
5600
5690
5700
5700
5590
5500
5500
5540
5400
5350
5150
5010
5080
5040
5130
5120
5080
5600
5550
5600
5550
5580
5610
5500
5350
5450
5540
5580
5510
5440
5630
5640
5580
5560
5440
5400
5540
5490
5350
5530
5200
5410
5230
5200
5200
5440
5410
5400
5390
5390
5470
5300
5370
5380
5200
5320
5500
5370
5590
5540
5200
5320
5170
5170
5340
5290
5340
5250
5880
5480
5840
5820
6300
6160
6490
6000
5950
6200
6400
6240
6800
6850
6800
7000
6870
6850
7050
6810
6550
6510
7100
6850
7060
6850
7050
6920
6850
6970
6820
6850
6800
6880
6900
7040
7200
7220
7180
7200
7200
7230
7210
7230
7210
7210
7240
7210
7280
7240
7250
7300
7300
7260
7260
7280
7270
7270
7300
7310
7270
7280
7290
7280
7280
7280
7280
7280
7300
7310
7280
7290
7280
7290
7310
7300
7300
7320
7320
7330
7300
7440
7380
7420
7200
7000
6920
6600
6700
6600
6800
6800
7000
6740
6660
6340
7080
7000
6740
6720
6500
6760
6780
6660
6500
6280
6460
6520
6680
6640
6600
6420
6760
6800
6720
6520
6640
6420
6680
6740
6680
6600
6700
6600
6540
6140
6380
6300
6000
6140
5800
5780
5760
6180
6000
6040
6280
6380
6140
6200
6140
6180
6020
6000
5840
6180
6040
6140
6140
8580
8560
7260
7520
7420
7560
7400
7160
7000
8060
8440
8620
8200
7840
8040
8040
8220
8300
8080
8400
8160
7860
7720
7700
7320
7300
7100
6820
6940
7100
7060
7000
6840
6960
6820
6620
6640
6960
6940
6800
6980
6980
6880
7000
7300
7220
7120
7080
6860
6940
6920
6880
6800
6800
6800
6900
6700
6700
6760
6780
6830
6970
6850
6840
6690
6630
6660
6700
6630
6300
6280
6370
6140
6100
6230
6160
6160
6370
6280
6740
6730
6660
6120
6050
6120
6030
5990
5970
5800
5780
5810
5750
5850
5950
5860
5910
5720
5790
5790
5750
5750
5790
5810
5820
5790
5800
5790
5730
5760
5750
5750
5720
5770
5710
5800
5310
5340
5260
5360
5360
5230
5190
5150
5180
5180
5200
5180
5090
5130
5170
5120
5170
5110
5090
5030
5030
5010
5000
5000
5260
5380
5190
5180
5150
5160
5190
5150
5200
5170
5120
5080
5200
5150
5180
5180
5210
5130
5250
5050
5120
5150
5150
5110
5110
5200
5140
5110
5190
5170
5140
5250
5280
5210
5370
5200
5240
5280
5300
5330
5250
5200
5180
5200
5280
5300
5240
5170
5170
5120
5140
5100
5090
5060
5010
4950
4870
4920
4920
4920
4970
4910
4920
4900
4910
4970
4890
5290
5280
5190
5200
5240
5220
5170
5330
5310
5400
5450
5430
5270
5280
5250
5230
5140
5210
5270
5210
5200
5060
5000
5010
5060
5180
5100
5060
5300
5280
5280
5250
5240
5290
5240
5160
5140
5120
5120
5180
5140
5210
5130
5130
5120
5130
5270
5250
5160
5320
5270
5210
5230
5300
5250
5240
5380
5330
5270
5290
5560
5480
5450
5300
5330
5220
5210
5170
5140
5210
5180
5160
5180
5170
5140
5050
5060
5100
5020
5080
5130
5100
5020
5070
5080
5090
5260
5330
5420
5400
5430
5430
5320
5450
5480
5640
5580
5490
5470
5470
5370
5340
5320
5250
5340
5280
5450
5370
5370
5390
5290
5270
5350
5340
5350
5360
5340
5330
5310
5260
5180
5100
5000
4690
5000
5100
4950
4820
4780
4740
4560
4340
4440
4180
4230
4490
4230
4480
4310
4570
4500
4560
4830
4820
4840
4950
4900
4950
4960
4930
4920
4890
4900
4890
4860
4670
4790
4860
4770
4850
4900
4900
4860
4860
4900
4850
4860
4900
4870
4890
4950
4930
4920
4890
4880
5070
4980
4990
4990
5000
4980
5000
5000
4990
4990
4960
4990
5000
4970
4930
4990
4980
4970
5000
5000
4980
4940
4920
4970
4960
4940
4990
4940
4910
4940
4930
4960
5020
5070
5140
5050
5030
4980
5170
5130
5130
5060
5050
5090
5080
5070
5080
5130
5220
5650
7900
11050
9090
9670
9170
9000
8520
8120
8490
8670
8640
8220
8370
8370
8220
8340
8290
8130
8040
7930
7790
7820
7770
7590
7570
7510
7380
7730
7330
7260
7040
7350
7650
7560
7660
7540
7670
7570
6910
7150
7180
7060
7010
6990
6900
6730
6740
6740
6700
6700
6600
6660
6560
6570
6500
6480
6300
6420
6200
6230
6130
6160
6150
6240
6170
6010
6020
6000
6100
6020
5920
6150
6090
6080
6120
6230
6170
6220
6210
6160
6220
6200
6140
6120
6100
6100
6190
6240
6200
6220
6150
6170
6230
6180
6180
6140
6120
6110
6120
6090
6090
6090
6050
7010
6690
7900
8300
7600
7140
7360
7600
7640
7740
7800
7800
7800
7680
7650
7650
7550
7510
7530
7440
7350
7400
7360
7300
7290
7220
7340
8220
8060
7850
7900
8140
8090
8090
8060
8050
8400
8400
8280
8120
8220
8240
8150
8110
8080
8020
8030
8080
8050
7950
7750
7560
7650
7660
7660
7720
8100
7870
7850
8090
7920
7850
7900
7810
7780
7710
7770
7780
7770
7790
7820
7760
7700
7730
7750
7660
7720
7640
7600
7690
7730
7680
7660
7650
7640
7640
7640
7590
7640
7570
7510
7590
7550
7570
7520
7510
7530
7460
7480
7390
7490
7400
7370
7370
7340
7310
7320
7320
7300
7350
7360
7340
7340
7330
7310
7320
7320
7360
7370
7300
7360
7380
7220
7200
7260
7300
7360
7240
7320
7360
7270
7270
7210
7270
7270
7210
7200
7160
7160
7170
7100
7000
6900
6790
6880
6820
7120
7000
7600
7510
7540
7540
7480
7480
7470
7500
7460
7510
7440
7400
7450
7500
7520
7450
7410
7350
7300
7160
6940
7150
7090
7260
7430
7400
7430
7390
7340
7280
7190
7860
7420
7440
7550
7500
7450
7430
7350
7300
7310
7210
7220
7250
7190
7250
7250
7250
7290
7230
7290
7390
7490
7250
7280
7290
7240
7220
7220
7190
7130
7180
7170
7200
7190
7200
7200
7250
7100
7110
7080
7080
7110
7050
7060
7070
6950
6860
6950
7030
7250
7250
7360
7210
7090
7020
7040
7120
7040
6840
6890
6800
6850
6810
6720
6360
6450
6630
6920
6680
6360
6360
6430
6500
6660
6420
6510
6390
6480
6430
6420
6370
6300
6330
6400
6500
6600
6520
6540
6450
6450
6420
6200
6320
6010
6070
6250
6100
5900
5850
5880
6100
5960
6270
6250
6270
6110
6010
5990
5970
6100
6030
5960
5900
6150
6170
5940
5950
5610
5600
4700
5270
5200
5950
5900
6090
6100
6100
5800
6190
6300
6200
6990
6860
6890
6770
6630
6280
8700
7270
7080
6950
6730
6870
6850
6850
6710
6670
6720
6480
6650
6370
6330
6400
6380
6380
6370
6300
6310
6320
6260
6260
6250
6320
6230
6290
6250
6210
6110
6150
6130
6110
6020
6050
6180
6200
6150
6210
6240
6100
6190
6190
6280
6180
6090
6010
