close
337.29
338.54
347.75
347.93
354.04
347.8
350.0
350.22
347.98
347.98
355.48
347.65
347.97
352.3
352.26
347.93
347.94
347.95
348.32
348.4
348.71
347.95
347.96
346.94
345.03
345.21
347.8
345.2
343.68
343.0
320.2
338.43
345.88
348.98
346.08
345.28
344.83
344.02
342.55
340.87
342.37
343.89
344.82
346.52
343.75
344.03
344.19
343.77
345.54
343.86
343.85
343.72
343.54
343.46
341.46
343.51
343.71
342.61
342.84
342.26
341.36
339.73
338.48
338.52
338.1
333.95
329.84
331.65
327.79
326.2
331.57
328.81
331.5
331.0
334.0
336.2
336.8
336.98
339.0
337.5
338.0
338.5
341.5
343.5
347.5
349.0
351.5
353.5
350.0
355.0
355.0
354.5
352.0
351.5
343.0
357.0
353.5
352.5
351.5
354.0
353.0
358.5
340.0
351.5
353.5
352.0
354.5
355.0
355.0
335.5
349.5
354.0
354.0
353.5
354.0
354.5
352.0
353.0
352.0
350.0
333.5
349.5
323.5
321.5
335.0
335.0
341.0
325.0
318.0
327.5
327.5
195.5
267.0
262.0
292.5
224.5
180.0
170.0
180.0
172.0
167.5
210.5
177.0
170.5
170.0
177.0
164.5
199.0
240.0
245.0
289.5
275.0
294.5
288.5
285.0
307.5
300.0
294.5
301.0
258.5
280.0
285.0
300.0
298.0
272.5
303.0
274.5
270.0
270.0
270.0
269.5
252.5
268.5
270.0
279.0
330.0
305.0
339.0
310.0
306.5
285.0
298.5
298.0
296.5
292.0
292.0
270.5
240.5
284.5
310.0
305.0
303.0
300.0
302.5
303.0
301.0
300.0
315.5
303.0
344.0
300.0
305.0
311.0
324.5
308.0
309.0
300.0
280.0
280.0
305.0
305.0
306.0
305.0
300.0
306.0
300.0
290.0
300.0
306.0
300.0
300.0
304.0
290.0
300.0
281.0
290.0
281.0
262.0
276.5
276.0
277.0
275.0
278.5
284.5
271.0
294.0
293.0
300.0
290.0
315.0
296.0
290.0
299.0
270.5
271.0
270.0
292.0
293.0
289.5
297.0
265.0
294.5
290.0
296.0
295.0
296.0
270.0
288.5
289.0
285.0
280.0
289.0
295.0
294.5
295.0
280.0
265.0
289.5
289.5
288.5
287.5
288.5
286.5
286.5
286.5
286.5
285.0
286.0
286.0
287.0
285.0
286.0
286.0
284.0
284.0
284.0
284.0
284.0
283.0
283.0
284.0
283.0
280.0
280.0
277.0
279.0
277.0
277.0
277.0
276.0
274.0
274.0
274.0
271.0
271.0
271.0
270.0
267.0
269.0
267.0
334.0
270.0
300.0
300.0
300.0
314.0
300.0
299.0
315.0
291.0
295.0
310.0
280.0
293.0
296.0
296.0
298.0
286.0
280.0
272.0
256.0
253.0
255.0
254.0
261.0
250.0
253.0
272.0
269.0
257.0
251.0
243.0
251.0
247.0
245.0
234.0
243.0
232.0
232.0
228.0
224.0
207.0
218.0
219.0
210.0
211.0
208.0
208.0
204.0
170.0
166.0
169.0
170.0
172.0
183.0
189.0
190.0
183.0
178.0
174.0
177.0
161.0
165.0
169.0
168.0
169.0
165.0
161.0
165.0
168.0
160.0
159.0
152.0
149.0
146.0
146.0
150.0
150.0
150.0
149.0
146.0
151.0
162.0
163.0
160.0
161.0
165.0
166.0
161.0
156.0
154.0
154.0
157.0
156.0
158.0
159.0
157.0
159.0
158.0
159.0
156.0
154.0
155.0
154.0
156.0
166.0
164.0
164.0
166.0
172.0
170.0
162.0
165.0
160.0
156.0
160.0
158.0
159.0
156.0
159.0
159.0
158.0
161.0
164.0
163.0
158.0
157.0
161.0
156.0
165.0
166.0
163.0
167.0
159.0
163.0
166.0
167.0
167.0
164.0
170.0
170.0
168.0
174.0
171.0
167.0
170.0
167.0
157.0
165.0
163.0
163.0
164.0
163.0
156.0
155.0
157.0
158.0
162.0
159.0
158.0
156.0
166.0
159.0
159.0
161.0
159.0
154.0
155.0
157.0
155.0
156.0
154.0
153.0
154.0
151.0
154.0
154.0
156.0
152.0
154.0
154.0
154.0
153.0
153.0
153.0
152.0
151.0
151.0
148.0
156.0
153.0
150.0
154.0
147.0
147.0
148.0
149.0
148.0
147.0
146.0
146.0
147.0
145.0
144.0
145.0
143.0
142.0
143.0
145.0
148.0
145.0
145.0
144.0
144.0
144.0
145.0
145.0
145.0
145.0
141.0
143.0
142.0
143.0
145.0
143.0
142.0
142.0
145.0
140.0
140.0
138.0
143.0
134.0
136.0
137.0
138.0
136.0
138.0
138.0
137.0
137.0
131.0
130.0
129.0
129.0
130.0
127.0
127.0
126.0
131.0
131.0
130.0
129.0
125.0
143.0
140.0
141.0
138.0
130.0
128.0
125.0
124.0
125.0
129.0
129.0
128.0
126.0
127.0
127.0
129.0
130.0
123.0
126.0
122.0
122.0
122.0
123.0
124.0
124.0
123.0
124.0
142.0
148.0
145.0
147.0
146.0
147.0
147.0
149.0
148.0
146.0
145.0
146.0
147.0
146.0
148.0
149.0
143.0
145.0
146.0
145.0
132.0
129.0
131.0
132.0
132.0
127.0
123.0
122.0
122.0
122.0
123.0
126.0
124.0
124.0
125.0
123.0
123.0
124.0
124.0
121.0
120.0
120.0
120.0
120.0
120.0
122.0
121.0
122.0
120.0
120.0
120.0
120.0
118.0
119.0
119.0
119.0
121.0
121.0
120.0
120.0
121.0
119.0
119.0
119.0
120.0
120.0
119.0
120.0
116.0
116.0
116.0
116.0
118.0
112.0
111.0
105.0
104.0
107.0
110.0
110.0
110.0
110.0
116.0
112.0
113.0
115.0
108.0
106.0
108.0
108.0
108.0
106.0
106.0
104.0
105.0
105.0
103.0
107.0
102.0
106.0
99.0
101.0
105.0
101.0
100.0
104.0
102.0
106.0
105.0
105.0
103.0
98.0
103.0
103.0
101.0
102.0
101.0
98.0
101.0
95.0
100.0
94.0
96.0
95.0
103.0
96.0
94.0
94.0
99.0
95.0
98.0
97.0
91.0
95.0
95.0
88.0
86.0
88.0
99.0
96.0
91.0
94.0
93.0
93.0
95.0
95.0
93.0
92.0
91.0
91.0
91.0
91.0
88.0
91.0
90.0
90.0
88.0
89.0
89.0
87.0
87.0
92.0
86.0
87.0
89.0
89.0
89.0
89.0
87.0
83.0
80.0
80.0
82.0
82.0
82.0
81.0
85.0
86.0
83.0
87.0
83.0
85.0
84.0
80.0
81.0
81.0
85.0
83.0
80.0
82.0
83.0
84.0
83.0
84.0
84.0
82.0
84.0
81.0
83.0
84.0
80.0
80.0
80.0
79.0
74.0
72.0
69.0
70.0
72.0
70.0
70.0
69.0
69.0
67.0
68.0
65.0
65.0
64.0
65.0
65.0
63.0
61.0
58.0
58.0
58.0
55.0
57.0
56.0
55.0
55.0
53.0
53.0
54.0
53.0
51.0
52.0
52.0
53.0
56.0
55.0
52.0
52.0
51.0
51.0
50.0
49.0
49.0
49.0
47.0
48.0
50.0
54.0
54.0
55.0
49.0
47.0
43.0
41.0
40.0
39.0
35.0
38.0
40.0
40.0
46.0
40.0
38.0
50.0
47.0
45.0
52.0
58.0
56.0
55.0
53.0
49.0
52.0
49.0
48.0
46.0
46.0
46.0
46.0
46.0
43.0
45.0
46.0
45.0
44.0
42.0
45.0
43.0
43.0
43.0
43.0
44.0
43.0
43.0
42.0
42.0
42.0
43.0
42.0
42.0
42.0
41.0
43.0
45.0
44.0
44.0
43.0
43.0
44.0
44.0
42.0
43.0
42.0
42.0
42.0
41.0
42.0
42.0
41.0
40.0
37.0
34.0
31.0
31.0
31.0
31.0
30.0
31.0
31.0
34.0
34.0
35.0
35.0
34.0
33.0
36.0
38.0
35.0
36.0
35.0
35.0
34.0
35.0
34.0
34.0
31.0
34.0
33.0
33.0
34.0
34.0
31.0
29.0
28.0
27.0
33.0
32.0
29.0
29.0
29.0
29.0
29.0
28.0
29.0
29.0
29.0
29.0
29.0
28.0
28.0
28.0
26.0
25.0
24.0
24.0
23.0
24.0
23.0
25.0
23.0
23.0
23.0
26.0
25.0
25.0
27.0
27.0
26.0
26.0
26.0
25.0
22.0
24.0
25.0
25.0
24.0
25.0
23.0
24.0
24.0
25.0
25.0
24.0
25.0
24.0
24.0
25.0
25.0
25.0
23.0
24.0
23.0
24.0
23.0
24.0
24.0
24.0
25.0
24.0
25.0
24.0
23.0
23.0
23.0
23.0
23.0
22.0
23.0
23.0
23.0
23.0
27.0
26.0
29.0
34.0
31.0
30.0
30.0
30.0
30.0
29.0
28.0
29.0
28.0
28.0
30.0
35.0
39.0
34.0
31.0
30.0
33.0
46.0
43.0
43.0
47.0
50.0
47.0
46.0
40.0
40.0
38.0
35.0
35.0
35.0
35.0
35.0
34.0
31.0
34.9
35.1
38.2
44.1
51.9
50.7
49.0
53.1
49.2
49.4
52.9
53.7
52.0
51.7
48.7
44.2
45.9
47.1
44.8
43.6
44.7
45.6
44.5
43.5
42.0
43.8
49.8
44.7
43.0
42.5
44.3
41.1
39.6
39.8
38.4
41.0
33.3
27.9
27.0
26.6
27.6
27.8
27.7
27.7
28.2
28.5
28.4
28.3
28.1
28.5
28.2
27.7
27.8
27.8
27.9
27.6
27.1
27.4
29.3
28.3
27.9
28.0
28.0
27.75
27.9
27.7
27.15
26.95
27.9
27.5
27.5
26.55
26.4
26.2
26.6
26.3
26.2
26.1
26.3
26.5
26.1
25.75
25.55
25.3
25.5
26.5
26.0
25.7
25.6
25.4
25.0
24.75
24.7
25.05
25.0
24.8
25.4
25.3
25.2
24.9
25.2
25.15
25.0
25.15
25.0
24.95
25.0
25.25
25.35
25.15
26.4
26.35
26.1
25.25
25.65
27.0
27.45
28.7
27.75
27.9
27.75
27.3
27.85
28.15
28.05
27.65
27.9
27.85
27.65
27.3
26.7
27.05
27.95
27.1
27.0
25.35
25.25
24.75
24.95
25.5
25.2
23.6
23.7
22.85
22.7
22.15
23.0
22.7
22.9
22.75
22.8
22.75
22.65
22.6
22.7
22.75
22.35
22.45
22.5
22.6
23.35
23.0
22.95
23.1
23.0
23.65
23.15
23.1
23.65
23.75
23.65
23.75
23.55
23.75
23.85
23.0
22.5
22.55
22.95
22.75
22.45
22.6
22.5
22.7
22.2
22.05
21.9
21.9
21.95
20.75
20.55
20.8
20.45
20.4
20.35
19.95
20.0
19.55
20.0
19.85
20.3
20.65
20.6
20.25
20.05
20.25
20.9
21.0
21.35
21.6
20.55
20.4
20.4
20.55
20.55
20.95
21.0
20.85
20.9
20.7
20.75
20.65
20.35
21.1
20.85
20.5
20.5
20.5
20.9
20.85
20.85
20.25
20.05
20.15
19.95
20.0
19.9
20.2
20.05
19.95
19.85
20.25
20.25
20.4
20.2
20.5
20.15
20.1
19.95
19.8
20.0
20.0
19.95
19.65
18.75
18.65
17.85
18.3
18.65
18.9
19.05
18.1
18.6
18.2
18.3
18.05
18.05
18.2
18.25
18.1
17.85
17.8
17.7
17.75
17.2
17.5
17.25
16.95
16.75
16.8
16.8
16.65
16.7
16.55
16.65
16.55
16.4
16.45
16.3
16.15
18.4
21.0
19.65
19.25
19.65
20.0
19.25
19.0
19.85
19.9
19.8
19.6
20.15
19.95
20.1
20.75
20.25
19.9
19.8
20.2
20.3
20.55
20.2
20.05
20.3
20.15
20.05
19.65
19.75
19.5
19.45
19.8
19.6
19.65
19.65
19.4
19.3
19.05
18.95
18.2
18.3
17.75
16.85
17.35
17.5
17.3
17.45
16.8
15.15
14.9
12.55
13.85
13.7
15.3
14.8
14.8
14.9
15.4
16.2
15.8
15.95
15.5
15.15
15.2
15.1
15.3
15.45
15.7
17.2
17.0
17.0
16.9
18.5
18.3
17.7
17.3
17.4
17.3
17.2
17.05
17.3
17.45
18.35
18.5
18.35
18.3
18.25
22.9
21.35
22.3
22.5
22.2
21.3
19.95
20.2
20.4
20.85
20.9
20.85
20.7
20.25
20.1
20.15
20.05
19.25
19.1
19.2
20.15
19.6
19.95
19.35
19.2
19.3
19.2
19.5
19.25
19.2
19.0
19.0
19.05
18.95
19.15
18.9
18.8
18.75
18.85
18.85
18.7
18.65
18.6
18.7
18.7
18.5
18.5
18.55
18.5
18.8
19.9
20.0
20.15
19.45
19.5
19.5
19.7
19.3
19.1
18.85
19.05
19.75
19.35
19.35
19.6
19.4
19.05
19.25
19.1
19.15
19.35
19.45
19.3
19.05
19.05
19.25
18.9
18.8
18.85
18.75
18.85
18.8
18.65
18.65
18.5
18.05
17.9
17.85
18.2
18.25
18.15
18.0
18.3
18.05
18.05
17.95
18.25
18.05
17.95
17.85
17.5
17.6
17.5
17.25
16.8
17.25
17.1
16.95
17.0
17.3
17.55
17.5
17.75
16.7
16.1
15.7
14.7
14.95
14.55
14.5
13.5
13.15
12.9
13.3
13.4
13.75
13.7
13.15
13.25
13.2
12.9
12.95
