close
558.0
551.9
550.2
556.0
557.3
558.0
559.5
555.1
554.5
552.0
551.0
553.0
552.4
555.0
555.0
555.2
556.8
559.7
559.8
559.9
558.8
559.4
559.5
559.6
559.6
558.6
559.2
559.9
559.9
559.1
559.3
559.3
559.3
559.6
559.4
559.4
559.6
559.3
559.6
559.5
559.4
559.5
559.6
560.1
559.3
559.3
559.3
559.4
559.4
559.6
559.5
559.4
559.9
560.0
559.9
560.0
562.4
561.7
560.0
560.0
559.2
560.0
560.2
559.7
559.8
559.9
561.2
561.0
560.3
560.6
559.7
559.0
559.2
559.4
559.3
558.9
558.2
558.8
558.2
557.6
557.4
557.2
558.6
560.7
562.1
559.8
562.0
560.8
561.8
562.1
560.8
561.0
561.6
561.1
559.8
559.6
560.9
560.0
560.2
560.3
560.7
561.6
563.5
564.2
564.7
568.5
579.7
587.9
587.2
584.6
587.8
585.8
583.8
584.4
585.3
585.2
584.9
583.9
584.6
585.0
584.9
574.9
586.5
586.8
586.3
588.3
587.1
592.0
599.9
600.0
609.8
604.4
600.0
601.2
601.3
601.1
600.7
598.0
576.4
592.3
594.7
596.7
596.9
602.0
601.0
599.7
602.0
600.8
601.0
601.1
601.1
600.5
600.8
600.4
600.5
601.0
600.3
603.4
603.4
604.9
606.1
605.0
604.3
603.6
603.4
603.3
602.7
602.4
601.8
603.8
601.6
601.3
601.2
601.0
600.9
600.8
600.7
600.6
599.8
582.6
596.4
598.1
598.2
595.0
598.8
597.4
598.1
599.6
598.1
598.8
599.0
599.1
604.9
601.3
601.3
601.5
603.3
603.2
601.2
602.5
601.7
601.5
556.1
586.0
557.9
549.3
553.0
558.4
590.3
584.1
567.5
574.9
574.0
569.0
550.0
550.0
549.4
545.2
549.5
554.5
551.5
555.0
551.0
548.3
550.4
554.9
553.9
548.3
552.0
560.3
569.0
579.9
559.2
559.7
560.0
558.4
550.1
552.0
560.8
568.4
556.0
566.0
560.4
564.3
567.8
562.1
561.8
556.0
559.4
551.5
526.1
510.6
508.8
501.4
496.9
475.1
500.1
472.2
489.9
497.0
506.5
515.0
528.1
539.9
553.2
569.8
533.4
516.1
529.2
527.6
558.7
570.9
586.9
600.0
603.5
605.8
610.0
611.9
609.0
595.0
605.1
591.4
582.0
594.6
582.6
600.1
603.7
601.7
602.5
590.0
600.1
601.0
593.0
611.9
601.4
601.5
602.0
602.5
585.5
603.5
600.0
609.0
608.5
603.5
597.5
608.0
604.0
604.0
605.0
603.0
604.0
603.5
606.0
598.0
599.5
598.5
603.5
602.5
601.0
598.0
599.0
598.5
594.5
600.5
586.5
588.0
588.0
617.0
597.5
579.5
601.5
582.5
575.0
557.0
577.5
576.5
576.5
574.5
564.0
569.0
560.5
547.0
556.5
514.0
519.0
516.0
520.0
509.5
504.0
506.5
526.5
527.0
510.0
516.5
529.5
516.0
510.0
514.5
521.0
515.5
522.5
525.0
539.5
580.0
580.0
562.5
567.5
555.0
555.0
570.5
557.0
552.5
550.5
551.0
544.0
549.5
550.0
550.0
551.5
552.0
553.0
552.5
552.5
550.5
550.0
550.0
555.0
552.5
556.0
553.5
564.0
565.0
560.0
562.0
575.0
553.5
550.0
551.5
551.5
556.0
569.5
595.0
602.5
605.0
595.0
602.5
603.0
595.0
595.0
595.0
599.5
595.5
597.0
598.0
595.5
586.5
600.0
595.0
624.5
629.5
612.5
579.5
581.5
550.0
563.5
521.0
527.5
532.0
541.0
552.5
547.0
555.5
580.0
585.5
587.0
565.0
587.0
591.2
591.6
612.4
615.8
595.0
614.6
601.2
601.0
612.6
617.8
597.0
579.4
578.4
583.0
589.8
606.2
591.4
603.8
604.2
591.0
595.0
594.8
593.6
595.8
615.0
601.0
604.2
602.6
594.6
591.2
598.2
601.8
604.0
599.4
597.0
600.0
596.0
595.8
595.2
595.2
572.0
560.6
566.4
565.6
550.4
577.8
577.0
560.4
550.0
550.4
565.0
555.4
560.2
556.8
556.2
557.4
563.8
570.2
574.6
566.4
540.2
544.2
544.0
534.0
535.2
524.0
523.6
522.6
523.0
534.4
531.4
530.2
527.6
552.2
554.4
550.0
548.0
563.6
546.4
544.8
524.8
535.6
523.6
512.0
506.0
504.8
486.8
500.4
530.0
539.8
515.0
532.2
539.8
528.6
528.8
546.6
547.8
537.8
547.6
556.0
565.0
568.0
590.0
572.4
571.8
569.2
577.2
569.0
578.2
578.6
589.6
594.2
599.0
581.6
593.6
594.8
594.6
598.0
600.0
595.0
599.0
599.8
600.0
595.6
593.0
599.8
597.0
593.0
592.0
593.8
600.0
594.8
585.0
584.2
576.2
570.4
579.4
579.4
579.8
595.0
577.2
578.6
578.4
580.0
599.0
593.0
599.0
598.0
592.4
595.4
600.0
599.0
572.4
568.0
574.2
584.4
599.8
598.6
598.6
600.0
592.2
593.2
591.6
598.0
597.4
589.0
598.8
599.8
599.2
593.4
593.8
599.4
597.0
600.0
596.0
594.4
565.6
572.6
578.6
605.2
593.4
588.0
593.2
600.0
601.0
593.4
598.4
597.6
600.0
575.0
567.8
565.0
572.2
575.0
557.2
568.0
565.0
570.0
574.0
582.6
575.4
594.0
589.8
588.6
601.2
596.8
595.2
598.8
599.0
598.8
597.6
593.2
591.0
586.0
591.8
586.0
601.8
588.0
588.0
585.4
590.2
589.0
580.6
587.0
583.6
583.4
582.8
600.0
595.4
596.0
593.0
583.0
589.6
591.2
587.2
597.0
599.0
600.0
598.8
598.6
602.0
601.4
598.2
597.8
597.4
595.4
596.0
594.2
591.2
597.0
592.4
593.2
593.0
592.4
591.8
593.0
591.6
594.0
590.2
590.4
592.4
573.6
578.2
575.4
586.0
586.8
586.6
582.6
585.2
585.0
581.8
583.4
582.8
585.0
582.2
571.6
585.0
576.2
568.8
574.2
577.8
581.6
577.0
577.6
579.6
578.2
577.4
577.6
575.4
577.6
581.0
575.4
570.6
568.6
568.0
568.4
568.8
564.8
568.0
566.0
561.8
562.0
553.4
563.0
561.8
554.8
556.0
561.0
565.0
564.0
561.0
560.4
560.8
557.8
557.0
555.2
556.8
556.6
555.2
558.8
555.6
556.2
555.0
557.0
570.4
555.4
560.0
560.0
558.4
556.6
557.6
555.8
560.0
555.4
557.2
557.2
560.0
560.0
550.0
526.4
528.0
528.0
543.0
540.6
543.4
555.8
550.2
550.6
553.2
548.6
544.0
550.4
545.6
548.4
543.4
542.8
544.0
547.2
545.0
545.2
540.6
544.8
541.8
538.2
539.0
537.8
531.0
533.4
533.4
529.6
530.0
529.2
528.2
530.2
529.2
532.4
537.2
550.0
540.0
538.6
539.8
539.8
531.4
528.2
523.0
547.2
525.6
530.0
526.0
514.2
515.4
508.8
501.2
488.8
488.2
467.2
459.6
442.4
437.6
469.8
447.6
442.8
450.8
447.0
449.8
447.8
469.2
460.2
460.2
453.6
453.8
459.2
458.6
467.0
466.0
445.6
462.6
440.0
425.8
417.0
418.8
399.2
415.2
413.0
406.2
412.0
411.0
416.0
416.0
413.0
420.0
422.2
426.0
427.6
431.0
417.6
415.0
419.0
422.0
422.0
421.6
423.6
421.6
424.0
425.8
420.0
424.8
435.2
429.4
430.4
439.4
435.0
440.0
448.2
451.8
447.6
450.0
451.8
452.6
456.0
469.0
502.6
519.8
530.0
533.0
536.0
533.8
537.0
544.8
544.4
540.2
550.0
542.8
533.2
522.0
522.6
525.2
508.2
495.2
497.0
517.6
516.0
510.8
508.8
512.2
508.2
511.4
513.4
499.4
492.0
496.8
500.0
508.0
506.2
496.0
510.0
520.8
516.0
514.0
507.4
503.0
500.0
497.8
491.2
491.2
492.6
490.8
483.4
472.2
463.0
455.0
424.4
428.6
434.2
433.6
424.2
418.6
415.8
405.2
406.6
403.0
401.6
405.0
404.6
366.4
361.4
366.2
360.8
345.0
347.8
342.6
343.0
342.0
342.0
347.0
351.2
349.6
347.6
346.6
340.6
336.6
339.2
330.0
309.0
307.2
301.2
306.8
302.6
305.8
307.6
299.2
297.2
290.0
293.0
290.0
290.0
295.2
308.6
299.2
299.0
300.0
297.2
298.8
299.6
301.4
298.2
298.0
299.4
295.8
297.0
295.6
294.4
295.2
295.8
294.4
294.8
294.2
289.8
288.0
278.6
275.8
274.8
265.6
263.2
260.2
249.4
240.0
239.4
238.4
228.0
230.8
239.8
238.4
237.6
236.2
234.2
233.0
242.6
251.0
258.0
263.2
290.2
300.0
289.2
266.6
258.0
260.2
257.4
255.2
249.4
237.6
256.8
252.0
247.0
240.0
230.8
233.0
227.6
222.0
214.2
215.0
209.0
202.4
199.0
204.2
206.8
209.0
208.2
208.2
209.2
204.8
208.8
211.6
205.0
202.4
197.8
197.8
197.0
197.2
189.6
186.0
185.4
190.8
191.2
190.2
192.4
190.4
185.8
184.0
180.4
180.6
175.2
170.0
166.8
166.0
161.0
155.0
161.6
165.8
161.8
164.2
168.2
175.0
180.4
176.2
176.0
169.2
170.0
170.0
169.0
167.8
166.2
168.4
168.0
168.0
170.2
170.2
168.2
167.0
167.4
166.0
168.4
169.2
171.0
168.6
167.2
168.0
165.6
170.0
167.0
169.2
167.2
168.4
170.6
175.2
169.4
171.6
170.4
170.2
170.6
172.2
172.6
172.8
176.0
178.8
178.0
175.2
173.8
173.4
172.6
172.0
171.2
169.8
165.0
163.4
164.0
164.6
166.0
170.4
169.0
166.2
165.0
166.0
165.6
163.2
163.6
163.2
160.0
160.4
158.8
158.0
157.0
154.0
152.2
147.6
144.4
150.2
164.2
156.0
154.2
157.0
157.2
156.2
153.4
155.8
153.8
152.8
153.6
152.4
152.2
152.6
152.8
152.2
152.6
153.8
155.4
157.8
153.2
154.0
156.4
158.2
156.4
154.4
158.6
164.0
169.6
168.4
171.0
170.4
170.0
169.2
190.4
183.0
189.0
191.6
187.6
188.0
178.6
182.6
174.0
175.0
182.4
188.6
185.8
188.0
187.0
184.2
181.0
182.4
184.4
187.2
182.8
182.4
182.6
183.8
184.0
183.0
184.6
183.0
183.0
190.8
200.0
196.0
194.8
201.2
197.0
189.2
186.0
182.6
183.8
181.4
178.6
177.4
177.0
175.0
173.4
171.0
168.6
166.0
165.8
166.6
162.2
156.0
153.0
156.8
158.0
157.8
152.4
153.6
152.8
160.4
158.6
155.0
152.4
157.0
152.2
153.8
152.4
149.0
146.8
149.4
155.2
152.6
151.2
150.4
151.6
150.4
150.0
151.6
151.6
150.8
153.4
164.0
171.0
168.2
167.6
164.8
165.8
166.2
157.6
155.2
153.0
145.0
149.8
152.4
151.0
139.4
140.6
141.4
146.2
148.2
152.4
150.4
149.0
148.2
149.2
150.2
149.8
151.2
151.0
148.4
149.0
156.4
157.0
150.6
146.6
130.2
127.6
77.8
86.2
76.0
93.0
101.8
107.4
107.8
111.0
103.6
101.6
102.4
100.4
99.8
98.8
98.6
93.8
93.8
90.0
88.6
87.2
91.6
103.2
92.4
95.6
98.2
96.0
99.8
97.8
97.2
96.6
95.6
92.0
91.6
94.8
96.8
96.4
97.2
98.0
97.4
93.8
93.0
92.6
92.4
91.8
90.4
90.2
89.8
86.4
86.0
88.4
89.6
87.8
88.6
86.4
88.0
88.8
89.0
89.8
89.2
90.8
92.2
91.6
91.4
91.6
89.6
85.8
