close
0.8333
0.737
0.7809
0.7607
0.77
0.8
0.7301
0.84
0.77
0.756
0.7641
0.97
0.8245
0.787
0.784
0.75
0.7302
0.85
0.8059
1.0
0.9595
1.01
0.9999
0.8109
0.835
0.8215
0.994
0.8465
0.8279
0.9984
0.8315
0.9848
0.9875
0.94
0.814
0.807
0.9
0.9
0.95
1.0
0.97
0.97
0.98
0.97
1.007
1.033
1.2
1.2
1.28
1.35
1.35
1.039
1.19
1.399
1.45
1.55
1.261
1.21
1.291
1.315
1.3
1.14
1.1
1.013
0.926
0.901
0.823
0.974
1.161
1.15
1.033
0.97
1.15
1.159
0.987
1.0
1.0
1.098
0.99
1.14
1.05
0.95
0.931
0.93
0.98
1.049
1.1
1.279
1.279
1.274
1.085
1.02
1.279
1.101
1.001
1.0
1.0
1.15
1.089
1.0
1.1
1.22
1.22
1.24
1.07
1.15
1.045
1.112
1.2
1.222
1.28
1.1
1.151
1.2
1.29
1.483
1.341
1.258
1.25
1.15
1.115
1.106
1.105
1.011
1.123
1.12
1.024
1.027
1.122
1.03
1.03
1.112
1.1
1.1
1.035
1.046
1.044
1.036
1.159
1.155
1.09
1.1
1.1
1.119
1.12
1.054
1.056
1.033
1.042
1.031
1.035
1.031
1.031
1.059
1.026
1.05
1.047
1.0
1.049
1.02
1.045
1.015
1.025
1.02
1.01
1.0
1.01
1.02
1.02
1.02
1.045
1.0
1.02
0.99
0.985
0.97
0.94
0.94
1.055
1.025
1.025
1.025
1.035
1.0
1.03
1.04
1.1
1.035
1.075
1.07
1.04
1.04
1.04
1.08
1.08
1.05
1.055
1.105
1.215
1.1
1.485
1.41
1.38
1.48
1.495
1.46
1.445
1.515
2.095
2.925
4.09
5.72
8.0
11.19
11.4
12.77
8.3
9.01
8.95
7.17
6.05
6.12
6.205
6.225
6.53
9.13
8.22
7.305
7.0
6.8
6.26
6.07
6.3
5.615
4.86
4.22
4.15
3.825
3.7
3.69
3.855
3.805
3.655
3.645
3.665
3.825
3.7
3.7
3.56
3.6
3.565
3.615
3.625
3.615
3.58
3.6
3.57
3.595
3.6
3.525
3.46
3.625
3.6
3.53
3.52
3.46
3.39
3.5
3.4
3.32
3.51
3.45
3.52
3.6
3.41
3.46
3.5
3.44
3.43
3.48
3.47
3.55
3.53
3.51
3.48
3.46
3.43
3.41
3.38
3.37
3.34
3.28
3.24
3.24
3.21
3.24
3.2
3.2
3.2
3.33
3.35
3.38
3.34
3.29
3.28
3.24
3.26
3.22
3.3
3.24
3.17
3.18
3.14
3.23
2.98
3.01
3.0
4.19
5.85
4.78
4.39
4.41
4.23
4.4
4.46
4.06
3.95
4.09
3.95
3.99
4.12
4.64
4.24
4.24
4.15
4.1
4.13
4.12
4.09
4.01
4.0
4.03
4.0
3.95
3.95
3.91
3.9
3.88
4.0
3.9
4.04
4.07
4.0
4.01
3.98
3.99
3.96
3.97
4.01
4.01
3.91
3.86
3.98
3.99
3.96
3.9
3.91
3.91
3.89
3.81
3.8
3.79
3.94
3.92
3.94
3.82
3.87
3.85
3.79
3.79
3.91
3.89
3.83
3.9
3.95
4.03
3.91
3.87
3.89
3.89
3.88
3.88
3.81
3.82
3.82
3.79
3.8
3.79
3.75
3.7
3.58
3.58
3.52
3.46
3.9
3.67
3.71
3.65
3.55
3.63
3.57
3.62
3.66
3.65
3.83
3.83
3.84
3.79
3.81
3.72
3.68
3.7
3.63
3.6
3.6
3.53
3.53
3.51
3.47
3.46
3.5
3.48
3.5
3.57
3.55
3.53
3.54
3.53
3.51
3.53
3.51
3.65
3.49
3.33
3.3
3.56
3.41
3.28
3.2
2.9
2.71
2.69
2.59
2.72
2.59
2.5
2.55
2.55
2.69
2.57
2.51
2.51
2.45
2.38
2.32
2.4
2.38
2.29
2.23
2.06
2.0
2.02
1.94
2.2
2.1
2.05
2.07
2.0
1.83
1.9
1.94
1.94
1.93
1.92
1.95
1.94
1.91
1.88
1.93
1.95
1.92
1.93
1.95
2.03
2.03
1.95
1.92
1.93
1.96
1.91
1.87
1.86
1.83
1.79
1.81
1.81
1.83
1.78
1.66
1.63
1.67
1.64
1.78
1.76
1.72
1.87
1.77
1.81
1.81
1.76
1.76
1.74
1.78
1.73
1.76
1.72
1.71
1.7
1.74
1.71
1.68
1.7
1.7
1.72
1.72
1.69
1.69
1.69
1.8
2.12
2.05
1.87
1.79
1.85
1.79
1.9
1.9
1.91
1.94
1.99
1.94
1.93
1.94
1.98
1.95
1.88
1.91
1.91
1.93
1.9
1.93
1.93
1.94
1.95
1.95
1.9
1.88
1.87
1.88
1.88
1.86
1.9
1.9
1.89
1.86
1.9
1.91
1.9
1.9
1.94
1.91
1.95
1.95
1.92
1.9
1.88
1.88
1.89
1.88
1.91
1.87
1.87
1.81
1.8
1.82
1.84
1.83
1.83
1.95
1.92
1.91
1.91
1.92
1.91
1.91
1.95
1.93
1.92
1.92
1.95
1.93
1.92
1.91
1.93
1.9
1.89
1.9
1.9
1.89
1.91
1.9
1.91
1.9
1.88
1.89
1.91
1.89
1.88
1.88
1.88
1.86
1.87
1.86
1.86
1.84
1.87
1.89
1.87
1.89
1.87
1.9
1.9
1.91
1.93
1.96
2.04
2.02
2.0
1.99
2.0
2.0
1.99
1.98
1.98
2.01
2.0
2.06
2.1
2.28
2.24
2.34
2.42
2.55
2.53
2.51
2.51
2.62
2.87
2.79
2.8
2.91
2.93
2.86
2.92
2.95
2.97
3.01
2.98
2.95
2.96
2.96
3.05
3.17
3.26
3.26
3.18
2.95
2.84
2.93
2.95
2.99
2.96
3.08
3.12
3.07
3.05
3.07
3.05
3.07
3.1
3.1
3.08
3.08
3.07
3.07
3.14
3.11
3.09
2.84
2.86
2.85
2.7
2.69
2.66
2.59
2.52
2.39
2.6
2.52
2.5
2.55
2.49
2.63
2.6
2.62
2.55
2.54
2.47
2.47
2.46
2.45
2.45
2.45
2.45
2.48
2.46
2.46
2.5
2.47
2.47
2.41
2.46
2.43
2.45
2.41
2.41
2.42
2.32
2.34
2.4
2.16
2.2
2.12
2.16
2.15
2.09
2.13
2.22
2.21
2.17
2.19
2.2
2.17
2.17
2.19
2.17
2.24
2.18
2.17
2.21
2.2
2.22
2.18
2.19
2.17
2.17
2.14
2.13
2.16
2.17
2.15
2.14
2.15
2.1
2.12
2.06
2.07
2.06
2.07
2.06
2.01
1.99
1.96
1.94
1.94
1.93
1.92
1.91
1.89
1.91
1.93
1.98
2.04
2.15
2.28
2.39
2.48
2.67
2.63
2.45
2.42
2.45
2.25
2.29
2.27
2.35
2.43
2.36
2.28
2.34
2.33
2.24
2.1
2.19
2.1
2.11
2.08
2.1
2.13
2.13
2.13
2.11
2.06
2.07
2.07
2.05
2.04
2.04
1.99
1.97
1.93
1.88
1.93
1.94
1.95
2.03
2.03
1.96
1.95
1.94
1.95
2.07
2.12
2.2
2.19
2.12
2.08
2.17
2.12
2.04
2.03
2.06
2.01
2.02
2.1
2.08
2.09
2.19
2.16
2.13
2.12
2.07
2.09
2.17
2.11
2.95
2.64
2.34
2.36
2.37
2.41
2.31
2.25
2.28
2.3
2.29
2.33
2.36
2.26
2.29
2.29
2.36
2.42
2.39
2.35
2.35
2.36
2.34
2.325
2.35
2.35
2.34
2.33
2.33
2.34
2.3
2.295
2.205
2.205
2.175
2.215
2.255
2.215
2.21
2.225
2.23
2.25
2.26
2.255
2.23
2.385
2.425
2.455
2.435
2.355
2.33
2.325
2.33
2.24
2.345
2.325
2.305
2.31
2.33
2.4
2.46
2.5
2.5
2.5
2.45
2.53
2.455
2.4
2.44
2.42
2.425
2.425
2.47
2.45
2.45
2.42
2.42
2.385
2.4
2.375
2.39
2.34
2.295
2.23
2.234
2.262
2.242
2.21
2.182
2.17
2.182
2.14
2.134
2.096
2.142
2.102
2.068
2.07
2.06
2.03
1.998
2.0
1.996
2.008
2.01
2.002
2.006
2.004
1.998
2.012
2.0
2.01
2.006
1.992
1.994
1.98
1.962
1.954
1.922
1.93
1.952
1.958
1.952
1.93
1.924
1.916
1.902
1.902
1.89
1.89
1.89
1.88
1.84
1.828
1.84
1.866
1.88
1.85
1.872
1.878
1.912
1.888
1.9
1.9
1.894
1.878
1.88
1.89
1.876
1.872
1.86
1.832
1.812
1.8
1.8
1.79
1.802
1.794
1.802
1.796
1.774
1.808
1.794
1.82
1.884
1.852
1.89
1.926
1.922
1.886
1.95
1.948
1.982
2.074
2.05
2.006
2.078
2.136
2.14
2.17
2.124
2.146
2.136
2.154
2.256
2.284
2.276
2.286
2.28
2.196
2.17
2.14
2.112
2.11
2.11
2.1
2.07
2.06
2.04
2.048
2.05
2.066
2.052
2.07
2.138
2.12
2.08
2.1
2.09
2.1
2.102
2.034
2.044
2.036
2.056
2.026
2.052
2.038
2.028
2.0
2.028
2.076
2.07
2.082
2.068
2.052
2.064
2.072
2.066
2.074
2.07
2.1
2.132
2.138
2.132
2.144
2.15
2.142
2.16
2.176
2.22
2.24
2.25
2.234
2.254
2.236
2.182
2.172
2.17
2.19
2.194
2.14
2.17
2.17
2.142
2.18
2.21
2.23
2.252
2.27
2.22
2.3
2.346
2.466
2.582
2.588
2.592
2.654
2.62
2.672
2.652
2.75
2.808
2.918
3.046
3.12
3.328
3.596
3.312
3.346
3.376
3.4
3.5
3.636
3.624
3.688
3.926
4.44
4.85
4.474
4.162
4.044
4.272
4.744
4.606
4.37
4.444
4.424
4.204
4.174
4.09
4.398
4.264
4.18
4.194
4.2
4.144
4.1
4.076
4.054
4.01
4.012
3.962
4.052
4.052
4.06
4.08
4.11
4.05
4.0
3.95
3.95
3.926
3.89
3.978
3.962
4.026
4.04
4.02
3.972
3.98
3.986
3.91
3.998
4.036
4.0
3.952
3.99
3.99
3.97
3.97
3.98
4.002
4.072
4.058
4.016
3.968
3.972
4.0
3.97
3.998
3.98
3.876
3.802
3.62
3.8
3.908
3.826
3.83
3.75
3.47
3.38
2.92
3.0
3.022
3.06
3.0
3.394
3.534
3.61
3.7
3.84
3.9
3.95
3.86
3.9
3.892
3.74
3.784
3.81
3.8
3.798
3.78
3.798
3.792
4.132
3.834
3.838
3.798
3.77
3.61
3.72
3.81
3.768
3.788
3.798
3.798
3.766
3.8
3.798
3.798
3.822
3.79
3.784
3.752
3.68
3.68
3.664
3.7
3.774
3.774
3.75
3.8
3.784
3.704
3.736
3.714
3.736
3.79
3.918
3.94
3.914
3.84
3.884
3.882
3.886
3.774
3.838
3.838
3.836
3.828
3.818
3.81
3.77
3.872
3.836
3.822
3.88
3.884
3.878
3.94
3.94
3.92
3.898
3.95
3.87
3.938
3.896
3.912
3.918
3.954
4.004
4.068
4.668
5.68
5.41
5.65
5.46
5.406
5.156
4.964
5.36
5.434
5.68
7.948
6.65
6.85
7.38
7.52
7.4
7.19
7.094
7.058
6.898
6.9
6.926
6.96
6.974
7.07
7.022
7.12
7.05
6.81
6.8
6.86
6.58
6.45
6.644
6.68
6.676
7.038
6.924
6.906
6.92
6.6
6.602
6.524
6.376
6.302
6.4
6.454
6.34
6.3
6.31
6.35
6.236
6.202
6.092
6.22
6.21
6.09
6.114
6.03
6.2
6.14
6.5
6.502
6.392
6.3
6.346
6.24
6.218
6.19
6.0
6.172
6.12
6.138
6.1
6.214
6.35
6.252
6.266
6.248
6.368
6.348
6.38
6.5
6.536
6.396
6.294
6.348
6.348
6.6
6.402
6.53
6.402
6.412
6.534
6.514
6.438
6.48
6.538
6.486
6.432
6.406
6.458
6.542
6.49
6.422
6.48
6.432
6.772
7.412
7.092
7.398
7.802
9.098
9.948
9.8
9.494
9.14
8.778
9.048
9.21
9.22
9.17
8.8
9.16
8.99
8.966
9.098
9.01
8.982
8.95
8.812
8.94
11.265
12.89
11.58
11.1
10.955
10.29
10.71
11.07
10.94
11.275
11.25
10.905
11.12
10.98
11.015
10.87
10.305
10.04
9.625
9.965
9.95
10.09
10.06
9.75
9.915
9.895
10.135
10.0
9.905
9.935
9.76
9.785
9.75
9.74
10.985
10.37
9.96
10.26
10.9
10.8
10.78
10.62
10.85
11.1
11.055
10.95
11.05
10.85
10.76
10.775
10.75
10.825
10.79
10.8
10.775
10.775
10.75
10.69
10.755
10.66
10.82
10.755
10.755
10.69
10.985
11.67
11.5
11.775
11.505
11.64
11.4
11.325
11.25
11.23
10.885
11.2
11.08
11.01
11.07
10.85
10.85
10.86
10.96
10.82
10.84
10.755
10.675
10.52
10.6
10.52
10.52
10.585
10.585
10.485
10.5
10.5
10.41
10.405
10.245
10.16
10.07
10.045
10.22
10.2
10.12
10.04
10.08
10.015
10.025
9.985
9.95
9.98
9.995
9.92
9.915
9.925
9.935
10.18
10.075
10.1
10.09
10.12
9.965
10.39
10.325
10.1
10.035
10.005
10.0
10.01
10.08
10.045
10.015
10.05
10.04
10.01
10.02
9.95
9.92
9.935
9.81
9.785
9.835
9.77
9.815
9.805
9.895
9.84
10.39
10.055
10.15
10.11
10.125
10.045
10.03
9.985
9.97
10.0
9.97
9.96
9.91
9.965
9.71
9.97
9.88
9.95
9.805
10.145
10.375
10.05
9.92
10.03
9.955
9.965
9.87
9.85
10.04
10.305
10.02
9.91
9.975
9.995
10.075
10.225
10.355
10.155
10.105
10.235
10.325
10.285
10.255
10.175
10.22
10.175
10.0
9.995
9.97
9.97
9.96
10.09
10.03
10.16
10.03
10.0
9.925
9.97
9.895
9.9
9.82
9.85
9.605
9.585
9.56
9.495
9.195
9.25
8.93
9.02
8.99
8.815
8.415
7.92
8.055
9.1
9.1
8.795
8.42
8.475
8.46
8.465
8.42
8.38
8.215
8.16
8.16
8.935
8.8
8.865
8.855
8.655
8.8
9.22
9.335
9.405
9.7
9.295
9.305
9.56
9.305
8.5
8.57
8.51
8.79
8.63
8.67
8.86
8.88
8.705
8.645
8.55
8.755
9.05
9.03
8.8
8.825
8.92
8.93
8.8
8.52
7.25
7.995
6.4
6.76
8.05
8.25
8.245
8.56
8.355
8.2
8.03
8.05
8.055
7.925
8.6
8.16
8.415
8.3
8.35
8.205
8.075
8.1
8.215
8.35
8.12
8.22
8.43
8.4
8.43
8.23
8.265
8.195
8.225
8.055
8.0
8.045
8.1
8.1
8.11
7.99
7.75
7.71
7.545
7.58
7.54
7.47
7.205
7.24
7.22
7.0
6.875
6.94
6.93
6.78
6.8
6.555
6.595
7.0
6.865
7.045
7.295
7.16
7.125
7.055
6.985
7.0
6.885
6.62
