close
0.5295
0.5201
0.514
0.5
0.4938
0.4883
0.4779
0.469
0.4698
0.4635
0.464
0.4591
0.451
0.4303
0.4598
0.455
0.4796
0.4786
0.479
0.4798
0.48
0.4666
0.4685
0.4798
0.486
0.4888
0.4756
0.4725
0.4608
0.4728
0.4669
0.4683
0.47
0.466
0.4709
0.472
0.4627
0.4561
0.4735
0.4644
0.459
0.4598
0.463
0.469
0.4629
0.4699
0.4715
0.4703
0.4679
0.4741
0.475
0.4774
0.4704
0.471
0.4697
0.4719
0.464
0.485
0.4959
0.4945
0.5013
0.5113
0.526
0.5194
0.5155
0.5184
0.52
0.5259
0.5395
0.5373
0.5384
0.5319
0.5414
0.5475
0.5438
0.55
0.5374
0.53
0.5349
0.535
0.529
0.516
0.522
0.529
0.527
0.526
0.52
0.509
0.517
0.531
0.52
0.519
0.533
0.532
0.533
0.537
0.516
0.516
0.521
0.522
0.545
0.547
0.546
0.571
0.57
0.555
0.568
0.571
0.569
0.58
0.566
0.562
0.557
0.573
0.555
0.558
0.556
0.561
0.574
0.574
0.572
0.565
0.55
0.56
0.559
0.556
0.54
0.527
0.523
0.54
0.537
0.53
0.519
0.454
0.481
0.499
0.519
0.53
0.539
0.55
0.539
0.545
0.57
0.56
0.575
0.566
0.578
0.57
0.581
0.556
0.56
0.549
0.54
0.543
0.549
0.546
0.564
0.554
0.54
0.537
0.534
0.535
0.525
0.529
0.535
0.551
0.55
0.551
0.554
0.551
0.562
0.581
0.596
0.598
0.582
0.587
0.59
0.599
0.585
0.6
0.605
0.614
0.613
0.62
0.624
0.62
0.6
0.576
0.59
0.593
0.578
0.566
0.582
0.569
0.56
0.551
0.543
0.543
0.529
0.515
0.51
0.518
0.513
0.53
0.536
0.538
0.541
0.534
0.521
0.521
0.52
0.529
0.519
0.522
0.521
0.522
0.517
0.519
0.519
0.524
0.518
0.52
0.52
0.519
0.522
0.535
0.527
0.521
0.528
0.526
0.523
0.526
0.519
0.523
0.523
0.522
0.525
0.524
0.523
0.521
0.522
0.516
0.514
0.507
0.51
0.507
0.503
0.498
0.504
0.499
0.496
0.493
0.496
0.502
0.499
0.518
0.501
0.495
0.495
0.486
0.482
0.481
0.478
0.475
0.476
0.478
0.479
0.47
0.469
0.463
0.471
0.474
0.473
0.477
0.479
0.487
0.482
0.474
0.484
0.473
0.471
0.469
0.461
0.466
0.467
0.468
0.469
0.472
0.476
0.475
0.473
0.475
0.475
0.478
0.473
0.476
0.484
0.488
0.486
0.49
0.495
0.495
0.477
0.487
0.485
0.506
0.502
0.498
0.496
0.496
0.509
0.508
0.515
0.525
0.521
0.519
0.517
0.515
0.522
0.516
0.515
0.515
0.511
0.5
0.501
0.501
0.503
0.505
0.501
0.506
0.506
0.506
0.509
0.513
0.514
0.51
0.507
0.505
0.506
0.509
0.511
0.51
0.507
0.508
0.527
0.522
0.538
0.534
0.53
0.523
0.535
0.531
0.554
0.562
0.541
0.545
0.565
0.572
0.586
0.569
0.568
0.545
0.548
0.563
0.606
0.6
0.606
0.594
0.6
0.59
0.59
0.595
0.59
0.59
0.589
0.589
0.577
0.575
0.584
0.579
0.58
0.58
0.586
0.585
0.583
0.586
0.593
0.589
0.586
0.582
0.58
0.584
0.593
0.593
0.599
0.625
0.639
0.611
0.614
0.606
0.599
0.587
0.58
0.59
0.6
0.598
0.61
0.602
0.599
0.606
0.61
0.61
0.612
0.611
0.619
0.619
0.626
0.625
0.624
0.62
0.614
0.612
0.618
0.612
0.609
0.639
0.645
0.649
0.657
0.645
0.652
0.665
0.7
0.697
0.692
0.677
0.697
0.71
0.709
0.701
0.7
0.695
0.7
0.72
0.717
0.709
0.705
0.708
0.7
0.7
0.696
0.7
0.692
0.689
0.686
0.697
0.7
0.707
0.731
0.81
0.766
0.746
0.768
0.79
0.762
0.75
0.772
0.798
0.812
0.809
0.85
0.81
0.805
0.807
0.852
0.849
0.838
0.858
0.887
0.874
0.867
0.856
0.845
0.845
0.837
0.841
0.82
0.803
0.789
0.842
0.877
0.872
0.868
0.799
0.765
0.85
0.87
0.877
0.889
0.884
0.887
0.874
0.88
0.87
0.878
0.907
1.072
1.16
1.19
1.189
1.186
1.197
1.195
1.189
1.14
1.249
1.275
1.249
1.268
1.282
1.273
1.27
1.285
1.277
1.274
1.265
1.309
1.294
1.29
1.279
1.293
1.29
1.55
1.67
1.586
1.627
1.687
1.69
1.634
1.627
1.638
1.627
1.617
1.628
1.667
1.847
1.863
1.85
1.798
1.815
1.797
1.814
1.88
1.95
2.01
2.05
2.078
2.082
2.032
2.019
2.011
2.016
2.02
2.0
2.0
2.007
2.009
2.005
1.951
1.953
1.984
1.978
1.928
1.949
1.962
1.934
1.938
1.934
1.902
1.901
1.898
1.969
1.94
1.907
1.877
1.872
1.886
1.924
1.893
1.869
1.864
1.869
1.86
1.87
1.868
1.92
1.872
1.868
1.878
1.879
2.314
2.274
2.242
2.284
2.239
2.266
2.178
2.199
2.218
2.22
2.244
2.273
2.224
2.242
2.26
2.265
2.235
2.224
2.228
2.22
2.237
2.264
2.278
2.27
2.244
2.225
2.228
2.222
2.2
2.215
2.214
2.216
2.208
2.21
2.208
2.202
2.038
2.145
2.11
2.095
2.069
2.108
2.135
2.165
2.2
2.209
2.218
2.196
2.188
2.205
2.196
2.196
2.191
2.18
2.192
2.182
2.184
2.23
2.22
2.22
2.196
2.19
2.177
2.245
2.214
2.214
2.206
2.219
2.239
2.271
2.375
2.449
2.394
2.374
2.385
2.391
2.377
2.375
2.372
2.382
2.296
2.326
2.283
2.266
2.139
2.086
2.116
2.078
2.225
2.218
2.104
1.919
1.995
2.007
1.968
1.984
2.02
2.06
2.057
2.053
1.991
1.996
1.996
1.978
1.98
1.966
1.997
1.991
1.995
2.0
2.028
2.123
2.15
2.062
2.099
2.069
2.078
2.073
2.118
2.099
2.11
2.13
2.119
2.138
2.175
2.18
2.173
2.239
2.242
2.238
2.214
2.207
2.21
2.207
2.2
2.165
2.172
2.172
2.141
2.132
2.105
2.119
2.127
2.166
2.143
2.131
2.132
2.188
2.063
2.067
2.067
2.029
2.031
2.01
2.019
2.027
2.01
1.971
1.984
1.994
2.034
2.075
2.082
2.094
2.156
2.164
2.198
2.2
2.2
2.191
2.201
2.204
2.202
2.2
2.27
2.319
2.34
2.335
2.298
2.34
1.955
1.92
1.816
1.745
1.673
1.737
1.823
1.848
1.81
1.764
1.769
1.769
1.745
1.75
1.77
1.771
1.769
1.762
1.777
1.783
1.786
1.756
1.759
1.775
1.816
1.876
1.949
1.95
1.964
1.964
1.924
1.918
1.92
1.9
1.927
1.921
1.918
1.936
1.93
1.93
1.925
1.926
1.906
1.925
1.936
1.895
1.888
1.864
1.84
1.832
1.838
1.831
1.82
1.81
1.809
1.815
1.817
1.823
1.829
1.835
1.829
1.836
1.823
1.811
1.81
1.772
1.742
1.724
1.74
1.757
1.77
1.707
1.649
1.629
1.706
1.683
1.661
1.613
1.614
1.61
1.68
1.657
1.642
1.63
1.617
1.548
1.52
1.532
1.572
1.562
1.566
1.547
1.547
1.518
1.508
1.519
1.504
1.51
1.479
1.494
1.519
1.502
1.506
1.567
1.561
1.593
1.666
1.647
1.654
1.608
1.549
1.522
1.541
1.534
1.507
1.49
1.562
1.626
1.607
1.611
1.6
1.61
1.615
1.65
1.655
1.651
1.651
1.646
1.67
1.817
1.811
1.771
1.762
1.748
1.709
1.7
1.72
1.709
1.729
1.718
1.71
1.638
1.651
1.66
1.655
1.669
1.651
1.67
1.649
1.643
1.661
1.662
1.681
1.674
1.649
1.643
1.611
1.59
1.565
1.539
1.534
1.537
1.551
1.569
1.572
1.546
1.548
1.555
1.554
1.553
1.574
1.549
1.538
1.519
1.544
1.546
1.543
1.564
1.559
1.564
1.569
1.569
1.688
1.55
1.574
1.533
1.536
1.548
1.53
1.558
1.615
1.596
1.619
1.66
1.634
1.607
1.622
1.624
1.625
1.598
1.599
1.575
1.578
1.563
1.567
1.56
1.56
1.564
1.555
1.574
1.603
1.609
1.594
1.595
1.557
1.515
1.507
1.508
1.496
1.435
1.41
1.409
1.385
1.358
1.346
1.402
1.372
1.38
1.387
1.395
1.41
1.395
1.39
1.368
1.36
1.37
1.38
1.379
1.378
1.371
1.369
1.383
1.387
1.387
1.386
1.367
1.355
1.358
1.363
1.36
1.361
1.361
1.369
1.357
1.351
1.335
1.341
1.354
1.362
1.345
1.349
1.353
1.346
1.352
1.395
1.371
1.358
1.351
1.352
1.336
1.322
1.298
1.304
1.276
1.285
1.276
1.266
1.266
1.274
1.285
1.254
1.233
1.24
1.22
1.22
1.211
1.229
1.281
1.301
1.283
1.253
1.288
1.296
1.297
1.302
1.313
1.337
1.364
1.36
1.36
1.418
1.41
1.4
1.303
1.308
1.304
1.293
1.304
1.353
1.35
1.317
1.311
1.341
1.371
1.371
1.357
1.348
1.349
1.37
1.366
1.374
1.382
1.385
1.353
1.361
1.345
1.307
1.291
1.302
1.311
1.311
1.309
1.327
1.358
1.349
1.336
1.34
1.339
1.34
1.336
1.335
1.333
1.31
1.312
1.341
1.346
1.333
1.337
1.356
1.402
1.366
1.397
1.364
1.363
1.368
1.368
1.365
1.368
1.36
1.367
1.353
1.346
1.337
1.359
1.357
1.358
1.34
1.355
1.36
1.369
1.38
1.402
1.398
1.398
1.396
1.397
1.405
1.422
1.42
1.422
1.486
1.513
1.52
1.518
1.539
1.528
1.522
1.519
1.513
1.49
1.486
1.491
1.492
1.485
1.491
1.495
1.477
1.489
1.475
1.475
1.451
1.436
1.442
1.442
1.438
1.439
1.439
1.455
1.435
1.44
1.42
1.412
1.413
1.422
1.411
1.408
1.398
1.38
1.386
1.371
1.36
1.37
1.376
1.38
1.387
1.392
1.398
1.393
1.388
1.39
1.432
1.421
1.426
1.426
1.435
1.468
1.488
1.469
1.472
1.482
1.47
1.466
1.461
1.468
1.472
1.469
1.468
1.458
1.448
1.48
1.464
1.459
1.464
1.466
1.47
1.457
1.456
1.481
1.487
1.474
1.465
1.462
1.476
1.486
1.54
1.633
1.589
1.58
1.559
1.572
1.525
1.551
1.587
1.589
1.569
1.528
1.532
1.54
1.62
1.657
1.641
1.627
1.662
1.738
1.716
1.753
1.77
1.727
1.692
1.737
1.666
1.699
1.688
1.672
1.685
1.699
1.695
1.669
1.62
1.551
1.516
1.535
1.499
1.469
1.494
1.467
1.47
1.462
1.461
1.475
1.461
1.454
1.46
1.45
1.457
1.452
1.485
1.474
1.455
1.443
1.456
1.445
1.458
1.421
1.387
1.355
1.361
1.355
1.353
1.376
1.387
1.415
1.459
1.438
1.437
1.426
1.446
1.46
1.473
1.484
1.473
1.468
1.49
1.474
1.487
1.487
1.511
1.535
1.556
1.53
1.524
1.561
1.569
1.576
1.566
1.526
1.509
1.57
1.569
1.584
1.535
1.491
1.511
1.5
1.505
1.5
1.5
1.508
1.48
1.477
1.48
1.462
1.472
1.476
1.46
1.487
1.48
1.486
1.481
1.485
1.487
1.495
1.499
1.485
1.475
1.474
1.472
1.47
1.464
1.45
1.447
1.449
1.446
1.454
1.468
1.469
1.469
1.466
1.483
1.469
1.483
1.476
1.476
1.478
1.453
1.448
1.451
1.461
1.466
1.493
1.503
1.499
1.504
1.507
1.526
1.544
1.581
1.57
1.614
1.649
1.655
1.623
1.654
1.629
1.637
1.663
1.681
1.724
1.775
1.772
1.785
1.75
1.783
1.838
1.867
1.87
1.907
1.878
1.985
1.895
1.918
1.939
1.928
1.867
1.83
1.85
1.875
1.836
1.806
1.79
1.819
1.864
1.875
1.859
1.911
1.86
1.866
1.845
1.847
1.827
1.853
1.761
1.688
1.705
1.766
1.74
1.71
1.629
1.452
1.438
1.195
1.21
1.122
1.088
1.022
1.118
1.14
1.174
1.33
1.334
1.338
1.371
1.351
1.39
1.377
1.394
1.419
1.478
1.465
1.5
1.527
1.531
1.514
1.53
1.47
1.49
1.505
1.469
1.43
1.46
1.485
1.481
1.498
1.533
1.553
1.546
1.585
1.705
1.9
1.9
1.91
1.955
1.945
1.93
1.934
1.954
1.971
2.19
2.195
2.236
2.389
2.35
2.312
2.346
2.37
2.39
2.425
2.374
2.339
2.371
2.377
2.38
2.387
2.165
2.152
2.141
2.127
2.085
2.074
2.04
2.071
2.075
2.04
2.021
2.003
2.124
2.145
2.146
2.072
2.07
2.08
2.054
2.052
2.02
2.046
2.05
2.049
2.11
2.145
2.121
2.101
2.081
2.062
2.06
2.127
2.082
2.119
2.145
2.133
2.149
2.13
2.13
2.149
2.138
2.164
2.12
2.125
2.135
2.129
2.128
2.058
2.054
2.078
2.065
2.07
2.062
2.055
2.009
2.041
2.05
2.039
2.011
2.023
2.0
1.998
2.008
2.051
2.04
2.052
2.042
2.051
2.082
2.025
2.047
2.04
2.033
2.029
2.018
2.026
2.021
2.018
2.0
2.0
2.013
2.0
1.998
1.998
1.996
1.928
1.969
1.945
1.928
1.904
1.916
1.92
1.924
2.068
2.028
1.981
1.906
1.961
1.961
2.053
2.03
2.046
2.053
2.072
2.07
2.083
2.084
2.068
2.136
2.1
2.107
2.093
2.115
2.113
2.123
2.121
2.124
2.135
2.115
2.125
2.125
2.136
2.137
2.13
2.109
2.118
2.113
2.08
2.101
2.09
2.098
2.1
2.1
2.08
2.103
2.115
2.123
2.13
2.203
2.2
2.201
2.224
2.211
2.213
2.243
2.225
2.232
2.21
2.2
2.191
2.181
2.193
2.209
2.172
2.152
2.166
2.17
2.16
2.163
2.125
2.151
2.159
2.155
2.138
2.139
2.16
2.138
2.17
2.16
2.175
2.187
2.234
2.202
2.187
2.164
2.214
2.188
2.153
2.157
2.153
2.15
2.16
2.145
2.146
2.128
2.137
2.148
2.15
2.138
2.164
2.151
2.118
2.12
2.093
2.097
2.044
2.056
2.073
2.093
2.092
2.102
2.097
2.05
2.082
2.065
2.042
2.043
2.052
2.02
2.015
2.01
2.025
2.023
2.023
2.049
2.045
2.057
2.062
2.068
2.087
2.095
2.065
2.04
2.033
2.054
2.074
2.073
2.066
2.085
2.069
2.082
2.076
2.069
2.068
2.069
2.06
2.044
2.048
2.021
2.017
2.021
2.009
2.0
2.034
2.033
2.034
2.029
2.032
2.023
2.033
2.021
2.019
2.02
2.018
2.018
2.021
2.016
1.998
2.002
2.007
2.006
2.007
2.007
2.004
1.998
1.996
1.998
1.998
1.997
2.0
1.995
1.982
1.987
1.991
1.982
1.977
1.944
1.908
1.8
1.82
1.911
1.895
1.891
1.861
1.851
1.865
1.897
1.913
1.92
1.924
1.929
1.935
1.927
1.909
1.891
1.89
1.898
1.9
1.892
1.898
1.888
1.857
1.873
1.9
1.959
1.914
1.925
1.979
1.971
1.996
1.995
2.005
2.022
2.057
2.052
2.027
2.011
1.976
1.957
1.964
1.97
1.987
1.97
1.922
1.928
1.924
1.928
1.9
1.931
1.902
1.9
1.921
1.93
1.911
1.911
1.908
1.952
1.96
1.952
1.991
1.982
2.135
2.032
2.029
2.175
2.113
2.086
2.061
2.051
2.045
2.029
2.0
1.979
2.001
1.991
1.984
1.979
1.987
1.955
1.95
1.937
1.925
1.964
1.937
1.946
1.915
1.908
1.871
1.883
1.899
1.899
1.877
1.885
1.882
1.89
1.894
1.895
1.835
1.842
1.844
1.836
1.815
1.778
1.745
1.715
1.771
1.768
1.741
1.754
1.768
1.731
1.744
1.758
1.75
1.751
1.779
1.827
1.835
1.787
1.768
1.778
1.787
1.882
1.836
1.817
1.802
1.74
1.776
1.774
1.722
1.695
1.695
1.721
1.72
1.734
1.756
1.763
1.758
1.729
1.741
1.731
1.76
1.758
1.755
1.714
1.698
1.739
1.75
1.738
1.69
1.599
1.66
1.053
1.484
1.191
1.26
1.373
1.438
1.467
1.479
1.411
1.426
1.433
1.408
1.381
1.353
1.356
1.299
1.33
1.272
1.252
1.265
1.26
1.259
1.235
1.26
1.309
1.276
1.296
1.264
1.271
1.286
1.298
1.274
1.281
1.33
1.504
1.464
1.403
1.371
1.338
1.401
1.403
1.431
1.418
1.396
1.313
1.295
1.258
1.267
1.242
1.228
1.228
1.23
1.229
1.239
1.262
1.283
1.289
1.292
1.267
1.25
1.281
1.286
1.31
1.315
1.3
1.255
