close
0.53
0.533
0.535
0.532
0.532
0.56
0.544
0.527
0.533
0.551
0.545
0.554
0.548
0.55
0.545
0.55
0.553
0.542
0.551
0.544
0.533
0.516
0.515
0.523
0.52
0.519
0.504
0.504
0.496
0.511
0.503
0.496
0.497
0.482
0.482
0.49
0.488
0.492
0.505
0.496
0.485
0.486
0.494
0.503
0.499
0.507
0.504
0.509
0.506
0.518
0.525
0.522
0.522
0.526
0.514
0.525
0.507
0.515
0.519
0.518
0.533
0.525
0.532
0.529
0.529
0.532
0.529
0.535
0.533
0.538
0.531
0.53
0.559
0.565
0.553
0.542
0.532
0.525
0.523
0.525
0.521
0.5105
0.5208
0.5249
0.526
0.5207
0.522
0.513
0.5152
0.5167
0.514
0.5165
0.5189
0.5225
0.515
0.5118
0.5081
0.5075
0.5079
0.509
0.51
0.5189
0.5169
0.5317
0.529
0.5219
0.5239
0.5296
0.5315
0.5285
0.5102
0.5256
0.5206
0.5293
0.516
0.5197
0.505
0.512
0.5095
0.5218
0.5157
0.5173
0.5225
0.5186
0.522
0.5164
0.4941
0.4634
0.4485
0.4559
0.4415
0.4234
0.3925
0.321
0.3475
0.372
0.4344
0.4449
0.463
0.458
0.4527
0.4419
0.4415
0.4151
0.4292
0.4415
0.4672
0.4554
0.4485
0.4469
0.4609
0.4559
0.452
0.4426
0.4387
0.4483
0.4497
0.4406
0.4239
0.4251
0.42
0.408
0.4129
0.4101
0.4105
0.4228
0.431
0.4418
0.4546
0.46
0.465
0.5202
0.569
0.5595
0.5461
0.5654
0.55
0.5948
0.5767
0.607
0.6322
0.6417
0.6385
0.6362
0.637
0.643
0.6213
0.6
0.5975
0.6177
0.578
0.5576
0.5535
0.5603
0.5332
0.505
0.4968
0.5199
0.5006
0.4918
0.4972
0.5123
0.5078
0.54
0.545
0.5529
0.5725
0.5589
0.5576
0.5486
0.5277
0.5412
0.5339
0.5521
0.5461
0.5407
0.544
0.5457
0.5345
0.5459
0.5442
0.5436
0.54
0.5388
0.526
0.563
0.5515
0.5445
0.556
0.5515
0.548
0.551
0.543
0.538
0.5395
0.536
0.536
0.5385
0.546
0.54
0.5375
0.5375
0.5285
0.526
0.5275
0.5135
0.5165
0.514
0.5235
0.517
0.514
0.502
0.5015
0.5035
0.501
0.52
0.4885
0.497
0.495
0.487
0.48
0.48
0.4685
0.48
0.4805
0.4795
0.479
0.471
0.4755
0.462
0.472
0.4725
0.4765
0.4835
0.4815
0.487
0.479
0.4725
0.4845
0.4695
0.4695
0.4675
0.4565
0.4615
0.4645
0.4655
0.4715
0.472
0.4715
0.4725
0.4695
0.4705
0.4735
0.469
0.4735
0.4705
0.4725
0.4695
0.464
0.458
0.459
0.4475
0.425
0.437
0.4395
0.451
0.46
0.452
0.446
0.4465
0.4515
0.45
0.4505
0.4585
0.4585
0.4595
0.4595
0.4595
0.457
0.451
0.446
0.421
0.435
0.4235
0.42
0.4145
0.4225
0.416
0.4255
0.424
0.419
0.4175
0.4235
0.4225
0.42
0.4225
0.4295
0.43
0.4315
0.4285
0.428
0.428
0.4215
0.4235
0.464
0.47
0.463
0.4465
0.446
0.45
0.4635
0.4535
0.4648
0.4736
0.461
0.4533
0.4431
0.4479
0.448
0.4395
0.433
0.4356
0.4454
0.456
0.4535
0.4559
0.463
0.4467
0.4549
0.4492
0.4441
0.4419
0.4425
0.449
0.4448
0.4433
0.4335
0.4248
0.4348
0.4339
0.4382
0.4364
0.4418
0.4536
0.4579
0.4695
0.46
0.461
0.4653
0.467
0.4525
0.4561
0.4599
0.458
0.463
0.473
0.4755
0.467
0.465
0.4504
0.4511
0.4417
0.4375
0.4441
0.4372
0.446
0.4577
0.4511
0.4596
0.462
0.4621
0.4503
0.4553
0.4591
0.4715
0.4838
0.4786
0.47
0.4749
0.476
0.4615
0.4657
0.4685
0.471
0.4775
0.4965
0.4805
0.4811
0.4975
0.485
0.4882
0.4919
0.5367
0.515
0.5233
0.5244
0.5337
0.5609
0.5761
0.573
0.569
0.5597
0.571
0.5899
0.5821
0.5656
0.5754
0.59
0.596
0.5884
0.5943
0.593
0.5735
0.5825
0.576
0.572
0.595
0.6058
0.6426
0.641
0.624
0.6351
0.635
0.6367
0.6212
0.5995
0.6049
0.64
0.6522
0.6544
0.65
0.6259
0.6272
0.6273
0.654
0.6234
0.6313
0.6374
0.631
0.625
0.6196
0.603
0.603
0.6113
0.602
0.6
0.5823
0.5881
0.588
0.6125
0.6109
0.6232
0.636
0.6465
0.635
0.5997
0.5802
0.5976
0.5895
0.596
0.5965
0.5867
0.5823
0.586
0.597
0.623
0.6255
0.6342
0.6348
0.6175
0.6115
0.6
0.603
0.6075
0.61
0.62
0.6155
0.6177
0.6556
0.7119
0.692
0.6915
0.714
0.7016
0.6999
0.695
0.6926
0.7081
0.7
0.6932
0.702
0.7426
0.845
0.8657
0.8525
0.829
0.8744
0.8736
0.839
0.8656
0.8585
0.8693
0.87
0.8677
0.87
0.926
0.9063
0.9203
0.898
0.9111
0.9
0.904
0.9159
0.9395
0.9381
0.9451
0.924
0.9454
0.9301
0.9365
0.932
0.9325
0.93
0.9481
0.958
0.947
0.9322
0.928
0.91
0.8909
0.9039
0.853
0.8701
0.8884
0.8866
0.9039
0.903
0.887
0.865
0.8804
0.88
0.933
0.9205
0.9106
0.8752
0.8685
0.871
0.905
0.8907
0.8911
0.8801
0.8805
0.8968
0.8825
0.8955
0.9071
0.8905
0.9041
0.9101
0.9064
0.9367
0.965
0.976
1.018
0.996
1.0118
0.9905
0.9879
1.0
1.0037
1.02
1.05
1.045
1.0925
1.16
1.1515
1.1334
1.1121
1.1216
1.1299
1.134
1.1595
1.1781
1.2097
1.1736
1.1665
1.205
1.205
1.2247
1.2889
1.3004
1.275
1.3
1.3279
1.305
1.2896
1.17
1.1918
1.18
1.128
1.1098
1.13
1.157
1.1495
1.1329
1.1439
1.1703
1.1797
1.1864
1.2044
1.2225
1.25
1.2479
1.26
1.223
1.2152
1.197
1.234
1.24
1.2291
1.236
1.243
1.2178
1.219
1.232
1.2548
1.2385
1.2267
1.2285
1.2651
1.252
1.2585
1.2483
1.247
1.248
1.2386
1.24
1.2472
1.245
1.238
1.1668
1.17
1.1014
1.045
0.9999
1.02
1.0662
1.0367
1.063
1.026
0.9616
0.8329
0.883
0.907
0.897
0.8858
0.91
0.9499
0.9639
0.978
0.9937
0.999
0.9932
0.9435
0.923
0.932
0.9757
0.9398
0.9579
0.988
0.9905
0.994
0.949
0.9021
0.901
0.89
0.913
0.882
0.9149
0.885
0.8772
0.8641
0.8601
0.934
0.937
0.9239
0.9099
0.96
0.9598
0.9371
0.922
0.9158
0.9241
0.9111
0.904
0.8842
0.8839
0.9078
0.873
0.8595
0.833
0.8575
0.8608
0.8335
0.795
0.7528
0.77
0.7639
0.726
0.7617
0.7849
0.7636
0.7586
0.7566
0.7687
0.7585
0.7395
0.7245
0.748
0.7396
0.7635
0.779
0.784
0.783
0.7919
0.8138
0.82
0.8042
0.797
0.792
0.811
0.811
0.802
0.8028
0.87
0.8522
0.8708
0.8938
0.869
0.8453
0.8538
0.8631
0.8507
0.8373
0.8315
0.8501
0.8722
0.866
0.845
0.8644
0.875
0.871
0.874
0.8803
0.8791
0.9103
0.893
0.871
0.89
0.9035
0.9286
0.9212
0.9232
0.9294
0.958
0.9799
0.9593
0.976
0.9873
1.0111
1.0168
0.9958
1.0198
1.0324
1.0548
1.0475
1.053
1.075
1.09
1.113
1.122
1.107
1.0952
1.099
1.118
1.059
1.0694
1.0579
1.0201
1.0271
1.0293
1.031
1.0131
1.0175
1.017
1.017
1.0061
1.0191
1.0414
1.0667
1.066
1.0641
1.0484
1.0499
1.0739
1.024
1.01
0.967
0.9799
0.9597
0.938
0.915
0.924
0.9472
0.9524
0.9471
0.9475
0.9289
0.9325
0.9326
0.9368
0.929
0.9347
0.9276
0.921
0.874
0.8847
0.866
0.9093
0.8997
0.9102
0.907
0.8994
0.903
0.8869
0.875
0.8451
0.858
0.8301
0.8299
0.83
0.8304
0.8174
0.845
0.8534
0.8587
0.8694
0.884
0.8745
0.849
0.8118
0.8175
0.82
0.8193
0.8038
0.8035
0.8224
0.8204
0.8355
0.8375
0.8317
0.8344
0.84
0.8425
0.8277
0.825
0.8178
0.8275
0.8347
0.8944
0.9315
0.93
0.9368
0.9151
0.8902
0.8978
0.9168
0.9135
0.906
0.9067
0.9252
0.8907
0.9062
0.8908
0.8771
0.8805
0.883
0.8885
0.8555
0.8415
0.8492
0.8425
0.8471
0.8441
0.873
0.847
0.8301
0.8337
0.8286
0.8273
0.825
0.8248
0.8371
0.8345
0.8464
0.8189
0.8242
0.8295
0.8207
0.8217
0.817
0.8146
0.8034
0.7782
0.785
0.761
0.7605
0.7594
0.765
0.7708
0.7707
0.7758
0.837
0.7627
0.7601
0.7459
0.7553
0.7465
0.7345
0.768
0.7805
0.7813
0.8
0.847
0.8278
0.8229
0.8424
0.8619
0.8495
0.835
0.8301
0.8101
0.8216
0.8205
0.8202
0.8258
0.8332
0.8385
0.831
0.8245
0.8265
0.8282
0.8243
0.824
0.8
0.7997
0.7976
0.7983
0.7941
0.8013
0.7971
0.7978
0.8049
0.8025
0.7986
0.8004
0.802
0.804
0.8045
0.8301
0.8349
0.8215
0.8193
0.801
0.8002
0.7956
0.7933
0.787
0.799
0.8094
0.7981
0.791
0.7953
0.7921
0.7893
0.7916
0.7842
0.79
0.7976
0.7802
0.7677
0.7721
0.7958
0.795
0.7806
0.7906
0.783
0.7911
0.7821
0.7767
0.7803
0.7835
0.7827
0.7672
0.7659
0.7671
0.7621
0.7595
0.7602
0.7498
0.7399
0.7389
0.72
0.714
0.696
0.7
0.7015
0.708
0.7022
0.699
0.6823
0.6724
0.6982
0.6864
0.6764
0.673
0.677
0.6968
0.6774
0.6794
0.675
0.68
0.6661
0.6613
0.6717
0.678
0.6857
0.7018
0.7236
0.7331
0.7177
0.7091
0.7072
0.7203
0.7141
0.7164
0.7185
0.7115
0.7966
0.8019
0.777
0.77
0.7549
0.739
0.7224
0.6961
0.6985
0.6881
0.705
0.7153
0.7219
0.72
0.7306
0.707
0.7161
0.7
0.675
0.6783
0.6787
0.674
0.6738
0.677
0.702
0.7201
0.7094
0.709
0.7164
0.714
0.72
0.7235
0.7316
0.714
0.7003
0.718
0.72
0.721
0.7218
0.7181
0.7425
0.773
0.73
0.7548
0.7403
0.7483
0.739
0.7427
0.7506
0.7628
0.7465
0.758
0.752
0.7505
0.7519
0.7711
0.7755
0.7712
0.783
0.7721
0.781
0.7741
0.7638
0.7755
0.7845
0.7852
0.7762
0.7922
0.8
0.8004
0.7999
0.8065
0.8448
0.8813
0.893
0.8905
0.94
0.9719
0.97
0.973
0.972
0.971
0.98
0.9817
0.982
0.976
0.9725
0.975
0.972
0.974
0.9771
0.981
0.9885
0.9895
0.99
0.9905
0.99
0.988
0.989
1.028
1.017
1.0197
1.0209
0.987
0.9842
0.9919
0.97
0.9749
0.9701
0.97
0.9735
0.9706
0.97
0.9726
0.97
0.97
0.9702
0.971
0.97
0.972
0.9705
0.97
0.97
0.97
0.97
0.97
0.99
1.0047
1.035
1.005
1.03
1.055
1.05
1.0371
1.0378
1.0501
1.052
1.0625
1.064
1.0617
1.0899
1.0971
1.0817
1.0742
1.0896
1.069
1.0731
1.0761
1.08
1.0942
1.1156
1.1089
1.1049
1.1136
1.0865
1.12
1.178
1.254
1.25
1.2238
1.2497
1.2471
1.1988
1.2427
1.2806
1.2849
1.2429
1.2153
1.2342
1.28
1.31
1.349
1.3311
1.3377
1.3594
1.4294
1.3805
1.45
1.46
1.4417
1.4129
1.42
1.3463
1.3802
1.385
1.38
1.4222
1.408
1.4191
1.4
1.3502
1.2933
1.2788
1.2878
1.249
1.235
1.2319
1.18
1.1998
1.1948
1.2037
1.191
1.1781
1.171
1.1839
1.1799
1.207
1.1826
1.1919
1.1775
1.177
1.1631
1.164
1.1737
1.165
1.1232
1.09
1.062
1.0801
1.0613
1.07
1.0625
1.0719
1.1136
1.1399
1.1088
1.1164
1.1144
1.1375
1.158
1.1728
1.1933
1.184
1.19
1.193
1.199
1.2123
1.2086
1.2329
1.26
1.2913
1.26
1.2425
1.2563
1.2521
1.2401
1.2301
1.1918
1.19
1.2258
1.2101
1.2349
1.197
1.157
1.19
1.1831
1.187
1.1835
1.1845
1.1871
1.176
1.173
1.1691
1.171
1.1947
1.1943
1.191
1.2017
1.1721
1.1811
1.186
1.1797
1.189
1.193
1.1935
1.178
1.178
1.2132
1.2115
1.186
1.185
1.18
1.1763
1.1654
1.175
1.1686
1.1942
1.18
1.171
1.1825
1.2082
1.1907
1.1842
1.1849
1.191
1.1996
1.172
1.17
1.1707
1.1844
1.1943
1.25
1.2949
1.2944
1.295
1.29
1.339
1.3771
1.3705
1.3676
1.3668
1.4
1.4057
1.3681
1.3942
1.3839
1.4156
1.4167
1.4326
1.4795
1.509
1.5016
1.4828
1.4638
1.52
1.5799
1.5559
1.5415
1.5972
1.5771
1.65
1.6071
1.6403
1.643
1.68
1.6018
1.6278
1.635
1.6454
1.6125
1.6049
1.593
1.6237
1.675
1.669
1.672
1.688
1.6402
1.6831
1.6489
1.675
1.6087
1.63
1.5231
1.4489
1.461
1.5161
1.4764
1.45
1.3798
1.2186
1.1626
1.02
1.0289
1.0109
0.9744
0.8884
0.9206
1.032
1.0401
1.218
1.1772
1.174
1.1525
1.1522
1.1792
1.167
1.2
1.1997
1.2896
1.2405
1.2989
1.3391
1.347
1.305
1.3319
1.2562
1.2587
1.2661
1.2355
1.2095
1.2286
1.243
1.2257
1.257
1.2711
1.304
1.283
1.2867
1.288
1.29
1.288
1.29
1.3076
1.305
1.3002
1.287
1.3125
1.3161
1.3887
1.3979
1.4485
1.5292
1.609
1.5765
1.5812
1.653
1.735
1.716
1.6497
1.6
1.611
1.5763
1.55
1.5641
1.4616
1.5571
1.5552
1.5617
1.549
1.512
1.5316
1.5543
1.5269
1.505
1.5289
1.4935
1.5403
1.549
1.5444
1.5215
1.5448
1.5443
1.5342
1.554
1.512
1.5049
1.5098
1.5135
1.5542
1.6388
1.61
1.6019
1.6065
1.6024
1.5886
1.6112
1.5602
1.592
1.6336
1.62
1.6175
1.5992
1.585
1.5858
1.5937
1.5935
1.603
1.5915
1.5782
1.5727
1.591
1.53
1.5199
1.5224
1.5095
1.5093
1.514
1.4844
1.4525
1.4845
1.4701
1.4588
1.4436
1.457
1.448
1.4518
1.4483
1.481
1.4716
1.4802
1.462
1.5268
1.5371
1.492
1.4993
1.4743
1.4941
1.4679
1.488
1.472
1.4785
1.4487
1.453
1.4688
1.4515
1.4348
1.4313
1.4196
1.4295
1.4061
1.4279
1.4038
1.3939
1.3643
1.3932
1.382
1.4255
1.5048
1.4748
1.4515
1.3795
1.43
1.4452
1.492
1.4867
1.532
1.5625
1.5915
1.605
1.6715
1.6558
1.6619
1.6901
1.6731
1.685
1.6755
1.7
1.7265
1.7124
1.7093
1.73
1.726
1.6934
1.7173
1.7128
1.6937
1.7081
1.708
1.7
1.6891
1.6819
1.6626
1.662
1.6763
1.7118
1.736
1.7052
1.7
1.7039
1.7319
1.7135
1.7125
1.8192
1.781
1.7702
1.7735
1.775
1.7635
1.7733
1.7661
1.7458
1.7331
1.722
1.7044
1.724
1.7073
1.707
1.669
1.6668
1.698
1.6889
1.6593
1.67
1.6145
1.6315
1.63
1.6411
1.6652
1.6876
1.6927
1.71
1.7337
1.7169
1.7272
1.7398
1.7675
1.759
1.7319
1.7127
1.741
1.7109
1.7056
1.696
1.698
1.703
1.7037
1.6753
1.6673
1.68
1.6913
1.6644
1.6627
1.6641
1.687
1.6663
1.6268
1.5899
1.5862
1.5672
1.5049
1.5112
1.519
1.5325
1.5212
1.525
1.5209
1.5045
1.5027
1.4943
1.471
1.4689
1.4975
1.4678
1.47
1.4701
1.452
1.4511
1.4528
1.4284
1.4112
1.4794
1.468
1.4575
1.4945
1.4791
1.4434
1.4467
1.4308
1.4355
1.467
1.4644
1.4548
1.459
1.445
1.435
1.4304
1.4225
1.4196
1.423
1.4202
1.432
1.4279
1.4149
1.3858
1.4113
1.4104
1.4074
1.4128
1.422
1.4119
1.41
1.41
1.4044
1.3981
1.4017
1.3877
1.3907
1.404
1.4006
1.3902
1.3808
1.3785
1.3816
1.3684
1.39
1.3711
1.371
1.3704
1.3659
1.357
1.3572
1.3577
1.3649
1.3534
1.3727
1.3607
1.3646
1.3645
1.358
1.3588
1.326
1.3213
1.278
1.2712
1.3122
1.291
1.2962
1.3063
1.2999
1.3184
1.3072
1.3234
1.3096
1.294
1.281
1.2863
1.2725
1.2635
1.281
1.2789
1.2674
1.2617
1.2531
1.264
1.25
1.2273
1.236
1.2478
1.2884
1.281
1.29
1.3197
1.3258
1.3127
1.33
1.3661
1.4119
1.4486
1.4
1.4099
1.3795
1.384
1.3927
1.3658
1.3404
1.33
1.3305
1.2725
1.2819
1.3007
1.2968
1.2869
1.3105
1.2862
1.2919
1.2816
1.2859
1.288
1.3333
1.3189
1.346
1.3778
1.39
1.401
1.4472
1.4417
1.4395
1.4352
1.4462
1.453
1.4115
1.4182
1.4278
1.4123
1.402
1.403
1.3936
1.4068
1.3992
1.3967
1.409
1.4144
1.4097
1.3762
1.3948
1.3831
1.3917
1.3888
1.3792
1.3573
1.3232
1.2544
1.2865
1.2896
1.3076
1.2504
1.2637
1.2528
1.2509
1.2779
1.2614
1.2502
1.2513
1.2341
1.216
1.2081
1.1247
1.117
1.1299
1.1244
1.1122
1.1135
1.1097
1.1068
1.1242
1.1208
1.12
1.1143
1.1199
1.1223
1.18
1.2079
1.162
1.1577
1.1601
1.1667
1.1725
1.1498
1.1166
1.1149
1.0176
1.037
1.037
1.0339
0.981
1.0134
0.9966
1.008
1.0031
1.048
1.033
1.0104
0.9886
0.9995
0.988
1.019
1.051
1.0388
1.0174
1.003
1.0319
1.04
0.9983
0.9745
0.7913
0.866
0.61
0.6602
0.575
0.5934
0.6893
0.754
0.75
0.7498
0.7269
0.709
0.715
0.705
0.7004
0.6848
0.6853
0.662
0.6585
0.6455
0.6385
0.6389
0.633
0.6302
0.6083
0.6291
0.6654
0.6405
0.6476
0.6456
0.6431
0.6495
0.67
0.6455
0.6412
0.683
0.7122
0.7088
0.697
0.6791
0.66
0.6625
0.6563
0.6959
0.6929
0.6624
0.6427
0.6314
0.612
0.6079
0.5875
0.5782
0.573
0.5764
0.5827
0.5913
0.6004
0.6082
0.6065
0.6221
0.6153
0.601
0.6031
0.613
0.6192
0.6288
0.6223
0.5931
