close
11221
11200
12500
13989
13200
13300
12500
12500
12500
12500
12500
13800
12500
13600
13600
13000
12900
11500
12500
9950
8100
8900
11000
10900
10500
10000
11000
10000
10100
9500
12800
11000
12000
12000
12000
12000
11000
11000
10850
10300
12450
12000
13400
12500
12000
11100
11100
13000
12500
12500
11800
11800
12950
12550
11750
12900
13150
13500
12000
11000
11950
11950
10400
11950
11150
11950
11900
11900
11100
11900
11950
11900
11950
11100
11750
11650
11350
12150
12600
11900
12850
12000
12000
12000
11000
11450
11350
11400
11850
11850
10800
11800
10900
11650
11500
11400
10900
11250
10600
11600
11600
11050
11000
10550
11000
10750
11050
11050
11300
10700
11000
11050
11000
11000
11200
10800
10500
11000
11100
10900
11200
11600
11500
11850
11450
11750
10850
11800
11850
11600
11900
11850
12300
12000
15450
15650
15150
14350
14800
14000
14800
13600
13650
13700
13350
13500
13600
13400
13700
14150
13900
13600
13500
13400
13450
13350
13350
13850
14200
14600
14900
14900
14650
14450
15550
15600
15600
15800
15000
14050
13350
13050
13100
12750
12800
13600
13000
13000
13000
12800
13150
12800
12900
13300
13100
13100
13050
12900
12800
12750
12350
12000
11950
11900
11850
11550
11500
11700
11000
10800
10800
10700
10750
10750
11450
11350
11700
11500
11650
11700
11800
11800
11650
11800
12350
11950
13000
13800
14450
14150
14050
14150
13900
13300
13350
13650
13900
13900
14200
13900
14000
13750
14200
14300
14150
14200
14050
14050
13850
13600
14000
13650
14000
13750
13350
13300
13300
13600
13600
13300
13350
13000
13200
13000
13000
13000
12950
13000
12950
13000
12850
13300
12950
12900
12850
12800
12650
12800
12900
12800
12400
12950
12900
12800
12750
12650
12400
12500
12500
12500
12500
12400
12500
12400
12350
12300
12350
11750
12300
12300
12300
12000
12000
12300
12000
12000
11950
12000
11950
12200
12000
12400
12150
12100
12200
12200
12150
12300
12150
12250
12150
12300
12400
12200
12250
12150
12150
12150
12100
12200
12600
12650
12650
12650
12700
13100
13500
13400
13700
13400
13200
13050
12450
12500
12600
12550
12100
12950
13150
13300
13150
13350
13400
12350
13650
13350
13600
13350
13100
12700
13100
13000
12900
13000
13000
13000
13000
12900
13050
13000
12750
12900
12700
12950
12950
12950
13050
13150
13000
13200
13300
13600
13250
13200
13350
13450
14000
13900
14250
14400
14450
13950
14000
14000
13800
13300
13250
13250
13250
13200
13200
13100
13000
13050
13250
13200
12950
12950
13150
12900
12950
12850
12800
12800
12800
13050
13150
13200
13000
13150
13200
13100
13000
13200
13400
13550
13600
13400
13400
13350
13600
13400
13150
13150
13400
13200
13200
13450
13250
13450
13500
14700
14950
14750
15000
14650
14950
14100
14050
14100
14150
13950
13900
13950
13700
13850
14100
14000
14150
14150
14100
14300
14550
14750
14850
15450
15350
14450
14350
14350
14200
14450
14550
14500
14850
14900
14700
14600
14350
14250
14250
14400
14500
14350
14200
14200
14100
14300
14050
13900
14000
14150
14100
14150
14100
14250
14500
14300
14200
14050
13950
13900
14150
14050
14050
14650
15000
15500
16050
16050
15900
16000
16300
16250
16100
16150
17400
18350
19000
18650
18750
19500
18850
18050
18050
18050
18000
17850
17800
16350
16700
17000
17000
16950
17000
17000
16950
16700
16700
17000
16550
17000
17000
16950
16850
17000
16800
16700
17000
16850
16300
16450
16350
16200
16150
16350
16300
15850
15800
15600
16000
16400
16400
16150
16350
16400
16650
16450
16000
16200
16400
15700
14900
15000
15350
14400
14600
14600
15250
14800
14650
14850
15450
15800
15800
15450
15200
15150
15400
16750
16700
16150
15500
15150
15050
15200
15250
14700
14900
14900
14700
15150
14750
14800
15000
15000
14850
14800
15000
14800
15000
15050
15200
14750
14750
15000
15000
14950
14750
14750
14950
14700
14700
14800
14900
14800
14800
15000
14700
14800
15100
15000
14700
14900
14900
14700
14700
14900
14700
14600
15000
15000
14600
14700
14700
14700
14700
14800
15200
15000
15000
14600
14500
15200
14800
14600
14700
14700
14600
14900
14700
14700
14400
14400
14800
14500
14500
14800
14700
14900
14500
14600
14500
14700
14500
14500
14500
14500
14200
14300
14400
14300
14600
14300
14400
14300
14300
14300
14500
14300
14300
14300
14700
14400
14400
14300
14300
14300
14200
14300
14000
13900
14000
14100
14100
14200
14500
14300
14200
14300
14300
14500
14900
14800
14900
15000
14900
14900
14800
15900
15600
15500
15700
15400
15800
15500
15400
15400
15700
15500
15300
15400
15400
15200
15500
15100
15200
15000
14800
14600
14500
14100
14400
14300
14000
14000
14000
14000
14000
13900
13800
13600
13600
13100
13300
13300
13300
13500
13100
13350
13150
13350
13400
13350
13250
13500
14050
13850
14150
14100
14350
13800
14100
14200
14050
14300
14250
14350
14250
14450
14250
14200
14500
14550
14500
14250
14450
14550
14600
13950
14200
14300
14850
14800
14550
14600
14600
14500
15000
15050
14900
15000
14900
15050
15000
15000
14950
15000
15150
15000
14850
14850
15150
14850
14700
14900
14900
14650
14650
14600
14550
14500
15100
15300
16200
16200
16250
17000
16800
16700
16800
16500
16250
16800
16800
16800
17050
16700
16600
16750
16600
16600
16550
16450
16450
16400
16300
16250
16550
16400
16600
16400
16500
16250
16300
16700
16850
16700
16050
16250
16200
16400
16450
16600
16950
16700
16800
16300
17800
18250
18250
18050
18000
18400
18400
18050
18000
18100
17800
18400
18850
18850
18350
18700
18950
18600
18800
19400
20300
20000
20150
20000
20000
19600
21800
24600
23350
24350
23700
23150
22600
22450
22550
22450
22600
22250
22300
23200
24800
24550
25500
26100
25600
25800
26300
25900
25250
26800
24150
23650
23850
24900
24500
24750
24700
23000
23200
20650
23050
21350
19650
19250
19800
20800
21100
21450
21350
20750
21350
20700
20950
20700
21500
21500
21650
21800
22500
22450
21750
21950
22150
21750
21300
22300
22000
21600
21250
20850
21400
20850
20500
20300
20950
21000
20600
20700
20700
20850
21000
20950
21000
21000
20650
20750
20850
20900
20750
20750
20800
21000
21000
21100
21600
23200
22500
22150
22600
22450
21900
23800
24500
23600
23250
23550
23100
23350
22900
22500
23700
23850
23550
23050
23000
23600
25000
25800
26600
26850
26700
26050
27300
28300
28500
30000
29450
28450
28350
28650
28650
27050
26900
26800
27000
27100
26250
26300
27350
26800
26600
26850
27000
27150
27550
27000
26850
26600
27350
26700
26350
26450
26450
26300
26200
26150
28500
27700
28050
27700
27300
27250
26300
27700
27700
27700
27300
26600
26250
26650
27300
27400
26550
26300
25950
25050
26500
26550
26650
28500
28500
28300
30100
31500
30800
33350
32850
34900
37050
45750
43900
38400
41050
41200
40700
39100
39100
43850
44300
44250
44700
43350
45050
43700
45000
44500
44750
42550
42100
43450
43450
42550
41600
41550
43450
42950
43200
43350
43450
44400
44500
45800
46000
48000
47550
47500
45600
47750
46850
45650
47200
46650
45450
45500
47000
45500
44200
44500
44400
44500
45700
45300
45000
44800
44600
45200
45800
44600
43200
42000
41700
42500
42200
42000
42000
42400
40900
41300
41000
41800
40600
40400
40200
39700
40100
41000
40900
40000
40000
40700
40100
40100
40000
39500
39100
39100
39000
38800
38000
38800
38600
39400
39300
39000
39100
37600
37300
37700
37700
36800
37100
37100
36700
37800
39500
38700
39100
39800
39300
39100
38600
39400
39200
38000
37900
38200
37600
37700
38400
38700
37900
38000
37800
37700
37800
36900
38500
37900
38100
37300
37000
37100
37700
37700
37300
37200
37100
37200
37000
37800
37300
37600
37300
37000
36900
37100
36900
37500
37500
37800
36700
36600
37500
37100
36600
36400
36900
36800
36100
36600
36700
36300
36300
36100
35800
35500
35200
35700
34700
35100
34700
35300
35300
35300
35400
35900
35500
35900
36300
36000
35500
36200
36100
36100
36300
36300
35900
36000
35200
35200
35000
34900
35400
35000
35300
34700
35000
34400
34700
35000
34600
34300
34400
34500
34300
34500
35000
35000
35000
35000
34700
34700
34900
34800
34500
34200
34300
34100
34100
37300
36400
36000
35600
35000
35200
35300
35000
35100
34200
34800
34500
35300
35100
34200
33700
33500
32600
31700
31000
30500
30100
31900
31800
31600
31000
31600
31300
30800
30600
30700
31100
32400
32400
33000
33300
32000
31300
30000
30300
30500
30500
29000
29500
29300
29400
29300
30600
29600
29700
29300
29200
29500
30000
29100
29300
29500
27900
27700
25700
24400
23300
24100
27900
30700
30500
28300
30700
29400
27000
28000
27000
27600
26700
28000
27300
27700
27800
27800
28000
26900
27800
27400
26800
27100
26100
26100
26300
26400
25500
25500
27300
26100
26700
26100
26000
26100
25800
26200
25500
27000
27000
26600
25500
25500
26200
26200
25700
26600
25700
25400
25300
25300
24500
