close
53.5
54.19
53.14
53.23
53.14
55.35
56.48
55.91
57.05
58.05
58.6
61.29
64.6
64.55
60.98
58.92
60.16
61.75
55.1
56.3
55.75
50.51
54.44
60.2
59.4
58.6
58.9
60.63
59.19
56.55
57.2
56.9
54.75
52.71
52.34
54.77
54.62
55.32
56.2
57.32
57.71
56.78
57.15
59.59
60.0
59.06
58.35
59.0
59.4
60.79
61.3
62.72
60.97
60.71
62.2
62.0
61.85
60.5
59.99
59.8
60.2
60.14
59.9
62.5
63.1
62.5
64.09
62.51
62.14
62.82
61.5
62.3
62.88
63.66
63.74
65.52
65.9
65.08
65.24
64.31
64.7
63.2
61.87
63.1
63.7
62.1
62.48
63.89
63.5
63.4
65.26
65.1
65.14
64.79
64.66
63.6
64.1
65.23
67.2
67.73
68.5
69.0
67.65
66.9
67.2
67.43
68.27
66.9
65.2
65.78
64.75
65.92
67.35
68.0
68.6
67.67
67.97
67.79
67.95
68.25
68.97
69.2
69.34
71.64
73.6
74.12
72.3
73.62
74.3
74.95
75.14
73.03
71.7
71.2
69.53
72.4
72.68
68.3
68.47
66.3
66.0
66.69
65.99
62.51
63.0
63.75
62.5
59.45
57.6
57.4
57.0
57.0
62.14
61.7
62.75
62.39
62.4
63.85
61.08
62.2
62.1
59.05
59.37
58.0
61.4
62.8
61.06
62.0
62.0
61.7
60.2
60.5
58.67
59.79
62.75
62.7
64.16
63.0
63.16
64.15
62.7
61.99
61.0
61.73
59.74
59.48
60.07
58.74
58.25
57.8
58.1
59.65
60.1
59.2
59.8
59.8
60.88
58.83
58.11
57.03
56.86
55.6
54.9
51.45
52.5
54.0
53.75
54.37
54.05
54.22
53.4
54.4
54.5
52.61
53.4
54.56
55.8
55.6
55.0
57.33
58.2
58.3
58.65
58.45
57.75
59.04
58.25
59.4
59.35
59.29
60.7
60.7
60.2
59.51
60.09
60.0
59.99
61.8
62.6
61.6
62.39
62.5
62.39
61.55
62.2
62.94
63.2
63.71
63.57
65.7
67.11
67.32
67.17
68.1
69.9
69.7
69.31
65.68
65.6
66.2
65.65
66.3
66.15
62.92
64.6
65.54
64.85
67.05
67.7
66.15
66.55
66.89
67.7
66.74
67.95
68.21
69.29
68.89
68.85
68.6
69.1
68.86
69.14
70.7
68.12
67.95
66.4
64.0
61.45
61.5
60.33
60.5
58.79
59.3
54.41
52.58
54.9
50.81
48.95
49.2
50.36
49.35
48.74
46.71
47.7
48.95
47.46
49.75
49.48
50.54
50.32
50.1
50.26
50.88
49.78
49.8
49.9
49.35
47.94
48.45
48.29
48.53
49.2
49.79
49.57
50.19
51.04
50.63
51.29
53.41
56.0
57.99
57.39
58.46
58.21
57.8
56.65
56.15
58.0
58.24
58.22
58.96
60.37
58.62
59.9
59.8
60.4
59.4
57.52
57.9
60.51
61.22
61.15
59.35
59.91
58.38
58.53
58.22
58.65
58.65
57.09
57.6
56.55
58.83
58.8
58.57
58.17
58.16
58.6
59.35
59.5
60.3
62.5
63.79
64.69
62.75
63.1
62.55
61.95
61.14
60.3
60.47
61.14
61.54
61.47
61.27
60.31
59.06
59.18
58.3
59.48
59.08
59.54
58.63
57.16
56.63
57.12
56.75
55.22
56.55
55.86
55.99
56.27
56.46
58.3
57.48
57.3
57.3
57.08
57.17
56.7
57.16
56.87
56.9
57.08
56.81
56.79
56.83
57.48
56.85
57.3
57.58
57.89
58.5
58.39
58.99
58.7
57.9
57.43
57.15
57.49
58.97
59.09
57.7
59.25
58.75
59.87
60.0
59.77
59.9
59.98
59.2
58.35
59.12
59.6
59.28
59.79
59.62
59.3
59.54
60.13
59.67
59.05
60.05
58.9
63.17
63.25
62.57
62.87
63.88
62.41
62.07
62.2
63.69
62.71
62.57
65.0
63.7
63.34
63.7
64.44
64.5
64.29
63.98
64.3
64.9
66.5
67.2
64.8
63.1
63.8
68.75
73.5
72.6
73.1
74.62
73.5
72.78
70.65
73.0
72.2
72.05
72.58
73.34
72.1
71.8
72.23
73.77
73.61
71.5
67.5
67.7
68.8
69.9
65.99
64.1
62.59
61.65
62.59
61.0
60.5
62.9
63.65
60.96
60.53
58.02
58.89
59.9
60.22
62.54
62.2
62.22
61.74
62.15
61.53
62.3
63.5
64.49
64.64
66.25
67.69
67.0
65.98
65.99
66.35
67.3
67.5
65.99
65.91
69.8
68.7
67.4
67.0
67.05
64.67
66.6
67.53
66.58
66.03
63.95
64.75
65.0
64.0
64.65
64.88
64.65
64.65
64.44
64.3
64.4
64.55
67.79
68.78
67.96
67.25
68.9
66.49
64.69
65.06
65.05
63.86
66.11
66.1
65.0
65.55
64.16
63.06
66.3
65.0
64.8
65.68
66.9
66.7
67.22
66.2
68.9
68.65
75.4
74.72
76.4
79.13
79.55
89.11
93.36
102.3
93.5
95.8
91.0
92.3
93.0
89.1
84.98
90.51
97.38
90.0
93.4
93.42
91.72
90.1
91.3
91.7
91.8
90.3
90.03
90.28
87.99
90.83
89.89
92.4
91.04
92.67
94.34
95.99
96.74
93.15
95.43
95.05
96.51
97.0
96.65
98.8
97.81
97.14
97.68
96.91
97.82
95.98
96.67
103.49
99.85
101.2
100.05
99.24
96.75
95.01
90.7
88.01
89.05
89.01
87.06
85.64
81.9
88.9
87.6
93.0
96.92
99.15
100.34
109.5
110.8
119.0
125.9
121.9
121.5
115.0
119.32
108.08
109.15
105.74
107.0
118.3
117.9
114.29
112.53
116.5
117.55
119.94
122.97
124.5
128.89
126.4
126.5
125.5
131.7
130.7
131.72
128.3
128.7
123.03
125.41
126.0
128.45
139.0
135.0
132.79
134.4
131.39
132.5
135.49
133.19
133.46
132.3
130.2
125.9
126.2
126.65
126.85
126.01
126.79
127.5
129.19
126.99
130.1
131.59
127.6
130.0
130.21
130.04
130.45
131.09
130.6
130.0
130.8
127.02
128.89
129.0
129.45
129.6
128.57
129.42
126.8
129.47
129.64
129.25
128.9
129.26
129.55
128.87
129.48
129.2
129.49
130.76
131.87
131.8
134.0
135.99
135.0
136.3
136.7
138.45
136.54
136.85
136.27
135.43
136.74
135.5
133.8
134.1
135.23
133.29
133.24
133.35
134.35
134.0
132.9
132.22
135.79
137.41
137.4
138.71
140.46
142.75
145.0
144.85
145.49
146.3
153.25
153.3
154.3
154.13
155.4
156.0
158.52
161.77
163.0
163.9
165.16
166.78
166.45
168.2
169.4
170.2
170.22
171.3
171.27
174.11
173.9
178.99
184.1
185.88
186.6
186.53
190.1
185.97
194.3
194.87
196.89
199.81
194.79
198.5
192.5
194.75
194.25
198.8
196.5
195.0
196.24
197.01
199.0
202.15
200.89
205.45
203.64
205.0
207.5
209.7
212.7
213.65
214.5
212.55
209.43
208.01
208.95
202.22
209.8
209.03
214.5
215.5
214.0
215.0
215.25
216.39
219.8
210.46
209.99
209.4
210.99
205.4
210.2
211.76
216.5
217.8
219.2
215.11
217.25
218.5
223.82
220.9
223.08
224.8
227.45
228.08
229.2
227.9
226.96
223.6
219.95
221.52
221.29
223.5
224.05
225.91
225.87
227.5
226.1
228.07
228.87
229.01
229.59
230.9
240.0
242.64
246.15
251.2
255.55
232.77
225.39
223.81
227.59
233.9
232.83
233.99
233.5
234.87
235.34
235.35
239.78
237.99
240.0
240.93
238.86
235.2
229.41
230.3
223.25
223.19
227.87
226.31
229.0
227.2
228.79
230.84
230.0
229.2
229.74
235.76
238.24
241.5
245.75
246.05
247.8
243.3
247.36
244.99
245.8
245.01
245.58
244.57
247.9
248.3
249.3
248.99
247.99
249.5
246.5
247.71
250.0
253.6
251.19
251.6
249.35
252.8
244.6
246.47
243.65
246.01
242.22
241.27
240.77
242.95
242.6
243.99
244.15
243.25
243.65
248.95
242.5
244.03
247.49
247.4
243.32
240.1
250.3
249.01
249.3
249.05
249.85
251.7
252.7
253.21
252.0
252.5
253.05
251.88
253.49
254.88
254.96
254.4
254.21
253.02
252.06
257.2
255.0
258.0
257.0
258.6
259.0
259.78
258.81
259.85
262.0
261.98
262.7
261.25
266.6
265.01
263.99
264.53
268.6
267.0
265.0
264.53
260.6
262.69
255.66
257.6
253.16
248.3
243.48
244.0
242.5
244.77
245.0
244.2
244.06
243.49
243.6
241.8
239.5
237.5
238.36
237.25
237.5
237.77
238.98
236.79
242.2
241.23
241.8
239.93
241.5
240.25
245.14
245.8
253.99
259.9
263.34
264.5
267.2
275.25
279.57
281.0
292.0
295.05
292.78
284.5
276.99
276.86
280.5
277.91
280.73
284.6
283.0
282.4
282.41
292.45
288.62
291.87
292.0
295.5
299.0
301.49
299.0
284.0
288.7
274.8
264.0
268.11
281.67
282.05
277.11
285.74
284.66
275.7
285.0
284.96
280.65
284.49
273.31
273.31
277.3
273.2
279.85
279.05
277.85
280.26
275.4
271.5
273.4
274.0
273.72
275.5
277.99
273.43
281.46
277.3
279.8
279.0
279.1
276.2
274.6
275.81
278.55
276.69
270.0
278.29
278.8
279.9
275.75
277.0
278.05
277.5
280.94
282.24
287.0
288.97
287.98
291.01
289.49
290.1
289.02
292.0
287.99
286.33
275.5
275.94
279.15
278.21
279.0
279.44
284.99
274.48
274.5
277.03
275.59
274.28
275.96
277.3
273.0
272.11
271.99
274.71
270.88
272.66
277.98
274.8
274.9
275.35
272.15
272.84
269.1
268.89
272.3
270.06
269.87
268.65
271.9
271.54
269.88
270.01
268.4
277.74
289.22
283.98
278.55
276.0
278.0
276.49
273.11
271.2
271.29
266.89
266.0
276.23
276.29
279.25
284.3
279.5
282.4
282.75
282.19
284.88
283.53
281.6
283.73
280.57
281.0
276.5
279.78
281.49
278.02
279.5
277.0
275.73
282.66
277.2
278.0
278.98
282.99
281.89
283.0
282.0
282.19
277.83
281.34
277.0
279.8
277.72
278.49
275.01
279.0
280.71
278.11
281.0
281.77
278.01
280.0
277.78
281.06
284.0
282.39
281.0
281.21
279.5
278.97
280.01
283.0
278.17
274.95
277.1
276.51
268.8
225.0
200.0
200.0
189.9
200.5
195.98
193.5
182.51
183.0
188.99
204.48
190.0
175.0
177.0
173.66
172.0
177.94
198.51
191.39
190.15
182.75
183.88
205.9
188.0
190.7
177.0
181.16
189.0
224.01
220.4
220.11
214.51
198.0
200.44
200.99
184.88
180.0
204.0
198.88
188.68
180.36
179.79
184.98
189.4
187.0
178.0
200.4
204.49
195.0
196.62
193.73
195.96
189.69
207.0
219.91
238.0
244.0
242.0
249.88
266.02
275.01
270.0
274.98
275.0
275.6
269.0
261.28
261.0
270.0
268.98
265.0
275.0
294.0
294.7
292.98
297.0
308.65
306.7
289.0
277.0
271.01
276.5
295.02
297.99
307.0
314.03
309.01
301.05
301.88
302.9
304.99
320.0
318.1
323.99
312.65
305.0
310.0
311.0
309.49
298.7
301.4
297.95
289.0
287.97
291.74
287.99
288.01
287.5
291.0
287.88
288.88
292.6
292.1
300.0
294.0
300.96
297.75
295.1
296.5
291.61
313.95
305.0
325.88
318.87
305.96
297.8
299.99
297.88
308.2
316.31
313.89
313.56
325.26
321.0
322.76
324.97
320.44
323.68
334.99
329.02
319.0
324.4
322.79
321.0
316.2
315.77
309.39
309.49
309.5
306.0
302.85
302.99
302.96
295.4
294.6
283.84
272.5
267.01
261.46
272.5
270.8
258.9
258.49
250.32
233.0
227.5
227.0
224.0
227.5
232.0
209.98
200.5
201.79
200.71
200.28
199.06
199.0
195.7
199.0
199.98
198.0
195.5
171.0
161.93
164.16
155.9
155.52
169.0
161.45
162.61
160.59
157.38
153.4
153.63
154.72
153.99
153.78
153.88
153.6
157.61
158.38
159.81
160.5
159.53
156.7
157.9
160.01
159.09
156.0
154.23
159.0
158.84
160.95
165.3
163.22
161.98
161.47
162.15
162.35
161.85
162.15
159.46
159.7
159.0
160.99
164.39
164.0
162.81
162.26
163.0
163.81
165.7
163.83
164.28
161.59
160.48
159.55
161.49
161.61
160.99
160.19
159.5
159.3
159.7
159.31
155.9
152.94
150.4
153.7
152.26
150.9
150.9
147.4
146.31
144.99
141.92
135.45
144.43
144.88
143.16
143.34
143.87
145.54
144.49
144.94
143.0
165.0
197.48
185.9
194.2
185.66
188.51
192.2
192.8
191.39
204.49
192.0
192.73
187.3
191.24
187.1
191.99
190.81
193.0
192.42
186.95
189.01
189.21
189.0
188.9
188.31
190.48
189.92
189.53
185.02
186.5
180.59
173.7
169.01
165.76
169.0
166.25
163.05
162.99
162.5
161.0
157.73
160.89
161.49
157.52
156.87
155.5
149.52
147.6
153.87
151.9
152.3
149.5
148.35
148.5
145.97
144.76
144.4
154.7
158.4
156.78
154.01
150.2
148.0
151.2
149.48
147.4
147.05
148.19
147.79
150.1
157.99
154.13
150.14
151.9
151.3
150.29
149.3
147.5
145.77
146.53
149.2
149.0
146.67
146.0
147.05
142.5
142.78
143.99
144.14
145.98
144.5
145.11
145.1
147.79
148.59
148.19
152.19
153.0
155.95
154.99
155.16
150.87
152.24
154.3
151.52
149.78
149.0
146.1
147.0
148.1
147.5
147.0
147.99
147.4
145.68
142.54
143.09
142.37
141.97
142.16
141.15
139.55
134.9
135.05
133.21
129.8
131.31
131.78
129.52
125.3
127.6
123.81
118.49
118.17
117.17
100.1
103.45
108.7
118.69
111.21
111.0
111.09
106.86
102.25
101.1
101.9
95.8
99.0
101.75
104.1
105.5
104.6
105.0
105.59
103.17
101.7
100.78
102.54
105.79
105.9
107.01
106.1
105.89
105.99
109.48
113.68
117.77
116.88
117.0
116.11
110.0
111.6
105.5
108.0
108.0
110.29
110.01
110.0
109.45
110.4
111.15
109.95
109.26
106.71
107.2
105.17
105.98
107.0
107.2
106.46
112.48
112.57
112.49
110.75
113.08
111.13
111.06
110.11
110.6
112.0
110.49
108.81
108.33
108.91
108.35
109.17
110.89
108.8
108.7
108.81
108.7
107.67
108.24
109.79
119.84
123.5
120.1
122.5
122.3
123.07
123.2
124.0
131.0
132.0
131.55
143.47
142.23
139.22
135.8
136.25
136.15
136.0
134.44
133.54
135.4
135.3
135.43
133.52
134.18
133.0
132.26
137.4
135.86
135.2
135.64
136.27
138.4
137.0
137.2
137.98
139.77
138.22
138.19
135.5
136.75
136.91
136.53
136.79
136.62
138.71
138.74
138.2
139.98
141.0
140.18
136.42
139.0
139.87
140.59
138.51
140.3
140.88
140.17
140.43
138.7
138.67
138.66
138.83
138.31
139.24
140.0
139.77
139.24
139.48
143.2
145.57
144.48
147.17
146.02
146.57
145.74
145.3
147.19
146.0
146.7
146.56
146.26
144.56
144.3
144.52
150.55
155.75
163.15
178.05
175.7
176.88
175.0
172.0
167.43
168.5
168.5
165.7
167.8
168.96
167.0
165.51
165.75
169.9
168.69
167.2
166.99
167.49
167.25
166.77
160.99
162.0
160.51
160.5
160.93
159.7
156.0
154.0
149.1
147.0
153.5
155.05
160.2
158.77
161.3
161.51
160.77
163.94
166.23
164.0
162.7
158.25
155.01
156.85
155.7
157.1
161.7
161.96
162.21
171.5
174.3
170.17
168.85
171.81
170.7
171.5
172.24
176.28
174.61
174.44
174.0
171.0
169.52
169.5
167.45
158.69
159.68
161.6
167.79
169.85
165.2
171.7
167.37
165.48
165.82
157.0
155.46
161.06
165.69
171.39
174.31
177.5
177.51
177.99
165.39
160.79
162.5
163.35
159.99
162.0
161.89
158.6
157.52
158.19
160.6
161.75
160.1
160.0
160.66
161.2
161.46
162.98
161.46
166.51
166.16
173.72
217.36
200.2
192.0
186.67
180.88
182.0
192.0
190.33
188.72
188.39
188.31
189.0
189.76
189.69
192.79
194.45
200.98
199.7
204.44
202.98
203.86
201.62
198.8
209.84
210.99
212.5
214.59
213.0
207.0
202.13
203.11
205.89
204.31
196.46
184.0
177.8
160.0
160.57
151.0
128.98
147.0
162.1
155.2
157.99
150.08
150.0
157.61
159.01
161.5
157.1
158.9
173.2
174.98
188.0
183.03
181.99
179.0
178.93
179.8
178.9
174.09
164.68
162.15
161.89
164.96
165.35
163.49
164.8
163.9
159.0
150.2
150.19
150.3
150.7
151.7
148.64
149.0
137.01
134.4
134.66
144.1
145.7
145.07
149.89
146.7
148.0
143.23
145.81
143.71
142.0
147.4
147.31
152.21
154.61
155.17
157.48
155.55
157.4
157.1
155.67
155.12
153.8
148.55
156.99
156.58
154.17
155.99
155.12
152.81
154.6
152.75
154.8
153.5
154.19
157.69
161.55
159.02
161.68
160.01
159.13
159.92
152.15
152.0
153.0
143.74
142.5
144.97
143.0
141.96
150.93
146.0
146.0
141.79
147.98
151.67
151.66
151.5
149.49
151.62
152.2
153.5
153.77
153.32
154.01
154.0
153.5
150.12
153.85
153.84
152.5
153.36
153.65
152.08
148.4
148.7
147.7
148.0
148.58
148.0
146.76
149.0
152.0
151.91
154.65
153.8
152.41
152.63
149.99
149.48
151.52
150.51
151.01
151.8
150.52
151.5
149.51
146.36
148.28
147.3
144.85
147.0
146.87
147.7
148.57
145.01
143.4
144.14
145.5
145.58
148.54
150.02
151.97
149.09
149.25
149.53
147.2
148.44
147.99
147.2
145.86
143.08
143.73
144.7
146.4
141.52
142.35
140.15
142.49
141.25
141.45
139.99
139.0
137.1
135.09
136.25
137.7
138.7
136.0
135.13
134.5
133.42
134.71
136.66
134.3
132.5
127.0
125.56
124.54
125.56
128.99
128.0
126.7
123.74
124.56
123.88
123.97
121.0
122.09
118.23
114.5
115.0
115.85
113.91
116.4
112.55
105.44
106.99
107.81
107.0
108.1
108.89
109.71
111.35
113.8
111.06
111.57
117.3
116.1
113.5
111.6
110.5
110.55
113.58
114.3
111.73
116.5
116.5
119.66
120.29
118.58
118.39
119.5
119.88
117.95
117.81
119.37
118.85
119.5
119.05
118.76
117.1
112.64
112.96
113.9
113.7
114.66
114.12
111.5
113.0
114.11
115.79
117.13
116.9
117.3
120.99
121.36
124.45
125.87
125.3
126.5
125.21
124.45
125.38
124.9
125.89
126.11
125.93
125.24
125.47
124.85
123.45
125.45
126.0
123.11
125.4
125.52
126.99
128.29
127.1
126.49
131.69
132.11
134.41
135.01
136.73
138.8
139.4
137.0
134.0
132.74
134.4
138.72
137.9
136.5
134.25
135.2
133.8
136.62
135.5
134.97
132.8
132.48
133.58
136.14
135.2
132.1
134.25
130.96
127.82
126.25
124.7
124.46
122.78
123.51
123.61
122.03
122.0
121.6
117.99
117.23
119.24
119.35
119.47
120.91
121.05
122.77
120.48
120.0
119.75
120.62
118.8
116.09
110.39
110.5
108.94
109.54
108.0
109.13
112.8
113.1
113.84
116.15
117.3
118.22
118.8
116.96
119.05
119.75
119.65
120.0
119.19
118.6
119.18
119.19
120.4
125.6
125.9
124.0
123.17
124.05
121.67
120.67
122.64
125.0
125.2
123.19
124.44
123.0
123.39
124.16
124.3
122.3
120.99
122.56
121.96
121.5
120.95
120.52
120.39
119.9
119.01
120.74
119.12
117.9
118.94
119.31
121.57
120.15
119.35
119.06
117.46
117.37
122.72
124.71
123.58
123.39
121.73
121.0
122.4
122.0
119.61
119.95
118.35
115.01
115.04
117.36
121.35
120.25
121.0
120.99
123.06
122.53
122.05
121.2
120.59
120.43
119.49
118.4
115.65
116.97
116.2
115.11
115.84
113.2
107.65
105.58
104.56
106.2
119.0
111.0
111.12
111.72
118.77
116.6
116.66
113.6
116.85
115.5
117.5
117.5
116.11
114.6
114.43
116.34
112.72
113.97
113.9
112.99
113.8
108.71
106.5
106.71
106.9
103.52
102.67
101.0
98.02
100.01
100.1
97.79
98.5
99.15
95.4
93.5
92.27
96.5
97.15
96.84
92.94
91.98
88.95
88.8
88.25
86.8
88.17
89.66
94.01
99.51
104.45
103.77
102.08
103.39
101.6
103.2
108.5
108.81
113.23
115.2
115.71
115.53
115.32
117.08
118.04
117.0
116.1
116.12
115.62
110.72
114.63
113.1
113.58
112.09
111.85
111.5
113.2
113.42
115.23
115.33
111.6
111.49
113.16
114.37
115.95
115.8
114.77
112.9
111.81
108.65
107.83
100.51
99.02
102.09
101.2
103.0
100.79
104.44
107.22
108.08
105.0
104.84
107.26
107.47
106.5
105.0
101.6
101.6
102.2
102.58
103.8
103.5
101.61
103.84
106.7
105.81
106.55
106.16
106.08
104.44
105.0
105.39
104.87
106.91
107.5
108.29
108.68
108.22
107.74
106.0
111.16
115.05
117.1
117.82
117.34
117.42
117.1
116.7
116.75
117.03
116.79
116.05
117.79
117.85
117.81
117.0
116.8
117.13
115.69
110.62
112.0
111.34
107.2
105.98
107.17
106.53
107.01
106.5
106.5
106.21
106.1
106.24
110.9
111.31
109.74
110.76
112.2
112.3
111.35
112.4
111.6
112.23
111.89
111.97
110.6
110.15
110.98
110.29
110.25
110.65
110.99
111.92
111.55
111.9
111.5
112.8
112.8
113.27
112.3
111.79
112.2
111.9
111.75
112.09
111.61
110.57
110.07
108.25
107.4
110.1
113.29
112.55
112.75
112.8
111.8
112.7
115.2
112.1
108.94
109.35
109.25
109.23
107.71
106.4
102.72
99.0
89.72
94.23
92.4
89.5
88.24
86.4
79.8
79.7
78.0
84.5
86.22
82.25
90.2
88.6
88.09
84.0
81.27
80.65
86.75
83.7
82.51
81.0
80.72
81.0
83.16
81.41
79.81
78.25
74.89
73.61
75.75
75.6
76.65
74.61
75.5
78.06
80.49
80.82
80.11
80.03
80.0
79.86
80.37
83.45
85.6
86.91
84.33
86.0
88.1
83.5
82.83
85.4
82.8
84.54
86.2
86.74
84.71
86.16
87.69
88.8
88.06
84.3
83.22
84.4
84.32
84.1
84.59
88.04
86.15
85.45
84.65
86.31
86.75
89.0
89.51
88.01
90.9
90.85
91.09
90.77
89.03
89.55
90.18
92.62
90.79
89.66
86.69
89.1
89.94
91.46
89.23
87.54
88.45
88.68
87.8
89.73
89.67
89.41
88.45
89.25
90.06
91.7
95.88
95.44
94.15
95.91
96.7
97.8
98.58
98.91
98.5
98.7
99.2
99.0
98.5
99.0
97.99
98.2
99.8
101.5
102.0
101.45
101.47
101.67
100.6
102.29
101.77
104.3
104.49
105.65
105.5
103.5
105.4
105.83
106.7
107.45
105.3
104.92
103.19
100.25
102.91
103.97
101.87
100.77
100.15
100.5
102.76
102.0
102.13
99.7
101.99
102.02
101.75
100.8
101.69
102.8
103.0
103.12
104.2
105.64
107.19
107.64
109.12
107.74
106.96
106.2
108.53
107.75
106.5
107.92
109.15
108.75
108.15
107.5
108.99
107.6
111.9
107.66
106.9
107.0
109.0
106.0
107.35
105.5
101.0
98.81
97.0
96.01
93.01
94.78
91.08
92.01
84.3
87.39
89.99
89.0
86.8
87.04
85.72
86.7
89.01
87.01
91.44
95.28
90.1
89.03
88.8
87.24
86.73
87.73
88.05
88.0
87.3
87.5
87.6
90.7
87.11
86.5
86.7
85.5
86.61
84.5
86.0
85.6
87.8
89.8
91.0
90.51
91.5
90.1
91.75
91.1
91.0
91.78
92.0
91.03
88.75
86.6
89.8
91.0
90.7
90.32
90.0
88.5
89.55
87.0
86.49
84.06
83.06
82.0
82.13
81.25
81.3
77.5
76.0
82.98
81.71
79.5
78.49
78.5
79.0
80.0
80.42
80.7
83.19
84.33
84.02
80.25
81.77
82.6
83.15
82.58
84.3
83.0
82.61
83.0
81.75
81.4
81.68
80.95
79.7
78.95
79.25
80.8
80.92
79.97
79.9
81.5
79.71
79.74
79.95
80.5
80.74
80.25
80.4
80.4
80.19
79.63
80.0
79.43
80.95
81.9
83.55
84.22
85.01
88.23
89.8
95.25
97.1
93.39
92.48
92.0
90.33
92.7
91.0
91.01
89.55
90.0
89.39
91.0
90.65
90.7
90.21
87.02
87.7
87.3
86.79
85.7
86.16
87.0
87.54
86.63
86.1
85.8
85.1
83.05
82.41
82.9
83.81
82.3
82.22
81.15
81.3
82.9
84.99
83.55
84.12
85.0
83.49
83.81
83.8
84.55
84.08
82.86
83.12
83.26
83.3
82.45
82.17
79.8
76.5
77.5
77.1
79.29
81.45
81.49
79.62
79.46
80.39
80.3
79.6
80.05
81.0
83.13
83.65
88.91
88.14
90.4
89.77
88.51
90.0
88.93
88.9
90.17
90.98
85.9
85.58
85.98
85.61
84.7
89.65
89.97
89.9
87.62
87.9
88.23
90.3
90.5
90.76
89.17
89.85
89.94
90.25
90.15
92.85
92.53
91.95
92.74
91.8
93.55
94.1
94.64
95.73
93.1
93.2
91.59
90.7
88.51
86.7
87.55
91.0
93.7
92.15
93.62
94.0
91.18
90.0
90.3
88.07
87.74
89.49
89.95
89.6
87.8
85.4
86.67
87.16
86.85
88.94
91.5
90.53
92.5
92.2
90.7
89.45
88.7
89.29
88.53
88.19
88.89
91.99
90.55
88.5
87.02
88.49
86.52
85.5
86.13
86.15
81.27
81.68
84.81
82.0
83.25
85.39
84.71
84.99
85.3
86.15
86.29
86.9
87.0
85.51
87.0
86.31
86.0
85.5
85.54
84.0
84.5
84.57
84.75
87.0
90.24
88.9
88.4
91.8
89.12
89.0
89.93
88.8
91.72
92.3
92.01
93.0
94.75
93.6
95.63
95.0
93.64
94.0
94.27
97.33
95.8
94.36
95.53
96.45
96.08
95.28
94.05
94.48
98.35
98.6
98.34
97.77
96.4
96.9
97.76
98.13
100.07
97.87
99.21
96.33
96.05
93.48
95.69
97.59
97.66
100.0
98.61
99.09
98.2
99.99
98.5
95.97
94.17
94.1
94.9
97.49
95.8
96.3
97.3
98.5
98.8
96.11
95.47
96.46
97.06
96.63
95.18
97.2
97.2
97.5
97.09
95.9
96.1
96.42
97.09
97.3
96.15
95.01
95.09
95.6
94.2
92.8
93.0
93.55
93.87
93.8
93.1
92.64
91.83
91.88
92.2
91.5
91.95
91.9
92.01
88.49
87.8
87.35
87.23
86.69
86.0
86.4
86.85
86.1
87.2
86.5
85.87
86.1
85.92
86.29
86.03
85.5
86.0
85.6
84.75
86.2
86.1
87.0
87.5
86.0
86.68
86.25
85.85
85.95
85.2
84.19
84.6
84.6
83.51
83.09
82.75
82.3
82.25
82.45
82.18
81.95
81.26
82.0
82.8
82.85
82.45
81.6
81.7
81.5
80.95
81.35
81.25
81.3
81.03
80.08
80.7
80.1
80.14
79.2
79.15
79.2
78.82
78.87
78.89
79.8
79.45
79.5
80.26
80.77
80.23
79.75
79.96
79.3
79.65
79.28
78.65
78.8
79.13
78.86
78.79
78.82
79.34
79.01
81.55
81.5
81.14
81.26
81.01
82.0
82.15
81.07
82.34
81.56
83.07
82.5
82.77
82.6
82.66
82.95
83.94
84.25
83.54
83.72
84.6
84.8
85.55
86.25
86.06
86.94
87.9
87.49
88.31
88.27
86.65
86.7
84.89
84.76
84.71
84.8
83.83
83.09
83.39
83.64
83.99
83.99
84.0
85.6
84.8
84.79
85.28
84.97
85.24
85.1
85.7
85.58
84.95
84.59
84.36
84.5
84.36
84.88
84.0
82.31
83.24
83.86
83.5
83.49
84.37
83.98
84.5
83.86
84.71
84.75
85.3
85.05
85.21
84.6
82.4
81.75
80.0
79.18
79.98
79.0
80.0
78.95
78.06
78.71
79.05
79.13
79.35
76.5
75.5
74.9
76.41
77.06
76.64
76.2
75.0
78.25
78.0
77.9
77.85
77.5
76.6
76.58
75.95
76.72
76.95
76.99
76.82
78.2
77.78
77.22
76.33
75.9
75.88
74.23
73.0
74.99
74.3
73.26
72.81
73.22
74.43
75.5
76.95
74.44
74.5
75.01
74.3
75.0
75.16
75.22
75.01
74.98
75.1
74.05
73.92
73.58
73.21
72.75
72.73
72.31
72.17
72.3
72.49
71.86
71.5
71.12
70.9
71.14
69.7
69.78
69.87
70.9
70.4
70.3
69.31
71.07
70.0
70.0
70.0
70.15
70.18
70.05
71.5
72.0
70.8
71.37
71.5
71.78
71.88
67.52
67.26
66.4
65.63
66.2
66.13
66.22
67.12
66.75
66.89
67.09
66.21
66.16
66.03
65.93
66.45
66.1
65.15
65.43
65.61
66.3
66.2
66.02
65.16
64.95
64.92
63.93
64.25
64.8
65.28
65.6
65.94
65.82
65.55
65.44
65.69
66.09
66.46
66.25
66.32
67.0
66.5
66.02
66.51
66.39
66.32
66.0
66.01
66.02
66.38
66.32
66.7
66.97
69.0
69.1
69.08
69.45
68.5
68.34
69.08
68.7
69.36
68.87
67.9
66.89
67.28
67.98
68.14
68.17
67.8
67.61
67.5
66.68
66.33
66.35
66.17
66.75
67.67
67.03
66.65
67.45
67.83
67.9
68.3
68.29
68.5
70.12
71.17
70.6
71.12
71.31
72.43
68.99
68.16
67.9
68.0
69.25
67.6
66.8
66.5
66.94
66.41
64.7
64.4
64.0
64.0
64.8
63.79
63.4
63.5
63.36
64.39
64.5
64.5
64.1
64.3
64.3
63.99
64.0
64.15
64.02
63.78
63.74
63.6
63.55
63.9
63.85
63.7
63.5
64.22
64.02
64.57
64.35
64.58
65.98
65.3
65.52
65.77
66.89
66.22
66.8
66.01
65.05
65.41
66.2
67.0
67.0
65.9
65.95
64.86
64.65
65.6
65.9
65.49
65.57
65.5
65.1
65.48
65.55
65.76
66.25
66.45
66.85
67.7
68.21
67.97
67.66
68.1
68.21
67.81
68.1
68.6
68.72
68.93
68.94
68.32
68.45
68.22
68.38
67.54
67.4
66.6
66.6
66.59
67.47
67.75
67.5
67.62
67.57
67.52
67.45
64.61
65.66
64.46
65.12
63.6
63.6
64.5
65.49
65.0
64.88
64.78
65.15
65.19
64.75
64.99
65.07
65.68
65.2
65.6
65.7
65.9
65.02
65.22
65.0
64.84
65.59
65.66
65.36
65.2
65.19
65.06
65.24
65.4
66.03
65.85
65.08
65.67
65.99
66.08
69.0
69.61
68.33
71.0
69.86
69.7
71.42
70.5
71.29
68.56
69.7
70.04
70.91
70.3
70.28
73.95
73.59
72.69
72.65
73.22
74.55
74.05
74.9
72.5
72.2
72.77
72.5
72.1
72.3
71.92
71.73
71.62
69.97
68.6
67.77
67.87
68.35
68.2
68.9
69.07
69.09
70.3
71.55
71.6
72.0
71.7
71.9
71.35
71.5
70.87
70.2
69.81
69.98
69.78
69.6
69.62
69.8
69.25
69.12
69.2
68.66
68.6
68.64
67.9
67.6
67.53
67.5
67.3
66.75
66.58
66.19
66.9
67.0
68.5
68.56
69.19
69.2
69.39
70.24
71.6
70.9
70.9
70.5
70.6
69.95
69.72
70.05
70.0
70.0
69.9
70.24
70.28
69.95
70.12
70.5
70.2
70.56
70.99
71.32
71.5
70.0
69.79
70.0
70.0
69.77
69.2
69.7
70.0
70.3
70.9
70.62
70.6
70.36
70.3
70.72
71.0
71.0
71.55
71.32
71.01
71.15
71.35
71.65
71.5
71.14
71.5
71.5
71.49
71.27
71.4
70.65
70.96
71.25
71.3
71.05
70.9
70.82
71.8
71.41
71.3
71.23
71.1
71.15
71.54
71.48
71.1
71.44
71.6
72.33
73.07
72.96
73.15
73.5
73.76
71.38
72.59
71.65
72.0
72.25
73.03
73.05
73.5
72.13
72.97
73.48
74.35
73.29
73.45
72.84
72.25
72.35
72.23
72.58
72.56
72.23
72.38
73.02
73.4
72.68
72.0
72.57
72.5
72.5
72.5
72.7
73.0
72.9
73.0
73.1
72.9
72.9
72.58
72.8
72.8
72.84
72.84
72.48
72.9
72.68
72.6
73.7
73.55
72.83
72.86
72.93
72.78
72.77
72.84
72.98
72.51
72.86
72.5
72.74
72.98
73.24
73.5
74.0
74.34
73.8
73.78
73.25
73.59
73.7
73.9
73.94
73.56
74.02
73.97
73.9
74.02
74.36
74.0
74.51
75.8
75.75
76.65
75.62
74.4
74.73
77.73
78.2
80.23
81.99
81.36
80.0
80.75
78.74
79.84
81.33
77.54
77.21
77.48
76.99
76.9
77.32
76.86
78.18
78.2
78.05
78.02
77.78
77.7
78.72
80.37
80.73
82.01
80.28
80.3
80.28
80.44
80.29
81.15
80.25
80.66
79.19
79.15
79.37
79.7
79.4
79.5
79.99
79.76
80.72
80.19
80.85
82.75
84.11
82.25
83.32
82.65
83.1
81.91
83.4
82.89
82.46
82.85
82.3
81.91
82.4
82.06
81.84
81.57
81.59
81.57
81.32
81.79
82.0
81.53
81.99
81.19
81.0
81.0
81.0
81.24
80.99
81.0
81.01
80.8
80.7
80.6
80.3
80.44
80.3
79.36
78.51
78.0
79.8
79.7
79.3
78.5
78.6
79.18
79.31
78.3
78.81
78.98
78.2
78.5
78.54
78.6
79.09
78.76
78.62
78.7
79.58
78.94
79.12
79.0
79.0
78.78
80.0
78.94
79.63
79.5
79.35
78.79
78.69
79.43
79.16
79.09
78.5
78.95
79.39
79.02
78.94
79.19
79.2
84.03
81.47
80.3
80.6
80.47
81.09
80.05
80.5
79.92
80.46
81.4
80.85
80.5
80.5
80.05
79.54
80.7
80.49
80.74
80.47
80.4
80.0
80.0
80.01
79.6
80.2
79.9
79.96
79.11
78.79
78.8
79.07
78.98
78.99
78.36
78.85
78.55
79.0
83.96
83.5
82.2
82.99
86.0
85.89
86.9
87.3
87.1
86.5
86.4
86.2
85.8
85.3
87.2
88.4
88.0
87.7
89.32
90.5
88.91
88.2
90.69
91.95
91.0
90.07
90.25
90.22
89.02
89.77
89.29
89.24
89.2
88.2
86.5
86.68
86.92
86.36
83.93
82.27
80.17
75.0
71.56
64.0
64.15
67.18
68.27
68.0
69.5
66.37
65.4
67.1
68.07
69.88
67.19
70.72
74.0
72.0
72.0
73.59
76.53
78.67
79.0
78.45
78.17
77.0
78.7
77.81
78.13
78.26
78.06
77.08
77.23
78.0
77.38
79.12
81.9
82.7
82.1
82.76
82.42
81.6
81.94
82.55
81.8
80.15
81.95
80.88
82.38
82.84
82.2
81.46
81.62
82.03
81.52
81.21
82.4
82.92
83.5
84.44
84.72
85.0
84.9
84.2
84.9
84.98
84.0
82.68
82.56
82.69
84.5
86.8
86.0
85.26
86.96
89.12
87.7
87.7
87.63
88.09
89.1
88.0
86.6
85.6
87.03
86.85
85.7
86.5
86.7
86.98
88.64
88.1
89.87
89.63
89.5
90.0
90.23
91.24
90.22
89.88
90.7
93.28
97.74
96.56
96.11
96.83
97.25
97.48
98.18
99.28
99.94
100.15
101.5
97.45
96.62
97.79
96.91
97.81
96.95
97.14
96.63
97.29
95.97
96.88
97.23
96.46
95.01
94.5
94.82
94.92
95.37
96.19
96.7
96.98
97.56
96.73
97.28
98.21
96.79
98.5
99.25
99.44
98.41
96.87
97.02
95.98
96.21
95.56
94.8
92.9
93.89
94.41
94.99
93.48
94.18
93.68
95.04
94.05
94.71
95.35
95.14
93.83
92.26
92.45
92.38
93.0
93.27
93.89
93.97
95.6
95.9
95.15
96.29
96.89
96.1
95.74
96.49
95.17
94.84
95.5
95.2
95.03
94.85
96.18
95.67
95.9
96.24
97.25
97.68
96.53
97.5
96.98
97.03
96.27
96.22
95.64
95.71
95.6
95.29
94.35
94.49
93.99
94.74
94.95
95.22
95.91
96.52
96.86
100.38
99.16
100.29
99.58
99.17
99.0
98.94
98.93
99.9
98.76
101.49
101.17
103.09
104.64
105.5
103.61
104.54
101.03
103.03
102.36
103.9
104.46
104.13
105.6
104.92
103.28
102.7
104.31
104.99
104.13
104.32
108.91
109.25
110.08
108.31
109.5
108.95
108.85
109.67
110.01
109.92
106.8
107.92
107.44
106.93
108.6
108.51
109.46
110.98
109.77
107.74
107.06
107.55
106.31
106.5
107.75
107.41
107.14
106.84
107.4
107.19
107.63
107.63
106.78
106.49
106.75
106.94
107.61
107.87
107.66
107.53
107.98
107.44
105.66
106.2
105.6
105.61
105.52
104.33
104.99
103.78
104.0
104.88
104.98
104.17
104.76
104.12
103.5
102.1
102.18
103.13
102.78
104.25
103.06
102.94
102.94
103.64
102.68
102.74
103.03
103.19
103.16
102.83
103.25
105.0
103.72
103.56
102.9
102.97
102.69
102.79
103.25
102.75
102.6
102.31
101.25
102.26
102.95
102.36
101.94
102.46
102.01
100.78
102.0
102.97
103.2
103.54
102.16
102.04
102.04
99.5
98.84
98.62
97.3
97.08
95.26
93.2
93.07
92.97
93.37
92.82
93.62
93.58
93.92
93.68
93.51
93.17
93.7
93.76
96.98
95.65
97.43
97.19
96.17
95.61
95.26
94.15
94.58
94.49
94.53
94.4
94.3
94.75
94.39
94.08
96.08
95.12
94.3
95.58
95.64
95.71
94.9
94.9
94.47
93.21
93.2
93.95
93.3
92.85
93.16
92.68
90.3
90.31
91.05
91.2
92.38
92.17
91.48
90.36
90.52
89.99
89.3
89.7
89.53
89.91
91.62
91.84
91.16
92.7
93.51
93.42
94.08
94.34
95.74
94.28
94.84
93.92
92.68
93.64
92.78
93.25
93.13
93.01
92.07
92.6
93.1
92.46
91.32
91.6
92.18
92.19
92.7
92.33
93.45
91.64
90.01
88.52
87.03
86.95
85.3
86.15
84.8
86.32
87.35
85.6
86.22
88.01
88.37
88.46
87.04
84.11
83.92
84.64
85.38
85.0
84.11
84.01
83.16
82.51
82.25
83.34
83.1
84.1
86.63
86.22
86.05
83.71
84.24
83.64
83.83
85.12
81.9
78.72
78.53
76.05
76.57
76.14
74.8
73.25
75.0
72.99
73.51
73.0
75.06
73.92
74.26
72.82
74.09
72.62
74.03
74.53
73.9
70.56
72.19
72.66
72.92
71.14
69.24
63.09
67.94
54.8
62.27
65.5
63.99
64.2
62.96
63.0
66.6
66.01
65.15
62.83
61.4
61.5
64.41
62.99
62.28
62.15
60.26
60.25
59.24
57.85
58.11
58.3
57.9
57.21
58.3
60.13
59.02
60.39
58.98
59.24
59.02
58.89
58.2
57.8
58.1
58.77
59.35
59.01
58.16
57.23
57.66
57.83
58.01
58.39
58.86
57.9
58.63
57.8
57.81
57.98
57.95
57.85
57.92
57.76
57.79
58.04
59.43
59.83
60.68
59.89
59.55
59.43
60.4
64.03
66.61
67.0
63.75
