close
36.99
37.78
36.65
36.57
36.6
38.5
40.01
39.39
39.7
39.94
40.1
41.9
43.95
43.94
41.31
40.35
40.9
41.79
37.4
37.83
38.06
35.0
36.35
39.0
38.29
37.72
37.47
38.0
36.7
35.51
35.9
35.97
34.82
33.85
33.93
35.4
35.41
35.76
37.24
37.17
36.96
37.05
37.45
38.85
39.05
38.81
39.2
40.11
39.9
39.95
39.9
40.45
39.85
39.23
39.88
40.29
40.04
40.04
40.0
39.9
40.29
40.65
41.59
42.35
42.62
41.76
42.84
41.95
41.36
42.17
41.52
42.1
42.63
43.5
43.4
44.14
44.08
43.44
43.65
43.0
43.15
42.25
41.18
41.89
42.25
41.5
41.45
42.65
42.35
42.5
43.27
43.11
43.55
43.0
42.91
43.08
44.15
48.6
48.15
47.83
48.15
47.9
46.95
46.58
46.8
47.57
48.0
46.75
46.5
46.6
45.0
46.08
47.35
48.52
48.28
47.4
48.0
47.55
47.2
47.43
47.67
47.94
47.79
48.68
50.0
51.0
49.72
50.31
50.6
50.97
50.99
51.09
51.65
49.39
49.19
49.95
50.12
46.99
47.3
47.0
47.19
48.43
47.51
45.9
47.0
48.4
48.06
47.27
46.25
42.92
42.3
42.1
45.0
44.13
44.57
43.9
43.99
44.39
43.55
44.05
43.41
42.3
42.2
41.19
41.54
41.87
41.1
41.8
43.7
43.55
42.65
42.31
40.75
40.3
42.0
42.29
42.5
42.38
42.87
43.17
42.35
41.57
41.35
41.74
41.3
41.14
41.3
40.99
40.3
39.95
39.87
40.55
41.5
40.79
41.15
40.9
41.32
40.0
40.19
39.7
39.6
39.1
38.14
35.5
36.17
36.7
37.19
38.12
37.99
37.81
37.7
38.3
38.29
37.77
37.89
38.5
39.09
39.4
39.1
40.0
40.02
39.86
40.3
40.65
40.5
41.15
41.27
42.01
41.9
42.2
42.93
43.0
42.8
42.69
42.8
43.0
43.25
44.67
45.0
44.73
45.0
45.3
45.24
44.4
44.3
44.39
44.0
44.6
44.72
45.58
45.9
46.15
46.64
47.5
48.19
48.0
48.1
45.4
45.57
45.96
45.85
46.75
46.65
44.86
45.7
46.0
45.66
46.14
47.34
46.15
47.15
47.09
47.2
46.5
47.3
47.13
47.64
47.24
46.82
46.83
46.87
47.0
47.1
47.83
46.75
46.7
46.03
45.2
44.0
43.36
42.5
42.29
40.1
40.23
38.15
37.45
39.1
37.0
35.5
35.8
36.94
36.5
36.5
35.62
35.65
37.09
37.0
38.6
38.55
39.2
39.7
39.24
40.0
39.7
39.23
39.17
39.28
38.75
37.92
38.24
37.61
38.05
38.36
38.55
38.29
38.96
39.73
38.7
39.18
40.85
41.85
43.05
43.03
43.54
43.44
43.5
43.03
43.0
43.89
43.94
43.99
43.88
44.93
45.05
45.44
45.4
45.67
44.81
44.45
44.44
45.68
46.08
46.45
45.3
45.66
44.69
44.98
43.84
44.14
44.2
43.13
44.09
43.3
44.0
44.43
44.21
44.15
43.94
44.0
44.2
44.26
44.59
45.52
45.95
47.68
46.18
46.4
46.08
45.0
44.96
44.37
44.7
46.0
47.06
47.05
46.96
46.73
46.31
46.5
46.4
46.13
46.28
46.2
45.9
41.94
41.58
42.14
41.9
40.4
41.38
41.28
40.65
40.59
40.57
41.26
41.3
41.53
41.24
41.15
41.22
41.09
41.19
41.32
41.34
41.28
41.2
40.92
40.94
42.15
42.1
42.3
42.43
42.52
42.85
43.54
44.78
44.8
43.55
42.82
42.65
42.89
44.13
44.1
43.7
44.47
44.1
44.4
44.5
43.98
44.11
43.89
43.35
42.74
43.37
43.66
43.15
43.44
43.43
43.2
43.67
44.0
43.89
43.38
45.9
44.97
47.38
47.0
46.0
46.05
46.0
45.34
44.96
45.15
46.13
45.7
45.68
47.19
46.95
46.86
47.55
47.75
48.2
47.8
49.2
50.77
49.95
50.73
50.89
48.8
48.05
49.57
52.0
53.39
52.27
52.11
52.7
52.04
51.94
51.11
52.2
51.95
52.06
52.0
52.17
53.28
52.4
52.02
53.5
53.39
51.35
47.55
46.55
47.97
49.6
47.2
46.75
45.45
45.63
45.69
44.35
44.9
45.51
46.26
45.34
44.72
43.13
43.7
44.41
44.67
46.6
46.29
46.26
46.18
46.57
46.5
46.92
47.91
48.9
48.35
49.5
49.99
50.2
49.06
49.09
49.73
50.3
50.4
49.5
49.41
51.42
50.95
50.49
50.35
49.48
48.82
49.35
50.12
49.7
49.59
48.5
48.85
48.93
48.7
48.8
49.3
48.95
48.88
49.96
49.6
50.6
50.3
52.19
52.05
52.1
52.35
53.19
51.71
51.22
51.85
52.03
51.0
52.79
52.27
52.0
52.3
50.94
49.44
50.61
50.19
49.35
50.0
50.79
49.95
50.14
50.0
50.94
50.56
55.79
56.1
56.6
57.0
57.0
62.45
64.5
70.69
65.68
67.0
64.31
64.3
63.9
59.92
57.56
60.14
64.48
62.29
63.99
62.87
63.43
63.45
61.6
62.15
62.0
62.2
61.86
62.2
59.44
61.5
61.0
62.71
62.67
63.17
63.74
65.55
65.87
63.84
64.21
64.0
64.8
64.9
64.75
65.84
65.09
66.0
66.8
66.42
67.12
66.39
67.15
70.5
70.14
71.19
70.43
67.19
64.15
62.67
59.0
57.22
58.88
57.0
55.12
53.7
50.88
55.33
53.5
56.0
58.16
59.16
60.6
65.3
64.0
67.39
69.0
63.5
64.61
60.0
61.2
56.1
55.11
54.78
55.0
57.98
57.6
56.5
54.53
55.29
56.0
56.73
57.68
57.6
59.7
58.87
57.7
55.85
60.4
60.0
59.1
58.75
59.5
57.19
57.0
55.95
57.09
59.8
59.0
58.41
59.53
58.65
59.0
59.83
58.46
58.61
59.0
59.1
57.9
58.19
58.25
57.84
57.88
57.51
57.65
57.7
56.6
57.2
56.48
55.51
55.79
56.0
56.38
56.15
56.49
56.7
55.9
55.85
55.6
55.66
56.21
56.74
56.14
55.6
55.74
55.28
55.24
55.63
55.22
55.21
55.77
55.19
55.15
55.2
55.01
54.6
55.3
56.0
56.08
55.8
56.6
56.1
55.99
56.25
56.2
56.4
56.08
55.97
55.74
55.77
55.77
55.34
55.21
55.0
54.92
55.29
55.08
55.05
55.08
54.7
54.5
54.72
54.8
55.14
55.88
56.65
58.64
59.68
59.34
59.55
59.52
61.85
61.31
60.4
59.8
60.47
60.3
63.6
65.4
65.78
65.38
65.87
65.7
65.5
67.2
68.09
68.2
68.07
68.2
67.97
68.29
67.97
69.6
81.7
96.52
93.25
94.12
96.3
92.4
92.9
90.56
91.0
93.0
90.86
88.7
85.0
86.22
86.3
91.0
88.7
86.98
86.63
87.7
88.32
89.8
88.88
90.25
88.95
90.93
91.7
92.43
93.5
92.57
91.4
89.7
87.99
86.52
87.3
82.4
86.32
85.62
88.39
88.85
88.6
86.45
87.5
85.64
85.9
80.98
77.5
74.67
74.38
67.82
69.7
68.89
71.0
74.2
85.25
79.35
79.55
79.04
83.62
82.0
84.61
87.36
88.6
88.36
88.85
87.71
88.01
84.0
85.45
88.62
88.5
89.4
89.01
91.5
89.86
89.0
88.4
88.97
87.9
89.0
87.0
86.38
92.14
92.63
91.81
92.18
91.69
84.23
81.17
80.79
83.98
84.95
84.01
83.34
81.35
78.92
78.9
77.9
80.76
78.43
79.3
79.24
78.79
75.6
73.39
73.75
70.87
68.46
70.11
70.5
73.7
72.24
72.93
73.1
71.45
70.3
71.4
76.4
76.2
76.34
76.97
77.14
78.44
76.03
76.47
75.48
76.48
75.36
75.51
74.8
76.89
77.02
77.2
77.07
76.48
76.72
75.5
75.38
76.67
77.05
74.98
75.97
75.05
76.57
74.88
75.19
73.1
73.89
71.49
69.56
68.99
69.65
68.31
69.49
68.76
67.9
68.65
72.0
69.65
69.89
71.7
70.89
70.05
68.4
70.02
69.85
68.99
69.0
67.95
68.15
67.3
66.85
66.0
64.4
64.79
64.79
64.3
63.7
64.15
62.08
60.1
60.3
59.08
61.41
60.2
59.47
60.72
60.92
62.81
62.6
62.5
62.9
64.52
65.97
65.4
64.76
65.5
65.74
65.48
65.02
64.97
64.99
63.7
63.98
62.98
63.08
62.56
63.94
62.11
62.01
62.23
62.75
61.9
62.14
63.99
64.85
63.99
64.48
64.24
64.08
64.11
63.79
63.72
65.69
66.85
66.51
66.64
66.2
65.0
63.6
64.03
63.07
63.0
63.68
63.92
63.08
65.09
65.15
65.34
64.6
65.0
66.3
66.84
67.44
71.5
74.4
77.0
76.81
74.54
73.21
75.1
73.6
74.25
74.38
74.72
73.49
71.84
71.95
69.52
69.13
70.1
72.3
74.38
72.45
69.55
67.0
66.59
58.65
55.85
51.34
56.19
57.0
54.39
57.0
56.5
53.33
54.89
55.54
52.78
51.9
49.68
50.69
51.4
52.1
55.25
54.49
53.87
56.94
56.2
55.06
56.0
55.37
55.92
57.4
56.8
56.27
55.9
55.56
54.65
55.33
55.61
54.5
56.41
56.83
56.98
59.7
56.39
57.96
57.75
57.69
58.2
58.89
57.62
56.99
57.02
57.0
57.25
57.5
57.46
57.77
58.19
58.54
58.31
58.37
57.84
56.6
55.72
56.46
56.55
56.1
56.5
57.11
56.26
53.15
51.39
51.7
51.57
51.48
51.07
52.15
51.7
51.02
50.93
51.3
53.75
53.26
54.84
53.45
54.0
55.85
54.4
54.77
54.48
54.5
54.01
52.81
53.2
53.26
53.5
53.0
54.15
53.0
53.15
53.5
54.31
55.7
54.3
53.65
54.09
53.94
53.38
53.37
52.55
52.37
51.16
51.54
51.28
50.5
50.5
49.13
49.17
49.07
48.75
49.45
48.74
48.85
48.1
45.67
46.75
46.1
46.23
47.04
46.34
46.2
45.25
45.36
45.1
41.7
40.46
38.15
38.96
38.14
38.6
38.36
37.2
36.01
35.84
34.0
33.19
33.66
33.53
34.77
35.59
36.15
33.52
33.47
32.79
32.7
29.84
28.24
27.98
28.84
28.63
29.5
30.5
29.6
29.08
27.2
27.0
23.6
21.12
21.0
23.15
22.25
16.88
20.87
20.21
20.02
20.55
20.75
20.51
19.55
19.86
20.0
20.25
19.9
17.1
17.02
14.45
15.43
14.73
16.0
15.51
14.75
15.03
15.41
15.81
16.2
16.0
14.28
13.65
14.35
16.1
15.99
17.0
16.75
15.88
16.35
16.5
15.4
14.94
15.33
15.69
15.62
15.3
14.7
14.66
15.6
15.3
15.12
15.59
15.02
14.34
14.17
13.69
14.4
13.98
15.17
15.34
15.47
15.75
15.05
14.93
15.84
15.56
15.1
15.12
15.45
15.46
14.98
14.61
14.4
14.28
14.55
14.78
14.87
15.81
15.49
15.15
15.02
15.16
14.4
14.14
14.06
13.45
13.14
13.81
13.39
13.97
13.74
13.94
14.17
14.62
16.65
17.7
18.14
17.96
17.79
20.77
20.98
21.86
22.52
19.31
17.68
18.5
17.75
17.71
17.8
18.59
18.35
19.49
19.64
20.0
19.84
19.88
20.6
20.54
20.41
20.37
20.7
21.37
21.17
21.27
21.97
22.82
29.71
36.15
30.55
30.44
31.24
30.71
31.4
31.86
32.6
35.99
38.79
37.8
38.14
38.34
37.0
36.1
33.05
32.17
33.7
32.79
32.44
35.03
35.61
35.4
34.4
35.3
37.8
37.05
37.85
36.81
37.6
37.95
37.98
37.98
45.04
42.18
43.79
44.23
45.29
51.39
46.78
48.88
50.94
49.1
48.0
48.6
48.11
49.05
49.19
46.0
43.6
43.19
42.66
47.36
46.31
45.49
45.3
45.15
44.91
45.0
44.68
41.0
38.0
38.86
39.99
39.98
42.82
38.99
41.2
39.5
39.05
37.99
38.54
37.27
36.8
33.8
33.2
33.6
34.59
33.96
37.1
38.53
38.6
40.0
40.6
39.8
40.0
40.9
40.6
41.49
40.25
42.25
42.86
44.35
47.7
48.3
47.75
45.39
45.61
45.7
45.18
43.85
43.49
43.24
45.01
46.3
45.75
45.46
45.29
45.6
46.09
45.86
48.1
48.9
47.49
46.44
49.89
50.18
50.95
50.8
50.18
49.04
49.44
49.11
48.25
48.99
47.15
49.3
48.0
47.03
46.7
47.77
46.64
45.81
45.87
44.45
49.1
51.88
52.9
53.2
53.22
53.26
54.79
54.65
53.0
58.49
65.94
61.21
62.18
59.69
60.23
60.91
60.15
57.0
63.33
64.47
67.9
66.0
66.61
64.0
65.0
64.5
67.3
66.98
67.95
68.63
67.89
68.11
66.5
66.79
67.7
67.4
65.99
60.92
60.61
60.7
65.72
65.35
65.1
67.11
66.9
65.0
64.93
65.18
65.52
65.3
65.78
67.83
65.41
65.2
65.45
64.57
67.19
66.43
65.9
66.06
64.66
64.65
63.85
65.96
65.76
66.3
67.99
74.11
74.31
76.6
74.22
73.1
73.9
73.96
73.02
72.65
72.27
71.87
73.0
75.28
73.18
71.45
67.93
66.14
66.5
66.15
65.32
64.7
65.71
67.47
68.4
67.49
67.4
67.98
66.67
68.99
72.1
71.71
71.99
72.63
71.99
72.14
74.25
73.72
73.23
74.57
74.27
74.69
75.68
75.7
74.77
75.0
80.29
81.3
79.8
79.2
83.15
82.47
81.0
80.77
80.5
82.8
82.2
79.88
78.99
79.92
79.77
79.21
79.62
77.6
76.73
75.97
77.35
76.86
74.67
76.2
76.95
75.57
75.92
76.36
76.75
78.3
76.9
75.09
68.5
64.0
66.6
72.0
70.0
71.45
70.4
69.41
65.0
65.99
66.62
64.09
68.55
72.0
72.0
73.71
71.99
72.0
71.95
70.92
71.76
70.56
71.49
73.38
73.0
75.67
74.85
74.75
76.0
77.63
75.84
74.06
73.82
71.57
69.5
67.27
67.56
66.15
68.3
68.5
69.8
68.9
68.89
69.19
70.82
70.7
71.19
71.82
71.8
72.17
70.58
71.06
71.99
71.76
71.37
71.82
70.95
71.73
70.9
71.8
70.85
70.94
71.5
71.79
75.14
74.1
72.7
71.94
71.72
72.0
75.02
79.1
77.99
77.78
79.61
81.0
79.01
82.28
92.49
101.59
102.86
100.2
105.68
102.36
100.94
98.56
99.11
102.7
98.45
95.2
95.39
93.25
92.84
93.08
95.79
94.68
91.7
87.7
88.59
89.4
87.9
87.7
87.3
89.01
88.25
88.68
88.35
87.3
85.77
85.89
83.44
85.92
91.2
88.77
86.99
87.08
86.98
87.14
86.6
86.87
87.9
87.25
87.01
86.96
88.65
88.6
88.9
89.97
90.5
84.45
78.3
78.14
79.0
79.94
77.9
77.99
78.15
77.48
77.93
77.7
78.56
78.1
77.76
77.36
77.3
78.38
78.0
77.63
78.13
81.39
80.99
79.8
80.8
81.32
81.28
81.38
81.48
82.05
82.2
82.34
82.13
81.37
81.3
79.6
79.89
80.0
80.0
81.99
85.8
83.97
85.58
85.31
85.17
84.8
85.3
85.82
85.55
89.27
88.65
87.35
87.49
88.67
88.65
88.51
88.27
87.7
88.39
87.3
88.0
87.09
88.4
87.76
87.26
87.5
88.8
88.4
88.7
87.1
86.0
89.14
89.0
88.3
88.4
88.62
87.5
87.53
87.8
86.73
85.98
85.55
83.88
83.13
84.29
84.05
86.15
86.95
87.69
88.83
89.91
90.33
88.52
88.79
89.08
88.6
89.7
88.41
89.5
88.1
87.99
87.5
84.85
85.4
84.5
85.25
82.0
84.28
85.6
85.72
85.89
85.0
84.97
83.73
85.3
85.97
83.46
81.7
83.37
84.0
84.02
83.33
83.83
84.24
84.15
83.89
82.8
83.91
83.04
82.3
82.76
82.98
82.79
83.73
85.14
84.8
84.71
84.83
83.71
84.5
84.64
83.93
83.28
82.8
83.5
83.7
85.5
88.88
89.35
89.08
88.15
86.04
87.1
87.78
86.6
86.3
86.77
86.5
87.0
89.75
89.78
90.7
89.98
90.92
90.02
90.42
90.25
90.4
89.0
87.9
90.05
92.84
98.0
98.4
99.32
100.05
99.6
98.69
98.16
98.13
93.2
92.53
87.01
80.85
82.51
78.2
76.15
80.7
84.78
85.5
86.3
82.49
83.48
85.57
85.5
86.4
85.29
85.48
90.8
89.95
91.69
91.34
89.78
89.21
89.29
90.19
89.57
87.0
85.42
83.99
84.33
85.99
86.79
86.02
87.14
87.6
84.0
76.61
76.2
80.49
79.43
81.29
77.74
74.56
71.98
71.09
73.64
78.03
81.9
80.7
83.0
83.5
85.38
85.36
85.36
85.73
86.27
89.08
92.18
91.9
92.0
91.47
91.4
91.5
91.59
96.63
98.02
97.93
97.79
97.37
97.5
97.6
97.0
98.3
97.62
97.18
96.0
96.92
97.71
98.65
98.7
100.2
100.1
100.1
100.1
99.0
99.8
100.57
99.9
101.25
98.5
99.49
99.85
101.96
99.81
100.05
101.5
100.65
99.89
99.69
98.31
99.5
98.99
97.99
97.8
96.4
95.25
96.7
97.1
98.0
98.65
98.0
97.81
97.5
99.0
99.0
95.44
95.68
95.9
95.45
94.95
95.0
93.0
93.0
93.39
90.0
89.47
89.26
89.4
89.59
89.4
89.45
89.01
89.05
87.8
87.8
88.81
87.92
87.92
87.85
88.28
88.26
88.38
87.0
87.73
87.74
86.9
86.8
86.25
87.37
87.68
85.24
85.0
85.7
85.97
85.0
84.98
85.0
84.96
84.99
84.63
84.83
84.81
84.84
86.0
89.0
87.57
87.6
88.67
93.51
96.76
95.0
95.7
96.0
95.69
95.84
95.84
95.68
95.98
94.09
93.2
92.92
93.16
93.34
92.01
92.8
94.5
94.0
95.21
94.41
89.56
88.85
87.9
86.25
86.5
86.5
87.5
88.39
87.65
85.01
85.95
84.8
83.68
81.0
81.5
81.97
78.48
79.0
78.48
77.77
78.0
77.7
74.5
71.49
72.19
75.32
76.0
75.86
75.0
78.07
78.7
78.33
78.0
81.0
80.52
79.57
78.17
76.17
76.0
77.68
79.25
79.22
81.9
82.76
83.97
84.24
82.26
82.5
82.2
82.17
81.33
80.97
81.86
81.91
82.1
81.31
81.29
80.67
77.56
77.48
77.81
79.13
78.92
79.4
78.5
78.0
77.81
79.0
79.7
79.42
79.48
80.1
80.5
81.8
82.84
82.29
82.7
82.06
81.45
82.69
82.06
82.38
82.5
83.9
85.74
87.3
84.77
84.8
86.26
88.68
87.63
88.96
89.99
90.32
92.96
94.9
92.96
95.5
94.5
94.9
96.49
98.2
99.23
99.2
97.17
94.95
95.88
95.87
96.95
98.19
97.13
96.95
98.5
97.48
97.8
97.18
96.4
95.31
95.89
95.7
96.73
96.43
94.98
96.18
95.5
94.81
94.9
92.5
91.99
91.13
92.0
92.0
91.38
90.5
90.0
90.55
90.0
90.5
90.2
89.0
90.0
90.0
90.15
87.25
86.83
86.62
86.25
85.27
84.07
80.91
83.47
84.5
84.0
82.67
83.45
85.88
85.51
86.0
86.96
88.45
90.3
90.4
90.02
90.98
90.15
91.38
91.17
91.35
90.38
91.0
90.15
90.49
92.5
92.03
91.0
90.01
90.56
90.3
90.51
89.99
90.85
90.71
90.81
90.43
90.05
90.0
90.15
89.9
89.24
88.59
88.9
88.05
87.25
87.97
88.0
88.49
89.76
90.3
91.09
90.47
90.55
90.74
91.7
92.25
91.02
90.31
90.14
89.2
88.78
91.49
91.01
94.29
94.37
94.79
94.87
94.39
92.91
93.43
93.5
93.25
91.11
91.15
94.4
90.87
90.36
90.6
89.33
89.53
89.24
87.89
87.8
87.75
86.48
85.11
82.9
82.6
81.98
81.99
81.57
80.8
78.22
77.31
74.5
74.0
75.98
80.53
79.01
79.0
80.02
82.48
82.3
82.58
80.0
81.7
80.0
81.68
80.74
80.44
81.0
81.19
81.09
79.33
79.73
79.11
79.71
80.89
77.04
75.4
75.98
77.09
74.82
73.3
72.62
73.33
73.2
72.0
70.0
70.79
72.29
70.01
68.89
69.0
71.19
73.3
71.53
70.01
69.68
69.71
71.86
70.8
69.82
71.0
73.34
75.47
75.03
75.88
75.0
73.24
75.75
74.39
75.22
77.3
76.7
78.0
79.64
78.18
77.44
77.36
78.37
78.6
79.08
78.93
80.96
79.73
77.99
77.49
77.96
78.2
78.89
78.86
77.69
77.79
77.13
76.96
77.95
77.6
77.84
76.46
76.48
76.0
77.4
77.22
76.79
75.49
74.2
73.64
72.21
71.97
72.51
73.25
72.85
72.99
73.04
73.39
73.4
72.49
72.03
71.97
72.05
71.67
71.95
71.47
70.49
70.35
71.16
71.5
71.31
70.98
71.1
70.66
70.58
71.0
71.1
71.84
71.85
72.33
72.14
72.0
71.99
72.08
71.91
71.9
72.06
71.94
71.94
72.15
73.04
72.51
72.42
72.6
73.16
75.6
76.99
77.7
77.29
76.49
75.4
77.01
78.99
78.9
78.5
78.29
77.58
76.94
74.31
74.48
72.89
72.45
71.91
71.9
71.25
70.93
71.0
71.0
72.53
73.5
72.89
73.82
74.43
73.5
73.69
74.3
73.86
73.85
74.1
73.2
72.79
72.56
72.91
73.0
73.46
74.83
73.14
75.01
73.44
73.22
73.35
73.83
74.59
73.7
74.47
74.81
76.1
76.0
74.15
74.37
74.15
74.16
73.65
72.52
71.9
71.58
72.81
73.97
73.9
74.14
73.96
74.23
73.79
73.4
72.96
74.2
73.33
72.68
72.92
72.91
72.55
71.5
71.63
70.1
69.7
61.95
65.5
62.65
61.45
62.01
60.3
56.79
54.09
51.18
53.31
55.5
54.17
58.0
56.85
56.9
53.75
51.61
53.0
54.56
54.19
52.22
51.15
51.97
52.0
52.64
51.51
50.0
50.0
49.98
49.8
50.56
49.85
49.7
49.25
48.69
50.04
50.95
50.97
50.5
52.1
51.69
51.35
51.2
51.8
54.26
54.99
54.9
55.27
56.23
54.98
54.59
54.91
54.6
55.7
56.17
56.64
56.91
57.4
57.71
58.2
58.85
58.65
59.0
59.69
59.89
59.1
59.47
61.01
61.0
60.8
60.63
61.15
61.15
62.12
62.53
62.49
64.4
65.23
66.1
67.5
62.93
62.1
61.6
62.85
61.8
60.1
58.49
59.65
59.59
60.1
59.02
57.81
58.08
59.0
59.3
59.26
58.79
58.0
57.75
57.51
57.67
58.5
60.62
63.45
62.93
63.34
64.1
65.12
65.76
65.75
65.82
66.09
65.75
66.1
65.04
65.52
64.9
64.54
66.0
66.6
66.95
66.49
66.81
66.5
66.0
67.96
67.08
68.45
68.99
69.83
70.64
70.1
71.6
72.0
72.98
72.99
71.97
72.2
71.81
69.49
68.46
68.87
68.3
67.4
67.5
66.49
67.25
66.89
66.08
65.75
66.2
66.07
66.69
66.0
66.09
66.19
66.52
67.11
67.38
69.2
69.01
70.07
70.87
70.55
70.51
71.0
71.1
71.4
71.0
71.23
71.1
71.15
70.59
69.49
69.0
68.9
70.8
70.0
70.0
69.9
72.0
70.1
70.28
69.01
66.86
67.7
65.5
64.72
63.26
63.7
61.64
60.58
58.99
58.32
59.5
59.45
58.37
56.97
57.12
56.51
57.56
57.1
57.95
58.11
57.3
57.3
56.5
56.21
55.99
55.5
55.3
55.16
54.95
54.99
56.4
57.0
55.2
55.89
56.05
56.06
55.99
55.21
56.0
56.75
57.51
58.15
58.13
58.97
60.04
61.0
61.95
61.64
61.52
61.5
61.35
61.66
60.88
59.4
60.37
61.1
61.37
63.2
62.43
61.96
61.97
61.0
61.13
60.69
59.6
59.24
58.07
58.54
58.21
57.76
56.67
58.98
58.68
57.5
56.55
57.4
58.0
58.78
59.0
58.98
58.92
58.9
58.6
57.67
58.19
59.3
58.91
59.27
59.27
58.71
57.21
57.91
58.22
57.95
58.85
58.92
58.55
58.65
58.76
58.94
58.4
57.87
58.01
58.0
57.5
57.63
57.67
57.94
57.35
57.46
57.39
56.7
56.92
57.0
58.0
57.9
57.73
58.0
59.2
59.9
60.0
61.04
62.5
65.67
65.84
64.14
64.75
64.2
63.28
63.39
63.08
63.2
63.15
63.2
63.07
62.75
63.09
63.0
63.5
59.99
59.05
58.0
58.04
57.8
57.77
57.59
57.6
57.42
57.05
56.92
57.1
56.4
56.3
56.0
56.3
55.73
55.6
55.28
55.25
55.3
55.5
55.3
55.6
56.0
55.9
55.5
55.8
56.5
57.0
57.6
57.5
57.2
57.0
56.0
56.2
55.9
55.0
55.7
55.8
56.6
56.9
56.7
56.6
56.5
56.6
56.3
55.8
56.5
56.6
57.6
57.6
59.8
59.2
59.2
59.1
59.1
59.4
59.0
59.0
59.4
59.0
57.8
57.9
57.5
58.1
58.0
59.4
59.1
58.6
58.0
58.0
58.1
58.5
58.2
58.3
58.8
59.1
58.9
59.1
59.0
62.8
62.0
61.3
61.5
61.1
61.3
61.6
61.95
63.5
62.5
62.7
62.35
61.35
60.55
59.95
60.5
62.25
63.95
62.55
62.95
64.5
63.3
63.45
63.8
63.25
63.7
64.5
65.0
64.4
64.15
63.05
64.0
65.5
64.6
63.5
64.15
65.55
66.4
66.65
66.6
66.5
65.5
66.4
66.0
66.0
66.6
67.1
69.05
67.95
67.5
68.15
66.45
66.0
66.3
65.8
63.55
64.65
66.6
64.6
65.3
65.8
65.1
64.5
64.5
64.95
65.0
65.15
65.85
65.4
65.0
64.5
64.95
64.9
64.95
64.0
64.0
63.95
64.05
64.55
65.5
65.0
64.85
65.5
64.35
64.35
64.9
64.75
65.75
65.55
65.9
65.85
66.2
66.05
66.5
67.0
66.0
66.2
66.65
67.7
67.0
66.9
67.35
67.3
66.95
67.1
66.85
67.8
68.0
68.8
68.95
69.3
68.9
69.4
69.5
69.05
69.5
69.15
69.45
69.0
68.3
68.1
69.4
70.8
70.65
71.4
71.8
71.5
72.05
72.75
72.0
71.4
71.15
70.6
70.6
71.85
72.35
72.25
72.9
73.15
73.85
73.0
72.35
73.1
73.4
73.7
73.5
73.45
73.35
73.35
73.1
72.5
71.8
71.95
72.6
72.0
70.95
70.0
69.9
70.25
69.3
69.5
69.3
70.5
70.0
70.25
69.85
69.4
69.65
69.8
69.85
70.05
71.6
72.1
72.5
68.0
67.25
66.1
66.25
65.35
65.1
64.55
64.7
63.6
63.75
64.25
64.0
65.45
65.2
64.6
64.65
64.5
64.85
64.4
64.35
65.05
65.0
65.9
66.45
65.6
65.55
65.7
65.7
65.0
64.5
64.0
64.05
63.4
63.45
62.75
62.75
62.2
62.45
62.5
62.9
62.7
62.7
63.35
63.7
63.8
63.9
64.0
63.3
62.0
62.25
62.15
62.05
62.15
62.35
61.6
61.85
61.45
62.15
62.05
62.25
62.15
61.9
61.9
62.0
62.0
62.1
61.95
62.45
62.8
62.15
62.15
62.05
61.85
61.95
61.9
61.7
61.8
61.75
61.85
61.9
61.75
61.8
62.05
63.3
62.6
62.4
62.05
61.85
62.35
62.85
61.8
62.05
62.0
62.05
62.1
62.4
62.4
62.5
62.7
63.1
62.9
62.3
62.35
62.6
62.5
62.65
63.35
63.7
63.6
64.1
63.9
64.0
63.75
63.4
63.25
62.8
63.15
62.9
62.55
62.35
62.05
62.0
62.1
62.25
62.5
62.8
63.35
63.1
62.8
63.0
62.9
62.95
62.95
62.95
62.85
63.05
62.9
62.75
62.55
62.75
62.85
63.05
62.3
62.65
63.0
63.05
62.9
63.1
62.9
62.8
62.95
63.2
63.0
65.95
65.75
65.2
64.75
64.25
64.0
62.9
62.35
62.6
62.5
61.95
61.3
60.4
60.8
60.8
61.15
61.05
59.45
58.0
58.1
58.65
59.05
58.7
58.1
59.0
58.65
59.0
58.95
59.0
59.2
58.8
59.0
58.9
58.45
58.05
58.3
58.35
58.7
58.7
58.3
57.25
57.4
56.75
56.55
56.15
56.6
56.15
55.9
55.9
55.95
56.05
56.85
57.85
56.75
57.4
57.75
57.1
56.9
56.8
56.8
56.5
56.45
56.9
56.3
56.25
55.5
55.1
55.3
55.3
55.65
55.35
55.65
55.6
55.9
55.25
55.15
55.45
55.45
54.95
54.7
54.5
54.2
54.5
55.0
54.1
54.6
54.8
55.35
55.85
56.45
57.55
57.85
58.4
58.45
58.05
58.25
57.95
58.0
58.45
53.8
53.65
53.35
52.5
52.5
52.65
52.0
51.6
50.6
51.3
50.85
50.85
51.0
50.95
51.1
51.1
50.85
51.05
51.69
51.72
51.7
51.7
51.69
51.38
50.7
50.69
50.24
50.29
50.5
50.22
50.49
50.75
50.89
50.87
50.75
50.83
50.71
50.84
50.7
50.75
50.85
51.59
51.25
51.24
51.18
51.25
51.19
51.19
51.2
51.19
50.61
51.39
51.3
51.95
52.84
53.14
53.63
53.09
53.0
53.29
53.34
53.43
53.58
52.48
52.45
52.9
52.94
53.06
52.84
52.97
52.91
52.72
52.59
52.5
52.45
51.89
52.1
52.53
52.6
52.43
52.7
52.74
53.13
53.09
53.41
54.14
56.02
56.29
56.05
56.42
56.98
56.77
55.1
54.97
54.99
55.0
55.99
55.78
55.35
55.09
55.4
55.3
54.85
54.65
54.5
55.45
55.25
54.69
54.88
54.6
54.68
55.18
55.95
55.84
55.94
55.9
56.15
56.81
56.58
55.95
55.96
55.82
55.6
55.62
55.7
55.95
55.8
56.14
56.15
56.54
56.8
56.96
56.75
57.51
58.18
58.14
58.1
58.24
58.66
58.51
58.88
58.57
58.3
58.77
59.51
59.28
59.35
58.99
58.7
57.4
57.56
57.93
57.88
58.25
58.4
58.58
58.66
59.01
59.6
59.64
59.65
59.7
59.93
60.16
60.11
60.0
60.2
60.99
61.76
61.79
61.96
62.37
62.0
61.5
62.24
62.32
62.42
62.51
62.94
63.0
62.44
61.87
61.67
61.3
61.95
62.65
62.33
62.85
62.97
62.94
63.11
61.44
61.0
60.3
60.62
60.15
60.5
60.71
61.3
61.16
61.97
61.85
62.4
62.25
62.34
62.38
62.4
62.36
62.4
61.99
62.23
62.5
62.66
62.6
62.55
62.54
62.77
62.8
62.7
62.45
62.42
62.01
61.97
62.1
62.6
62.2
62.07
62.17
62.3
62.2
63.62
64.04
64.0
64.91
64.0
64.04
64.87
64.43
64.19
63.44
63.49
63.34
63.74
63.5
63.3
65.1
64.85
64.39
65.0
65.0
65.99
65.74
66.0
62.53
62.0
63.55
63.17
62.36
62.3
62.24
62.28
61.79
61.12
61.75
60.85
61.35
61.97
61.3
61.4
61.16
61.21
61.98
62.19
62.03
61.92
61.81
61.37
60.9
60.7
59.82
60.4
61.0
60.85
60.6
60.32
60.4
60.09
60.22
59.77
59.59
59.53
59.8
59.65
58.85
59.0
58.9
59.0
58.65
58.5
58.2
58.02
57.98
58.39
59.15
59.14
59.12
59.44
59.48
59.59
60.04
59.59
59.5
59.7
59.5
59.03
58.9
59.35
59.7
59.44
59.15
59.04
59.69
59.5
59.42
59.7
59.8
59.95
60.29
60.3
60.34
59.54
59.04
59.55
59.34
59.5
59.26
59.29
59.48
59.8
60.05
59.95
59.95
59.8
59.9
60.15
60.0
59.95
60.05
60.0
60.05
60.05
60.15
60.25
59.95
59.85
60.05
59.95
60.05
59.85
60.15
59.95
60.0
60.05
60.0
59.9
59.85
59.85
60.0
59.9
59.8
60.0
60.0
59.9
59.85
59.85
59.9
59.9
59.95
60.45
60.4
61.0
61.0
61.6
61.8
61.0
62.2
61.2
61.4
61.25
60.55
60.55
60.5
59.85
60.2
60.1
61.0
60.95
60.8
60.5
60.65
60.6
60.9
60.8
60.85
60.55
60.8
60.75
60.7
60.35
59.75
60.15
60.2
60.15
60.05
60.1
60.25
60.4
60.4
60.3
60.2
60.25
60.3
60.5
60.35
60.05
60.0
59.9
59.85
59.9
59.85
60.3
60.2
60.2
60.0
60.0
60.05
60.0
60.05
60.0
60.15
60.0
60.2
60.1
60.1
60.0
60.05
60.1
60.05
60.2
60.2
60.1
60.2
60.15
60.15
60.25
60.3
60.2
60.2
60.15
60.4
60.6
60.6
60.6
62.0
62.4
62.85
62.3
61.6
61.3
63.75
63.9
65.6
65.25
65.45
63.9
63.7
62.4
62.3
62.25
61.5
60.75
60.95
60.65
60.75
60.8
60.6
61.3
61.35
61.15
61.35
61.35
61.55
61.85
63.45
64.5
65.0
63.9
63.75
63.25
63.75
64.0
64.25
64.0
65.15
63.05
62.95
65.15
65.4
65.5
64.9
64.1
62.75
63.5
63.65
63.2
64.25
64.55
63.7
64.05
63.7
63.65
63.55
63.65
63.6
63.5
63.75
63.45
63.0
63.5
63.3
63.2
63.05
62.9
62.95
61.9
61.95
61.95
62.05
62.1
62.2
61.9
62.3
62.1
62.05
61.95
62.15
62.15
62.4
62.0
62.85
64.0
63.2
63.25
62.05
62.5
62.1
62.4
62.2
62.35
62.05
61.85
61.95
62.05
61.85
62.15
62.25
62.2
62.45
62.45
62.05
62.25
62.35
62.65
62.45
62.7
63.4
62.65
63.3
63.7
63.2
64.65
64.45
64.55
64.4
64.65
64.85
64.35
64.2
64.5
65.0
65.1
65.0
65.6
65.95
66.15
66.1
66.35
70.45
67.65
66.7
67.2
67.5
67.6
67.6
67.0
66.9
67.6
67.0
67.25
66.95
66.95
66.95
66.5
67.0
66.45
66.6
66.7
66.75
67.0
66.9
66.75
67.2
67.95
68.5
69.4
69.7
69.35
69.3
69.5
69.7
69.7
70.2
71.55
70.9
71.5
73.95
74.7
74.0
75.1
79.95
78.9
79.6
80.45
78.9
78.9
78.8
78.85
78.25
77.85
79.0
79.3
77.8
77.1
78.5
79.0
78.2
78.35
78.85
79.2
79.65
79.2
81.1
81.25
81.2
81.4
82.95
81.3
80.7
80.1
76.95
76.55
76.8
76.25
75.55
74.5
72.55
69.2
67.0
61.0
61.4
60.25
61.9
59.2
58.95
59.15
58.45
60.85
60.45
62.7
61.0
63.1
64.45
63.95
64.25
63.6
64.55
65.95
66.25
66.6
67.8
66.6
67.05
65.0
65.4
66.45
66.5
65.9
67.4
68.55
67.95
68.65
69.6
72.2
71.1
71.3
71.7
71.35
71.6
71.8
72.0
70.85
70.65
70.45
72.25
74.0
74.8
73.75
73.9
74.5
74.15
73.7
74.0
74.3
74.65
76.05
75.65
75.4
75.15
75.0
75.2
74.95
74.8
74.35
74.65
74.95
75.5
75.7
76.0
76.35
77.05
78.1
78.0
78.05
79.55
78.9
81.45
81.15
80.35
80.05
80.55
80.95
79.85
80.25
80.7
81.2
81.9
82.65
83.0
83.9
83.45
84.1
85.45
86.0
84.5
85.3
85.7
86.05
88.2
89.65
89.85
90.95
92.2
92.1
92.9
94.0
95.6
95.05
96.35
91.65
91.2
90.7
89.45
89.65
89.65
88.95
88.45
88.25
88.4
88.0
87.7
87.25
86.05
86.5
86.75
86.3
86.7
87.3
87.45
87.8
88.25
86.6
87.65
89.6
87.95
89.2
89.15
89.0
88.6
86.7
86.45
87.25
86.7
86.4
85.95
84.9
84.65
85.65
85.95
85.0
84.75
84.4
85.5
85.7
85.75
86.5
85.5
84.9
82.0
82.9
82.0
82.55
84.2
85.0
84.25
86.0
85.95
85.0
85.0
86.45
86.4
86.75
87.0
86.35
85.85
86.05
85.95
86.15
85.9
86.4
86.0
85.95
86.35
87.2
87.75
86.8
87.1
87.5
87.55
87.3
86.65
86.45
86.65
86.15
85.65
83.6
83.75
83.2
83.55
83.5
84.2
85.6
85.6
86.6
89.55
88.45
89.05
88.3
88.45
87.3
88.5
87.95
88.35
88.3
89.8
89.45
89.5
90.5
91.9
91.15
92.0
90.35
91.15
91.9
91.55
92.5
92.5
93.25
92.05
92.2
91.8
91.75
92.05
92.2
92.0
91.85
93.75
93.7
93.35
93.3
93.8
92.6
93.15
92.75
93.3
91.85
90.2
92.1
90.75
91.0
90.2
91.4
93.35
91.2
91.2
91.35
91.0
90.55
90.7
91.25
91.4
91.45
90.75
90.9
90.55
91.2
91.25
91.0
90.95
91.9
91.1
91.45
91.0
91.0
90.75
90.9
92.05
90.0
90.55
91.0
90.65
90.7
90.55
90.45
90.2
90.45
90.5
90.7
90.55
90.75
90.45
90.0
90.25
90.4
90.4
90.45
91.15
90.7
90.9
91.0
90.9
90.75
91.25
91.15
91.05
91.1
91.2
91.45
92.3
92.1
92.4
92.4
92.3
92.3
92.8
92.75
92.3
92.3
92.0
91.45
91.8
92.0
92.2
92.4
92.15
92.1
91.3
91.05
91.7
92.85
92.75
92.0
92.8
91.6
87.8
88.35
88.1
88.0
88.05
87.4
85.65
84.8
85.0
84.85
84.65
84.95
85.05
85.4
85.95
85.05
84.6
85.0
84.65
87.65
88.7
88.15
87.9
88.2
87.05
88.3
86.7
87.25
86.65
86.3
86.6
85.75
85.55
86.1
85.4
86.45
85.75
85.45
84.4
85.55
85.65
85.7
85.5
85.2
84.65
84.8
84.9
84.5
84.4
84.35
84.5
84.25
84.0
84.6
84.85
84.6
84.4
83.65
83.8
84.05
83.65
83.45
83.55
83.5
83.7
84.45
85.1
84.85
85.35
85.05
84.9
85.85
85.9
87.6
85.75
85.95
85.65
85.6
85.0
84.65
84.45
84.6
84.5
83.85
83.85
84.05
84.35
84.3
84.15
83.75
83.5
83.6
84.1
83.9
83.75
81.95
81.35
80.4
80.9
79.65
78.75
78.35
79.55
80.1
79.2
78.85
79.3
79.1
78.9
77.5
75.15
76.55
77.6
78.15
76.65
75.95
76.1
75.75
75.05
75.1
75.75
75.4
75.9
76.15
76.3
77.15
76.65
76.05
75.0
75.95
76.0
74.4
71.5
71.35
68.95
69.5
71.05
69.2
66.15
66.75
67.0
69.05
70.65
71.15
70.4
70.2
69.15
69.65
69.4
70.05
70.65
70.35
68.1
67.6
68.5
69.1
67.4
66.4
60.5
63.05
51.75
58.7
56.5
57.5
59.6
65.1
64.7
65.2
62.5
62.45
62.95
64.15
61.2
61.9
61.75
60.15
60.1
59.3
57.85
58.55
58.3
58.2
56.95
58.8
59.75
59.15
59.8
58.2
58.15
58.75
58.6
58.2
58.3
58.7
59.35
61.05
60.9
60.0
58.35
57.75
57.65
57.7
58.4
59.2
58.3
58.7
57.65
57.9
58.1
57.9
58.1
57.9
57.95
58.5
59.45
59.9
59.95
60.7
60.05
59.8
59.9
60.35
62.0
63.85
63.4
61.05
