close
0.3
0.34
0.45
0.32001
0.34
0.33201
0.332
0.38791
0.33
0.34001
0.33
0.33
0.35
0.3
0.314
0.30002
0.346
0.35084
0.33
0.39999
0.34001
0.34019
0.39997
0.33901
0.316
0.33
0.33
0.26
0.32
0.335
0.32
0.335
0.35
0.314
0.32
0.331
0.33
0.37
0.262
0.299
0.326
0.33
0.331
0.419
0.37
0.3
0.349
0.34
0.34
0.326
0.354
0.33
0.326
0.295
0.334
0.313
0.313
0.31
0.316
0.32
0.32
0.305
0.304
0.316
0.326
0.3
0.294
0.3
0.3
0.332
0.3
0.313
0.304
0.292
0.289
0.29
0.29
0.29
0.29
0.3
0.304
0.3
0.316
0.32
0.44
0.314
0.339
0.296
0.282
0.313
0.3
0.311
0.335
0.315
0.32
0.32
0.33
0.33
0.331
0.341
0.345
0.345
0.345
0.369
0.34
0.34
0.34
0.34
0.34
0.34
0.359
0.308
0.315
0.309
0.31
0.308
0.308
0.302
0.302
0.309
0.308
0.371
0.475
0.467
0.37
0.378
0.378
0.439
0.408
0.421
0.4
0.378
0.385
0.39
0.372
0.347
0.358
0.36
0.368
0.355
0.356
0.338
0.33
0.331
0.398
0.388
0.404
0.404
0.425
0.4
0.418
0.416
0.412
0.432
0.392
0.374
0.416
0.382
0.431
0.431
0.419
0.38
0.37
0.375
0.37
0.363
0.37
0.365
0.365
0.365
0.378
0.338
0.313
0.304
0.31
0.31
0.309
0.34
0.302
0.323
0.32
0.315
0.32
0.34
0.32
0.312
0.32
0.313
0.297
0.299
0.293
0.3
0.299
0.304
0.312
0.305
0.303
0.31
0.3
0.3
0.3
0.297
0.303
0.303
0.293
0.295
0.294
0.34
0.313
0.299
0.28
0.28
0.287
0.282
0.289
0.285
0.285
0.289
0.288
0.287
0.289
0.289
0.289
0.297
0.298
0.294
0.288
0.291
0.297
0.286
0.287
0.29
0.299
0.299
0.298
0.298
0.299
0.309
0.318
0.318
0.338
0.325
0.316
0.32
0.316
0.333
0.308
0.312
0.327
0.332
0.301
0.301
0.31
0.31
0.309
0.31
0.31
0.306
0.316
0.307
0.309
0.301
0.301
0.309
0.301
0.3
0.292
0.293
0.293
0.29
0.3
0.3
0.294
0.294
0.29
0.274
0.248
0.265
0.267
0.233
0.225
0.272
0.267
0.239
0.204
0.191
0.23
0.221
0.261
0.365
0.316
0.41
0.4
0.469
0.459
0.416
0.41
0.371
0.385
0.362
0.36
0.281
0.3
0.283
0.271
0.285
0.285
0.296
0.298
0.275
0.296
0.298
0.274
0.298
0.284
0.302
0.322
0.299
0.282
0.29
0.269
0.278
0.283
0.283
0.278
0.278
0.277
0.257
0.226
0.261
0.244
0.243
0.328
0.388
0.4
0.334
0.428
0.334
0.325
0.355
0.344
0.32
0.325
0.33
0.349
0.405
0.359
0.366
0.33
0.343
0.355
0.354
0.363
0.347
0.378
0.367
0.377
0.384
0.385
0.4
0.409
0.401
0.41
0.401
0.405
0.395
0.4
0.394
0.398
0.35
0.395
0.355
0.33
0.331
0.36
0.35
0.336
0.34
0.336
0.324
0.342
0.33
0.325
0.319
0.3
0.302
0.3
0.31
0.315
0.3
0.311
0.349
0.397
0.386
0.37
0.355
0.304
0.32
0.32
0.314
0.314
0.31
0.312
0.326
0.3
0.428
0.452
0.408
0.386
0.38
0.354
0.36
0.36
0.34
0.35
0.34
0.348
0.35
0.34
0.342
0.35
0.35
0.33
0.336
0.336
0.334
0.328
0.322
0.45
0.374
0.36
0.344
0.356
0.386
0.372
0.398
0.384
0.418
0.41
0.414
0.4
0.41
0.41
0.38
0.364
0.38
0.37
0.37
0.365
0.39
0.365
0.355
0.355
0.35
0.35
0.38
0.35
0.355
0.36
0.35
0.35
0.345
0.335
0.335
0.33
0.32
0.315
0.325
0.325
0.32
0.325
0.33
0.335
0.335
0.34
0.35
0.35
0.345
0.355
0.34
0.34
0.335
0.335
0.32
0.325
0.33
0.365
0.355
0.355
0.365
0.355
0.345
0.35
0.35
0.36
0.355
0.365
0.35
0.335
0.335
0.35
0.345
0.345
0.35
0.34
0.35
0.345
0.34
0.34
0.335
0.335
0.345
0.34
0.345
0.345
0.335
0.34
0.335
0.33
0.325
0.33
0.325
0.33
0.335
0.335
0.32
0.325
0.33
0.325
0.32
0.32
0.32
0.32
0.325
0.33
0.335
0.325
0.335
0.32
0.32
0.32
0.32
0.325
0.325
0.325
0.32
0.32
0.32
0.325
0.315
0.32
0.315
0.33
0.32
0.315
0.315
0.32
0.315
0.315
0.315
0.315
0.315
0.32
0.325
0.32
0.345
0.33
0.35
0.33
0.355
0.335
0.33
0.33
0.33
0.345
0.335
0.335
0.335
0.33
0.325
0.325
0.325
0.325
0.33
0.33
0.335
0.34
0.34
0.34
0.33
0.325
0.335
0.325
0.33
0.325
0.325
0.325
0.325
0.325
0.325
0.325
0.325
0.33
0.325
0.33
0.33
0.33
0.33
0.335
0.335
0.33
0.34
0.35
0.34
0.335
0.325
0.34
0.335
0.34
0.34
0.34
0.335
0.34
0.345
0.335
0.35
0.34
0.345
0.34
0.34
0.34
0.35
0.345
0.35
0.34
0.34
0.34
0.34
0.34
0.335
0.335
0.33
0.335
0.33
0.34
0.335
0.33
0.33
0.33
0.335
0.345
0.34
0.34
0.34
0.365
0.355
0.35
0.34
0.34
0.32
0.33
0.335
0.335
0.335
0.32
0.3
0.305
0.305
0.285
0.27
0.27
0.265
0.27
0.295
0.305
0.295
0.29
0.29
0.3
0.315
0.31
0.33
0.325
0.325
0.335
0.315
0.315
0.305
0.305
0.305
0.31
0.31
0.32
0.32
0.31
0.315
0.32
0.32
0.44
0.38
0.365
0.37
0.37
0.365
0.365
0.365
0.37
0.35
0.35
0.35
0.345
0.35
0.345
0.345
0.335
0.34
0.345
0.34
0.34
0.355
0.375
0.36
0.35
0.36
0.35
0.425
0.415
0.43
0.43
0.42
0.405
0.41
0.38
0.39
0.395
0.4
0.395
0.395
0.39
0.4
0.39
0.38
0.375
0.375
0.375
0.37
0.37
0.385
0.415
0.41
0.405
0.405
0.405
0.465
0.45
0.435
0.46
0.61
0.57
0.515
0.535
0.57
0.635
0.61
0.6
0.605
0.71
0.805
0.735
0.785
0.77
0.745
0.705
0.685
0.665
0.68
0.67
0.66
0.605
0.57
0.595
0.605
0.615
0.61
0.6
0.6
0.6
0.59
0.58
0.585
0.585
0.58
0.575
0.565
0.545
0.53
0.535
0.515
0.51
0.565
0.55
0.555
0.555
0.545
0.54
0.535
0.56
0.55
0.535
0.53
0.535
0.54
0.54
0.525
0.54
0.54
0.54
0.51
0.535
0.525
0.53
0.525
0.53
0.545
0.525
0.53
0.525
0.53
0.535
0.545
0.535
0.53
0.525
0.54
0.535
0.53
0.535
0.535
0.53
0.53
0.525
0.53
0.525
0.53
0.525
0.53
0.52
0.52
0.515
0.51
0.515
0.51
0.515
0.52
0.515
0.51
0.505
0.49
0.495
0.49
0.49
0.48
0.49
0.505
0.505
0.495
0.505
0.52
0.515
0.55
0.555
0.565
0.56
0.56
0.54
0.53
0.525
0.545
0.535
0.54
0.535
0.55
0.54
0.54
0.54
0.54
0.54
0.535
0.535
0.535
0.53
0.535
0.535
0.54
0.53
0.52
0.55
0.535
0.55
0.545
0.53
0.52
0.515
0.52
0.52
0.515
0.515
0.52
0.515
0.515
0.535
0.525
0.52
0.525
0.525
0.52
0.525
0.51
0.505
0.505
0.51
0.505
0.505
0.505
0.51
0.505
0.51
0.51
0.505
0.505
0.505
0.51
0.51
0.505
0.51
0.51
0.505
0.51
0.51
0.51
0.51
0.505
0.505
0.5
0.505
0.505
0.51
0.51
0.505
0.505
0.505
0.51
0.505
0.5
0.51
0.505
0.5
0.5
0.495
0.5
0.505
0.5
0.5
0.5
0.505
0.5
0.5
0.5
0.505
0.505
0.5
0.5
0.585
0.6
0.55
0.53
0.51
0.51
0.505
0.495
0.495
0.49
0.485
0.47
0.49
0.475
0.48
0.475
0.475
0.47
0.465
0.47
0.465
0.465
0.46
0.455
0.46
0.47
0.47
0.465
0.47
0.455
0.465
0.46
0.46
0.46
0.47
0.47
0.465
0.46
0.466
0.46
0.464
0.466
0.464
0.46
0.458
0.458
0.458
0.458
0.454
0.484
0.464
0.45
0.542
0.496
0.484
0.484
0.486
0.486
0.484
0.486
0.49
0.484
0.486
0.486
0.484
0.47
0.466
0.468
0.468
0.464
0.46
0.468
0.512
0.544
0.618
0.57
0.562
0.586
0.572
0.574
0.568
0.56
0.554
0.602
0.842
1.042
0.934
0.87
0.87
0.898
0.86
0.814
0.792
0.836
0.822
0.79
0.782
0.774
0.758
0.75
0.92
0.834
0.802
0.798
0.776
0.796
0.788
0.766
0.768
0.754
0.754
0.74
0.738
0.736
0.744
0.732
0.704
0.684
0.688
0.71
0.702
0.71
0.686
0.682
0.68
0.658
0.604
0.662
0.662
0.656
0.648
0.628
0.604
0.628
0.64
0.626
0.618
0.616
0.64
0.63
0.64
0.65
0.65
0.65
0.652
0.656
0.674
0.67
0.66
0.65
0.642
0.626
0.62
0.6
0.618
0.592
0.576
0.602
0.586
0.52
0.558
0.568
0.576
0.564
0.578
0.562
0.57
0.56
0.562
0.578
0.566
0.566
0.56
0.548
0.542
0.564
0.558
0.55
0.53
0.454
0.454
0.33
0.414
0.366
0.344
0.494
0.53
0.528
0.586
0.62
0.624
0.636
0.622
0.636
0.67
0.646
0.668
0.63
0.62
0.616
0.576
0.54
0.546
0.53
0.534
0.556
0.548
0.52
0.508
0.516
0.5
0.494
0.48
0.47
0.47
0.48
0.48
0.514
0.504
0.512
0.576
0.57
0.544
0.542
0.542
0.544
0.55
0.544
0.542
0.554
0.536
0.542
0.54
0.534
0.53
0.54
0.542
0.54
0.552
0.54
0.542
0.546
0.558
0.556
0.558
0.554
0.532
