close
0.2
0.2
0.2
0.19788
0.19801
0.19
0.19
0.19
0.2
0.219
0.215
0.215
0.215
0.215
0.22
0.2121
0.222
0.21501
0.22442
0.22442
0.22446
0.21498
0.216
0.21555
0.20999
0.20105
0.209
0.22397
0.215
0.2239
0.213
0.215
0.2145
0.2155
0.21701
0.211
0.22299
0.22402
0.22488
0.2248
0.22485
0.22878
0.22842
0.22878
0.22997
0.22601
0.2499
0.241
0.2
0.20001
0.22
0.2398
0.23495
0.218
0.239
0.237
0.22
0.243
0.22
0.22
0.224
0.232
0.235
0.23
0.224
0.227
0.216
0.207
0.209
0.208
0.205
0.235
0.207
0.217
0.21
0.21
0.229
0.226
0.22
0.208
0.21
0.171
0.151
0.184
0.183
0.199
0.19
0.192
0.204
0.226
0.202
0.205
0.215
0.226
0.225
0.19
0.19
0.19
0.188
0.19
0.186
0.18
0.177
0.177
0.174
0.185
0.17
0.179
0.176
0.17
0.203
0.19
0.195
0.19
0.192
0.183
0.181
0.181
0.185
0.189
0.188
0.187
0.185
0.195
0.19
0.188
0.186
0.186
0.19
0.187
0.186
0.185
0.187
0.187
0.182
0.199
0.182
0.195
0.196
0.2
0.201
0.21
0.197
0.197
0.202
0.208
0.208
0.215
0.215
0.22
0.22
0.205
0.205
0.22
0.22
0.23
0.23
0.23
0.235
0.235
0.25
0.25
0.26
0.26
0.26
0.25
0.26
0.25
0.241
0.25
0.269
0.28
0.28
0.291
0.302
0.315
0.32
0.315
0.315
0.3
0.31
0.313
0.3
0.3
0.281
0.3
0.3
0.32
0.316
0.315
0.315
0.32
0.33
0.33
0.331
0.338
0.341
0.34
0.345
0.346
0.345
0.345
0.345
0.34
0.34
0.34
0.34
0.342
0.34
0.34
0.339
0.304
0.3
0.3
0.303
0.304
0.3
0.3
0.3
0.304
0.303
0.305
0.334
0.317
0.328
0.356
0.321
0.31
0.311
0.311
0.311
0.31
0.319
0.321
0.316
0.304
0.303
0.317
0.316
0.33
0.351
0.354
0.35
0.377
0.378
0.37
0.375
0.35
0.379
0.375
0.372
0.373
0.383
0.386
0.38
0.379
0.379
0.331
0.332
0.329
0.33
0.33
0.321
0.335
0.326
0.328
0.328
0.326
0.324
0.325
0.324
0.321
0.333
0.32
0.331
0.398
0.38
0.402
0.396
0.39
0.39
0.39
0.389
0.387
0.385
0.384
0.387
0.388
0.396
0.395
0.39
0.395
0.376
0.381
0.385
0.385
0.394
0.387
0.394
0.39
0.375
0.37
0.375
0.37
0.37
0.36
0.388
0.394
0.388
0.32
0.316
0.324
0.32
0.334
0.328
0.329
0.329
0.329
0.33
0.329
0.33
0.329
0.33
0.32
0.33
0.33
0.335
0.33
0.318
0.311
0.314
0.318
0.314
0.314
0.319
0.314
0.319
0.317
0.314
0.315
0.315
0.31
0.3
0.302
0.301
0.316
0.302
0.303
0.301
0.301
0.305
0.301
0.301
0.301
0.301
0.3
0.3
0.289
0.28
0.3
0.277
0.28
0.299
0.292
0.303
0.27
0.285
0.275
0.294
0.27
0.273
0.279
0.279
0.276
0.28
0.279
0.277
0.277
0.271
0.278
0.279
0.272
0.278
0.279
0.27
0.266
0.269
0.269
0.269
0.269
0.269
0.267
0.269
0.269
0.27
0.271
0.271
0.271
0.271
0.275
0.285
0.286
0.283
0.285
0.275
0.274
0.28
0.27
0.289
0.283
0.285
0.274
0.285
0.28
0.287
0.3
0.29
0.3
0.296
0.286
0.289
0.288
0.289
0.286
0.29
0.297
0.286
0.286
0.288
0.278
0.293
0.277
0.29
0.279
0.275
0.276
0.266
0.29
0.29
0.279
0.279
0.274
0.272
0.27
0.265
0.257
0.26
0.261
0.255
0.24
0.222
0.24
0.213
0.2
0.176
0.199
0.184
0.199
0.181
0.18
0.18
0.189
0.189
0.191
0.199
0.21
0.219
0.218
0.21
0.22
0.222
0.217
0.229
0.216
0.24
0.231
0.23
0.231
0.206
0.212
0.214
0.216
0.217
0.215
0.215
0.212
0.217
0.208
0.205
0.207
0.2
0.207
0.206
0.205
0.202
0.214
0.206
0.215
0.216
0.212
0.205
0.201
0.202
0.204
0.216
0.208
0.219
0.228
0.22
0.229
0.221
0.222
0.216
0.212
0.222
0.217
0.222
0.225
0.225
0.228
0.232
0.224
0.208
0.215
0.21
0.222
0.228
0.229
0.224
0.227
0.229
0.218
0.218
0.212
0.227
0.222
0.213
0.2
0.195
0.186
0.199
0.204
0.2
0.198
0.2
0.2
0.191
0.195
0.195
0.217
0.219
0.22
0.21
0.215
0.222
0.215
0.22
0.219
0.217
0.212
0.21
0.215
0.218
0.214
0.213
0.215
0.217
0.216
0.229
0.22
0.22
0.22
0.216
0.296
0.295
0.29
0.285
0.281
0.295
0.299
0.293
0.29
0.299
0.298
0.298
0.296
0.295
0.298
0.299
0.3
0.3
0.311
0.312
0.311
0.308
0.307
0.305
0.314
0.302
0.249
0.261
0.256
0.259
0.25
0.241
0.231
0.213
0.214
0.207
0.229
0.215
0.2
0.204
0.207
0.21
0.215
0.211
0.221
0.22
0.223
0.219
0.215
0.22
0.21
0.204
0.2
0.205
0.204
0.205
0.206
0.201
0.201
0.2
0.203
0.206
0.206
0.211
0.21
0.208
0.205
0.209
0.207
0.206
0.208
0.205
0.202
0.203
0.208
0.212
0.207
0.21
0.212
0.215
0.231
0.231
0.225
0.22
0.22
0.22
0.22
0.219
0.21
0.216
0.22
0.224
0.205
0.202
0.2
0.205
0.198
0.201
0.203
0.204
0.204
0.206
0.223
0.22
0.22
0.22
0.221
0.22
0.228
0.225
0.228
0.235
0.25
0.245
0.238
0.225
0.238
0.235
0.227
0.216
0.23
0.22
0.23
0.23
0.225
0.219
0.23
0.225
0.231
0.227
0.234
0.231
0.226
0.224
0.223
0.226
0.22
0.217
0.229
0.228
0.22
0.231
0.24
0.24
0.235
0.235
0.239
0.25
0.25
0.245
0.25
0.251
0.25
0.249
0.247
0.25
0.24
0.24
0.241
0.235
0.249
0.235
0.236
0.24
0.242
0.24
0.241
0.243
0.234
0.23
0.23
0.23
0.235
0.235
0.232
0.228
0.232
0.228
0.233
0.221
0.233
0.234
0.233
0.223
0.228
0.223
0.222
0.223
0.221
0.225
0.237
0.225
0.238
0.234
0.237
0.24
0.238
0.242
0.233
0.227
0.225
0.23
0.222
0.225
0.225
0.227
0.227
0.234
0.23
0.232
0.228
0.227
0.232
0.233
0.23
0.231
0.227
0.234
0.239
0.235
0.229
0.234
0.245
0.239
0.236
0.238
0.235
0.227
0.228
0.231
0.242
0.241
0.239
0.235
0.243
0.237
0.239
0.237
0.24
0.237
0.237
0.235
0.236
0.232
0.23
0.231
0.232
0.23
0.23
0.236
0.23
0.229
0.228
0.225
0.226
0.229
0.229
0.23
0.23
0.229
0.228
0.22
0.221
0.223
0.22
0.222
0.215
0.22
0.219
0.218
0.218
0.218
0.212
0.219
0.212
0.205
0.21
0.218
0.215
0.222
0.214
0.215
0.218
0.219
0.218
0.219
0.222
0.221
0.22
0.222
0.222
0.221
0.219
0.221
0.221
0.219
0.21
0.213
0.214
0.206
0.211
0.214
0.215
0.215
0.208
0.21
0.213
0.208
0.215
0.214
0.209
0.214
0.211
0.209
0.213
0.212
0.213
0.219
0.218
0.226
0.216
0.216
0.212
0.214
0.212
0.212
0.22
0.214
0.217
0.214
0.212
0.215
0.212
0.211
0.211
0.213
0.222
0.225
0.22
0.214
0.215
0.214
0.212
0.21
0.207
0.215
0.22
0.219
0.22
0.215
0.215
0.213
0.219
0.22
0.219
0.22
0.22
0.218
0.217
0.216
0.22
0.22
0.22
0.218
0.22
0.217
0.217
0.219
0.223
0.221
0.22
0.221
0.225
0.225
0.22
0.229
0.228
0.238
0.238
0.237
0.238
0.235
0.234
0.234
0.239
0.239
0.24
0.238
0.235
0.235
0.233
0.232
0.235
0.238
0.239
0.25
0.257
0.26
0.26
0.261
0.251
0.252
0.26
0.25
0.25
0.25
0.227
0.235
0.242
0.235
0.233
0.225
0.225
0.217
0.217
0.222
0.21
0.202
0.203
0.212
0.231
0.24
0.239
0.234
0.241
0.242
0.25
0.241
0.25
0.257
0.25
0.255
0.257
0.256
0.25
0.249
0.245
0.237
0.237
0.238
0.254
0.25
0.255
0.26
0.26
0.26
0.253
0.34
0.298
0.286
0.3
0.297
0.285
0.299
0.304
0.294
0.3
0.293
0.3
0.291
0.296
0.293
0.286
0.285
0.293
0.282
0.279
0.295
0.289
0.294
0.29
0.286
0.323
0.315
0.305
0.3
0.312
0.295
0.297
0.299
0.302
0.3
0.308
0.324
0.317
0.311
0.319
0.31
0.295
0.293
0.298
0.296
0.298
0.294
0.304
0.306
0.299
0.296
0.306
0.307
0.355
0.363
0.36
0.344
0.373
0.389
0.42
0.515
0.466
0.447
0.429
0.427
0.545
0.705
0.696
0.62
0.627
0.634
0.648
0.632
0.633
0.604
0.621
0.622
0.616
0.566
0.533
0.547
0.532
0.535
0.528
0.545
0.54
0.545
0.539
0.53
0.528
0.519
0.535
0.529
0.519
0.513
0.518
0.5
0.491
0.496
0.526
0.5
0.502
0.504
0.49
0.496
0.499
0.494
0.49
0.484
0.475
0.47
0.46
0.495
0.48
0.5
0.483
0.5
0.496
0.491
0.493
0.496
0.498
0.492
0.49
0.494
0.491
0.487
0.49
0.497
0.506
0.496
0.497
0.509
0.492
0.496
0.5
0.499
0.493
0.497
0.495
0.497
0.496
0.479
0.493
0.485
0.48
0.487
0.486
0.479
0.472
0.479
0.472
0.476
0.47
0.479
0.48
0.475
0.477
0.492
0.49
0.483
0.478
0.488
0.488
0.484
0.494
0.502
0.497
0.496
0.497
0.489
0.486
0.487
0.482
0.478
0.497
0.485
0.498
0.492
0.482
0.491
0.489
0.487
0.484
0.484
0.481
0.481
0.51
0.495
0.481
0.473
0.488
0.485
0.486
0.493
0.5
0.499
0.498
0.495
0.494
0.491
0.49
0.483
0.478
0.486
0.482
0.491
0.489
0.481
0.497
0.491
0.485
0.48
0.489
0.49
0.493
0.497
0.503
0.497
0.5
0.508
0.492
0.49
0.493
0.49
0.476
0.48
0.487
0.476
0.482
0.486
0.48
0.473
0.474
0.477
0.481
0.48
0.483
0.489
0.482
0.481
0.481
0.48
0.48
0.46
0.47
0.461
0.469
0.466
0.467
0.462
0.466
0.47
0.468
0.467
0.436
0.539
0.531
0.514
0.494
0.471
0.491
0.471
0.468
0.476
0.466
0.46
0.456
0.457
0.453
0.444
0.44
0.453
0.454
0.44
0.444
0.435
0.446
0.44
0.436
0.445
0.446
0.436
0.447
0.446
0.447
0.448
0.448
0.443
0.443
0.444
0.451
0.459
0.45
0.46
0.454
0.445
0.446
0.443
0.443
0.453
0.446
0.467
0.47
0.452
0.49
0.475
0.47
0.473
0.481
0.479
0.473
0.488
0.471
0.461
0.463
0.463
0.467
0.456
0.453
0.452
0.451
0.451
0.446
0.452
0.506
0.638
0.878
0.608
0.583
0.624
0.596
0.629
0.628
0.62
0.652
0.705
0.87
0.9
0.856
0.857
0.905
0.859
0.85
0.834
0.781
0.785
0.769
0.748
0.73
0.738
0.753
0.724
0.741
0.7
0.71
0.704
0.708
0.697
0.69
0.673
0.69
0.679
0.672
0.672
0.669
0.653
0.656
0.634
0.592
0.591
0.607
0.621
0.604
0.61
0.616
0.622
0.601
0.592
0.578
0.601
0.605
0.597
0.599
0.581
0.583
0.567
0.552
0.539
0.519
0.506
0.521
0.528
0.534
0.52
0.517
0.52
0.529
0.535
0.525
0.532
0.578
0.59
0.588
0.584
0.58
0.546
0.568
0.502
0.524
0.527
0.511
0.486
0.491
0.492
0.485
0.5
0.519
0.512
0.52
0.53
0.51
0.511
0.499
0.5
0.52
0.512
0.501
0.479
0.423
0.43
0.295
0.372
0.38
0.393
0.456
0.44
0.455
0.5
0.568
0.563
0.591
0.583
0.609
0.647
0.642
0.647
0.594
0.57
0.555
0.539
0.524
0.507
0.485
0.485
0.516
0.504
0.483
0.472
0.475
0.473
0.47
0.447
0.441
0.439
0.445
0.445
0.48
0.461
0.513
0.608
0.568
0.567
0.53
0.512
0.509
0.509
0.515
0.506
0.508
0.511
0.509
0.506
0.508
0.505
0.517
0.509
0.514
0.515
0.538
0.544
0.546
0.546
0.543
0.54
0.552
0.516
