close
6.8
6.74
6.25
6.15
5.62
5.52
5.6
5.8
5.91
5.81
5.91
5.96
5.81
5.99
5.94
5.95
6.0
5.95
6.0
5.96
6.4
6.37
6.38
6.91
6.91
6.91
6.5
6.62
6.92
6.72
6.72
6.41
5.36
6.26
6.44
6.29
6.52
8.89
9.7
8.56
8.8
8.73
8.53
8.38
8.29
7.95
7.52
7.5
8.99
8.09
8.55
8.17
8.11
8.3
8.04
7.6
7.51
7.82
7.94
8.24
7.77
7.8
7.75
7.72
8.12
8.45
8.14
8.09
8.46
8.1
8.47
8.99
8.94
9.15
9.34
9.0
8.93
8.85
8.46
8.67
8.63
8.6
8.58
8.3
8.36
8.27
8.3
8.87
8.78
8.35
8.76
9.43
10.87
11.0
10.44
10.68
11.0
10.41
10.0
9.5
9.5
9.53
10.0
9.5
9.5
9.61
10.19
9.9
9.76
10.02
10.39
10.02
10.25
12.0
14.55
14.35
12.95
12.87
12.78
13.04
12.99
10.49
9.88
10.2
10.59
10.56
10.34
9.7
9.76
9.25
10.0
9.34
9.83
9.8
9.02
8.79
9.49
9.56
9.09
9.61
9.61
9.52
9.37
9.1
9.96
10.25
10.33
10.0
10.55
10.32
10.02
10.25
10.0
10.3
10.46
10.83
10.2
10.68
11.22
11.85
11.79
11.95
11.95
13.68
13.96
10.98
11.1
11.07
10.98
10.96
10.18
10.0
10.19
9.83
9.94
9.67
9.65
10.5
10.6
10.65
10.4
10.25
10.38
10.54
10.43
10.18
10.36
10.45
10.33
10.29
10.2
10.07
9.99
9.6
9.07
10.1
9.99
10.08
9.6
9.91
10.19
10.05
9.95
9.96
9.8
9.88
9.64
9.5
9.35
9.38
9.36
9.5
9.18
9.24
8.95
8.96
8.98
8.99
8.95
9.55
10.33
9.82
9.78
9.79
9.65
9.67
9.89
9.5
9.49
9.47
9.48
9.48
9.14
9.07
12.69
11.78
11.13
10.75
10.49
11.92
11.6
11.12
11.08
11.0
11.2
11.23
10.89
10.56
10.7
10.49
10.65
10.43
10.44
10.44
10.46
10.45
10.15
10.1
9.88
10.0
9.87
9.81
9.86
9.64
9.68
9.62
9.5
9.71
10.33
10.29
10.42
10.43
10.5
10.63
10.35
10.54
10.3
10.49
10.8
11.19
11.39
11.5
12.05
12.45
14.95
14.15
13.3
13.5
15.15
16.0
15.9
16.1
16.9
18.95
18.95
18.95
18.1
18.95
18.25
18.8
18.95
18.85
19.1
18.5
18.5
19.7
18.45
18.5
19.0
19.8
20.05
21.15
20.65
19.65
16.8
14.9
14.5
15.0
15.0
15.05
15.0
15.2
15.1
15.1
15.25
14.75
14.85
14.95
15.0
14.7
14.85
14.9
14.95
14.9
15.0
15.0
14.8
14.85
14.9
15.4
15.05
15.45
15.9
15.8
15.3
14.9
14.7
15.25
15.2
15.0
14.85
14.5
15.1
15.25
15.0
15.0
15.2
15.3
15.15
15.2
15.1
15.2
15.0
15.2
15.3
15.0
15.2
15.2
15.15
15.1
14.95
15.0
14.9
15.05
15.5
15.4
15.4
15.25
15.0
14.65
14.4
13.2
13.45
14.0
14.15
14.0
13.75
14.3
14.2
14.5
14.05
13.95
14.15
14.0
13.0
13.35
13.85
13.15
13.8
13.85
13.9
13.85
13.75
13.7
13.7
13.95
13.75
14.05
13.95
13.6
13.65
13.5
13.4
13.8
13.35
13.5
13.4
13.5
13.4
13.4
13.45
13.55
13.45
13.5
13.5
13.55
13.55
13.5
13.3
13.5
13.35
13.65
13.4
13.9
15.25
14.85
14.25
16.45
16.0
15.5
14.95
14.9
13.9
14.4
14.5
14.7
13.25
13.35
14.2
14.3
14.0
14.25
14.15
14.0
13.95
14.0
13.9
13.55
13.9
14.0
14.75
14.0
14.1
13.6
13.85
13.85
13.95
13.95
13.6
13.75
13.5
14.75
14.4
14.7
14.4
14.15
13.95
14.0
14.15
14.0
14.0
13.7
13.6
13.7
13.95
13.6
13.3
13.95
13.7
13.85
13.85
14.0
13.9
13.9
13.95
13.95
13.5
13.35
13.2
13.5
13.8
13.4
13.5
13.5
13.7
13.8
13.5
13.5
13.0
13.1
13.3
14.75
13.8
13.7
13.75
13.8
14.35
13.95
13.6
13.9
13.75
14.15
14.0
13.95
14.0
13.95
14.0
14.05
14.1
14.5
14.1
14.3
13.65
14.05
14.15
13.85
14.0
14.05
14.15
14.05
13.7
14.0
13.9
14.0
14.0
13.9
14.0
14.0
14.0
13.95
13.95
13.95
13.95
14.0
14.0
14.0
14.15
14.0
13.95
13.85
13.8
13.9
13.45
13.4
12.5
12.7
12.85
13.0
13.4
13.35
13.6
13.6
13.7
13.6
13.55
13.15
13.25
13.15
13.1
13.0
12.95
13.0
13.0
12.95
12.9
12.9
13.15
13.2
13.25
13.1
13.1
13.1
13.2
13.2
13.2
13.45
13.45
13.55
13.45
13.75
13.35
13.4
13.45
13.6
13.55
13.5
13.35
13.5
13.35
13.35
13.45
13.3
13.3
13.15
13.1
13.1
12.75
12.95
12.9
12.9
12.8
12.55
12.8
12.9
12.95
12.95
13.0
12.9
12.65
12.7
12.65
12.6
12.65
12.55
12.7
12.55
12.5
12.5
12.5
12.55
12.55
12.6
12.6
12.75
12.75
12.75
12.85
12.8
12.7
12.65
12.65
12.55
12.3
13.2
13.2
13.35
13.4
13.3
12.9
12.5
12.7
12.6
12.35
12.6
12.55
12.4
12.45
12.45
12.25
12.75
12.85
12.7
12.7
12.75
12.5
12.6
12.3
12.3
12.45
12.25
12.35
12.5
12.3
11.35
11.5
11.55
11.55
11.4
11.4
11.1
10.85
10.75
10.65
10.45
10.3
9.35
8.4
7.05
7.2
6.9
7.15
6.95
7.0
7.15
7.05
6.9
6.9
6.8
6.95
6.95
6.8
6.85
6.8
6.75
7.05
6.9
6.8
6.8
6.7
6.45
6.65
6.35
6.45
6.45
6.35
6.25
6.1
6.1
6.2
6.1
5.55
5.55
5.0
5.05
4.85
4.75
4.7
4.75
4.7
5.1
5.05
5.0
5.4
5.5
5.6
5.55
5.45
5.35
5.35
5.4
5.5
5.55
5.65
5.65
5.65
5.6
5.55
5.65
5.75
5.8
5.75
5.8
6.7
6.35
6.7
6.65
6.5
6.6
6.75
6.9
6.8
6.7
6.5
6.55
6.5
6.65
6.5
6.5
6.5
6.55
6.5
6.5
6.45
6.7
6.5
6.5
6.45
6.6
6.7
6.6
6.6
6.5
6.6
9.2
8.5
8.75
8.3
8.65
8.45
8.7
8.35
8.2
7.95
8.0
7.8
7.6
8.1
8.2
8.25
7.8
8.2
7.4
7.5
7.45
7.35
7.25
7.5
7.1
7.05
7.15
7.05
7.0
7.0
7.0
6.95
7.15
7.0
6.8
7.0
6.85
6.8
5.85
6.05
5.95
5.95
5.7
5.4
5.45
5.45
5.8
6.75
6.45
5.9
6.0
6.1
6.1
6.2
5.9
5.8
5.85
5.9
6.0
6.25
6.1
6.1
6.3
6.1
5.6
6.0
6.0
6.1
6.15
6.05
6.15
6.05
6.15
6.05
5.85
5.8
5.75
5.55
5.2
5.15
5.0
5.1
5.05
5.2
4.9
4.75
4.95
5.15
5.15
4.95
5.0
5.05
4.85
5.0
4.75
5.6
5.3
5.35
5.45
5.4
5.9
5.65
5.45
5.7
5.8
5.7
5.6
7.8
7.3
6.9
8.2
10.05
9.3
7.9
8.0
8.85
7.75
7.95
7.85
7.65
7.05
7.15
6.7
6.45
6.2
6.0
5.65
5.75
5.75
5.7
5.6
5.7
5.65
5.6
5.65
5.55
5.65
5.65
5.65
6.5
6.45
6.7
6.65
6.55
6.55
6.5
6.35
6.3
5.95
5.9
5.5
5.05
4.7
5.1
4.85
4.9
5.0
4.9
4.9
5.0
5.0
4.5
3.85
4.1
4.05
4.15
4.0
3.9
4.0
3.8
4.0
3.75
3.6
3.65
4.35
4.25
4.2
4.5
4.65
4.6
4.4
4.35
4.2
4.35
4.4
4.55
4.7
5.35
5.3
5.0
5.25
4.85
4.65
4.7
4.95
4.85
4.7
4.6
4.6
4.45
4.7
4.65
4.7
4.7
4.7
4.6
4.6
4.7
4.65
4.7
4.75
4.7
4.55
4.65
4.6
4.55
4.6
4.5
4.5
4.45
4.65
4.6
4.6
4.5
4.6
4.55
4.6
4.65
4.5
4.5
4.45
4.55
4.55
4.6
4.5
4.55
4.55
4.45
4.45
4.5
4.45
4.5
4.5
4.4
4.45
4.5
4.5
4.4
4.35
4.4
4.2
4.05
4.2
4.2
4.3
4.55
4.65
4.8
4.75
4.5
4.55
4.55
4.45
4.5
4.4
4.4
4.4
4.4
4.4
4.3
4.5
4.6
4.55
4.5
4.45
4.4
4.45
4.9
4.6
4.8
4.8
4.8
4.65
4.65
4.7
5.05
7.05
6.45
7.35
6.3
6.15
6.05
6.05
5.85
5.75
5.7
5.8
6.4
6.2
6.0
6.0
6.2
6.2
6.7
6.9
6.9
6.4
6.75
7.0
7.04
7.01
6.9
7.095
7.115
6.915
6.795
6.805
6.77
6.665
6.58
6.52
6.215
6.265
6.215
6.075
5.88
6.12
6.225
6.28
6.17
6.255
6.43
6.305
6.27
6.325
6.34
6.27
5.985
5.795
5.68
5.54
5.205
5.28
5.1
5.135
5.04
4.915
5.095
5.065
5.08
5.095
5.095
5.09
5.195
5.515
5.52
5.67
5.59
5.53
5.605
5.55
5.56
5.56
5.555
5.51
5.505
5.74
5.5
5.425
5.41
5.35
5.335
5.35
5.24
5.205
5.245
5.195
5.325
5.29
5.19
5.005
5.125
5.085
5.07
5.05
5.09
5.08
5.95
5.44
5.33
5.34
5.48
5.41
5.315
5.295
5.295
5.445
5.405
5.45
5.445
5.385
5.42
5.4
5.39
5.46
5.38
5.365
5.39
5.38
5.395
5.27
5.29
5.32
5.255
5.23
5.275
5.25
5.14
5.11
5.08
5.05
5.09
5.135
5.09
5.095
5.095
5.1
5.09
5.08
5.075
5.075
5.075
5.08
4.996
5.034
5.02
4.988
4.974
5.06
5.152
5.434
5.326
5.28
5.23
5.124
5.136
5.116
5.118
5.112
5.136
4.97
4.908
4.908
4.934
4.976
4.99
4.736
4.808
4.826
4.888
4.856
4.898
4.868
4.908
4.924
4.95
4.918
4.906
5.008
5.23
5.164
5.52
5.394
5.29
5.8
5.638
5.54
5.45
5.414
5.458
5.578
5.598
5.448
5.422
5.494
5.464
5.374
5.248
5.296
5.242
5.41
5.326
5.326
5.344
5.38
5.362
5.27
5.2
5.212
5.148
5.15
5.144
5.15
5.15
5.17
5.156
5.078
5.074
5.034
5.118
5.09
5.072
5.068
5.092
5.082
5.078
5.312
5.192
5.25
5.278
5.352
5.29
5.304
5.128
5.142
5.122
5.152
5.136
5.158
5.142
5.186
5.142
5.148
5.08
5.078
5.07
5.07
5.04
4.934
5.004
4.976
4.94
4.934
4.904
4.892
4.924
4.866
4.872
4.84
4.866
4.9
4.958
5.004
5.03
5.128
5.096
5.004
4.998
4.996
4.972
4.952
4.954
4.968
4.914
4.896
4.922
4.894
4.898
4.918
4.848
4.84
4.864
4.85
4.834
4.778
4.666
4.696
4.658
4.588
4.582
4.7
4.67
4.668
4.684
4.69
4.688
4.728
4.752
4.79
4.77
4.724
4.798
4.782
4.736
4.996
4.86
4.914
4.906
4.79
4.93
4.934
4.948
5.05
5.124
5.18
5.316
5.348
5.196
5.152
5.282
5.294
5.45
5.366
5.85
5.782
5.662
5.55
5.58
7.806
10.098
7.884
9.77
8.226
8.42
8.622
8.3
8.2
8.05
7.9
7.798
7.434
7.502
7.25
7.15
7.0
7.304
7.606
7.316
6.99
6.796
6.44
5.95
6.294
6.438
6.594
6.468
6.046
5.482
5.65
4.85
5.042
5.4
5.538
5.112
5.286
5.324
6.3
6.25
6.08
5.99
5.648
6.564
8.7
9.36
8.53
8.188
8.326
8.12
7.85
7.858
8.152
8.06
7.95
7.55
7.594
7.596
7.922
7.896
7.894
7.96
7.942
7.898
7.878
7.74
7.85
7.75
7.76
7.75
7.65
7.69
7.614
7.582
7.426
7.444
7.424
7.428
7.498
7.434
7.512
7.978
8.052
7.864
7.8
7.7
7.744
7.71
7.652
7.522
7.576
7.5
7.466
7.402
7.476
7.45
7.496
7.44
7.432
7.324
7.382
7.398
7.244
7.12
7.052
7.036
7.094
7.106
7.146
7.1
7.07
7.06
7.08
7.008
6.87
9.642
8.902
9.334
8.658
8.54
8.74
8.496
8.538
8.396
10.79
9.67
9.73
9.408
9.766
9.55
9.574
9.48
9.56
9.462
9.818
9.59
9.604
9.62
9.7
9.998
9.8
9.762
9.85
9.8
9.962
9.618
9.488
9.562
9.506
9.388
9.448
9.472
9.426
9.59
9.476
9.138
9.16
9.198
9.22
9.29
9.192
9.232
9.166
9.102
9.17
9.18
9.156
9.068
9.086
9.102
9.106
9.108
8.972
8.958
8.99
9.1
9.128
9.084
9.248
9.07
9.032
9.05
9.04
9.042
9.012
8.988
8.99
9.02
9.006
9.308
8.746
8.654
8.744
8.99
8.942
8.97
8.952
8.988
8.944
8.984
8.94
8.938
8.962
8.978
8.938
9.014
8.948
8.896
8.96
8.876
8.92
8.886
8.98
8.93
8.994
8.9
8.928
8.988
8.94
8.94
8.864
8.89
8.83
8.83
8.912
8.892
8.854
8.764
8.534
8.494
8.626
8.742
8.576
8.506
8.59
8.7
8.85
8.84
8.82
8.742
8.748
8.85
8.768
8.67
9.074
9.044
8.882
8.734
8.768
8.79
8.68
8.578
8.7
8.66
8.61
8.646
8.626
8.62
8.618
8.876
8.85
8.78
8.8
8.784
8.862
8.9
9.222
12.908
10.83
11.28
10.796
10.182
10.22
10.772
12.656
12.152
12.36
12.248
11.96
12.0
11.822
11.602
11.586
11.582
11.65
15.2
13.62
12.97
14.0
13.2
13.782
13.708
13.712
13.582
13.862
13.612
13.53
13.532
13.568
13.158
12.9
13.022
12.984
13.07
13.09
12.97
12.95
12.97
12.804
12.51
13.15
12.8
12.842
12.754
12.8
12.754
12.722
12.726
12.694
12.742
12.662
12.61
12.656
12.598
12.616
12.65
12.692
12.978
12.936
12.732
12.764
12.796
12.778
12.764
12.772
12.734
12.29
12.67
12.556
12.588
12.56
12.566
12.484
12.55
12.52
12.546
12.536
12.602
12.58
12.512
12.502
12.468
12.35
12.36
12.33
12.336
12.342
12.314
12.308
12.288
12.232
12.08
12.394
12.32
11.99
11.828
11.6
11.754
11.712
11.76
11.774
11.672
11.504
11.464
11.41
11.508
11.39
11.38
11.374
11.35
11.598
11.378
11.494
11.616
11.96
12.484
12.31
12.33
12.42
12.212
11.948
12.04
12.212
12.296
12.218
12.048
11.904
11.852
11.8
11.832
11.844
11.798
11.716
11.89
11.978
11.9
12.03
11.872
11.792
11.9
12.662
12.7
12.552
12.216
12.446
12.64
12.5
12.2
12.152
12.29
12.186
12.38
12.256
12.206
12.214
12.124
12.178
12.126
12.212
12.172
12.24
12.726
12.502
12.9
12.516
12.5
12.384
12.306
12.598
12.71
13.504
13.0
14.85
13.602
13.204
13.334
13.26
13.3
13.1
13.39
13.09
13.092
13.02
13.01
13.002
12.81
13.002
13.072
13.018
12.85
12.902
12.88
12.834
12.95
13.024
12.822
12.558
12.572
12.632
12.64
12.46
12.0
12.172
11.75
12.002
11.99
11.22
11.058
11.318
11.914
11.734
11.902
11.948
11.944
11.684
12.612
12.502
12.29
12.398
12.25
12.41
12.474
12.312
12.2
12.022
12.068
12.14
12.146
11.934
11.676
11.228
11.274
11.46
11.4
10.702
11.35
11.374
11.806
11.612
11.728
11.7
11.766
11.65
11.676
11.696
12.016
11.912
12.11
12.08
11.842
11.782
11.83
11.662
11.56
9.274
9.53
7.774
8.718
12.19
17.046
21.68
19.114
17.0
16.6
15.222
21.298
23.496
21.7
23.5
22.002
21.9
20.88
20.42
19.372
18.398
22.184
20.6
21.0
20.36
20.6
20.37
20.26
20.29
19.652
19.67
19.754
20.228
19.85
20.082
20.37
20.602
20.39
20.21
20.06
20.4
20.22
19.914
19.968
19.934
19.998
19.96
19.932
19.872
19.714
19.6
19.6
19.34
18.998
18.754
18.394
18.398
18.4
18.478
18.622
18.58
18.438
18.372
18.232
18.37
19.302
19.796
19.466
