close
36.63
36.62
36.65
36.86
36.86
36.79
36.85
36.89
36.92
36.97
37.0
36.9
37.1
37.2
37.33
37.46
37.98
37.87
37.81
38.06
38.0
38.08
37.72
37.81
37.72
37.7
37.89
37.51
37.4
37.49
37.86
37.92
37.83
37.3
37.02
37.34
37.61
37.16
37.04
37.12
36.74
36.27
36.07
36.21
36.25
36.09
36.51
36.55
36.63
36.67
36.79
36.92
37.0
36.38
36.72
36.48
36.59
35.87
35.39
35.28
35.39
35.97
36.16
36.33
36.05
36.1
36.04
36.0
36.07
36.1
36.17
36.1
36.15
36.1
35.67
35.78
35.89
35.72
35.7
35.42
35.4
35.3
35.1
35.55
35.5
35.4
35.55
35.5
35.6
35.7
35.15
35.4
35.05
34.95
34.8
35.05
35.15
35.25
35.1
35.1
35.15
35.2
35.25
35.05
34.9
35.0
35.15
35.05
35.05
35.3
35.5
35.15
35.15
35.45
35.5
35.4
35.5
32.0
30.0
28.0
25.0
25.0
25.0
25.0
23.0
19.5
18.0
19.1
19.9
20.3
20.7
19.9
19.8
19.5
24.5
30.0
36.0
29.9
34.0
35.0
47.5
35.0
36.5
39.9
39.9
48.0
40.0
37.9
32.9
28.0
31.3
32.7
27.9
28.9
31.2
32.7
31.2
33.0
27.0
24.5
24.5
30.0
25.0
34.9
25.6
20.3
26.4
25.0
25.0
25.0
25.1
25.0
25.0
25.1
25.9
27.1
28.5
25.0
25.0
30.0
41.9
30.3
43.9
41.2
30.0
29.9
28.5
22.8
15.6
21.8
29.0
29.0
28.9
22.0
28.5
28.5
28.5
29.7
28.1
28.0
27.9
27.5
29.2
28.4
27.8
22.5
26.6
26.0
25.8
26.0
26.8
26.2
26.0
25.0
26.6
28.2
28.2
27.4
28.0
27.6
27.0
37.6
52.4
73.2
102.4
64.0
66.0
61.6
55.0
52.0
48.6
42.0
58.6
64.4
54.2
51.4
57.4
54.8
55.4
53.4
52.2
52.0
53.0
53.0
52.4
51.6
50.6
49.0
49.0
50.4
47.8
46.4
46.4
45.6
45.0
44.4
44.0
43.6
41.0
37.8
40.8
40.0
45.2
41.0
41.8
41.6
42.0
41.5
41.1
41.1
39.4
39.0
37.4
38.0
37.5
37.5
38.1
36.2
37.0
35.8
35.7
35.1
34.6
33.0
34.2
44.5
44.5
42.0
38.6
38.6
39.3
38.4
39.4
37.8
37.4
36.7
36.3
38.0
37.3
37.8
37.3
36.6
39.3
37.9
36.9
36.4
36.3
37.1
38.2
36.9
36.8
37.7
37.8
37.4
35.5
36.1
35.6
36.5
36.1
35.4
35.6
36.1
36.1
35.3
35.6
36.1
36.1
36.5
35.4
36.0
35.7
34.7
34.8
34.7
35.3
36.0
35.0
34.2
33.2
32.5
34.6
34.5
33.3
33.6
33.3
33.0
33.2
33.0
33.5
32.8
32.3
34.4
33.0
33.6
33.3
32.9
33.2
33.0
33.2
32.0
32.2
32.6
32.4
33.7
33.6
33.7
33.1
33.1
33.5
33.4
33.0
33.3
33.5
33.1
33.0
33.9
34.8
34.5
34.1
32.6
33.0
32.5
31.5
31.0
31.0
30.7
30.3
30.0
33.3
31.4
31.9
32.0
31.2
31.0
30.7
30.3
30.2
30.1
31.9
31.8
31.1
30.7
31.0
32.5
31.7
31.4
31.0
31.9
32.1
30.9
30.2
30.3
29.8
29.8
29.9
30.7
30.4
30.3
30.2
30.1
30.0
29.9
29.6
29.9
29.9
29.8
30.1
30.0
29.9
29.8
29.6
30.0
30.6
31.0
31.4
31.4
32.9
33.2
32.6
36.7
35.2
35.0
39.0
39.0
36.9
35.9
35.3
35.5
37.3
38.2
39.2
38.2
37.3
37.5
48.8
43.8
42.9
45.5
43.9
42.4
43.9
42.0
43.5
42.9
44.8
40.0
37.9
38.9
38.8
39.6
45.8
41.2
36.4
38.0
34.3
37.0
38.6
37.9
36.6
39.9
37.0
35.9
35.7
35.8
36.2
34.7
35.2
35.2
35.0
35.4
36.7
37.8
37.8
39.0
40.8
39.4
39.5
40.3
38.8
37.8
37.2
36.9
35.7
36.2
38.0
38.8
40.5
40.2
40.8
41.3
40.8
39.3
40.0
39.0
39.3
38.8
39.9
38.9
38.0
37.3
37.6
37.2
39.4
38.9
38.3
37.7
37.6
37.4
37.5
38.2
38.2
38.7
38.1
38.7
38.4
38.8
37.0
37.5
39.0
38.5
38.1
38.0
38.0
37.8
39.0
37.5
38.1
37.1
38.1
38.8
38.1
37.4
38.7
37.3
37.5
37.8
37.9
38.3
37.9
37.6
38.0
42.0
43.6
40.6
40.8
41.0
38.0
38.7
38.1
38.4
38.4
39.6
39.5
39.5
38.7
38.9
38.6
39.0
38.7
38.4
38.2
38.1
40.9
40.4
39.8
39.1
39.4
39.0
38.3
38.2
38.3
38.3
37.8
38.3
37.7
37.9
37.9
38.5
38.0
41.4
39.6
39.0
38.3
37.8
37.7
38.3
38.5
38.6
37.4
38.0
38.0
38.0
37.9
38.1
38.3
38.3
37.8
38.3
37.7
39.3
37.5
37.7
37.7
37.2
37.3
38.2
37.7
37.3
36.4
37.0
37.7
37.8
38.7
37.6
37.6
37.5
37.2
38.0
38.4
39.0
38.5
38.3
37.8
38.1
38.1
37.9
37.8
37.9
38.4
38.3
38.5
38.3
40.6
38.5
38.8
38.7
38.3
38.0
38.7
38.5
38.5
39.0
38.4
38.4
38.1
38.7
38.4
38.5
38.4
38.1
38.3
38.5
38.6
38.4
38.9
39.0
38.4
38.2
39.6
39.6
39.7
39.2
38.6
40.3
39.8
39.1
38.8
38.8
38.5
39.0
39.0
38.3
39.0
39.0
38.8
38.7
38.9
38.9
38.6
38.9
39.9
38.9
38.5
38.4
39.8
39.9
39.4
40.0
40.9
40.7
42.4
44.6
42.0
41.8
40.3
40.8
42.9
41.7
42.7
41.6
41.2
39.5
39.9
40.7
40.0
40.0
39.9
40.2
39.4
39.2
39.3
39.6
39.9
40.0
40.5
39.8
40.4
40.3
39.6
40.1
40.1
40.0
40.2
50.2
45.0
42.6
48.0
53.8
69.9
97.5
74.4
68.6
71.4
72.8
72.5
69.9
69.0
68.6
67.8
68.1
68.9
74.9
71.1
71.5
68.0
68.2
65.5
65.5
64.6
63.3
61.5
58.1
57.0
63.5
62.2
62.0
59.9
59.0
58.3
57.0
60.2
62.0
61.9
62.1
61.1
60.0
58.0
63.2
63.2
61.5
60.9
61.4
59.6
59.1
61.1
60.0
60.3
59.1
60.3
59.1
59.5
58.6
57.9
58.6
60.0
61.0
60.0
59.4
59.6
59.2
59.9
59.4
58.6
57.5
57.6
57.3
58.7
58.0
57.9
57.7
57.9
58.0
57.7
57.6
57.6
57.3
57.2
57.3
58.2
57.9
57.8
57.7
57.1
57.2
57.9
57.7
57.5
58.1
57.5
57.7
57.6
57.2
57.4
57.2
57.0
57.0
57.5
57.3
56.4
56.5
56.2
56.3
56.8
56.1
56.0
56.3
56.6
57.0
54.7
56.1
57.1
56.5
56.4
56.0
55.4
55.8
56.3
55.6
55.8
56.0
55.5
55.5
55.0
55.1
56.2
55.5
55.4
54.6
54.5
54.4
53.2
54.4
54.3
54.4
53.9
53.8
53.6
53.5
52.9
53.0
52.9
52.0
50.5
49.3
49.5
48.3
48.0
47.0
46.6
46.3
45.0
44.0
44.0
44.4
43.7
61.2
54.7
50.2
48.2
66.4
62.5
57.4
53.6
52.8
52.9
52.4
50.4
49.9
50.8
49.7
49.8
51.1
52.8
50.9
49.3
54.8
55.9
55.0
52.8
51.4
52.8
52.4
50.9
48.6
50.1
49.2
49.5
49.6
48.6
45.5
44.3
44.9
44.0
46.8
46.4
46.1
45.2
44.0
44.0
44.5
44.9
45.0
45.5
45.4
44.4
44.6
44.7
45.1
44.5
39.8
44.2
35.2
41.3
41.8
39.8
43.6
42.3
40.2
39.7
39.5
38.8
38.5
38.1
38.5
54.1
75.6
58.0
55.9
56.9
55.3
52.1
50.3
52.5
55.3
54.0
59.3
59.8
58.2
57.4
55.1
56.2
55.5
55.2
60.0
61.8
66.0
59.5
56.9
57.2
55.5
57.5
60.2
61.6
58.4
55.9
53.9
54.6
54.3
54.6
54.5
54.3
52.4
51.5
51.0
52.2
53.9
53.5
53.0
54.1
54.9
57.5
57.5
57.8
57.5
55.2
54.7
52.9
