close
0.2999
0.2999
0.2997
0.3329
0.2618
0.271
0.2611
0.2972
0.2944
0.2933
0.3
0.2978
0.295
0.2753
0.2834
0.28
0.2844
0.2844
0.265
0.261
0.276
0.27
0.297
0.297
0.296
0.349
0.29
0.297
0.297
0.27
0.26
0.297
0.27
0.28
0.296
0.309
0.306
0.262
0.28
0.325
0.279
0.29
0.296
0.345
0.342
0.348
0.329
0.32
0.33
0.315
0.306
0.31
0.318
0.399
0.333
0.333
0.311
0.39
0.339
0.398
0.39
0.37
0.327
0.35
0.34
0.34
0.336
0.338
0.366
0.36
0.334
0.339
0.395
0.39
0.385
0.361
0.35
0.35
0.36
0.355
0.35
0.36
0.33
0.37
0.37
0.337
0.337
0.334
0.37
0.352
0.355
0.34
0.34
0.36
0.359
0.34
0.365
0.355
0.357
0.33
0.34
0.349
0.318
0.347
0.32
0.328
0.321
0.323
0.323
0.33
0.335
0.33
0.33
0.332
0.3
0.352
0.349
0.335
0.33
0.315
0.369
0.347
0.349
0.316
0.335
0.335
0.335
0.339
0.334
0.387
0.37
0.355
0.381
0.37
0.407
0.391
0.38
0.479
0.4
0.441
0.415
0.425
0.438
0.444
0.447
0.425
0.432
0.449
0.454
0.414
0.4
0.447
0.451
0.406
0.421
0.419
0.437
0.45
0.449
0.442
0.442
0.435
0.407
0.411
0.41
0.424
0.43
0.43
0.418
0.418
0.437
0.454
0.495
0.499
0.47
0.46
0.46
0.464
0.508
0.548
0.664
0.664
0.639
0.645
0.624
0.611
0.642
0.653
0.648
0.64
0.63
0.618
0.62
0.63
0.61
0.594
0.564
0.579
0.552
0.6
0.571
0.57
0.568
0.573
0.594
0.582
0.575
0.568
0.567
0.557
0.549
0.534
0.54
0.506
0.518
0.534
0.525
0.518
0.51
0.51
0.514
0.536
0.494
0.51
0.495
0.477
0.478
0.488
0.489
0.485
0.464
0.5
0.432
0.461
0.462
0.474
0.47
0.478
0.477
0.477
0.477
0.487
0.488
0.481
0.491
0.486
0.467
0.474
0.479
0.475
0.499
0.46
0.455
0.46
0.455
0.449
0.45
0.464
0.471
0.477
0.475
0.455
0.444
0.442
0.428
0.428
0.428
0.422
0.443
0.444
0.448
0.443
0.457
0.489
0.471
0.475
0.454
0.455
0.455
0.454
0.481
0.5
0.517
0.501
0.481
0.502
0.5
0.49
0.505
0.495
0.494
0.489
0.482
0.476
0.474
0.479
0.481
0.477
0.487
0.478
0.471
0.488
0.494
0.474
0.468
0.467
0.474
0.484
0.488
0.494
0.639
0.575
0.6
0.66
0.913
0.752
0.779
0.719
0.7
0.697
0.65
0.665
0.657
0.657
0.646
0.655
0.643
0.659
0.641
0.62
0.623
0.61
0.625
0.62
0.62
0.608
0.597
0.612
0.6
0.603
0.598
0.596
0.624
0.61
0.601
0.601
0.616
0.6
0.605
0.602
0.6
0.6
0.6
0.599
0.607
0.596
0.6
0.592
0.599
0.59
0.588
0.585
0.585
0.587
0.58
0.55
0.56
0.555
0.531
0.499
0.508
0.52
0.505
0.499
0.514
0.506
0.507
0.503
0.504
0.508
0.5
0.498
0.5
0.506
0.5
0.492
0.499
0.478
0.49
0.518
0.503
0.497
0.515
0.526
0.515
0.501
0.488
0.5
0.507
0.493
0.486
0.485
0.489
0.484
0.505
0.499
0.489
0.486
0.482
0.48
0.474
0.464
0.473
0.472
0.467
0.458
0.457
0.45
0.455
0.45
0.455
0.455
0.454
0.45
0.438
0.441
0.439
0.432
0.43
0.48
0.472
0.463
0.457
0.458
0.449
0.459
0.454
0.453
0.448
0.437
0.46
0.454
0.453
0.454
0.444
0.422
0.409
0.407
0.414
0.415
0.42
0.426
0.407
0.394
0.404
0.404
0.406
0.405
0.404
0.396
0.407
0.421
0.416
0.419
0.417
0.406
0.42
0.41
0.417
0.418
0.413
0.417
0.413
0.414
0.427
0.427
0.412
0.425
0.428
0.415
0.417
0.416
0.455
0.481
0.467
0.482
0.478
0.491
0.494
0.48
0.478
0.478
0.489
0.483
0.482
0.482
0.482
0.483
0.502
0.498
0.492
0.488
0.482
0.474
0.472
0.464
0.465
0.472
0.464
0.466
0.462
0.463
0.46
0.466
0.466
0.467
0.464
0.461
0.464
0.455
0.454
0.461
0.485
0.477
0.479
0.479
0.484
0.49
0.5
0.498
0.488
0.478
0.482
0.491
0.5
0.496
0.489
0.49
0.492
0.516
0.509
0.511
0.497
0.501
0.498
0.491
0.495
0.498
0.498
0.49
0.49
0.504
0.501
0.508
0.511
0.506
0.507
0.506
0.506
0.51
0.49
0.488
0.486
0.491
0.495
0.492
0.484
0.49
0.492
0.493
0.485
0.486
0.49
0.486
0.486
0.485
0.484
0.485
0.489
0.49
0.486
0.491
0.487
0.486
0.486
0.48
0.481
0.479
0.476
0.471
0.471
0.473
0.471
0.471
0.472
0.474
0.492
0.486
0.485
0.489
0.49
0.499
0.49
0.5
0.498
0.503
0.499
0.495
0.491
0.49
0.495
0.49
0.5
0.492
0.495
0.483
0.485
0.482
0.477
0.478
0.48
0.478
0.474
0.474
0.476
0.478
0.484
0.475
0.478
0.478
0.478
0.475
0.472
0.472
0.473
0.471
0.475
0.476
0.475
0.475
0.469
0.466
0.469
0.468
0.467
0.468
0.469
0.461
0.463
0.454
0.452
0.453
0.466
0.47
0.472
0.475
0.471
0.445
0.445
0.448
0.448
0.44
0.454
0.44
0.446
0.443
0.448
0.458
0.458
0.459
0.453
0.453
0.45
0.453
0.451
0.454
0.452
0.452
0.45
0.446
0.452
0.451
0.45
0.452
0.442
0.449
0.447
0.444
0.443
0.443
0.442
0.44
0.442
0.441
0.436
0.439
0.443
0.447
0.445
0.441
0.449
0.436
0.443
0.44
0.447
0.442
0.44
0.443
0.442
0.435
0.435
0.436
0.439
0.438
0.44
0.438
0.441
0.437
0.434
0.443
0.441
0.447
0.44
0.456
0.453
0.47
0.465
0.461
0.462
0.457
0.452
0.46
0.458
0.456
0.451
0.45
0.45
0.446
0.448
0.448
0.449
0.444
0.442
0.433
0.434
0.43
0.436
0.428
0.424
0.425
0.425
0.438
0.42
0.429
0.436
0.441
0.436
0.43
0.443
0.443
0.45
0.441
0.439
0.439
0.445
0.44
0.437
0.495
0.484
0.485
0.479
0.471
0.465
0.463
0.492
0.495
0.483
0.476
0.488
0.488
0.485
0.496
0.484
0.563
0.58
0.538
0.52
0.5
0.492
0.492
0.53
0.592
0.589
0.561
0.535
0.526
0.579
0.58
0.559
0.583
0.565
0.571
0.558
0.563
0.562
0.539
0.535
0.539
0.54
0.534
0.524
0.515
0.52
0.515
0.511
0.524
0.511
0.513
0.513
0.51
0.516
0.51
0.508
0.508
0.503
0.503
0.5
0.493
0.491
0.484
0.494
0.495
0.487
0.486
0.493
0.496
0.481
0.481
0.48
0.485
0.477
0.499
0.5
0.49
0.497
0.499
0.5
0.503
0.505
0.503
0.497
0.488
0.492
0.495
0.496
0.488
0.491
0.484
0.48
0.46
0.462
0.459
0.465
0.46
0.464
0.462
0.461
0.46
0.465
0.461
0.462
0.459
0.454
0.457
0.453
0.457
0.459
0.456
0.424
0.416
0.417
0.416
0.422
0.419
0.421
0.419
0.412
0.416
0.412
0.415
0.415
0.413
0.415
0.415
0.415
0.415
0.413
0.414
0.414
0.415
0.416
0.411
0.413
0.414
0.415
0.415
0.432
0.428
0.43
0.425
0.425
0.423
0.425
0.418
0.419
0.415
0.416
0.415
0.417
0.417
0.416
0.417
0.416
0.42
0.418
0.4175
0.426
0.4265
0.4185
0.418
0.416
0.4155
0.4145
0.413
0.408
0.4045
0.4055
0.398
0.399
0.4005
0.4005
0.4
0.401
0.402
0.4
0.3995
0.4005
0.398
0.399
0.4
0.4005
0.402
0.4015
0.4
0.4
0.4015
0.402
0.405
0.408
0.4155
0.4195
0.4335
0.4315
0.4535
0.456
0.4445
0.4435
0.445
0.443
0.4395
0.434
0.431
0.5075
0.488
0.48
0.474
0.4695
0.455
0.4565
0.4575
0.4565
0.461
0.467
0.468
0.4625
0.454
0.4495
0.446
0.444
0.436
0.435
0.4345
0.4355
0.435
0.433
0.4315
0.428
0.425
0.42
0.429
0.435
0.4325
0.4315
0.4315
0.4335
0.429
0.427
0.4345
0.4295
0.434
0.43
0.43
0.463
0.4515
0.4595
0.461
0.459
0.4595
0.4535
0.457
0.4545
0.4545
0.461
0.4635
0.4605
0.459
0.466
0.471
0.482
0.4795
0.471
0.4655
0.4695
0.4655
0.4705
0.47
0.475
0.4665
0.4675
0.47
0.471
0.49
0.524
0.4935
0.4995
0.541
0.521
0.495
0.4975
0.494
0.4995
0.4945
0.51
0.519
0.5205
0.5125
0.5115
0.514
0.512
0.508
0.5085
0.5015
0.496
0.494
0.4915
0.487
0.484
0.468
0.47
0.471
0.47
0.486
0.4855
0.483
0.479
0.4745
0.472
0.471
0.478
0.479
0.4715
0.472
0.479
0.472
0.478
0.4745
0.48
0.48
0.478
0.476
0.478
0.4775
0.4755
0.48
0.48
0.4805
0.489
0.492
0.5365
0.52
0.5215
0.517
0.519
0.5195
0.5385
0.5255
0.53
0.528
0.52
0.5215
0.5425
0.539
0.54
0.552
0.546
0.5475
0.532
0.538
0.5445
0.55
0.5485
0.582
0.5725
0.6345
0.623
0.6135
0.625
0.606
0.614
0.606
0.583
0.5735
0.5705
0.595
0.61
0.6
0.5895
0.5555
0.522
0.527
0.478
0.494
0.477
0.485
0.49
0.497
0.494
0.498
0.5065
0.519
0.519
0.522
0.529
0.53
0.552
0.551
0.5595
0.5525
0.5495
0.5485
0.549
0.553
0.5535
0.63
0.6195
0.618
0.6
0.5855
0.58
0.592
0.594
0.6095
0.6205
0.628
0.6275
0.648
0.648
0.642
0.6435
0.624
0.634
0.63
0.6305
0.6345
0.6265
0.6325
0.6365
0.634
0.6305
0.618
0.621
0.6295
0.624
0.62
0.62
0.622
0.6245
0.6175
0.617
0.613
0.616
0.6065
0.6095
0.591
0.5995
0.59
0.591
0.5955
0.6065
0.603
0.5995
0.61
0.6035
0.605
0.608
0.6625
0.639
0.6665
0.6575
0.6595
0.645
0.636
0.6205
0.6115
0.621
0.6195
0.6145
0.6055
0.608
0.617
0.6185
0.637
0.622
0.6185
0.6205
0.627
0.6275
0.6355
0.6325
0.6325
0.626
0.6415
0.637
0.6435
0.6405
0.635
0.632
0.633
0.633
0.6355
0.6325
0.6335
0.64
0.6375
0.635
0.641
0.644
0.643
0.6385
0.6405
0.641
0.641
0.641
0.643
0.65
0.648
0.646
0.643
0.6495
0.646
0.641
0.637
0.634
0.634
0.6335
0.632
0.63
0.634
0.63
0.634
0.6355
0.6305
0.633
0.6405
0.6345
0.632
0.632
0.64
0.636
0.6385
0.633
0.6345
0.6315
0.632
0.63
0.635
0.652
0.691
0.67
0.69
0.682
0.721
0.7535
0.7355
0.7545
0.767
0.826
0.855
0.8615
0.8445
0.8485
0.848
0.8425
0.833
0.8305
0.828
0.8205
0.827
0.82
0.825
0.83
0.8505
0.8545
0.8505
0.8455
0.835
0.8465
0.834
0.848
0.84
0.845
0.7355
0.739
0.737
0.7345
0.7335
0.732
0.7325
0.736
0.737
0.738
0.742
0.737
0.7425
0.7425
0.743
0.7435
0.7395
0.741
0.741
0.7415
0.7405
0.742
0.7455
0.743
0.7465
0.7435
0.7465
0.7495
