close
1.9
1.764
1.763
1.646
1.71
1.71
1.7
1.6
1.72
1.908
1.7
1.602
1.6
1.563
1.68
1.5
1.55
1.6
1.649
1.5
1.599
1.599
1.55
1.597
1.5
1.4
1.36
1.35
1.31
1.55
1.55
1.58
1.59
1.4
1.58
1.6
1.58
1.65
1.68
1.5
1.4
1.44
1.42
1.4
1.39
1.4
1.35
1.3
1.5
1.3
1.33
1.3
1.49
1.49
1.6
1.63
1.69
1.66
1.49
1.5
1.48
1.5
1.49
1.4
1.4
1.4
1.34
1.3
1.3
1.4
1.39
1.3
1.3
1.3
1.3
1.25
1.25
1.29
1.27
1.38
1.4
1.46
1.39
1.32
1.29
1.35
1.4
1.4
1.4
1.43
1.37
1.37
1.2
1.11
1.26
1.3
1.3
1.3
1.35
1.3
1.12
1.37
1.44
1.43
1.32
1.52
1.47
1.47
1.45
1.4
1.4
1.34
1.31
1.39
1.35
1.38
1.37
1.38
1.35
1.3
1.3
1.3
1.34
1.22
1.33
1.34
1.3
1.37
1.3
1.34
1.3
1.3
1.29
1.23
1.39
1.38
1.39
1.45
1.59
1.86
2.45
2.1
2.38
2.39
2.26
2.0
2.0
1.8
1.8
1.8
1.83
1.95
2.0
2.0
2.4
2.22
2.2
2.15
2.05
1.91
2.45
2.04
2.04
2.06
2.03
2.2
1.95
2.03
1.91
1.92
1.93
1.94
1.96
1.97
2.32
2.22
2.16
2.24
2.69
3.49
3.35
3.37
3.1
2.9
2.76
2.5
2.47
2.67
3.0
2.74
2.73
2.89
2.88
2.79
2.79
2.75
2.77
2.85
2.77
2.75
2.54
2.66
2.65
2.44
2.44
2.57
2.72
2.3
2.46
2.35
2.25
2.35
2.35
2.35
2.4
2.57
2.49
2.37
2.9
2.62
2.66
2.61
2.8
2.6
2.51
2.65
2.7
2.75
2.86
2.82
2.99
2.92
2.99
2.84
2.68
2.75
2.84
2.85
2.83
2.87
2.84
2.92
2.89
2.82
2.6
2.6
2.53
2.51
2.33
2.49
2.41
2.35
2.43
2.48
2.53
2.54
2.48
2.88
2.8
2.81
2.65
2.61
2.84
2.83
2.83
2.88
3.05
3.03
3.04
2.89
2.7
2.8
2.8
2.83
2.57
2.68
2.72
2.72
2.73
2.72
2.78
2.78
2.77
2.66
2.62
2.74
2.74
2.84
2.85
2.95
2.71
2.72
2.78
2.77
2.62
2.8
2.86
2.45
2.66
2.7
2.55
2.61
2.72
2.51
2.65
2.74
2.68
2.73
2.73
2.74
2.64
2.64
2.61
2.46
2.46
2.66
2.49
2.44
2.25
2.34
2.3
2.3
2.34
2.3
2.29
2.23
2.15
2.22
2.15
2.11
2.16
2.1
2.16
2.22
2.2
2.24
2.2
2.12
2.22
2.2
2.2
2.29
2.34
2.38
2.4
2.4
2.28
2.28
2.27
2.25
2.23
2.2
2.18
2.17
2.4
2.32
2.35
2.26
2.2
2.25
2.22
2.26
2.55
2.49
2.38
2.23
2.26
2.22
2.23
2.22
2.2
2.23
2.19
2.23
2.27
2.25
2.2
2.2
2.26
2.23
2.21
2.16
2.19
2.19
2.23
2.2
2.19
2.22
2.3
2.3
2.38
2.33
2.21
2.28
2.2
2.21
2.2
2.29
2.2
2.26
2.2
2.24
2.18
2.15
2.19
2.11
2.24
2.24
2.2
2.15
2.1
2.15
2.24
2.2
2.18
2.18
2.22
2.18
2.19
2.3
2.28
2.27
2.25
2.24
2.24
2.15
2.2
2.2
2.19
2.21
2.19
2.22
2.22
2.14
2.19
2.24
2.15
3.0
4.19
3.63
3.37
3.26
3.18
3.3
3.3
3.17
3.08
3.06
3.0
2.95
2.9
2.8
2.87
2.88
2.99
3.03
2.93
2.82
2.83
2.82
2.78
2.78
2.92
2.85
2.84
2.92
2.7
2.67
2.74
2.79
2.84
2.55
2.75
2.77
2.79
2.64
2.79
2.74
2.72
3.0
2.73
2.66
2.75
2.79
2.73
2.8
2.72
2.81
2.79
2.6
2.69
2.86
2.76
2.83
2.84
2.8
2.74
2.8
2.79
2.79
2.8
2.65
2.79
2.77
2.79
2.8
2.99
2.86
2.88
2.62
2.52
2.58
2.65
2.67
2.6
2.46
2.46
2.56
2.46
2.53
2.44
2.42
2.45
2.48
2.51
2.58
2.55
2.6
2.47
2.36
2.57
2.62
2.59
2.46
2.48
2.61
2.65
2.68
2.69
2.66
2.7
2.71
2.78
2.7
2.77
2.92
2.96
2.88
2.89
2.73
2.74
2.97
2.78
2.8
2.67
2.61
2.6
2.64
2.62
2.69
2.6
2.64
3.12
2.89
2.94
2.99
2.8
2.73
2.73
2.98
2.91
2.91
2.81
2.79
2.72
3.0
2.88
3.0
2.8
2.82
2.8
2.83
2.8
2.87
2.88
3.0
2.9
2.9
2.99
3.11
3.0
2.94
2.9
2.96
3.18
3.3
3.37
3.33
3.19
3.35
3.5
3.52
3.43
3.53
3.51
3.59
3.51
3.52
3.48
3.5
3.5
3.49
3.41
3.3
3.32
3.31
3.3
3.22
3.27
3.25
3.25
3.31
3.26
3.35
3.3
3.36
3.25
3.25
3.27
3.44
3.42
3.32
3.25
3.24
3.24
3.23
3.3
3.34
3.85
3.6
3.67
3.61
3.56
3.62
3.53
3.56
3.58
3.51
3.41
3.58
3.56
3.53
3.43
3.45
3.47
3.5
3.5
3.48
3.44
3.54
3.45
3.5
3.55
3.53
3.51
3.42
3.49
3.36
3.35
3.44
3.45
3.48
3.45
3.37
3.33
3.31
3.37
3.4
3.45
3.31
3.4
3.3
3.3
3.35
3.33
3.33
3.35
2.93
3.02
3.2
3.2
3.0
3.0
3.0
3.19
3.2
3.28
3.19
3.25
3.1
3.07
3.21
3.28
3.32
3.29
3.29
3.67
3.73
3.73
3.52
3.65
3.63
3.67
3.68
3.7
3.75
3.65
3.65
3.65
3.66
3.64
3.67
3.62
3.65
3.65
3.69
3.71
3.73
3.67
3.67
3.63
3.66
3.67
3.73
3.36
3.38
3.33
3.31
3.41
3.27
3.21
3.38
3.37
3.35
3.37
3.34
3.34
3.23
3.24
3.22
3.2
3.22
3.17
3.1
3.2
3.12
3.1
3.06
3.04
3.18
3.17
3.2
3.14
3.12
3.18
3.13
3.11
3.13
3.11
3.05
3.04
3.04
3.08
3.09
3.1
3.14
3.0
3.06
3.12
3.03
3.21
3.24
3.19
3.18
3.14
3.12
3.15
3.15
3.12
3.0
3.0
3.04
3.0
3.04
3.12
3.06
3.0
3.0
3.0
3.06
3.1
3.12
3.02
3.0
3.02
3.1
3.12
3.06
3.12
2.96
3.04
3.08
2.9
2.96
2.88
3.02
3.04
3.06
3.06
3.04
3.06
3.06
3.06
3.14
3.08
3.02
3.3
3.3
3.3
3.2
3.2
3.2
3.2
3.24
3.2
3.22
3.22
3.22
3.24
3.26
3.24
3.24
3.24
3.22
3.34
3.36
3.3
3.68
3.7
3.62
3.72
3.78
3.7
3.7
3.6
3.8
3.7
3.68
3.76
3.64
3.64
3.72
3.92
3.86
3.88
3.96
3.96
4.0
4.02
4.04
4.06
3.94
3.9
3.98
4.0
4.1
4.02
3.98
3.88
4.0
3.86
3.94
4.22
3.97
3.99
4.0
4.0
4.0
3.95
3.97
4.0
3.99
4.0
4.0
4.1
4.18
4.41
4.34
4.51
4.25
4.26
4.27
4.25
4.37
4.28
4.28
4.34
4.44
4.46
4.49
4.34
4.34
4.49
4.43
4.63
4.45
4.62
4.51
4.52
4.17
4.17
4.09
4.08
4.04
3.91
3.98
4.17
4.23
4.3
4.34
4.37
4.25
4.2
4.1
4.1
4.15
4.06
4.06
4.05
4.05
4.0
3.99
3.95
3.95
3.99
3.95
3.9
3.93
3.95
3.95
3.95
4.02
3.97
3.99
4.05
4.02
4.02
4.1
4.0
4.05
4.1
4.15
4.08
4.14
4.16
4.2
4.09
4.19
4.12
4.1
4.11
4.22
4.34
4.28
4.28
4.29
4.3
4.3
4.31
4.1
4.15
3.98
4.0
3.96
3.99
3.98
3.94
3.93
3.95
3.92
3.92
3.91
4.02
4.14
4.11
4.18
4.21
4.05
4.25
4.17
4.11
4.18
4.2
4.35
4.4
4.2
4.2
4.16
4.33
4.47
4.5
4.54
4.5
4.5
4.5
4.69
4.74
4.65
4.64
4.65
4.81
4.72
4.89
5.0
5.15
5.2
6.1
5.91
5.8
5.81
5.46
5.75
5.8
5.78
5.73
5.86
5.95
6.0
6.1
5.9
6.23
6.59
6.38
6.28
6.58
6.49
6.39
6.2
6.23
6.3
6.01
6.31
5.8
5.77
5.8
6.0
5.9
6.0
5.65
5.6
5.56
5.01
5.31
4.88
4.9
4.58
4.98
5.5
5.91
5.78
5.94
5.59
5.5
5.5
5.61
5.52
5.54
5.54
5.5
5.5
5.48
5.59
6.2
6.24
6.18
6.37
6.29
6.24
6.24
6.37
6.39
6.39
6.45
6.59
6.7
6.85
6.8
7.28
7.48
7.94
7.96
8.0
7.72
7.82
7.7
7.8
7.74
7.94
8.18
8.86
11.3
15.6
12.8
11.22
12.34
12.2
11.8
10.68
9.64
9.28
9.72
9.96
10.04
10.0
10.28
10.6
10.12
9.96
10.24
9.96
10.06
10.0
10.08
9.96
9.98
9.82
10.3
9.94
9.9
9.86
9.86
9.86
9.78
9.36
9.42
9.06
8.8
9.36
9.06
9.36
9.44
9.4
9.28
9.3
9.22
9.28
9.3
9.24
9.26
9.26
9.3
9.38
9.34
9.56
9.38
9.64
9.54
9.64
9.66
9.64
9.64
9.5
9.46
9.34
9.38
9.42
9.32
9.34
9.34
9.36
9.28
9.26
9.3
9.28
9.24
9.26
9.28
9.28
9.34
9.3
9.5
9.26
9.2
9.28
9.2
9.12
9.2
9.04
9.06
9.12
9.04
9.08
9.04
9.02
9.04
9.12
9.0
9.08
9.02
9.0
8.98
8.88
8.9
9.0
9.02
8.9
9.58
9.08
8.94
8.9
8.98
9.06
8.96
9.1
9.14
9.0
9.08
9.28
9.32
9.44
9.52
9.74
9.66
9.68
9.7
9.6
9.62
9.62
9.76
9.62
9.64
9.62
9.7
9.6
9.62
9.62
9.66
9.6
9.56
9.64
9.56
9.5
9.4
9.42
9.44
9.48
9.4
9.42
9.34
9.4
9.42
9.7
9.7
9.78
9.82
9.8
9.78
9.7
10.38
10.48
10.24
10.66
10.66
10.96
10.82
10.9
10.72
10.38
11.0
11.06
11.04
11.04
10.92
10.92
11.58
11.5
11.76
11.76
12.94
13.0
13.12
13.14
13.06
12.98
13.02
13.08
12.98
12.92
13.0
12.62
12.46
12.94
13.12
13.14
13.36
13.3
13.24
13.16
13.44
13.88
14.06
14.62
14.86
14.88
14.6
14.68
14.64
14.66
14.7
14.6
14.48
14.56
14.22
14.28
14.6
14.92
14.88
14.68
14.48
14.8
14.56
14.82
14.78
15.0
16.1
15.6
15.52
16.24
16.4
16.66
17.18
17.46
17.3
17.28
17.52
19.44
18.72
18.42
18.22
18.78
19.62
20.6
21.9
24.58
27.0
23.22
22.5
23.0
22.44
22.16
22.12
21.78
21.1
20.68
20.8
21.0
22.68
22.6
20.4
19.26
18.2
18.32
18.26
17.98
17.76
17.7
17.42
17.42
17.16
17.2
17.0
16.48
16.16
15.98
15.7
15.6
15.32
15.88
15.8
15.9
16.72
16.44
16.5
16.24
16.28
15.86
15.64
15.92
16.28
16.54
17.96
19.5
18.3
18.66
18.96
18.76
17.1
17.7
18.02
17.9
17.72
17.1
17.24
17.1
17.06
17.26
17.48
17.26
17.18
17.48
17.64
17.52
17.62
17.48
17.2
17.38
17.26
17.36
17.3
17.4
17.2
17.26
17.3
17.4
17.4
17.5
17.42
17.38
17.38
17.42
17.58
17.5
17.46
17.44
17.28
17.32
17.26
17.2
17.54
17.4
17.4
17.64
17.68
17.48
17.8
17.7
17.42
17.3
17.36
18.04
18.08
18.0
18.68
21.22
19.04
18.72
18.6
19.16
18.9
18.74
18.42
18.78
18.56
18.44
18.38
18.14
18.2
18.34
18.44
18.34
18.22
18.52
18.4
18.28
18.28
18.48
18.64
18.6
18.46
18.4
18.18
18.16
18.24
18.22
18.02
18.24
18.16
18.22
18.08
18.14
18.0
18.04
18.14
18.04
17.88
17.8
18.0
17.86
18.08
18.02
17.84
17.64
17.88
17.8
17.76
17.8
17.52
17.56
17.74
17.96
18.0
18.3
18.16
18.58
19.0
19.3
19.5
19.72
19.6
18.5
19.96
19.96
19.7
18.9
18.62
18.96
19.12
18.94
19.46
19.2
19.36
19.0
19.14
19.18
19.2
19.18
19.4
19.22
19.18
19.14
19.26
19.12
18.96
17.76
18.46
14.04
15.54
13.42
13.54
13.8
14.9
15.16
16.9
16.48
16.96
17.18
17.0
17.0
16.18
16.2
16.48
18.34
19.0
18.76
19.48
20.0
20.1
19.7
19.4
19.42
19.86
19.88
20.22
21.5
21.42
21.14
20.8
21.0
21.2
21.52
21.24
21.22
20.8
20.54
20.22
20.62
20.7
20.8
20.88
20.88
21.24
21.08
21.0
20.7
20.24
17.3
16.7
16.3
16.7
16.54
15.74
16.22
16.06
16.3
16.04
15.94
16.14
15.98
15.92
15.92
15.72
