close
0.04
0.04443
0.0495
0.04937
0.03965
0.03806
0.04496
0.03613
0.039
0.04549
0.03451
0.04
0.04886
0.03806
0.03705
0.03
0.0269
0.0263
0.02701
0.029
0.02704
0.028
0.03
0.02754
0.02752
0.0295
0.0275
0.027
0.0251
0.0253
0.02531
0.0275
0.02998
0.02759
0.02766
0.03849
0.03995
0.04054
0.04799
0.0479
0.0459
0.0401
0.0438
0.046
0.0467
0.0477
0.0479
0.0499
0.04
0.0486
0.045
0.04
0.043
0.0419
0.0408
0.0411
0.0473
0.0485
0.0425
0.0381
0.0398
0.04
0.0372
0.0389
0.037
0.0377
0.0398
0.04
0.04
0.0409
0.0417
0.04
0.04
0.0397
0.0408
0.0413
0.0381
0.037
0.035
0.0365
0.0394
0.03
0.03
0.0276
0.0329
0.0278
0.0338
0.0324
0.033
0.0313
0.0281
0.03
0.03
0.0322
0.0389
0.0396
0.0381
0.0369
0.0374
0.0314
0.0365
0.0385
0.0402
0.04
0.04
0.036
0.0351
0.036
0.0413
0.039
0.0448
0.0449
0.0403
0.04
0.0386
0.039
0.0425
0.0427
0.0426
0.0439
0.0449
0.0449
0.045
0.0404
0.043
0.0437
0.0463
0.0487
0.0495
0.0486
0.046
0.0474
0.0596
0.0539
0.0595
0.051
0.0522
0.053
0.0606
0.0569
0.0567
0.0499
0.0499
0.0454
0.061
0.0529
0.05
0.0528
0.0599
0.0527
0.0501
0.0509
0.0523
0.0534
0.0526
0.0503
0.0535
0.054
0.0546
0.0508
0.0509
0.0509
0.0545
0.0548
0.0498
0.0512
0.054
0.0505
0.054
0.0533
0.0515
0.0505
0.051
0.0535
0.0506
0.0526
0.0509
0.0498
0.0505
0.0505
0.0505
0.051
0.051
0.052
0.051
0.052
0.051
0.0605
0.052
0.0508
0.051
0.0524
0.0524
0.0548
0.056
0.0606
0.052
0.0535
0.055
0.06
0.062
0.0853
0.082
0.109
0.097
0.0997
0.09
0.0874
0.077
0.0812
0.0799
0.0803
0.0785
0.0768
0.0791
0.0735
0.073
0.075
0.075
0.0775
0.0773
0.0835
0.0834
0.0755
0.0747
0.0716
0.0724
0.0725
0.0826
0.0826
0.0756
0.0741
0.0764
0.0748
0.0721
0.083
0.1087
0.103
0.0809
0.0887
0.117
0.1296
0.1699
0.1868
0.1939
0.19
0.187
0.222
0.2173
0.187
0.18
0.17
0.1529
0.1794
0.14
0.143
0.1265
0.13
0.1301
0.1301
0.1375
0.1393
0.1292
0.1304
0.1242
0.13
0.1301
0.14
0.1356
0.1154
0.13
0.1285
0.121
0.1294
0.123
0.1217
0.1287
0.1445
0.15
0.1489
0.144
0.1431
0.1381
0.126
0.15
0.159
0.15
0.1475
0.155
0.1535
0.16
0.1515
0.1595
0.1595
0.1535
0.155
0.1615
0.159
0.158
0.158
0.154
0.153
0.1515
0.147
0.143
0.1415
0.14
0.134
0.128
0.13
0.1315
0.128
0.12
0.1205
0.122
0.123
0.1245
0.126
0.1295
0.14
0.138
0.1305
0.131
0.1305
0.13
0.1315
0.131
0.127
0.131
0.135
0.1545
0.154
0.167
0.161
0.1645
0.159
0.164
0.16
0.1565
0.1585
0.1695
0.1695
0.1855
0.181
0.1835
0.1885
0.18
0.167
0.1585
0.1545
0.1695
0.17
0.165
0.1605
0.162
0.161
0.169
0.17
0.167
0.164
0.164
0.16
0.153
0.1505
0.1535
0.155
0.152
0.15
0.1495
0.15
0.1485
0.15
0.145
0.146
0.1465
0.149
0.1555
0.16
0.1595
0.1495
0.15
0.15
0.151
0.1465
0.1465
0.16
0.1595
0.1485
0.1475
0.1475
0.1425
0.143
0.1605
0.165
0.1815
0.2535
0.3545
0.257
0.359
0.2215
0.2
0.2095
0.194
0.195
0.194
0.2
0.1985
0.1945
0.185
0.185
0.2
0.1965
0.1935
0.195
0.1985
0.218
0.2195
0.2055
0.193
0.1905
0.1965
0.198
0.2
0.1965
0.19
0.18
0.1755
0.179
0.1825
0.172
0.174
0.1715
0.17
0.16
0.149
0.1475
0.1315
0.129
0.123
0.1375
0.1425
0.1285
0.1275
0.123
0.114
0.1135
0.1155
0.1175
0.1245
0.125
0.126
0.123
0.126
0.1225
0.123
0.122
0.1215
0.124
0.129
0.1265
0.1765
0.16
0.1555
0.161
0.1635
0.153
0.1505
0.1495
0.1545
0.1545
0.143
0.143
0.1485
0.144
0.157
0.151
0.149
0.1665
0.159
0.164
0.1625
0.156
0.1775
0.17
0.1745
0.177
0.1705
0.175
0.182
0.183
0.1835
0.1845
0.1715
0.172
0.1445
0.154
0.1555
0.1545
0.151
0.149
0.1485
0.16
0.164
0.1645
0.1685
0.162
0.157
0.1555
0.1505
0.1555
0.158
0.16
0.1585
0.1575
0.1525
0.15
0.15
0.1565
0.163
0.16
0.161
0.1595
0.1635
0.162
0.148
0.1495
0.147
0.1455
0.142
0.141
0.14
0.143
0.152
0.1505
0.153
0.1505
0.149
0.1485
0.144
0.1425
0.1435
0.1435
0.14
0.1365
0.1365
0.1355
0.135
0.1405
0.1415
0.142
0.1395
0.16
0.147
0.144
0.1505
0.158
0.149
0.1495
0.147
0.145
0.137
0.1375
0.1405
0.141
0.14
0.1405
0.1405
0.1395
0.1415
0.1415
0.1405
0.1375
0.1355
0.1395
0.1395
0.1385
0.137
0.135
0.1355
0.14
0.14
0.1365
0.1325
0.137
0.138
0.141
0.14
0.138
0.135
0.14
0.1405
0.14
0.139
0.14
0.138
0.1365
0.136
0.138
0.139
0.139
0.1375
0.1385
0.138
0.138
0.1375
0.135
0.134
0.134
0.1375
0.138
0.1375
0.138
0.135
0.1285
0.1305
0.134
0.1335
0.132
0.13
0.1225
0.124
0.128
0.1265
0.1265
0.125
0.1285
0.127
0.132
0.1335
0.137
0.144
0.141
0.14
0.1365
0.1345
0.1335
0.1335
0.138
0.139
0.1385
0.136
0.1265
0.1265
0.1325
0.132
0.131
0.131
0.1285
0.128
0.1235
0.123
0.121
0.1215
0.1215
0.1215
0.1185
0.115
0.115
0.111
0.1095
0.11
0.1095
0.1085
0.1055
0.1025
0.1065
0.112
0.116
0.11
0.1115
0.1115
0.11
0.1105
0.1125
0.1105
0.1045
0.105
0.106
0.1055
0.105
0.104
0.103
0.1065
0.103
0.102
0.0935
0.09
0.0855
0.0855
0.0835
0.0895
0.092
0.0885
0.09
0.0895
0.09
0.0925
0.095
0.0965
0.095
0.0955
0.0955
0.0945
0.0985
0.0975
0.0945
0.09
0.0915
0.089
0.0885
0.0885
0.09
0.096
0.096
0.1005
0.1
0.1
0.099
0.0955
0.0975
0.096
0.0935
0.0995
0.0985
0.096
0.096
0.0955
0.0935
0.096
0.093
0.095
0.092
0.09
0.0905
0.0905
0.093
0.104
0.1085
0.1085
0.1085
0.115
0.1145
0.115
0.117
0.118
0.1185
0.119
0.1185
0.1195
0.12
0.1175
0.117
0.1195
0.12
0.122
0.1235
0.1205
0.123
0.1225
0.12
0.117
0.115
0.1125
0.132
0.13
0.1285
0.128
0.1275
0.1265
0.1265
0.1225
0.117
0.1175
0.118
0.114
0.113
0.112
0.112
0.117
0.122
0.119
0.118
0.117
0.121
0.12
0.1195
0.118
0.117
0.116
0.1125
0.1125
0.1115
0.1125
0.11
0.1085
0.1085
0.11
0.1235
0.1245
0.126
0.121
0.1185
0.118
0.118
0.1175
0.118
0.1175
0.118
0.1175
0.1165
0.115
0.115
0.1145
0.1145
0.115
0.1165
0.1185
0.1185
0.113
0.1155
0.1155
0.1145
0.1155
0.116
0.116
0.1155
0.1155
0.117
0.1225
0.1215
0.1195
0.12
0.12
0.119
0.118
0.116
0.116
0.1145
0.115
0.115
0.12
0.1215
0.1205
0.12
0.122
0.1205
0.1205
0.1195
0.12
0.117
0.1165
0.1145
0.1145
0.114
0.1145
0.114
0.113
0.1135
0.1135
0.112
0.1125
0.111
0.1105
0.1085
0.11
0.1085
0.1085
0.11
0.109
0.1095
0.108
0.109
0.1085
0.107
0.1095
0.106
0.1085
0.105
0.1035
0.105
0.105
0.1035
0.104
0.105
0.106
0.103
0.103
0.1035
0.1025
0.1025
0.103
0.103
0.1025
0.104
0.104
0.1035
0.103
0.1035
0.1035
0.1045
0.1075
0.1055
0.1095
0.1095
0.1085
0.1085
0.109
0.1085
0.109
0.106
0.106
0.109
0.107
0.1065
0.105
0.1075
0.1085
0.1055
0.1055
0.103
0.104
0.1055
0.107
0.103
0.1055
0.107
0.1065
0.1035
0.106
0.103
0.102
0.102
0.102
0.102
0.101
0.1025
0.1015
0.1005
0.1035
0.101
0.1
0.1
0.096
0.096
0.0955
0.0965
0.097
0.1005
0.1095
0.109
0.109
0.109
0.1085
0.1095
0.1095
0.1095
0.1195
0.12
0.1175
0.1175
0.1185
0.118
0.1175
0.1175
0.117
0.118
0.118
0.118
0.1185
0.12
0.122
0.1225
0.1205
0.1215
0.1225
0.125
0.1245
0.125
0.1235
0.1235
0.12
0.1205
0.12
0.117
0.118
0.1175
0.118
0.1205
0.1185
0.118
0.1125
0.1065
0.1065
0.1085
0.1075
0.104
0.1045
0.105
0.105
0.1045
0.1055
0.105
0.1055
0.1035
0.104
0.1045
0.106
0.102
0.1045
0.127
0.1225
0.1195
0.1185
0.118
0.116
0.1165
0.115
0.115
0.115
0.1165
0.1135
0.115
0.1135
0.1145
0.1145
0.1145
0.1155
0.112
0.112
0.1135
0.112
0.1055
0.1045
0.1025
0.103
0.1075
0.107
0.106
0.1075
0.1035
0.103
0.1035
0.11
0.1165
0.12
0.1175
0.118
0.119
0.118
0.1175
0.117
0.121
0.1255
0.128
0.1315
0.1305
0.13
0.1295
0.133
0.1345
0.131
0.13
0.1295
0.128
0.129
0.1286
0.1298
0.1298
0.1386
0.138
0.1362
0.1382
0.1366
0.131
0.1382
0.134
0.137
0.14
0.14
0.145
0.145
0.144
0.142
0.141
0.1424
0.1426
0.14
0.1414
0.1404
0.139
0.14
0.1402
0.1488
0.1498
0.1468
0.1422
0.1498
0.1464
0.1484
0.1452
0.1436
0.1414
0.1396
0.134
0.1334
0.1306
0.13
0.1292
0.1296
0.1276
0.1296
0.1304
0.1302
0.1348
0.131
0.1312
0.1302
0.1304
0.13
0.1304
0.129
0.1286
0.1276
0.1302
0.1286
0.1296
0.13
0.128
0.1276
0.1284
0.1252
0.1254
0.127
0.126
0.125
0.1278
0.125
0.126
0.126
0.1248
0.1232
0.1234
0.1222
0.1212
0.1212
0.1234
0.1236
0.1234
0.12
0.1202
0.1184
0.12
0.1198
0.118
0.118
0.119
0.118
0.1174
0.1162
0.1164
0.117
0.1168
0.135
0.1278
0.1268
0.1242
0.129
0.1282
0.1302
0.1284
0.127
0.127
0.1252
0.1234
0.125
0.1244
0.122
0.1242
0.1218
0.1224
0.1214
0.122
0.125
0.1258
0.125
0.125
0.127
0.1262
0.1252
0.125
0.1246
0.1246
0.1232
0.123
0.1222
0.1224
0.1208
0.1198
0.1182
0.1174
0.1186
0.1204
0.1212
0.1222
0.12
0.12
0.1216
0.1214
0.12
0.1194
0.1216
0.1216
0.1212
0.1198
0.1196
0.1192
0.12
0.1218
0.122
0.1204
0.1206
0.125
0.124
0.1228
0.1228
0.1222
0.1224
0.1216
0.1222
0.122
0.121
0.1214
0.121
0.1206
0.125
0.121
0.1268
0.1262
0.1204
0.1206
0.122
0.1262
0.1238
0.1216
0.1206
0.1216
0.1206
0.1198
0.119
0.1188
0.1202
0.1198
0.1208
0.1206
0.1206
0.1206
0.12
0.1202
0.1188
0.1188
0.1208
0.1178
0.1188
0.1192
0.1174
0.1202
0.1208
0.1198
0.1198
0.1192
0.1196
0.1196
0.1196
0.1184
0.117
0.117
0.117
0.1176
0.116
0.118
0.117
0.1178
0.119
0.1192
0.1248
0.1222
0.121
0.1244
0.1254
0.1248
0.126
0.1248
0.1276
0.1272
0.1264
0.1254
0.1256
0.1272
0.126
0.1258
0.1262
0.128
0.1266
0.1268
0.1266
0.1272
0.1276
0.1444
0.1334
0.1342
0.137
0.134
0.1332
0.1328
0.131
0.1288
0.1306
0.126
0.1178
0.1204
0.1242
0.1208
0.1228
0.1172
0.1166
0.1176
0.1072
0.1074
0.0936
0.0886
0.093
0.0992
0.1
0.096
0.099
0.103
0.1
0.0984
0.1
0.0996
0.113
0.116
0.113
0.113
0.114
0.1118
0.1146
0.1116
0.1126
0.112
0.11
0.111
0.1172
0.1148
0.1108
0.1094
0.1114
0.1106
0.1106
0.1122
0.1116
0.1124
0.1108
0.112
0.114
0.1168
0.1154
0.1154
0.117
0.1176
0.1188
0.122
0.1186
0.12
0.1194
0.1178
0.117
0.119
0.1202
0.1186
0.1238
0.121
0.122
0.1226
0.1202
0.1198
0.1206
0.12
0.1188
0.1166
0.119
0.1188
0.1182
0.1184
0.1182
0.1174
0.1158
0.118
0.1178
0.118
0.1188
0.1184
0.1182
0.1196
0.118
0.1176
0.1174
0.1158
0.118
0.1196
0.119
0.1198
0.1178
0.1188
0.1174
0.1194
0.1198
0.1194
0.1192
0.1194
0.1264
0.1228
0.122
0.1292
0.1424
0.1598
0.1644
0.1592
0.1486
0.143
0.153
0.1722
0.1652
0.1626
0.1694
0.167
0.16
0.1562
0.1506
0.1496
0.1516
0.15
0.1454
0.1358
0.1358
0.1418
0.141
0.145
0.1404
0.141
0.1416
0.141
0.1414
0.1398
0.1348
0.1352
0.133
0.1328
0.1346
0.138
0.1338
0.1328
0.131
0.1328
0.1376
0.1352
0.132
0.1344
0.1326
0.1322
0.1332
0.13
0.1286
0.1274
0.1228
0.1216
0.121
0.124
0.124
0.1256
0.1242
0.1184
0.1122
0.1124
0.116
0.1152
0.124
0.1226
0.1212
0.1204
0.1228
0.1236
0.127
0.1282
0.1254
0.1272
0.1282
0.1306
0.1278
0.1242
0.1262
0.1246
0.1238
0.1214
0.1236
0.1266
0.1268
0.125
0.131
0.1314
0.1292
0.1256
0.1256
0.1272
0.1278
0.1302
0.1272
0.125
0.1216
0.1204
0.1198
0.1212
0.121
0.1198
0.1206
0.1192
0.1208
0.126
0.124
0.1234
0.1258
0.1272
0.1278
0.1282
0.1268
0.125
0.1264
0.1242
0.125
0.1266
0.127
0.127
0.1248
0.1252
0.1258
0.1256
0.125
0.1252
0.1246
0.1296
0.1284
0.1264
0.1272
0.1268
0.1288
0.1292
0.1288
0.1296
0.1266
0.1328
0.1334
0.1334
0.1336
0.1312
0.1306
0.1306
0.1302
0.1376
0.133
0.1314
0.132
0.129
0.129
0.1272
0.1298
0.1284
0.1286
0.1282
0.1288
0.1266
0.1258
0.125
0.1238
0.1246
0.1246
0.1254
0.1254
0.1246
0.129
0.1262
0.1352
0.1284
0.1268
0.1264
0.126
0.1266
0.1258
0.1262
0.1252
0.1262
0.125
0.1266
0.1254
0.125
0.1256
0.126
0.1252
0.1258
0.1246
0.1266
0.1262
0.1256
0.125
0.126
0.1246
0.1254
0.1252
0.1252
0.1268
0.126
0.126
0.1258
0.1246
0.1244
0.1234
0.1234
0.124
0.1252
0.126
0.1254
0.1242
0.1238
0.123
0.1238
0.1234
0.1254
0.1258
0.125
0.1258
0.1254
0.125
0.125
0.1236
0.1222
0.1236
0.1232
0.1258
0.125
0.127
0.1248
0.1236
0.1236
0.1244
0.1242
0.1244
0.125
0.1236
0.124
0.1244
0.127
0.125
0.125
0.125
0.122
0.121
0.1204
0.12
0.12
0.1202
0.119
0.123
0.1216
0.1214
0.1222
0.1222
0.1222
0.122
0.12
0.12
0.1198
0.1192
0.1188
0.1194
0.1196
0.118
0.1208
0.1228
0.1242
0.123
0.1238
0.1242
0.124
0.124
0.1226
0.1244
0.1242
0.124
0.1222
0.1232
0.1238
0.1242
0.1234
0.131
0.1272
0.1272
0.125
0.1244
0.1248
0.124
0.1294
0.1278
0.1266
0.127
0.1276
0.1288
0.1278
0.1274
0.1288
0.132
0.135
0.1326
0.1356
0.165
0.152
0.1406
0.147
0.1494
0.1502
0.145
0.1422
0.1432
0.1424
0.1386
0.1406
0.1476
0.147
0.143
0.1448
0.143
0.1406
0.1374
0.138
0.134
0.1322
0.1316
0.1302
0.131
0.1326
0.1314
0.1284
0.1272
0.1252
0.1356
0.1284
0.13
0.1246
0.125
0.1246
0.1242
0.1204
0.1182
0.1182
0.1182
0.118
0.118
0.1224
0.1228
0.121
0.1178
0.1178
0.1174
0.1176
0.1186
0.117
0.1178
0.1158
0.1162
0.1164
0.1172
0.118
0.1176
0.119
0.118
0.118
0.1182
0.1168
0.115
0.1116
0.1148
0.1068
0.109
0.1082
0.1048
0.102
0.1034
0.1094
0.1084
0.107
0.1086
0.108
0.1164
0.1102
0.1112
0.1134
0.1132
0.1138
0.1124
0.1092
0.11
0.112
0.1094
0.1126
0.104
0.0996
0.0704
0.0958
0.0892
0.0996
0.1012
0.1018
0.1014
0.1202
0.138
0.1398
0.1496
0.1578
0.1636
0.145
0.1458
0.1476
0.145
0.1402
0.1414
0.1358
0.1474
0.1648
0.1628
0.1518
0.1448
0.1384
0.1342
0.1354
0.1354
0.1354
0.138
0.1356
0.1344
0.1342
0.1326
0.1294
0.1268
0.125
0.128
0.1248
0.1196
0.1184
0.1178
0.115
0.1136
0.1182
0.1202
0.1268
0.129
0.1124
0.1122
0.1078
0.1054
0.112
0.111
0.1116
0.111
0.111
0.1046
0.1048
0.1064
0.107
0.1046
0.1044
0.106
0.101
