close
77.24
78.59
77.91
79.9
75.71
75.39
75.23
78.2
75.6
76.1
75.74
73.87
75.01
76.49
73.88
71.17
72.45
71.86
69.4
67.27
69.84
68.96
67.35
68.57
69.03
69.01
69.65
68.99
69.23
69.07
70.22
70.4
69.6
68.1
68.67
66.53
66.3
67.0
66.5
67.51
67.4
66.24
67.0
69.7
68.44
68.22
68.19
66.5
68.8
69.01
69.45
68.3
72.1
70.85
68.91
70.0
70.52
71.6
70.31
71.57
70.92
72.15
71.15
71.93
70.62
71.5
70.08
70.81
71.35
71.73
72.94
73.19
72.38
73.03
72.78
72.7
73.39
72.9
73.0
72.42
73.46
72.9
73.26
73.3
72.28
70.51
70.26
68.44
67.96
69.3
70.65
69.92
70.16
70.66
72.75
72.96
72.45
73.27
73.87
73.47
74.75
75.27
76.15
73.7
72.82
71.96
73.22
72.58
72.83
72.95
72.27
71.7
70.39
70.08
69.97
69.62
70.0
70.3
70.41
71.0
67.75
67.1
65.9
60.35
58.47
56.45
60.69
59.91
57.49
58.99
56.4
52.75
53.99
54.5
51.9
51.5
48.4
48.17
48.79
51.47
52.12
53.0
51.68
52.6
52.9
51.36
52.4
52.2
52.2
53.53
52.65
51.9
49.9
48.89
48.22
49.51
49.39
48.25
50.81
50.6
48.85
49.81
46.95
48.18
48.02
47.9
48.23
49.99
48.43
46.93
47.13
47.3
47.49
48.57
50.11
48.8
48.7
50.0
48.87
49.48
49.0
47.31
47.12
47.01
48.29
47.19
48.75
47.79
47.43
47.2
47.22
47.63
47.55
48.03
47.94
49.8
50.15
49.74
51.5
51.16
54.11
54.02
55.12
55.21
56.13
57.65
56.85
57.2
56.0
56.13
54.75
53.33
53.65
53.44
53.95
53.1
52.55
51.5
52.1
51.48
50.13
50.75
49.64
49.82
50.05
51.18
50.42
50.01
49.09
48.54
47.62
48.3
47.61
46.54
45.22
42.64
42.85
42.99
42.66
43.25
44.16
44.65
44.44
42.8
43.42
41.95
42.45
44.38
43.11
43.55
42.68
43.17
43.25
40.45
40.29
38.59
41.5
40.6
41.41
39.46
36.99
38.12
37.97
35.6
37.4
39.45
38.0
38.23
39.09
39.12
36.71
37.07
37.08
37.32
35.14
32.9
32.57
33.7
33.01
33.24
34.3
33.2
31.09
29.6
30.51
26.6
24.2
22.0
22.85
21.25
14.72
15.23
22.5
23.03
22.4
24.8
26.83
24.97
23.75
24.8
23.82
22.26
21.6
16.5
16.63
14.1
14.0
13.24
15.35
13.49
11.6
11.32
11.27
11.21
10.35
9.7
7.9
8.06
9.5
12.17
12.06
12.99
12.99
11.8
12.77
13.55
11.86
11.6
11.15
10.42
11.19
10.73
10.18
10.0
11.0
10.24
10.04
10.23
9.95
9.52
9.5
9.15
9.0
8.91
9.53
9.23
9.26
9.38
9.32
9.56
9.6
9.63
9.46
9.47
9.48
9.56
9.43
9.22
9.01
9.02
9.1
9.08
9.09
9.09
9.08
8.72
8.72
8.73
8.2
7.92
8.14
7.51
7.21
7.8
7.55
7.77
7.59
7.49
7.46
7.21
7.4
7.41
7.73
8.67
9.38
9.3
9.06
9.25
8.97
8.3
7.88
8.19
7.68
7.74
7.84
8.14
7.94
7.91
8.18
8.65
8.31
8.37
8.9
8.79
8.58
8.67
9.04
9.4
9.02
9.64
10.83
11.54
10.61
11.22
11.03
10.33
9.35
10.06
10.26
10.89
10.7
10.88
10.85
11.13
11.84
11.82
11.65
12.52
12.37
13.13
12.98
11.96
11.95
12.69
13.16
12.9
12.87
12.67
14.45
15.35
18.94
18.94
18.38
19.05
19.02
18.68
17.33
17.5
17.82
18.3
19.0
19.84
19.75
22.6
24.7
23.97
24.2
24.16
24.65
27.07
30.46
26.65
28.05
29.9
29.2
30.04
29.96
28.98
26.52
28.4
26.73
27.12
26.28
22.37
21.79
26.09
26.5
26.15
26.75
25.42
26.95
25.8
25.71
24.19
24.0
23.0
22.6
20.99
21.92
22.8
25.05
25.16
25.3
26.21
26.47
25.75
27.07
26.68
26.74
25.39
24.53
26.65
26.56
28.06
27.76
27.05
27.33
27.86
27.71
26.91
27.6
27.72
27.07
26.15
26.7
26.83
27.16
27.8
29.42
29.05
28.99
27.99
28.46
27.84
28.71
28.27
29.54
30.46
32.48
36.79
37.6
36.17
37.08
37.2
38.04
38.11
36.88
36.93
34.9
36.89
36.95
36.15
36.6
37.43
37.52
37.0
36.98
36.43
36.72
37.94
38.04
40.36
41.39
43.67
41.35
42.5
41.16
39.92
42.16
41.68
42.35
41.7
41.6
41.83
43.09
41.56
46.16
43.91
45.08
43.5
44.1
46.95
52.27
53.25
52.0
52.15
53.36
54.91
53.9
53.9
52.35
53.81
53.9
53.84
54.09
50.92
51.68
56.5
56.2
57.39
57.73
58.25
57.47
57.07
57.74
59.75
59.88
61.24
63.98
69.65
69.74
71.38
75.3
74.31
71.36
67.55
68.77
69.41
69.34
68.75
69.0
71.94
72.43
73.13
73.22
72.88
73.91
73.55
72.14
70.74
68.2
70.25
69.29
71.3
72.17
72.72
72.1
72.68
72.3
69.78
68.39
66.05
66.88
66.29
66.6
64.0
64.4
66.7
66.6
64.85
64.95
63.57
61.8
63.71
64.58
66.38
67.4
67.64
67.51
69.2
70.7
70.15
69.63
71.16
70.25
71.12
71.4
70.15
69.0
69.05
69.22
69.5
68.17
67.24
67.88
67.1
66.52
67.49
67.75
67.42
67.4
65.8
64.52
67.05
66.91
70.03
69.75
68.45
66.28
63.94
64.49
63.27
60.47
60.96
61.08
58.85
57.49
59.65
58.75
56.1
55.81
56.91
54.4
56.85
60.39
59.81
57.9
57.63
58.65
56.35
53.5
53.0
53.59
50.7
53.65
55.23
54.57
55.75
56.2
56.15
56.6
54.76
55.26
54.58
55.43
56.35
55.28
56.86
56.15
56.96
57.64
60.53
59.77
59.35
58.85
57.19
58.22
55.9
55.7
51.8
53.37
53.8
56.02
56.15
56.16
56.29
56.96
58.65
58.1
57.28
56.69
56.57
56.18
57.17
58.0
57.32
58.24
58.59
57.6
58.45
56.85
58.24
59.74
62.18
61.25
61.0
61.91
59.9
58.49
58.5
57.96
57.2
57.72
56.77
55.91
55.5
55.65
54.18
53.29
54.99
55.22
55.44
55.87
57.24
57.7
58.1
58.1
57.15
59.46
60.5
60.2
60.91
60.3
60.05
59.45
58.94
59.65
59.9
59.19
59.4
61.2
60.25
59.8
60.23
61.11
62.0
62.52
63.63
63.3
63.25
63.34
63.8
64.15
65.55
65.31
65.52
66.89
67.02
68.19
70.65
70.89
70.8
70.16
69.01
69.15
69.91
70.62
70.67
70.7
71.27
71.13
70.0
68.7
68.07
68.38
70.32
68.14
69.5
71.4
70.94
71.05
69.8
72.36
74.5
73.95
73.62
74.3
75.22
75.2
74.5
75.5
75.47
74.1
74.5
74.41
76.2
76.8
76.68
77.29
76.93
76.59
78.35
78.4
78.44
77.3
76.48
75.89
75.71
75.1
75.89
77.1
75.94
75.65
76.57
75.73
74.6
72.85
72.43
71.37
72.02
73.08
72.35
71.26
71.35
71.98
70.89
70.79
71.41
71.07
69.59
69.02
67.99
70.11
70.41
69.38
70.2
69.99
69.45
69.16
67.5
67.16
69.24
70.7
69.85
69.85
70.51
69.39
70.1
70.41
67.99
67.8
67.05
65.8
65.0
68.08
68.9
69.74
70.31
70.98
72.82
73.5
73.22
72.72
73.2
73.0
73.76
74.27
73.6
74.31
73.31
74.77
74.64
72.05
72.99
73.09
72.84
67.9
68.7
69.63
68.9
69.38
68.03
68.39
67.2
67.33
67.15
65.65
65.26
65.5
67.86
68.25
66.89
66.69
66.95
66.56
65.65
66.19
66.73
65.09
63.05
64.49
65.44
64.47
65.63
65.23
66.04
65.4
65.49
69.5
71.01
72.38
73.47
74.07
72.69
72.97
71.87
71.77
73.35
71.61
71.9
71.32
71.18
73.23
74.03
75.27
75.31
75.1
78.96
80.02
80.19
80.3
82.4
80.85
79.5
80.8
81.69
81.54
81.85
79.95
80.5
80.25
82.01
81.58
81.85
81.84
82.48
83.53
82.63
83.34
81.8
79.1
78.49
76.1
71.94
73.17
69.65
70.22
71.04
73.5
71.5
72.48
68.31
66.02
67.0
66.24
65.5
65.69
65.15
68.41
68.6
71.0
70.9
69.22
67.16
67.88
70.7
71.6
69.49
66.58
66.06
65.31
65.61
65.58
65.17
66.3
65.66
59.41
56.81
56.4
57.43
56.08
57.81
54.47
53.33
49.09
47.7
49.52
51.12
52.61
53.25
55.4
55.34
58.7
58.44
58.79
60.06
61.0
61.98
63.2
61.34
62.61
63.93
64.15
63.88
59.87
61.46
63.37
64.27
65.55
62.44
63.46
63.95
63.67
63.47
63.02
62.51
62.46
59.1
58.74
59.3
57.03
60.19
64.5
64.05
67.79
67.33
68.75
69.0
65.56
64.3
65.1
61.45
59.95
61.0
60.15
60.8
60.0
59.89
61.0
58.9
58.83
59.1
60.36
59.39
58.64
58.38
59.24
61.3
61.3
60.63
60.92
61.98
64.15
62.84
62.62
62.51
62.52
63.25
63.24
64.09
63.73
63.9
64.38
64.86
66.71
66.06
65.0
66.0
67.4
67.62
69.0
69.1
68.37
71.4
72.35
71.05
73.39
73.45
74.3
73.12
74.37
74.87
73.86
73.57
75.84
75.9
74.67
75.95
75.58
77.09
77.59
73.81
74.53
76.13
77.08
79.22
83.24
80.99
82.62
80.92
78.96
78.71
76.41
76.41
79.76
79.26
77.92
76.36
77.8
77.86
78.96
77.36
78.2
77.32
77.24
77.81
78.57
78.0
75.49
73.46
72.13
71.31
72.79
74.26
72.22
71.48
70.99
69.14
68.49
68.64
68.19
69.99
67.59
67.44
67.5
67.86
68.97
68.5
68.48
65.3
66.54
65.17
60.09
59.07
61.68
61.65
57.93
59.2
59.15
59.38
61.93
60.51
60.9
56.32
55.28
55.53
56.35
57.7
56.69
56.8
56.7
57.82
59.5
61.49
62.37
60.42
60.3
59.95
58.48
58.86
60.08
59.26
62.52
63.62
65.15
65.86
65.2
63.61
64.21
66.0
65.71
65.3
66.94
66.97
67.16
66.63
66.63
65.25
61.75
61.66
61.91
62.82
63.86
64.43
63.3
63.9
63.42
65.34
66.77
67.69
68.08
68.59
67.36
67.16
67.9
67.35
67.44
67.33
66.85
68.81
68.55
69.52
69.62
69.59
70.72
69.75
68.0
68.47
69.69
68.97
68.48
70.09
69.98
70.28
70.57
70.63
70.17
76.25
73.15
72.78
70.3
70.22
70.51
69.93
69.26
66.19
66.86
66.25
68.29
68.15
67.44
66.8
67.8
67.73
67.53
67.24
67.25
66.47
66.56
67.42
68.75
69.51
69.25
69.6
67.96
67.4
67.37
66.5
66.33
66.13
66.09
65.92
66.31
66.06
64.99
63.15
62.26
62.54
61.24
61.99
62.61
62.05
63.35
63.35
64.32
63.9
64.9
64.95
65.09
64.89
65.93
66.0
67.09
66.49
67.76
67.28
67.09
67.26
68.18
68.68
67.86
67.58
67.05
68.19
68.47
68.27
67.27
66.86
67.45
67.61
68.39
67.3
70.38
70.69
70.9
71.32
72.47
71.5
72.1
72.91
74.68
74.77
73.59
75.04
74.53
75.1
77.25
78.27
78.27
78.11
76.83
75.33
76.22
76.3
75.86
76.69
77.21
78.15
79.3
77.73
76.3
76.87
78.28
76.87
76.15
74.82
74.82
72.9
73.04
74.34
73.4
72.44
74.0
75.0
75.65
76.45
76.08
75.25
76.34
76.4
72.61
72.9
75.01
74.91
73.9
73.3
72.2
72.4
75.11
75.12
74.48
74.66
74.9
74.45
73.29
73.07
73.88
73.93
72.6
69.59
67.7
67.67
67.91
68.49
70.18
69.93
70.4
70.65
70.69
70.57
69.89
72.38
72.1
72.89
73.3
74.72
75.81
75.5
75.84
75.81
75.27
74.95
76.2
77.3
78.13
79.8
76.5
75.67
75.35
77.48
75.83
76.84
72.6
71.54
71.75
70.7
72.23
73.4
73.35
70.45
69.16
70.4
72.0
72.52
71.58
69.16
69.58
68.02
68.05
69.76
69.72
69.96
71.25
71.02
69.63
70.8
70.51
70.66
69.91
69.6
72.86
74.75
76.36
76.25
77.39
75.24
75.65
74.94
74.3
74.43
73.32
73.0
73.1
73.93
74.62
74.86
75.41
75.8
73.5
72.72
72.1
73.12
73.15
74.15
74.59
72.51
72.02
72.86
71.79
71.67
72.5
72.4
72.2
70.55
69.56
69.84
70.0
70.0
70.4
70.29
71.39
70.81
73.51
75.68
74.88
74.71
74.44
76.94
77.32
76.37
78.0
77.79
76.8
76.71
77.9
77.9
75.7
74.7
76.3
75.33
75.65
76.44
75.95
77.73
77.6
78.8
78.61
78.6
79.88
79.99
79.4
81.15
82.33
82.67
80.84
80.58
81.34
81.6
82.68
82.54
82.98
83.61
82.09
83.22
83.55
82.94
82.36
83.05
82.68
83.24
83.09
83.89
84.55
85.35
84.97
85.55
85.6
85.16
85.15
85.17
84.85
84.61
82.77
82.0
80.15
81.09
81.35
81.15
80.98
80.79
80.12
80.14
79.53
79.71
80.06
80.57
81.05
80.58
80.33
80.11
79.55
80.21
79.5
78.05
77.86
78.16
79.35
78.26
79.19
79.02
79.83
81.18
81.23
81.26
81.06
79.49
77.2
76.61
76.16
75.5
75.09
74.98
75.0
75.81
76.75
77.7
77.27
78.69
80.25
78.76
78.87
79.43
78.93
77.69
76.99
77.77
77.45
78.09
78.03
76.19
75.44
66.14
71.45
73.36
70.62
68.26
64.3
61.48
59.25
58.54
62.7
65.88
66.09
65.51
64.78
66.27
67.3
67.68
65.85
65.68
67.3
67.62
65.65
65.35
66.6
64.0
64.24
65.0
67.17
67.21
64.98
60.11
61.63
61.42
62.36
61.43
60.06
59.8
58.45
56.99
59.21
59.2
60.16
59.62
59.25
60.66
65.54
65.75
67.19
69.11
67.5
66.5
67.1
68.34
67.28
67.84
67.0
68.83
70.6
68.7
69.19
68.78
68.65
70.35
70.46
71.91
72.1
72.89
73.4
73.33
73.69
69.45
67.34
67.59
67.67
67.1
67.6
69.66
69.04
69.4
70.3
69.0
68.56
69.4
69.14
68.02
69.3
69.02
68.7
67.29
68.5
68.0
67.41
67.74
65.55
63.7
60.9
62.71
61.76
61.8
61.0
57.67
57.17
57.74
57.15
57.13
56.58
56.25
52.64
52.7
53.7
57.1
55.98
56.87
56.54
57.13
56.8
56.97
57.7
59.07
57.99
58.8
57.95
58.1
55.85
55.13
54.65
55.09
58.64
59.39
60.68
60.33
61.6
61.16
59.68
59.2
58.8
60.39
60.29
59.27
58.0
57.15
57.86
58.59
58.63
58.62
57.3
57.75
56.52
55.3
55.37
57.3
56.5
55.45
55.65
55.5
56.21
56.08
55.2
53.81
55.4
55.28
57.3
56.78
56.4
56.5
57.26
57.9
57.56
56.65
56.9
56.18
55.07
54.3
55.99
57.16
56.85
55.71
54.2
53.35
52.88
54.25
53.52
53.97
54.92
54.21
53.94
53.58
52.97
52.25
52.25
51.73
51.99
51.3
50.35
48.45
49.3
50.5
48.6
46.76
44.67
40.39
42.32
44.57
41.91
41.55
39.0
38.54
40.47
39.53
38.5
37.7
38.59
39.5
43.75
42.9
42.41
40.82
41.5
41.7
42.03
42.09
42.24
43.29
44.8
45.94
42.88
43.8
43.15
43.39
43.84
42.7
43.23
42.51
43.5
44.7
45.6
45.28
45.93
48.68
52.77
52.7
53.0
55.5
53.19
54.09
52.67
52.36
54.45
53.7
54.1
54.15
52.91
53.5
53.36
50.77
50.45
49.95
48.6
46.91
46.27
47.0
46.55
47.51
46.1
45.71
45.8
44.65
44.15
46.03
45.63
47.3
48.9
48.86
50.62
51.35
50.7
51.8
51.97
53.5
53.95
54.41
54.5
50.11
49.29
50.69
49.47
50.44
50.88
51.22
50.39
49.71
50.0
52.0
52.28
50.72
50.79
49.43
50.0
50.3
50.36
50.45
49.68
48.95
49.66
49.3
49.05
48.97
47.8
47.54
48.25
48.03
49.2
48.11
47.64
47.85
47.56
47.31
48.31
48.2
49.05
50.85
49.61
49.84
49.12
49.14
49.54
50.04
49.73
49.42
47.9
48.32
47.92
47.95
48.15
46.55
47.3
46.67
48.38
49.15
49.95
50.66
50.7
50.7
51.05
50.7
51.5
51.65
50.76
49.26
48.4
48.9
50.51
50.9
51.39
50.83
51.67
52.76
51.89
53.07
53.95
52.9
53.18
53.43
54.1
53.34
53.23
51.66
52.5
50.75
49.84
51.36
52.06
53.53
53.98
54.34
53.56
54.32
53.53
53.31
53.16
53.38
53.89
53.7
53.5
54.58
54.47
56.17
56.56
56.37
56.94
56.0
55.6
55.18
57.25
57.44
56.87
58.05
56.88
57.25
58.4
58.95
61.8
64.24
66.0
65.75
65.55
65.75
67.25
67.99
65.8
65.23
63.86
64.19
66.75
67.26
65.2
67.05
67.06
68.49
69.45
69.95
70.35
68.5
67.95
68.06
67.5
68.3
69.37
71.3
75.0
76.1
76.5
77.24
79.6
76.35
78.45
77.89
77.8
76.2
74.5
74.5
75.0
72.81
73.99
71.0
72.85
72.61
71.21
69.1
71.4
72.5
73.7
68.24
70.7
72.45
75.67
75.88
75.26
75.25
76.85
76.5
73.88
74.23
72.62
69.11
69.32
70.6
70.57
66.8
66.33
66.1
63.55
65.39
68.75
66.75
67.21
68.8
68.89
68.5
69.5
67.96
68.25
70.79
70.89
69.06
68.65
70.11
68.28
69.3
69.32
69.62
71.29
73.25
71.93
72.63
73.6
72.34
73.76
75.21
76.9
77.31
75.2
75.8
76.82
77.82
76.51
75.56
77.03
76.8
75.62
77.0
78.45
79.7
79.81
80.03
78.93
78.75
79.65
78.65
77.6
79.09
79.09
77.29
76.26
75.13
76.1
76.8
78.75
81.85
81.92
82.45
81.2
80.84
81.07
82.8
83.88
82.95
84.08
82.85
82.37
83.09
83.91
84.0
82.08
82.5
82.78
82.25
84.0
83.08
83.1
83.72
83.83
84.05
82.07
82.92
82.6
83.43
84.9
87.4
88.56
89.83
91.5
90.86
91.25
90.24
92.14
97.21
97.44
97.78
93.75
88.75
90.44
88.0
89.54
90.95
90.51
91.85
95.61
91.01
87.0
88.46
90.35
90.0
90.8
90.73
89.0
88.26
90.16
91.51
92.7
94.81
96.44
96.99
96.0
96.5
96.51
97.37
97.1
96.4
95.2
95.1
94.99
95.9
98.8
98.41
96.58
97.0
97.23
97.51
98.45
99.0
98.0
99.39
98.8
99.13
99.31
98.95
98.85
98.4
99.15
100.8
100.3
102.8
104.09
103.6
102.45
101.97
103.32
104.15
105.97
107.96
110.9
109.07
107.66
107.51
106.97
106.93
107.31
106.06
107.0
107.29
108.45
111.47
109.38
109.26
108.75
109.2
109.0
105.82
108.55
107.82
108.68
111.01
111.22
113.4
113.9
112.32
110.65
110.6
110.19
110.92
111.86
111.37
111.75
112.2
112.82
111.48
112.11
112.44
111.59
110.22
107.6
106.52
106.4
106.76
110.48
111.8
113.49
113.21
111.65
111.65
110.28
111.25
111.95
113.81
114.5
118.24
118.0
117.03
115.7
116.08
115.4
116.62
118.06
116.5
118.21
123.75
121.9
126.3
129.53
128.56
129.09
128.42
127.8
128.45
129.63
127.01
128.13
128.0
128.13
129.0
130.5
129.75
136.59
134.8
133.47
132.5
130.0
130.59
128.8
128.12
124.26
122.76
122.64
124.0
124.99
126.48
124.78
127.7
127.45
129.94
131.9
130.01
128.6
129.42
128.8
130.0
130.46
130.68
128.84
128.4
127.41
127.98
125.44
125.45
125.47
124.45
125.0
126.9
127.99
125.87
121.25
118.81
122.92
125.29
122.43
120.57
119.26
118.46
117.6
117.8
117.51
117.5
121.5
122.73
125.45
125.33
124.73
126.0
124.59
123.0
123.3
123.05
122.88
120.8
120.74
123.42
124.71
125.0
122.59
117.35
117.48
113.29
113.28
111.04
115.51
113.7
112.9
117.4
120.08
123.49
123.88
125.6
124.71
125.82
128.58
127.25
126.7
128.2
130.0
127.85
127.3
131.2
131.33
131.35
128.93
131.1
131.98
132.04
133.0
130.7
130.2
130.5
129.49
124.69
125.34
126.95
124.46
122.98
123.78
122.4
122.25
116.55
114.3
111.02
111.99
114.11
115.5
116.47
115.0
114.58
113.22
114.93
115.72
115.0
120.29
120.4
123.4
125.01
123.87
125.5
127.55
129.0
133.99
134.6
134.51
133.67
132.7
134.72
134.69
133.75
134.35
134.0
135.21
137.24
136.22
134.99
136.44
138.9
138.4
138.77
139.95
143.5
141.9
141.0
141.8
141.67
141.5
141.72
140.98
138.74
140.9
141.83
143.5
147.24
149.7
150.75
149.95
154.0
157.98
157.8
158.35
159.35
158.0
161.43
162.0
162.37
160.48
159.63
159.24
160.1
159.25
157.5
158.61
158.6
157.35
158.25
158.37
158.03
156.06
155.7
157.94
157.67
159.15
160.37
160.25
160.38
158.19
159.6
158.7
160.0
163.95
162.32
162.0
159.01
160.87
159.89
160.0
158.79
159.21
160.0
160.41
158.52
159.7
159.7
160.5
171.4
178.45
191.06
190.1
188.19
189.65
190.0
185.6
186.04
185.6
192.1
192.3
188.7
192.3
190.86
192.5
189.63
184.53
184.55
184.2
185.2
185.4
181.91
185.0
192.05
195.96
188.84
193.23
190.0
191.29
190.67
191.25
189.5
189.2
189.82
190.0
190.73
190.3
189.0
197.3
203.03
203.5
201.3
197.52
199.78
199.49
201.9
200.82
201.34
204.63
203.97
202.5
202.71
204.2
209.0
208.0
209.9
213.35
217.49
213.77
208.8
209.75
210.6
210.22
206.6
203.18
207.69
209.5
211.64
214.6
214.02
211.04
215.9
224.0
228.5
232.03
231.18
227.0
226.15
224.5
229.29
224.75
224.67
225.3
226.64
225.5
216.99
210.5
211.52
209.19
206.3
222.0
219.47
220.5
215.46
217.2
213.0
213.61
214.14
212.59
212.12
213.85
220.3
217.0
187.83
186.8
181.7
185.99
180.67
172.59
181.79
190.5
189.69
190.0
196.7
197.51
194.19
193.91
194.91
195.0
196.22
196.1
196.24
195.7
196.71
193.25
198.94
202.1
203.0
199.4
201.0
197.62
195.49
198.68
198.27
195.29
196.7
196.03
197.0
193.8
195.5
196.0
196.02
195.39
191.3
193.1
192.5
189.32
189.21
188.0
190.14
189.26
187.45
185.0
183.5
188.44
186.43
191.5
179.9
178.27
183.66
182.91
186.5
185.75
183.5
183.43
186.5
188.0
192.21
195.05
191.5
192.61
192.46
191.06
186.95
184.5
177.25
174.1
179.45
184.0
182.13
179.47
179.85
180.5
182.42
180.36
177.48
175.0
177.78
176.65
169.74
170.0
162.86
162.34
163.42
161.4
164.3
162.25
164.92
164.81
162.12
156.66
157.85
161.35
160.61
160.53
156.96
159.49
158.53
156.59
155.23
152.2
151.77
148.36
144.97
148.34
155.05
159.5
159.12
163.9
165.41
165.7
165.5
169.85
166.7
167.26
171.2
171.05
170.9
167.85
166.8
161.33
162.5
165.5
166.51
164.43
162.1
166.75
165.42
168.69
165.91
163.35
159.99
156.6
158.69
163.19
160.8
156.24
161.3
161.2
163.3
163.23
165.67
169.49
173.8
173.3
169.88
171.11
171.5
173.63
173.49
173.4
171.9
169.0
172.0
172.9
171.3
166.5
167.29
167.4
171.5
169.0
173.5
172.54
170.1
167.8
171.1
169.0
169.5
168.4
166.92
164.99
163.48
164.75
165.47
166.85
164.98
164.49
163.0
163.65
164.0
165.07
166.18
165.44
167.27
167.01
169.8
169.79
170.05
170.0
171.8
173.1
174.48
178.7
179.01
179.11
182.01
181.93
181.12
179.84
184.2
182.81
186.11
185.0
184.1
186.0
185.77
181.6
181.7
182.55
186.5
182.87
176.7
178.78
177.12
175.16
178.0
175.7
176.99
177.46
177.64
177.78
180.15
179.85
179.1
177.2
178.0
177.83
178.99
179.14
179.95
178.56
179.05
180.9
182.15
184.83
184.01
183.5
187.0
190.9
189.0
189.43
188.2
190.22
191.64
193.5
194.9
198.59
201.61
205.7
206.4
203.0
204.81
204.95
202.7
203.1
200.6
202.15
204.75
205.88
205.49
200.47
197.22
201.29
198.39
200.15
203.07
203.0
202.97
202.9
199.01
198.89
201.0
201.3
200.52
199.23
199.0
202.65
204.43
200.9
205.59
207.01
206.0
205.73
205.75
205.51
211.3
209.21
211.0
216.33
219.6
220.1
206.71
208.45
207.47
206.6
207.9
207.08
208.95
206.61
207.14
205.0
207.0
206.73
205.6
210.4
207.52
208.0
208.82
208.0
208.3
208.23
209.4
207.54
205.65
205.01
204.09
204.24
204.05
203.9
202.7
202.56
200.96
203.46
202.29
203.9
204.8
202.9
199.7
194.56
194.2
197.23
195.2
196.9
194.83
195.33
195.2
191.26
188.71
188.0
190.29
189.66
190.5
192.57
191.1
191.14
191.0
192.46
193.6
194.89
197.53
196.49
198.0
200.5
201.0
199.89
203.55
206.8
206.2
205.61
207.1
206.6
206.81
207.05
206.42
203.44
202.43
203.0
202.9
201.25
201.0
201.44
197.62
199.26
198.31
200.35
198.79
200.46
201.22
202.75
201.5
201.7
203.29
205.05
208.0
207.66
212.14
213.55
217.0
215.0
213.3
215.41
215.4
212.55
214.38
216.57
217.0
218.33
217.5
217.75
217.53
215.04
215.79
216.4
215.55
215.15
215.0
214.98
216.16
216.66
215.4
213.29
213.54
212.5
213.35
211.76
212.89
211.23
214.0
215.5
215.52
216.65
216.78
217.0
218.7
219.2
221.45
221.08
221.57
223.27
224.99
225.98
224.93
226.4
228.3
226.4
225.95
230.38
231.0
232.0
234.95
232.2
230.16
230.99
234.57
238.5
238.4
236.5
233.77
234.61
228.51
229.86
231.39
229.63
227.1
225.6
226.9
229.4
229.54
231.08
231.8
237.0
235.6
236.3
232.87
231.47
228.14
229.53
229.9
230.91
227.5
229.08
222.0
215.15
216.96
222.4
222.0
220.0
210.01
193.18
188.8
171.37
185.85
177.0
172.46
162.0
172.95
180.9
174.2
181.1
177.01
179.1
173.0
173.75
176.83
174.1
174.34
175.5
179.88
183.74
185.17
186.6
185.34
181.4
180.36
172.0
172.16
174.1
171.37
167.65
171.9
172.64
171.46
172.43
176.12
177.5
177.2
176.34
178.49
181.0
180.02
179.79
177.9
174.62
172.63
172.28
177.14
174.59
177.88
176.79
176.66
176.8
177.22
178.8
185.5
181.6
184.0
192.5
198.99
193.1
200.3
200.5
198.45
195.85
191.4
191.0
193.2
191.29
189.8
191.09
191.01
190.5
190.0
187.6
190.6
188.76
192.6
193.47
196.91
193.25
193.48
192.46
193.49
190.87
192.17
193.21
193.86
195.19
197.74
198.35
199.36
198.4
199.0
201.29
200.47
202.87
203.33
205.47
209.82
210.4
209.35
209.45
210.6
210.64
214.06
220.5
220.01
219.27
217.79
216.3
218.15
215.5
217.71
218.95
216.99
217.4
216.6
215.54
215.5
217.16
214.0
210.4
214.35
213.93
211.04
211.17
211.4
214.31
218.3
221.87
222.11
221.89
222.14
219.25
222.24
221.8
220.0
220.9
221.47
219.98
221.8
220.02
202.25
202.62
201.49
201.1
200.5
198.76
198.6
195.4
198.62
195.25
192.99
193.0
197.43
197.59
196.97
200.3
197.98
196.7
193.04
195.06
192.91
196.25
199.78
205.01
204.79
212.31
218.19
221.87
221.0
221.0
224.22
223.0
222.7
220.89
221.49
221.77
225.18
229.9
227.86
229.91
229.25
235.17
238.25
238.55
245.5
248.6
248.84
249.4
251.29
250.95
246.26
245.33
246.97
249.05
243.25
233.65
237.12
242.01
240.26
241.0
245.44
243.85
242.06
245.39
247.26
246.2
252.49
256.92
257.69
252.93
255.35
250.34
253.8
252.3
254.0
248.8
244.2
244.61
247.1
243.98
244.85
237.78
242.79
242.07
242.04
247.13
247.86
250.84
247.89
245.16
243.29
245.33
249.75
248.64
248.39
247.0
249.64
249.12
251.48
250.26
249.51
249.4
250.1
252.75
252.3
250.24
252.75
258.86
258.0
258.47
260.39
264.86
263.33
257.65
255.79
260.62
263.86
260.4
263.7
264.47
269.28
271.38
271.9
270.93
270.5
271.61
270.2
265.4
266.85
267.41
266.12
266.85
270.65
271.76
269.88
274.29
273.71
272.39
274.97
276.08
279.76
281.4
283.98
284.23
283.47
283.5
288.52
289.9
295.95
298.13
299.21
287.7
280.59
285.0
282.26
281.42
282.35
278.09
278.79
281.66
281.44
285.86
286.29
291.44
290.32
293.28
294.32
294.99
293.03
292.08
294.79
293.99
293.99
293.85
292.22
292.48
291.32
291.0
290.91
286.7
286.67
286.27
286.75
286.01
287.22
283.94
281.92
282.16
281.09
283.17
282.5
280.91
281.5
280.5
281.01
284.61
281.87
279.9
280.04
277.78
272.19
277.02
276.01
278.6
278.34
284.95
281.65
283.69
284.95
288.7
286.55
291.76
290.82
294.75
296.31
301.08
304.97
304.23
303.3
303.48
304.2
308.87
310.15
308.3
303.77
306.76
303.79
303.7
302.64
307.47
308.88
308.65
313.23
309.3
309.98
310.32
307.96
313.29
309.28
309.83
309.97
310.22
316.35
309.8
311.52
308.3
306.97
310.01
310.38
308.77
313.5
309.77
309.44
317.26
316.08
319.34
333.23
336.3
339.39
343.43
356.0
346.61
346.45
345.3
341.5
333.03
339.92
338.4
334.25
333.0
338.51
337.87
335.92
329.6
322.38
332.99
331.51
335.02
327.66
325.52
326.3
318.58
324.15
316.7
315.89
310.58
311.48
309.1
302.0
288.7
303.95
298.89
296.2
286.0
294.95
291.82
296.3
297.87
295.51
287.1
288.4
280.69
280.51
279.43
266.46
269.87
271.27
278.41
278.82
274.09
275.9
276.36
276.02
275.96
278.61
278.9
277.45
279.0
289.74
289.01
274.8
279.05
277.8
278.15
276.0
263.95
252.64
250.65
228.61
238.5
244.0
239.12
230.63
231.6
230.14
243.53
246.9
255.53
252.6
249.12
239.9
245.0
245.58
255.68
265.21
261.0
250.86
245.1
258.88
262.49
250.08
240.0
195.01
204.3
132.0
131.3
135.4
131.0
126.94
130.8
135.5
145.9
159.0
173.45
159.99
149.79
152.7
148.99
143.58
139.5
139.99
133.0
132.9
128.55
125.5
125.05
123.12
123.27
118.51
125.45
134.0
126.5
130.4
124.8
125.47
124.2
121.11
116.6
116.7
119.84
123.8
122.33
122.81
119.94
117.05
118.74
115.99
113.75
111.58
111.84
111.61
113.19
112.11
112.02
113.7
113.0
115.14
113.94
114.1
114.49
116.51
117.39
118.4
124.84
123.3
127.8
130.5
130.18
134.2
133.36
127.99
122.93
