close
13.31
13.411
12.499
9.496
9.545
11.44
11.0
10.292
9.75
12.65
14.9
13.95
13.301
12.261
13.01
14.2
14.0
12.201
10.256
10.499
10.59
10.477
10.554
10.3
10.552
9.676
10.0
11.0
10.562
10.3
10.889
10.8
10.458
10.35
10.498
10.05
10.059
9.901
9.85
9.947
10.7
10.5
10.99
11.483
10.934
11.2
11.497
11.0
10.801
11.4
11.199
11.014
11.001
12.0
11.205
10.85
10.75
10.9
10.9
11.0
11.205
11.248
11.328
11.664
12.15
12.059
11.745
11.927
11.209
11.5
10.9
10.403
11.095
10.848
10.893
11.23
11.0
11.397
11.0
10.998
11.0
11.001
11.0
11.3
11.32
10.401
10.799
11.3
10.51
10.991
10.9
10.501
10.1
10.488
10.551
10.802
10.998
10.0
10.857
10.438
10.1
10.74
10.65
10.648
10.851
10.6
11.0
11.799
11.948
11.45
11.501
12.0
12.0
12.0
12.0
11.85
10.781
11.711
11.8
12.0
11.2
10.611
10.627
10.777
11.45
11.5
11.998
11.0
11.443
11.134
10.78
10.773
11.772
11.301
11.0
11.0
11.0
5.818
5.648
5.595
5.416
5.538
5.538
5.884
5.8
5.745
5.799
5.799
5.866
5.887
4.999
4.735
4.83
4.808
4.898
4.935
4.898
4.8
4.913
4.81
4.92
4.915
4.867
4.802
4.848
4.75
4.639
4.7
4.85
4.6
4.4
4.5
4.55
4.699
4.688
4.6
4.547
4.544
4.45
4.25
4.149
3.949
3.756
3.614
3.599
3.519
3.6
3.816
4.134
4.45
4.55
4.572
4.56
4.261
4.454
4.652
4.598
4.598
4.616
4.598
4.479
4.7
4.461
4.399
4.258
4.217
4.07
4.05
4.044
3.898
3.763
3.947
3.999
3.91
3.925
3.879
3.815
3.67
3.885
3.91
4.085
3.955
4.005
4.02
3.94
3.995
3.885
3.99
3.99
4.0
4.025
4.1
3.95
3.955
3.99
4.11
4.0
3.99
4.0
4.0
3.98
3.66
3.7
3.825
3.9
3.905
4.16
4.1
4.04
4.36
4.285
4.395
4.315
4.31
4.39
4.39
4.225
4.245
4.005
4.18
4.195
4.195
4.15
3.905
4.0
4.0
3.8
3.8
3.745
3.525
3.695
3.9
3.82
3.85
3.535
3.405
3.45
4.82
5.22
4.77
4.595
4.5
4.595
4.555
4.65
4.695
4.48
4.305
4.275
4.345
4.25
3.935
4.085
3.98
3.945
4.015
3.96
3.9
3.92
3.85
3.835
3.855
3.915
3.88
3.855
4.15
4.095
3.91
3.935
3.995
3.945
3.995
3.98
4.035
4.0
4.125
4.895
4.615
4.55
4.445
4.41
4.445
4.985
4.49
4.44
4.475
4.435
4.17
4.2
4.185
4.185
4.155
4.335
4.295
4.295
4.335
4.48
4.445
4.38
4.4
4.37
4.23
4.77
4.44
4.32
4.26
4.3
4.4
4.3
4.25
4.13
4.125
4.13
4.125
4.075
4.095
4.04
4.1
4.09
4.145
4.095
4.195
4.2
4.09
4.095
4.09
4.11
4.115
4.15
4.16
4.15
4.095
4.14
4.08
4.02
4.03
4.11
4.075
4.09
4.045
4.05
4.05
4.04
4.05
4.05
4.03
4.035
4.07
4.09
4.09
4.015
4.1
4.165
4.085
4.09
4.035
4.115
4.2
4.15
4.11
4.09
4.045
4.095
4.02
4.05
4.01
4.09
4.075
4.02
4.005
4.005
4.135
4.19
4.3
4.23
4.22
4.2
4.16
4.105
4.065
4.18
4.065
4.055
4.0
4.0
4.08
4.02
3.98
4.04
3.98
4.04
4.03
4.0
4.0
4.02
4.0
3.98
4.15
3.99
4.1
4.03
4.02
4.06
4.12
4.04
4.11
4.12
4.08
4.03
4.08
4.1
4.1
4.09
4.15
4.15
4.06
4.13
4.06
4.07
4.03
4.01
4.0
3.95
4.03
4.02
3.98
3.9
3.91
3.91
3.85
3.8
3.82
3.83
3.83
3.86
4.11
4.13
4.1
4.0
4.1
4.04
4.0
4.01
4.01
4.0
4.01
4.14
4.05
3.96
4.03
4.01
4.04
4.02
4.0
4.01
3.97
4.01
3.94
4.04
3.95
4.0
3.9
3.95
3.96
3.87
3.99
4.5
4.76
6.4
5.77
6.94
5.77
5.62
7.3
6.78
6.67
6.25
5.93
6.0
6.02
6.13
6.2
6.48
6.15
5.96
5.39
5.25
5.2
5.12
5.01
5.15
5.08
5.14
5.0
4.97
4.98
4.63
4.45
4.79
4.83
4.54
4.57
4.49
4.51
4.54
4.45
4.39
4.52
4.55
4.79
4.83
4.84
5.12
5.05
5.09
5.12
5.04
5.03
5.05
5.15
5.2
5.05
5.16
10.31
8.79
8.6
8.5
7.66
6.95
8.21
7.74
7.79
8.01
7.95
9.49
8.99
8.61
7.9
7.43
7.52
7.57
7.61
7.38
7.19
7.22
6.85
6.86
6.9
6.79
7.02
6.9
6.88
6.71
6.8
6.9
6.98
6.86
7.1
7.16
7.46
7.31
7.06
7.12
7.07
7.44
7.24
7.37
7.16
7.15
7.15
7.72
7.41
7.37
7.26
7.3
7.13
7.15
7.12
6.98
7.16
7.47
7.65
7.36
7.48
7.51
7.41
7.44
7.5
7.67
7.77
7.88
7.82
7.56
7.49
7.37
7.5
7.39
7.63
7.4
7.54
7.43
7.38
7.49
7.4
7.43
7.34
7.39
7.46
7.56
7.4
7.45
7.38
7.4
7.5
7.48
7.61
7.67
7.6
7.6
7.61
7.6
7.59
7.62
7.62
7.6
8.0
9.0
8.65
7.8
7.8
7.8
8.02
8.14
8.1
8.1
7.95
7.94
7.92
8.01
8.0
8.14
8.25
8.11
8.14
8.09
8.04
8.06
8.06
8.04
7.98
7.98
7.99
8.0
7.97
7.86
7.9
7.9
7.59
7.61
7.52
7.58
7.5
7.64
7.54
7.41
7.41
7.4
7.41
7.33
7.38
7.55
7.81
7.76
7.49
7.52
7.53
7.77
7.75
7.62
7.52
7.49
7.48
7.52
7.58
7.56
7.57
7.49
7.48
7.49
7.47
7.49
7.48
7.39
7.4
7.49
7.48
7.5
7.55
7.62
7.66
7.73
7.54
7.51
7.47
7.6
7.54
7.47
7.47
7.73
7.76
7.53
7.55
7.53
7.58
7.6
7.59
7.55
7.61
7.93
8.21
8.4
9.95
9.37
8.77
8.94
9.27
9.91
9.71
9.51
9.48
9.39
9.37
9.33
9.23
8.78
8.55
8.9
8.83
8.85
8.9
9.11
9.14
9.13
9.22
9.53
9.59
9.68
9.52
9.34
9.39
9.34
9.32
9.31
9.45
9.46
9.4
10.2
10.3
10.15
10.17
10.21
10.24
11.9
11.47
11.3
11.8
13.3
13.21
13.2
12.9
12.84
12.3
12.08
11.78
11.55
11.11
10.65
10.72
10.44
10.0
11.18
10.91
10.68
10.55
10.42
10.43
10.52
9.84
9.99
9.77
9.81
9.9
10.25
9.99
9.98
9.98
9.78
9.71
9.52
9.3
9.32
9.47
9.75
9.8
9.62
9.7
9.6
9.73
9.75
9.43
9.62
9.61
9.44
9.28
9.2
9.11
9.22
8.54
8.9
9.02
9.2
9.78
9.74
10.38
10.29
9.85
9.95
9.54
9.24
9.05
9.2
9.24
9.5
9.2
9.14
9.16
9.15
9.22
9.05
9.09
9.16
9.2
9.58
9.2
9.06
9.24
9.2
9.33
9.18
9.1
9.13
9.27
9.04
8.87
9.15
9.23
9.15
9.14
9.21
9.33
9.16
9.45
9.16
9.18
9.15
9.15
9.2
9.3
9.29
9.27
9.25
9.28
9.44
10.0
9.67
9.66
9.36
9.25
9.48
9.38
9.37
9.46
9.48
9.42
9.36
9.21
9.39
9.29
9.36
9.31
9.58
9.77
9.41
9.4
9.62
9.71
9.35
9.33
9.29
9.41
9.26
9.31
9.3
9.38
9.36
9.29
9.5
9.3
9.3
9.25
9.23
9.34
9.32
9.38
9.46
9.63
9.54
9.37
9.39
9.45
9.39
9.34
9.24
9.23
9.37
9.33
9.28
9.28
9.21
9.24
9.25
9.23
9.34
9.2
9.2
9.27
9.26
9.25
9.26
9.26
9.36
9.26
9.28
9.27
9.31
9.35
9.36
9.32
9.25
9.36
9.39
9.27
9.3
9.29
9.33
9.4
9.76
10.31
10.15
10.18
10.32
10.3
10.29
10.42
10.33
10.5
10.42
10.45
10.31
10.34
10.37
10.28
10.2
10.36
10.4
10.36
10.5
10.29
10.36
10.3
10.23
10.19
10.19
10.2
10.03
10.15
10.13
9.76
9.72
9.68
9.73
9.73
9.73
9.97
9.89
9.8
9.7
9.93
9.8
9.82
9.9
10.0
9.97
9.97
9.86
10.19
10.25
10.15
10.2
10.27
10.35
10.14
10.08
10.2
10.24
10.2
10.05
9.65
9.83
9.79
9.57
9.29
9.33
9.48
9.49
9.52
9.35
9.4
9.44
9.75
9.78
9.7
9.6
9.59
9.58
9.58
9.47
9.5
9.52
9.49
9.48
9.47
9.48
9.4
9.44
9.4
9.25
9.29
9.28
9.38
9.35
9.3
9.45
9.42
9.35
9.37
9.26
9.31
9.0
9.23
9.08
9.14
9.18
9.08
9.11
9.33
9.24
9.35
9.41
9.29
9.33
9.33
9.34
9.23
9.26
9.22
9.14
9.03
9.11
9.21
9.18
9.1
9.0
9.1
9.07
9.08
9.03
9.04
9.1
9.13
9.1
9.08
9.09
9.08
9.05
9.04
9.08
9.06
9.12
9.05
9.08
9.08
9.13
9.08
9.08
9.05
9.22
9.6
10.07
10.69
11.1
11.58
12.26
12.75
13.3
13.3
13.03
12.9
12.45
12.29
11.14
10.35
10.73
10.63
10.47
10.4
10.68
10.53
10.38
10.47
10.34
10.21
10.07
10.23
10.18
10.29
10.21
10.18
10.08
10.2
10.08
10.07
10.07
10.0
10.0
9.86
9.88
10.07
9.98
10.08
10.1
9.99
10.09
10.08
10.04
9.99
9.97
10.0
9.96
10.09
9.86
9.89
9.88
9.92
10.07
9.83
10.08
9.99
9.83
9.99
10.0
9.96
10.0
9.96
10.0
10.0
9.9
9.99
9.95
10.04
10.14
10.13
10.43
10.1
10.07
10.43
10.12
10.15
10.0
10.1
10.0
9.91
10.0
10.0
9.9
9.77
9.9
9.8
9.8
10.0
9.85
9.85
9.85
9.75
9.71
9.7
9.7
9.74
9.8
9.72
9.79
9.7
9.63
9.55
9.79
9.75
9.56
9.55
9.6
9.46
9.19
9.36
9.79
9.95
9.6
9.87
9.9
9.66
9.77
9.88
9.7
9.75
9.7
9.65
9.58
9.65
9.6
9.46
9.41
9.5
9.7
9.94
10.0
9.9
9.94
9.95
9.99
10.0
10.05
10.01
9.9
9.85
9.85
9.82
9.9
9.8
9.74
9.8
9.75
9.7
9.65
9.71
9.69
9.6
9.61
9.5
9.45
9.45
9.4
9.44
9.47
9.48
9.45
9.55
9.57
9.51
9.53
9.51
9.55
9.75
9.6
9.65
9.62
9.65
9.7
9.7
9.64
9.6
9.66
9.64
9.57
9.68
9.65
9.72
9.65
9.66
9.73
9.71
9.64
9.72
9.8
9.85
9.85
9.94
9.93
9.92
9.89
9.75
9.69
9.44
9.23
9.28
9.2
9.22
9.2
9.2
9.24
9.27
9.3
9.25
9.27
9.27
9.39
9.27
9.27
9.25
9.33
9.3
9.3
9.33
9.39
9.38
9.38
9.33
9.41
9.53
9.4
9.45
9.43
9.36
9.35
9.5
9.47
9.49
9.5
9.54
9.55
9.53
9.68
9.65
9.6
9.65
9.8
9.86
9.85
9.85
9.83
9.75
9.72
9.7
9.62
9.91
9.85
9.82
9.94
9.71
9.7
9.78
9.7
9.68
9.7
9.66
9.53
9.57
9.5
9.4
9.49
9.4
9.4
9.39
9.39
9.31
9.31
9.34
9.46
9.38
9.4
9.43
9.46
9.39
9.45
9.41
9.5
9.5
9.48
9.57
9.44
9.5
9.42
9.45
9.45
9.39
9.4
9.4
9.4
9.4
9.34
9.36
9.4
9.4
9.39
9.3
9.3
9.3
9.37
9.32
9.26
9.26
9.31
9.3
9.27
9.4
9.4
9.4
9.35
9.36
9.35
9.35
9.4
9.46
9.35
9.31
9.39
9.37
9.4
9.33
9.33
9.29
9.31
9.29
9.31
9.34
9.26
9.25
9.57
9.55
9.54
9.58
9.42
9.43
9.68
9.79
9.57
9.45
9.49
9.53
9.6
9.62
9.6
9.6
9.65
9.6
9.6
9.75
9.95
11.34
10.91
10.84
10.71
11.1
11.04
11.48
11.43
11.15
11.34
11.22
11.26
11.3
11.21
11.37
12.45
12.52
12.43
12.19
12.21
12.33
12.45
13.6
13.53
13.31
13.37
13.31
12.12
12.18
11.76
11.53
11.98
12.26
12.88
13.2
13.32
13.13
13.05
13.1
13.11
13.08
13.15
13.13
13.05
12.97
13.01
12.96
13.09
13.37
13.2
13.18
14.4
14.4
14.12
14.33
14.39
14.51
14.54
15.13
15.65
15.22
15.46
15.5
15.36
15.6
15.69
15.78
16.4
16.62
16.3
15.6
14.08
14.62
15.06
15.18
15.27
14.79
14.5
14.2
13.0
13.4
13.03
13.07
12.63
12.5
12.77
12.88
13.65
13.89
14.53
15.09
15.7
15.71
17.98
17.35
17.1
16.94
17.05
17.15
17.89
18.5
21.0
25.0
22.84
23.5
23.0
22.7
23.44
23.5
23.31
23.0
22.68
22.38
21.52
21.3
21.53
21.81
22.89
23.38
24.35
23.75
23.9
24.24
24.19
24.02
23.8
23.67
23.63
23.76
24.34
24.1
24.0
24.4
24.36
24.3
24.26
24.27
24.2
23.49
23.48
24.36
24.3
24.4
23.89
24.46
24.89
25.26
25.9
26.42
26.65
25.7
25.6
24.57
24.59
24.15
24.2
25.48
25.69
26.25
26.0
26.45
26.38
25.7
26.34
26.55
26.42
26.6
26.62
27.81
30.9
33.4
38.9
39.0
39.42
37.48
39.2
38.79
38.4
41.0
47.19
50.55
53.3
47.67
48.79
48.2
47.26
49.7
49.98
48.75
48.3
47.16
47.5
46.6
46.09
46.05
47.88
47.32
47.75
46.65
45.54
44.8
45.3
43.6
42.8
43.25
43.1
43.38
43.96
45.18
44.54
44.37
42.32
41.2
41.01
41.0
41.88
42.42
43.12
42.18
42.48
42.53
42.76
42.3
41.3
41.31
42.34
42.2
42.66
43.24
42.58
43.6
45.0
44.73
45.21
44.91
44.54
44.6
43.78
41.92
41.68
41.44
42.5
43.28
43.88
43.98
43.22
43.72
43.9
44.05
44.6
45.25
46.0
47.77
48.21
49.4
49.92
48.5
49.06
49.8
46.78
45.04
47.1
47.94
47.51
46.56
46.71
46.3
46.17
46.5
45.54
45.51
46.14
46.46
48.07
46.7
46.89
47.14
47.04
46.7
46.42
45.46
45.51
45.5
46.1
46.96
46.71
46.21
46.0
45.96
46.19
45.86
45.21
44.99
45.0
45.37
45.01
44.96
44.42
43.79
43.69
44.3
43.83
46.11
45.6
48.41
46.79
45.47
45.85
45.19
44.81
44.6
44.37
45.3
45.2
44.6
44.2
44.44
44.67
44.6
44.35
44.09
43.57
43.87
43.55
43.62
43.0
42.55
43.51
43.41
43.43
42.89
43.07
43.2
42.9
43.36
45.9
44.94
44.02
43.73
43.26
43.25
43.47
42.94
43.16
43.4
43.78
43.56
44.0
43.86
43.78
43.59
44.27
44.62
44.91
44.89
44.64
45.08
44.62
45.29
45.02
44.66
44.23
44.53
44.66
43.73
43.71
44.12
44.15
44.7
44.48
44.93
44.68
44.51
44.65
44.85
45.21
46.16
46.0
45.99
46.0
46.2
46.3
47.05
46.75
46.75
46.9
46.88
46.78
46.65
46.56
46.6
46.57
46.37
45.9
45.93
46.49
46.5
46.64
46.5
47.71
47.33
47.21
46.14
43.6
44.51
44.7
44.03
44.74
44.91
44.81
44.96
44.49
44.18
43.94
43.87
43.82
43.66
43.54
43.68
43.4
43.01
43.54
43.6
43.75
43.76
43.94
44.0
43.7
44.02
44.05
43.77
43.79
43.86
44.17
43.91
43.72
43.54
43.64
43.79
43.8
43.77
44.24
44.08
44.02
43.87
43.99
44.26
44.0
43.29
43.61
43.14
43.62
43.65
43.72
44.0
45.0
44.52
44.88
44.49
45.5
45.01
44.79
44.66
44.51
44.0
43.68
44.0
43.85
44.5
45.02
45.15
45.8
45.69
45.62
45.21
46.85
47.84
47.71
48.3
55.41
62.67
61.11
57.6
56.75
55.64
62.5
60.8
59.1
60.68
60.29
59.64
58.0
56.37
57.1
56.61
56.83
59.0
59.59
59.55
60.5
61.74
64.29
68.22
67.0
66.9
69.09
68.0
66.5
63.0
61.5
60.01
60.97
62.2
63.66
60.68
61.7
62.18
62.0
61.6
60.78
60.56
61.14
60.62
59.46
59.1
58.59
58.4
59.78
59.8
60.21
60.1
59.22
59.55
58.63
58.2
58.21
57.6
57.71
57.98
58.19
57.74
56.44
55.02
57.09
57.0
55.56
55.63
54.24
51.52
53.22
54.1
53.0
50.6
51.19
50.1
49.1
49.26
49.6
51.74
52.4
51.0
52.77
52.81
52.41
53.37
53.15
51.8
51.74
51.13
52.03
54.18
53.99
48.78
48.93
40.48
44.55
47.8
47.41
47.62
47.9
47.99
48.02
46.51
46.3
46.65
45.95
50.2
52.29
51.28
51.18
51.56
51.22
51.19
50.26
49.5
50.0
48.52
49.52
49.86
47.6
49.02
48.34
48.9
50.19
49.81
48.9
48.77
48.8
49.21
49.01
48.91
48.73
47.91
47.02
47.98
47.86
48.07
48.03
48.01
47.98
48.08
48.15
48.3
48.38
48.41
48.47
49.69
50.0
50.09
51.84
52.04
48.11
46.38
45.01
45.23
44.84
43.58
42.1
41.67
39.52
