close
26.47
26.5
24.0
26.8
25.0
25.0
25.0
25.0
26.55
26.52
26.6
25.08
24.8
26.65
26.7
26.6
26.42
25.8
26.5
25.8
26.8
27.2
27.2
27.21
27.2
27.2
27.2
27.5
27.25
27.22
27.25
27.2
27.25
27.26
26.98
27.26
27.2
27.2
19.34
23.0
27.14
27.145
27.25
25.0
23.0
22.8
25.2
27.26
27.26
24.1
27.2
27.26
27.3
27.2
27.25
27.3
27.0
27.27
28.0
27.32
24.4
27.0
27.3
27.67
27.67
27.78
27.65
27.0
27.8
27.8
27.82
27.8
27.8
27.82
27.901
27.915
27.92
27.9
28.72
26.39
26.4
26.47
26.4
26.2
26.95
26.995
24.995
26.0
25.991
26.0
26.0
25.999
25.33
25.33
26.0
26.0
25.33
25.3
26.47
26.47
26.47
26.7
26.41
26.47
27.5
26.83
25.5
24.0
24.55
24.9
27.57
27.365
27.6
27.6
27.6
27.5
27.7
27.0
27.92
27.72
25.0
26.4
27.8
27.8
28.0
26.986
26.75
26.5
26.0
26.0
26.5
28.01
28.01
28.0
28.0
28.0
28.1
28.15
28.41
28.48
28.55
28.9
29.0
28.5
29.0
29.0
28.7
28.9
28.0
28.5
29.0
28.8
27.15
28.1
28.72
28.0
27.25
28.82
28.5
28.0
27.0
28.15
29.0
29.0
27.0
27.0
29.0
27.5
30.0
28.0
28.0
27.979
28.5
28.5
28.5
28.5
28.5
28.0
23.5
27.9
28.5
28.5
28.5
28.0
28.4
27.6
28.5
28.7
28.4
28.4
28.7
29.0
29.7
29.4
28.3
28.3
29.0
29.0
28.9
28.0
28.0
27.5
28.5
33.3
27.8
29.0
26.9
27.5
27.5
27.4
28.7
26.8
28.7
26.0
24.7
35.0
35.9
35.5
33.2
33.5
31.0
35.0
32.0
30.8
30.2
31.5
30.0
29.1
29.1
30.1
30.0
30.8
29.4
29.2
29.1
29.5
28.4
30.1
29.0
29.4
29.9
29.4
29.1
28.8
28.2
28.5
28.5
29.1
28.8
29.1
26.0
28.1
29.1
29.9
29.7
28.1
26.6
27.0
29.1
29.0
29.9
28.9
29.4
29.8
30.2
30.0
29.9
29.0
27.5
27.6
27.7
30.0
30.1
29.0
30.1
28.3
26.7
26.1
26.5
26.3
26.3
25.5
25.4
25.6
26.0
25.0
26.4
25.5
25.9
26.4
26.1
26.4
26.3
26.0
26.2
26.2
25.8
25.4
25.0
25.2
25.0
25.2
25.0
25.0
25.0
25.8
25.1
25.1
25.0
24.9
24.4
24.4
24.4
23.3
24.2
23.5
23.7
24.2
24.0
23.7
23.9
24.1
24.0
24.1
24.1
26.1
26.1
25.0
24.0
24.5
25.0
25.0
25.8
25.9
25.8
25.0
26.4
26.2
26.6
25.0
24.9
26.3
26.3
26.2
24.9
24.1
24.1
24.3
24.5
25.7
24.9
24.9
23.9
23.6
23.5
23.9
23.8
23.1
23.0
23.7
23.6
23.9
23.6
23.7
23.3
22.8
23.1
23.5
24.1
23.7
23.9
23.7
23.8
23.1
23.7
23.8
23.8
23.7
23.4
23.4
23.8
24.4
24.2
23.6
23.3
23.2
32.8
33.0
27.0
26.0
26.0
24.9
25.9
25.6
25.4
26.1
25.8
26.9
25.4
25.1
24.8
24.8
24.5
24.5
24.1
24.6
24.4
23.8
24.3
24.1
23.9
23.8
24.5
23.9
23.5
23.4
23.0
23.0
23.1
23.1
23.2
23.2
22.8
23.1
22.8
22.5
22.8
23.0
22.5
24.1
23.6
23.4
23.7
23.4
23.2
23.2
22.9
23.0
22.1
22.0
21.9
21.1
20.1
19.8
19.3
19.1
18.4
18.1
18.0
17.9
18.1
18.2
18.1
18.0
18.1
17.5
17.5
17.0
17.0
17.0
17.0
17.0
17.1
17.2
17.2
16.7
16.1
15.3
15.4
14.7
14.8
14.7
14.2
13.8
13.7
14.1
13.8
13.7
13.5
13.4
13.0
12.7
12.6
12.7
13.0
13.1
13.1
13.3
13.1
13.9
14.0
13.7
13.2
13.2
13.2
13.5
13.4
13.1
13.0
13.1
13.2
13.1
13.1
13.1
12.9
12.8
12.8
12.8
12.4
12.6
12.6
12.8
12.5
12.5
12.4
12.2
12.2
12.0
11.8
11.9
11.3
11.1
11.0
10.7
10.8
10.9
10.0
9.1
8.8
8.6
8.6
8.6
8.6
9.5
11.5
12.2
11.7
11.0
12.2
12.2
12.1
12.0
11.7
11.7
11.6
11.7
11.9
11.5
11.5
11.5
11.5
11.2
11.4
11.1
10.6
10.5
10.3
11.4
11.0
10.9
10.9
11.2
11.19
11.0
10.85
11.08
11.0
11.14
11.21
11.06
11.18
11.3
11.2
10.81
10.73
10.7
10.7
10.8
11.0
10.91
10.93
11.39
11.71
12.39
13.8
13.8
13.23
13.21
13.69
14.13
14.73
14.7
14.39
14.17
14.52
14.49
14.1
14.18
14.21
14.26
14.34
14.49
14.33
14.56
14.61
14.7
15.31
16.71
17.1
16.4
16.32
16.4
16.0
16.21
16.89
16.88
16.6
16.45
16.57
17.45
17.2
17.5
17.0
17.07
16.95
17.92
17.58
17.65
17.97
19.0
18.55
18.28
17.8
17.71
16.53
17.1
17.0
16.81
16.63
16.31
16.38
16.1
15.8
16.29
15.55
15.91
15.53
15.35
15.52
15.21
14.32
14.79
14.79
14.55
14.54
14.97
15.2
15.2
15.3
15.34
15.2
15.06
14.89
14.79
14.52
14.2
14.21
14.35
14.11
14.1
14.1
13.99
13.67
13.94
13.67
13.33
13.25
13.26
12.59
12.35
12.3
12.67
12.8
13.25
14.09
13.81
15.21
16.5
15.5
16.0
17.45
17.21
16.95
16.78
16.98
16.59
16.71
16.53
16.45
15.78
16.1
15.99
15.99
16.32
16.79
16.59
15.95
16.0
16.37
16.84
17.06
16.71
16.73
12.68
12.28
12.41
11.9
12.24
12.25
12.18
12.29
12.4
12.45
12.1
12.49
12.14
12.1
12.05
12.07
12.1
12.16
12.19
12.16
12.01
12.17
12.29
12.26
12.2
12.5
12.3
12.42
12.35
12.41
12.4
12.4
12.4
12.41
12.36
12.42
12.5
12.55
12.6
12.6
12.6
12.66
12.77
12.81
12.83
13.09
12.85
12.95
13.0
12.97
12.99
12.69
12.57
13.01
13.05
12.99
12.85
13.05
12.7
12.61
12.82
12.7
13.09
13.18
13.28
13.17
13.21
13.1
13.07
13.08
13.15
13.08
13.06
13.05
13.05
13.0
13.0
12.98
12.98
13.1
13.14
13.2
13.07
13.16
13.17
13.24
13.57
13.33
13.55
13.42
13.9
13.69
13.75
13.7
13.57
13.8
13.75
14.27
14.74
15.1
15.41
15.7
15.96
15.9
15.8
16.27
16.5
16.5
16.5
16.86
17.2
17.19
17.7
18.32
18.02
17.99
18.2
17.98
17.88
17.94
18.0
18.0
17.95
18.0
17.83
17.99
17.88
17.9
17.86
17.98
17.85
17.85
17.99
17.8
18.0
17.7
17.89
17.73
17.92
17.81
17.96
17.8
18.06
18.22
18.01
17.9
18.03
17.98
17.79
18.07
17.99
17.99
17.91
17.8
17.8
17.87
17.85
17.75
17.99
17.76
17.6
17.85
17.63
17.71
17.6
17.85
17.4
16.49
15.99
15.68
15.0
14.5
14.18
13.83
13.8
13.73
13.89
13.9
14.68
14.98
14.53
14.54
14.85
15.32
15.33
15.38
15.31
15.94
16.1
16.16
15.8
15.22
15.36
15.35
15.7
16.35
17.02
16.81
16.84
17.0
17.0
17.15
17.71
18.01
18.2
18.1
17.9
18.0
17.89
16.11
16.61
16.64
16.7
16.5
16.61
16.45
17.5
17.88
17.78
17.69
17.88
17.59
17.35
17.62
17.65
17.84
17.6
17.55
17.4
17.25
17.4
15.5
16.0
15.8
15.75
15.55
15.5
15.85
15.7
15.8
15.45
15.05
15.35
15.55
15.45
15.6
15.45
15.2
15.85
15.8
15.55
15.65
15.4
15.5
15.5
15.75
15.75
16.0
16.5
17.0
17.1
17.25
17.3
17.65
17.75
18.05
17.8
17.65
17.8
17.9
17.95
16.8
17.0
17.15
17.05
16.95
17.0
16.75
16.75
16.35
16.35
16.3
16.05
16.15
16.05
16.45
16.35
16.4
16.2
16.3
16.35
16.3
16.1
16.1
16.2
15.9
15.95
15.75
15.8
15.5
15.75
15.75
16.1
16.0
15.75
16.15
16.2
16.25
16.2
16.0
16.35
16.4
16.3
16.5
16.6
16.7
16.95
17.0
17.2
17.3
17.35
17.2
17.35
17.7
17.9
17.8
17.8
18.1
17.75
18.0
18.15
17.9
18.1
18.05
17.95
18.0
18.3
18.35
18.2
17.95
17.9
17.8
18.0
18.0
17.9
17.75
17.65
18.0
17.7
17.6
17.65
17.65
17.75
17.6
17.8
17.75
17.55
17.7
17.7
17.8
17.8
17.8
17.7
17.8
17.8
17.8
17.8
17.8
18.1
17.9
18.2
18.15
18.5
18.9
19.5
19.9
20.05
20.55
21.3
22.0
22.7
23.1
22.8
23.4
23.85
24.2
24.0
23.75
24.0
24.0
23.8
24.2
24.0
24.1
24.05
23.9
24.1
23.7
23.6
23.9
24.15
24.2
24.1
24.15
24.45
24.45
24.05
24.2
23.55
23.7
23.8
24.0
24.2
24.2
24.5
24.5
24.25
24.0
24.2
24.1
23.95
24.0
24.0
24.3
24.05
24.1
24.15
24.0
23.8
24.05
24.25
23.85
24.5
24.35
24.15
24.0
23.75
24.05
24.15
24.05
24.1
24.05
24.1
24.0
24.1
24.1
24.05
24.0
23.9
24.0
24.0
24.0
24.1
24.35
24.45
24.3
23.9
24.0
23.85
23.6
23.55
23.6
23.15
23.0
22.0
22.1
22.0
21.3
20.9
21.0
21.2
21.75
22.0
22.1
21.85
22.0
22.0
22.0
22.0
22.05
22.15
22.45
22.15
22.3
22.3
22.5
22.8
22.6
22.65
22.8
22.85
23.1
23.15
23.1
23.15
23.3
23.3
23.3
23.75
23.75
23.85
23.85
24.15
24.6
25.0
24.7
25.35
25.75
25.4
25.45
25.55
23.85
24.4
24.05
23.8
24.0
23.8
23.95
23.95
23.65
23.7
23.7
23.55
23.45
22.95
23.6
23.9
23.95
23.9
23.95
24.0
23.95
23.35
23.95
24.05
24.05
23.75
23.85
24.0
23.75
23.85
23.75
23.7
23.9
24.0
23.95
24.0
23.95
23.9
23.9
23.35
23.75
23.8
23.8
23.75
23.75
23.8
23.9
24.0
23.95
23.6
23.5
23.75
23.8
23.85
23.8
23.8
23.45
23.7
23.7
23.45
23.8
23.85
23.7
23.65
23.7
23.5
23.7
23.6
23.6
23.6
23.6
23.6
23.25
22.9
22.85
22.8
22.45
22.35
23.05
22.9
22.6
22.4
23.95
23.95
23.95
23.9
23.75
23.9
23.85
23.85
23.95
24.0
24.0
23.9
23.95
23.9
24.0
23.9
24.0
23.95
23.85
24.0
24.1
24.35
24.2
24.15
24.8
25.5
25.6
26.4
26.3
26.15
26.15
26.05
26.0
26.1
26.25
27.35
29.0
29.3
29.0
29.25
29.35
29.35
29.65
31.35
31.45
31.75
32.8
32.5
28.6
27.55
26.15
25.4
26.25
27.0
27.35
28.2
28.95
28.0
27.7
27.7
27.35
27.55
27.4
27.45
27.45
27.1
26.75
26.65
26.85
27.25
27.15
27.0
27.25
27.4
26.85
26.6
26.5
26.6
26.6
27.0
27.3
27.1
27.15
27.5
27.65
27.75
27.7
27.55
28.5
28.35
27.7
27.25
24.9
25.25
25.5
25.7
25.4
25.0
24.35
24.0
22.55
23.5
24.8
24.6
24.6
25.1
25.1
24.8
25.2
25.3
25.55
25.2
26.25
25.75
27.0
26.3
26.15
26.25
26.3
26.1
26.8
26.85
27.7
29.8
28.4
28.1
27.8
27.5
27.3
27.7
27.6
27.65
27.65
27.7
27.7
27.45
27.6
27.55
28.1
28.25
28.2
28.15
28.1
28.25
28.15
28.1
27.95
27.6
27.75
27.9
27.4
27.15
26.5
26.45
27.0
27.0
26.5
26.2
26.2
25.95
25.6
26.0
26.25
26.3
26.0
26.3
25.95
25.9
26.0
26.15
26.35
26.2
26.1
26.1
25.95
25.8
26.0
26.1
26.65
26.35
26.9
27.45
26.95
26.4
26.65
26.7
26.65
26.9
26.8
27.1
28.0
28.15
29.95
28.95
28.4
27.95
28.2
28.0
27.85
28.15
29.2
30.0
30.0
28.7
28.85
29.25
29.2
39.9
38.4
37.2
37.0
35.8
35.55
35.05
34.85
35.2
36.55
35.95
35.65
35.35
35.05
34.9
35.15
34.4
35.6
37.0
37.2
37.8
38.0
38.95
38.35
38.2
35.7
35.85
36.55
36.45
36.0
36.0
35.9
35.1
35.25
35.7
35.5
35.05
34.75
34.6
35.4
34.95
35.45
36.75
36.7
38.1
39.4
38.9
38.85
38.8
38.95
39.65
38.05
36.1
36.7
37.2
37.2
37.75
38.8
39.05
38.15
39.0
38.9
39.2
39.85
40.6
41.25
43.6
45.3
47.0
48.75
45.55
45.9
45.9
43.0
41.5
42.95
43.1
42.5
42.5
42.45
41.5
41.05
41.05
40.4
39.8
40.7
41.3
42.3
42.05
41.3
41.25
41.5
41.2
41.2
40.45
40.75
40.75
41.6
41.7
41.1
41.3
41.25
41.05
41.2
41.1
40.8
40.9
40.8
40.95
41.0
41.0
40.95
41.0
41.05
41.1
41.0
42.2
42.0
43.75
42.65
42.1
42.55
42.1
42.25
42.0
41.85
42.05
42.45
42.3
41.7
42.0
42.15
42.15
41.85
41.7
40.75
41.15
40.8
40.75
40.75
40.4
40.85
40.8
41.2
41.0
41.3
41.05
40.95
41.2
41.25
41.6
41.6
41.7
41.25
41.3
41.05
40.9
41.0
41.6
41.65
41.55
41.65
41.65
41.9
41.65
41.65
41.75
41.7
42.0
42.15
42.7
42.5
44.05
43.55
43.5
43.0
43.7
44.9
44.75
45.2
45.7
45.75
44.7
44.75
44.95
44.45
44.5
44.6
45.15
45.3
46.65
46.35
46.3
46.2
46.25
46.35
46.85
46.85
46.8
46.95
47.05
46.9
46.9
46.6
46.6
46.75
46.7
46.8
46.95
47.85
47.25
47.6
46.7
46.95
47.35
47.3
46.35
43.45
43.4
44.15
43.9
44.35
44.8
44.7
44.5
44.3
44.0
43.8
43.8
43.75
43.7
43.5
43.45
43.25
43.0
43.25
43.7
43.65
43.7
43.9
43.75
43.5
43.7
43.75
43.6
43.35
43.7
43.85
43.7
43.6
43.6
43.6
43.5
43.6
43.5
44.25
44.0
43.9
43.55
43.8
44.05
44.0
43.25
43.65
43.4
43.45
43.65
43.55
43.85
44.35
44.2
44.4
44.0
45.05
44.45
44.65
44.6
44.55
44.2
43.9
43.7
43.55
44.15
44.75
45.15
45.65
45.65
45.3
44.9
46.5
47.65
47.45
48.15
55.1
62.15
61.15
58.6
57.1
56.1
62.25
61.1
59.8
60.4
60.35
59.7
58.55
56.95
58.8
57.35
56.9
59.3
59.7
60.0
60.05
61.25
63.7
68.2
67.0
66.75
67.2
68.45
66.5
63.7
61.6
60.2
60.55
62.0
63.2
61.8
61.75
61.9
61.4
61.35
60.95
60.55
60.25
60.2
59.4
57.65
57.6
57.95
59.25
60.1
