close
780.0
789.0
776.5
770.0
780.0
770.5
779.0
779.5
778.0
761.5
765.0
767.0
749.5
769.0
764.0
750.0
735.0
722.0
754.0
751.0
758.0
762.0
759.0
760.0
775.0
759.0
749.5
766.5
759.0
754.5
754.5
749.5
730.0
747.0
751.0
748.0
748.0
748.0
751.0
748.5
748.0
737.5
737.5
737.5
736.5
725.0
751.5
731.0
739.0
764.5
735.0
739.5
765.0
729.5
730.5
720.0
720.5
718.0
724.0
742.0
712.5
703.5
686.0
693.5
710.0
525.0
573.0
600.0
639.5
577.5
562.0
572.5
566.0
567.0
572.5
555.0
562.0
555.0
590.0
617.5
642.0
650.0
700.0
680.0
689.0
685.0
704.0
730.0
735.0
738.0
743.0
743.0
743.0
770.0
749.0
752.0
755.0
748.0
745.0
750.0
751.0
760.0
743.0
737.0
705.0
699.0
702.0
679.0
700.0
689.0
690.0
703.0
724.0
755.0
720.0
723.0
717.0
733.0
750.0
747.0
741.0
744.0
740.0
718.0
707.0
707.0
703.0
703.0
700.0
698.0
724.0
711.0
716.0
705.0
700.0
707.0
704.0
693.0
688.0
667.0
675.0
658.0
693.0
714.0
748.0
728.0
678.0
612.0
670.0
716.0
726.0
720.0
725.0
680.0
655.0
639.0
617.6
615.6
644.6
615.0
617.8
621.8
627.4
635.8
724.2
740.0
785.0
760.0
803.4
783.0
779.0
790.0
740.6
783.0
770.0
760.4
776.0
777.0
775.0
756.0
759.0
760.0
750.0
734.6
721.0
699.0
698.6
661.0
712.0
720.0
706.0
704.4
740.0
714.2
700.2
692.4
726.0
724.8
735.0
721.6
721.0
718.0
716.6
703.0
717.4
707.8
676.6
650.2
640.0
640.0
617.0
603.8
600.4
604.0
605.0
610.0
599.4
603.0
593.0
593.0
603.0
603.0
606.0
602.8
612.0
655.4
649.6
601.4
595.6
588.4
586.0
582.0
585.6
570.0
560.8
555.0
543.8
538.0
555.0
561.6
569.6
581.0
592.8
562.8
558.8
579.4
574.8
574.2
551.6
521.2
522.0
534.4
560.0
580.2
592.0
579.2
560.8
565.8
567.2
571.6
570.0
573.8
567.6
565.6
566.0
562.4
556.2
551.8
555.2
547.6
549.6
554.4
560.0
557.2
560.0
559.6
559.0
559.0
558.2
559.2
558.0
557.6
554.4
547.8
551.2
551.8
546.0
549.0
546.0
546.0
550.0
539.2
539.4
518.8
528.2
534.6
536.4
544.0
551.2
557.0
550.0
557.0
546.6
607.0
560.4
540.6
530.8
525.2
527.0
526.0
513.8
495.0
501.0
502.0
490.0
504.2
498.4
498.0
492.2
478.0
472.2
471.0
469.8
451.0
455.0
508.0
491.0
489.0
496.0
490.0
493.8
488.8
485.6
483.0
491.0
480.2
498.0
480.0
483.0
481.2
480.6
478.6
481.0
499.2
512.0
512.4
519.8
524.8
519.2
518.0
496.2
513.0
517.0
503.6
509.6
513.0
505.8
505.8
511.4
518.0
505.0
497.0
499.8
491.0
493.4
487.0
480.0
483.8
483.4
478.0
496.4
492.4
500.6
500.0
496.4
503.4
498.4
503.0
500.0
494.2
497.0
503.0
497.8
495.0
495.2
498.0
496.8
496.0
499.4
485.0
483.0
482.8
480.0
480.4
482.8
479.8
478.2
479.8
476.0
480.4
480.2
482.8
485.2
482.8
484.2
475.0
488.6
470.6
470.0
466.2
456.0
470.0
472.8
470.0
460.8
480.0
481.2
505.2
486.0
488.2
489.4
506.0
490.0
499.4
492.6
500.0
500.0
500.4
499.6
500.6
500.0
495.4
500.6
500.4
494.2
479.4
480.0
480.8
470.0
470.0
466.0
460.0
459.4
454.2
452.0
452.0
469.0
458.0
458.6
469.6
460.0
457.4
467.2
464.2
466.0
462.0
461.0
460.0
460.0
460.2
458.4
458.0
463.6
489.2
470.0
470.2
482.8
478.0
474.6
470.0
469.0
471.8
476.0
469.4
467.0
467.4
469.8
468.2
466.2
465.2
467.4
484.4
496.0
501.0
502.0
497.2
504.0
495.0
490.2
480.8
477.6
481.8
477.8
490.4
483.8
479.8
510.0
527.0
505.2
495.2
507.6
514.0
513.0
511.0
515.0
514.0
535.0
536.8
539.0
524.0
514.0
509.0
513.6
496.8
501.6
497.2
501.0
505.2
500.8
515.0
506.0
500.0
496.2
508.2
505.0
478.8
482.0
488.4
498.8
496.4
489.6
483.2
500.8
498.2
496.4
497.8
496.2
498.0
499.8
505.2
497.8
503.2
513.0
513.4
509.2
509.8
502.8
514.6
502.2
515.0
491.8
491.0
478.0
468.0
450.6
490.0
481.6
470.6
451.8
451.2
461.0
477.0
464.2
453.0
462.0
469.6
457.0
454.0
452.4
453.0
452.0
455.8
452.8
457.6
452.6
446.4
446.2
451.4
448.4
441.8
429.8
438.0
434.0
432.2
430.0
430.0
430.0
426.0
430.2
430.4
425.0
469.8
465.2
464.4
467.2
446.2
440.4
424.0
405.0
407.0
406.0
406.8
411.8
408.0
408.4
408.8
396.4
416.0
409.8
450.0
453.0
455.0
467.6
463.2
461.0
462.0
462.6
462.8
460.8
459.0
452.6
452.6
454.0
454.4
459.0
456.0
456.0
460.0
459.0
461.0
458.0
456.8
465.4
457.0
458.0
512.8
512.0
512.6
512.8
512.6
513.0
513.0
516.8
519.4
518.0
518.4
519.0
518.8
519.2
521.0
522.4
523.6
523.2
524.0
524.6
524.0
524.4
525.4
525.8
526.0
526.6
527.4
527.6
528.6
528.8
529.6
529.0
529.0
529.0
528.2
528.6
528.2
528.0
528.4
529.0
528.2
528.2
528.6
528.8
528.4
530.2
529.8
529.0
511.2
505.8
512.8
515.0
501.0
494.4
499.8
488.6
482.6
477.8
472.0
466.6
476.8
475.4
473.0
476.6
480.4
480.8
483.6
481.2
485.6
488.0
478.2
480.2
476.0
480.4
479.2
472.8
469.0
462.2
455.0
460.2
450.0
460.8
457.4
467.6
460.6
466.4
463.4
460.6
468.2
464.6
464.0
463.6
462.2
465.8
467.2
469.2
466.0
466.0
467.4
475.0
476.0
496.6
504.4
496.0
493.2
497.4
486.8
491.4
482.0
499.4
504.0
505.0
499.4
501.6
500.8
500.8
503.0
501.2
497.0
497.2
493.2
497.8
500.0
495.6
500.0
498.0
496.4
498.8
496.6
499.4
498.6
496.0
497.2
495.0
492.4
493.8
495.2
492.0
491.2
491.0
488.0
486.6
487.0
488.0
492.2
487.4
497.6
492.8
497.0
497.2
495.0
489.6
483.0
486.4
485.0
487.2
484.0
483.8
486.2
484.8
483.2
485.0
489.4
513.4
500.6
507.2
506.0
505.2
509.6
504.6
504.6
498.4
499.2
512.2
494.6
489.0
487.8
484.2
485.8
486.6
496.0
490.0
488.2
491.6
498.2
489.8
489.2
490.0
492.4
489.0
487.6
491.4
483.0
485.2
480.2
482.4
481.0
480.8
481.0
481.2
479.6
485.6
477.8
470.0
469.4
473.8
467.4
472.6
469.0
466.6
464.2
460.0
459.0
455.4
455.0
451.8
450.0
451.0
454.0
460.0
457.0
455.0
458.0
459.2
455.6
460.0
454.2
454.2
455.2
450.8
450.2
456.2
454.0
456.6
459.2
454.2
459.0
456.4
449.8
455.4
458.8
455.8
460.0
456.8
455.2
454.6
456.4
458.0
471.2
478.0
478.4
470.0
465.8
465.2
465.0
467.2
463.2
460.8
453.8
451.6
457.2
456.8
460.0
465.0
465.6
458.6
458.6
461.6
457.8
455.6
455.0
451.2
449.0
454.2
456.0
456.4
459.0
454.0
453.8
454.0
452.8
443.8
450.8
454.6
454.8
452.8
451.0
450.6
435.0
443.2
442.6
445.2
446.0
447.0
443.8
449.8
444.2
445.0
441.8
439.8
438.4
437.4
437.6
430.4
428.8
429.0
431.8
432.8
435.0
432.8
433.6
433.0
432.6
433.4
429.4
427.2
428.4
431.6
431.0
429.4
427.6
433.4
430.0
431.0
432.0
439.6
441.6
446.6
448.4
445.0
449.8
450.0
440.0
444.6
449.8
446.4
445.4
451.6
445.0
451.0
450.0
450.0
449.0
448.6
454.6
465.2
480.8
487.2
487.4
488.8
498.4
500.2
510.0
510.0
517.8
510.0
510.2
515.0
530.6
532.8
523.8
535.4
520.0
520.0
529.4
541.2
534.4
528.0
530.4
530.0
528.2
528.0
522.6
527.2
526.4
525.8
528.8
528.4
530.2
528.8
525.6
529.0
528.2
510.4
504.2
503.2
499.0
499.8
505.4
519.2
474.6
478.2
477.0
485.0
476.8
473.8
466.0
469.8
467.4
468.8
471.2
470.0
470.0
469.2
469.2
474.4
473.6
474.8
470.0
467.0
461.6
439.2
420.0
440.0
431.4
417.2
417.0
450.0
470.0
461.4
467.6
454.4
450.0
450.4
444.6
455.8
451.0
449.8
454.6
450.4
441.4
441.4
445.0
444.6
438.4
442.8
444.6
438.8
441.6
439.0
440.0
440.0
439.0
440.0
444.6
445.0
452.0
455.0
462.6
470.8
473.6
480.6
490.2
495.8
501.0
522.0
517.6
511.8
515.0
523.4
526.6
521.2
534.0
543.8
535.4
547.8
549.2
531.0
534.4
539.6
555.0
552.0
552.0
565.2
569.2
590.0
613.0
579.6
