close
5.07
4.9995
4.5005
4.3465
4.3775
6.0
5.0
4.58
4.479
4.261
4.32
4.21
4.13
4.06
4.11
4.12
4.12
4.17
4.22
4.22
4.22
4.25
4.25
4.2
4.22
4.19
4.15
4.11
4.1
4.05
4.09
4.1
3.91
4.0
4.0
3.928
3.96
3.93
3.94
3.93
4.06
3.9795
3.99
4.0
4.0
3.8455
3.3305
3.334
4.22
4.2
3.9
3.61
3.5
3.45
3.398
2.8005
2.9
2.96
2.6
2.75
2.74
2.74
2.62
2.7
2.7
2.57
2.7
2.71
2.63
2.67
3.52
3.5
3.15
2.92
2.55
2.68
2.66
2.59
2.6
2.61
2.3
2.33
2.24
2.33
2.26
2.2
2.15
2.17
2.43
2.49
2.56
2.67
2.56
2.5
2.32
2.42
2.37
2.42
2.37
2.36
2.46
2.32
2.35
2.35
2.28
2.33
2.33
2.31
2.32
2.3
2.27
2.29
2.28
2.28
2.22
2.22
2.22
2.2
2.22
2.13
2.52
2.28
2.28
2.38
2.24
2.14
2.15
2.13
2.12
2.11
2.11
2.1
2.12
2.13
2.2
2.21
2.12
2.15
2.24
2.23
2.16
2.22
2.22
2.12
2.18
2.15
2.1
2.93
2.7
2.45
2.51
2.52
2.5
2.49
2.45
2.49
2.5
2.47
2.5
2.5
2.44
2.41
2.5
2.5
2.52
2.52
2.44
2.62
2.6
2.52
2.43
2.72
2.52
2.35
2.33
2.34
2.36
2.33
2.31
2.34
2.35
2.38
2.4
2.4
2.39
2.29
2.3
2.29
2.3
2.28
2.26
2.12
2.17
2.21
2.22
2.01
2.03
2.05
2.03
2.02
2.03
2.03
2.02
2.0
1.9
1.9
2.04
2.03
2.09
1.98
2.02
2.05
2.02
2.06
2.04
2.0
1.98
1.96
1.93
2.0
1.99
1.94
1.94
1.92
1.93
1.94
1.94
1.93
1.94
1.85
1.92
1.93
1.97
1.96
2.0
1.94
1.96
1.96
1.94
1.94
1.92
1.94
1.95
1.95
1.97
1.99
2.08
2.07
2.14
2.14
2.05
2.08
1.99
2.01
2.02
2.03
1.96
1.95
1.98
1.98
1.99
1.97
1.96
1.97
1.93
2.01
1.97
1.96
1.96
1.97
1.97
1.97
1.95
1.95
1.95
1.97
1.97
1.99
1.93
2.0
1.95
1.83
1.86
1.84
1.85
1.85
1.87
1.86
1.81
1.84
1.84
1.81
1.81
1.8
1.82
1.81
1.84
1.85
1.84
1.89
1.9
1.94
1.97
1.97
1.86
1.8
1.8
1.77
1.78
1.81
1.8
1.85
1.85
1.77
1.79
1.79
1.79
1.8
1.75
1.75
1.75
1.76
1.76
1.77
1.74
1.73
1.74
1.74
1.73
1.65
1.66
1.73
1.73
1.75
1.8
1.76
1.75
1.74
1.73
1.71
1.69
1.62
1.64
1.56
1.55
1.55
1.56
1.8
1.91
1.86
1.81
1.79
1.77
1.76
1.77
1.78
1.72
1.71
1.7
1.8
1.82
1.85
1.79
1.77
1.75
1.74
1.74
1.72
1.74
1.73
1.69
1.85
1.76
1.74
1.82
1.8
1.84
1.86
1.8
1.78
1.79
1.76
1.79
1.84
1.7
1.59
1.48
1.59
1.71
1.75
1.7
1.7
1.68
1.71
1.73
1.66
1.6
1.66
1.72
1.71
1.67
1.66
1.66
1.63
1.61
1.57
1.58
1.59
1.51
1.48
1.46
1.62
1.59
1.65
1.51
1.5
1.51
1.51
1.6
1.55
1.65
1.65
1.58
1.53
1.6
1.99
1.78
1.81
1.65
1.69
1.81
1.76
1.87
1.88
1.74
1.67
1.71
1.5
1.65
1.7
1.77
1.72
1.68
1.68
1.65
1.59
1.56
1.58
1.63
1.67
1.63
1.61
1.6
1.6
1.67
1.65
1.65
1.7
1.59
1.61
1.62
1.62
1.66
1.5
1.56
1.74
1.6
1.59
1.59
1.5
1.61
1.59
1.57
1.5
1.56
1.71
1.7
1.63
1.67
1.57
1.58
1.56
1.62
1.63
1.73
1.72
1.58
1.51
1.57
1.58
1.59
1.58
1.51
1.59
1.58
1.51
1.52
1.65
1.57
1.7
1.66
1.58
1.52
1.59
1.54
1.61
1.6
1.58
1.49
1.51
1.5
1.52
1.53
1.5
1.5
1.5
1.55
1.51
1.52
1.5
1.52
1.52
1.52
1.51
1.51
1.54
1.56
1.49
1.51
1.49
1.51
1.52
1.56
1.5
1.51
1.49
1.52
1.5
1.49
1.48
1.48
1.53
1.54
1.49
1.48
1.48
1.54
1.49
1.5
1.49
1.5
1.48
1.49
1.6
1.52
1.51
1.56
1.58
1.52
1.51
1.53
1.52
1.53
1.54
1.53
1.63
1.59
1.68
1.66
1.6
1.67
1.59
1.57
1.58
1.56
1.58
1.7
1.59
1.58
1.59
1.55
1.56
1.55
1.53
1.52
1.54
1.54
1.45
1.41
1.25
1.24
1.24
1.24
1.14
1.13
1.15
1.17
1.26
1.26
1.19
1.17
1.17
1.16
1.14
1.18
1.21
1.16
1.14
1.16
1.17
1.16
1.13
1.12
1.01
1.01
0.98
1.1
1.02
0.94
0.91
0.9
0.87
0.87
0.85
0.85
0.82
0.79
0.77
0.78
0.76
0.75
0.97
0.86
0.87
0.88
0.85
0.85
0.83
0.8
0.83
0.84
0.83
0.83
0.81
0.78
0.79
0.79
0.79
0.77
0.76
0.7
0.72
0.74
0.76
0.73
0.62
0.67
0.67
0.69
0.65
0.62
0.61
0.58
0.59
0.6
0.6
0.63
0.59
0.63
0.63
0.61
0.64
0.65
0.63
0.59
0.6
0.6
0.59
0.61
0.62
0.86
1.2
1.67
2.33
3.25
1.95
1.8
1.8
1.85
1.64
1.61
1.39
1.43
1.33
1.38
1.4
1.45
1.45
1.34
1.29
1.21
1.1
0.97
0.85
1.01
0.98
1.26
1.15
1.02
1.0
0.98
0.89
0.81
0.51
0.61
0.61
0.62
0.63
0.59
0.59
0.62
0.69
0.64
0.78
0.9
0.87
0.79
0.85
0.74
0.78
0.69
0.7
0.68
0.67
0.66
0.67
0.63
0.63
0.74
0.75
0.74
0.75
0.72
0.68
0.71
0.68
0.67
0.64
0.67
0.66
0.63
0.65
0.65
0.64
0.64
0.65
0.65
0.64
0.65
0.64
0.64
0.61
0.6
0.63
0.62
0.64
0.62
0.6
0.59
0.61
0.62
0.63
0.62
0.86
0.86
0.7
0.75
1.04
1.17
1.12
0.94
0.88
0.83
0.85
0.88
0.88
0.88
0.84
0.84
0.87
0.93
1.03
0.97
0.94
0.9
0.89
0.9
0.9
0.89
0.95
0.88
0.88
0.867
0.863
0.87
0.87
0.851
0.869
0.859
0.85
0.835
0.818
0.811
0.813
0.808
0.788
0.785
0.82
0.803
0.783
0.782
0.768
0.775
0.742
0.73
0.719
0.748
0.739
0.888
0.801
0.768
0.73
0.759
0.738
0.717
0.699
0.754
0.731
0.746
0.725
0.715
0.706
0.695
0.707
0.742
0.735
0.818
0.78
0.762
0.767
0.794
0.793
0.805
0.809
0.805
0.792
0.8
0.805
0.82
0.807
0.798
0.788
0.785
0.7
0.698
0.6965
0.688
0.6635
0.6695
0.65
0.645
0.616
0.6015
0.603
0.6
0.6045
0.6105
0.595
0.6185
0.612
0.615
0.6035
0.5915
0.592
0.5925
0.6
0.608
0.6
0.5995
0.5985
0.594
0.5995
0.602
0.609
0.6135
0.613
0.607
0.6295
0.616
0.6005
0.603
0.6035
0.6
0.5935
0.599
0.567
0.542
0.538
0.516
0.509
0.4775
0.466
0.4615
0.46
0.458
0.4535
0.4545
0.456
0.4605
0.4605
0.459
0.453
0.459
0.4605
0.4585
0.4505
0.45
0.4505
0.3945
0.3705
0.3655
0.3655
0.368
0.3375
0.359
0.3405
0.3395
0.343
0.3325
0.335
0.3305
0.307
0.287
0.2915
0.3025
0.29
0.3045
0.3615
0.339
0.324
0.308
0.3145
0.317
0.313
0.307
0.302
0.3015
0.299
0.2925
0.293
0.2985
0.295
0.3315
0.3325
0.324
0.315
0.302
0.31
0.4335
0.4755
