close
73.8
71.2
73.0
72.5
65.01
60.55
62.55
64.5
67.0
65.1
68.78
73.15
72.93
72.45
73.19
73.1
64.9
65.75
67.69
70.59
70.55
72.0
73.44
74.6
76.8
76.32
78.24
80.85
80.31
78.0
79.8
81.05
81.4
80.35
80.0
80.3
82.1
85.12
86.11
83.0
85.1
85.6
84.2
83.61
87.19
84.99
84.69
86.8
87.0
85.01
85.1
84.05
83.9
86.99
88.0
88.0
87.85
89.05
90.7
92.5
99.0
97.5
96.4
96.53
98.35
95.1
94.2
94.5
94.7
95.0
96.6
96.98
95.62
91.93
85.5
85.1
86.6
75.55
75.7
71.35
61.99
65.39
74.47
74.16
70.68
70.14
69.7
68.67
68.0
70.0
69.28
65.7
61.08
59.4
62.99
65.01
69.3
69.5
71.32
72.0
69.4
73.2
74.95
76.22
74.7
73.58
72.7
73.45
76.9
76.92
79.7
79.9
148.92
149.11
152.5
153.0
155.5
156.69
153.5
150.61
151.59
151.18
149.23
147.0
147.75
150.5
149.85
151.41
148.69
148.85
151.6
151.58
147.79
143.15
144.5
143.78
142.75
142.0
139.73
139.7
138.21
137.0
136.46
136.83
135.0
133.32
132.74
133.55
133.09
133.11
132.54
132.0
129.23
129.2
129.99
134.83
138.15
140.15
140.09
140.9
140.32
142.47
147.46
146.41
146.68
146.6
146.16
147.18
143.18
141.45
141.87
140.76
145.85
146.97
147.0
143.52
144.17
146.1
144.58
147.18
145.63
146.39
143.69
143.18
140.73
141.08
141.0
141.96
141.05
141.4
142.04
144.2
144.1
144.2
145.3
147.6
147.9
148.0
146.1
145.1
148.7
149.2
148.8
143.1
146.0
146.1
144.5
143.9
146.2
146.0
147.7
150.3
150.8
151.8
151.7
154.4
153.0
152.0
152.2
154.0
153.5
154.7
152.8
152.5
152.8
153.5
156.0
155.0
157.0
156.7
155.8
156.9
156.4
157.9
157.3
157.5
159.5
159.1
154.0
152.9
156.6
154.2
152.1
147.1
142.4
144.0
141.8
143.1
144.5
144.0
145.9
140.4
141.2
141.5
144.7
143.0
142.0
144.6
148.1
146.6
143.1
143.8
142.9
142.6
144.0
146.7
150.1
154.3
155.5
153.8
151.3
152.5
151.7
152.9
156.9
155.9
156.9
159.2
158.5
160.3
166.0
171.0
176.0
189.0
190.5
181.5
181.1
180.8
175.5
172.4
166.6
166.5
168.4
172.6
171.9
175.1
172.0
172.6
171.2
163.8
161.9
159.6
156.7
157.0
156.1
157.6
159.4
159.7
157.8
155.9
155.6
154.9
155.7
157.7
159.5
158.8
157.6
159.1
160.0
157.8
154.5
153.1
151.5
152.3
149.2
149.7
147.4
147.9
146.8
148.1
146.8
144.2
145.2
145.6
144.5
142.9
145.7
145.3
143.5
142.8
143.3
144.2
139.8
140.6
141.0
141.3
139.7
140.3
140.0
140.1
139.6
141.0
140.0
139.7
137.8
138.0
135.5
134.9
134.5
136.5
138.0
140.7
138.0
139.0
140.0
139.5
140.7
140.5
137.7
136.3
136.2
135.3
135.5
136.6
134.0
136.0
136.4
136.6
135.2
135.2
135.0
134.6
136.6
136.1
138.0
138.1
139.4
141.7
139.8
137.9
138.0
136.2
135.2
134.6
134.3
134.6
135.7
136.6
137.4
136.9
137.4
138.1
137.6
138.0
139.3
140.3
145.1
145.0
146.2
146.0
143.5
142.8
145.8
144.8
142.0
143.0
143.1
145.5
147.6
146.9
146.5
147.4
148.1
147.9
147.7
148.6
150.0
150.4
149.8
150.0
149.5
152.5
148.9
148.6
147.6
145.8
144.7
146.7
145.5
145.0
145.2
145.9
145.0
146.5
148.6
149.3
149.5
150.0
151.4
150.4
151.6
151.9
148.2
147.4
146.2
147.0
145.2
145.8
146.5
146.7
147.0
145.5
145.4
145.7
145.75
146.4
147.0
147.1
145.55
145.2
144.9
144.95
143.3
144.75
146.0
148.45
146.35
146.5
147.95
146.35
147.5
147.55
146.8
147.05
147.35
147.9
148.85
149.7
148.25
147.6
148.5
148.25
148.3
148.5
149.2
150.0
151.35
151.85
149.9
151.0
151.7
154.0
151.25
150.3
153.2
153.95
153.0
154.4
154.55
152.3
149.95
148.75
147.75
144.9
143.3
142.9
143.0
141.55
144.25
143.75
144.5
144.9
145.05
145.75
145.1
145.15
144.85
146.75
147.9
147.0
145.6
145.25
143.9
144.3
145.5
144.8
145.9
146.9
145.25
145.6
145.45
144.2
144.55
146.2
148.45
147.7
146.25
147.75
146.65
148.55
147.5
146.0
145.05
145.55
145.45
146.0
145.5
145.5
145.8
147.5
148.6
148.65
147.85
147.8
148.0
150.5
149.75
149.25
149.6
150.45
149.85
149.0
149.15
150.1
151.5
152.0
152.15
150.3
148.85
152.9
154.85
153.05
153.3
153.95
154.15
152.9
153.2
152.4
152.9
153.1
153.95
154.4
155.6
153.8
153.85
154.6
156.8
155.5
155.9
156.4
155.0
155.0
155.65
156.6
156.15
156.05
157.1
156.4
157.2
159.0
158.85
162.0
161.25
158.75
157.6
154.85
156.15
155.35
152.2
157.95
158.65
159.1
161.8
159.95
158.25
157.0
160.6
161.35
163.2
162.15
163.95
162.3
163.1
162.65
162.35
163.65
162.8
164.3
163.55
162.3
163.0
162.75
164.5
166.3
165.85
164.55
164.6
164.55
165.8
165.6
165.2
165.85
166.3
166.0
165.15
165.0
164.55
164.5
165.0
167.35
168.45
170.3
170.05
170.3
170.6
169.85
173.1
172.65
172.9
173.25
173.05
172.1
171.8
171.4
171.5
171.3
173.8
175.6
174.2
172.9
175.4
175.65
175.7
177.4
175.2
176.45
177.3
178.7
178.4
178.55
178.5
177.45
177.4
176.9
178.45
176.5
175.2
175.75
175.95
177.05
177.25
177.4
177.5
177.3
177.15
177.05
179.8
179.9
180.5
180.95
180.7
182.85
185.55
184.9
184.7
185.4
184.5
184.75
182.1
180.2
182.55
186.4
182.0
179.55
182.0
185.0
186.0
186.8
189.85
190.0
192.75
198.85
196.6
193.25
196.95
199.9
200.3
202.4
204.0
205.0
203.9
209.95
206.85
206.55
206.55
206.1
207.55
208.0
207.85
209.25
208.9
208.05
208.35
207.05
208.6
211.7
214.15
214.0
222.6
232.2
229.1
228.35
228.5
228.7
228.95
230.3
227.3
225.3
226.8
227.45
225.85
225.9
220.9
223.3
224.2
228.0
227.3
226.35
230.7
230.25
231.7
233.95
230.8
232.25
232.15
229.85
229.3
230.15
226.5
230.05
230.25
233.8
232.85
232.0
234.0
233.2
229.85
229.0
224.0
223.15
218.6
216.45
203.8
199.45
197.45
206.5
209.8
204.8
202.0
204.5
202.45
198.65
198.8
199.4
200.5
199.5
198.6
201.3
204.5
203.7
207.95
207.35
208.05
210.65
207.3
204.35
202.6
200.65
199.9
201.5
205.7
206.3
203.5
200.85
200.45
199.4
200.0
200.15
197.9
200.35
202.0
200.85
199.7
199.25
198.9
197.0
196.55
196.4
192.7
192.8
193.4
193.55
195.35
196.2
197.8
201.4
199.95
198.1
202.45
202.0
198.0
196.0
198.95
200.25
198.4
196.05
196.45
194.3
190.4
187.0
186.65
188.4
189.25
192.0
192.4
184.9
182.85
184.85
183.9
183.45
181.15
181.1
182.25
183.3
186.3
187.2
186.7
187.6
190.65
186.3
189.95
190.9
191.75
194.5
198.0
197.15
193.55
194.3
197.45
198.1
197.55
199.6
202.4
203.5
203.15
203.0
206.0
207.6
206.0
207.15
206.0
205.55
204.5
206.3
205.8
208.9
210.2
209.8
205.45
203.5
206.65
207.1
206.5
208.0
207.55
207.95
205.6
206.25
207.5
210.3
216.0
224.05
223.1
224.15
221.75
222.3
225.4
224.35
223.2
222.2
218.8
218.7
223.2
226.0
229.0
227.0
225.35
226.35
225.75
227.7
227.0
227.55
226.8
226.85
225.95
227.05
235.0
233.15
234.7
235.0
234.7
231.15
236.4
231.75
233.65
234.95
235.95
245.0
247.05
246.0
250.6
262.5
256.85
260.1
256.9
259.9
257.9
256.7
255.2
258.05
257.0
261.5
259.6
259.2
262.45
263.3
260.5
255.85
251.0
253.85
253.4
252.95
250.35
249.55
245.35
251.45
253.9
252.5
252.0
251.0
251.0
248.0
244.65
243.8
245.55
249.0
249.65
249.95
245.5
244.1
242.5
243.7
244.2
249.1
253.0
255.7
259.9
258.55
259.1
262.05
269.95
266.45
268.5
269.35
269.0
277.9
276.7
279.6
280.1
279.1
281.2
283.7
281.2
274.0
281.9
286.2
280.15
281.45
282.3
280.0
283.95
278.05
282.3
281.6
281.95
283.05
284.65
286.9
283.9
294.8
291.45
291.85
294.65
291.85
292.75
290.05
288.0
286.7
284.5
289.05
290.35
292.45
292.9
290.0
288.0
288.45
296.95
295.25
295.1
295.85
299.15
298.9
303.35
314.0
312.05
297.4
296.25
288.8
296.75
296.7
302.1
306.5
310.1
302.35
301.1
304.3
299.85
297.0
302.3
305.0
306.0
308.2
309.0
304.1
307.85
315.5
313.7
313.65
332.45
325.1
326.15
329.85
323.0
325.0
327.45
332.45
333.1
332.25
331.0
331.2
329.9
328.95
321.9
318.0
321.7
326.0
326.0
327.2
326.1
327.3
329.75
322.95
320.0
323.55
322.0
320.0
315.1
314.75
312.4
308.95
309.2
311.0
313.6
324.0
323.9
327.8
334.4
335.0
335.0
339.2
340.3
338.45
339.2
340.1
338.95
338.9
342.1
338.65
337.75
340.9
334.7
330.35
329.7
328.9
325.2
328.2
333.5
328.6
327.0
328.3
329.2
316.0
329.4
330.6
331.6
330.3
332.2
342.8
336.3
336.3
335.0
334.3
330.1
330.3
338.5
335.5
341.2
338.8
335.8
339.9
337.2
332.5
331.3
327.8
334.1
324.3
323.0
323.1
328.7
331.8
332.2
333.4
334.7
335.0
343.4
348.8
356.0
358.2
370.7
368.6
367.0
377.6
383.8
385.5
384.9
395.4
390.8
377.7
386.5
394.2
395.6
383.7
372.0
366.0
367.3
365.1
379.0
372.1
369.8
373.3
378.5
385.0
386.5
387.0
386.0
386.0
389.5
377.0
377.0
375.0
372.2
373.5
377.0
370.6
361.8
363.9
362.8
351.0
345.5
357.6
364.1
359.1
363.2
378.2
385.0
382.1
380.0
382.0
371.0
366.7
365.6
363.8
362.8
363.1
354.2
350.7
350.0
353.0
355.4
351.5
359.5
344.0
344.1
346.7
345.8
348.5
348.8
352.0
354.8
357.7
355.7
355.4
351.0
345.0
346.0
344.0
344.2
349.3
344.9
343.0
340.6
340.6
345.5
342.0
345.45
345.15
345.7
345.7
341.95
341.2
341.2
341.0
339.0
343.0
343.4
343.15
337.75
336.8
335.45
335.9
334.85
331.25
327.6
327.9
331.0
334.0
332.0
332.0
329.9
325.0
323.15
322.5
318.5
313.8
318.95
323.7
327.75
332.55
324.1
322.55
322.85
322.45
319.65
324.25
324.65
325.75
325.85
324.0
325.75
336.75
340.7
345.65
338.5
345.2
346.8
348.35
349.45
348.4
348.7
354.0
361.45
360.0
365.0
363.8
362.9
360.0
361.7
362.7
359.3
356.9
355.05
349.8
345.25
350.0
348.0
351.8
349.95
351.7
367.0
380.0
376.0
375.0
374.7
368.0
370.5
374.0
372.6
370.4
367.0
368.3
369.5
369.45
368.1
379.0
392.3
398.0
400.1
402.2
403.35
402.0
404.9
402.1
399.05
401.65
403.9
400.95
403.4
411.0
412.05
412.1
414.0
409.9
413.3
416.25
414.9
411.0
412.9
409.95
408.0
403.25
402.0
402.6
404.65
408.45
411.55
415.0
415.15
418.1
426.55
435.95
424.4
418.15
421.2
422.0
422.0
422.5
425.35
422.6
422.55
419.2
414.0
415.65
416.5
420.2
414.2
418.7
419.6
417.4
417.0
418.2
412.5
414.5
407.4
408.7
413.8
409.9
410.2
411.0
413.4
416.5
413.95
427.3
423.0
419.1
415.3
416.1
415.05
418.1
418.0
421.0
423.0
423.75
423.1
418.75
415.6
413.65
417.5
414.9
416.8
419.0
422.0
425.9
424.9
428.2
418.0
415.0
414.3
415.2
415.0
416.65
417.45
417.45
416.85
413.45
415.0
416.6
420.9
421.8
421.55
420.0
423.0
422.1
419.35
417.0
420.8
423.0
425.1
423.35
424.75
424.9
426.2
424.2
422.0
417.1
418.6
421.0
415.0
416.7
416.6
418.5
419.1
417.2
421.0
422.5
421.85
423.5
423.4
423.3
424.1
422.95
422.0
418.8
420.0
420.85
421.8
420.15
425.7
426.65
432.0
432.55
446.6
465.1
457.6
458.65
465.45
467.75
470.0
463.0
456.25
450.0
454.0
444.0
455.15
457.4
454.15
446.45
442.8
445.75
455.25
450.15
444.5
440.0
455.0
465.0
460.8
459.1
458.7
451.05
454.7
459.0
456.8
442.5
439.3
430.6
395.85
398.7
407.15
404.55
401.6
375.05
324.0
317.75
285.9
286.6
264.0
252.0
240.0
269.0
281.4
265.5
280.0
291.5
297.7
290.0
287.05
305.0
300.7
315.5
333.1
339.4
336.8
338.9
341.65
337.0
332.1
325.0
308.2
304.0
310.1
310.0
303.95
316.0
319.2
314.35
316.0
321.95
330.35
335.45
329.55
334.15
331.05
329.85
331.9
328.3
322.3
316.65
320.2
329.95
328.05
333.3
328.75
327.45
332.85
334.0
334.0
336.0
333.0
337.5
345.0
352.4
345.0
351.75
358.0
358.2
357.5
348.8
350.85
355.5
354.05
351.9
355.3
354.9
354.1
338.85
337.0
335.55
332.55
333.2
334.0
334.8
330.55
327.9
322.65
324.6
325.0
321.35
317.1
316.65
317.15
317.5
318.0
321.8
322.85
323.3
323.1
324.85
325.5
320.5
320.8
318.75
319.1
322.8
320.5
321.3
322.3
325.0
328.75
331.0
329.7
327.45
326.55
325.5
319.55
319.1
320.15
319.5
320.7
320.0
317.55
317.95
317.95
313.25
313.35
314.0
313.4
305.3
304.4
306.05
307.15
310.35
316.6
314.5
305.7
304.95
295.6
295.4
292.35
289.65
292.2
298.5
293.6
294.85
293.0
289.2
291.7
297.0
288.25
283.05
286.05
286.3
283.95
282.25
278.1
276.55
273.5
277.05
278.9
283.2
284.65
280.85
277.0
272.5
273.0
273.45
274.0
284.0
289.0
288.1
299.0
302.8
308.6
307.25
308.9
314.7
311.55
316.0
314.6
315.35
316.6
320.0
325.5
322.5
322.45
315.8
323.2
323.55
319.45
322.8
323.5
322.15
322.35
324.55
328.0
325.5
326.45
327.8
328.0
324.4
312.8
315.75
318.05
319.1
319.0
316.9
317.15
316.95
322.75
323.9
326.7
337.0
334.3
334.3
333.75
342.1
341.35
339.8
337.3
338.7
332.3
323.5
325.2
325.85
322.0
322.2
315.7
315.0
320.75
318.5
325.85
334.95
343.1
339.5
333.0
331.3
339.0
344.2
346.6
347.65
338.1
338.2
340.0
340.35
344.0
348.95
339.0
343.8
346.7
343.95
346.9
359.3
377.0
372.4
378.35
381.5
384.5
382.8
373.5
369.3
369.15
372.25
367.5
370.45
365.2
371.0
372.15
377.2
370.0
368.15
371.65
371.85
365.55
362.5
364.0
355.2
357.0
354.05
359.0
354.0
358.0
352.85
354.5
361.55
358.0
364.45
365.5
363.0
356.9
363.25
361.2
365.0
368.6
370.5
374.25
373.05
367.2
370.5
370.0
373.1
373.2
377.0
366.3
365.7
373.5
378.0
377.45
382.55
379.35
379.05
383.35
393.05
399.9
406.65
412.3
415.05
406.55
409.0
410.25
410.0
415.0
416.1
424.0
425.7
420.8
422.3
435.75
435.5
430.65
430.05
430.0
424.75
434.0
442.9
447.1
443.9
449.9
450.0
440.05
440.0
435.05
436.0
439.5
433.9
428.4
414.75
421.45
420.25
423.0
421.8
421.0
422.7
426.2
428.45
425.35
422.35
426.0
424.45
421.65
427.4
421.15
425.7
429.8
429.55
426.65
428.8
426.5
427.2
415.8
417.8
425.5
423.9
428.05
420.7
425.45
429.45
426.1
430.0
431.7
438.1
437.2
430.65
430.3
430.7
427.3
436.4
440.0
458.1
452.15
454.5
446.15
446.95
455.75
462.5
463.5
473.25
477.55
481.3
473.0
477.0
496.6
522.45
510.45
515.0
514.0
515.95
513.6
508.5
505.95
519.0
525.0
516.25
520.5
518.75
513.8
518.5
519.15
514.7
513.1
505.0
510.1
503.05
490.85
498.3
502.85
492.0
501.5
501.35
500.0
515.1
519.15
525.65
518.85
501.1
491.5
509.5
505.45
503.95
491.9
500.25
498.0
515.0
518.25
526.0
522.95
525.5
522.8
523.2
518.9
512.1
509.0
520.0
535.85
534.4
535.4
543.9
545.95
551.5
562.0
526.25
540.7
539.0
544.8
536.5
545.05
540.5
537.9
534.5
537.05
540.35
535.3
526.25
522.7
503.0
499.95
510.0
501.6
477.6
480.15
487.7
506.9
505.8
500.25
510.8
512.05
502.0
500.5
507.65
515.6
520.9
532.3
531.3
504.85
521.15
525.15
511.0
505.35
453.15
477.4
350.0
400.45
389.0
398.0
422.0
447.9
431.7
434.0
412.55
430.05
430.1
437.3
424.0
428.1
425.0
404.55
423.95
403.1
384.8
401.75
384.7
388.65
379.45
399.6
402.5
408.8
417.0
408.9
408.0
394.7
396.9
383.05
380.0
394.75
398.05
430.0
418.0
407.0
399.5
395.45
397.7
401.65
414.55
420.2
419.45
411.7
410.1
412.0
409.7
408.7
430.0
432.1
427.5
434.65
431.2
443.0
444.0
452.5
444.05
426.25
416.0
419.75
426.9
414.5
411.05
399.35
