close
26.942
27.394
27.559
27.351
27.792
28.184
27.248
27.186
27.275
27.8
26.717
26.5
26.6
26.436
26.673
27.484
27.26
26.595
27.0
26.791
26.99
26.652
26.9
26.38
26.022
25.965
25.59
24.811
24.555
24.851
24.92
24.882
24.86
24.586
24.821
24.792
24.86
25.511
26.435
25.365
25.108
25.072
25.269
25.57
25.466
25.952
26.394
26.07
26.02
26.54
26.8
27.149
26.647
26.66
26.591
26.64
26.2
25.525
25.601
25.995
26.323
26.775
26.766
26.526
26.811
27.06
26.94
26.95
27.044
27.38
27.35
27.31
27.136
26.8
27.263
27.459
26.93
26.977
26.384
26.04
26.055
25.48
26.01
26.55
26.55
26.01
26.1
25.75
26.475
26.64
26.4
26.2
26.965
26.55
26.47
26.0
25.995
26.215
26.69
26.845
27.4
27.48
28.795
28.23
28.475
28.195
27.765
28.64
28.815
28.815
28.305
28.95
29.005
29.165
29.885
30.06
29.7
29.545
29.44
29.435
28.755
29.2
30.285
30.79
31.27
30.8
29.85
28.895
28.62
28.31
27.22
26.45
25.1
24.62
23.54
24.66
24.42
24.785
24.62
24.5
24.025
24.3
24.52
23.52
24.24
25.015
26.265
25.65
25.45
25.6
25.835
25.99
26.15
26.3
26.6
28.38
29.95
29.475
28.555
30.34
29.1
29.13
31.1
31.7
32.99
32.2
34.095
35.5
35.85
36.6
36.8
36.5
36.6
35.535
35.185
35.1
34.85
34.335
34.2
33.58
34.715
34.2
36.5
36.82
35.9
35.9
35.085
33.75
34.1
34.4
33.985
33.03
33.45
34.105
34.5
35.225
34.595
35.845
36.355
34.73
35.1
35.69
35.1
35.99
37.0
36.69
37.33
37.39
36.7
36.835
35.99
36.8
36.95
37.25
39.0
37.5
37.395
37.205
36.46
35.6
36.8
36.21
36.4
36.505
38.4
38.39
37.35
36.5
36.45
35.44
35.125
35.0
35.94
35.35
34.395
33.35
35.0
34.6
33.85
33.5
32.8
32.61
31.0
31.885
31.9
31.505
31.965
31.9
31.31
31.6
31.6
31.7
32.48
33.505
33.33
33.3
33.885
34.72
33.9
34.225
33.44
33.5
33.315
33.1
32.65
32.77
32.67
32.75
32.035
30.79
31.225
30.88
32.3
31.305
31.94
33.28
32.66
32.04
32.65
31.925
31.725
31.05
31.5
32.1
32.55
32.935
33.995
34.22
34.035
34.135
34.05
33.905
34.5
34.585
34.56
34.98
35.3
35.5
34.92
33.98
34.295
33.06
31.745
33.16
33.1
34.15
34.825
34.295
33.75
33.6
34.03
34.1
34.08
34.45
34.675
35.1
35.24
35.47
34.93
35.6
34.95
34.2
34.145
33.87
33.15
32.695
33.675
32.975
33.3
33.5
33.5
33.3
35.0
35.4
35.055
35.295
36.105
35.195
35.875
35.27
35.5
35.48
36.05
36.29
35.85
35.88
36.03
35.14
35.5
35.76
35.15
35.785
35.65
35.95
35.9
35.575
35.32
35.26
34.795
35.15
34.915
34.595
34.9
35.62
35.31
34.905
36.34
35.25
35.805
35.7
34.75
33.5
34.0
34.21
34.9
34.155
34.255
33.92
34.3
34.295
34.03
33.795
34.27
34.695
35.4
34.25
33.86
34.175
34.0
33.945
33.915
33.675
34.55
33.975
34.05
34.185
34.005
33.2
34.1
33.97
34.0
32.465
33.68
33.78
33.22
34.485
35.2
35.385
35.215
36.2
37.2
36.565
36.71
37.35
36.495
38.12
37.7
36.73
36.585
36.76
36.595
37.19
37.975
37.63
37.94
38.65
38.575
38.23
39.35
38.9
38.49
39.29
39.3
39.45
39.205
39.92
40.075
40.645
40.425
40.64
40.3
40.245
39.36
39.685
39.795
38.815
38.9
39.8
39.23
38.85
38.755
38.45
38.465
39.3
39.71
39.645
39.525
38.925
38.65
37.845
37.6
37.8
37.18
37.74
37.11
36.86
36.095
35.81
35.56
35.93
36.395
36.2
35.9
35.81
35.82
34.1
33.73
33.46
32.875
33.0
33.98
33.57
33.43
33.42
33.52
34.155
33.82
33.65
33.255
33.36
33.555
33.53
33.8
33.8
33.805
33.35
32.91
33.02
33.69
34.095
34.14
33.25
32.82
33.935
33.86
33.95
33.6
33.815
33.74
33.2
33.435
33.695
32.9
32.895
33.24
33.205
32.96
33.045
32.9
32.14
31.95
32.0
32.32
32.39
32.345
32.96
32.95
32.66
31.7
31.61
31.96
32.225
31.98
31.61
31.855
31.74
31.205
30.74
30.235
30.295
30.6
30.64
30.595
30.97
30.4
30.6
30.65
30.51
30.51
30.62
30.53
30.37
30.6
30.375
30.26
29.525
30.285
30.6
30.5
31.19
31.345
31.12
31.06
31.22
30.995
31.33
31.3
31.46
31.425
31.385
31.485
30.79
30.64
30.8
31.1
31.12
30.905
30.645
30.1
30.335
30.59
30.71
29.96
29.28
29.175
29.355
29.38
29.5
29.15
29.1
28.945
28.925
28.23
27.955
27.75
27.395
27.435
27.08
27.1
27.295
27.12
27.235
27.015
27.445
28.6
28.5
28.23
28.685
29.5
29.5
29.5
29.665
29.505
29.415
29.52
29.595
29.43
29.18
29.19
29.025
29.1
29.125
29.905
29.97
30.065
29.635
30.115
30.45
30.35
31.0
30.905
30.2
30.57
30.5
30.88
31.0
31.02
30.87
30.48
29.885
30.03
29.775
30.02
30.005
30.965
30.95
31.93
31.8
31.595
31.69
31.3
31.315
31.3
31.36
31.41
31.355
31.205
31.12
31.425
31.7
31.235
31.38
31.79
32.695
32.525
32.23
32.35
32.3
31.975
32.665
32.57
32.75
32.675
32.525
32.19
31.83
31.995
31.995
32.195
31.61
31.545
31.415
30.53
30.64
29.715
29.395
29.875
29.66
29.61
29.64
29.2
29.195
28.2
28.35
28.655
28.435
28.65
28.935
29.47
29.655
30.075
29.55
29.425
29.0
29.5
29.53
29.37
29.45
29.18
29.535
29.7
30.0
29.66
28.5
28.235
27.32
27.365
26.785
27.21
26.965
26.54
26.49
26.675
27.135
27.64
28.56
28.13
27.91
28.105
28.505
28.615
28.46
29.2
28.7
28.5
28.22
28.075
28.25
27.84
27.25
26.9
27.81
27.695
29.36
29.705
30.99
31.18
30.28
27.15
26.62
26.985
26.815
26.36
26.195
26.23
25.795
25.2
24.81
24.89
24.85
25.785
25.5
25.67
25.71
25.115
25.76
25.965
25.78
25.67
26.18
26.55
26.705
26.735
26.4
26.22
26.4
26.755
27.05
26.67
26.85
26.41
26.93
26.7
26.465
26.92
26.49
26.42
26.3
26.15
26.62
27.57
27.56
27.62
27.07
27.2
27.5
27.16
27.05
26.325
26.215
26.535
26.315
26.59
26.39
26.34
26.48
26.74
26.895
26.68
26.6
26.46
26.665
27.0
27.25
27.285
27.6
27.715
27.025
27.77
28.02
28.04
27.9
27.9
28.15
28.26
28.495
28.83
28.88
28.725
29.18
29.01
29.44
29.47
29.5
29.49
29.24
29.3
29.38
29.54
29.52
29.55
29.795
29.9
29.785
29.805
29.6
29.5
29.33
29.52
29.4
29.27
29.11
28.8
29.375
29.6
29.175
29.77
29.195
29.315
30.11
30.6
30.605
29.9
29.78
30.225
29.155
28.995
29.085
29.33
29.41
29.155
29.15
29.37
28.95
29.155
28.185
27.5
27.705
27.405
27.33
27.99
27.67
27.7
28.895
29.01
29.095
29.3
28.915
28.815
28.4
28.035
28.185
28.235
27.755
27.505
27.66
28.09
27.89
27.905
28.175
28.22
28.32
28.475
28.4
28.8
28.845
29.245
29.945
30.47
30.2
30.3
30.1
30.4
30.8
30.38
30.665
30.3
28.74
29.26
28.955
29.55
28.605
29.415
28.87
28.315
28.23
28.45
28.24
28.265
28.505
28.48
28.415
29.12
29.2
29.485
29.13
28.715
28.52
28.22
28.645
28.625
28.3
28.63
29.15
29.365
29.17
29.18
29.41
29.055
29.175
29.13
28.805
28.885
28.1
28.3
28.45
28.665
28.37
28.5
28.33
28.51
28.94
28.94
28.16
29.095
29.25
29.69
29.095
29.17
29.12
29.54
29.345
29.36
29.09
29.25
29.115
29.85
29.695
29.55
29.44
29.32
29.235
29.405
29.305
29.58
29.39
29.685
30.0
29.76
29.81
29.705
29.7
29.535
29.745
29.42
29.165
29.135
28.875
28.4
28.48
28.63
28.86
29.275
29.02
28.795
29.295
28.36
28.535
28.685
28.895
29.05
28.26
28.375
28.71
29.295
28.85
28.435
28.3
28.39
28.39
28.255
28.48
28.645
28.105
28.085
28.42
28.47
29.0
29.295
28.945
28.445
28.9
29.0
28.595
28.525
28.595
28.465
28.365
28.23
28.35
28.5
28.65
28.965
28.99
29.175
28.82
29.205
29.03
28.98
28.905
29.0
28.92
28.535
28.77
28.35
28.0
27.705
27.885
27.885
28.295
28.12
28.31
28.165
28.195
28.725
28.4
28.74
28.75
28.62
28.0
27.805
27.7
27.75
27.925
27.82
27.67
27.505
27.645
27.615
27.555
27.62
27.095
27.295
27.305
27.51
28.145
27.425
27.8
27.55
27.825
27.395
27.275
27.47
27.215
26.97
26.875
27.12
27.105
27.18
27.175
27.28
27.4
27.03
26.735
26.59
26.51
26.38
26.475
26.11
26.57
26.5
26.685
27.03
27.305
27.225
27.365
26.94
26.93
27.05
27.19
27.3
27.14
26.945
27.155
27.285
27.2
26.76
26.715
26.9
27.21
27.35
27.83
28.115
28.3
28.35
28.315
28.005
27.91
27.945
28.1
28.0
28.1
27.93
27.885
27.4
26.845
26.5
26.5
26.655
26.4
26.8
26.88
26.785
27.045
27.01
27.07
27.435
27.63
27.975
28.165
27.91
27.8
28.025
27.865
27.93
27.89
27.315
27.535
27.355
27.435
27.445
27.355
27.415
27.4
27.475
27.32
27.05
26.845
26.7
26.81
26.26
26.48
26.83
26.485
26.375
26.75
26.435
26.475
26.4
26.24
26.07
25.69
25.56
25.4
25.385
25.39
25.2
24.73
24.61
24.215
24.16
24.2
24.75
25.0
24.88
24.895
24.525
24.535
24.58
24.595
24.6
24.875
25.305
25.12
25.23
25.475
25.365
25.5
25.54
25.3
25.2
25.31
24.89
25.05
25.14
25.08
25.075
25.05
24.72
24.605
24.81
24.825
24.71
24.565
24.555
24.985
24.91
24.915
24.6
24.2
24.14
24.15
24.14
24.18
24.105
24.15
24.26
24.2
24.18
24.365
24.37
24.46
24.73
24.99
24.94
25.115
25.07
25.205
25.26
25.2
25.08
25.39
25.08
25.175
25.15
25.28
25.41
25.94
25.825
26.0
25.92
26.285
26.32
26.34
26.37
26.735
26.8
26.85
26.8
26.92
27.2
27.145
26.705
26.79
26.57
26.83
26.405
26.265
26.385
25.995
26.63
26.63
26.6
26.105
26.725
26.91
27.06
27.08
26.81
26.335
26.0
26.07
26.1
26.245
26.645
26.595
26.1
25.8
25.8
25.875
26.055
25.845
25.55
25.625
25.515
26.095
26.275
26.54
27.45
30.825
35.5
35.395
33.65
33.45
33.06
33.59
36.0
36.395
37.38
37.7
36.455
35.505
35.7
35.495
35.6
34.95
34.545
34.715
34.835
35.4
35.995
35.05
35.585
35.225
36.0
36.09
36.435
36.54
36.725
36.25
35.96
36.725
36.2
36.17
36.04
36.725
40.17
43.55
46.58
44.6
44.55
43.4
43.0
46.255
46.115
46.22
47.29
46.655
48.545
47.935
47.79
47.3
46.45
46.33
46.8
46.47
45.875
46.73
46.185
45.0
44.51
43.645
44.1
43.27
42.54
43.7
43.2
43.345
43.93
43.39
45.035
48.2
47.505
48.025
48.305
48.42
48.15
48.115
51.655
52.2
51.205
51.15
50.855
50.47
51.375
52.2
52.0
53.645
54.0
53.805
53.9
53.09
53.07
53.775
54.17
52.04
49.5
47.8
48.08
46.5
47.395
47.935
47.9
46.045
44.455
46.705
46.875
46.965
46.125
46.22
47.725
49.0
48.31
48.32
48.625
46.695
47.46
47.39
46.755
44.805
44.0
39.6
38.435
38.815
39.05
38.455
37.76
35.68
30.835
31.245
29.4
27.5
26.045
26.33
24.835
27.0
26.86
26.095
28.25
29.665
32.25
30.925
31.7
33.9
35.0
35.67
36.385
37.25
37.2
36.875
37.52
37.08
36.01
35.65
33.75
34.295
34.36
33.995
33.55
35.67
35.885
35.125
35.0
36.8
37.435
37.115
36.41
36.845
35.72
36.54
37.2
37.16
36.445
39.28
40.145
40.6
40.04
40.795
39.0
39.8
41.825
41.7
40.685
40.5
39.61
39.95
40.225
39.995
39.99
40.335
40.305
40.715
41.1
39.98
39.375
39.965
39.205
38.41
39.095
39.22
39.75
39.135
38.3
38.535
38.415
38.76
38.515
38.93
39.7
39.16
38.62
38.59
37.905
37.45
37.27
36.9
36.845
37.225
37.585
37.64
37.2
38.2
37.855
37.145
37.39
37.225
37.25
37.06
36.795
37.385
37.275
37.18
37.42
37.64
38.59
38.71
38.44
38.385
37.905
38.075
37.3
37.035
37.595
37.25
38.48
37.77
37.2
36.705
36.85
35.915
35.5
35.29
35.24
34.515
35.03
34.67
35.09
36.12
36.84
36.515
36.505
36.27
35.38
35.555
34.86
34.97
34.765
35.07
35.375
34.685
35.285
35.225
35.915
35.845
35.26
35.26
34.585
34.595
34.21
34.315
33.8
33.845
34.01
34.115
33.675
33.705
34.0
34.0
34.045
32.4
33.415
32.92
34.01
34.305
35.78
35.54
36.8
36.72
36.575
35.85
35.785
37.77
37.015
36.93
36.735
36.44
36.99
37.07
37.475
36.955
36.875
35.505
35.435
35.6
35.285
35.4
35.115
34.67
34.755
35.5
35.5
35.56
35.155
35.2
35.06
35.09
34.46
34.84
34.97
34.955
35.06
35.26
35.69
35.985
36.11
36.75
36.745
37.705
37.605
37.635
37.285
37.52
36.495
36.205
36.045
35.925
34.885
35.02
35.055
34.925
34.27
34.27
33.47
33.99
34.115
34.18
33.905
33.87
34.5
34.115
33.795
33.675
33.72
34.05
33.935
34.195
33.495
33.83
33.825
33.83
33.805
33.59
32.5
32.59
33.325
33.585
33.495
34.98
36.075
35.47
35.715
36.325
36.095
35.925
34.875
34.04
34.265
34.285
34.165
34.24
34.21
35.25
34.885
34.585
34.53
36.07
37.05
35.87
34.9
34.96
34.59
34.31
34.6
34.605
35.125
35.41
35.39
34.995
35.235
35.22
35.305
35.4
35.155
35.09
34.575
34.41
34.11
34.475
35.78
35.315
35.475
35.4
35.63
35.595
35.585
35.67
36.94
36.355
36.815
35.98
35.675
35.74
35.19
35.65
35.935
36.14
36.255
36.4
36.44
36.52
36.445
36.485
36.41
36.32
36.225
36.38
37.27
38.37
38.055
38.025
37.74
37.885
38.145
37.65
38.045
37.57
37.22
36.245
36.635
36.715
36.53
36.885
36.79
36.6
35.765
35.56
35.495
35.42
35.135
34.2
33.805
32.8
32.59
32.735
32.65
32.615
32.5
32.54
32.91
33.49
32.465
32.61
32.6
33.67
33.44
33.4
33.605
33.46
33.76
33.93
33.56
33.535
33.925
33.875
33.7
33.255
33.79
33.73
33.625
33.175
33.43
33.545
33.68
33.93
33.905
33.745
33.635
33.575
33.62
33.03
33.075
33.425
33.03
33.3
33.225
32.88
32.35
32.49
32.835
32.895
32.995
33.535
34.25
35.465
36.74
36.355
36.375
37.22
36.84
36.5
36.43
36.74
36.72
36.85
37.04
37.36
36.915
37.485
37.48
36.695
36.18
36.455
36.165
36.225
34.725
34.015
34.31
33.85
33.62
33.53
34.38
33.9
33.78
40.255
46.87
43.55
45.22
44.185
41.305
41.25
39.745
39.79
41.065
40.37
38.235
38.595
36.42
37.02
39.11
38.33
38.81
39.47
38.625
38.97
38.34
36.6
36.77
40.6
39.7
39.275
38.66
38.955
38.94
38.75
38.41
38.545
39.265
39.5
39.91
39.6
40.175
38.75
39.125
39.29
40.315
40.83
38.435
38.39
38.01
36.58
36.39
36.2
35.595
34.595
35.0
34.24
35.375
35.735
36.53
35.945
35.81
35.65
36.1
36.015
36.68
36.54
36.42
34.775
34.9
36.09
35.695
35.0
33.835
28.7
29.85
21.2
22.42
23.8
23.3
22.2
21.4
22.44
24.7
26.5
28.0
26.19
26.1
26.1
25.76
25.66
25.56
26.19
24.825
24.62
23.91
22.99
23.2
23.0
22.69
21.89
23.225
23.785
23.355
23.69
23.055
23.3
23.92
23.56
22.55
22.13
22.5
23.0
23.4
23.695
23.0
22.095
22.3
22.49
23.22
23.02
23.005
22.265
22.2
22.0
21.605
21.475
21.735
22.1
21.93
22.1
21.795
21.815
23.025
22.695
23.045
22.61
22.51
22.52
22.495
22.88
26.85
24.9
24.0
