close
0.0949
0.0913
0.095
0.092
0.092
0.0933
0.0929
0.0931
0.0949
0.0943
0.0929
0.0949
0.0934
0.0939
0.0949
0.0949
0.0913
0.0931
0.0929
0.0916
0.0957
0.0942
0.095
0.0945
0.0936
0.0946
0.0935
0.093
0.0932
0.0931
0.095
0.0906
0.0936
0.0927
0.0933
0.0939
0.0977
0.0958
0.0973
0.0997
0.0995
0.099
0.0959
0.1048
0.0978
0.0975
0.0978
0.0966
0.096
0.0962
0.0965
0.0951
0.0978
0.095
0.097
0.0966
0.0948
0.0973
0.0951
0.0964
0.0968
0.0962
0.0964
0.097
0.097
0.096
0.095
0.0969
0.0972
0.097
0.0979
0.0989
0.0988
0.0986
0.0992
0.0963
0.0991
0.0988
0.0979
0.0991
0.0992
0.0997
0.0989
0.0994
0.0988
0.0989
0.101
0.1022
0.1039
0.104
0.1036
0.1048
0.1047
0.105
0.1049
0.105
0.1029
0.1035
0.1047
0.0999
0.1032
0.102
0.0998
0.0994
0.0991
0.0994
0.0995
0.099
0.0992
0.0998
0.0993
0.0992
0.0992
0.104
0.0999
0.1019
0.0998
0.1
0.0997
0.0986
0.099
0.099
0.098
0.0987
0.098
0.0985
0.0988
0.099
0.0989
0.0985
0.0998
0.0995
0.0994
0.099
0.0999
0.0998
0.0991
0.0999
0.0996
0.0992
0.0996
0.1
0.1005
0.101
0.101
0.101
0.1025
0.1005
0.1004
0.1007
0.0995
0.102
0.1008
0.102
0.102
0.1009
0.1007
0.101
0.1
0.1
0.1029
0.1002
0.1001
0.102
0.103
0.1042
0.1032
0.1429
0.14
0.138
0.1356
0.137
0.1388
0.137
0.138
0.1381
0.1399
0.179
0.17
0.1648
0.164
0.1594
0.155
0.1682
0.165
0.1629
0.151
0.1503
0.1568
0.1521
0.1619
0.153
0.1557
0.1513
0.151
0.1587
0.1663
0.1677
0.1703
0.21
0.2188
0.2024
0.2033
0.2063
0.1999
0.202
0.206
0.2001
0.2031
0.2005
0.214
0.2296
0.2165
0.2194
0.2195
0.222
0.2233
0.225
0.23
0.2275
0.2265
0.2297
0.23
0.2321
0.2331
0.2266
0.22
0.2199
0.1895
0.19
0.1782
0.1785
0.1834
0.1903
0.1897
0.1861
0.1881
0.1898
0.1888
0.1815
0.182
0.18
0.18
0.1799
0.177
0.1799
0.18
0.18
0.18
0.175
0.174
0.174
0.174
0.175
0.175
0.18
0.19
0.195
0.1945
0.207
0.21
0.2015
0.209
0.2015
0.199
0.2
0.2
0.2095
0.209
0.2105
0.2165
0.219
0.2205
0.2435
0.264
0.267
0.26
0.276
0.3485
0.3835
0.3375
0.32
0.3
0.2655
0.285
0.259
0.253
0.28
0.261
0.2545
0.255
0.254
0.255
0.254
0.2425
0.249
0.25
0.2495
0.2475
0.2465
0.247
0.248
0.25
0.246
0.248
0.244
0.246
0.249
0.248
0.2535
0.2505
0.2455
0.246
0.2455
0.247
0.2465
0.2465
0.245
0.245
0.243
0.244
0.2425
0.244
0.2355
0.235
0.235
0.235
0.238
0.2365
0.237
0.239
0.238
0.239
0.2385
0.2375
0.239
0.239
0.2465
0.246
0.2375
0.2395
0.238
0.2395
0.2385
0.2395
0.2385
0.2395
0.239
0.2375
0.238
0.237
0.2375
0.237
0.2365
0.236
0.2385
0.2345
0.234
0.234
0.232
0.2325
0.238
0.237
0.24
0.24
0.2395
0.239
0.238
0.24
0.241
0.2445
0.24
0.2405
0.239
0.24
0.24
0.2375
0.2395
0.24
0.24
0.2375
0.239
0.238
0.239
0.239
0.237
0.2375
0.237
0.2395
0.24
0.239
0.239
0.239
0.239
0.238
0.238
0.238
0.238
0.2385
0.242
0.2375
0.237
0.2355
0.238
0.238
0.239
0.2395
0.238
0.24
0.24
0.2395
0.2385
0.1975
0.1945
0.192
0.191
0.192
0.1895
0.1885
0.1895
0.188
0.182
0.184
0.183
0.183
0.1825
0.1815
0.1825
0.182
0.1915
0.1825
0.179
0.1765
0.1775
0.1785
0.179
0.178
0.176
0.178
0.1735
0.177
0.1775
0.178
0.179
0.169
0.164
0.163
0.163
0.161
0.1625
0.1635
0.163
0.163
0.1625
0.163
0.164
0.1635
0.1625
0.163
0.166
0.165
0.1635
0.162
0.162
0.162
0.162
0.162
0.1615
0.1615
0.162
0.1615
0.1595
0.158
0.157
0.1525
0.157
0.1565
0.1515
0.155
0.153
0.153
0.154
0.154
0.154
0.154
0.154
0.16
0.164
0.1645
0.165
0.1645
0.163
0.1635
0.157
0.161
0.164
0.166
0.166
0.164
0.17
0.169
0.1685
0.1695
0.1735
0.174
0.174
0.176
0.178
0.174
0.178
0.178
0.177
0.1735
0.176
0.175
0.1825
0.1785
0.177
0.186
0.21
0.227
0.207
0.199
0.196
0.2095
0.202
0.2165
0.2125
0.207
0.201
0.2
0.2
0.2
0.2005
0.2095
0.207
0.2035
0.202
0.2105
0.215
0.2135
0.219
0.2155
0.209
0.208
0.2135
0.209
0.2165
0.2155
0.2205
0.22
0.2145
0.216
0.223
0.225
0.2255
0.2155
0.2255
0.228
0.23
0.23
0.2305
0.23
0.227
0.2175
0.215
0.2185
0.2185
0.22
0.225
0.225
0.218
0.21
0.205
0.204
0.2045
0.196
0.209
0.2065
0.209
0.2065
0.208
0.2205
0.2225
0.231
0.2365
0.237
0.2265
0.235
0.2305
0.225
0.2275
0.229
0.2235
0.2265
0.2285
0.239
0.2345
0.2415
0.24
0.231
0.238
0.24
0.217
0.2185
0.224
0.219
0.216
0.22
0.22
0.2225
0.224
0.22
0.221
0.2255
0.2245
0.264
0.244
0.263
0.2705
0.2485
0.25
0.243
0.24
0.2465
0.2475
0.251
0.249
0.241
0.2385
0.2465
0.253
0.255
0.2555
0.256
0.255
0.2565
0.2585
0.256
0.2565
0.2555
0.2455
0.2565
0.2475
0.2265
0.2165
0.2235
0.2185
0.224
0.234
0.236
0.21
0.2125
0.219
0.2135
0.22
0.24
0.246
0.2415
0.2385
0.238
0.2475
0.2565
0.247
0.2605
0.2535
0.2485
0.258
0.2595
0.2635
0.2665
0.2665
0.2645
0.2575
0.26
0.244
0.2515
0.253
0.253
0.248
0.2455
0.2405
0.2305
0.239
0.254
0.2475
0.2495
0.255
0.2455
0.24
0.246
0.2455
0.248
0.2495
0.244
0.2415
0.2415
0.2475
0.25
0.2505
0.25
0.247
0.25
0.2575
0.2575
0.258
0.2515
0.25
0.2475
0.248
0.25
0.248
0.25
0.247
0.25
0.254
0.253
0.2515
0.25
0.2525
0.2565
0.2605
0.2655
0.268
0.269
0.269
0.266
0.27
0.2425
0.2345
0.241
0.24
0.233
0.23
0.2345
0.2255
0.2325
0.2325
0.2365
0.233
0.2275
0.2305
0.2295
0.2415
0.2455
0.24
0.2395
0.238
0.254
0.242
0.252
0.2535
0.2545
0.2535
0.253
0.256
0.252
0.2515
0.267
0.2735
0.325
0.334
0.33
0.325
0.33
0.339
0.3585
0.3635
0.365
0.3515
0.3355
0.3395
0.343
0.3525
0.3625
0.3545
0.3425
0.3425
0.33
0.3405
0.3465
0.3405
0.34
0.345
0.3465
0.337
0.341
0.341
0.34
0.342
0.34
0.3355
0.348
0.348
0.349
0.3495
0.346
0.349
0.345
0.3485
0.3545
0.3615
0.367
0.365
0.4
0.371
0.375
0.39
0.394
0.39
0.3945
0.3915
0.4
0.395
0.41
0.415
0.3995
0.4
0.395
0.41
0.409
0.375
0.38
0.3825
0.3445
0.334
0.3225
0.32
0.326
0.32
0.3135
0.341
0.3325
0.335
0.335
0.333
0.31
0.3135
0.3175
0.3105
0.3035
0.2955
0.296
0.292
0.292
0.29
0.29
0.293
0.294
0.2915
0.2905
0.307
0.312
0.319
0.3305
0.3325
0.334
0.3295
0.32
0.313
0.3065
0.294
0.292
0.285
0.2875
0.29
0.2895
0.291
0.2915
0.296
0.31
0.317
0.3185
0.3195
0.315
0.3145
0.307
0.31
0.306
0.306
0.306
0.304
0.317
0.3165
0.2915
0.306
0.31
0.3105
0.315
0.311
0.316
0.315
0.319
0.318
0.324
0.322
0.327
0.328
0.3255
0.33
0.3225
0.324
0.3265
0.322
0.325
0.326
0.3265
0.3215
0.3275
0.3165
0.3065
0.3035
0.305
0.3065
0.3015
0.3065
0.3075
0.3075
0.28
0.282
0.287
0.29
0.2555
0.2595
0.259
0.2615
0.263
0.2675
0.282
0.266
0.2715
0.2795
0.2785
0.2735
0.27
0.269
0.271
0.278
0.2765
0.2795
0.284
0.279
0.28
0.278
0.278
0.285
0.285
0.279
0.255
0.255
0.249
0.25
0.251
0.25
0.256
0.253
0.256
0.252
0.254
0.254
0.256
0.255
0.252
0.257
0.254
0.254
0.259
0.259
0.254
0.254
0.252
0.255
0.252
0.253
0.255
0.255
0.256
0.259
0.26
0.237
0.24
0.24
0.238
0.233
0.237
0.236
0.239
0.239
0.24
0.239
0.238
0.239
0.239
0.237
0.24
0.238
0.241
0.24
0.239
0.242
0.241
0.241
0.242
0.241
0.242
0.247
0.251
0.256
0.247
0.25
0.25
0.243
0.247
0.247
0.247
0.242
0.244
0.243
0.245
0.246
0.247
0.248
0.245
0.245
0.245
0.248
0.248
0.245
0.247
0.245
0.243
0.244
0.243
0.246
0.246
0.248
0.25
0.249
0.247
0.247
0.246
0.241
0.241
0.238
0.242
0.248
0.265
0.262
0.26
0.26
0.259
0.257
0.252
0.25
0.245
0.245
0.25
0.252
0.257
0.256
0.255
0.254
0.256
0.257
0.256
0.25
0.248
0.246
0.25
0.25
0.252
0.255
0.255
0.259
0.258
0.259
0.259
0.254
0.256
0.256
0.255
0.252
0.253
0.248
0.249
0.247
0.247
0.25
0.25
0.252
0.251
0.25
0.249
0.25
0.249
0.248
0.25
0.249
0.257
0.253
0.257
0.256
0.258
0.256
0.254
0.249
0.246
0.246
0.246
0.246
0.247
0.249
0.25
0.248
0.256
0.258
0.258
0.254
0.253
0.252
0.251
0.253
0.253
0.253
0.254
0.286
0.269
0.263
0.263
0.262
0.265
0.264
0.266
0.27
0.278
0.263
0.263
0.271
0.27
0.277
0.271
0.271
0.27
0.264
0.268
0.266
0.272
0.275
0.275
0.274
0.276
0.27
0.286
0.275
0.277
0.278
0.274
0.278
0.28
0.287
0.296
0.296
0.297
0.301
0.294
0.29
0.285
0.288
0.287
0.287
0.288
0.285
0.287
0.282
0.282
0.284
0.282
0.282
0.283
0.275
0.28
0.278
0.276
0.276
0.277
0.276
0.274
0.271
0.279
0.278
0.276
0.278
0.277
0.2788
0.2798
0.2796
0.2796
0.2796
0.28
0.277
0.275
0.2764
0.2784
0.2764
0.2778
0.2766
0.278
0.275
0.2752
0.2756
0.276
0.275
0.2762
0.275
0.2716
0.2734
0.272
0.273
0.2716
0.273
0.2742
0.2798
0.2798
0.285
0.2876
0.286
0.2858
0.283
0.2962
0.2962
0.2956
0.2936
0.293
0.284
0.2768
0.2764
0.2746
0.2742
0.2796
0.2826
0.291
0.2912
0.2856
0.2858
0.284
0.281
0.2832
0.2834
0.2842
0.2838
0.2846
0.282
0.29
0.2906
0.2924
0.292
0.29
0.287
0.284
0.2788
0.28
0.28
0.281
0.281
0.281
0.28
0.2724
0.272
0.2766
0.2764
0.276
0.2796
0.2788
0.279
0.278
0.2762
0.2792
0.2768
0.2748
0.279
0.2788
0.2778
0.278
0.2768
0.2756
0.274
0.2754
0.2762
0.2762
0.276
0.2768
0.2768
0.276
0.2758
0.2754
0.276
0.2758
0.2818
0.2822
0.282
0.2812
0.2814
0.281
0.2798
0.279
0.279
0.279
0.2788
0.2768
0.278
0.279
0.279
0.2786
0.2772
0.2788
0.279
0.2788
0.2782
0.278
0.279
0.2786
0.2784
0.28
0.279
0.279
0.2794
0.2792
0.2962
0.2944
0.2976
0.2972
0.3068
0.319
0.3194
0.3166
0.3154
0.3192
0.315
0.3124
0.3062
0.311
0.3122
0.324
0.3232
0.3202
0.328
0.3264
0.32
0.3214
0.322
0.3286
0.33
0.329
0.3272
0.3288
0.3306
0.3306
0.3302
0.3344
0.329
0.326
0.32
0.3242
0.3246
0.3262
0.3266
0.3296
0.3356
0.341
0.3442
0.345
0.346
0.35
0.354
0.351
0.3516
0.3532
0.352
0.3494
0.354
0.358
0.3582
0.358
0.355
0.359
0.355
0.3566
0.3548
0.3524
0.3452
0.3494
0.3434
0.3454
0.347
0.35
0.3454
0.3464
0.348
0.345
0.338
0.3254
0.3
0.31
0.3098
0.3162
0.3242
0.3088
0.2994
0.2988
0.2862
0.2848
0.2666
0.2786
0.2694
0.2792
0.2728
0.276
0.2998
0.2992
0.2934
0.2962
0.2974
0.3042
0.3014
0.2998
0.2988
0.2988
0.3056
0.3038
0.301
0.2986
0.29
0.288
0.2924
0.2908
0.289
0.2854
0.2884
0.2876
0.2836
0.284
0.284
0.287
0.2892
0.2886
0.289
0.287
0.287
0.288
0.288
0.289
0.287
0.2875
0.289
0.289
0.2895
0.294
0.287
0.289
0.2985
0.3015
0.311
0.325
0.3695
0.335
0.3365
0.331
0.334
0.33
0.33
0.332
0.339
0.334
0.333
0.3295
0.33
0.33
0.3385
0.334
0.339
0.338
0.3385
0.3415
0.3315
0.336
0.349
0.35
0.343
0.35
0.353
0.359
0.355
0.345
0.344
0.345
0.343
0.3425
0.3495
0.356
0.3585
0.359
0.36
0.3635
0.3625
0.3755
0.377
0.3765
0.3875
0.392
0.406
0.537
0.4855
0.5095
0.508
0.509
0.531
0.5295
0.5075
0.4995
0.505
0.433
0.463
0.4435
0.43
0.4155
0.41
0.428
0.4275
0.413
0.404
0.387
0.4045
0.3965
0.399
0.406
0.406
0.4105
0.406
0.4025
0.402
0.4
0.396
0.3955
0.3885
0.381
0.375
0.373
0.376
0.379
0.376
0.3775
0.384
0.384
0.3775
0.3785
0.3725
0.3805
0.379
0.376
0.371
0.36
0.343
0.33
0.3265
0.3335
0.3335
0.3375
0.33
0.3205
0.324
0.3225
0.318
0.3295
0.33
0.3345
0.3315
0.3375
0.3395
0.34
0.3475
0.347
0.3425
0.342
0.3415
0.3435
0.342
0.3425
0.3425
0.343
0.344
0.343
0.341
0.344
0.34
0.341
0.3375
0.3395
0.34
0.338
0.341
0.3435
0.34
0.3415
0.3335
0.3385
0.3345
0.331
0.331
0.325
0.3295
0.326
0.326
0.327
0.3285
0.3265
0.327
0.323
0.3255
0.3265
0.331
0.349
0.343
0.3465
0.341
0.3485
0.346
0.348
0.36
0.3505
0.351
0.35
0.364
0.358
0.367
0.3675
0.37
0.369
0.372
0.373
0.3695
0.3645
0.359
0.3605
0.36
0.355
0.3495
0.3555
0.349
0.3555
0.3565
0.3575
0.3535
0.3575
0.359
0.363
0.3615
0.358
0.3605
0.366
0.364
0.3715
0.376
0.3755
0.372
0.389
0.3885
0.3865
0.391
0.3885
0.3885
0.3915
0.3915
0.3915
0.403
0.464
0.4685
0.4595
0.515
0.5015
0.502
0.5
0.5175
0.5205
0.5475
0.5305
0.5335
0.534
0.5295
0.5305
0.5385
0.537
0.5365
0.5295
0.534
0.536
0.538
0.546
0.553
0.562
0.565
0.5795
0.5825
0.5805
0.649
0.639
0.69
0.6985
0.7455
0.7295
0.7145
0.723
0.7235
0.7095
0.7105
0.711
0.7265
0.732
0.755
0.7745
0.773
0.782
0.775
0.776
0.777
0.7745
0.766
0.782
0.785
0.768
0.7555
0.7555
0.7505
0.7425
0.71
0.666
0.695
0.674
0.649
0.626
0.56
0.5565
0.539
0.539
0.529
0.539
0.539
0.543
0.555
0.5515
0.5505
0.5445
0.5625
0.5565
0.5575
0.558
0.5425
0.545
0.5465
0.5535
0.5455
0.528
0.536
0.54
0.539
0.536
0.54
0.544
0.55
0.546
0.57
0.555
0.55
0.553
0.552
0.5455
0.5435
0.54
0.5395
0.552
0.5555
0.56
0.5715
0.57
0.57
0.5625
0.565
0.5595
0.5575
0.558
0.5545
0.5535
0.564
0.596
0.58
0.5845
0.588
0.6
0.6195
0.618
0.62
0.6295
0.648
0.616
0.6035
0.6
0.5925
0.6115
0.63
0.6405
0.632
0.633
0.644
0.666
0.675
0.649
0.642
0.6495
0.649
0.6525
0.6465
0.6375
0.634
0.6315
0.6225
0.621
0.6195
0.6245
0.6165
0.613
0.6145
0.6195
0.618
0.6115
0.6085
0.61
0.6035
0.606
0.606
0.6
0.6115
0.61
0.6095
0.61
0.6005
0.6075
0.6
0.608
0.607
0.6025
0.6045
0.605
0.6105
0.61
0.606
0.593
0.588
0.597
0.6155
0.602
0.5945
0.599
0.589
0.585
0.592
0.59
0.59
0.6015
0.6
0.6125
0.6105
0.613
0.599
0.6035
0.6105
0.606
0.601
0.6035
0.6055
0.57
0.5845
0.597
0.583
0.5515
0.568
0.5935
0.59
0.599
0.593
0.601
0.5965
0.6
0.595
0.595
0.5955
0.5985
0.602
0.604
0.59
0.598
0.6015
0.59
0.5625
0.54
0.5385
0.394
0.49
0.48
0.48
0.499
0.554
0.56
0.565
0.547
0.5605
0.559
0.556
0.5465
0.551
0.5465
0.545
0.5875
0.5925
0.5925
0.5985
0.615
0.615
0.6215
0.6285
0.63
0.612
0.608
0.633
0.639
0.649
0.6455
0.67
0.67
0.69
0.7095
0.69
0.657
0.668
0.6665
0.6595
0.6805
0.68
0.6665
0.666
0.664
0.673
0.6685
0.6645
0.666
0.6595
0.653
0.652
0.656
0.659
0.669
0.6705
0.678
0.6865
0.694
0.694
0.6875
0.6905
0.7
0.702
0.701
0.6885
