close
0.18
0.1799
0.1799
0.1812
0.1891
0.176
0.1885
0.1893
0.1801
0.1893
0.18
0.18
0.175
0.18
0.1799
0.1753
0.1868
0.1701
0.1798
0.1795
0.1703
0.1836
0.1839
0.1842
0.1837
0.1842
0.1799
0.1797
0.1798
0.1751
0.184
0.1839
0.184
0.1755
0.1752
0.182
0.183
0.185
0.179
0.175
0.178
0.179
0.177
0.1773
0.185
0.1763
0.1768
0.1778
0.1778
0.1775
0.172
0.177
0.1795
0.1795
0.1755
0.177
0.18
0.1795
0.179
0.1755
0.176
0.1765
0.177
0.176
0.176
0.176
0.176
0.1775
0.176
0.1795
0.1785
0.1775
0.1795
0.177
0.179
0.1785
0.1755
0.1795
0.1795
0.1775
0.177
0.177
0.1765
0.1785
0.171
0.18
0.1765
0.1795
0.185
0.1785
0.18
0.1825
0.18
0.18
0.181
0.1805
0.1815
0.183
0.18
0.1845
0.1835
0.181
0.184
0.19
0.182
0.1835
0.1875
0.1845
0.185
0.19
0.1885
0.1885
0.186
0.1885
0.185
0.1855
0.1895
0.188
0.188
0.1865
0.184
0.1885
0.187
0.1875
0.181
0.183
0.2
0.197
0.1945
0.1885
0.194
0.1915
0.2675
0.23
0.2185
0.212
0.209
0.202
0.204
0.2125
0.2205
0.22
0.241
0.233
0.2375
0.223
0.2415
0.233
0.2365
0.24
0.226
0.2265
0.2235
0.225
0.214
0.214
0.2195
0.208
0.21
0.2035
0.2105
0.219
0.22
0.219
0.248
0.2265
0.225
0.226
0.225
0.225
0.213
0.2115
0.212
0.212
0.215
0.2575
0.229
0.2325
0.215
0.228
0.2205
0.221
0.244
0.227
0.235
0.229
0.23
0.237
0.2345
0.225
0.215
0.213
0.2095
0.2085
0.209
0.2075
0.2075
0.2045
0.205
0.204
0.2035
0.2075
0.205
0.2045
0.2035
0.203
0.2065
0.207
0.204
0.2
0.2025
0.201
0.2
0.2
0.202
0.2015
0.204
0.205
0.201
0.204
0.2045
0.204
0.2065
0.211
0.207
0.23
0.2295
0.2385
0.2375
0.2205
0.245
0.242
0.257
0.27
0.2705
0.2695
0.279
0.295
0.315
0.319
0.41
0.5715
0.785
0.5685
0.5565
0.5095
0.429
0.4755
0.398
0.38
0.439
0.44
0.391
0.423
0.4245
0.438
0.4385
0.417
0.41
0.3835
0.3875
0.3875
0.348
0.35
0.342
0.345
0.3445
0.345
0.339
0.335
0.348
0.3395
0.393
0.4085
0.387
0.3595
0.3445
0.363
0.355
0.367
0.341
0.341
0.356
0.35
0.348
0.34
0.33
0.33
0.338
0.334
0.343
0.354
0.349
0.346
0.343
0.346
0.343
0.332
0.335
0.334
0.34
0.371
0.364
0.354
0.347
0.35
0.351
0.355
0.349
0.352
0.351
0.349
0.35
0.336
0.338
0.339
0.346
0.34
0.34
0.338
0.335
0.339
0.33
0.33
0.326
0.331
0.345
0.335
0.317
0.321
0.318
0.318
0.332
0.34
0.332
0.336
0.339
0.337
0.343
0.339
0.339
0.338
0.327
0.334
0.33
0.331
0.331
0.335
0.333
0.336
0.336
0.339
0.339
0.333
0.333
0.33
0.338
0.351
0.342
0.344
0.349
0.39
0.373
0.358
0.373
0.371
0.36
0.345
0.346
0.344
0.29
0.283
0.284
0.28
0.276
0.283
0.285
0.282
0.284
0.276
0.28
0.277
0.28
0.28
0.278
0.279
0.28
0.338
0.315
0.312
0.32
0.311
0.307
0.299
0.302
0.303
0.309
0.313
0.302
0.303
0.32
0.325
0.32
0.319
0.3
0.311
0.314
0.333
0.333
0.321
0.324
0.332
0.32
0.331
0.315
0.323
0.316
0.313
0.307
0.309
0.301
0.295
0.297
0.294
0.293
0.292
0.295
0.3
0.292
0.297
0.28
0.282
0.299
0.295
0.281
0.288
0.291
0.295
0.3
0.283
0.294
0.292
0.287
0.287
0.294
0.289
0.291
0.289
0.285
0.293
0.308
0.29
0.291
0.297
0.308
0.298
0.298
0.298
0.296
0.3
0.302
0.31
0.314
0.315
0.314
0.31
0.318
0.311
0.309
0.316
0.342
0.333
0.334
0.344
0.333
0.411
0.415
0.396
0.379
0.375
0.385
0.356
0.374
0.367
0.365
0.359
0.359
0.356
0.356
0.359
0.356
0.357
0.352
0.355
0.371
0.384
0.385
0.367
0.366
0.366
0.384
0.375
0.357
0.393
0.389
0.393
0.391
0.39
0.387
0.39
0.395
0.395
0.414
0.398
0.4
0.39
0.405
0.391
0.39
0.384
0.387
0.394
0.391
0.407
0.394
0.404
0.409
0.408
0.409
0.394
0.39
0.373
0.375
0.377
0.383
0.386
0.378
0.379
0.38
0.381
0.394
0.38
0.37
0.375
0.377
0.358
0.346
0.359
0.364
0.355
0.36
0.361
0.383
0.39
0.399
0.38
0.37
0.388
0.378
0.349
0.345
0.357
0.359
0.353
0.36
0.349
0.356
0.357
0.353
0.352
0.359
0.346
0.418
0.383
0.375
0.403
0.377
0.38
0.367
0.354
0.365
0.36
0.369
0.365
0.354
0.357
0.372
0.379
0.38
0.38
0.384
0.384
0.378
0.381
0.389
0.366
0.368
0.374
0.375
0.358
0.359
0.332
0.349
0.334
0.333
0.33
0.332
0.351
0.331
0.328
0.342
0.34
0.34
0.363
0.375
0.356
0.357
0.354
0.348
0.38
0.365
0.38
0.37
0.369
0.365
0.372
0.369
0.37
0.372
0.374
0.351
0.351
0.33
0.358
0.359
0.355
0.34
0.343
0.341
0.353
0.353
0.34
0.353
0.342
0.339
0.337
0.338
0.338
0.342
0.344
0.339
0.343
0.349
0.351
0.348
0.36
0.353
0.355
0.354
0.353
0.365
0.365
0.366
0.362
0.361
0.358
0.358
0.354
0.353
0.342
0.329
0.329
0.327
0.324
0.319
0.318
0.327
0.329
0.326
0.326
0.329
0.322
0.318
0.316
0.316
0.31
0.31
0.309
0.307
0.31
0.306
0.305
0.305
0.304
0.316
0.3
0.303
0.316
0.31
0.305
0.303
0.301
0.299
0.305
0.306
0.311
0.303
0.299
0.299
0.297
0.297
0.294
0.3
0.296
0.296
0.295
0.296
0.305
0.302
0.299
0.297
0.304
0.377
0.339
0.336
0.325
0.308
0.311
0.309
0.316
0.317
0.315
0.309
0.312
0.323
0.325
0.342
0.35
0.351
0.35
0.352
0.351
0.344
0.35
0.35
0.348
0.35
0.362
0.326
0.348
0.35
0.35
0.351
0.354
0.341
0.336
0.354
0.354
0.367
0.372
0.369
0.381
0.36
0.37
0.374
0.365
0.368
0.363
0.35
0.351
0.346
0.362
0.362
0.367
0.359
0.364
0.368
0.362
0.341
0.342
0.34
0.323
0.323
0.333
0.33
0.333
0.33
0.311
0.331
0.333
0.34
0.337
0.341
0.33
0.342
0.334
0.33
0.325
0.316
0.319
0.32
0.325
0.32
0.321
0.321
0.321
0.319
0.319
0.319
0.316
0.317
0.319
0.314
0.314
0.319
0.323
0.323
0.32
0.319
0.319
0.322
0.323
0.324
0.32
0.319
0.315
0.321
0.33
0.349
0.355
0.352
0.344
0.344
0.34
0.333
0.332
0.337
0.326
0.322
0.323
0.32
0.326
0.328
0.333
0.329
0.33
0.331
0.333
0.33
0.331
0.331
0.33
0.329
0.327
0.331
0.332
0.327
0.323
0.318
0.322
0.322
0.323
0.327
0.322
0.328
0.33
0.327
0.319
0.318
0.316
0.316
0.312
0.313
0.322
0.316
0.314
0.314
0.323
0.303
0.301
0.307
0.303
0.302
0.301
0.303
0.29
0.316
0.32
0.315
0.31
0.313
0.315
0.324
0.319
0.321
0.321
0.319
0.321
0.318
0.317
0.316
0.316
0.318
0.318
0.31
0.308
0.306
0.305
0.304
0.302
0.302
0.297
0.292
0.29
0.291
0.294
0.285
0.282
0.285
0.283
0.286
0.286
0.286
0.299
0.285
0.286
0.283
0.28
0.279
0.286
0.286
0.283
0.281
0.279
0.28
0.282
0.279
0.283
0.284
0.28
0.28
0.282
0.282
0.282
0.286
0.284
0.267
0.27
0.272
0.272
0.278
0.277
0.276
0.278
0.279
0.278
0.277
0.274
0.279
0.273
0.275
0.274
0.274
0.273
0.273
0.272
0.268
0.265
0.267
0.264
0.265
0.276
0.262
0.27
0.268
0.267
0.264
0.261
0.252
0.252
0.258
0.258
0.258
0.249
0.251
0.256
0.257
0.254
0.252
0.255
0.258
0.257
0.258
0.26
0.261
0.257
0.259
0.249
0.251
0.268
0.304
0.299
0.295
0.3
0.295
0.29
0.295
0.261
0.249
0.256
0.272
0.254
0.265
0.264
0.258
0.262
0.257
0.261
0.263
0.25
0.259
0.259
0.257
0.265
0.265
0.263
0.263
0.264
0.265
0.264
0.263
0.262
0.26
0.26
0.258
0.259
0.252
0.25
0.248
0.245
0.245
0.249
0.25
0.25
0.25
0.251
0.25
0.248
0.249
0.249
0.249
0.246
0.25
0.246
0.245
0.245
0.243
0.245
0.244
0.245
0.243
0.243
0.243
0.243
0.243
0.242
0.243
0.242
0.245
0.245
0.246
0.246
0.246
0.247
0.246
0.246
0.246
0.247
0.248
0.347
0.32
0.27
0.267
0.275
0.279
0.2775
0.2765
0.2765
0.305
0.2955
0.273
0.2905
0.2905
0.319
0.305
0.2925
0.2975
0.288
0.286
0.29
0.314
0.326
0.297
0.3
0.324
0.3195
0.365
0.3405
0.3425
0.3295
0.3335
0.334
0.34
0.37
0.3965
0.402
0.391
0.4695
0.416
0.418
0.3955
0.42
0.4205
0.4395
0.425
0.425
0.408
0.395
0.3765
0.37
0.368
0.368
0.366
0.3595
0.367
0.365
0.3645
0.365
0.364
0.364
0.366
0.3645
0.369
0.363
0.3645
0.36
0.362
0.36
0.36
0.36
0.3595
0.36
0.36
0.359
0.36
0.3595
0.36
0.3595
0.358
0.358
0.36
0.358
0.358
0.357
0.357
0.357
0.3555
0.3545
0.354
0.354
0.3545
0.3535
0.3535
0.354
0.355
0.3585
0.357
0.3555
0.3545
0.3545
0.354
0.355
0.356
0.355
0.355
0.355
0.3545
0.354
0.355
0.354
0.3545
0.355
0.355
0.3555
0.355
0.3535
0.3535
0.354
0.3525
0.3525
0.353
0.352
0.353
0.353
0.353
0.353
0.353
0.353
0.353
0.3525
0.352
0.3515
0.3515
0.3505
0.351
0.351
0.3515
0.352
0.35
0.3495
0.349
0.349
0.349
0.3455
0.346
0.3485
0.3485
0.348
0.346
0.348
0.348
0.33
0.33
0.33
0.33
0.33
0.3295
0.33
0.33
0.33
0.3265
0.327
0.3275
0.3295
0.326
0.3275
0.327
0.323
0.3145
0.311
0.3075
0.345
0.347
0.344
0.342
0.343
0.3415
0.344
0.3425
0.328
0.3235
0.319
0.314
0.318
0.3195
0.319
0.32
0.3195
0.3205
0.32
0.32
0.32
0.3305
0.329
0.338
0.3415
0.34
0.344
0.347
0.352
0.375
0.3705
0.374
0.3725
0.3745
0.378
0.372
0.37
0.369
0.37
0.368
0.363
0.359
0.357
0.355
0.3535
0.36
0.36
0.36
0.36
0.3595
0.357
0.357
0.3555
0.36
0.3525
0.3535
0.3515
0.3525
0.348
0.349
0.351
0.356
0.355
0.353
0.353
0.355
0.355
0.3525
0.3525
0.356
0.3545
0.359
0.3575
0.3615
0.362
0.3665
0.369
0.3705
0.369
0.369
0.3595
0.364
0.3825
0.389
0.3815
0.385
0.386
0.3795
0.375
0.373
0.3735
0.386
0.3855
0.3795
0.372
0.374
0.3855
0.3885
0.3955
0.3945
0.404
0.397
0.39
0.372
0.342
0.3585
0.357
0.36
0.3595
0.351
0.34
0.337
0.307
0.3165
0.311
0.311
0.315
0.315
0.318
0.3105
0.3275
0.3285
0.3295
0.3315
0.3275
0.333
0.333
0.3375
0.339
0.3405
0.3515
0.3495
0.3475
0.343
0.331
0.348
0.336
0.3425
0.3425
0.3395
0.3335
0.338
0.346
0.35
0.3535
0.3445
0.34
0.346
0.351
0.3475
0.347
0.349
0.3495
0.349
0.3445
0.3575
0.3525
0.349
0.349
0.3445
0.339
0.341
0.3495
0.352
0.351
0.3545
0.425
0.3955
0.4015
0.395
0.391
0.378
0.384
0.397
0.4
0.3915
0.3835
0.384
0.401
0.399
0.412
0.406
0.431
0.4085
0.4115
0.401
0.3975
0.3985
0.4045
0.4035
0.396
0.395
0.3875
0.3835
0.3855
0.379
0.3825
0.383
0.379
0.3855
0.3905
0.39
0.392
0.3925
0.3975
0.4005
0.4235
0.4305
0.437
0.455
0.4485
0.449
0.478
0.6715
0.613
0.6635
0.709
0.666
0.685
0.6725
0.663
0.6385
0.602
0.5395
0.666
0.6115
0.586
0.585
0.576
0.569
0.5645
0.578
0.571
0.5435
0.54
0.548
0.568
0.5645
0.5545
0.59
0.585
0.5805
0.5825
0.5925
0.574
0.577
0.5615
0.55
0.5615
0.5595
0.5535
0.555
0.55
0.544
0.5685
0.56
0.5545
0.553
0.539
0.55
0.525
0.548
0.529
0.535
0.54
0.547
0.5465
0.5425
0.5335
0.5335
0.5215
0.508
0.5125
0.501
0.508
0.5155
0.5225
0.529
0.5325
0.5265
0.5235
0.5265
0.5255
0.534
0.5325
0.539
0.5375
0.5285
0.5255
0.5235
0.52
0.516
0.52
0.5215
0.5255
0.5285
0.5245
0.5355
0.5375
0.537
0.528
0.528
0.5265
0.52
0.533
0.5335
0.5295
0.5265
0.5205
0.5235
0.522
0.5185
0.524
0.5135
0.517
0.5295
0.5375
0.528
0.528
0.525
0.5265
0.5265
0.5235
0.5295
0.528
0.537
0.5275
0.531
0.5235
0.5235
0.5275
0.524
0.5195
0.518
0.5245
0.5265
0.53
0.5295
0.5315
0.531
0.5355
0.5395
0.532
0.53
0.526
0.5225
0.5205
0.52
0.52
0.52
0.5255
0.524
0.524
0.5275
0.523
0.53
0.53
0.5295
0.5345
0.5355
0.5305
0.533
0.538
0.5325
0.531
0.5285
0.529
0.532
0.5275
0.526
0.5315
0.526
0.526
0.5315
0.531
0.529
0.53
0.565
0.547
0.5405
0.5835
0.5695
0.584
0.5805
0.5835
0.5785
0.595
0.59
0.597
0.592
0.604
0.6
0.6045
0.6045
0.5915
0.586
0.595
0.5935
0.596
0.5965
0.591
0.5935
0.5955
0.599
0.606
0.579
0.609
0.612
0.6135
0.6375
0.659
0.6595
0.645
0.631
0.6335
0.615
0.615
0.6235
0.6295
0.631
0.6695
0.714
0.701
0.7275
0.72
0.7265
0.72
0.753
0.76
0.824
0.821
0.7695
0.794
0.7875
0.7815
0.7875
0.7655
0.768
0.755
0.751
0.71
0.6945
0.6815
0.6545
0.6475
0.651
0.6315
0.6235
0.6345
0.648
0.6435
0.6405
0.6425
0.631
0.6305
0.651
0.6545
0.6445
0.65
0.6545
0.655
0.655
0.644
0.644
0.637
0.632
0.63
0.634
0.633
0.6295
0.66
0.6605
0.6605
0.66
0.6635
0.6585
0.6505
0.6505
0.6535
0.649
0.653
0.6535
0.6555
0.65
0.6735
0.664
0.6545
0.6535
0.6605
0.67
0.6625
0.6605
0.665
0.66
0.6625
0.738
0.7035
0.692
0.69
0.78
0.755
0.742
0.77
0.821
0.886
0.85
0.8275
0.82
0.819
0.7975
0.812
0.869
0.832
0.84
0.9
0.9675
0.9015
0.9185
0.8445
0.8575
0.8635
0.86
0.8595
0.8435
0.8155
0.8205
0.803
0.8045
0.79
0.805
0.786
0.7815
0.7945
0.79
0.7845
0.7755
0.7745
0.774
0.752
0.759
0.7615
0.7515
0.789
0.7615
0.7485
0.73
0.729
0.727
0.709
0.72
0.7045
0.683
0.687
0.6865
0.6885
0.6895
0.683
0.664
0.6595
0.6695
0.6985
0.69
0.688
0.6685
0.6635
0.6695
0.683
0.689
0.691
0.681
0.6905
0.7195
0.7195
0.7165
0.71
0.7105
0.7095
0.715
0.721
0.7195
0.7265
0.7155
0.705
0.713
0.7075
0.6405
0.652
0.66
0.6645
0.684
0.686
0.675
0.675
0.6665
0.668
0.67
0.6715
0.6545
0.6535
0.646
0.6405
0.6455
0.649
0.642
0.6355
0.6175
0.609
0.5515
0.56
0.56
0.5785
0.5835
0.5995
0.65
0.7
0.6985
0.666
0.6595
0.629
0.638
0.633
0.6475
0.657
0.66
0.6375
0.6425
0.644
0.669
0.65
0.6495
0.659
0.6525
0.635
0.645
0.623
0.622
0.6375
0.629
0.6335
0.6425
0.646
0.6775
0.677
0.67
0.6675
0.664
0.66
0.6705
0.659
0.671
0.655
0.654
0.6535
0.6455
0.636
0.64
0.6525
0.651
0.654
0.648
0.659
0.673
0.6775
0.7045
0.69
0.668
0.679
0.7005
0.706
0.7025
0.7225
0.725
0.687
