close
648.0
593.0
584.0
575.4
569.5
565.0
567.6
571.0
575.8
585.5
580.1
588.4
595.0
595.0
597.3
597.0
597.6
597.0
595.9
618.0
616.0
615.1
600.0
611.0
617.4
621.0
609.0
597.0
580.0
582.9
583.3
574.8
536.0
500.0
493.5
515.0
535.4
535.0
536.0
522.7
521.5
516.0
511.0
527.9
520.9
517.6
530.1
529.5
527.9
536.7
544.0
557.3
562.9
569.1
573.5
580.1
560.0
530.0
539.8
539.9
544.7
538.0
533.6
526.8
502.0
487.8
488.6
495.5
477.3
464.3
438.1
446.1
452.0
446.0
450.0
472.0
482.2
487.0
469.2
458.7
448.0
425.0
443.0
461.0
455.0
446.0
455.0
445.0
435.0
428.0
419.0
395.0
414.0
411.0
406.0
403.0
401.0
402.0
401.0
398.0
412.0
410.0
413.0
412.0
414.0
437.0
440.0
445.0
440.0
439.0
448.0
450.0
452.0
450.0
437.0
419.0
421.0
426.0
430.0
434.0
426.0
412.0
422.0
425.0
435.0
430.0
427.0
411.0
410.0
418.0
416.0
405.0
375.0
323.0
333.0
330.0
332.0
360.0
348.0
341.0
347.0
352.0
349.0
350.0
354.0
354.0
357.0
356.0
345.0
334.0
333.0
328.0
322.0
317.0
316.0
316.0
320.0
320.0
314.0
311.0
310.0
306.0
300.0
306.0
309.0
309.0
307.0
321.0
354.0
345.0
350.0
347.0
347.0
353.0
370.0
390.0
365.0
379.0
370.0
370.0
374.0
375.0
376.0
379.0
373.0
371.0
368.0
347.0
348.0
367.0
368.0
364.0
376.0
379.0
370.0
369.0
363.0
360.0
362.0
368.0
367.0
363.0
362.0
369.0
379.0
373.0
373.0
395.0
395.0
388.0
387.0
382.0
384.0
448.0
426.0
414.0
413.0
417.0
407.0
401.0
412.0
415.0
417.0
414.0
412.0
411.0
418.0
420.0
430.0
435.0
449.0
450.0
445.0
460.0
466.0
460.0
465.0
461.0
456.0
453.0
476.0
475.0
484.0
475.0
470.0
440.0
425.0
420.0
414.0
420.0
419.0
422.0
429.0
437.0
439.0
435.0
432.0
430.0
430.0
437.0
445.0
440.0
439.0
445.0
439.0
422.0
417.0
420.0
416.0
407.0
407.0
409.0
410.0
396.0
391.0
400.0
399.0
400.0
395.0
393.0
380.0
356.0
352.0
362.0
361.0
365.0
365.0
364.0
364.0
377.0
382.0
396.0
403.0
401.0
400.0
401.0
400.0
401.0
405.0
401.0
395.0
390.0
382.0
399.0
390.0
396.0
398.0
401.0
408.0
406.0
414.0
425.0
432.0
441.0
471.0
468.0
459.0
471.0
479.0
477.0
473.0
491.0
468.0
443.0
440.0
427.0
419.0
425.0
424.0
441.0
438.0
437.0
444.0
445.0
440.0
441.0
439.0
427.0
429.0
431.0
435.0
436.0
448.0
453.0
452.0
460.0
467.0
460.0
457.0
455.0
450.0
452.0
449.0
443.0
448.0
444.0
440.0
437.0
436.0
428.0
404.0
404.0
416.0
419.0
421.0
425.0
424.0
416.0
424.0
432.0
425.0
421.0
424.0
425.0
426.0
426.0
421.0
415.0
421.0
414.0
411.0
409.0
400.0
414.0
419.0
407.0
414.0
409.0
403.0
402.0
400.0
400.0
404.0
402.0
399.0
400.0
399.0
389.0
388.0
387.0
381.0
383.0
385.0
403.0
403.0
406.0
411.0
419.0
420.0
422.0
422.0
423.0
423.0
430.0
430.0
417.0
406.0
409.0
410.0
408.0
410.0
408.0
399.0
398.0
398.0
398.0
395.0
396.0
396.0
392.0
397.0
402.0
402.0
406.0
411.0
407.0
406.0
411.0
408.0
407.0
406.0
410.0
409.0
408.0
409.0
411.0
410.0
408.0
407.0
400.0
408.0
417.0
413.0
412.0
412.0
409.0
406.0
406.0
409.0
416.0
416.0
431.0
443.0
453.0
477.0
453.0
460.0
474.0
455.0
457.0
458.0
443.0
433.0
431.0
436.0
430.0
434.0
428.0
418.0
415.0
440.0
432.0
438.0
438.0
437.0
432.0
435.0
441.0
444.0
446.0
446.0
452.0
447.0
435.0
425.0
429.0
433.0
438.0
436.0
451.0
447.0
449.0
455.0
428.0
436.0
438.0
430.0
440.0
433.0
430.0
426.0
424.0
430.0
430.0
433.0
433.0
433.0
433.0
431.0
449.0
439.0
437.0
441.0
450.0
437.0
438.0
440.0
441.0
437.0
437.0
430.0
444.0
438.0
442.0
440.0
440.0
433.0
436.0
435.0
435.0
433.0
440.0
442.0
445.0
445.0
453.0
448.0
464.0
460.0
452.0
448.0
445.0
442.0
451.0
455.0
458.0
458.0
463.0
474.0
487.0
481.0
479.0
472.0
474.0
472.0
468.0
469.0
467.0
465.0
467.0
465.0
447.0
455.0
463.0
479.0
485.0
491.0
552.0
550.0
557.0
567.0
584.0
577.0
580.0
577.0
578.0
582.0
594.0
595.0
584.0
573.0
580.0
580.0
579.0
572.0
575.0
572.0
565.0
550.0
528.0
537.0
534.0
510.0
514.0
525.0
520.0
525.0
525.0
532.0
529.0
527.0
528.0
531.0
521.0
521.0
516.0
511.0
508.0
509.0
523.0
535.0
533.0
532.0
517.0
522.0
516.0
518.0
518.0
517.0
536.0
538.0
541.0
563.0
576.0
557.0
554.0
530.0
540.0
541.0
550.0
546.0
543.0
553.0
548.0
549.0
535.0
542.0
550.0
566.0
576.0
599.0
620.0
623.0
626.0
626.0
620.0
612.0
602.0
608.0
596.0
598.0
614.0
610.0
620.0
628.0
646.0
648.0
651.0
648.0
623.0
619.0
620.0
619.0
597.0
606.0
625.0
623.0
620.0
620.0
613.0
595.0
641.0
605.0
605.0
596.0
586.0
600.0
598.0
597.0
609.0
617.0
612.0
605.0
604.0
614.0
615.0
609.0
606.0
609.0
602.0
599.0
590.0
590.0
592.0
593.0
605.0
599.0
579.0
582.0
577.0
589.0
587.0
588.0
573.0
587.0
576.0
590.0
587.0
589.0
583.0
591.0
595.0
573.0
586.0
588.0
589.0
586.0
575.0
572.0
565.0
558.0
554.0
562.0
555.0
547.0
531.0
542.0
550.0
527.0
526.0
526.0
521.0
520.0
513.0
513.0
514.0
509.0
503.0
520.0
551.0
535.0
539.0
535.0
542.0
546.0
539.0
548.0
544.0
550.0
553.0
560.0
563.0
579.0
587.0
590.0
592.0
592.0
590.0
587.0
560.0
559.0
558.0
560.0
550.0
537.0
537.0
549.0
550.0
544.0
535.0
536.0
549.0
573.0
568.0
573.0
553.0
538.0
537.0
544.0
525.0
526.0
528.0
524.0
526.0
530.0
537.0
535.0
527.0
526.0
523.0
523.0
525.0
527.0
523.0
527.0
524.0
525.0
526.0
529.0
521.0
531.0
536.0
539.0
540.0
542.0
545.0
534.0
529.0
529.0
520.0
516.0
519.0
517.0
515.0
529.0
537.0
542.0
541.0
541.0
561.0
576.0
573.0
579.0
573.0
570.0
577.0
582.0
583.0
587.0
582.0
582.0
585.0
583.0
590.0
585.0
585.0
586.0
585.0
609.0
610.0
609.0
608.0
600.0
607.0
610.0
617.0
614.0
608.0
629.0
644.0
635.0
648.0
640.0
640.0
622.0
598.0
594.0
589.0
590.0
600.0
604.0
600.0
600.0
601.0
604.0
590.0
600.0
607.0
601.0
600.0
600.0
600.0
600.0
632.0
621.0
621.0
620.0
617.0
616.0
630.0
630.0
634.0
627.0
627.0
629.0
632.0
626.0
622.0
630.0
630.0
631.0
633.0
642.0
642.0
634.0
636.0
640.0
633.0
634.0
632.0
633.0
630.0
630.0
632.0
634.0
630.0
625.0
628.0
627.0
628.0
628.0
621.0
628.0
622.0
609.0
613.0
615.0
616.0
620.0
633.0
625.0
625.0
631.0
629.0
620.0
624.0
630.0
629.0
628.0
629.0
630.0
629.0
628.0
629.0
613.0
603.0
590.0
576.0
578.0
576.0
572.0
569.0
566.0
569.0
570.0
569.0
558.0
565.0
557.0
556.0
548.0
542.0
528.0
494.0
491.0
497.0
499.0
500.0
493.0
507.0
510.0
510.0
506.0
500.0
493.0
501.0
499.0
511.0
509.0
513.0
512.0
510.0
512.0
509.0
505.0
501.0
501.0
500.0
499.0
500.0
499.0
492.0
496.0
496.0
478.0
480.0
468.0
470.0
468.0
451.0
460.0
462.0
465.0
466.0
481.0
474.0
470.0
474.0
467.0
466.0
482.0
495.0
510.0
501.0
517.0
519.0
530.0
540.0
550.0
542.0
539.0
517.0
510.0
513.0
502.0
500.0
500.0
523.0
528.0
520.0
523.0
513.0
517.0
519.0
510.0
507.0
504.0
505.0
498.0
500.0
494.0
499.0
499.0
501.0
502.0
516.0
515.0
514.0
525.0
510.0
502.0
499.0
499.0
497.0
497.0
504.0
504.0
500.0
506.0
499.0
493.0
489.0
495.0
490.0
494.0
490.0
473.0
476.0
476.0
476.0
471.0
466.0
471.0
478.0
487.0
471.0
470.0
472.0
495.0
496.0
498.0
499.0
507.0
498.0
499.0
495.0
510.0
503.0
499.0
497.0
495.0
496.0
492.0
495.0
488.0
482.0
470.0
469.0
466.0
460.0
460.0
461.0
452.0
463.0
461.0
459.0
452.0
450.0
447.0
447.0
450.5
447.0
447.5
447.5
440.5
440.0
438.0
438.5
432.0
433.0
432.0
424.0
411.0
415.0
408.5
403.0
400.5
400.0
401.5
410.0
406.0
424.0
435.0
427.0
420.5
416.5
414.0
411.5
406.0
403.0
408.0
415.5
420.0
435.0
444.0
432.0
440.0
434.0
432.5
427.5
415.0
408.0
424.0
429.5
424.0
428.0
415.0
418.5
415.5
420.5
414.5
424.5
425.0
422.0
420.0
421.5
417.5
420.0
416.0
415.0
414.5
417.0
415.5
415.0
414.5
413.0
409.5
412.0
407.5
408.0
407.5
406.0
406.0
403.0
406.5
402.0
400.0
402.5
399.0
396.0
400.0
398.5
400.0
396.5
396.5
390.0
391.0
385.0
382.0
378.0
374.0
369.5
371.0
369.5
369.5
365.5
365.0
365.5
364.5
360.5
361.5
360.5
358.5
360.5
369.5
369.5
364.5
364.0
363.5
362.5
364.5
364.0
361.0
361.0
361.0
355.0
352.0
353.5
350.5
341.0
343.5
345.0
340.0
340.5
344.0
345.0
340.0
340.5
338.5
343.0
330.5
315.0
309.0
305.0
312.5
313.5
313.5
310.0
319.5
328.5
338.5
329.0
324.5
319.5
321.5
319.5
306.0
308.0
306.5
309.0
314.0
313.0
313.0
311.5
309.0
315.0
314.5
313.0
310.0
308.5
309.5
312.0
318.5
317.5
310.0
312.0
314.0
314.0
315.0
313.5
316.5
319.5
318.5
316.0
317.5
316.0
315.0
314.5
317.5
316.0
317.0
316.5
317.0
312.5
324.5
319.0
313.5
311.0
310.5
309.5
311.0
310.0
310.0
309.5
308.5
307.5
299.5
298.0
301.0
299.0
298.5
310.5
304.5
304.0
307.0
303.0
304.5
303.0
302.5
301.5
302.5
301.5
301.5
300.5
301.5
300.0
301.0
301.5
303.0
301.0
300.5
298.5
297.0
298.5
299.5
298.5
297.5
296.5
295.5
295.5
294.5
292.0
291.5
291.0
293.5
293.0
293.5
294.0
293.5
295.5
294.5
294.5
294.5
295.0
296.0
294.0
293.0
294.0
294.0
294.5
294.0
295.0
289.0
292.0
295.0
295.0
294.0
294.5
295.5
296.0
295.0
297.0
298.5
297.0
299.0
300.0
299.5
299.0
300.0
295.0
295.0
295.5
291.0
292.5
289.5
290.0
290.0
289.0
286.5
285.5
281.0
280.0
278.0
273.0
273.5
275.0
272.0
272.0
272.5
276.0
273.0
273.0
275.0
277.5
284.0
287.0
288.5
283.0
283.0
284.5
290.0
289.5
286.5
289.5
291.5
287.0
287.0
279.5
280.0
276.0
278.0
280.0
280.0
278.0
278.0
277.5
278.5
278.5
279.0
280.0
280.0
282.5
282.5
283.0
309.0
300.0
295.0
287.5
285.5
277.0
273.5
261.0
254.0
253.5
259.5
257.5
255.0
250.0
238.0
235.0
218.5
226.0
211.5
203.0
199.0
210.0
212.0
214.0
216.0
232.0
242.5
239.5
238.0
251.0
248.0
251.0
244.0
252.0
255.5
256.0
255.0
256.0
254.0
257.0
250.0
255.5
253.5
255.0
253.0
259.5
256.0
260.5
259.0
260.0
260.0
257.0
256.0
257.0
258.0
257.0
256.5
264.0
260.0
260.0
262.0
262.0
262.0
260.0
258.0
258.5
258.0
257.5
257.0
259.0
255.0
257.0
260.0
258.5
257.0
258.0
256.0
257.5
258.5
256.5
255.5
256.0
256.0
258.0
259.5
259.0
256.5
260.5
256.0
260.0
256.0
256.5
260.0
259.5
259.0
259.5
258.0
259.0
263.5
262.0
265.5
267.0
265.0
266.0
267.5
268.0
268.0
267.0
269.0
272.5
272.0
268.5
267.5
273.0
273.5
275.0
278.0
280.0
280.0
280.0
279.5
282.5
280.0
282.0
282.5
284.0
282.0
281.0
282.5
283.0
283.5
283.5
284.0
286.0
287.5
283.5
284.5
285.5
285.5
280.5
278.5
282.5
288.5
290.0
292.0
292.0
290.5
293.5
284.0
289.0
286.5
287.5
286.0
290.0
290.5
287.5
285.5
286.5
287.5
289.0
288.5
288.0
288.0
288.0
286.0
287.5
280.5
279.0
285.5
294.0
292.0
298.5
276.5
277.0
272.5
270.0
270.5
270.5
270.5
271.0
275.0
273.0
279.0
281.0
280.0
280.0
277.0
274.5
277.0
277.0
274.0
269.0
268.5
270.5
271.5
271.0
270.5
267.5
268.0
269.0
267.5
266.0
266.5
265.0
264.5
264.5
264.5
265.5
265.0
266.5
265.5
265.5
262.5
264.0
261.5
261.0
261.0
259.0
259.0
265.0
267.0
267.5
267.0
265.5
266.5
264.0
266.0
267.0
265.0
266.5
265.0
264.5
260.5
261.0
262.5
265.5
264.5
263.0
260.5
261.5
261.0
262.0
260.5
260.0
266.0
268.5
267.0
268.0
260.0
262.0
262.0
258.5
257.5
264.0
264.0
263.0
265.0
261.0
257.0
260.5
260.0
261.0
260.0
260.0
259.5
259.5
259.5
259.5
260.0
259.5
258.5
256.5
253.0
255.0
258.5
258.0
252.5
247.0
247.5
246.0
246.0
247.0
252.5
248.5
247.0
247.0
248.0
243.0
244.5
239.5
243.5
241.0
241.0
239.0
241.5
238.5
240.0
238.0
234.0
230.5
228.5
226.0
227.0
220.0
223.0
221.0
222.0
222.5
223.0
226.0
227.0
219.5
216.5
219.0
219.0
219.0
218.0
218.0
218.5
216.5
217.0
218.5
221.0
224.0
227.5
223.0
223.0
225.0
226.0
226.5
225.0
223.5
222.0
226.0
232.0
222.5
222.0
223.0
222.0
219.0
218.0
220.0
215.0
213.0
214.0
214.5
215.0
214.0
215.0
213.5
213.0
215.5
214.5
212.0
211.0
208.0
206.0
203.5
207.0
209.0
208.5
208.0
203.0
205.5
207.5
208.0
202.5
205.5
207.0
202.5
207.0
206.5
206.5
205.0
205.5
206.0
207.5
207.5
208.0
208.0
204.0
200.5
200.5
202.5
202.0
204.5
204.0
208.0
223.5
235.5
229.5
236.0
230.0
232.5
232.0
233.5
231.5
232.5
231.0
230.0
225.0
225.5
214.5
217.5
216.0
218.0
221.0
225.0
224.5
222.0
218.5
217.0
217.5
215.5
213.5
218.0
220.5
224.0
224.0
232.0
229.5
227.5
232.0
227.5
223.5
226.0
226.0
233.0
238.5
230.5
227.5
228.0
231.0
230.5
226.0
225.5
227.0
239.0
249.5
237.0
232.0
234.0
229.5
231.0
233.0
230.0
218.0
221.5
219.0
221.5
212.5
211.0
206.0
216.0
213.0
211.5
210.5
212.0
219.5
224.0
220.5
217.0
217.0
216.5
219.5
218.5
217.0
216.5
217.0
218.0
218.0
217.5
216.0
215.0
215.0
219.0
220.0
218.0
218.5
219.0
218.0
220.5
218.5
215.0
215.5
204.0
209.0
214.5
214.5
210.0
213.0
212.5
214.0
213.5
209.5
212.0
211.0
210.0
210.5
213.5
217.5
214.0
214.5
212.5
212.5
214.0
215.0
215.0
210.5
200.0
211.0
190.5
194.5
184.5
186.0
198.5
200.0
202.0
202.5
198.0
192.5
192.5
195.5
193.5
191.0
191.0
189.0
188.5
188.5
186.0
184.0
186.0
185.0
182.0
183.5
186.5
184.5
180.5
179.5
179.0
179.0
179.5
178.0
177.0
182.0
181.5
180.0
180.0
179.5
177.0
174.0
173.5
173.0
175.5
175.5
174.5
177.5
175.0
173.5
175.0
174.5
174.0
173.0
173.0
172.0
172.5
175.0
176.0
178.0
171.5
170.0
171.0
170.0
183.0
181.0
177.0
171.0
