close
230.0
210.0
208.53
204.01
249.0
290.57
299.87
230.0
219.0
215.0
232.0
194.0
205.0
174.0
172.0
197.0
176.0
180.0
196.0
172.0
175.0
175.0
175.0
175.0
159.0
190.0
156.0
182.0
157.0
180.0
155.0
154.0
185.0
182.0
180.0
180.0
189.0
205.0
200.0
202.0
199.0
195.0
195.0
200.0
180.0
190.0
185.0
185.0
185.0
164.0
168.0
158.0
195.0
170.0
190.0
162.0
160.0
157.0
160.0
175.0
189.0
186.0
186.0
198.0
180.0
175.0
187.0
170.0
237.0
298.0
291.0
289.0
300.0
299.0
290.0
245.0
244.0
250.0
240.0
231.0
221.0
211.0
201.0
218.0
240.0
233.0
224.0
227.0
233.0
221.0
224.0
240.0
250.0
297.0
285.0
271.0
283.0
300.0
290.0
250.0
244.0
249.0
242.0
250.0
255.0
259.0
232.0
230.0
230.0
232.0
233.0
234.0
230.0
212.0
228.0
221.0
235.0
239.0
236.0
243.0
240.0
238.0
227.0
225.0
231.0
223.0
235.0
233.0
234.0
233.0
229.0
217.0
220.0
245.0
239.0
236.0
242.0
236.0
239.0
255.0
255.0
261.0
260.0
270.0
250.0
240.0
249.0
270.0
276.0
276.0
265.0
260.0
263.0
269.0
275.0
263.0
269.0
245.0
250.0
257.0
258.0
255.0
252.0
255.0
256.0
260.0
260.0
262.0
258.0
283.0
290.0
286.0
284.0
278.0
283.0
283.0
278.0
270.0
279.0
279.0
272.0
278.0
275.0
267.0
275.0
274.0
275.0
281.0
274.0
284.0
280.0
277.0
274.0
270.0
260.0
254.0
263.0
264.0
268.0
281.0
276.0
270.0
278.0
273.0
275.0
300.0
296.0
300.0
300.0
300.0
295.0
308.0
300.0
297.0
308.0
313.0
300.0
291.0
292.0
292.0
290.0
288.0
273.0
284.0
275.0
275.0
275.0
268.0
275.0
275.0
274.0
275.0
270.0
271.0
265.0
260.0
269.0
274.0
250.0
255.0
258.0
248.0
258.0
254.0
251.0
255.0
259.0
265.0
275.0
282.0
296.0
283.0
278.0
278.0
277.0
275.0
270.0
272.0
270.0
272.0
275.0
266.0
270.0
267.0
272.0
269.0
270.0
270.0
270.0
279.0
282.0
285.0
281.0
280.0
280.0
286.0
293.0
293.0
287.0
283.0
290.0
286.0
282.0
277.0
273.0
277.0
272.0
270.0
277.0
270.0
265.0
260.0
262.0
263.0
262.0
263.0
252.0
261.0
265.0
257.0
262.0
254.0
255.0
256.0
249.0
249.0
252.0
249.0
245.0
254.0
244.0
268.0
261.0
260.0
256.0
260.0
267.0
267.0
265.0
259.0
262.0
258.0
260.0
256.0
256.0
260.0
274.0
265.0
250.0
258.0
254.0
253.0
274.0
324.0
302.0
315.0
304.0
304.0
294.0
324.0
310.0
320.0
299.0
300.0
298.0
294.0
285.0
252.0
276.0
258.0
286.0
300.0
290.0
287.0
284.0
285.0
279.0
299.0
280.0
284.0
274.0
264.0
267.0
293.0
273.0
263.0
277.0
256.0
269.0
269.0
250.0
250.0
260.0
260.0
247.0
242.0
240.0
245.0
246.0
249.0
244.0
247.0
242.0
250.0
237.0
237.0
237.0
235.0
217.0
240.0
226.0
226.0
240.0
233.0
232.0
233.0
232.0
232.0
232.0
225.0
238.0
233.0
244.0
240.0
235.0
241.0
214.0
239.0
236.0
245.0
257.0
260.0
252.0
253.0
259.0
235.0
237.0
232.0
234.0
239.0
232.0
238.0
234.0
234.0
237.0
237.0
236.0
237.0
235.0
234.0
234.0
235.0
232.0
231.0
232.0
232.0
234.0
235.0
237.0
233.0
231.0
232.0
232.0
233.0
231.0
232.0
225.0
230.0
233.0
234.0
233.0
236.0
236.0
236.0
233.0
235.0
234.0
235.0
234.0
233.0
240.0
235.0
249.0
260.0
237.0
237.0
240.0
236.0
239.0
240.0
231.0
244.0
259.0
255.0
234.0
233.0
241.0
241.0
248.0
250.0
248.0
250.0
258.0
255.0
252.0
262.0
265.0
221.0
230.0
236.0
236.0
236.0
236.0
230.0
240.0
231.0
240.0
256.0
264.0
269.0
270.0
253.0
246.0
255.0
260.0
255.0
266.0
262.0
270.0
270.0
282.0
262.0
270.0
240.0
243.0
245.0
237.0
241.0
239.0
250.0
250.0
252.0
255.0
251.0
255.0
235.0
268.0
268.0
270.0
274.0
280.0
280.0
292.0
300.0
299.0
275.0
299.0
299.0
300.0
298.0
300.0
330.0
330.0
339.0
340.0
340.0
325.0
340.0
329.0
340.0
340.0
320.0
319.0
300.0
325.0
320.0
314.0
314.0
299.0
320.0
310.0
300.0
312.0
288.0
290.0
310.0
307.0
289.0
306.0
290.0
306.0
290.0
312.0
315.0
296.0
291.0
280.0
291.0
300.0
310.0
300.0
291.0
295.0
293.0
296.0
282.0
341.0
359.0
330.0
362.0
350.0
450.0
400.0
395.0
399.0
371.0
371.0
370.0
397.0
396.0
396.0
400.0
412.0
406.0
420.0
398.0
404.0
420.0
400.0
446.0
460.0
520.0
528.0
502.0
508.0
478.0
444.0
466.0
464.0
484.0
468.0
464.0
446.0
434.0
410.0
410.0
408.0
420.0
418.0
436.0
420.0
418.0
410.0
396.0
402.0
430.0
446.0
450.0
450.0
430.0
428.0
436.0
476.0
450.0
472.0
462.0
470.0
464.0
460.0
460.0
458.0
458.0
450.0
440.0
458.0
450.0
458.0
450.0
460.0
440.0
440.0
440.0
442.0
430.0
446.0
450.0
450.0
446.0
466.0
438.0
438.0
442.0
440.0
440.0
440.0
458.0
440.0
444.0
450.0
454.0
446.0
440.0
446.0
440.0
440.0
444.0
446.0
450.0
466.0
500.0
510.0
500.0
482.0
470.0
470.0
474.0
470.0
456.0
486.0
498.0
480.0
478.0
476.0
664.0
838.0
748.0
772.0
780.0
766.0
780.0
732.0
760.0
764.0
780.0
760.0
756.0
754.0
754.0
744.0
742.0
726.0
726.0
740.0
674.0
750.0
736.0
710.0
684.0
646.0
648.0
650.0
582.0
570.0
568.0
552.0
540.0
512.0
510.0
520.0
508.0
492.0
484.0
478.0
484.0
562.0
522.0
520.0
580.0
564.0
564.0
560.0
556.0
660.0
656.0
656.0
652.0
674.0
678.0
682.0
672.0
684.0
670.0
664.0
670.0
686.0
720.0
690.0
698.0
678.0
684.0
672.0
676.0
676.0
670.0
650.0
650.0
664.0
678.0
692.0
748.0
804.0
810.0
800.0
798.0
784.0
782.0
790.0
752.0
756.0
748.0
720.0
722.0
746.0
762.0
766.0
786.0
786.0
834.0
842.0
816.0
818.0
848.0
852.0
840.0
844.0
810.0
848.0
838.0
860.0
850.0
848.0
836.0
824.0
826.0
820.0
834.0
804.0
800.0
794.0
818.0
798.0
792.0
814.0
750.0
788.0
788.0
784.0
796.0
792.0
794.0
764.0
774.0
778.0
786.0
766.0
780.0
798.0
796.0
766.0
762.0
774.0
794.0
772.0
770.0
780.0
788.0
790.0
778.0
748.0
752.0
748.0
742.0
746.0
758.0
750.0
744.0
746.0
778.0
760.0
842.0
800.0
818.0
792.0
788.0
784.0
788.0
802.0
800.0
816.0
812.0
810.0
824.0
814.0
842.0
862.0
836.0
836.0
836.0
830.0
840.0
926.0
926.0
924.0
922.0
912.0
910.0
906.0
894.0
880.0
880.0
890.0
900.0
908.0
904.0
896.0
896.0
896.0
890.0
890.0
880.0
884.0
884.0
890.0
898.0
878.0
862.0
870.0
874.0
874.0
852.0
868.0
864.0
854.0
860.0
842.0
800.0
844.0
846.0
890.0
894.0
880.0
882.0
880.0
840.0
820.0
828.0
820.0
844.0
824.0
812.0
810.0
798.0
794.0
714.0
580.0
554.0
524.0
540.0
542.0
748.0
848.0
764.0
724.0
688.0
682.0
694.0
718.0
708.0
700.0
716.0
714.0
722.0
718.0
730.0
788.0
790.0
740.0
750.0
764.0
746.0
742.0
748.0
744.0
730.0
742.0
746.0
740.0
754.0
1054.0
938.0
804.0
776.0
770.0
750.0
726.0
724.0
720.0
730.0
730.0
730.0
732.0
734.0
726.0
880.0
824.0
840.0
788.0
788.0
798.0
798.0
788.0
790.0
790.0
780.0
782.0
780.0
782.0
