close
1206.0
1219.8
1217.0
1216.0
1214.0
1198.0
1208.6
1225.8
1222.8
1222.0
1235.6
1239.4
1261.2
1250.0
1255.0
1241.0
1215.8
1210.8
1202.0
1206.0
1199.4
1203.0
1194.2
1185.8
1176.4
1133.0
1140.0
1167.8
1186.2
1228.4
1238.8
1234.8
1235.0
1257.2
1300.0
1299.6
1322.4
1340.0
1285.6
1304.6
1310.0
1313.8
1305.0
1308.6
1311.2
1332.4
1322.8
1350.2
1366.8
1398.4
1426.4
1426.4
1453.8
1452.0
1465.2
1473.2
1448.0
1444.8
1436.4
1437.4
1399.2
1450.0
1468.0
1486.2
1515.0
1545.0
1590.4
1635.2
1645.2
1662.0
1670.6
1684.8
1671.6
1657.8
1650.0
1610.2
1604.0
1624.8
1644.4
1631.6
1590.6
1595.2
1551.0
1474.2
1437.4
1419.6
1454.4
1482.0
1116.6
1131.0
1167.2
960.6
1045.0
1010.8
934.6
873.8
934.0
987.0
924.2
951.6
960.4
940.0
882.0
831.8
900.0
860.8
835.0
862.0
950.0
956.2
959.0
931.0
940.6
912.4
940.0
913.2
891.0
895.0
875.0
843.0
858.0
875.0
904.0
940.0
999.0
1025.0
1025.0
1020.0
1024.0
1014.8
1036.6
1038.4
1043.0
1040.8
1049.6
1070.0
1082.0
1102.8
1144.2
1167.2
1184.6
1213.4
1221.2
1245.8
1273.2
1253.0
1203.8
1258.6
1235.6
1215.0
1222.4
1246.8
1214.0
1211.2
1205.0
1250.0
1312.8
1309.6
1335.0
1335.4
1371.8
1436.2
1457.4
1462.2
1458.0
1437.6
1447.0
1456.0
1503.8
1490.0
1460.0
1470.2
1504.4
1540.6
1531.6
1583.0
1615.8
1655.8
1661.2
1722.6
1770.0
1756.0
1775.8
1832.0
1804.6
1818.0
1778.2
1870.0
1879.2
1884.0
1951.4
1943.2
1919.0
1856.2
1800.0
1824.0
1770.0
1720.6
1788.4
1771.2
1804.0
1824.0
1892.0
1922.8
2000.0
1981.2
1895.0
1876.0
1893.4
1815.2
1835.8
1788.0
1800.0
1888.2
1845.0
1821.6
1839.4
1821.0
1830.6
1916.8
1968.0
1963.2
1962.2
1954.2
2165.0
2083.2
2026.0
2028.4
2070.0
2074.2
2045.2
2006.0
2011.0
2004.8
1985.0
1955.8
1929.0
1985.8
1898.0
1856.4
1905.4
1888.6
1827.6
1766.6
1702.0
1739.8
1805.4
1821.8
1877.8
1965.0
1937.0
1891.0
1872.2
1946.6
1989.2
2088.2
2144.8
2136.0
2158.4
2279.0
2246.8
2337.6
2299.8
2284.4
2300.0
2261.0
2263.0
2219.4
2201.2
2304.6
2244.0
2289.8
2360.0
2373.0
2445.8
2368.2
2440.0
2387.0
2357.0
2456.6
2271.6
2268.0
2308.4
2383.8
2423.0
2446.0
2430.0
2382.2
2376.4
2366.4
2355.0
2343.2
2365.2
2360.2
2360.4
2473.0
2454.0
2469.8
2925.0
2970.0
2912.2
2882.0
3008.2
3250.0
3449.8
3256.2
3171.4
3000.0
3065.0
3112.0
3049.8
3023.4
3053.2
3090.8
3243.0
3223.6
3223.4
3199.2
3254.8
3400.0
3474.6
3594.6
3530.6
3559.0
3598.0
3758.4
3900.0
3841.0
4060.0
4249.0
4192.0
3825.0
3899.8
3857.0
3888.0
3828.0
3820.8
3710.0
3805.0
3747.8
3755.4
3908.2
4309.8
4317.4
4513.6
4494.0
4280.2
4312.0
4425.0
4269.4
4289.6
4339.8
4337.8
4329.2
4475.2
4436.0
4568.8
4696.2
4733.6
4700.4
4590.8
4545.0
4558.8
4560.0
4450.0
4375.2
4354.8
4588.8
4560.6
4425.4
4354.8
4379.0
4463.2
4523.8
4477.0
4420.0
4319.0
4361.4
4444.0
4454.8
4512.0
4523.8
4827.4
4845.6
4657.4
4727.6
4610.0
4593.2
4636.8
4575.8
4645.0
4730.2
4756.0
4809.2
5097.8
5512.0
5491.0
5512.6
5472.2
5315.0
5183.0
5308.4
5230.0
5160.0
5300.0
5329.0
5723.0
5732.2
5532.2
5458.2
5440.0
5716.8
5728.6
5808.0
5889.0
6135.4
6124.4
6174.8
6210.0
6421.0
6347.0
6383.2
6630.0
6762.2
6680.6
6673.0
6625.0
6796.6
6527.4
6306.0
6393.0
6412.0
6379.0
6410.2
6480.0
6519.0
6523.2
6660.0
6474.8
6314.0
6357.0
6113.8
6169.8
6416.6
6544.2
6747.2
6749.0
6925.0
7062.2
7027.0
7025.2
7047.0
7213.6
7433.8
7213.0
6983.4
6844.4
7003.2
7029.0
7005.4
6807.0
6633.0
6600.8
6452.2
6889.4
6986.0
6999.4
6961.2
6897.0
6702.8
6752.2
6803.2
6794.0
6637.2
6486.8
6553.0
6740.0
6725.0
6687.0
6681.0
6693.0
6565.0
6449.4
6197.2
6402.0
6628.4
6778.6
6667.2
6835.0
6986.2
7140.0
7155.0
7206.0
7331.4
7610.4
7767.6
7820.2
7724.0
7805.0
7824.4
7853.0
7660.0
7600.0
7310.2
7268.0
7396.8
7310.0
7790.8
7867.0
7852.8
8025.0
8345.0
7983.6
7654.2
7508.0
7334.0
7422.6
7395.6
7242.2
7382.0
7094.4
6615.8
7048.0
6888.0
7262.0
6811.0
6938.2
7114.0
7358.0
7222.0
7307.6
6679.0
6563.0
6245.4
6322.4
6310.2
5919.8
5970.0
6140.2
6112.6
6119.0
6006.2
6105.0
5960.0
5972.8
5991.8
6013.2
6099.0
5960.8
6118.0
6364.4
6264.6
5805.0
5801.6
5830.0
5945.0
6192.8
5832.8
5509.8
5295.0
4720.0
4650.0
4822.8
4828.0
4600.0
4952.0
5089.8
5400.0
5421.2
5587.0
5665.0
5554.0
5235.0
5184.5
5005.0
5067.5
5698.0
5846.5
5314.5
5223.0
5519.5
5488.5
5147.0
4821.5
4475.0
4488.5
3039.5
3054.5
2990.0
2980.0
3318.5
3499.5
3664.0
3601.0
3500.0
3470.0
3274.5
3269.0
3217.0
3172.0
3010.0
2993.0
2722.0
2540.0
2590.0
2485.0
2270.0
1908.0
2073.0
2520.0
2700.0
2608.0
2402.0
2453.0
2304.0
2245.5
2032.0
2130.0
2185.0
2380.0
2402.0
2236.5
2194.0
2129.0
2146.5
2155.5
2220.5
2201.0
2164.0
2111.5
2110.5
2105.0
2018.0
1900.0
1859.5
1886.0
1777.0
1701.0
1597.0
1651.5
1737.0
1676.0
1725.0
1673.0
1649.0
1654.5
1635.0
1672.0
1927.0
1810.0
1690.0
