close
0.0086
0.0087
0.0088
0.0088
0.0088
0.0082
0.0078
0.0084
0.0088
0.0094
0.0093
0.009
0.0092
0.0091
0.009
0.0086
0.0086
0.0088
0.0089
0.0085
0.0084
0.0086
0.0087
0.0089
0.009
0.009
0.009
0.009
0.0091
0.0088
0.0089
0.009
0.0094
0.0095
0.0095
0.0101
0.0102
0.0106
0.0109
0.0115
0.012
0.0125
0.0117
0.0123
0.0121
0.0124
0.0123
0.012
0.0127
0.0125
0.0127
0.0127
0.0127
0.0127
0.0125
0.0132
0.0135
0.0137
0.0135
0.0137
0.0138
0.014
0.0137
0.0131
0.0138
0.0136
0.0129
0.0127
0.0129
0.0143
0.0142
0.0133
0.0142
0.0136
0.0142
0.014
0.014
0.0142
0.0146
0.0143
0.0139
0.0143
0.0144
0.0148
0.0147
0.015
0.0151
0.0151
0.0166
0.0164
0.0161
0.0152
0.0151
0.0143
0.0143
0.0142
0.0144
0.015
0.0153
0.0154
0.015
0.0154
0.0159
0.0163
0.0163
0.0169
0.0171
0.0169
0.0171
0.0173
0.0172
0.0169
0.0168
0.0163
0.0161
0.0164
0.0165
0.0171
0.0171
0.0171
0.0176
0.0177
0.0179
0.0176
0.0175
0.0173
0.0169
0.0173
0.0171
0.0179
0.0181
0.0191
0.0195
0.0193
0.0192
0.0186
0.0179
0.018
0.018
0.0181
0.018
0.0177
0.0176
0.0182
0.018
0.018
0.0178
0.0184
0.018
0.0188
0.0194
0.0198
0.0197
0.0205
0.0214
0.0213
0.022
0.0233
0.0235
0.0236
0.0231
0.0235
0.0238
0.0237
0.0238
0.0242
0.0241
0.0241
0.0239
0.0239
0.0238
0.0235
0.0237
0.0241
0.0242
0.0252
0.0254
0.0235
0.0229
0.0232
0.0232
0.0227
0.0233
0.0228
0.0222
0.022
0.0231
0.0226
0.0224
0.0233
0.0239
0.0234
0.0231
0.023
0.0226
0.0217
0.0214
0.0203
0.0191
0.0204
0.0214
0.0212
0.0204
0.0204
0.0216
0.0215
0.0194
0.0191
0.0192
0.0184
0.0187
0.019
0.0186
0.0186
0.0183
0.018
0.0181
0.0176
0.0174
0.0177
0.0182
0.0188
0.0189
0.0195
0.0202
0.0208
0.0196
0.0199
0.0195
0.0191
0.0196
0.0194
0.0192
0.0186
0.0186
0.0179
0.0183
0.0185
0.0187
0.0186
0.0186
0.0186
0.0185
0.0188
0.0186
0.0182
0.0181
0.0181
0.0178
0.018
0.0179
0.0181
0.0182
0.0184
0.0184
0.0191
0.0198
0.0207
0.0206
0.0209
0.0208
0.0206
0.021
0.0209
0.0206
0.0207
0.0215
0.0216
0.022
0.022
0.022
0.0217
0.0221
0.0211
0.0209
0.0211
0.0212
0.0211
0.021
0.0208
0.021
0.0211
0.0216
0.0223
0.0222
0.023
0.0237
0.0232
0.0232
0.0236
0.0238
0.024
0.0238
0.0238
0.0236
0.0235
0.0235
0.0232
0.023
0.0229
0.0227
0.0225
0.0225
0.0222
0.0221
0.0218
0.0228
0.0229
0.0226
0.0227
0.0224
0.0225
0.022
0.0216
0.0212
0.0216
0.0216
0.0212
0.021
0.021
0.0211
0.0214
0.0213
0.0216
0.0216
0.0217
0.0219
0.0217
0.0216
0.0216
0.0214
0.022
0.0217
0.0215
0.0217
0.0218
0.0215
0.0214
0.0214
0.0215
0.0215
0.0215
0.022
0.0217
0.0219
0.0217
0.0216
0.0215
0.0214
0.0214
0.0213
0.0213
0.0211
0.0211
0.0209
0.0208
0.0211
0.0212
0.0209
0.021
0.021
0.0211
0.0211
0.0213
0.0215
0.0216
0.0215
0.0216
0.0217
0.0221
0.0224
0.0221
0.0217
0.0218
0.0219
0.022
0.0229
0.0229
0.0229
0.0227
0.0227
0.0227
0.0227
0.0226
0.0223
0.0223
0.0223
0.0216
0.0216
0.0215
0.0213
0.0212
0.021
0.0201
0.0196
0.0193
0.0185
0.0191
0.0193
0.019
0.01849
0.017955
0.017458
0.017845
0.017828
0.017294
0.016999
0.016603
0.01619
0.016649
0.01672
0.01676
0.017471
0.01754
0.01773
0.018098
0.018599
0.018536
0.018102
0.018369
0.018995
0.019188
0.019
0.018672
0.018701
0.018728
0.0186
0.0185
0.017701
0.017698
0.01749
0.017565
0.016495
0.016781
0.017398
0.0172
0.01725
0.017
0.0168
0.016509
0.016461
0.016691
0.016402
0.0158
0.015451
0.016386
0.0162
0.016054
0.01599
0.015978
0.015597
0.015504
0.015601
0.01572
0.0156
0.015138
0.0155
0.01545
0.0155
0.015542
0.01595
0.016402
0.01629
0.01619
0.01648
0.01627
0.016464
0.016437
0.01691
0.016556
0.016896
0.016597
0.01634
0.0161
0.015902
0.016473
0.016259
0.01556
0.015286
0.014804
0.014529
0.014396
0.014396
0.014572
0.014768
0.015144
0.01586
0.01625
0.016
0.0158
0.015723
0.0159
0.015998
0.016049
0.015833
0.015859
0.015869
0.01585
0.015855
0.015691
0.0157
0.015616
0.015835
0.01578
0.015949
0.015849
0.015174
0.01468
0.0137
0.011932
0.011848
0.010616
0.010316
0.010652
0.011169
0.011099
0.011541
0.011049
0.010683
0.01059
0.01045
0.01045
0.010203
0.01015
0.010698
0.010696
0.010949
0.011078
0.011107
0.01136
0.01174
0.012661
0.01312
0.012573
0.012122
0.012153
0.012601
0.012762
0.012362
0.01216
0.012282
0.012294
0.011249
0.010313
0.010062
0.010851
0.010676
0.0112
0.010947
0.010766
0.010003
0.010013
0.01033
0.010577
0.010823
0.0107
0.01068
0.010373
0.010574
0.010384
0.010488
0.010325
0.010251
0.010436
0.010538
0.010399
0.010303
0.010715
0.011086
0.01088
0.010472
0.0106
0.010781
0.01123
0.011498
0.0109
0.010699
0.0106
0.01063
0.010587
0.010499
0.010397
0.010272
0.009991
0.010087
0.010079
0.009961
0.01
0.0104
0.0104
0.010544
0.0107
0.010695
0.010715
0.010449
0.010452
0.010302
0.01
0.009799
0.0098
0.009964
0.009694
0.009655
0.009416
0.0095
0.00924
0.008993
0.008886
0.00878
0.008744
0.008479
0.009199
0.009286
0.0096
0.00959
0.00959
0.0095
0.00948
0.009415
0.009412
0.009399
0.009199
0.008975
0.008999
0.009019
0.00905
0.00897
0.009099
0.009001
0.009068
0.00908
0.0093
0.009361
0.009522
0.0098
0.01014
0.01071
0.010888
0.011139
0.011975
0.011376
0.011078
0.0112
0.011074
0.01118
0.011001
0.010861
0.010998
0.011076
0.01097
0.011067
0.010911
0.010712
0.010632
0.010693
0.010561
0.0106
0.01015
0.010281
0.010477
0.01035
0.010383
0.010429
0.01045
0.01042
0.01024
0.010063
0.009985
0.009852
0.009925
0.010338
0.010294
0.01023
0.009999
0.01011
0.010098
0.010288
0.010202
0.009995
0.009889
0.010295
0.010076
0.009942
0.009747
0.009698
0.00965
0.00954
0.009448
0.009397
0.009279
0.00911
0.009019
0.009098
0.0086
0.00855
0.008611
0.008488
0.008225
0.0077
0.007734
0.00757
0.00762
0.007584
0.00726
0.007201
0.0068
0.006989
0.006864
0.006567
0.006536
0.006595
0.00687
0.006505
0.00655
0.006531
0.006751
0.00719
0.006833
0.006625
0.0063
0.00632
0.006302
0.0063
0.006611
0.006708
0.0068
0.006846
0.00683
0.00705
0.00714
0.007202
0.00707
0.00707
0.006931
0.00674
0.006652
0.00688
0.006654
0.006865
0.006888
0.007
0.006952
0.00691
0.006849
0.006834
0.006917
0.00676
0.00672
0.006771
0.006694
0.00681
0.0067
0.006595
0.006435
0.006215
0.006149
0.006
0.00598
0.006003
0.006017
0.005899
0.005884
0.005948
0.00599
0.006091
0.006119
0.00622
0.006399
0.006249
0.00625
0.006922
0.006879
0.006706
0.006723
0.006522
0.006865
0.0068
0.006771
0.006699
0.006632
0.006603
0.00655
0.006396
0.006303
0.0063
0.006268
0.006195
0.006174
0.00637
0.006298
0.00625
0.006479
0.006464
0.0071
0.007468
0.00749
0.007378
0.007183
0.00718
0.006988
0.006927
0.006748
0.006758
0.006775
0.007
0.006974
0.006919
0.00694
0.007045
0.007138
0.007068
0.006939
0.006996
0.006917
0.006798
0.00678
0.006879
0.006864
0.00682
0.006804
0.006645
0.006597
0.006633
0.00633
0.006326
0.006295
0.006338
0.00634
0.006292
0.006302
0.00629
0.006083
0.005997
0.00588
0.005637
0.005623
0.005748
0.005695
0.00569
0.005746
0.005676
0.005691
0.00572
0.00568
0.005649
0.005592
0.005566
0.005485
0.005386
0.005361
0.00539
0.005368
0.0054
0.005537
0.005764
0.005994
0.005991
0.006115
0.006185
0.0062
0.0063
0.00625
0.006248
0.006241
0.006256
0.006416
0.006658
0.006879
0.007083
0.007179
0.007495
0.0076
0.007595
0.007556
0.007554
0.007595
0.00783
0.007946
0.00795
0.008125
0.00815
0.008266
0.008234
0.008131
0.007897
0.0079
0.007889
0.007537
0.007258
0.007419
0.007733
0.007715
0.007701
0.00765
0.00791
0.007941
0.007919
0.007944
0.007937
0.007987
0.007851
0.007975
0.00794
0.007663
0.007601
0.00767
0.007525
0.00751
0.007558
0.007735
0.00773
0.007688
0.00739
0.007333
0.007076
0.006866
0.006939
0.00691
0.00697
0.006938
0.00688
0.006623
0.00633
0.0062
0.006443
0.006499
0.006392
0.006459
0.00632
0.006324
0.006276
0.006172
0.005849
0.005558
0.005676
0.005543
0.0053
0.005598
0.005574
0.005759
0.005599
0.00565
0.005787
0.006149
0.006377
0.006248
0.00615
0.00633
0.00639
0.006489
0.0065
0.006537
0.006488
0.006313
0.00643
0.006444
0.006443
0.006295
0.006379
0.006447
0.0064
0.00649
0.006249
0.00599
0.00602
0.00615
0.005969
0.005982
0.005949
0.006
0.00615
0.005903
0.005666
0.005841
0.005985
0.005773
0.005873
0.006149
0.006444
0.006492
0.006393
0.006336
0.006328
0.006243
0.006539
0.006698
0.00663
0.006647
0.00673
0.00675
0.00673
0.006715
0.006729
0.006665
0.006597
0.00653
0.006679
0.0068
0.006885
0.006846
0.006996
0.006618
0.006558
0.006421
0.00645
0.006441
0.00631
0.006289
0.0062
0.00612
0.006173
0.006467
0.00656
0.006484
0.0064
0.006401
0.006425
0.006473
0.006493
0.006555
0.006521
0.0065
0.006519
0.006606
0.006597
0.006568
0.00658
0.00661
0.00654
0.00672
0.006858
0.007025
0.006958
0.006998
0.006944
0.00697
0.007199
0.006977
0.007025
0.007053
0.00714
0.007002
0.00688
0.006997
0.006996
0.006961
0.006919
0.006771
0.0067
0.0066
0.00653
0.006529
0.006489
0.006282
0.006399
0.00637
0.006343
0.00637
0.00645
0.00661
0.006719
0.00677
0.006836
0.006833
0.006799
0.006794
0.006796
0.006827
0.00684
0.00682
0.006789
0.006801
0.00675
0.006714
0.006736
0.0067
0.00645
0.00634
0.006314
0.00609
0.006086
0.00603
0.006001
0.006077
0.005883
0.005975
0.00603
0.0061
0.0061
0.006084
0.00606
0.006025
0.005987
0.005963
0.005799
0.005848
0.005975
0.006094
0.0061
0.006109
0.006199
0.00645
0.006556
0.006471
0.00648
0.006365
0.006355
0.006455
0.00642
0.00623
0.006324
0.00645
0.00647
0.006397
0.00634
0.006307
0.006536
0.00661
0.00645
0.006489
0.006499
0.00639
0.00657
0.006566
0.00684
0.00702
0.006972
0.006897
0.006914
0.006937
0.006873
0.006814
0.00679
0.006727
0.00659
0.0064
0.006328
0.006359
0.006298
0.006453
0.006367
0.00644
0.006459
0.00645
0.00651
0.006454
0.006469
0.006621
0.006695
0.006595
0.006438
0.006426
0.006448
0.00645
0.006394
0.0064
0.006663
0.005996
0.006259
0.00602
0.006077
0.0063
0.005974
0.0066
0.006173
0.005933
0.006049
0.006659
0.006347
0.006348
0.0062
0.006539
0.006729
0.006581
0.006374
0.006395
0.00655
0.006578
0.00665
0.006621
0.006643
0.006486
0.006491
0.006546
0.007159
0.00724
0.00699
0.006757
0.006846
0.006786
0.00675
0.006799
0.006768
0.00661
0.006481
0.006299
0.006446
0.006597
0.006554
0.006458
0.006399
0.00645
0.006478
0.006429
0.00644
0.006599
0.006634
0.006598
0.006496
0.006649
0.006713
0.006837
0.006817
0.006639
0.006622
0.00653
0.006488
0.006529
0.006351
0.006416
0.006398
0.006388
0.00633
0.006384
0.006435
0.0064
0.006282
0.006321
0.00632
0.006337
0.006325
0.00634
0.006331
0.00634
0.006299
0.006316
0.006225
0.00618
0.006165
0.006585
0.006925
0.007061
0.007029
0.007044
0.00699
0.0068
0.006738
0.006592
0.006659
0.00646
0.006235
0.006198
0.006209
0.00632
0.006273
0.00628
0.006329
0.006183
0.0062
0.006274
0.006217
0.006301
0.006415
0.00638
0.006257
0.0063
0.006292
0.006401
0.006586
0.006693
0.00665
0.006399
0.006494
0.006497
0.006609
0.006533
0.0065
0.006534
0.006518
0.006455
0.00644
0.00648
0.006355
0.006488
0.00653
0.00659
0.00643
0.006438
0.006472
0.006295
0.00633
0.006337
0.006347
0.006422
0.006377
0.006398
0.006299
0.006183
0.005999
0.005958
0.005944
0.005845
0.005789
0.005749
0.00562
0.005685
0.00567
0.00572
0.005755
0.00563
0.0055
0.005025
0.004915
0.004885
0.004725
0.004825
0.004815
0.004845
0.004845
0.0048
0.004695
0.004715
0.00475
0.00491
0.00492
0.004935
0.00505
0.00523
0.005305
0.00517
0.00514
0.0052
0.00514
0.005185
0.00519
0.005125
0.00512
0.00502
0.00492
0.00495
0.005115
0.00515
0.00514
0.005245
0.00514
0.005215
0.005065
0.00497
0.0049
0.0048
0.004675
0.00443
0.00432
0.0041
0.003945
0.003945
0.0041
0.003775
0.00384
0.003895
0.004005
0.004115
0.00422
0.004445
0.00442
0.00449
0.004755
0.00454
0.00484
0.004955
0.005
0.00488
0.0048
0.004695
0.00474
0.00486
0.004865
0.004775
0.004695
0.00475
0.004745
0.00464
0.004575
0.004495
0.004385
0.00429
0.00432
0.004295
0.00423
0.004285
0.004245
0.00426
0.004245
0.00426
0.00415
0.00425
0.004455
0.004495
0.00442
0.00449
0.0044
0.00462
0.004545
0.00469
0.00487
0.004875
0.0048
0.00475
0.0048
0.004765
0.00468
0.004535
0.004595
0.0046
0.00459
0.004505
0.00445
0.004515
0.004475
0.00428
0.00451
0.004465
0.00475
0.004335
0.0042
0.00423
0.00411
0.004255
0.004335
0.00434
0.00439
0.004365
0.0043
0.004535
0.00453
0.004575
0.00449
0.004725
0.0047
0.004615
0.00451
0.004605
0.004625
0.004755
0.004785
0.004735
0.004695
0.004615
0.00454
0.00461
0.00468
0.004655
0.00471
0.0047
0.00475
0.004785
0.004875
0.00493
0.00511
0.005
0.005215
0.005185
0.005205
0.00511
0.005095
0.005145
0.005105
0.0051
0.00511
0.005
0.004995
0.004955
0.00495
0.005
0.0051
0.0051
0.00531
0.005325
0.0053
0.00546
0.00545
0.00538
0.00515
0.00515
0.005055
0.0051
0.00505
0.005
0.00505
0.005
0.005
0.004895
0.004775
0.00476
0.004595
0.004595
0.00458
0.004555
0.00455
0.00457
0.00456
0.004465
0.004625
0.00461
0.00458
0.00457
0.004555
0.004555
0.004535
0.00455
0.004545
0.00462
0.004605
0.004655
0.00463
0.004645
0.004675
0.004695
0.00469
0.00468
0.00471
0.00474
0.00461
0.0046
0.0046
0.00452
0.00425
0.004325
0.00435
0.00443
0.004475
0.00448
0.0044
0.00437
0.00441
0.00435
0.00432
0.00432
0.00433
0.00432
0.004315
0.00434
0.004295
0.004305
0.0043
0.0043
0.004305
0.00427
0.00427
0.004225
0.004195
0.004085
0.004165
0.004115
0.004085
0.00409
0.004095
0.00414
0.004085
0.00401
0.00405
0.00408
0.00408
0.004065
0.004055
0.00406
0.004005
0.004085
0.004175
0.00405
0.00406
0.00405
0.004005
0.00409
0.004085
0.004085
0.00405
0.00405
0.00408
0.00406
0.004065
0.004025
0.004065
0.004015
0.00402
0.00401
0.00402
0.00406
0.0041
0.004155
0.0043
0.004105
0.00422
0.004145
0.004195
0.004185
0.00418
0.00415
0.00418
0.004175
0.004165
0.004155
0.004175
0.00416
0.004155
0.00412
0.004165
0.004175
0.00417
0.004125
0.00413
0.00415
0.0042
0.004165
0.004165
0.00414
0.00413
0.004175
0.00422
0.00431
0.004255
0.004155
0.004145
0.004195
0.004135
0.00404
0.00399
0.004035
0.003935
0.00396
0.00402
0.00401
0.004055
0.00405
0.00399
0.00395
0.003995
0.00399
0.004085
0.00408
0.00408
0.004065
0.00403
0.004045
0.00401
0.004025
0.00394
0.00396
0.003935
0.00398
0.003965
0.00397
0.003975
0.00395
0.003975
0.00398
0.00407
0.00414
0.004105
0.00419
0.00419
0.004185
0.00415
0.004195
0.004315
0.004455
0.00459
0.004885
0.004825
0.004755
0.0047
0.004575
0.00468
0.004785
0.004755
0.004675
0.00464
0.004785
0.00479
0.00481
0.0048
0.00485
0.00508
0.00517
0.005275
0.00514
0.00509
0.00506
0.00503
0.00496
0.005055
0.00513
0.005105
0.005125
0.005205
0.005205
0.005135
0.00507
0.005165
0.005285
0.00543
0.005465
0.0055
0.005295
0.00532
0.005315
0.00534
0.005495
0.00546
0.005415
0.00538
0.00533
0.005295
0.005295
0.005285
0.0053
0.00532
0.005335
0.005315
0.00529
0.005215
0.00518
0.00499
0.005065
0.005045
0.00498
0.00493
0.004945
0.005
0.005025
0.00513
0.00511
0.00505
0.005025
0.004995
0.00491
0.004925
0.005
0.005005
0.00503
0.00519
0.005195
0.00519
0.004985
0.004995
0.00497
0.004965
0.00495
0.004885
0.00485
0.0049
0.005055
0.00527
0.005505
0.0059
0.0063
0.00644
0.006315
0.006435
0.00698
0.006965
0.00688
0.006835
0.00696
0.00734
0.00734
0.00745
0.00737
0.0074
0.0075
0.0075
0.007485
0.00735
0.0072
0.00702
0.00715
0.00701
0.00708
0.007145
0.007215
0.0073
0.00736
0.007245
0.00733
0.007375
0.00743
0.00782
0.008115
0.00836
0.00829
0.008235
0.008195
0.00803
0.00797
0.008115
0.00797
0.008115
0.00809
0.0081
0.008
0.00797
0.007885
0.0077
0.007825
0.007865
0.00775
0.00793
0.00785
0.00778
0.00764
0.007535
0.0077
0.007705
0.0077
0.00771
0.00769
0.007585
0.007515
0.007525
0.00744
0.007185
0.00735
0.00742
0.0075
0.007455
0.007395
0.007445
0.007485
0.00732
0.0071
0.00738
0.00785
0.0083
0.008655
0.0083
0.008645
0.008565
0.008665
0.00892
0.009065
0.00949
0.00936
0.00948
0.0095
0.00953
0.00963
0.009595
0.009795
0.009845
0.00985
0.01005
0.010275
0.011
0.01267
0.01237
0.0122
0.0124
0.01239
0.012975
0.012795
0.01207
0.012375
0.011535
0.011125
0.01151
0.012525
0.012875
0.01319
0.01465
0.015005
0.014835
0.01492
0.014445
0.014125
0.014945
0.01632
0.016225
0.01564
0.016135
0.01575
0.01546
0.01591
0.016
0.01584
0.01564
0.016175
0.016145
0.01615
0.01589
0.015845
0.01582
0.015455
0.01545
0.015875
0.0159
0.01569
0.015445
0.0153
0.01525
0.015205
0.015425
0.01544
0.015435
0.01579
0.01605
0.01637
0.016165
0.0156
0.01488
0.014655
0.015385
0.01585
0.015935
0.016
0.0153
0.014
0.01334
0.01247
0.01298
0.01301
0.01276
0.0131
0.014495
0.01498
0.01495
0.015145
0.015155
0.015275
0.0151
0.015155
0.015075
0.01488
0.01485
0.01465
0.01416
0.01415
0.013575
0.0128
0.01292
0.0134
0.013265
0.013105
0.01309
0.01293
0.01271
0.01192
0.012095
0.01266
0.01276
0.012585
0.01236
0.01255
0.013025
0.013195
0.0132
0.013025
0.013045
0.0133
0.012705
0.012475
0.0123
0.01241
0.012295
0.01223
0.011675
0.0122
0.0123
0.012265
0.01207
0.01232
0.0124
0.01155
0.0116
0.0118
0.0121
0.01217
0.012005
0.011995
0.012195
0.01215
0.01196
0.01174
0.01221
0.0119
0.012005
0.01205
0.012225
0.012385
0.01265
0.012545
0.01281
0.01272
0.013
0.01315
0.0131
0.012965
0.013015
0.01308
0.01322
0.013155
0.013445
0.01372
0.013485
0.0134
0.01332
0.01343
0.013595
0.01355
0.013435
0.013295
0.013725
0.013665
0.01301
0.013065
0.0133
0.013
0.013125
0.01291
0.013155
0.013075
0.013115
0.0131
0.01298
0.013075
0.013045
0.01311
0.013
0.012995
0.013595
0.0138
0.01347
0.01347
0.01378
0.0142
0.0145
0.01434
0.015
0.014765
0.014485
0.014135
0.01416
0.01373
0.01332
0.01339
0.01349
0.013105
0.013565
0.0133
0.013395
0.01333
0.01335
0.01337
0.01413
0.0145
0.01453
0.01435
0.01416
0.01425
0.014395
0.01447
0.0145
0.01439
0.01442
0.01445
0.01428
0.0143
0.014395
0.01448
0.0147
0.0145
0.0143
0.014145
0.0139
0.01374
0.01368
0.013515
0.01398
0.014085
0.01394
0.014045
0.013825
0.01338
0.013635
0.013775
0.013705
0.01359
0.013515
0.013325
0.01318
0.012775
0.012455
0.01243
0.01253
0.0124
0.0122
0.012
0.0125
0.012445
0.01242
0.0123
0.011935
0.01168
0.01151
0.011995
0.01228
0.01191
0.01185
0.01226
0.01216
0.01205
0.012
0.0121
0.012105
0.011815
0.0118
0.01182
0.011735
0.01185
0.01173
0.01151
0.01175
0.01198
0.012185
0.012285
0.012355
0.01248
0.01253
0.01236
0.01224
0.012
0.01188
0.011925
0.012105
0.012105
0.0124
0.01244
0.01261
0.0124
0.012165
0.012
0.01208
0.012
0.012105
0.012025
0.012015
0.01175
0.0118
0.011655
0.0115
0.011785
0.011995
0.01189
0.01178
0.0117
0.011795
0.0117
0.011655
0.0117
0.011795
0.011665
0.0117
0.01169
0.01185
0.011785
0.01174
0.01178
0.011765
0.011945
0.011845
0.0117
0.01172
0.011805
0.011795
0.01178
0.011825
0.01166
0.01164
0.0116
0.011565
0.01129
0.01146
0.0115
0.0116
0.011525
0.011455
0.011595
0.01152
0.01042
0.01038
0.009975
0.01018
0.01016
0.010015
0.01029
0.010455
0.01041
0.0105
0.0105
0.010645
0.010995
0.01126
0.01112
0.011365
0.01135
0.011155
0.01103
0.010985
0.01105
0.01107
0.010915
0.010975
0.011305
0.011035
0.0109
0.01084
0.010695
0.0106
0.010455
0.01047
0.010455
0.01019
0.01
0.009835
0.009615
0.00981
0.01013
0.01031
0.01031
0.010055
0.010235
0.010035
0.01004
0.01004
0.00999
0.010105
0.01021
0.009885
0.00958
0.009725
0.00964
0.009235
0.009225
0.00931
0.00919
0.00922
0.00921
0.009305
0.009245
0.00927
0.00935
0.009285
0.00933
0.009375
0.00927
0.009305
0.009415
0.009395
0.0093
0.00933
0.0092
0.009125
0.0092
0.00923
0.009115
0.00957
0.009715
0.00965
0.00955
0.00947
0.00933
0.009315
0.00955
0.00948
0.00932
0.009165
0.00899
0.00898
0.009095
0.00909
0.00905
0.00909
0.009105
0.00904
0.0091
0.009
0.008855
0.008895
0.00885
0.008865
0.008735
0.00885
0.0092
0.00938
0.00957
0.009375
0.009175
0.00897
0.00887
0.00894
0.0091
0.009135
0.009365
0.009525
0.009485
0.009715
0.00985
0.009925
0.009835
0.00965
0.00971
0.00999
0.00996
0.009925
0.010075
0.009675
0.009555
0.009555
0.009635
0.009385
0.00892
0.00902
0.009
0.009145
0.009165
0.009005
0.00886
0.008855
0.00879
0.00878
0.00858
0.00853
0.00867
0.008545
0.008585
0.008582
0.008642
0.00876
0.008792
0.008848
0.008688
0.008662
0.008642
0.008596
0.008634
0.0086
0.008636
0.008614
0.0086
0.008658
0.008608
0.008606
0.008588
0.00855
0.0088
0.00871
0.00874
0.009094
0.009046
0.00896
0.008984
0.008796
0.008746
0.008576
0.008548
0.00852
0.008508
0.00835
0.008458
0.008368
0.008164
0.00807
0.00795
0.00793
0.00791
0.007906
0.00799
0.00815
0.008304
0.008256
0.008362
0.0088
0.008728
0.00872
0.00881
0.00882
0.009028
0.00904
0.009248
0.009124
0.009168
0.0093
0.009382
0.009214
0.009124
0.00912
0.00917
0.0091
0.009132
0.00915
0.009002
0.00891
0.008902
0.008926
0.00889
0.008806
0.008646
0.008654
0.00868
0.00858
0.008644
0.008608
0.008718
0.008702
0.008674
0.008644
0.00849
0.00854
0.008612
0.008538
0.00855
0.00849
0.008516
0.008558
0.00852
0.008776
0.008718
0.00867
0.00865
0.00856
0.008504
0.00847
0.008364
0.00856
0.008418
0.008438
0.00844
0.00861
0.008608
0.008606
0.008554
0.00855
0.008684
0.008702
0.008522
0.008508
0.008528
0.008516
0.00853
0.008532
0.008578
0.00878
0.008908
0.008766
0.00878
0.008758
0.008762
0.0088
0.008912
0.009104
0.009334
0.00929
0.009226
0.008966
0.00882
0.008722
0.00881
0.00896
0.00915
0.00928
0.00929
0.00926
0.009276
0.009386
0.009448
0.009636
0.009466
0.0093
0.009308
0.00927
0.00944
0.009352
0.009428
0.009704
0.009926
0.0099
0.009976
0.010012
0.01017
0.010626
0.010834
0.01079
0.010842
0.0108
0.010874
0.010408
0.010438
0.010456
0.0105
0.010848
0.010796
0.0111
0.01108
0.010878
0.0104
0.01016
0.010302
0.010298
0.01026
0.01001
0.009952
0.009972
0.009988
0.01024
0.010248
0.010172
0.0099
0.009904
0.009904
0.0102
0.01029
0.010322
0.010256
0.0101
0.010278
0.010318
0.01029
0.010262
0.010288
0.010294
0.01031
0.01018
0.010158
0.0103
0.010488
0.010476
0.0106
0.01059
0.010614
0.010786
0.01079
0.0108
0.010676
0.01087
0.01095
0.011056
0.01156
0.01153
0.011472
0.011766
0.011798
0.0119
0.01195
0.01213
0.012262
0.01186
0.011988
0.011888
0.011858
0.011712
0.011602
0.011448
0.01158
0.011632
0.011564
0.011646
0.011298
0.011248
0.011214
0.011272
0.01141
0.01153
0.011744
0.01158
0.011542
0.011536
0.01172
0.011888
0.01195
0.011824
0.011788
0.011932
0.012004
0.01203
0.011874
0.011876
0.011878
0.011728
0.012048
0.01228
0.01249
0.012402
0.0125
0.01285
0.0128
0.012866
0.012728
0.012936
0.013112
0.013248
0.012976
0.01289
0.012932
0.0129
0.01269
0.012524
0.012368
0.0124
0.012762
0.01226
0.012414
0.012476
0.012624
0.01275
0.01276
0.012804
0.01305
0.01333
0.01342
0.01319
0.01315
0.0128
0.013
0.012852
0.012938
0.013
0.012958
0.012914
0.012886
0.0129
0.01292
0.012866
0.012896
0.012978
0.013176
0.013382
0.01312
0.01339
0.01379
0.014032
0.0139
0.013774
0.013686
0.013864
0.013374
0.013402
0.013698
0.01355
0.0132
0.01299
0.01319
0.0135
0.0133
0.01334
0.013266
0.01382
0.015438
0.016294
0.016476
0.015998
0.015764
0.0161
0.016138
0.016054
0.015556
0.01584
0.015216
0.014092
0.015052
0.015802
0.01554
0.01524
0.014754
0.01363
0.0131
0.01098
0.010958
0.0099
0.0091
0.00789
0.00865
0.0097
0.0093
0.009836
0.00956
0.00989
0.0095
0.009856
0.00985
0.01002
0.010128
0.010346
0.010976
0.01116
0.01122
0.01126
0.01141
0.0111
0.011202
0.010486
0.010844
0.011034
0.01086
0.01072
0.01091
0.01108
0.01085
0.011346
0.011398
0.0117
0.01184
0.011652
0.01185
0.01175
0.011686
0.011644
0.011492
0.011258
0.011202
0.01112
0.011442
0.0117
0.011946
0.01186
0.01207
0.012646
0.013274
0.013076
0.012894
0.012884
0.013196
0.013162
0.01326
0.013
0.013
0.013038
0.013
0.01301
0.012878
0.012912
0.01312
0.013162
0.013022
0.013186
0.013088
0.01315
0.013068
0.013088
0.01307
0.013062
0.01299
0.01324
0.012558
0.012498
0.0122
0.01235
0.012118
0.012074
0.01198
0.011814
0.01171
0.011948
0.012022
0.01239
0.01229
0.012214
0.012046
0.01206
0.01211
0.01216
0.011902
0.012096
0.01225
0.0124
0.01245
0.012306
0.01204
0.012144
0.01211
0.01217
0.012166
0.012122
0.01206
0.012034
0.01202
0.011856
0.011764
0.011768
0.01177
0.011702
0.01169
0.011562
0.011476
0.011586
0.011474
0.0113
0.011202
0.011272
0.01127
0.01136
0.01142
0.011504
0.0116
0.01164
0.011522
0.011568
0.0114
0.01119
0.011358
0.011256
0.01123
0.011186
0.011258
0.011278
0.01115
0.01088
0.010908
0.011048
0.011084
0.01082
0.01084
0.010738
0.01068
0.01051
0.010586
0.01038
0.010386
0.01036
0.010558
0.010498
0.010656
0.010608
0.010856
0.01104
0.010756
0.01076
0.010578
0.011322
0.01105
0.01106
0.011204
0.011516
0.0113
0.011156
0.011158
0.011114
0.011158
0.010992
0.011042
0.010954
0.0109
0.0109
0.01086
0.01084
0.010898
0.010898
0.01076
0.0109
0.010958
0.01085
0.010902
0.01083
0.010882
0.010908
0.01086
0.010852
0.01084
0.010838
0.01095
0.010914
0.01111
0.01085
0.01091
0.010902
0.010908
0.010936
0.010882
0.011056
0.01119
0.011448
0.01154
0.0117
0.01182
0.01201
0.01193
0.0116
0.01178
0.011746
0.011632
0.0116
0.011632
0.01145
0.01127
0.011304
0.01133
0.011224
0.01132
0.011168
0.011356
0.011322
0.011664
0.01153
0.011522
0.01162
0.011606
0.011538
0.011524
0.01151
0.01144
0.01137
0.011366
0.01111
0.01132
0.011598
0.011368
0.011154
0.01125
0.011
0.01112
0.011078
0.01103
0.01098
0.01097
0.011002
0.01105
0.011312
0.01157
0.011466
0.011422
0.011334
0.011404
0.0112
0.0113
0.011276
0.011202
0.011198
0.011448
0.01157
0.011566
0.0116
0.011774
0.01192
0.0119
0.01188
0.011754
0.01182
0.011896
0.012058
0.012204
0.012356
0.0121
0.0122
0.01196
0.012
0.011996
0.011988
0.012
0.012398
0.012034
0.011942
0.011878
0.011908
0.012016
0.012244
0.012298
0.012278
0.012234
0.012126
0.01207
0.012008
0.012038
0.011998
0.01233
0.012232
0.012308
0.01242
0.012552
0.01254
0.012504
0.012432
0.0125
0.012716
0.012818
0.012858
0.012736
0.0127
0.012834
0.01282
0.012814
0.01272
0.01277
0.01275
0.01273
0.012762
0.012632
0.01255
0.01249
0.01248
0.012574
0.012406
0.012322
0.012536
0.012394
0.012326
0.01218
0.011224
0.01111
0.011014
0.010914
0.0109
0.01109
0.01115
0.011094
0.01096
0.010926
0.011328
0.01092
0.011046
0.01106
0.011
0.011
0.011016
0.011226
0.011594
0.011556
0.011222
0.011476
0.0114
0.01145
0.011716
0.011674
0.01168
0.011688
0.011688
0.011696
0.01163
0.011624
0.01169
0.01168
0.011466
0.01143
0.011522
0.01151
0.01161
0.011476
0.011528
0.011472
0.01148
0.01148
0.011722
0.011856
0.011974
0.011914
0.01185
0.0117
0.011598
0.0115
0.0112
0.011196
0.011094
0.011
0.01096
0.011
0.010982
0.011016
0.010948
0.010978
0.010848
0.01075
0.01077
0.010688
0.010936
0.011188
0.011024
0.011188
0.011176
0.011278
0.01135
0.011142
0.0114
0.011348
0.011396
0.011818
0.011744
0.011444
0.01124
0.011366
0.011558
0.01134
0.011166
0.011108
0.0112
0.01124
0.011234
0.01118
0.011298
0.011258
0.01116
0.011246
0.011158
0.01105
0.011072
0.011012
0.010972
0.010884
0.010626
0.010718
0.01066
0.010808
0.010322
0.01027
0.01032
0.01038
0.010148
0.01018
0.00985
0.009952
0.009948
0.010012
0.010014
0.00966
0.009762
0.009682
0.00997
0.00975
0.009694
0.009778
0.009822
0.009822
0.00972
0.009744
0.0098
0.009896
0.009938
0.010134
0.0102
0.010116
0.010056
0.010004
0.01
0.009988
0.0097
0.009502
0.009428
0.009022
0.00924
0.009512
0.00938
0.008926
0.0092
0.009298
0.009396
0.009486
0.00969
0.009778
0.00957
0.009414
0.009518
0.00977
0.009734
0.009796
0.009712
0.00954
0.0097
0.00982
0.009912
0.009764
0.009546
0.009056
0.00924
0.006396
0.007362
0.00651
0.00634
0.007022
0.007602
0.007962
0.007568
0.007358
0.00732
0.007372
0.007388
0.00733
0.00721
0.007182
0.00694
0.007018
0.007038
0.007222
0.007134
0.007136
0.007116
0.00707
0.00712
0.007172
0.007222
0.007236
0.007224
0.007336
0.007458
0.007576
0.007414
0.0074
0.007656
0.00786
0.007902
0.007974
0.007836
0.0077
0.007852
0.007858
0.008224
0.008678
0.00831
0.00875
0.008692
0.008524
0.00887
0.008946
0.0088
0.008906
0.008822
0.008802
0.0093
0.009452
0.009608
0.00957
0.009604
0.009476
0.009398
0.009392
0.00937
0.009574
0.009792
0.00965
0.009032
