close
0.002959
0.002898
0.003
0.002721
0.0028
0.0028
0.002806
0.00298
0.002978
0.0028
0.003098
0.0034
0.003403
0.003719
0.00375
0.003501
0.003044
0.003199
0.003001
0.003121
0.003219
0.003397
0.0035
0.00349
0.00345
0.003129
0.003061
0.00298
0.003
0.003155
0.002911
0.002875
0.003108
0.002905
0.002827
0.002944
0.002888
0.002943
0.003041
0.002802
0.002891
0.002975
0.0029
0.003
0.003
0.003
0.002894
0.002999
0.0031
0.003001
0.003025
0.003002
0.0031
0.003001
0.00291
0.003067
0.002853
0.002803
0.002928
0.0029
0.0028
0.00273
0.00289
0.00283
0.00293
0.00297
0.00285
0.00283
0.0028
0.00282
0.0028
0.00297
0.00299
0.00297
0.003
0.00262
0.00293
0.00279
0.00297
0.00318
0.0031
0.0031
0.00321
0.00301
0.00311
0.00311
0.00301
0.003
0.00291
0.00295
0.00289
0.00279
0.00288
0.00304
0.003
0.00285
0.0029
0.003
0.00279
0.00309
0.00324
0.00314
0.00319
0.00312
0.0026
0.003
0.00286
0.00285
0.0029
0.0029
0.00295
0.00323
0.00321
0.00359
0.00327
0.00332
0.00329
0.00325
0.00302
0.00319
0.003
0.00306
0.00323
0.00308
0.00292
0.003
0.00296
0.00297
0.00295
0.00298
0.00289
0.0029
0.00285
0.00284
0.00279
0.00283
0.00281
0.00284
0.00292
0.00299
0.00305
0.0031
0.00315
0.00311
0.00311
0.00304
0.00304
0.00299
0.00304
0.00312
0.00322
0.00319
0.00323
0.00328
0.00321
0.00309
0.00302
0.00302
0.00302
0.00287
0.00298
0.00292
0.00293
0.0029
0.00292
0.00289
0.00289
0.00286
0.00293
0.00282
0.00284
0.00282
0.00281
0.00282
0.00286
0.003
0.00291
0.00285
0.00294
0.00293
0.00297
0.00297
0.00294
0.00295
0.00295
0.00292
0.00289
0.00292
0.00278
0.00284
0.00283
0.00276
0.00259
0.0026
0.00262
0.00282
0.00275
0.00268
0.00263
0.0027
0.00268
0.0026
0.00253
0.0026
0.0026
0.00252
0.00249
0.00254
0.0025
0.00249
0.00254
0.00255
0.00255
0.0025
0.0025
0.0024
0.0024
0.00227
0.0023
0.0024
0.00241
0.00242
0.00238
0.00247
0.00241
0.00239
0.00239
0.00244
0.00245
0.00243
0.00251
0.0026
0.00242
0.00243
0.00252
0.00249
0.00254
0.00251
0.00249
0.0025
0.00247
0.0025
0.00246
0.00247
0.0025
0.00253
0.0025
0.0025
0.00248
0.0025
0.00248
0.00245
0.00248
0.00255
0.00255
0.00259
0.00258
0.00262
0.0026
0.0026
0.00269
0.00259
0.0026
0.00273
0.00271
0.00261
0.00258
0.00264
0.00263
0.00264
0.00262
0.0026
0.0026
0.00262
0.00261
0.00264
0.0026
0.0025
0.00259
0.0026
0.00263
0.00269
0.00269
0.00266
0.00267
0.00255
0.00253
0.00262
0.0026
0.00259
0.0026
0.00268
0.00272
0.0027
0.00264
0.00253
0.00259
0.00265
0.00251
0.0025
0.00249
0.0025
0.00244
0.00248
0.0025
0.00248
0.00249
0.0025
0.0025
0.0025
0.00249
0.00241
0.0025
0.00249
0.00239
0.00239
0.00245
0.00236
0.00227
0.00221
0.00237
0.003
0.0027
0.00263
0.0025
0.0026
0.00261
0.00264
0.00265
0.00265
0.00261
0.0026
0.00265
0.00263
0.00265
0.00264
0.00269
0.00261
0.00262
0.0027
0.00266
0.00271
0.00263
0.0026
0.00258
0.00272
0.00257
0.00257
0.00256
0.00256
0.00254
0.00282
0.00271
0.00271
0.00266
0.00263
0.00262
0.00262
0.00252
0.00244
0.00248
0.0024
0.00244
0.00248
0.00243
0.00246
0.00241
0.00242
0.00244
0.00246
0.00244
0.0025
0.00248
0.00252
0.00248
0.0025
0.0025
0.00247
0.00251
0.00248
0.00248
0.00246
0.00253
0.00252
0.00253
0.00254
0.00251
0.00249
0.00245
0.0025
0.00244
0.00246
0.0025
0.00257
0.00267
0.00262
0.00255
0.0027
0.0026
0.00272
0.0028
0.00275
0.00275
0.00273
0.0026
0.00268
0.00267
0.00272
0.00266
0.00263
0.00263
0.00254
0.00261
0.0026
0.00257
0.00264
0.00269
0.00265
0.0027
0.00269
0.00272
0.00262
0.00259
0.00262
0.00262
0.00262
0.00256
0.00256
0.00263
0.00255
0.00254
0.0025
0.00245
0.00244
0.00252
0.00246
0.00246
0.00244
0.00244
0.00251
0.00246
0.00247
0.00261
0.00251
0.00254
0.00256
0.00247
0.00248
0.00246
0.0024
0.00242
0.00235
0.00235
0.00245
0.00249
0.00249
0.0025
0.0025
0.00248
0.0025
0.00251
0.0025
0.00249
0.00248
0.00247
0.00248
0.00247
0.00246
0.00246
0.00241
0.00243
0.00243
0.00248
0.00248
0.00248
0.00246
0.00247
0.00255
0.00252
0.0025
0.00249
0.00248
0.00251
0.00254
0.00258
0.0026
0.00265
0.00264
0.00261
0.00264
0.00268
0.00271
0.00268
0.00269
0.0027
0.00275
0.00274
0.00274
0.00272
0.0027
0.0031
0.00433
0.00462
0.00401
0.00385
0.00358
0.00345
0.00352
0.00328
0.00338
0.00345
0.0036
0.0035
0.00354
0.00355
0.00374
0.00351
0.00349
0.00355
0.00348
0.00351
0.00354
0.0035
0.0035
0.0035
0.00347
0.00346
0.00328
0.0033
0.00329
0.0033
0.00322
0.00314
0.00312
0.0032
0.00317
0.00318
0.00311
0.00309
0.00315
0.0031
0.00309
0.0031
0.00339
0.00335
0.0032
0.00335
0.00338
0.00334
0.00333
0.00331
0.00323
0.00324
0.00324
0.00323
0.00329
0.00353
0.00341
0.00342
0.0034
0.00332
0.0033
0.00335
0.00347
0.0034
0.00344
0.00347
0.00338
0.00342
0.00356
0.00352
0.00361
0.00366
0.00365
0.00364
0.00375
0.00375
0.00371
0.00371
0.00373
0.00374
0.00369
0.00379
0.00391
0.00419
0.00403
0.00396
0.00423
0.00431
0.00427
0.00413
0.00408
0.00401
0.00393
0.00386
0.00388
0.00384
0.00375
0.00398
0.00414
0.00412
0.0041
0.00417
0.0042
0.0042
0.00428
0.00432
0.00451
0.00455
0.00464
0.0045
0.00488
0.00503
0.005
0.00497
0.00494
0.00503
0.00481
0.0049
0.00483
0.00468
0.00462
0.00472
0.00473
0.00477
0.00478
0.00466
0.00457
0.00454
0.0044
0.00432
0.00425
0.00434
0.00437
0.00417
0.00412
0.00409
0.00403
0.0039
0.0039
0.00386
0.0039
0.00393
0.00387
0.00383
0.00337
0.00336
0.00343
0.00347
0.0035
0.0036
0.00365
0.00358
0.00359
0.00357
0.00359
0.00356
0.00356
0.00357
0.00348
0.00346
0.00338
0.00339
0.00343
0.00343
0.00347
0.00333
0.00328
0.00335
0.00334
0.00322
0.00331
0.00354
0.00344
0.0034
0.00333
0.0033
0.00324
0.00316
0.00318
0.00315
0.00317
0.00314
0.00313
0.00315
0.00318
0.00321
0.0032
0.00324
0.0032
0.00319
0.00318
0.00311
0.0031
0.00305
0.00303
0.0029
0.00307
0.00311
0.00303
0.00297
0.00299
0.00298
0.00293
0.00297
0.00298
0.00299
0.00302
0.00299
0.00302
0.003
0.00291
0.00293
0.00297
0.00299
0.00298
0.00303
0.00312
0.00314
0.00307
0.00303
0.00305
0.00313
0.00308
0.0031
0.00311
0.00312
0.0031
0.00317
0.00329
0.00326
0.00331
0.00329
0.00332
0.00321
0.0032
0.00323
0.00323
0.00325
0.00328
0.00335
0.0033
0.00327
0.00338
0.00338
0.00338
0.00337
0.00342
0.00347
0.00343
0.00337
0.00333
0.00328
0.00333
0.00333
0.00334
0.0034
0.00338
0.0033
0.0033
0.00331
0.00331
0.00335
0.00345
0.00351
0.0037
0.00379
0.00384
0.00375
0.00368
0.00367
0.00379
0.00377
0.00379
0.0038
0.00374
0.00379
0.00385
0.00395
0.00407
0.00439
0.0045
0.00475
0.00553
0.00541
0.00503
0.00496
0.005
0.0051
0.00497
0.00483
0.00479
0.00454
0.00445
0.00434
0.00435
0.00438
0.00441
0.00475
0.0047
0.00466
0.00457
0.00452
0.0045
0.0044
0.00433
0.00443
0.00432
0.0044
0.00432
0.00442
0.00438
0.00429
0.00416
0.00439
0.0047
0.00456
0.00464
0.00428
0.00407
0.00398
0.00403
0.00406
0.00402
0.00391
0.00398
0.00408
0.00409
0.0041
0.00406
0.00398
0.00399
0.00392
0.00412
0.00417
0.00416
0.00418
0.0041
0.00414
0.00414
0.00403
0.00395
0.0039
0.0038
0.00374
0.00378
0.00374
0.0037
0.00383
0.00363
0.0037
0.00379
0.00379
0.00388
0.00389
0.00392
0.00394
0.00419
0.00425
0.00424
0.00422
0.00421
0.00416
0.00426
0.00425
0.00405
0.00422
0.00427
0.0042
0.00439
0.00452
0.00475
0.00458
0.00444
0.00421
0.00399
0.00414
0.00416
0.00402
0.00406
0.00413
0.0041
0.0042
0.00405
0.00402
0.00404
0.00402
0.00428
0.0043
0.00437
0.00432
0.0043
0.00432
0.00435
0.00437
0.00427
0.00435
0.00431
0.0043
0.00416
0.00414
0.00415
0.0042
0.00422
0.00419
0.00422
0.00399
0.004
0.00406
0.00402
0.00401
0.00417
0.0042
0.00411
0.00404
0.00403
0.00401
0.00378
0.00382
0.0037
0.00381
0.00374
0.00369
0.0038
0.00383
0.00387
0.00381
0.00383
0.0038
0.00381
0.00379
0.0039
0.00396
0.00394
0.00389
0.00385
0.00388
0.00387
0.00386
0.00386
0.00376
0.00379
0.00383
0.00387
0.0039
0.0037
0.00367
0.0037
0.0037
0.0037
0.00368
0.00368
0.00356
0.00384
0.00385
0.00382
0.00373
0.00369
0.00369
0.00373
0.00367
0.00368
0.00369
0.00361
0.0036
0.00365
0.00361
0.00364
0.00363
0.00358
0.00357
0.00363
0.00371
0.00368
0.00363
0.00397
0.00375
0.00382
0.00379
0.00395
0.0037
0.00378
0.00382
0.00383
0.0038
0.00383
0.00382
0.00378
0.00377
0.00376
0.00374
0.00373
0.00372
0.00368
0.00372
0.0037
0.00367
0.00369
0.00373
0.00376
0.00377
0.00379
0.00373
0.00364
0.0037
0.00378
0.00365
0.00369
0.00368
0.00365
0.00358
0.00361
0.00368
0.00367
0.0036
0.00358
0.0035
0.00345
0.00349
0.00348
0.00351
0.00353
0.00351
0.0035
0.00349
0.00346
0.00337
0.00332
0.00338
0.00339
0.0034
0.00342
0.00351
0.00348
0.00347
0.00354
0.00348
0.00347
0.00344
0.00342
0.00342
0.00344
0.00345
0.00348
0.00343
0.00344
0.00346
0.00342
0.00338
0.00334
0.00335
0.00337
0.00339
0.00341
0.00347
0.00343
0.00345
0.0034
0.00337
0.00338
0.00332
0.00337
0.00329
0.00332
0.00332
0.003255
0.003335
0.003345
0.003345
0.003295
0.003305
0.0032
0.003275
0.00337
0.00332
0.00333
0.00332
0.003275
0.003255
0.003235
0.003235
0.003235
0.003245
0.00328
0.003235
0.00322
0.003235
0.003215
0.00319
0.003295
0.003305
0.00331
0.00332
0.003385
0.00334
0.00325
0.003215
0.00322
0.00324
0.003285
0.003275
0.003235
0.00323
0.003265
0.003285
0.003285
0.00329
0.00331
0.003325
0.00337
0.003345
0.00347
0.003455
0.003445
0.00352
0.003465
0.0036
0.00358
0.00355
0.003665
0.003645
0.00365
0.00366
0.00367
0.003725
0.003745
0.003675
0.003655
0.00368
0.003705
0.003745
0.003805
0.0038
0.003815
0.003795
0.00368
0.00372
0.003735
0.0037
0.003725
0.00371
0.003715
0.003675
0.003695
0.00368
0.003705
0.003695
0.003675
0.00362
0.003675
0.003685
0.003655
0.003655
0.00367
0.00367
0.003675
0.003665
0.003685
0.003685
0.0037
0.003775
0.00377
0.003835
0.003845
0.003825
0.00395
0.003915
0.003925
0.003925
0.003955
0.003935
0.00394
0.003925
0.003875
0.003895
0.003865
0.00379
0.00382
0.00383
0.0038
0.00379
0.0038
0.003785
0.00379
0.00378
0.00375
0.00374
0.00372
0.003695
0.003685
0.0037
0.003685
0.00365
0.003605
0.00363
0.003665
0.003625
0.003565
0.00362
0.003605
0.0035
0.00353
0.003455
0.00344
0.0034
0.00335
0.003345
0.00333
0.00331
0.00335
0.00337
0.00335
0.00336
0.00334
0.00339
0.003415
0.00339
0.003505
0.00351
0.00362
0.003605
0.0036
0.00356
0.00362
0.00359
0.00357
0.003555
0.00361
0.003635
0.003655
0.00365
0.00366
0.0037
0.003665
0.00367
0.00367
0.003705
0.003635
0.00358
0.003555
0.00352
0.00358
0.00363
0.0036
0.00361
0.003625
0.0036
0.00371
0.0037
0.00363
0.00363
0.0036
0.00346
0.00347
0.003475
0.003515
0.00352
0.0035
0.003545
0.00354
0.00353
0.00341
0.003405
0.0034
0.003415
0.00339
0.0034
0.003365
0.003345
0.003365
0.00341
0.00338
0.003405
0.0034
0.003385
0.0034
0.00346
0.003475
0.00347
0.003435
0.003505
0.00352
0.00349
0.003515
0.00347
0.00353
0.003445
0.003495
0.00351
0.00353
0.003515
0.003525
0.003475
0.003505
0.003455
0.003385
0.003435
0.00342
0.003415
0.003425
0.003415
0.00345
0.0034
0.003435
0.00341
0.00339
0.003415
0.00342
0.003445
0.003465
0.00345
0.00342
0.003375
0.00338
0.003395
0.00341
0.00341
0.003385
0.003355
0.0034
0.003415
0.003405
0.00342
0.003425
0.00345
0.003375
0.003355
0.003435
0.00338
0.003415
0.003445
0.003375
0.003435
0.00339
0.003395
0.003435
0.003435
0.00341
0.003405
0.003405
0.00342
0.00346
0.003545
0.0035
0.00348
0.00351
0.00349
0.00349
0.003515
0.00349
0.003455
0.003425
0.003435
0.00344
0.003455
0.003495
0.00351
0.003595
0.003595
0.0036
0.00361
0.003645
0.003635
0.003635
0.00375
0.00381
0.003785
0.00383
0.00381
0.003735
0.003745
0.003695
0.003685
0.003695
0.00373
0.003695
0.003695
0.003655
0.003635
0.00361
0.003735
0.00364
0.00367
0.003685
0.0037
0.003905
0.00399
0.0045
0.00518
0.004675
0.00452
0.004295
0.00467
0.004415
0.00431
0.004155
0.00398
0.00406
0.004315
0.00433
0.004155
0.00397
0.00368
0.003595
0.00321
0.0034
0.003075
0.003095
0.002795
0.00289
0.00325
0.00306
0.00321
0.00318
0.003625
0.00331
0.003405
0.003505
0.00364
0.003635
0.003685
0.00378
0.00361
0.00382
0.00382
0.0038
0.00373
0.003615
0.003595
0.00356
0.003705
0.003825
0.00367
0.003735
0.003695
0.004545
0.004325
0.00423
0.004525
0.004495
0.004445
0.0044
0.00439
0.004445
0.00446
0.004395
0.0043
0.004265
0.00409
0.004185
0.004105
0.00414
0.003995
0.004105
0.00416
0.004095
0.00412
0.00409
0.004085
0.004
0.004045
0.004
0.00397
0.00405
0.004025
0.00404
0.004045
0.003915
0.004005
0.00401
0.004045
0.004
0.00408
0.00404
0.00404
0.00399
0.003855
0.00398
0.003995
0.00397
0.003995
0.00398
0.00395
0.00393
0.0039
0.00393
0.00385
0.00389
0.003885
0.003875
0.00387
0.003885
0.003865
0.003855
0.003845
0.0038
0.00383
0.00382
0.00418
0.004095
0.004235
0.004165
0.00435
0.004235
0.00435
0.004245
0.00436
0.00424
0.00424
0.004265
0.004305
0.004295
0.004255
0.004235
0.004165
0.004275
0.004255
0.0042
0.00413
0.004085
0.004105
0.004035
0.00415
0.00407
0.004035
0.004
0.004035
0.004015
0.004015
0.00405
0.004035
0.00412
0.00416
0.00447
0.0044
0.00458
0.004375
0.004415
0.0044
0.004425
0.004345
0.00454
0.0046
0.004745
0.00466
0.004605
0.00456
0.00469
0.004695
0.00476
0.00477
0.004805
0.005295
0.005065
0.0049
0.00489
0.004865
0.00488
0.00493
0.005145
0.00513
0.005135
0.00513
0.004935
0.004915
0.00494
0.004975
0.00498
0.004965
0.00488
0.00487
0.00486
0.00483
0.00478
0.004605
0.004655
0.00457
0.004575
0.00455
0.00456
0.00458
0.004545
0.00461
0.004645
0.00462
0.00463
0.00461
0.00472
0.00473
0.00477
0.0048
0.004935
0.00495
0.00486
0.004875
0.004785
0.004805
0.004835
0.004765
0.004755
0.00464
0.00467
0.00467
0.0046
0.004615
0.00458
0.004605
0.00461
0.00463
0.004605
0.00461
0.004645
0.00481
0.00469
0.00466
0.00471
0.004665
0.0047
0.0047
0.00465
0.00466
0.004635
0.00468
0.0047
0.00465
0.004655
0.00466
0.004685
0.00456
0.0046
0.00462
0.00463
0.00465
0.004635
0.0046
0.00463
0.004625
0.004635
0.00461
0.00458
0.004485
0.005215
0.00469
0.00457
0.00463
0.004575
0.004485
0.004505
0.00452
0.004515
0.004495
0.00453
0.00445
0.004455
0.0044
0.00439
0.00438
0.004395
0.004445
0.00446
0.004455
0.0045
0.004405
0.00437
0.00429
0.004345
0.004315
0.0044
0.004425
0.00438
0.00438
0.004385
0.0043
0.00435
0.00434
0.00432
0.004295
0.0043
0.004365
0.00439
0.004455
0.00446
0.00447
0.00446
0.00461
0.00462
0.0047
0.004845
0.004735
0.004835
0.004935
0.0062
0.00579
0.00583
0.006
0.005545
0.00564
0.005695
0.005415
0.005385
0.00518
0.00558
0.00539
0.00531
0.005335
0.00534
0.00528
0.00537
0.00525
0.00535
0.00562
0.00558
0.005535
0.005985
0.00593
0.005835
0.006095
0.006095
0.006105
0.006125
0.00605
0.00605
0.00596
0.0059
0.005925
0.005985
0.0061
0.006075
0.00599
0.00594
0.00615
0.006025
0.00602
0.00605
0.00596
0.005985
0.00612
0.006085
0.005945
0.005965
0.005945
0.005985
0.00587
0.0058
0.00579
0.00549
0.00546
0.005515
0.0055
0.005475
0.005475
0.005605
0.00566
0.00568
0.005595
0.005585
0.0056
0.00555
0.00563
0.00557
0.005835
0.006035
0.00591
0.00601
0.006
0.00597
0.00588
0.00581
0.005945
0.00588
0.00592
0.00576
0.00573
0.005705
0.005565
0.005585
0.006
0.0056
0.005825
0.005745
0.00575
0.00589
0.00612
0.00611
0.005925
0.00607
0.006085
0.00601
0.00573
0.00587
0.00576
0.00561
0.00585
0.005775
0.005835
0.00591
0.006135
0.00629
0.006485
0.0063
0.006215
0.00634
0.00628
0.006505
0.00667
0.00674
0.006705
0.007195
0.007295
0.00683
0.00698
0.007
0.007
0.0071
0.007365
0.007295
0.0073
0.00705
0.007115
0.00704
0.00722
0.007305
0.00736
0.00728
0.00773
0.007845
0.00868
0.00819
0.008115
0.0083
0.00807
0.008
0.007895
0.00756
0.00732
0.007315
0.007765
0.00789
0.00776
0.00762
0.0078
0.007735
0.00768
0.00751
0.007235
0.007215
0.00725
0.007455
0.0073
0.00749
0.007395
0.00712
0.0072
0.007175
0.006995
0.007185
0.00713
0.00725
0.00721
0.00701
0.007095
0.00707
0.00697
0.00711
0.00715
0.007045
0.007055
0.00719
0.007095
0.00724
0.00695
0.00681
0.006695
0.0063
0.0065
0.006405
0.006225
0.00609
0.006225
0.006205
0.006415
0.00673
0.00682
0.009535
0.010935
0.0109
0.011055
0.01068
0.01087
0.010245
0.010545
0.01077
0.010645
0.010545
0.01045
0.011255
0.01114
0.01079
0.010795
0.006775
0.009465
0.007575
0.007555
0.00769
0.00785
0.007835
0.007775
0.00775
0.00774
0.00792
0.007905
0.007995
0.00791
0.00801
0.00801
0.0081
0.0081
0.008
0.00797
0.0081
0.00823
0.00812
0.00809
0.00805
0.008115
0.00807
0.0081
0.008215
0.00829
0.0083
0.008355
0.0084
0.00838
0.0084
0.008475
0.008515
0.008185
0.008005
0.007925
0.007965
0.008225
0.00802
0.007935
0.007995
0.008065
0.008055
0.008095
0.008085
0.00787
0.007915
0.008
0.0082
0.00805
0.008
0.00808
0.00801
0.0083
0.00847
0.008365
0.0086
0.008535
0.008525
0.0088
0.009095
0.008585
