close
0.0259
0.0259
0.0258
0.0257
0.0259
0.0259
0.0259
0.026
0.026
0.026
0.0261
0.0261
0.0261
0.0261
0.026
0.0261
0.026
0.0257
0.0258
0.0258
0.0257
0.0258
0.0258
0.0257
0.026
0.0259
0.026
0.0259
0.026
0.0261
0.026
0.0259
0.0257
0.0236
0.025
0.0255
0.0254
0.0254
0.0253
0.0249
0.025
0.0246
0.0243
0.0251
0.0255
0.0246
0.0237
0.023
0.0236
0.0165
0.0121
0.0112
0.009
0.011
0.0129
0.014
0.014
0.0106
0.01
0.0099
0.01
0.0105
0.0107
0.0104
0.0104
0.0108
0.0097
0.0087
0.0091
0.0089
0.0084
0.0077
0.0069
0.0057
0.0074
0.0067
0.0066
0.0062
0.0062
0.007
0.0079
0.0086
0.0101
0.0109
0.0102
0.0096
0.0089
0.0081
0.008
0.0075
0.007
0.0067
0.0066
0.0065
0.0067
0.0067
0.0068
0.0067
0.0069
0.0068
0.0069
0.007
0.007
0.0069
0.0067
0.0067
0.0068
0.0066
0.0064
0.006
0.0058
0.0053
0.0053
0.0052
0.005
0.0049
0.0047
0.0045
0.0044
0.0041
0.0041
0.0041
0.0042
0.0048
0.0048
0.0046
0.0044
0.0044
0.0042
0.004
0.004
0.0038
0.0038
0.0042
0.0042
0.0043
0.0042
0.0043
0.0043
0.0041
0.0041
0.0041
0.0041
0.004
0.0039
0.004
0.0041
0.0042
0.0046
0.0047
0.0055
0.0054
0.0055
0.0054
0.0052
0.0051
0.005
0.005
0.0051
0.0051
0.005
0.0055
0.0068
0.0066
0.0069
0.008
0.0078
0.0075
0.0074
0.0073
0.0065
0.0069
0.007
0.007
0.0069
0.0067
0.0065
0.007
0.0069
0.0084
0.0091
0.0105
0.0131
0.0136
0.013
0.012
0.011
0.0119
0.0119
0.0116
0.0116
0.0105
0.011
0.011
0.0107
0.0108
0.0104
0.0108
0.0111
0.0111
0.0107
0.0105
0.0109
0.0113
0.0116
0.0121
0.0117
0.0114
0.0115
0.0113
0.011
0.011
0.0104
0.0098
0.01
0.0103
0.0099
0.0099
0.0098
0.0095
0.0094
0.0092
0.009
0.0095
0.0092
0.0093
0.0091
0.0092
0.0101
0.0104
0.0101
0.01
0.01
0.0103
0.0097
0.0098
0.0094
0.0095
0.0091
0.0092
0.0095
0.0095
0.0101
0.0102
0.0099
0.01
0.01
0.0098
0.0098
0.01
0.0101
0.01
0.0095
0.0096
0.0098
0.0099
0.0098
0.0098
0.0098
0.0102
0.0098
0.01
0.0098
0.0097
0.0096
0.0097
0.0095
0.0095
0.0097
0.0097
0.0097
0.0099
0.0102
0.0103
0.0102
0.01
0.0103
0.0101
0.01
0.01
0.0103
0.0101
0.0101
0.0103
0.0101
0.0105
0.0107
0.0108
0.011
0.0111
0.0109
0.0107
0.011
0.0107
0.0107
0.0107
0.0105
0.0106
0.0105
0.0104
0.0101
0.0102
0.0103
0.0101
0.0097
0.0099
0.0095
0.0096
0.0091
0.0095
0.0097
0.0099
0.0099
0.0096
0.0098
0.0099
0.0102
0.01
0.0103
0.0103
0.0102
0.0103
0.0103
0.0103
0.0101
0.0102
0.0102
0.0102
0.0102
0.0102
0.0104
0.0103
0.0104
0.011
0.011
0.0111
0.0114
0.0115
0.0117
0.0111
0.0116
0.0117
0.0115
0.0114
0.0113
0.0113
0.0109
0.011
0.011
0.011
0.0111
0.0109
0.011
0.0113
0.0113
0.0114
0.0111
0.0111
0.011
0.0108
0.011
0.0109
0.0111
0.0112
0.0112
0.0111
0.0113
0.0111
0.0106
0.0108
0.0105
0.0107
0.011
0.0109
0.0109
0.0108
0.0109
0.0111
0.011
0.0109
0.0111
0.0111
0.0109
0.0112
0.0115
0.0115
0.0116
0.0121
0.0121
0.0121
0.0131
0.0134
0.0133
0.0134
0.0139
0.014
0.0138
0.0138
0.0136
0.0139
0.0141
0.0142
0.0144
0.0153
0.0158
0.0156
0.0168
0.0175
0.0188
0.0188
0.0174
0.0173
0.0178
0.0179
0.018
0.0177
0.0177
0.0169
0.0164
0.0164
0.0165
0.016
0.0166
0.0165
0.0159
0.0157
0.0158
0.0154
0.0146
0.015
0.0148
0.0137
0.0141
0.0147
0.0146
0.0143
0.0141
0.0143
0.014
0.0132
0.0133
0.0133
0.0127
0.0133
0.0134
0.0131
0.013
0.0129
0.0134
0.0139
0.0136
0.0134
0.0133
0.0133
0.0139
0.0136
0.0137
0.0135
0.0134
0.0135
0.014
0.0143
0.0142
0.0138
0.0134
0.0134
0.0128
0.0131
0.0126
0.0127
0.0127
0.0129
0.0127
0.0129
0.0128
0.0132
0.0131
0.0129
0.0125
0.0126
0.0127
0.0127
0.0127
0.0127
0.0126
0.0128
0.0127
0.0128
0.0133
0.0132
0.0136
0.0133
0.0136
0.0136
0.0138
0.0141
0.0142
0.014
0.014
0.014
0.0143
0.0148
0.0147
0.0147
0.0146
0.0144
0.0144
0.0144
0.0146
0.0145
0.0146
0.0152
0.0154
0.0152
0.0154
0.0158
0.0154
0.0154
0.0156
0.0159
0.0158
0.0155
0.0156
0.0154
0.0156
0.0156
0.0157
0.0157
0.0158
0.0157
0.0155
0.0154
0.0156
0.0158
0.016
0.0157
0.0156
0.0154
0.0154
0.0155
0.0156
0.0161
0.016
0.0159
0.0159
0.0161
0.0159
0.0158
0.0159
0.0157
0.0159
0.0158
0.0159
0.0161
0.0162
0.0161
0.0162
0.0162
0.0161
0.0161
0.0161
0.0159
0.0159
0.0161
0.016
0.016
0.0163
0.0162
0.0164
0.0167
0.0159
0.0158
0.0159
0.0159
0.016
0.0166
0.0167
0.0165
0.0165
0.0168
0.0166
0.0165
0.0165
0.0165
0.0165
0.0164
0.0164
0.0165
0.0165
0.0162
0.0164
0.0165
0.0166
0.0167
0.0165
0.0166
0.0163
0.0161
0.0166
0.0167
0.0167
0.0166
0.0166
0.0162
0.0162
0.0162
0.0163
0.016
0.0161
0.0159
0.016
0.0159
0.0155
0.0153
0.0153
0.0154
0.0155
0.0155
0.0154
0.0155
0.0152
0.0148
0.0148
0.0146
0.0147
0.0147
0.0144
0.0142
0.0139
0.0134
0.0136
0.014
0.0139
0.013878
0.01325
0.01327
0.01315
0.0129
0.0122
0.01202
0.0114
0.010999
0.010817
0.01091
0.0108
0.01148
0.011801
0.011846
0.012251
0.012226
0.01245
0.012001
0.0124
0.014746
0.01366
0.013
0.01285
0.012851
0.01301
0.013082
0.012699
0.012411
0.0124
0.012002
0.011811
0.0114
0.011532
0.011671
0.011437
0.011763
0.011845
0.011731
0.011845
0.011985
0.012
0.012034
0.0123
0.011791
0.012
0.012052
0.01172
0.011503
0.011336
0.0115
0.011151
0.011111
0.0113
0.011105
0.01035
0.010326
0.01038
0.010308
0.010799
0.01075
0.01063
0.01088
0.010641
0.01098
0.010721
0.010805
0.010854
0.010749
0.010696
0.01079
0.01082
0.010545
0.010602
0.010613
0.0108
0.010637
0.0106
0.010677
0.01065
0.010672
0.01009
0.0085
0.0103
0.010241
0.0103
0.010398
0.0107
0.011066
0.010701
0.010535
0.01069
0.010802
0.010816
0.01073
0.010602
0.010601
0.010654
0.010605
0.010551
0.0106
0.010603
0.0106
0.010533
0.010612
0.010602
0.01057
0.010401
0.010001
0.0099
0.009632
0.009449
0.008972
0.00905
0.00921
0.009253
0.009599
0.009569
0.00924
0.009261
0.00915
0.00916
0.009038
0.00869
0.009
0.009011
0.0093
0.009298
0.009148
0.009
0.009061
0.0092
0.009375
0.009046
0.008872
0.008797
0.008724
0.0092
0.009263
0.00915
0.009099
0.00911
0.00885
0.0085
0.008504
0.00868
0.008512
0.008576
0.008555
0.008199
0.00801
0.008015
0.008271
0.0083
0.008763
0.00914
0.009
0.008932
0.0093
0.00903
0.009101
0.008888
0.008833
0.008801
0.00899
0.0088
0.008953
0.009
0.009021
0.008999
0.0088
0.008876
0.00899
0.008945
0.008925
0.008855
0.008932
0.0089
0.00899
0.008821
0.00885
0.00881
0.0086
0.0085
0.0086
0.00852
0.008575
0.00865
0.008765
0.008741
0.008754
0.00875
0.008566
0.008702
0.008508
0.00845
0.0086
0.008001
0.007899
0.00785
0.0079
0.007901
0.0077
0.0078
0.00765
0.0076
0.00735
0.007052
0.007057
0.007094
0.006975
0.008158
0.007
0.0072
0.007122
0.00718
0.007102
0.00725
0.0073
0.0073
0.007275
0.00722
0.007305
0.007429
0.00735
0.0075
0.007472
0.007773
0.0077
0.007716
0.007625
0.007606
0.007157
0.007067
0.0073
0.00758
0.00795
0.007845
0.007702
0.008
0.008057
0.008194
0.0082
0.008192
0.008
0.007989
0.007979
0.007885
0.007933
0.007852
0.008
0.00791
0.007798
0.00768
0.007661
0.0077
0.007685
0.007667
0.007694
0.007748
0.00771
0.007651
0.007695
0.0076
0.00761
0.0075
0.007431
0.007494
0.007477
0.007451
0.007427
0.0075
0.007331
0.007137
0.007321
0.007377
0.007365
0.007051
0.007174
0.007098
0.006999
0.00697
0.006875
0.00674
0.006822
0.006666
0.00643
0.006343
0.006441
0.00625
0.0063
0.006135
0.0062
0.005997
0.0059
0.005825
0.00587
0.00573
0.00565
0.0057
0.00573
0.00573
0.005779
0.0056
0.005698
0.005378
0.005446
0.005367
0.00524
0.005071
0.005223
0.00518
0.005103
0.00505
0.004964
0.00505
0.005
0.005003
0.0045
0.004501
0.004338
0.004315
0.00445
0.004645
0.004555
0.004605
0.004587
0.0046
0.004542
0.004611
0.00455
0.00445
0.004558
0.004397
0.004299
0.004248
0.004288
0.004292
0.004468
0.004479
0.00445
0.004499
0.004415
0.004395
0.00442
0.004431
0.004366
0.00431
0.004438
0.0044
0.00434
0.004361
0.004404
0.004396
0.00433
0.004337
0.004314
0.004323
0.004343
0.0043
0.004328
0.00435
0.00429
0.00433
0.0044
0.00443
0.004475
0.004736
0.004692
0.004768
0.005039
0.004997
0.00486
0.004857
0.0049
0.005051
0.00509
0.005235
0.005124
0.005069
0.004947
0.004825
0.004785
0.004791
0.004865
0.004813
0.004792
0.004777
0.004851
0.004878
0.004796
0.004871
0.004924
0.004999
0.004951
0.004957
0.00478
0.004809
0.004817
0.0047
0.004659
0.004466
0.004506
0.004333
0.004428
0.004438
0.004398
0.004365
0.00438
0.00443
0.004397
0.004346
0.004401
0.00437
0.00437
0.004377
0.00445
0.004574
0.004486
0.004421
0.004382
0.0043
0.004254
0.00415
0.004065
0.004034
0.003985
0.003957
0.00391
0.003936
0.003781
0.00371
0.003623
0.00361
0.0036
0.0036
0.003625
0.003736
0.003844
0.00377
0.003731
0.003551
0.003615
0.0037
0.003663
0.00379
0.003715
0.00385
0.003819
0.003648
0.003547
0.0035
0.00348
0.00357
0.003632
0.00354
0.003502
0.003518
0.003508
0.003508
0.003493
0.003486
0.003483
0.003536
0.003483
0.00355
0.00364
0.00386
0.003821
0.003858
0.003854
0.003979
0.004099
0.00408
0.004631
0.0049
0.0048
0.005207
0.005899
0.0068
0.005837
0.005644
0.005629
0.005469
0.002691
0.00277
0.002728
0.0026
0.002613
0.00266
0.002679
0.002656
0.002695
0.002697
0.002689
0.002755
0.002773
0.002773
0.002779
0.002838
0.002905
0.003068
0.00348
0.003528
0.003726
0.003342
0.003277
0.00326
0.00302
0.003135
0.003
0.0029
0.002992
0.00311
0.003166
0.003231
0.003244
0.003301
0.003445
0.00312
0.00298
0.003012
0.002955
0.002877
0.002807
0.0028
0.002751
0.002828
0.002806
0.00279
0.002769
0.002732
0.002716
0.002616
0.002544
0.002497
0.002354
0.0024
0.002258
0.0023
0.002257
0.002305
0.002309
0.002328
0.002485
0.002528
0.0026
0.00252
0.002529
0.002469
0.002469
0.0025
0.002469
0.002438
0.002463
0.002448
0.002499
0.00245
0.002487
0.002485
0.00257
0.002565
0.002562
0.002535
0.002535
0.00249
0.002565
0.002635
0.002715
0.002735
0.002745
0.00266
0.002735
0.002735
0.00283
0.00279
0.00284
0.00281
0.00281
0.002825
0.00276
0.0028
0.0028
0.002895
0.00295
0.002995
0.002995
0.002925
0.003
0.00287
0.0029
0.00291
0.002875
0.00295
0.002955
0.003
0.003
0.003
0.002875
0.00283
0.002795
0.0028
0.00281
0.00285
0.00285
0.00286
0.00272
0.00277
0.00285
0.00293
0.00314
0.003095
0.0032
0.0033
0.00339
0.003495
0.00352
0.0034
0.00336
0.003365
0.00348
0.003395
0.00338
0.00336
0.00362
0.003795
0.004015
0.00381
0.00361
0.00351
0.00348
0.003425
0.003365
0.003235
0.00341
0.00309
0.00302
0.00305
0.003025
0.00296
0.003045
0.003025
0.002975
0.002975
0.002985
0.00293
0.0029
0.002835
0.00278
0.00275
0.00289
0.0029
0.002905
0.002895
0.00301
0.0031
0.00318
0.00315
0.00314
0.003105
0.003025
0.00303
0.003035
0.003065
0.003155
0.00319
0.003215
0.00318
0.00314
0.00317
0.00313
0.002995
0.002975
0.002955
0.00285
0.002835
0.002765
0.002745
0.00265
0.002715
0.00265
0.00269
0.00267
0.00283
0.00272
0.002675
0.002655
0.002605
0.00264
0.002735
0.002895
0.002915
0.00277
0.00279
0.00279
0.00284
0.002855
0.002785
0.002775
0.002705
0.0027
0.002715
0.00273
0.002685
0.00266
0.00265
0.00266
0.00262
0.00257
0.00262
0.00268
0.00268
0.00265
0.002675
0.002675
0.0026
0.002655
0.002655
0.002685
0.00265
0.00264
0.002625
0.00263
0.00266
0.00266
0.002645
0.002675
0.00262
0.002655
0.00261
0.00264
0.002615
0.00263
0.00262
0.00259
0.002585
0.0026
0.00258
0.002565
0.002585
0.00258
0.00258
0.002565
0.00256
0.00256
0.002495
0.00254
0.00276
0.002655
0.002685
0.00261
0.0026
0.00258
0.002575
0.00259
0.002565
0.00255
0.002515
0.002525
0.002555
0.00255
0.002535
0.002535
0.00252
0.002525
0.00249
0.002495
0.002485
0.002465
0.0025
0.00249
0.002455
0.00249
0.00262
0.0027
0.00269
0.002655
0.0027
0.00278
0.002805
0.00275
0.00272
0.0028
0.0028
0.002785
0.00272
0.00267
0.002675
0.00269
0.002705
0.00269
0.00267
0.00264
0.002625
0.00267
0.002665
0.00268
0.002625
0.002625
0.002635
0.00266
0.00271
0.00271
0.002705
0.002705
0.002705
0.00269
0.002665
0.00262
0.00264
0.00265
0.002645
0.002635
0.00259
0.002575
0.002585
0.00255
0.0026
0.002555
0.00251
0.00247
0.00255
0.00253
0.00257
0.00253
0.00251
0.0025
0.002485
0.00251
0.0025
0.002495
0.00249
0.00248
0.00248
0.00249
0.002485
0.00248
0.00249
0.00252
0.0025
0.002485
0.00244
0.00245
0.002425
0.00226
0.002315
0.00242
0.002585
0.003595
0.00311
0.00272
0.002635
0.002755
0.00271
0.00267
0.002715
0.002725
0.002715
0.00272
0.002745
0.00285
0.00281
0.002825
0.002835
0.00283
0.00284
0.00305
0.003075
0.00305
0.002945
0.003015
0.00295
0.003125
0.00291
0.002885
0.0029
0.002815
0.002815
0.002875
0.0029
0.0029
0.00288
0.002825
0.002805
0.002775
0.0027
0.002595
0.00259
0.002505
0.00255
0.00261
0.002565
0.002585
0.0026
0.00258
0.00254
0.002645
0.0026
0.00268
0.00267
0.002715
0.00268
0.00266
0.002645
0.00261
0.002555
0.002525
0.00246
0.002415
0.00237
0.002325
0.00228
0.00225
0.0023
0.00224
0.00221
0.002215
0.00227
0.002285
0.00228
0.002255
0.002275
0.00231
0.00236
0.00256
0.00242
0.00244
0.002465
0.00242
0.002345
0.002375
0.002335
0.002375
0.00239
0.002415
0.00247
0.00245
0.00243
0.002445
0.0025
0.00253
0.00248
0.002505
0.002495
0.002485
0.002435
0.00248
0.002475
0.00244
0.002375
0.00242
0.002385
0.00239
0.002385
0.002385
0.00248
0.002435
0.00243
0.00242
0.002425
0.002405
0.00247
0.002455
0.00244
0.00242
0.002405
0.002405
0.002365
0.0023
0.00231
0.002275
0.002545
0.002475
0.00247
0.00247
0.00241
0.002325
0.002375
0.00236
0.002355
0.002345
0.002355
0.002555
0.002495
0.00251
0.002575
0.002535
0.002475
0.002505
0.00252
0.002505
0.00253
0.00254
0.0025
0.002435
0.00242
0.00243
0.00242
0.00241
0.00247
0.00248
0.00254
0.00249
0.00248
0.002495
0.00248
0.002475
0.00254
0.002575
0.002525
0.00252
0.00252
0.00251
0.002525
0.00259
0.00264
0.00271
0.00267
0.00267
0.0027
0.00277
0.00279
0.00276
0.002775
0.0028
0.00281
0.002845
0.0028
0.002745
0.002725
0.003005
0.0039
0.00351
0.003265
0.003275
0.00324
0.003175
0.00312
0.003045
0.003065
0.003045
0.00319
0.003105
0.003075
0.00315
0.0032
0.00309
0.003115
0.003135
0.003065
0.00305
0.003165
0.00313
0.00312
0.00311
0.00306
0.002975
0.00292
0.00296
0.00296
0.00299
0.00295
0.00295
0.002875
0.00291
0.0029
0.00289
0.00285
0.00287
0.002895
0.00289
0.002885
0.002875
0.002895
0.003
0.003035
0.003085
0.003055
0.003
0.002975
0.002965
0.002965
0.002965
0.00295
0.002955
0.00299
0.003115
0.003175
0.00318
0.00315
0.003145
0.003145
0.003205
0.003295
0.00326
0.003205
0.003235
0.003235
0.003235
0.003285
0.003295
0.003315
0.003355
0.003315
0.00333
0.00338
0.003385
0.003435
0.003405
0.003375
0.003405
0.003395
0.003465
0.00361
0.003685
0.003615
0.00358
0.003665
0.00378
0.003675
0.00359
0.003605
0.00343
0.003395
0.00339
0.00338
0.00339
0.003355
0.00341
0.003465
0.003495
0.003575
0.00358
0.0036
0.003585
0.003695
0.00377
0.003925
0.00393
0.003985
0.00396
0.004075
0.0041
0.00399
0.003915
0.003955
0.004005
0.00396
0.00399
0.00398
0.003925
0.00392
0.00398
0.00401
0.004005
0.00404
0.00404
0.003975
0.003975
0.003935
0.00385
0.00378
0.00377
0.003835
0.003755
0.003825
0.00375
0.00366
0.00355
0.003525
0.003575
0.003505
0.00343
0.003445
0.003355
0.00315
0.003155
0.00314
0.0032
0.00326
0.00334
0.003385
0.00334
0.003375
0.003365
0.003375
0.003315
0.00328
0.003175
0.0032
0.003175
0.003165
0.00317
0.00319
0.003175
0.0032
0.0031
0.003
0.00302
0.003
0.002995
0.00296
0.003225
0.003165
0.00321
0.00316
0.003075
0.00298
0.00295
0.002995
0.00302
0.002995
0.00299
0.002985
0.00297
0.00292
0.00295
0.00297
0.002895
0.002905
0.00287
0.0029
0.00288
0.002895
0.00279
0.002765
0.00272
0.0028
0.00284
0.002825
0.00278
0.002765
0.00272
0.00275
0.00273
0.00278
0.002805
0.00276
0.002805
0.002785
0.00273
0.00268
0.002685
0.00266
0.00266
0.00265
0.002675
0.002715
0.00265
0.002655
0.002665
0.00266
0.002685
0.00265
0.0027
0.002725
0.002755
0.002735
0.002765
0.002845
0.00283
0.00288
0.00289
0.00285
0.0028
0.002805
0.00279
0.002825
0.00285
0.00288
0.002955
0.002935
0.00287
0.0029
0.002915
0.00291
0.002915
0.002925
0.002925
0.002925
0.00288
0.00289
0.002885
0.002885
0.00292
0.002905
0.00291
0.00292
0.002895
0.002885
0.002855
0.002865
0.002905
0.002925
0.00315
0.00304
0.00305
0.00304
0.002925
0.002875
0.002965
0.003
0.002995
0.00302
0.00309
0.00306
0.003045
0.00306
0.00314
0.003165
0.003275
0.003325
0.00325
0.00348
0.00342
0.003345
0.00327
0.003255
0.00322
0.00311
0.003085
0.003075
0.003055
0.003055
0.003065
0.00305
0.003015
0.00303
0.00329
0.003205
0.00326
0.003245
0.00324
0.003255
0.003285
0.00327
0.00325
0.00324
0.003265
0.00325
0.00334
0.0033
0.00334
0.0033
0.00333
0.003375
0.00337
0.00339
0.003195
0.003115
0.00309
0.003155
0.00315
0.003105
0.003105
0.00317
0.00318
0.003165
0.003235
0.00324
0.00327
0.00328
0.00326
0.00331
0.00331
0.0033
0.003315
0.0033
0.003295
0.00333
0.00334
0.00335
0.003305
0.0033
0.003215
0.003245
0.003265
0.003285
0.003285
0.00319
0.003245
0.003245
0.00324
0.00331
0.00331
0.003375
0.00341
0.003555
0.00365
0.003695
0.0037
0.003675
0.003685
0.0038
0.00382
0.00373
0.00393
0.00404
0.00419
0.004245
0.004335
0.004625
0.00455
0.00433
0.004175
0.00392
0.0041
0.00411
0.00399
0.004045
0.00401
0.00406
0.004115
0.004145
0.004065
0.004
0.003995
0.00426
0.00426
0.00435
0.00431
0.00425
0.004335
0.004325
0.00435
0.004295
0.00429
0.00432
0.00428
0.00411
0.00402
0.004075
0.004105
0.004135
0.00416
0.00413
0.00408
0.004025
0.00409
0.004035
0.004065
0.00418
0.004135
0.004065
0.004065
0.00404
0.004035
0.003615
0.003725
0.003555
0.00368
0.003685
0.003525
0.00358
0.003645
0.003665
0.003595
0.00358
0.00352
0.00352
0.00355
0.0037
0.003725
0.003705
0.00367
0.003645
0.00366
0.00362
0.00362
0.003635
0.0036
0.00352
0.003615
0.003625
0.00359
0.00354
0.00355
0.00349
0.003495
0.00349
0.0034
0.003355
0.00335
0.00352
0.003575
0.003585
0.003595
0.0036
0.003615
0.003525
0.0035
0.00346
0.003325
0.00331
0.003365
0.003385
0.003365
0.003245
0.00325
0.003245
0.00325
0.003275
0.00347
0.0035
0.00348
0.00386
0.00377
0.003535
0.00349
0.00353
0.00362
0.00365
0.0037
0.00366
0.00365
0.0037
0.003655
0.00364
0.003645
0.00368
0.0037
0.00364
0.0036
0.00357
0.003575
0.00353
0.00353
0.003505
0.00355
0.00357
0.00362
0.00357
0.003575
0.0035
0.003585
0.00348
0.00338
0.00345
0.003355
0.00336
0.00327
0.00334
0.003355
0.00329
0.0032
0.003095
0.003
0.002965
0.00302
0.00301
0.003075
0.00309
0.00301
0.00303
0.002985
0.003
0.00299
0.003005
0.00304
0.003075
0.00308
0.0031
0.00319
0.00317
0.003175
0.00328
0.00319
0.00315
0.0031
0.003105
0.00312
0.003145
0.00315
0.003115
0.003105
0.00316
0.003155
0.003105
0.003065
0.003
0.00303
0.003045
0.00302
0.0031
0.003115
0.003145
0.003095
0.003075
0.00302
0.003
0.002975
0.00298
0.003005
0.003
0.002984
0.002968
0.002988
0.003004
0.003
0.003018
0.002996
0.003014
0.00301
0.00305
0.003008
0.003036
0.00297
0.003
0.002976
0.002944
0.002924
0.002936
0.002938
0.002988
0.002982
0.002976
0.002986
0.002948
0.002914
0.002932
0.00298
0.002996
0.002984
0.002972
0.002954
0.00295
0.00286
0.002894
0.00286
0.0029
0.002846
0.002818
0.002842
0.00284
0.002836
0.002804
0.002822
0.00287
0.002878
0.002922
0.0029
0.003096
0.003072
0.003076
0.003152
0.003144
0.003296
0.003268
0.00318
0.003394
0.003344
0.003392
0.003368
0.003396
0.00343
0.003404
0.0034
0.00338
0.003395
0.003435
0.003495
0.00352
0.003535
0.00352
0.00347
0.003385
0.003415
0.0034
0.00338
0.00338
0.00335
0.00336
0.003355
0.00336
0.003335
0.003365
0.00334
0.003335
0.003345
0.003325
0.00338
0.00329
0.00327
0.003255
0.003265
0.00327
0.00328
0.003295
0.003285
0.00334
0.0034
0.00341
0.003515
0.0035
0.00352
0.00361
0.003615
0.0036
0.003595
0.003625
0.003615
0.00365
0.00358
0.003535
0.00352
0.003495
0.003495
0.00349
0.003445
0.003445
0.00345
0.00343
0.003405
0.0034
0.00341
0.003395
0.0034
0.00343
0.003435
0.00346
0.00344
0.003375
0.00339
0.00337
0.00334
0.00337
0.00339
0.003365
0.003365
0.003375
0.003385
0.00338
0.003335
0.003305
0.00333
0.00323
0.003225
0.00322
0.003245
0.003275
0.003255
0.003255
0.003325
0.003345
0.003355
0.00333
0.003345
0.003495
0.003445
0.003495
0.003425
0.003365
0.00337
0.003355
0.00336
0.00336
0.003335
0.0034
0.00338
0.003375
0.00343
0.00346
0.00348
0.003435
0.003435
0.003425
0.00339
0.003435
0.00338
0.003355
0.00332
0.00336
0.00336
0.00335
0.00337
0.00334
0.003345
0.003375
0.00333
0.003325
0.00336
0.003375
0.003325
0.003305
0.0033
0.00324
0.00324
0.00323
0.00325
0.00318
0.003145
0.003115
0.00311
0.003115
0.00315
0.003155
0.00312
0.00309
0.003105
0.003055
0.003125
0.00309
0.003115
0.003095
0.003095
0.003155
0.0032
0.003205
0.00321
0.00322
0.00336
0.0033
0.00329
0.00331
0.00329
0.00331
0.003325
0.00336
0.003275
0.003295
0.003285
0.00328
0.00319
0.003165
0.003135
0.003145
0.003095
0.00309
0.003055
0.00305
0.00307
0.00306
0.003055
0.00306
0.00308
0.00306
0.003055
0.003075
0.00309
0.003085
0.00306
0.00305
0.003035
0.003035
0.00308
0.00309
0.003055
0.00307
0.00304
0.00304
0.00305
0.00304
0.00305
0.00306
0.003085
0.00303
0.00304
0.00305
0.003025
0.00301
0.003035
0.00303
0.003065
0.00304
0.00303
0.00304
0.003035
0.003
0.002945
0.00292
0.0029
0.002905
0.002935
0.002945
0.00294
0.002935
0.00295
0.002945
0.002955
0.002965
0.002945
0.002935
0.00298
0.003
0.00303
0.003055
0.0031
0.00308
0.0031
0.0031
0.0031
0.003155
0.00316
0.00318
0.003295
0.003255
0.0033
0.00337
0.0034
0.003365
0.00329
0.00318
0.003215
0.00315
0.003165
0.00317
0.00316
0.0032
0.003185
0.0032
0.00331
0.0033
0.0033
0.003365
0.003375
0.00359
0.00365
0.00381
0.004105
0.00374
0.0038
0.00371
0.00383
0.003635
0.003645
0.00345
0.003355
0.00336
0.00358
0.00373
0.003415
0.003355
0.003195
0.0031
0.0027
0.002815
0.00268
0.002585
0.002435
0.002575
0.002645
0.00264
0.002775
0.00281
0.00295
0.002825
0.002855
0.00292
0.002945
0.00293
0.00295
0.002965
0.00293
0.003025
0.00302
0.003005
0.002955
0.003
0.002855
0.002915
0.00295
0.00294
0.00281
0.002865
0.00288
0.003095
0.003075
0.00305
0.003155
0.003135
0.00305
0.003205
0.003185
0.003205
0.00322
0.00323
0.003125
0.00319
0.00309
0.00315
0.00313
0.00311
0.0031
0.0031
0.003125
0.0031
0.003095
0.003085
0.003065
0.003075
0.00303
0.00306
0.00305
0.003035
0.00306
0.003065
0.00305
0.00302
0.003075
0.00308
0.00315
0.00309
0.003105
0.00311
0.003085
0.003065
0.00308
0.00309
0.00309
0.003085
0.00311
0.00312
0.0031
0.003095
0.00309
0.003095
0.00306
0.003035
0.00307
0.0031
0.0031
0.0031
0.00309
0.003105
0.0031
0.00311
0.00312
0.003085
0.003445
0.00327
0.00342
0.00339
0.00359
0.00355
0.003585
0.00351
0.00366
0.00357
0.00355
0.003555
0.003565
0.00356
0.0036
0.0036
0.0035
0.003505
0.003545
0.003535
0.00351
0.003455
0.00352
0.0035
0.003525
0.003515
0.003465
0.003455
0.003485
0.003435
0.00341
0.00345
0.003425
0.003435
0.00351
0.003595
0.003635
0.003675
0.003585
0.0036
0.0036
0.00357
0.00357
0.00369
0.00368
0.00367
0.00365
0.003635
0.003615
0.003755
0.00374
0.0038
0.003815
0.00383
0.003935
0.0039
0.003895
0.003875
0.00379
0.00379
0.003835
0.00391
0.003935
0.00386
0.003865
0.003695
0.003695
0.00367
0.003725
0.003755
0.003705
0.00373
0.00366
0.003665
0.00363
0.00357
0.00359
0.003595
0.003605
0.003615
0.003615
0.003595
0.00356
0.003565
0.003505
0.003555
0.003555
0.00351
0.00355
0.003565
0.0036
0.00363
0.003725
0.003825
0.003935
0.00387
0.003865
0.00382
0.00378
0.003865
0.00382
0.00388
0.003755
0.00382
0.00381
0.00367
0.00368
0.0037
0.00363
0.00363
0.00363
0.00366
0.00374
0.00374
0.00384
0.0038
0.003795
0.00389
0.00381
0.003795
0.00385
0.0039
0.00385
0.00375
0.00376
0.003905
0.003835
0.003815
0.00383
0.003835
0.00376
0.004
0.00407
0.003975
0.004115
0.0042
0.00412
0.00417
0.004125
0.00408
0.00407
0.00401
0.003955
0.005215
0.004565
0.00426
0.0043
0.00418
0.00412
0.004275
0.004235
0.004255
0.00419
0.004165
0.004185
0.004185
0.00413
0.004075
0.004155
0.00416
0.00433
0.00432
0.004345
0.004355
0.00422
0.00418
0.004105
0.004205
0.00412
0.00415
0.004145
0.004115
0.004115
0.00414
0.00407
0.004105
0.00408
0.004055
0.004135
0.00414
0.00418
0.004245
0.004355
0.004565
0.00452
0.004565
0.0048
0.00495
0.0051
0.005535
0.005435
0.005605
0.005875
0.00716
0.007035
0.00701
0.0069
0.006425
0.00642
0.0063
0.006225
0.005995
0.0058
0.006455
0.00607
0.006195
0.00612
0.006175
0.0061
0.00611
0.005965
0.00585
0.0062
0.00642
0.006405
0.00703
0.0068
0.00658
0.006615
0.00696
0.0071
0.00695
0.00698
0.00691
0.006745
0.00665
0.006515
0.006515
0.0066
0.00659
0.00649
0.006285
0.00653
0.00651
0.0065
0.00666
0.006545
0.006585
0.00693
0.00708
0.006795
0.00674
0.006735
0.006675
0.0066
0.006545
0.006385
0.0063
0.00623
0.0064
0.006545
0.00632
0.006325
0.00642
0.006405
0.00631
0.006065
0.00605
0.00587
0.00585
0.00575
0.00572
0.00581
0.005955
0.0059
0.00586
0.00591
0.005885
0.005705
0.0056
0.00586
0.005815
0.005735
0.00565
0.005675
0.00558
0.00553
0.005385
0.00599
0.005825
0.00615
0.006035
0.0061
0.006165
0.00663
0.00689
0.006855
0.00689
0.00698
0.00695
0.006715
0.007005
0.00679
0.00674
0.006825
0.006705
0.00676
0.00694
0.00686
0.006965
0.00711
0.006865
0.006835
0.006945
0.007005
0.00701
0.007005
0.0071
0.00708
0.00716
0.00737
0.00774
0.00787
0.00787
0.007855
0.007555
0.0075
0.007765
0.007665
0.007555
0.007435
0.00741
0.007555
0.007645
0.00759
0.007445
0.008
0.0081
0.0099
0.008795
0.00906
0.0094
0.009195
0.009
0.00893
0.00861
0.0083
0.008345
0.008795
0.00891
0.00871
0.00851
0.00895
0.00898
0.00883
0.00878
0.00852
0.00842
0.008255
0.0086
0.008565
0.00875
0.0088
0.00851
0.00876
0.008715
0.00849
0.008545
0.00841
0.00854
0.00845
0.008345
0.00825
0.008255
0.00809
0.008215
0.00825
0.0082
0.008135
0.00815
0.00815
0.00822
0.00792
0.007525
0.0074
0.007125
0.007485
0.00733
0.007285
0.0068
0.007025
0.007345
0.00764
0.007665
0.00808
0.013
0.01229
0.012055
0.012445
0.012505
0.012585
0.01252
0.01263
0.01257
0.012525
0.0126
0.0126
0.012575
0.01237
0.012095
0.011955
0.00852
0.010835
0.011455
0.0115
0.01163
0.011595
0.011735
0.01178
0.011715
0.011735
0.011965
0.01204
0.012165
0.012195
0.012355
0.01241
0.012495
0.012485
0.01251
0.012455
0.012485
0.0125
0.01253
0.012495
0.01249
0.01252
0.0125
0.012525
0.01273
0.012695
0.0127
0.012765
0.012795
0.01282
0.01281
0.0129
0.012835
0.01277
0.01168
0.011205
0.01081
0.01181
0.011745
0.011645
0.011475
0.011445
0.011615
0.011505
0.011515
0.01151
0.01141
0.01156
0.0115
0.01147
0.0116
0.011525
0.011545
0.0119
0.01216
0.012185
0.01218
0.012195
0.01226
0.012295
0.01219
0.01205
