close
1245.0
1271.0
1350.0
1268.5
1245.0
1260.0
1299.0
1300.0
1314.5
1344.0
1340.0
1328.0
1445.0
1339.5
1332.5
1314.5
1310.0
1310.0
1285.0
1297.0
1290.0
1300.0
1319.5
1305.5
1300.5
1320.5
1289.0
1300.0
1285.5
1305.0
1305.0
1315.0
1320.0
1290.0
1300.0
1300.0
1310.0
1320.0
1339.0
1330.0
1320.0
1320.0
1337.0
1320.0
1310.0
1325.0
1300.5
1305.0
1334.5
1325.0
1303.0
1305.0
1300.0
1305.0
1305.0
1305.0
1338.5
1315.0
1339.5
1353.5
1330.0
1327.0
1340.0
1353.0
1347.0
1348.0
1354.0
1387.0
1397.5
1358.5
1413.0
1400.0
1410.0
1421.0
1415.0
1451.0
1450.0
1451.0
1425.0
1427.0
1464.5
1470.0
1470.0
1436.0
1450.0
1474.5
1455.0
1445.0
1447.0
1469.0
1455.0
1495.0
1490.0
1470.0
1480.0
1480.0
1485.0
1490.0
1480.0
1465.0
1450.0
1455.0
1460.0
1460.0
1465.0
1465.0
1490.0
1495.0
1460.0
1465.0
1490.0
1465.0
1465.0
1470.0
1485.0
1485.0
1485.0
1485.0
1485.0
1470.0
1480.0
1485.0
1495.0
1465.0
1490.0
1480.0
1475.0
1495.0
1500.0
1475.0
1475.0
1500.0
1465.0
1465.0
1470.0
1470.0
1465.0
1460.0
1460.0
1465.0
1465.0
1480.0
1465.0
1470.0
1455.0
1470.0
1475.0
1465.0
1470.0
1505.0
1510.0
1500.0
1480.0
1465.0
1460.0
1465.0
1490.0
1470.0
1465.0
1475.0
1455.0
1490.0
1490.0
1475.0
1470.0
1480.0
1460.0
1450.0
1455.0
1455.0
1450.0
1445.0
1410.0
1425.0
1450.0
1450.0
1450.0
1430.0
1440.0
1445.0
1450.0
1450.0
1450.0
1445.0
1400.0
1460.0
1425.0
1435.0
1405.0
1400.0
1400.0
1410.0
1495.0
1445.0
1405.0
1405.0
1520.0
1550.0
1525.0
1625.0
1675.0
1700.0
1665.0
1710.0
1700.0
1695.0
1700.0
1730.0
1700.0
1700.0
1720.0
1670.0
1680.0
1690.0
1710.0
1735.0
1735.0
1720.0
1715.0
1740.0
1750.0
1730.0
1735.0
1725.0
1730.0
1730.0
1650.0
1670.0
1670.0
1680.0
1700.0
1710.0
1680.0
1695.0
1695.0
1685.0
1690.0
1690.0
1690.0
1690.0
1635.0
1740.0
1810.0
1855.0
2080.0
2000.0
1840.0
1815.0
1775.0
1810.0
1820.0
1795.0
1800.0
1800.0
1780.0
1800.0
1815.0
1850.0
1800.0
1790.0
1790.0
1800.0
1815.0
1815.0
1800.0
1730.0
1745.0
1785.0
1760.0
1735.0
1775.0
1720.0
1725.0
1715.0
1715.0
1725.0
1705.0
1705.0
1735.0
1710.0
1725.0
1705.0
1650.0
1655.0
1600.0
1595.0
1625.0
1600.0
1620.0
1640.0
1600.0
1595.0
1625.0
1640.0
1640.0
1600.0
1600.0
1545.0
1580.0
1595.0
1595.0
1595.0
1605.0
1555.0
1520.0
1590.0
1590.0
1590.0
1580.0
1595.0
1615.0
1600.0
1610.0
1600.0
1595.0
1600.0
1585.0
1585.0
1585.0
1725.0
1605.0
1565.0
1590.0
1570.0
1560.0
1570.0
1565.0
1550.0
1550.0
1580.0
1590.0
1570.0
1595.0
1590.0
1580.0
1590.0
1605.0
1590.0
1595.0
1610.0
1610.0
1600.0
1600.0
1610.0
1600.0
1590.0
1585.0
1600.0
1600.0
1575.0
1575.0
1590.0
1555.0
1560.0
1555.0
1580.0
1580.0
1590.0
1525.0
1520.0
1540.0
1540.0
1545.0
1545.0
1565.0
1645.0
1710.0
1715.0
1665.0
1645.0
1680.0
1655.0
1645.0
1670.0
1680.0
1660.0
1665.0
1660.0
1650.0
1650.0
1640.0
1660.0
1665.0
1665.0
1710.0
1665.0
1660.0
1660.0
1660.0
1640.0
1640.0
1655.0
1660.0
1670.0
1660.0
1645.0
1575.0
1575.0
1500.0
1570.0
1570.0
1565.0
1555.0
1530.0
1540.0
1505.0
1515.0
1525.0
1530.0
1540.0
1510.0
1530.0
1530.0
1570.0
1515.0
1500.0
1500.0
1540.0
1540.0
1535.0
1535.0
1515.0
1540.0
1510.0
1450.0
1475.0
1505.0
1485.0
1485.0
1470.0
1495.0
1475.0
1485.0
1495.0
1495.0
1500.0
1480.0
1480.0
1440.0
1485.0
1470.0
1455.0
1440.0
1455.0
1480.0
1470.0
1465.0
1480.0
1480.0
1470.0
1475.0
1450.0
1465.0
1445.0
1440.0
1425.0
1400.0
1400.0
1420.0
1435.0
1455.0
1455.0
1450.0
1455.0
1455.0
1475.0
1435.0
1425.0
1440.0
1450.0
1435.0
1430.0
1425.0
1440.0
1425.0
1425.0
1410.0
1450.0
1440.0
1430.0
1435.0
1425.0
1420.0
1430.0
1425.0
1420.0
1435.0
1425.0
1445.0
1430.0
1435.0
1440.0
1445.0
1445.0
1440.0
1440.0
1440.0
1440.0
1475.0
1431.0
1432.0
1428.0
1423.0
1427.0
1425.0
1426.0
1426.0
1425.0
1425.0
1426.0
1425.0
1427.0
1426.0
1428.0
1429.0
1426.0
1426.0
1421.0
1422.0
1421.0
1421.0
1416.0
1420.0
1407.0
1410.0
1398.0
1399.0
1390.0
1394.0
1388.0
1392.0
1386.0
1399.0
1392.0
1384.0
1377.0
1374.0
1374.0
1378.0
1370.0
1364.0
1369.0
1372.0
1364.0
1366.0
1384.0
1381.0
1380.0
1382.0
1382.0
1383.0
1363.0
1373.0
1379.0
1380.0
1369.0
1382.0
1383.0
1372.0
1379.0
1376.0
1375.0
1315.0
1350.0
1349.0
1356.0
1355.0
1369.0
1358.0
1358.0
1355.0
1359.0
1367.0
1365.0
1369.0
1367.0
1355.0
1354.0
1351.0
1346.0
1348.0
1346.0
1351.0
1350.0
1349.0
1348.0
1349.0
1355.0
1349.0
1348.0
1346.0
1349.0
1339.0
1335.0
1334.0
1345.0
1322.0
1295.0
1306.0
1296.0
1287.0
1280.0
1280.0
1254.0
1240.0
1248.0
1270.0
1224.0
1238.0
1241.0
1225.0
1221.0
1210.0
1220.0
1218.0
1220.0
1224.0
1226.0
1230.0
1230.0
1227.0
1229.0
1229.0
1229.0
1230.0
1226.0
1230.0
1230.0
1229.0
1223.0
1205.0
1217.0
1213.0
1218.0
1223.0
1217.0
1216.0
1216.0
1200.0
1220.0
1217.0
1216.0
1215.0
1217.0
1216.0
1214.0
1198.0
1224.0
1223.0
1222.0
1222.0
1235.0
1300.0
1300.0
1295.0
1295.0
1298.0
1300.0
1301.0
1299.0
1292.0
1256.0
1275.0
1274.0
1294.0
1298.0
1281.0
1295.0
1278.0
1291.0
1289.0
1240.0
1205.0
1201.0
1250.0
1233.0
1236.0
1225.0
1195.0
1200.0
1202.0
1250.0
1233.0
1287.0
1286.0
1284.0
1284.0
1284.0
1278.0
1270.0
1270.0
1275.0
1270.0
1270.0
1290.0
1295.0
1310.0
1320.0
1305.0
1300.0
1310.0
1315.0
1315.0
1260.0
1300.0
1325.0
1295.0
1290.0
1290.0
1295.0
1300.0
1280.0
1275.0
1265.0
1265.0
1245.0
1250.0
1225.0
1255.0
1250.0
1220.0
1230.0
1245.0
1245.0
1210.0
1235.0
1230.0
1225.0
1245.0
1300.0
1250.0
1250.0
1250.0
1245.0
1245.0
1240.0
1245.0
1245.0
1245.0
1240.0
1240.0
1240.0
1235.0
1245.0
1205.0
1230.0
1205.0
1205.0
1230.0
1235.0
1240.0
1215.0
1205.0
1200.0
1200.0
1200.0
1200.0
1220.0
1200.0
1200.0
1215.0
1195.0
1200.0
1210.0
1215.0
1215.0
1215.0
1215.0
1215.0
1200.0
1200.0
1215.0
1230.0
1235.0
1220.0
1215.0
1255.0
1240.0
1240.0
1205.0
1200.0
1220.0
1220.0
1210.0
1195.0
1200.0
1200.0
1200.0
1215.0
1215.0
1215.0
1215.0
1255.0
1300.0
1245.0
1240.0
1210.0
1240.0
1250.0
1255.0
1210.0
1235.0
1240.0
1210.0
1255.0
1235.0
1205.0
1215.0
1215.0
1235.0
1215.0
1210.0
1180.0
1190.0
1215.0
1200.0
1215.0
1205.0
1205.0
1195.0
1200.0
1205.0
1175.0
1195.0
1200.0
1200.0
1210.0
1240.0
1225.0
1230.0
1195.0
1190.0
1200.0
1170.0
1185.0
1170.0
1200.0
1245.0
1210.0
1175.0
1200.0
1195.0
1195.0
1170.0
1175.0
1195.0
1175.0
1170.0
1170.0
1170.0
1170.0
1200.0
1180.0
1195.0
1190.0
1200.0
1190.0
1190.0
1195.0
1195.0
1190.0
1200.0
1175.0
1175.0
1170.0
1180.0
1160.0
1190.0
1170.0
1170.0
1170.0
1190.0
1185.0
1185.0
1215.0
1200.0
1200.0
1200.0
1225.0
1205.0
1195.0
1175.0
1185.0
1200.0
1130.0
1095.0
1120.0
1090.0
1080.0
1060.0
1150.0
1115.0
1100.0
1090.0
1100.0
1065.0
1060.0
1065.0
1085.0
1110.0
1115.0
1100.0
1105.0
1135.0
1110.0
1135.0
1110.0
1105.0
1100.0
1090.0
1130.0
1090.0
1070.0
1085.0
1080.0
1070.0
1070.0
1055.0
1050.0
1065.0
1065.0
1060.0
1040.0
1040.0
1035.0
1065.0
1080.0
1050.0
1115.0
1090.0
1110.0
1080.0
1095.0
1100.0
1095.0
1120.0
1100.0
1150.0
1110.0
1110.0
1110.0
1080.0
1115.0
1100.0
1075.0
1075.0
1055.0
1050.0
1005.0
1005.0
1000.0
1000.0
1000.0
1000.0
990.0
980.0
980.0
990.0
990.0
990.0
990.0
985.0
945.0
975.0
965.0
970.0
980.0
965.0
945.0
965.0
955.0
965.0
960.0
955.0
955.0
955.0
940.0
945.0
950.0
935.0
940.0
945.0
935.0
940.0
945.0
945.0
940.0
935.0
935.0
940.0
935.0
935.0
935.0
930.0
970.0
965.0
970.0
965.0
950.0
960.0
945.0
980.0
965.0
1000.0
970.0
940.0
945.0
930.0
930.0
950.0
935.0
940.0
940.0
935.0
950.0
940.0
950.0
955.0
940.0
940.0
935.0
945.0
930.0
935.0
930.0
940.0
935.0
935.0
930.0
935.0
925.0
925.0
935.0
940.0
945.0
945.0
940.0
940.0
925.0
930.0
920.0
915.0
915.0
905.0
900.0
900.0
900.0
920.0
900.0
915.0
915.0
915.0
915.0
935.0
960.0
955.0
925.0
940.0
955.0
950.0
950.0
965.0
1000.0
970.0
965.0
965.0
955.0
965.0
970.0
975.0
995.0
1015.0
1035.0
1030.0
1010.0
995.0
1025.0
1010.0
1050.0
1040.0
1070.0
1030.0
1125.0
1100.0
1100.0
1110.0
1095.0
1095.0
1090.0
1095.0
1080.0
1085.0
1125.0
1135.0
1135.0
1130.0
1125.0
1110.0
1110.0
1030.0
1000.0
1040.0
1025.0
1055.0
1020.0
975.0
910.0
960.0
940.0
960.0
990.0
985.0
990.0
980.0
1015.0
980.0
980.0
1000.0
980.0
990.0
1015.0
1015.0
975.0
990.0
995.0
995.0
985.0
990.0
1005.0
985.0
985.0
975.0
960.0
960.0
990.0
985.0
995.0
995.0
995.0
980.0
995.0
990.0
960.0
965.0
990.0
975.0
965.0
970.0
970.0
985.0
960.0
955.0
960.0
960.0
980.0
975.0
990.0
995.0
970.0
995.0
990.0
990.0
985.0
995.0
995.0
990.0
965.0
965.0
965.0
985.0
980.0
980.0
975.0
955.0
965.0
965.0
1000.0
1020.0
1030.0
1005.0
990.0
1000.0
980.0
980.0
970.0
975.0
970.0
970.0
965.0
975.0
975.0
975.0
980.0
965.0
975.0
970.0
1005.0
1000.0
1000.0
990.0
1000.0
1000.0
1000.0
980.0
1175.0
1100.0
1080.0
1080.0
1085.0
1055.0
1075.0
1190.0
1105.0
1070.0
1075.0
1045.0
1080.0
1070.0
1050.0
1030.0
1030.0
1025.0
995.0
1010.0
1000.0
1000.0
1000.0
990.0
1000.0
1000.0
995.0
1000.0
1005.0
1005.0
990.0
990.0
995.0
995.0
990.0
1050.0
1075.0
1070.0
1030.0
1035.0
1045.0
1020.0
1040.0
1035.0
1000.0
990.0
990.0
985.0
975.0
975.0
950.0
955.0
955.0
960.0
970.0
1005.0
1010.0
1025.0
1020.0
1015.0
970.0
965.0
980.0
970.0
970.0
975.0
970.0
990.0
995.0
990.0
975.0
995.0
975.0
990.0
980.0
975.0
990.0
975.0
995.0
985.0
985.0
1005.0
990.0
1000.0
990.0
980.0
980.0
975.0
980.0
980.0
1005.0
990.0
970.0
980.0
990.0
975.0
980.0
990.0
1000.0
1005.0
990.0
1005.0
1000.0
1000.0
1000.0
995.0
995.0
990.0
995.0
1015.0
1025.0
1025.0
1040.0
1045.0
1040.0
1040.0
1045.0
1035.0
1015.0
1015.0
1015.0
1030.0
1025.0
1025.0
1020.0
1020.0
1020.0
1030.0
1025.0
1025.0
1015.0
1015.0
1025.0
1020.0
1015.0
1010.0
1015.0
1020.0
1020.0
1020.0
1025.0
1015.0
1020.0
1020.0
1020.0
1020.0
1045.0
1020.0
1020.0
1020.0
1020.0
1045.0
1020.0
1020.0
1015.0
1020.0
1015.0
1010.0
1010.0
1035.0
1020.0
1015.0
1030.0
1025.0
1025.0
1025.0
1005.0
1015.0
1010.0
1000.0
1010.0
1005.0
1010.0
1010.0
1000.0
1005.0
990.0
985.0
980.0
980.0
960.0
975.0
985.0
980.0
975.0
980.0
975.0
975.0
970.0
970.0
980.0
980.0
980.0
980.0
990.0
985.0
985.0
970.0
975.0
965.0
965.0
950.0
955.0
955.0
955.0
955.0
955.0
950.0
955.0
960.0
960.0
980.0
980.0
985.0
985.0
980.0
990.0
995.0
995.0
1000.0
995.0
975.0
955.0
950.0
960.0
960.0
960.0
945.0
950.0
945.0
940.0
950.0
950.0
965.0
960.0
960.0
960.0
960.0
955.0
965.0
970.0
970.0
980.0
970.0
935.0
935.0
960.0
960.0
960.0
955.0
945.0
955.0
955.0
950.0
950.0
955.0
950.0
950.0
940.0
945.0
950.0
935.0
930.0
935.0
915.0
925.0
915.0
915.0
915.0
915.0
915.0
920.0
920.0
920.0
920.0
920.0
915.0
920.0
915.0
920.0
920.0
910.0
925.0
950.0
960.0
955.0
955.0
950.0
950.0
945.0
945.0
945.0
960.0
960.0
960.0
960.0
970.0
990.0
980.0
985.0
990.0
995.0
970.0
985.0
975.0
995.0
985.0
980.0
980.0
980.0
980.0
965.0
980.0
975.0
975.0
960.0
965.0
960.0
955.0
965.0
960.0
965.0
960.0
960.0
955.0
955.0
950.0
945.0
925.0
935.0
940.0
920.0
920.0
910.0
930.0
935.0
930.0
920.0
910.0
915.0
925.0
910.0
905.0
920.0
925.0
925.0
930.0
915.0
910.0
910.0
910.0
915.0
915.0
905.0
910.0
910.0
905.0
920.0
915.0
915.0
910.0
920.0
915.0
910.0
905.0
895.0
885.0
885.0
880.0
855.0
810.0
800.0
795.0
860.0
810.0
820.0
840.0
840.0
820.0
810.0
805.0
820.0
820.0
815.0
815.0
795.0
790.0
800.0
790.0
780.0
750.0
765.0
675.0
700.0
620.0
740.0
760.0
790.0
770.0
745.0
725.0
740.0
740.0
750.0
745.0
745.0
755.0
745.0
740.0
740.0
740.0
740.0
730.0
730.0
720.0
720.0
720.0
700.0
695.0
670.0
670.0
690.0
695.0
700.0
695.0
705.0
705.0
695.0
705.0
685.0
770.0
715.0
700.0
680.0
715.0
690.0
720.0
690.0
755.0
775.0
805.0
790.0
800.0
795.0
785.0
805.0
785.0
770.0
760.0
760.0
745.0
735.0
725.0
730.0
740.0
735.0
740.0
745.0
