close
65.99
67.62
66.63
69.5
71.6
73.8
73.2
79.9
77.0
76.1
75.55
75.25
77.77
82.01
84.0
82.85
81.97
83.49
83.73
82.29
79.7
79.2
78.0
81.0
80.6
87.49
83.0
83.0
90.69
93.0
91.45
90.8
87.0
89.0
86.5
86.0
85.33
85.33
82.1
84.25
86.45
89.62
94.0
102.0
101.05
99.45
96.7
99.95
104.35
101.84
105.5
107.84
106.4
106.25
111.8
112.39
111.03
115.99
114.8
116.84
118.55
123.67
125.93
123.69
126.44
128.02
137.75
138.94
134.49
135.86
135.95
136.0
133.32
140.25
145.99
138.02
125.95
132.49
132.98
130.5
130.4
130.83
130.97
139.9
141.34
137.7
133.36
133.47
138.86
136.05
134.75
125.89
128.48
127.9
124.94
123.0
119.59
125.0
123.9
128.31
127.05
125.99
127.6
127.51
126.99
124.68
125.05
127.99
130.0
133.5
137.8
135.7
136.0
135.97
130.82
130.05
127.0
127.0
125.9
128.15
128.9
128.91
137.0
139.0
141.6
148.7
150.5
157.0
157.0
153.0
145.9
143.7
142.8
138.94
139.25
144.0
144.55
142.65
134.95
139.0
136.11
131.21
130.0
133.0
131.2
132.55
131.27
130.0
134.0
136.05
134.4
134.68
133.77
133.98
133.5
132.8
135.78
137.5
140.41
139.58
140.97
137.15
138.71
139.83
140.0
140.65
143.93
147.9
149.69
146.29
144.01
145.3
144.9
151.5
153.0
156.0
152.44
150.5
156.97
158.09
157.27
164.0
162.7
163.01
164.64
163.5
164.6
169.97
171.0
166.25
161.83
162.5
161.7
155.77
159.9
161.1
158.08
151.01
155.0
153.5
145.8
136.1
136.1
126.73
138.0
148.0
147.0
144.68
139.0
138.99
132.55
121.05
121.0
124.98
121.01
127.7
131.27
131.0
130.38
125.63
124.56
126.0
121.38
120.51
117.9
123.26
123.5
122.0
127.29
125.35
119.99
119.26
124.75
121.53
123.0
121.31
119.8
120.37
117.83
117.0
116.0
124.43
124.93
124.5
123.65
124.8
125.9
128.0
128.0
126.7
124.08
124.7
122.98
124.95
126.59
126.39
126.99
127.3
127.52
126.89
126.63
124.31
124.16
126.89
131.1
132.44
133.0
133.84
132.0
130.0
127.98
126.0
125.38
126.14
125.88
127.6
124.2
122.5
117.02
113.3
115.94
116.73
117.99
119.58
125.51
125.01
124.99
124.99
122.57
124.24
128.52
132.2
130.0
128.38
128.71
130.0
131.95
130.07
130.9
130.44
131.19
129.9
129.52
128.02
129.18
130.52
133.49
133.84
132.47
131.81
130.7
130.48
133.26
133.0
135.33
138.0
139.0
142.0
145.0
147.45
148.79
144.66
144.61
146.0
142.57
145.08
152.18
149.5
148.26
152.0
158.19
160.29
160.34
160.03
162.35
160.7
162.4
157.69
158.0
160.01
158.96
156.96
154.99
154.9
156.1
155.49
152.97
156.5
157.01
157.38
158.75
158.86
162.9
159.98
158.38
158.1
157.5
154.5
154.0
154.2
154.18
156.67
158.17
157.9
159.98
157.0
156.17
158.0
154.29
153.88
164.0
170.49
168.97
169.98
168.32
168.99
167.15
162.5
164.88
159.27
158.52
159.27
156.0
153.88
150.49
153.05
154.99
152.71
151.81
150.69
147.51
147.7
145.0
147.0
145.78
145.0
144.99
144.58
143.48
144.43
138.5
135.39
142.5
143.43
143.85
141.88
138.98
134.0
134.95
136.54
134.62
135.59
136.99
130.5
129.3
130.5
130.0
132.0
131.04
132.98
137.0
139.15
140.55
139.35
144.61
148.5
148.46
151.5
151.04
150.0
145.9
146.55
143.71
139.55
140.73
137.78
137.99
135.0
138.0
140.5
144.0
143.5
141.13
141.0
138.7
140.13
139.02
135.0
128.0
125.4
127.15
127.1
125.73
126.0
132.45
131.01
132.0
133.96
137.0
134.98
129.64
132.04
130.97
133.12
133.89
133.0
132.25
133.65
129.95
128.06
131.32
133.01
134.1
135.72
136.0
134.87
135.29
134.0
132.29
131.2
130.99
131.55
130.48
129.81
128.0
127.7
128.46
130.11
130.0
131.83
133.95
133.59
134.25
133.0
127.49
128.5
130.71
129.13
128.37
126.5
127.39
128.98
127.2
126.01
126.1
127.5
123.65
123.0
122.45
122.99
122.5
119.22
116.47
112.0
107.5
104.0
100.1
95.99
92.51
95.96
91.56
94.1
92.01
89.32
89.0
85.5
86.08
84.5
80.4
85.35
87.45
91.01
94.2
94.44
94.71
96.33
102.42
105.68
102.07
97.5
97.0
98.1
100.55
102.0
99.8
99.97
96.73
85.48
77.6
76.3
83.35
79.69
78.2
74.63
70.5
64.8
67.01
69.53
74.0
77.0
73.6
77.0
76.94
84.65
85.76
88.0
90.2
90.5
91.99
98.2
97.28
99.6
99.21
98.29
96.45
91.02
93.79
95.52
94.21
94.76
92.61
92.02
92.5
92.0
91.51
91.05
90.5
88.18
82.68
83.7
81.51
81.74
79.47
83.49
83.08
85.74
89.0
93.5
91.47
89.8
88.1
91.9
87.35
82.9
81.98
79.3
80.16
79.0
76.5
76.85
75.75
74.75
73.0
72.69
70.88
71.14
69.9
72.8
76.88
78.96
82.44
83.0
81.01
82.0
82.45
85.25
86.26
87.17
88.96
89.4
88.56
88.17
85.58
84.75
86.36
88.06
89.9
89.05
88.05
87.98
87.71
89.51
89.71
88.51
89.86
87.36
88.16
89.8
91.5
93.7
93.49
95.0
93.94
94.7
94.0
96.25
97.27
98.36
100.0
96.99
96.55
98.9
93.5
93.66
96.32
96.77
97.5
97.11
97.1
93.96
93.11
93.91
93.97
92.85
92.5
93.5
93.26
93.96
91.57
91.1
91.47
91.75
91.5
91.16
90.62
89.81
90.58
91.16
90.93
91.95
90.6
90.26
91.0
92.37
91.83
90.27
90.22
92.6
89.31
90.14
91.9
91.0
90.77
86.65
85.5
84.85
86.0
85.56
83.98
84.88
79.65
77.4
79.51
77.0
78.99
80.01
81.11
77.71
80.99
84.15
85.97
89.87
88.0
90.34
91.0
88.52
90.99
92.62
92.23
91.41
91.5
89.48
89.7
91.5
93.0
93.25
88.23
86.06
83.4
84.0
85.37
83.8
85.0
86.5
87.69
89.4
88.62
89.81
92.5
91.84
93.79
91.69
93.0
98.51
98.51
99.9
98.5
97.36
96.01
95.11
95.98
96.4
95.34
98.86
98.92
97.97
99.07
100.0
99.94
102.27
105.99
104.96
104.31
104.0
102.27
102.89
103.0
101.98
99.47
100.0
99.3
99.92
99.4
98.99
103.0
102.0
97.01
95.52
95.67
96.75
97.18
95.99
97.2
99.3
99.79
99.99
99.49
98.97
105.0
104.75
103.46
103.2
101.81
104.4
102.12
99.52
100.0
99.82
98.37
100.9
100.01
99.51
100.0
100.4
101.46
102.29
102.0
102.0
100.92
101.0
100.98
103.0
101.51
101.2
98.68
96.03
96.0
96.3
94.17
91.6
94.26
96.0
95.5
95.5
96.0
92.83
91.0
91.63
92.58
90.0
90.56
92.49
91.53
91.86
90.6
92.55
92.06
93.51
93.01
92.79
92.79
94.4
95.5
95.98
96.1
93.8
94.23
93.51
92.56
92.11
93.03
92.07
91.7
92.4
92.97
93.99
93.0
92.42
90.01
90.59
91.02
91.77
91.86
94.56
94.75
94.01
95.16
95.77
94.0
94.6
94.98
95.35
94.89
92.91
94.0
93.52
93.35
94.23
94.0
94.47
94.11
94.0
92.0
93.23
93.55
94.1
94.44
96.0
98.5
99.07
98.8
97.85
96.51
99.99
100.47
97.28
99.47
99.99
99.99
99.16
96.0
95.41
92.0
94.56
93.15
95.69
95.0
94.63
92.74
90.5
90.8
87.97
85.3
84.5
84.7
86.0
85.84
81.08
81.49
82.81
83.72
83.3
85.0
84.61
86.0
83.99
83.98
83.97
85.08
85.27
86.0
82.43
81.5
82.0
82.0
83.63
83.38
86.47
84.12
83.89
84.49
83.4
82.23
83.29
82.5
83.4
83.0
83.76
83.37
83.0
83.4
80.12
82.02
82.0
80.2
81.09
79.91
76.78
77.54
77.3
77.81
75.32
75.4
74.1
74.6
75.87
74.5
77.28
77.0
76.74
74.0
71.91
73.86
77.28
77.58
79.91
77.25
77.4
75.44
77.07
77.73
77.74
79.0
77.5
78.39
79.3
80.26
78.82
79.45
79.01
77.0
79.08
79.1
79.67
80.1
83.23
83.52
84.8
84.5
84.7
85.4
83.49
84.23
83.49
85.0
85.5
86.4
87.0
87.1
86.87
87.27
87.7
88.25
90.63
90.22
91.3
89.45
87.0
85.5
85.36
86.9
88.8
87.29
84.85
85.01
83.1
81.94
82.26
84.0
81.6
82.52
84.5
84.55
84.03
85.0
85.0
84.76
83.0
87.99
87.33
85.98
86.0
85.84
84.26
85.03
84.4
85.0
83.0
83.66
83.2
83.56
84.7
84.89
85.48
86.0
85.4
85.44
84.35
84.1
85.0
86.69
87.49
87.6
88.1
89.25
88.55
90.83
88.8
89.0
89.02
90.87
91.5
92.58
89.01
87.36
88.32
87.21
86.71
88.37
90.15
90.0
89.99
92.71
91.59
92.25
92.27
94.29
95.51
93.27
95.48
94.24
93.83
92.0
90.4
89.4
90.74
89.67
90.2
90.1
90.25
90.47
89.11
93.8
94.05
95.0
95.12
94.81
92.78
93.43
93.49
93.15
92.75
93.83
91.04
91.98
91.8
93.0
94.45
94.9
95.16
96.73
99.32
100.9
102.0
104.3
107.16
103.81
102.56
100.7
97.0
96.15
94.76
93.7
93.72
95.76
95.52
95.73
95.1
95.02
99.2
100.75
99.92
102.82
101.48
90.54
92.31
91.64
90.22
89.0
90.48
89.47
90.25
75.0
77.65
75.51
74.01
74.8
71.51
68.91
65.2
64.99
69.41
70.51
73.36
71.95
70.0
69.79
71.49
73.7
73.41
76.3
76.29
76.2
75.43
75.49
75.7
76.0
76.29
76.18
75.38
75.98
74.95
74.39
74.29
74.7
75.6
75.97
74.3
73.15
70.12
69.1
68.92
70.43
69.6
71.11
70.7
71.88
71.23
73.85
71.0
70.04
69.21
68.79
68.4
69.73
67.84
70.36
73.3
77.92
79.43
78.25
78.94
79.1
79.5
80.29
81.89
81.39
81.4
85.58
87.08
89.69
87.58
89.54
87.35
85.65
84.3
82.21
83.98
85.66
86.56
86.0
81.89
82.22
82.76
84.99
85.0
84.32
85.5
87.13
87.96
84.69
83.51
83.99
83.72
85.1
82.5
80.8
82.0
81.72
82.1
82.25
81.63
80.01
79.6
81.19
80.95
78.78
78.55
78.16
76.55
78.17
78.77
79.48
80.0
80.13
80.48
81.47
80.71
84.02
84.49
85.89
88.0
87.91
88.12
89.97
88.5
88.38
90.0
90.7
91.53
91.5
91.5
92.44
89.81
90.39
90.79
90.64
85.76
87.97
87.0
87.6
87.4
86.1
88.65
88.4
87.53
86.25
87.49
88.6
88.6
86.3
84.5
84.0
82.8
81.5
82.7
79.0
79.6
78.3
76.7
74.1
77.7
77.8
79.5
78.0
79.8
80.1
82.5
82.4
83.4
82.6
83.4
81.9
81.9
83.0
81.3
79.7
79.8
79.0
77.7
76.0
75.5
76.3
78.0
74.8
71.9
70.2
71.1
69.8
66.7
64.2
61.0
59.2
59.8
59.4
56.8
54.0
51.2
47.4
43.4
38.1
38.1
36.9
37.0
37.4
35.6
36.7
35.7
34.1
33.8
34.3
35.0
35.0
37.5
37.9
38.0
39.2
38.4
37.8
38.7
38.5
38.8
38.9
38.6
38.5
39.3
50.1
51.0
50.0
48.0
47.0
46.9
45.3
44.7
43.7
42.8
43.1
43.1
42.3
40.8
41.2
42.4
42.9
44.2
50.2
47.7
48.4
47.3
45.6
48.4
49.3
52.8
54.6
56.0
54.6
52.3
48.5
51.0
51.8
49.7
48.3
46.8
47.1
46.9
45.2
43.7
43.1
43.8
43.3
42.9
43.8
43.4
45.2
46.0
45.6
46.3
46.7
46.0
47.4
48.7
50.0
48.2
49.5
52.0
52.0
51.3
52.5
52.3
50.9
51.2
51.3
51.9
51.2
51.4
51.6
51.8
50.9
52.6
53.1
52.6
52.5
52.9
53.5
52.7
51.7
52.0
53.0
52.4
52.9
53.5
52.8
52.6
52.9
52.8
52.9
52.1
52.6
53.2
53.2
53.1
52.9
53.5
53.8
53.4
54.5
55.3
56.4
56.0
57.4
57.2
57.5
57.5
58.3
57.6
58.0
57.5
55.4
53.5
52.5
54.0
55.9
58.1
58.5
57.9
57.0
57.0
56.8
56.2
55.0
55.4
55.8
54.6
55.1
54.7
55.0
55.4
55.0
55.6
56.8
55.9
56.3
55.7
55.1
54.8
54.6
54.9
55.1
54.6
55.1
55.1
54.6
52.3
53.3
52.1
52.3
53.5
54.3
53.4
53.7
54.1
53.4
53.5
53.6
53.7
52.9
53.3
53.7
53.2
53.2
52.8
51.9
52.3
52.0
51.1
51.4
52.4
51.9
51.5
50.9
50.8
50.7
50.2
49.5
48.2
48.4
48.9
50.5
51.1
51.3
52.4
53.7
52.5
53.1
53.8
51.8
51.1
51.3
52.9
52.6
52.9
53.4
53.55
52.85
53.2
52.95
52.1
52.2
52.8
52.1
50.8
50.55
51.35
52.0
51.55
51.45
51.8
50.0
50.35
50.35
50.45
50.05
49.95
50.2
49.3
50.0
50.0
50.0
50.35
50.4
50.95
50.35
50.35
55.0
58.7
64.0
65.9
62.85
62.4
66.5
63.55
61.5
61.8
60.55
59.85
59.0
60.0
57.6
57.85
56.2
55.25
52.15
52.75
52.6
51.7
52.65
53.7
53.0
52.75
53.3
54.35
52.9
53.0
53.3
52.65
52.0
52.0
52.05
51.55
51.8
51.45
51.35
51.15
51.1
51.2
52.65
51.95
52.0
52.6
52.3
52.0
52.05
52.2
52.1
52.05
52.35
52.15
52.6
52.35
52.6
54.7
56.15
55.3
54.95
54.3
53.1
52.65
52.3
52.7
52.3
52.4
52.5
52.05
52.5
51.5
51.4
51.1
50.9
51.65
51.35
51.2
50.85
50.6
51.0
50.95
51.15
50.9
50.1
50.5
50.2
50.2
49.9
49.6
49.0
48.9
49.95
49.2
48.75
48.15
48.75
48.1
47.8
47.5
49.1
48.6
48.8
48.4
48.1
48.6
48.75
49.05
48.45
48.55
48.75
47.8
48.4
47.45
47.4
47.65
47.8
47.7
47.45
46.85
47.25
47.2
47.2
47.1
47.25
46.75
46.75
46.5
45.6
45.05
45.3
45.0
44.85
44.9
47.5
47.15
47.2
46.7
46.85
46.6
46.65
46.05
46.25
47.3
46.3
46.0
46.1
46.65
47.0
47.15
47.95
47.3
47.1
48.45
46.8
45.25
45.4
45.1
44.2
44.7
44.35
44.15
44.05
44.2
44.15
45.5
44.25
50.0
50.25
51.35
51.35
51.0
53.45
53.9
53.5
53.55
55.8
54.95
55.25
54.9
53.85
54.9
54.5
54.5
54.5
54.6
58.7
57.9
59.6
61.85
61.5
62.65
62.0
61.75
61.85
61.35
61.95
62.0
61.55
61.7
62.0
61.5
61.55
60.9
60.95
61.55
61.0
59.4
59.75
61.7
62.25
63.2
61.6
63.55
64.45
64.45
66.25
66.45
66.7
68.9
67.8
67.25
67.7
67.5
67.45
67.8
69.2
69.6
70.0
70.95
70.35
68.75
69.05
70.25
71.0
73.0
73.3
72.9
72.35
73.8
73.9
76.3
76.9
77.0
78.1
79.15
80.0
79.8
81.0
80.05
81.0
82.0
79.95
80.4
80.55
79.9
79.9
78.45
78.9
78.75
78.05
77.25
79.0
79.5
79.45
78.0
78.95
79.1
79.0
79.15
78.8
79.45
79.95
79.95
79.35
80.8
80.5
81.5
82.3
82.0
84.25
83.8
82.9
82.95
78.3
78.8
76.4
77.0
77.1
77.5
77.95
76.55
76.45
76.95
77.55
77.35
77.0
77.2
78.5
76.85
77.95
76.95
75.6
75.55
73.7
75.5
74.5
74.0
74.8
73.0
73.9
74.25
74.7
74.0
73.25
74.1
75.8
75.75
75.3
75.25
72.6
75.0
74.8
74.95
73.5
74.15
74.05
75.0
76.0
75.75
73.0
73.95
73.7
73.6
73.0
73.3
71.7
71.85
71.5
72.55
74.5
74.75
74.6
75.1
73.5
74.0
74.7
76.12
75.83
75.75
76.0
75.26
74.87
75.01
74.27
74.8
75.08
75.6
78.1
78.15
81.1
83.98
81.49
81.2
81.99
82.0
82.25
82.12
81.4
77.86
81.6
81.0
81.0
79.5
77.15
74.97
74.3
75.48
71.95
72.89
74.64
76.17
77.66
76.76
76.1
76.4
75.94
74.8
75.0
74.79
74.96
75.21
73.95
73.14
76.3
77.55
77.65
77.84
79.2
78.6
78.0
78.0
78.1
76.6
76.36
78.5
77.9
78.65
78.73
79.28
79.0
78.95
77.1
77.48
78.46
76.87
77.68
77.25
76.09
77.0
71.99
70.04
70.22
71.19
72.5
71.45
70.08
69.13
68.63
68.89
67.46
67.9
67.9
68.9
67.55
68.0
67.07
67.7
67.88
69.99
66.97
68.14
68.6
67.88
67.33
67.45
68.41
68.15
67.9
67.94
68.01
68.61
69.42
71.19
71.15
71.84
72.31
72.76
72.08
73.7
74.81
75.82
75.25
75.34
74.5
75.93
74.5
73.68
73.99
76.0
76.19
78.4
79.5
79.22
79.92
81.63
83.2
85.0
84.8
81.48
81.1
78.71
78.29
78.0
78.3
78.26
78.2
80.5
81.49
80.09
80.0
79.99
79.2
78.9
77.7
78.02
76.2
78.3
78.8
79.5
79.03
78.99
77.49
78.3
79.42
76.61
77.0
76.86
76.1
75.11
74.51
75.3
74.9
74.17
73.9
75.0
77.27
77.85
77.0
75.5
77.0
76.02
76.0
77.18
76.6
77.27
77.9
78.9
80.18
81.79
83.38
83.32
83.89
84.25
83.0
83.8
84.5
84.1
82.5
83.7
82.0
79.3
79.65
79.85
80.25
81.0
79.95
80.4
80.0
80.0
80.3
81.05
82.1
80.8
80.5
80.45
79.15
79.9
78.5
79.7
80.6
80.45
79.3
79.95
84.0
83.4
82.0
83.3
83.2
83.1
82.7
83.2
82.5
82.8
83.95
82.85
82.4
81.35
82.45
81.45
74.0
74.4
75.25
74.3
74.5
73.0
74.4
74.15
75.35
77.3
79.4
78.35
79.0
79.35
79.15
79.2
76.55
78.3
77.8
78.3
78.3
78.55
77.0
77.8
77.95
77.75
78.2
78.0
77.75
83.0
84.8
85.6
85.5
85.6
84.6
83.65
83.75
82.5
82.55
83.5
83.5
83.0
82.8
82.85
83.1
82.3
81.5
80.9
81.55
80.4
79.1
78.0
77.35
78.8
77.4
77.2
77.6
77.7
76.15
75.9
75.75
75.6
75.5
75.2
75.3
75.6
74.65
71.8
72.0
72.35
72.75
72.6
72.2
72.3
72.15
72.25
72.25
72.5
72.1
71.8
70.35
71.3
71.5
71.7
71.95
72.25
72.1
71.2
70.7
71.15
71.45
71.35
73.75
73.25
72.6
73.65
71.8
71.25
71.35
71.6
71.55
71.5
71.65
70.6
70.9
71.35
70.3
70.3
70.45
70.3
71.2
70.35
69.15
69.9
70.25
70.0
69.85
68.8
71.15
69.7
68.2
68.15
69.9
67.7
68.05
68.0
67.75
67.95
67.0
66.95
67.1
66.8
64.85
65.35
64.75
65.2
64.75
62.8
62.0
62.4
62.4
62.1
61.6
61.3
61.55
62.05
61.1
61.4
62.2
62.3
62.65
62.05
61.8
61.4
60.75
60.0
60.25
61.0
60.3
59.65
59.05
58.75
58.95
59.2
59.0
59.15
58.45
55.05
56.35
57.0
57.2
57.15
57.0
56.0
55.5
55.0
54.05
53.9
54.1
54.05
54.0
54.8
54.7
55.0
53.7
53.0
53.35
53.6
53.65
54.6
55.0
54.2
54.4
54.7
54.9
55.35
54.7
54.3
54.35
54.15
54.2
55.4
54.65
55.25
54.9
54.4
54.9
54.9
53.7
53.7
53.54
53.88
53.3
51.78
51.0
49.3
49.4
49.32
49.5
49.5
48.94
48.78
48.82
48.64
48.8
48.18
48.38
48.42
48.34
48.1
47.7
46.92
46.9
47.1
46.68
46.56
46.4
45.88
45.32
45.12
46.5
46.96
47.2
55.2
59.1
58.6
57.54
57.74
57.74
56.06
56.62
56.4
56.38
56.2
56.44
55.74
55.14
56.74
57.52
56.5
58.0
57.8
57.74
58.0
58.5
58.72
58.26
58.78
58.5
59.6
59.1
59.1
59.1
58.64
59.0
58.96
57.48
56.7
57.08
58.68
58.72
58.5
58.94
59.9
59.12
58.32
58.6
59.4
59.1
58.7
58.5
59.0
59.48
60.3
60.26
63.0
62.14
61.84
62.0
62.2
61.5
60.64
61.5
62.7
61.82
61.0
60.66
60.34
60.38
60.14
59.96
60.5
62.02
61.32
61.4
61.4
60.96
60.62
60.5
60.28
60.0
60.34
60.0
58.06
57.5
57.28
58.1
57.7
58.0
57.84
57.0
57.9
58.1
58.38
58.32
57.26
56.3
56.8
56.3
56.2
55.74
54.76
55.32
53.24
53.32
55.4
55.7
55.9
55.88
54.9
53.0
53.62
53.58
53.56
54.3
55.0
54.76
54.5
55.2
54.74
54.66
54.9
55.22
55.4
55.86
55.32
56.2
55.52
56.1
55.76
54.7
54.42
54.6
55.2
56.2
56.08
55.74
55.48
54.2
53.3
52.84
52.2
51.5
50.46
51.06
50.52
50.18
50.3
50.08
50.3
50.18
50.24
50.46
50.42
51.2
49.8
50.0
53.64
53.38
53.2
53.2
53.34
54.62
55.04
54.06
54.1
54.0
53.78
53.9
54.04
53.28
54.06
53.46
52.9
52.34
52.04
52.58
51.94
52.06
51.9
51.62
50.6
50.22
50.48
52.26
52.26
51.7
52.0
52.02
51.3
51.46
51.5
56.0
56.0
55.86
56.26
56.0
57.4
57.64
57.9
58.0
58.7
58.08
57.9
58.16
57.68
57.92
58.1
58.22
58.44
58.32
59.0
58.88
58.52
58.04
58.0
55.88
55.3
55.68
56.58
55.66
55.66
56.62
57.04
56.9
57.36
57.02
57.4
58.74
58.58
57.78
58.18
57.6
57.92
58.3
58.08
55.92
56.52
53.9
51.26
51.72
52.52
53.44
53.34
50.5
45.0
44.86
39.26
39.34
38.0
37.46
36.5
38.56
40.6
39.92
42.2
42.12
42.06
40.4
40.66
42.3
41.52
42.12
42.3
45.4
46.66
57.24
57.26
58.0
58.02
58.0
57.5
57.46
57.44
57.44
55.72
56.88
56.5
56.5
56.4
56.64
57.0
56.62
56.56
56.9
56.98
57.1
57.28
57.02
56.94
57.0
57.46
58.82
59.2
59.2
59.36
59.3
59.32
59.28
59.36
59.36
59.24
59.36
59.38
59.4
59.46
59.8
59.96
59.9
59.74
59.86
59.8
59.64
59.68
59.7
59.78
59.68
59.8
59.82
59.86
60.0
60.02
60.02
60.08
60.0
59.9
59.9
59.94
59.98
60.0
59.98
59.86
59.88
59.94
59.94
59.3
59.22
58.08
55.0
57.6
57.06
58.4
59.38
60.38
59.9
58.3
58.44
58.1
58.22
58.68
58.36
58.5
58.7
58.7
58.54
58.98
58.5
58.46
58.52
58.48
58.6
58.8
58.88
58.6
58.5
58.8
58.88
58.8
58.58
58.6
58.68
58.84
59.18
58.46
58.34
60.86
60.82
60.84
60.96
60.88
60.92
60.96
60.98
60.9
60.96
60.92
60.9
60.92
60.9
61.0
60.92
60.88
60.94
60.92
60.9
60.7
60.4
58.06
57.92
57.98
57.4
59.3
60.72
60.0
60.5
60.32
58.1
57.76
56.06
57.16
57.78
58.0
57.9
58.52
58.68
59.0
59.0
59.28
60.0
60.5
61.36
62.82
63.18
63.84
65.34
69.28
70.0
68.3
68.9
69.16
69.28
69.8
64.8
64.02
62.02
63.0
63.08
63.0
63.5
63.06
63.06
61.7
63.8
60.82
61.04
61.28
61.12
61.4
61.58
61.12
61.16
62.32
61.92
63.24
63.62
61.96
62.2
61.78
61.86
61.6
61.88
61.18
61.24
60.54
59.9
59.92
59.66
59.68
59.72
57.1
59.3
59.4
58.24
58.4
58.74
59.18
58.44
58.2
58.44
58.26
58.76
58.68
58.48
58.6
58.96
58.7
58.0
57.9
57.7
57.54
57.66
58.96
60.14
59.78
59.82
60.54
62.44
61.76
80.32
93.3
90.14
86.96
90.26
90.68
88.92
87.22
85.94
83.0
82.0
81.6
80.98
80.54
80.7
83.02
87.84
86.5
86.3
86.36
86.56
87.9
89.8
92.26
92.0
92.04
92.8
92.0
90.2
91.72
80.94
76.8
73.72
77.16
77.02
76.24
75.6
75.5
75.08
74.98
74.3
73.78
74.12
72.02
71.22
70.5
74.28
72.0
71.2
72.18
71.66
72.44
71.52
71.84
71.92
72.52
74.1
76.5
74.98
74.9
77.48
75.6
74.42
73.34
73.1
73.3
73.86
73.22
73.14
72.12
71.28
71.4
71.1
70.58
69.74
69.88
68.3
67.56
68.72
70.06
73.0
72.0
71.5
70.28
69.94
70.22
70.0
68.6
68.02
67.74
65.1
64.9
66.12
72.8
71.36
71.04
71.82
72.56
72.68
99.7
101.88
100.48
102.1
106.66
105.0
104.9
103.56
104.18
104.36
103.9
104.6
104.22
104.62
103.36
104.22
104.66
105.0
106.16
106.0
108.5
115.7
116.4
116.4
115.8
118.7
124.6
122.62
122.1
123.08
123.38
121.8
120.14
117.08
98.82
95.1
89.36
90.4
96.6
93.68
94.0
94.0
93.96
93.5
92.2
97.6
95.06
96.84
93.02
94.3
95.76
95.8
96.3
95.32
94.64
94.68
94.04
95.04
94.44
93.3
93.08
90.9
88.36
86.68
85.98
86.7
88.44
89.06
88.42
86.78
86.5
86.16
86.32
85.98
84.6
84.9
83.22
83.02
83.0
81.52
77.54
79.24
79.0
85.2
80.0
79.56
75.5
77.4
75.76
76.12
75.1
75.2
73.9
74.14
74.96
72.24
70.3
73.14
76.38
75.1
73.14
73.44
72.38
72.48
71.42
72.24
72.0
72.18
72.56
76.8
86.0
80.78
80.82
81.6
79.6
80.8
77.52
76.4
74.5
71.56
75.58
76.28
77.32
72.52
73.0
74.5
75.38
75.6
75.26
75.42
75.7
75.0
76.9
81.78
81.72
81.72
85.34
82.26
79.98
81.32
82.54
80.7
77.0
71.0
73.84
51.96
60.54
55.0
53.1
60.52
67.5
69.58
69.08
64.66
68.3
67.42
69.0
66.6
66.2
65.46
64.64
64.72
63.68
60.1
60.06
60.02
60.0
58.0
58.1
59.8
58.52
59.38
58.8
58.78
58.22
58.0
56.18
57.68
58.26
58.6
62.08
61.0
58.86
56.5
56.06
55.7
56.2
56.2
55.8
54.0
53.9
52.64
51.74
51.7
52.02
51.88
50.22
51.0
49.78
51.04
52.76
53.3
54.86
54.02
57.3
58.1
57.78
57.02
56.64
57.46
55.0
