close
85985
85800
85500
85875
85300
85725
86151
86721
87386
85888
85900
83817
82800
83251
83635
83620
83920
83902
83557
83731
83645
84172
84400
85000
85446
84850
83765
81480
80450
80182
79447
79986
79642
79246
78680
79570
78395
80290
81499
81703
81300
80262
80350
81200
80229
79859
79901
80492
80951
81190
78350
77250
77900
77901
77895
77000
76060
75710
74100
73951
73500
72600
73000
72299
74000
74803
75300
74199
75650
76299
77034
77189
77200
77000
77500
79999
79200
81245
79540
80600
80551
80900
80400
81075
79805
80325
80387
80800
76582
78303
78425
78880
79502
79000
79497
80350
79865
80369
80800
83000
83830
83594
84688
85165
86448
86007
86960
86770
81600
77759
80000
79894
79989
78488
77663
76500
77870
77050
77055
76510
75637
76065
78160
76627
75124
74623
77600
74504
73855
74000
74460
75425
76855
75850
76525
77163
76250
74800
74062
74505
74810
74997
75450
75000
72990
73140
74210
74200
73790
73036
73470
74096
73728
73800
73580
72900
73557
74060
74486
76300
77500
77583
78700
80978
81856
82048
80924
81495
83557
82470
82749
82302
81200
80800
81499
81717
82219
83743
85400
86492
84500
84398
84800
82850
84369
84598
85509
84900
84881
86900
84446
86063
88600
90150
89000
87080
87399
85930
84880
85310
87400
86600
86210
88000
87200
87900
88080
87000
87350
88130
87920
88330
87900
87880
89480
90500
93390
92250
94390
93990
93530
97800
98690
98100
97050
99170
98000
98980
102030
108600
108500
105440
108500
108500
105600
105000
108360
112000
119200
124200
121710
127000
126100
119200
115830
111020
109790
105750
106700
114110
133750
117500
117850
111000
109500
123110
118100
116120
118960
122500
126000
130100
142990
130000
120820
128000
130990
131910
130000
130980
129790
130900
130900
132500
131970
126630
133500
135300
132740
141900
137650
139400
133810
136110
141950
139000
136000
140020
138500
139990
143010
145400
145820
144850
146400
143300
138290
137000
138000
136630
140240
136970
135000
135900
136400
136800
131500
132620
133910
132150
132770
128650
124000
126430
124650
124900
123800
124180
123990
124500
126210
133000
129070
127600
128570
126300
119560
120490
124400
121940
122490
122640
118150
123250
124470
121000
117800
118990
119320
121000
120550
121320
126650
124250
119100
123570
124710
122010
120230
124900
120010
117620
117570
117570
119430
117950
119900
123000
124300
123450
123220
127030
125150
130470
134890
133640
135020
134900
130700
133800
133830
131160
127510
130650
131480
129290
129490
129000
129590
131000
134800
131250
134900
132000
133000
134500
132000
133000
130910
133190
138140
138000
138070
135500
130800
131340
130300
130020
132190
133950
136820
136260
139350
138100
141500
143700
143500
143500
144400
149200
154000
152000
150200
152800
152800
152700
154700
163000
161600
165200
160600
156300
155700
154000
157900
153900
153000
153100
150400
154100
157800
156000
161900
161000
160500
155000
155400
156300
154800
156000
155900
151600
150000
148000
145400
147600
148300
148700
146300
149300
152200
149000
147600
146500
140700
141900
142000
146500
145700
151000
153500
148800
149700
152800
151400
152300
151500
149400
148800
148700
150400
150700
150000
153400
153700
154900
151500
145500
144500
151800
153000
157100
165000
173000
165900
164900
162500
153200
151000
156500
154400
155600
153200
156100
154400
153300
151100
149000
151100
157800
167200
170100
169900
167600
168400
173800
176300
176600
181300
188000
194000
191800
194600
199000
200800
202700
204000
205000
204500
208000
211100
217400
231000
197600
198100
201000
200400
194000
189200
188700
187500
187100
185400
182700
185000
186900
191700
190000
192700
197000
196300
196500
198900
199600
198000
200900
201800
199200
190700
178800
180200
184500
190200
187500
189400
193000
191700
192700
180000
183800
185500
186100
178600
180000
181200
184000
186900
184500
180700
180500
187000
184400
181500
186500
187500
182000
183200
183700
183600
180200
182000
180000
181100
176800
179900
183800
183500
189700
205000
201000
199000
202300
200200
204400
202000
207200
208200
202300
197500
198000
204900
201800
189700
179900
181000
172800
173500
176600
172200
175500
175400
170000
172300
166200
161500
164500
164500
174200
171400
165600
172900
173500
173900
168000
164700
167200
164500
165800
163200
163600
165200
169400
166500
166500
165400
163300
162600
160100
155300
157600
161500
161700
165000
162300
161400
158300
156600
156800
156900
158000
158000
162900
164800
166500
167000
162200
160300
165400
163300
161800
162400
162000
160100
161000
161800
162700
162900
161300
160300
160200
160300
159000
158200
158200
155200
153800
154900
152800
152500
151000
151800
150800
151000
147800
153000
149600
148300
147000
143300
142000
140300
139500
137300
138700
137500
137400
139100
139300
135100
134500
137300
135500
137000
136200
137400
135900
143000
145900
142200
143600
140600
141700
140000
138300
144000
149700
154500
163000
158300
152000
153150
156300
162700
163100
165900
170750
165000
158600
157150
154200
161100
159750
159000
159500
158150
166000
166450
167000
172950
171150
177800
188750
187200
185600
188950
188750
205200
204700
202500
203250
199550
201450
202250
204050
201500
197500
191400
195750
196300
199150
202600
198500
197950
204100
207700
203900
202500
203450
206700
210600
221000
221450
222500
217500
208100
202850
203700
194700
202600
209850
207000
211200
210700
204250
210550
206000
203600
199000
201500
187400
189100
189100
186400
190750
190500
190800
188750
185950
186850
186100
187000
185750
184950
180600
179800
175750
172450
174450
182000
176700
177400
179500
181250
179500
183650
189000
195500
211100
207000
199150
187750
183750
174800
176500
173200
173300
177900
182000
176000
174000
171500
172700
171500
173500
171150
172900
174300
174400
181050
191500
195500
196300
201000
191500
192700
190000
194500
195300
190500
188000
197250
189150
187500
178100
170250
168500
169700
170850
167600
164000
170350
160100
160150
158450
158700
160400
160000
160000
156000
159650
161000
159800
158000
159450
158900
161000
159950
159500
159500
159500
160500
160350
160500
159500
159700
159500
157500
159850
159700
159800
163200
168000
176950
174900
180050
177750
177550
176500
175700
175500
177450
180150
178900
178700
178400
176850
180500
177900
176500
175250
176000
179500
178800
177150
180100
176100
177450
177850
175150
176300
174400
174150
176650
175100
177000
176800
176000
176550
175150
178250
173500
173050
173050
173100
170000
172100
172500
172600
173300
178000
179200
177300
178000
177200
175850
177500
176500
175700
177000
176700
177400
177750
177500
178100
176000
177600
178400
178400
178900
180500
180000
179850
187350
185250
182500
182850
183150
183650
183500
184050
184450
183700
185000
184300
185950
183000
184500
182600
183700
179050
181500
183500
179700
177050
179550
180100
180500
181000
181600
185500
183550
184450
184000
178000
178700
178000
177000
176100
173000
174650
180500
179500
181000
180900
178200
176200
176000
175900
176000
176500
181000
181950
183000
178500
179900
179300
182900
182500
179500
178750
182700
182000
180600
182500
182000
183000
182500
182500
182700
180600
183000
183350
183400
181500
180000
181600
181900
180000
177500
177000
178000
176500
175000
178000
180400
180350
180450
180000
179250
180550
183600
184700
181500
185000
182350
182150
183300
183200
178600
179300
181000
181200
176700
176650
177000
177000
176850
181150
177400
177500
175800
176000
174500
176500
175900
179750
179000
177500
179000
179400
172050
171000
173500
177700
175650
177150
178000
177750
179000
179000
176300
175000
172250
170200
172600
174950
172450
164050
164650
170450
174800
174350
174650
174750
175600
174500
176450
174900
174850
175750
174950
174750
175050
174300
174700
174450
174000
170600
172000
171900
171600
174050
175000
174950
174600
174950
174900
175800
174950
168450
166200
169600
169050
172450
171800
168050
166500
164500
166400
167900
167000
167250
168100
168850
172300
172600
172500
166050
167450
167300
165050
165800
164350
163000
162150
163700
161950
161950
163150
163700
162600
160700
158750
159300
161000
160600
155850
155350
153950
153150
154350
153300
152300
150300
153000
154700
151800
151450
152750
154000
152100
151400
145650
142500
145500
144300
143500
143500
143000
146650
149250
152000
155250
159000
162400
162500
159550
158000
160100
161900
164350
164400
164550
165750
166600
165500
164800
164500
165000
165500
169100
171500
171200
170900
170800
170800
170900
171400
171000
171000
170700
170900
170500
171850
171000
170900
170900
171900
172000
175250
175600
173750
170550
169500
169700
170950
170750
170500
170150
169000
169500
169550
168500
167000
168000
170000
171350
175400
172100
170950
172100
170450
170000
169500
169900
169100
168400
168950
168700
168000
165800
166100
162800
163250
163750
164000
162300
163450
171000
168800
173050
169800
167850
169200
170500
170650
169400
169650
170350
170800
170500
170000
169900
167550
168500
168100
169900
172950
174500
173400
175400
173400
172950
171700
170500
169400
174450
172000
167650
169750
168600
170950
169500
170450
170900
169900
170400
170100
170600
167000
166150
162850
165400
163000
160050
163100
164950
164600
174000
173950
175350
176950
179850
179450
178000
177450
175950
175000
176500
178000
178250
175650
172400
169150
167900
171050
168000
167300
168500
164700
168650
168900
170050
169700
169500
169750
169900
168850
166350
166650
168000
167450
169900
167300
168350
166600
160150
159900
158050
155200
158050
156100
152500
152200
151800
152300
160400
157850
157100
158800
162100
161350
160000
159400
158700
160700
161650
160200
164200
160350
156650
155450
159000
158450
162500
162650
161150
159550
164950
166550
165450
165000
165400
166850
168650
169600
171500
172300
168350
166850
166200
168950
167500
165200
160000
159200
158000
159500
159000
159500
156700
157400
158000
157700
155750
156200
155000
156950
155700
154700
154950
157500
155650
152100
152100
150950
149150
149050
149000
146000
146000
150300
151000
152100
151200
150400
151500
154900
155600
155050
154500
155750
156150
155800
154550
153950
154000
153300
152900
152000
151350
151700
151400
151400
151200
150050
149800
149850
150250
149850
150750
153850
153700
153450
153200
153350
152900
152950
164950
166500
163000
162000
158000
162250
163000
167000
166000
166300
166800
166500
162700
162500
167850
175000
173450
175450
176400
174850
175850
175950
172950
175250
174400
172650
173750
171050
168700
171500
170300
169900
171150
168600
167850
167700
168850
170400
167800
171000
169050
170700
171400
174200
176500
178000
174650
176700
176000
176400
176450
176750
176750
177950
176300
179000
179100
178500
176800
177700
176850
178000
178650
178300
178400
178050
178000
176700
173500
171200
168500
167600
164950
162050
166000
165150
166650
164050
161550
162000
161300
162050
163000
164750
161750
163450
164000
162250
160000
160000
157450
151850
149100
151650
151550
151350
145950
139950
137700
141650
138950
144850
145200
135000
133050
134750
131700
136750
139250
141750
138350
140200
147750
144600
147750
151200
159850
158450
157700
156000
155300
153400
154550
145950
155250
150000
143500
139400
139350
140000
137000
134050
135050
137700
136500
136650
136500
135400
136000
135300
133550
128700
129550
129400
128900
130100
133300
132500
131550
131050
132000
132000
132850
129100
133650
138100
139400
138850
139000
137600
138100
138650
137000
134600
135200
134600
133550
133000
137950
138500
136850
134550
134850
134150
136900
136700
137650
137850
139000
136750
136900
136000
134250
134150
134200
133550
134150
133350
133900
133750
133850
135250
135000
135250
135150
134700
132350
132900
134200
135200
136200
135800
137000
140050
146150
145350
146200
145450
145450
143250
142250
142250
141600
142400
141400
138150
137650
140300
137800
136600
136850
136950
135800
136000
136750
138100
139200
139900
139650
144300
145100
143450
143000
144000
144600
145200
146750
148450
147550
146050
145800
145550
146500
146200
146800
146350
147100
147450
147100
146150
144650
136000
137000
135250
135700
135500
134800
134500
132950
133300
132150
133050
133200
136900
136450
138150
140100
141200
139200
139600
140850
139900
141700
141000
141400
141500
141800
143200
143450
144500
142400
143450
145500
144600
145000
144200
142900
142800
143100
141750
141000
141250
141200
141900
140300
139650
140900
142000
140200
141400
141050
141000
140550
141050
143800
142950
145500
144000
145100
146000
149250
148300
148600
148000
148550
145150
144800
145650
146650
145800
144700
142550
143050
143350
144100
143900
144750
146500
146500
144750
144950
146000
146000
145400
146000
145600
145650
145550
144900
144150
143650
142850
143700
144400
145750
144300
145750
144900
143500
144750
146750
147100
146950
146800
145850
145150
146750
147400
147800
148050
149800
150800
150900
147800
148800
148750
148550
148000
148800
147650
146550
146250
147000
147000
145650
145600
144800
143850
143650
144150
144450
143600
143000
142500
141850
141400
142300
140650
139900
139150
139750
140000
139300
139650
139400
139950
141150
140200
139850
140000
141100
141700
141700
141000
141400
142450
143550
146100
146450
150100
149500
151850
155200
166800
161300
167550
168450
171050
173250
172650
171750
172100
171850
171700
172950
173300
172200
173300
173050
175000
177800
179500
174400
172450
174500
176450
178050
177400
177000
167800
157250
157450
159000
160950
158600
160250
160800
161800
164500
162650
163200
162400
160450
160700
159000
160100
159800
160750
161700
161950
161500
160450
158500
159850
159100
159300
159300
159750
158150
159500
158100
157950
160500
159700
161600
168150
169000
167750
164250
165750
167500
167100
167700
170250
167000
163000
163450
164600
164400
163300
161900
161000
161300
159500
160200
162900
161500
157500
158600
158200
159300
161500
161100
160750
160000
158050
158000
158400
158200
156350
156150
157150
153400
154350
152150
154800
152900
150250
149700
151200
150850
149300
150100
150200
149950
150600
150700
150400
149550
148550
147300
145200
146100
144750
142950
141850
143200
143750
142500
143450
144650
142800
144700
153100
151900
153550
151550
155000
159550
161050
158100
163100
163100
162600
164000
161300
160300
158800
159900
160100
156500
160000
157100
156050
157200
153800
155950
153450
154500
151700
151000
148200
143600
146350
142400
146550
146300
148100
149000
147550
147150
151500
150000
149150
151700
152450
145900
149050
152900
152600
149550
147000
136900
146000
105450
128750
120950
116200
110400
103950
108000
119300
121350
121900
117950
118000
115400
114500
115600
114100
113900
111600
111350
109200
107000
107050
106600
108150
107550
111050
113250
111200
113300
111750
111550
111200
110100
108600
108300
109200
109700
111250
111500
113750
110400
109650
111500
113450
114450
115600
113850
119550
122700
121000
120100
122100
123850
130100
137100
130250
129600
130500
128900
129700
127200
125700
126750
125850
125750
123800
122800
120500
