close
0.03049
0.03048
0.0305
0.02988
0.02952
0.03
0.0305
0.02999
0.03043
0.02965
0.03027
0.03
0.02943
0.02941
0.02999
0.02935
0.0295
0.02999
0.02915
0.02915
0.02886
0.02831
0.02873
0.027
0.027
0.02695
0.0267
0.02681
0.0259
0.026
0.026
0.02785
0.02796
0.0279
0.02599
0.0265
0.0269
0.025
0.024
0.024
0.02299
0.023
0.0243
0.02399
0.024
0.02599
0.0268
0.027
0.02599
0.027
0.02589
0.026
0.0255
0.0255
0.02506
0.025
0.02451
0.025
0.026
0.026
0.02664
0.0269
0.02652
0.02589
0.02594
0.02475
0.02597
0.02461
0.02598
0.02594
0.0246
0.02698
0.025
0.02451
0.02587
0.02574
0.02515
0.0241
0.0229
0.0229
0.023
0.0235
0.0228
0.0224
0.0226
0.021
0.0191
0.0224
0.0213
0.0212
0.0231
0.0198
0.0215
0.0207
0.0204
0.0207
0.0199
0.0204
0.0201
0.0207
0.0203
0.0208
0.0206
0.02
0.0214
0.0208
0.0211
0.02
0.0207
0.0203
0.0206
0.0209
0.0214
0.0211
0.0208
0.0215
0.0222
0.0228
0.0228
0.022
0.0214
0.0209
0.02
0.019
0.02
0.0189
0.0188
0.0194
0.017
0.0182
0.0199
0.0199
0.0199
0.0197
0.019
0.0185
0.019
0.0198
0.0194
0.0194
0.0201
0.0208
0.0196
0.0189
0.02
0.0211
0.021
0.02
0.0209
0.0208
0.0206
0.0207
0.0199
0.0201
0.02
0.0206
0.0204
0.021
0.0206
0.021
0.0206
0.0208
0.0214
0.0213
0.0217
0.0216
0.0217
0.0255
0.0259
0.0242
0.0238
0.0254
0.0276
0.0282
0.0294
0.0321
0.0337
0.0316
0.0306
0.0288
0.0286
0.0272
0.0279
0.0274
0.027
0.0265
0.0292
0.0314
0.032
0.0295
0.03
0.0299
0.029
0.0294
0.0303
0.0299
0.03
0.031
0.0297
0.03
0.0296
0.029
0.0288
0.0289
0.0297
0.0292
0.0291
0.0291
0.0291
0.0281
0.0289
0.0272
0.0286
0.0274
0.0267
0.0274
0.0281
0.0281
0.0275
0.0277
0.0289
0.0289
0.0287
0.0299
0.0286
0.0275
0.0265
0.0264
0.026
0.0273
0.0289
0.0284
0.0284
0.0287
0.0275
0.028
0.0278
0.0285
0.0284
0.029
0.0293
0.03
0.0302
0.0309
0.0323
0.033
0.032
0.0326
0.0328
0.0325
0.0324
0.0321
0.0309
0.0305
0.0307
0.0304
0.0299
0.0298
0.0305
0.0342
0.0334
0.0369
0.0376
0.0367
0.0357
0.0369
0.037
0.0377
0.0379
0.0383
0.0388
0.0389
0.0385
0.0374
0.037
0.0378
0.0375
0.0376
0.0366
0.0406
0.0432
0.043
0.0416
0.0426
0.0399
0.04
0.0408
0.0391
0.0413
0.0393
0.0379
0.038
0.0372
0.039
0.0352
0.0364
0.0369
0.0375
0.037
0.037
0.037
0.037
0.0382
0.0378
0.0378
0.0377
0.0383
0.0389
0.0393
0.0402
0.04
0.0391
0.0386
0.039
0.0395
0.037
0.0381
0.0369
0.0379
0.037
0.0358
0.0358
0.0358
0.035
0.0349
0.0357
0.0352
0.0352
0.0356
0.0357
0.0338
0.0328
0.0328
0.032
0.0327
0.032
0.0322
0.0345
0.0353
0.033
0.0328
0.0326
0.0337
0.0347
0.0342
0.0337
0.085
0.1595
0.1588
0.1301
0.109
0.1118
0.109
0.1068
0.1011
0.0982
0.0926
0.0931
0.0889
0.0828
0.0832
0.0856
0.1255
0.1167
0.1121
0.1075
0.1163
0.1102
0.1148
0.1114
0.112
0.1097
0.1043
0.099
0.1077
0.1115
0.11
0.1081
0.1096
0.1111
0.11
0.1088
0.1099
0.1064
0.1073
0.1078
0.1078
0.1043
0.1033
0.1006
0.101
0.1048
0.103
0.1018
0.1007
0.1016
0.1001
0.1007
0.101
0.101
0.1016
0.1013
0.1007
0.1
0.1001
0.1005
0.101
0.101
0.1005
0.1
0.1006
0.1002
0.0983
0.0993
0.099
0.0992
0.0981
0.0981
0.097
0.0958
0.098
0.0972
0.0978
0.0967
0.0946
0.093
0.0915
0.09
0.091
0.0918
0.0929
0.09
0.0906
0.0917
0.0907
0.0863
0.09
0.1015
0.1003
0.0983
0.095
0.0953
0.095
0.0959
0.093
0.0922
0.0957
0.0949
0.0934
0.0927
0.0923
0.0926
0.0937
0.0941
0.094
0.0942
0.0939
0.0923
0.0927
0.0923
0.0923
0.0922
0.0924
0.0936
0.0915
0.0913
0.0906
0.0898
0.0878
0.0887
0.0887
0.0894
0.0884
0.0885
0.089
0.0881
0.087
0.0876
0.0905
0.0895
0.0895
0.09
0.0897
0.09
0.0936
0.092
0.0905
0.0904
0.089
0.0892
0.0876
0.0893
0.0901
0.0907
0.0906
0.0898
0.0902
0.0891
0.0904
0.09
0.0906
0.089
0.088
0.0881
0.0884
0.0885
0.0877
0.088
0.0882
0.088
0.0869
0.0879
0.084
0.0858
0.087
0.0868
0.086
0.0849
0.083
0.0849
0.0836
0.0835
0.0828
0.083
0.0822
0.0827
0.0851
0.0846
0.0837
0.0839
0.084
0.0831
0.0833
0.0827
0.0915
0.0887
0.0845
0.085
0.083
0.0828
0.0849
0.0837
0.0863
0.084
0.0842
0.0844
0.0845
0.084
0.0863
0.0854
0.085
0.085
0.0846
0.0851
0.0853
0.0843
0.0844
0.1099
0.102
0.0923
0.104
0.0938
0.09
0.0896
0.0913
0.0935
0.0981
0.0986
0.1014
0.101
0.1026
0.1006
0.1018
0.1028
0.1101
0.1387
0.14
0.1535
0.159
0.1478
0.1475
0.1454
0.141
0.1409
0.137
0.1317
0.1318
0.1289
0.1258
0.1226
0.1245
0.1409
0.1384
0.1374
0.1399
0.1429
0.1385
0.1398
0.1369
0.1369
0.1399
0.1401
0.142
0.1443
0.1396
0.1379
0.1382
0.1329
0.1348
0.1321
0.1312
0.1305
0.129
0.131
0.1299
0.1282
0.1276
0.1259
0.1248
0.1253
0.1257
0.1256
0.1257
0.1261
0.14
0.1489
0.1396
0.135
0.1324
0.1307
0.127
0.1263
0.1295
0.128
0.1293
0.134
0.1335
0.1309
0.135
0.1338
0.1311
0.1303
0.1307
0.131
0.1316
0.1324
0.1413
0.1396
0.1395
0.14
0.1389
0.1363
0.1364
0.1367
0.1363
0.1366
0.12
0.1085
0.1082
0.1069
0.104
0.1103
0.1096
0.1123
0.1108
0.1106
0.1084
0.1078
0.1076
0.1079
0.1071
0.1057
0.1052
0.1058
0.1062
0.1061
0.1044
0.101
0.1034
0.1033
0.1016
0.102
0.1009
0.099
0.0986
0.0993
0.0988
0.0987
0.098
0.0983
0.0995
0.0994
0.0995
0.0998
0.1001
0.0977
0.0979
0.097
0.0945
0.0964
0.0928
0.0905
0.0909
0.09
0.092
0.0918
0.0913
0.09
0.0892
0.0877
0.0876
0.0864
0.0879
0.0874
0.0858
0.0853
0.0867
0.0862
0.0862
0.0863
0.0864
0.0856
0.0858
0.0845
0.0857
0.0859
0.0858
0.0844
0.0855
0.085
0.0877
0.0889
0.0881
0.0885
0.0884
0.0881
0.091
0.0901
0.0904
0.0924
0.092
0.092
0.0926
0.0909
0.0908
0.0916
0.091
0.0884
0.0889
0.0889
0.0886
0.0873
0.086
0.0854
0.0839
0.086
0.0863
0.0881
0.088
0.0877
0.0912
0.0897
0.0899
0.089
0.089
0.0876
0.0868
0.0872
0.0891
0.0848
0.0863
0.0856
0.085
0.0858
0.0855
0.0861
0.0859
0.0859
0.085
0.0854
0.0853
0.0845
0.0851
0.0841
0.0846
0.086
0.0873
0.0872
0.0869
0.0869
0.0868
0.0872
0.089
0.0885
0.0888
0.089
0.0885
0.0885
0.0884
0.087
0.087
0.0864
0.0859
0.0856
0.0856
0.0852
0.0849
0.0852
0.0861
0.0857
0.086
0.0857
0.0858
0.0855
0.0845
0.0851
0.0835
0.0835
0.0828
0.0838
0.0846
0.0843
0.0855
0.084
0.0862
0.0845
0.0833
0.0848
0.0849
0.0864
0.0865
0.0864
0.0836
0.0836
0.0842
0.0842
0.084
0.0845
0.0845
0.0839
0.0853
0.086
0.0851
0.0885
0.1005
0.0954
0.0946
0.0922
0.0919
0.0919
0.091
0.092
0.092
0.091
0.091
0.0879
0.0882
0.0874
0.0877
0.0872
0.0873
0.088
0.087
0.0864
0.0874
0.0868
0.0876
0.087
0.087
0.088
0.087
0.0867
0.085
0.085
0.0843
0.0843
0.0844
0.0841
0.0846
0.0845
0.084
0.0839
0.0839
0.0839
0.0837
0.0837
0.0844
0.0809
0.0817
0.0819
0.0819
0.0819
0.0827
0.0833
0.0822
0.082
0.0801
0.0809
0.0805
0.0805
0.08
0.08
0.0805
0.081
0.0809
0.0811
0.0819
0.0817
0.0815
0.081
0.0812
0.081
0.0806
0.08
0.0799
0.0802
0.0796
0.0795
0.0785
0.0777
0.0797
0.0788
0.0789
0.0792
0.0795
0.08
0.0782
0.0784
0.0783
0.069
0.0691
0.0688
0.0719
0.072
0.07
0.0689
0.0699
0.0705
0.0709
0.0712
0.0809
0.0777
0.0765
0.0769
0.0764
0.079
0.0774
0.077
0.0765
0.0775
0.0776
0.0759
0.075
0.0754
0.0756
0.0735
0.073
0.0737
0.0729
0.0727
0.073
0.0734
0.0721
0.0728
0.073
0.0736
0.0735
0.0726
0.073
0.072
0.0721
0.0716
0.07
0.071
0.07
0.0713
0.071
0.0702
0.0691
0.0677
0.0684
0.0685
0.0689
0.0674
0.0657
0.0666
0.0668
0.0664
0.0654
0.065
0.065
0.0655
0.0649
0.067
0.068
0.0661
0.067
0.0671
0.0658
0.0657
0.0646
0.0639
0.065
0.0653
0.0629
0.0634
0.0624
0.0615
0.0609
0.0642
0.0629
0.0623
0.063
0.0625
0.062
0.0625
0.0608
0.0607
0.0584
0.0561
0.0572
0.0635
0.0636
0.0633
0.062
0.0633
0.0616
0.0618
0.0618
0.0623
0.0624
0.0651
0.0679
0.0697
0.07
0.07
0.0698
0.0689
0.0675
0.0664
0.0667
0.0667
0.0661
0.0627
0.063
0.0725
0.071
0.0687
0.0695
0.0681
0.067
0.0657
0.0649
0.0649
0.0638
0.0655
0.0645
0.0643
0.0627
0.0637
0.0639
0.0614
0.0627
0.0615
0.061
0.0607
0.0617
0.06
0.0615
0.0616
0.0621
0.0617
0.0606
0.0616
0.0625
0.0622
0.062
0.0623
0.0622
0.065
0.0622
0.0627
0.0628
0.0623
0.0615
0.062
0.0617
0.062
0.0622
0.0623
0.0623
0.0634
0.0635
0.066
0.0655
0.0656
0.0654
0.064
0.0647
0.064
0.0642
0.0629
0.0623
0.0624
0.0622
0.0622
0.0615
0.062
0.0619
0.0595
0.06
0.0594
0.0594
0.0582
0.0586
0.0598
0.06
0.059
0.0591
0.0591
0.059
0.06
0.06
0.0606
0.0606
0.0612
0.0606
0.0599
0.0609
0.0611
0.0599
0.0595
0.059
0.0594
0.0596
0.0599
0.0596
0.0594
0.0603
0.0626
0.0634
0.0625
0.0624
0.062
0.0719
0.0672
0.0642
0.064
0.0623
0.0621
0.0625
0.0624
0.0629
0.0645
0.0644
0.0647
0.0675
0.066
0.0644
0.066
0.0735
0.0748
0.0703
0.0715
0.0701
0.0703
0.0705
0.0696
0.0705
0.07
0.0708
0.0709
0.0706
0.0716
0.0712
0.0703
0.0727
0.0738
0.0727
0.0736
0.0755
0.0737
0.076
0.0769
0.0763
0.0765
0.0763
0.0742
0.074
0.072
0.0692
0.0717
0.07
0.0707
0.0683
0.068
0.0689
0.069
0.0687
0.0694
0.0692
0.0695
0.0679
0.067
0.0667
0.066
0.0638
0.064
0.0649
0.065
0.0649
0.065
0.0665
0.0712
0.0712
0.0688
0.0728
0.0717
0.0711
0.0709
0.0688
0.0692
0.0705
0.07
0.071
0.0698
0.0701
0.071
0.0711
0.072
0.07
0.0704
0.0703
0.0715
0.0724
0.0743
0.0747
0.0739
0.0729
0.0721
0.0717
0.0714
0.0717
0.0716
0.0724
0.0732
0.0726
0.0725
0.0712
0.0706
0.0725
0.0707
0.0705
0.07
0.0704
0.0717
0.073
0.0715
0.0732
0.0732
0.0755
0.0763
0.0763
0.0758
0.0756
0.075
0.0732
0.0723
0.0715
0.0724
0.072
0.0716
0.0719
0.0718
0.0713
0.0708
0.0715
0.0705
0.0707
0.0715
0.0712
0.0719
0.0733
0.0726
0.073
0.075
0.0742
0.075
0.073
0.0755
0.085
0.0792
0.0803
0.088
0.0845
0.086
0.0848
0.0829
0.0824
0.0811
0.079
0.0818
0.0792
0.0801
0.0829
0.0839
0.086
0.087
0.0863
0.0936
0.0921
0.0986
0.095
0.0923
0.0881
0.0868
0.0955
0.0949
0.091
0.0928
0.0934
0.0959
0.0945
0.0925
0.0917
0.0936
0.0936
0.0907
0.0916
0.0923
0.0906
0.091
0.0905
0.0898
0.0895
0.0899
0.091
0.0908
0.0904
0.0891
0.0898
0.0898
0.0887
0.0888
0.0877
0.0883
0.0894
0.0904
0.0902
0.0904
0.0939
0.0915
0.0915
0.0917
0.0916
0.09
0.091
0.0902
0.09
0.0901
0.0915
0.0917
0.0932
0.0944
0.094
0.0922
0.0925
0.0918
0.0918
0.0926
0.091
0.091
0.0909
0.0939
0.0924
0.096
0.0957
0.0958
0.0956
0.094
0.0965
0.096
0.0953
0.0938
0.0944
0.095
0.0955
0.0958
0.0942
0.0942
0.0915
0.0944
0.0938
0.0932
0.0918
0.0925
0.091
0.0899
0.0939
0.0925
0.0935
0.0919
0.0925
0.0928
0.0939
0.092
0.0906
0.0895
0.0814
0.0814
0.085
0.0842
0.0848
0.08
0.077
0.075
0.0705
0.0674
0.07
0.07
0.0654
0.0687
0.0698
0.0716
0.071
0.069
0.0699
0.068
0.0681
0.0673
0.0692
0.0699
0.0676
0.0671
0.067
0.0672
0.069
0.0722
0.0713
0.0704
0.0685
0.0684
0.0758
0.0723
0.0689
0.0707
0.0716
0.072
0.0726
0.0728
0.0715
0.0715
0.0708
0.0705
0.071
0.0709
0.0701
0.0706
0.0699
0.0691
0.069
0.0692
0.0694
0.0696
0.069
0.069
0.0698
0.0696
0.0698
0.0703
0.0702
0.0769
0.0768
0.0744
0.0713
0.0722
0.0725
0.0722
0.0707
0.0703
0.0701
0.0705
0.0705
0.0711
0.0712
0.0706
0.0711
0.0698
0.0698
0.0694
0.0685
0.0677
0.0683
0.0691
0.0691
0.0691
0.0679
0.068
0.0674
0.0671
0.0677
0.0675
0.0675
0.0675
0.0678
0.0679
0.0681
0.0682
0.0685
0.0693
0.0693
0.0689
0.0692
0.0699
0.0695
0.07
0.0691
0.069
0.0688
0.069
0.0707
0.0705
0.0706
0.0691
0.0697
0.0702
0.0695
0.0691
0.0692
0.0687
0.0691
0.0689
0.0685
0.0685
0.0689
0.0685
0.0684
0.0682
0.0682
0.0689
0.0685
0.0682
0.0685
0.0681
0.0684
0.0686
0.0683
0.0682
0.068
0.0683
0.0678
0.0677
0.0672
0.0678
0.0674
0.0672
0.0672
0.0667
0.0676
0.0678
0.067
0.0666
0.0666
0.0671
0.0666
0.0663
0.0662
0.0659
0.0652
0.0655
0.0658
0.0653
0.0655
0.0655
0.0653
0.063
0.0625
0.062
0.0618
0.0621
0.0625
0.0656
0.0665
0.0674
0.0676
0.0667
0.0669
0.0672
0.0664
0.067
0.0661
0.067
0.0679
0.0685
0.0677
0.0678
0.0675
0.068
0.068
0.0684
0.0684
0.0683
0.0685
0.0685
0.0691
0.0685
0.0684
0.0684
0.0694
0.069
0.0681
0.0694
0.0683
0.0687
0.0688
0.0688
0.0689
0.0685
0.0687
0.0685
0.0688
0.0688
0.0688
0.0689
0.0695
0.0698
0.0702
0.0711
0.071
0.0702
0.0703
0.0703
0.0698
0.0686
0.0694
0.0693
0.0687
0.0679
0.0673
0.0688
0.0687
0.0677
0.0676
0.0677
0.0678
0.067
0.067
0.067
0.067
0.0673
0.0672
0.067
0.0678
0.0676
0.0855
0.076
0.0719
0.072
0.074
0.0736
0.0744
0.075
0.0761
0.0741
0.0756
0.074
0.076
0.075
0.0746
0.0743
0.074
0.0737
0.0732
0.0737
0.0741
0.0735
0.0749
0.0774
0.0767
0.0759
0.0764
0.077
0.0775
0.0765
0.0764
0.0766
0.0762
0.0764
0.0748
0.0775
0.0778
0.0756
0.0753
0.076
0.0766
0.0739
0.0756
0.0757
0.0755
0.0751
0.0746
0.0727
0.0728
0.0743
0.0743
0.074
0.0741
0.0739
0.0732
0.0736
0.0775
0.1084
0.0913
0.0937
0.0853
0.0857
0.084
0.086
0.0867
0.0858
0.0861
0.0882
0.0872
0.087
0.087
0.0905
0.0912
0.0905
0.0885
0.0887
0.0914
0.0909
0.0926
0.0925
0.0939
0.0909
0.0915
0.0926
0.0922
0.0904
0.0907
0.0909
0.0902
0.0922
0.0915
0.091
0.0922
0.0916
0.0905
0.0903
0.0863
0.0886
0.0877
0.085
0.0863
0.0866
0.0858
0.0883
0.0873
0.0873
0.0873
0.083
0.083
0.0834
0.0881
0.0862
0.086
0.084
0.0848
0.0841
0.0879
0.0875
0.0919
0.0908
0.0887
0.0886
0.089
0.0887
0.0899
0.0886
0.0885
0.09
0.088
0.0898
0.0886
0.0885
0.089
0.0886
0.0889
0.0891
0.09
0.09
0.0897
0.089
0.0885
0.0896
0.0893
0.0886
0.0887
0.0885
0.0889
0.088
0.0869
0.0898
0.0892
0.0892
0.0922
0.0952
0.099
0.0994
0.0999
0.1061
0.119
0.1114
0.1071
0.1106
0.1108
0.1095
0.1094
0.1098
0.1055
0.1013
0.1048
0.1022
0.1015
0.1024
0.1016
0.102
0.1019
0.1016
0.0992
0.0998
0.1022
0.1053
0.1022
0.1012
0.1012
0.1029
0.103
0.103
0.1024
0.1008
0.1018
0.102
0.1
0.0977
0.0972
0.0969
0.0968
0.0955
0.0927
0.0964
0.0938
0.094
0.094
0.093
0.091
0.0926
0.0913
0.0923
0.0919
0.092
0.0927
0.0922
0.0967
0.098
0.0942
0.0936
0.093
0.0959
0.0967
0.0975
0.097
0.0963
0.0967
0.0977
0.1
0.0988
0.098
0.0979
0.0971
0.0979
0.0977
0.0948
0.0938
0.0876
0.0881
0.087
0.0888
0.0835
0.0834
0.0844
0.0885
0.0916
0.0959
0.1012
0.0974
0.0989
0.0955
0.0908
0.0893
0.0907
0.0886
0.0859
0.0832
0.0838
0.086
0.0837
0.0803
0.0701
0.075
0.049
0.062
0.0514
0.054
0.059
0.0665
0.0693
0.0707
0.0657
0.0918
0.0831
0.0757
0.08
0.0852
0.0829
0.0771
0.0768
0.0769
0.075
0.0755
0.0746
0.0754
0.0713
0.0719
0.0733
0.0725
0.0721
0.0709
0.0713
0.071
0.0718
0.0703
0.0685
0.0698
0.0709
0.071
0.0699
0.0697
0.0691
0.0655
0.0665
0.0658
0.065
0.065
0.0648
0.0656
0.0628
0.0603
0.0597
0.0592
0.0602
0.0609
0.0595
0.0588
0.0612
0.0615
0.0624
0.064
0.0622
0.0619
0.0622
0.0624
0.0635
0.0633
0.0643
0.0629
