close
800
800
810
810
815
820
820
820
820
820
820
830
835
830
850
832
725
700
700
700
700
700
700
700
700
650
700
750
750
750
675
650
700
760
616
676
750
800
847
875
905
930
725
700
700
700
714
785
862
900
710
790
785
750
699
699
719
720
675
675
676
728
900
850
780
749
750
750
700
699
698
700
675
670
660
655
700
650
650
650
672
680
705
678
702
699
697
730
650
650
650
698
658
650
650
652
646
650
645
640
640
660
650
690
715
678
698
650
650
650
659
620
649
665
630
620
628
630
650
699
709
696
649
650
696
693
644
638
674
656
640
655
705
724
685
678
651
650
667
735
700
730
700
766
705
708
702
700
702
677
708
699
695
680
699
678
698
675
687
693
698
671
698
670
697
710
725
677
713
673
687
683
679
667
659
659
650
650
650
661
661
650
658
661
661
660
647
646
671
672
650
676
653
625
647
617
624
623
622
605
613
625
610
612
615
623
623
607
618
627
628
611
619
619
627
625
637
620
640
615
619
628
611
623
627
613
610
612
617
622
622
606
625
605
620
625
650
650
700
690
710
764
665
660
638
623
639
630
634
635
635
635
654
637
628
648
664
603
750
652
669
700
699
626
610
560
547
564
550
550
594
625
533
590
600
600
570
560
625
548
600
626
600
530
524
501
502
500
500
523
515
523
524
510
500
528
528
491
533
474
490
498
528
500
480
520
530
548
545
495
511
510
520
547
496
530
520
541
538
496
504
526
495
500
500
485
482
499
480
505
490
488
500
506
515
506
504
505
506
474
488
505
530
500
470
500
490
485
460
460
465
485
470
510
530
500
530
540
475
490
470
470
480
450
445
440
480
455
450
440
425
420
415
430
410
425
400
410
410
410
405
405
410
395
405
410
405
400
405
410
400
400
410
415
420
420
420
425
410
415
430
420
430
425
435
440
440
450
420
425
430
420
420
425
430
430
415
425
425
425
415
415
420
419
412
405
413
420
587
549
546
508
503
506
708
990
928
1164
1030
981
919
904
815
848
852
830
831
810
836
820
827
816
804
778
769
736
733
754
739
723
937
918
843
838
750
714
732
736
728
729
760
746
741
736
742
738
749
730
737
731
739
724
729
744
690
681
698
708
697
708
706
707
693
681
624
624
635
623
628
625
629
612
628
617
618
628
616
614
622
634
627
631
607
624
612
633
632
703
684
681
672
644
647
640
621
635
637
630
620
609
614
616
617
628
628
624
624
610
614
615
615
631
638
642
639
623
634
653
656
660
659
659
660
648
653
657
659
666
656
662
655
690
678
682
679
669
658
652
654
647
659
652
653
651
653
652
652
650
649
642
643
644
640
645
640
639
720
687
674
653
652
644
653
647
654
655
651
651
652
656
650
648
649
659
672
674
682
670
690
676
672
674
672
673
669
674
658
661
661
671
669
676
672
671
660
667
657
664
663
656
665
655
687
695
680
694
685
686
680
720
704
701
720
741
730
719
730
740
727
741
748
760
761
757
753
755
838
908
928
875
888
859
857
895
895
875
879
873
841
818
761
716
707
717
717
707
699
694
686
597
578
535
530
471
497
522
517
543
545
624
582
568
573
573
586
613
615
613
614
629
627
617
618
604
599
598
596
583
588
593
620
608
621
626
622
617
619
616
615
615
618
604
600
592
594
597
596
600
597
602
601
598
598
598
605
608
605
601
604
603
602
613
603
602
600
604
605
598
600
598
598
597
590
593
590
589
595
595
591
591
591
595
582
589
594
593
592
595
589
593
594
582
588
586
575
582
582
580
583
584
578
583
584
771
710
685
670
659
664
665
658
660
657
659
646
652
648
649
649
629
610
621
611
615
632
628
631
631
630
620
632
629
618
624
658
629
627
622
621
620
612
618
615
607
605
600
604
606
600
600
624
613
600
606
604
610
605
607
599
598
598
613
598
606
609
607
598
608
608
601
620
618
620
610
611
612
612
607
616
614
624
624
720
676
779
742
730
745
720
720
710
707
720
752
739
748
749
750
755
758
824
797
826
815
814
810
818
817
825
1154
1615
1775
1951
2145
2358
2593
2850
1850
1866
2555
3118
2949
2949
2699
2476
2780
2631
2653
2557
2454
2437
2390
2638
2541
2480
2436
2298
2150
2024
1948
2079
1985
2018
2019
2033
1966
1968
1910
1853
1700
1869
1829
1830
1808
1825
1778
1736
1704
1719
1695
1671
1645
1612
1612
1600
1616
1630
1600
1599
1592
1605
1600
2200
1933
2111
2070
2140
2071
2031
2011
1967
1942
1899
1887
1904
1903
1938
1927
1941
1906
1917
1907
1905
1892
1878
1843
1841
1805
1775
1774
1771
1749
1729
1723
1720
1740
1712
1699
1700
1670
1654
1637
1638
1652
1658
1700
1969
1817
1732
1710
1719
1742
1794
1779
1780
1775
1754
1767
1803
1770
1751
1736
1726
1706
1697
1677
1678
1755
1727
1731
1686
1712
1731
1704
1684
1689
1703
1701
1692
1670
1694
1680
1701
1815
1782
1772
1758
1772
1758
1734
1741
1724
1735
1706
1711
1711
1722
1715
1707
1714
1722
1722
1722
1726
1727
1754
1723
1727
1721
1727
1727
1719
1720
1722
1800
1851
1916
1890
1877
1878
1913
1981
2265
1919
1801
1952
1890
1965
1960
1957
1975
1962
1949
1966
1958
1952
1922
1957
1958
1940
1942
1918
1870
1856
1850
1938
1937
1935
1925
1921
1921
1905
1914
1891
1898
1868
1859
1830
1819
1785
1810
1798
1843
1780
1780
1738
1741
1728
1685
1678
1670
1683
1680
1731
1669
1578
1560
1553
1520
1619
1570
1574
1547
1532
2140
1910
1916
1879
2000
1969
1955
1947
1950
1952
1949
1892
1825
1776
1704
1822
1821
1812
1786
1765
1770
1814
1793
1784
1762
1748
1731
1730
1729
1740
1830
1827
1785
1808
1793
1810
1790
1781
1510
1687
1149
1320
1270
1268
1340
1545
1591
1563
1539
1522
1525
1520
1495
1483
1469
1460
1407
1380
1338
1386
1447
1453
1406
1408
1432
1426
1420
1414
1390
1411
1500
1471
1481
1436
1449
1468
1450
1437
1420
1411
1396
1396
1400
1403
1393
1368
1322
1268
1339
1347
1364
1352
1332
1307
1302
1308
1327
1337
1342
1348
1316
1310
1310
1300
1312
1299
