close
160.0
162.96
168.75
161.97
163.6
162.97
161.07
158.5
160.09
159.0
161.0
158.0
159.98
160.98
160.98
157.3
156.0
153.75
157.44
155.0
154.88
153.77
158.76
154.4
149.76
147.73
155.0
156.0
149.8
149.8
151.11
147.98
146.0
143.02
142.78
153.37
149.74
147.77
151.76
151.77
151.0
150.0
147.99
154.5
151.5
150.0
142.5
140.5
140.5
147.0
142.0
139.5
131.5
131.5
132.0
131.0
132.0
131.5
134.0
133.0
137.0
133.0
133.5
133.5
141.5
133.5
137.5
140.0
141.0
139.0
131.0
137.0
135.5
140.0
130.5
132.0
130.0
128.5
127.0
125.0
126.5
126.5
127.5
127.5
127.0
127.5
127.5
127.0
126.0
127.5
131.0
131.0
126.0
125.0
125.0
126.0
125.5
127.0
130.0
130.0
126.5
128.5
128.5
129.5
129.5
129.5
131.0
130.5
131.0
143.5
135.0
135.0
139.5
140.5
152.0
151.0
141.5
141.5
152.0
155.0
150.0
154.0
152.5
152.0
129.5
133.5
130.0
130.0
129.0
129.0
129.5
129.5
129.5
127.0
129.5
128.5
130.0
131.0
130.5
129.0
128.0
128.0
129.5
129.0
125.5
127.0
125.5
129.5
123.0
129.5
130.0
130.0
129.0
128.0
129.0
129.0
127.0
129.0
129.0
129.0
128.0
125.0
126.0
127.0
127.0
128.0
122.0
124.5
121.0
123.0
122.5
122.0
115.0
116.5
117.0
116.5
115.0
115.0
114.5
114.0
115.0
115.0
115.0
115.0
113.0
116.5
118.0
115.5
114.5
112.0
114.0
117.0
120.0
112.5
115.0
115.5
115.5
117.0
118.0
119.0
118.5
119.0
119.0
118.0
117.5
117.5
118.0
117.0
119.0
117.5
119.5
119.0
117.0
118.0
119.0
119.5
118.0
117.5
119.0
118.5
118.5
118.0
118.5
119.0
118.5
118.5
119.0
119.0
116.0
116.5
115.5
118.0
115.5
115.5
114.5
113.0
115.0
115.0
112.0
113.0
113.5
114.0
111.0
113.5
125.0
115.5
121.5
118.0
115.0
117.5
115.5
120.0
122.0
118.0
142.5
140.0
143.5
138.0
137.0
137.0
137.5
132.0
135.0
133.5
133.0
135.0
132.0
132.0
134.0
131.5
132.5
134.5
137.0
135.0
131.0
131.0
131.5
129.0
130.5
130.5
131.0
130.0
131.0
129.5
129.5
129.0
129.0
130.0
128.0
130.5
129.5
129.5
129.5
130.0
130.5
130.0
130.5
129.0
130.0
131.0
130.0
128.0
126.0
126.0
125.5
127.0
126.0
128.5
128.0
128.0
128.0
127.5
126.0
129.5
128.0
128.5
129.0
128.5
128.0
127.5
126.5
128.0
127.0
128.5
128.5
130.0
132.5
133.0
130.5
130.0
131.0
133.0
133.0
135.0
137.0
138.0
138.5
136.5
137.0
138.0
137.5
140.0
137.5
138.5
140.0
150.0
146.5
148.0
160.0
153.0
151.5
156.0
158.0
158.5
157.0
154.5
153.0
153.0
149.0
151.0
149.5
148.0
149.0
151.0
148.5
151.5
151.5
149.5
146.0
140.0
139.0
141.5
141.0
141.0
138.0
139.0
140.0
140.0
139.5
140.0
139.0
140.0
139.0
139.5
140.5
139.0
137.5
139.0
139.5
140.0
139.5
140.0
139.5
140.5
140.0
144.0
145.5
138.0
136.0
135.0
133.0
131.5
134.0
131.0
130.0
129.5
127.5
128.5
126.0
126.5
126.5
127.0
127.0
125.5
126.5
126.5
126.5
127.5
128.5
128.5
129.5
129.0
129.5
129.5
130.5
129.5
130.0
130.0
128.0
129.5
130.5
131.0
131.0
131.5
130.5
131.0
130.0
130.0
130.0
130.5
131.0
131.0
131.5
131.5
131.0
130.0
129.0
128.5
130.0
129.5
129.0
130.0
128.0
126.5
127.0
127.0
127.5
128.0
127.5
130.0
132.0
133.5
135.0
133.5
130.0
131.0
129.5
126.5
127.0
127.5
127.0
128.0
125.5
126.5
126.0
127.0
127.0
127.0
128.0
128.0
127.0
127.0
128.0
127.0
126.5
127.0
126.0
127.5
128.0
129.0
129.0
129.0
128.0
129.0
127.0
129.5
128.0
128.0
129.0
122.5
122.0
120.5
121.0
121.5
120.5
120.0
119.0
119.0
120.5
122.0
120.0
120.0
113.0
110.5
114.0
111.0
109.5
110.0
110.0
109.5
110.0
109.5
111.5
109.5
110.0
110.0
109.5
108.5
108.0
108.0
108.5
109.0
109.0
108.5
110.5
112.0
113.5
114.5
113.5
113.0
111.5
112.5
108.0
108.5
108.0
108.5
104.5
108.5
108.5
105.0
104.0
103.0
102.5
102.5
103.0
104.0
103.5
103.5
103.5
103.0
103.0
103.0
102.0
99.5
99.5
99.0
100.0
101.5
103.0
101.5
100.0
97.0
96.5
94.0
96.0
96.0
95.0
95.5
95.5
96.0
89.5
91.5
92.5
90.0
92.0
92.5
94.0
95.0
94.0
93.0
93.5
95.0
94.0
94.0
93.5
94.5
94.0
93.0
93.0
93.0
94.0
93.0
90.5
90.5
89.0
89.0
88.5
90.0
87.0
87.0
87.0
86.5
86.5
92.5
93.5
93.5
95.0
98.5
95.0
96.5
96.0
97.5
98.0
99.0
98.0
98.0
98.5
98.5
96.5
97.5
98.0
99.0
98.5
97.0
94.5
96.5
96.5
97.0
99.0
102.5
102.5
94.5
92.0
89.0
88.0
87.0
81.5
78.0
80.5
81.5
78.5
79.0
79.0
78.0
78.0
78.5
79.0
79.5
82.5
81.5
82.5
83.0
81.5
82.5
83.5
85.5
88.0
87.0
90.5
91.0
93.0
92.5
92.5
91.5
90.0
90.5
89.5
88.0
87.0
87.5
87.0
86.5
88.0
86.5
87.0
87.0
88.0
86.0
85.5
86.0
86.0
85.5
86.0
86.0
87.5
87.5
91.0
90.5
91.0
91.0
91.5
91.0
91.0
91.0
90.0
90.0
89.0
90.0
90.5
92.0
92.0
90.5
91.5
92.0
91.5
91.5
92.0
92.0
91.5
92.5
92.5
93.5
97.0
96.5
97.0
95.5
94.5
94.5
94.5
94.0
94.0
94.5
94.5
96.0
96.5
96.5
95.0
96.5
95.0
94.0
95.5
95.5
98.5
94.5
96.5
97.5
97.5
98.5
97.0
98.0
98.5
97.0
98.0
98.5
98.0
97.5
97.0
97.0
97.0
98.0
97.0
97.0
97.0
96.5
97.0
96.0
96.5
96.5
96.0
96.0
96.0
95.5
95.0
94.5
95.5
93.0
89.5
90.0
90.0
90.0
91.5
93.0
91.5
91.0
90.0
90.0
90.0
94.0
93.5
94.0
93.0
95.5
94.5
94.5
96.0
95.0
95.5
94.5
95.0
96.0
94.5
94.5
96.0
96.5
96.0
96.0
97.0
98.0
95.0
95.0
92.5
93.0
94.0
93.5
94.5
94.0
95.0
95.0
95.0
94.5
94.0
93.5
94.0
96.0
95.5
96.0
97.0
98.0
96.5
96.0
97.0
98.0
97.0
97.0
95.0
95.0
95.5
95.0
95.0
95.5
97.5
97.0
97.0
96.0
96.5
97.5
97.0
96.5
96.5
96.5
97.5
97.5
93.0
95.0
95.0
95.5
95.0
93.5
94.0
93.5
93.5
92.5
91.0
91.0
91.5
91.5
91.0
93.0
92.5
91.5
91.0
92.5
91.5
92.5
93.5
93.0
93.5
93.5
91.5
92.5
92.0
92.5
92.0
91.5
94.0
93.5
95.5
91.0
91.0
89.5
88.0
88.0
88.0
87.5
89.0
89.5
89.5
88.0
88.0
87.0
85.0
85.0
86.0
85.0
85.0
85.0
87.0
86.0
85.0
86.0
87.0
86.5
86.0
85.5
83.0
83.5
81.0
81.5
81.5
79.0
79.5
79.0
82.5
82.0
82.0
80.0
80.5
81.5
81.0
81.0
80.5
81.0
81.0
81.5
82.0
81.0
81.5
81.5
80.5
80.0
80.0
80.0
79.5
79.5
80.5
81.0
80.5
82.0
79.5
79.5
79.0
78.5
78.0
78.0
77.5
78.0
77.0
78.0
78.0
76.5
75.5
76.0
76.0
76.5
76.0
79.0
79.5
78.0
79.0
78.0
77.0
76.0
75.5
76.0
76.5
76.0
76.0
75.5
75.0
75.5
75.0
75.5
74.0
61.5
62.0
62.5
61.0
59.5
57.0
56.5
53.5
55.0
54.5
53.5
54.0
65.0
62.5
61.0
61.6
60.4
56.6
55.8
56.2
56.8
56.0
56.0
56.0
55.8
57.2
56.2
57.8
62.6
61.8
61.2
61.0
63.0
63.8
62.8
62.6
62.2
61.6
61.0
61.0
60.8
60.8
60.0
60.6
60.2
58.0
58.0
58.2
58.6
56.2
55.6
53.8
54.4
55.2
55.4
58.0
58.8
59.8
59.6
59.0
57.8
57.0
57.0
57.0
58.8
60.0
60.2
60.6
60.8
61.2
61.8
61.8
61.0
60.8
61.6
61.2
60.4
60.45
59.95
60.2
60.15
60.45
60.45
59.85
58.55
57.6
60.0
59.75
58.6
59.3
59.3
59.2
59.0
58.05
58.65
58.3
57.45
58.15
58.25
58.25
57.85
57.85
58.6
58.15
57.95
58.4
58.2
58.15
58.0
58.0
57.95
57.85
57.6
58.1
58.0
58.0
57.85
57.75
58.3
58.3
58.5
58.45
58.45
58.25
57.8
58.5
56.7
56.7
56.85
56.35
56.3
55.95
56.2
56.2
56.35
56.1
55.75
57.8
57.4
56.45
51.8
52.5
50.4
50.35
51.45
51.0
52.35
51.0
49.9
49.9
49.4
49.6
49.4
50.0
49.95
50.05
49.95
49.9
49.75
48.7
49.05
49.15
48.85
48.7
49.55
50.3
50.1
50.0
50.25
50.05
49.75
50.0
51.0
50.75
50.5
54.4
53.4
53.65
53.5
55.05
56.85
55.35
55.4
56.1
56.65
56.65
55.4
56.05
55.15
55.1
54.55
54.4
54.55
54.05
53.75
53.95
54.3
54.4
54.4
54.35
53.9
53.3
52.8
52.8
52.7
52.3
52.15
52.2
52.05
51.2
50.6
49.6
49.5
49.45
49.6
49.5
50.0
50.0
50.0
50.3
50.2
50.0
49.75
50.35
49.9
49.95
49.95
50.1
49.5
50.05
51.0
50.8
51.35
55.45
55.85
55.5
54.35
54.75
54.15
53.7
53.75
53.8
53.9
53.95
54.2
53.9
53.6
53.8
54.35
54.0
53.95
53.75
52.9
52.5
52.1
53.4
52.15
52.4
52.6
52.45
55.6
57.0
57.2
56.25
56.8
56.85
56.55
55.55
56.45
56.35
56.05
55.9
55.6
56.05
55.6
55.95
54.95
55.35
55.2
57.95
57.65
57.45
56.9
56.4
57.15
56.65
57.05
56.7
56.2
56.45
56.0
56.0
56.0
55.85
56.4
56.5
57.15
56.25
55.95
55.55
55.45
55.5
55.8
55.8
55.85
55.65
55.55
55.5
56.1
57.25
55.95
58.15
57.45
58.65
58.35
58.5
59.3
59.9
58.9
58.6
58.8
59.25
60.0
62.0
63.9
64.25
89.9
75.35
73.45
73.35
79.4
75.95
74.0
72.1
71.0
69.45
70.2
68.6
67.9
67.75
69.0
69.25
67.85
65.9
64.7
61.35
56.8
56.4
55.45
54.9
54.95
53.5
51.4
50.85
47.0
48.1
45.9
45.15
42.75
45.0
47.3
49.3
48.95
49.1
49.65
53.45
50.7
51.95
51.1
51.35
51.4
52.0
52.6
52.0
53.35
53.55
50.3
49.3
47.7
49.4
49.4
48.85
47.8
49.75
49.4
49.35
49.05
49.05
49.4
49.35
48.85
48.95
48.85
49.0
49.5
48.7
49.0
47.3
47.15
47.8
47.85
48.15
48.05
48.4
48.2
48.1
48.5
48.3
48.7
48.95
48.75
48.6
48.4
48.25
49.45
51.35
50.75
50.35
49.5
49.85
49.95
49.8
49.95
49.85
49.8
49.6
49.1
49.15
48.65
48.95
49.15
49.0
49.05
49.05
49.5
49.8
49.7
49.1
49.35
50.1
50.0
49.85
50.1
49.7
54.1
51.95
53.85
53.6
53.25
53.65
53.85
55.2
57.25
57.15
55.0
54.25
54.5
55.7
55.2
54.8
54.7
54.6
55.05
56.55
56.15
55.6
54.85
55.2
55.15
54.95
55.0
56.35
54.8
54.7
54.25
54.05
54.1
54.15
54.15
54.75
54.1
55.1
55.0
54.3
54.9
54.0
53.45
53.3
54.25
54.05
53.6
54.05
53.9
53.95
53.95
53.85
53.65
54.35
54.2
53.8
53.8
54.15
54.1
53.55
53.3
53.0
53.7
54.65
53.8
53.25
53.75
54.05
53.6
52.9
52.9
52.75
53.0
52.9
52.15
52.4
52.7
53.0
52.7
53.05
54.25
55.35
54.2
54.7
54.75
54.6
54.25
54.7
54.9
54.25
54.1
54.65
56.85
58.9
75.2
70.45
67.55
72.6
65.35
64.55
62.9
64.55
63.45
67.45
74.65
75.0
68.7
74.0
77.0
72.9
71.2
69.85
68.7
69.75
85.0
76.85
75.45
76.85
77.65
76.85
79.5
80.2
88.0
85.5
83.35
79.55
75.8
76.9
77.0
76.95
78.3
75.7
72.2
73.2
71.95
71.75
72.1
72.75
72.05
71.45
70.8
71.8
71.2
71.6
71.95
71.1
72.55
72.25
75.0
75.1
73.9
72.5
72.1
72.75
72.35
71.8
71.8
72.15
71.65
72.0
71.3
71.35
73.55
73.4
72.75
72.35
74.0
76.95
76.45
75.15
74.85
75.0
75.05
75.4
75.7
76.8
76.05
76.5
75.25
75.45
74.6
75.9
75.4
75.7
75.05
75.35
77.35
76.0
74.95
74.9
75.45
76.0
76.4
74.9
74.5
72.2
70.05
71.7
74.2
72.35
75.95
76.15
76.45
75.1
73.8
74.15
74.0
74.1
74.45
74.45
71.55
71.55
70.8
70.25
69.9
68.7
69.1
69.7
68.95
68.0
69.7
70.1
70.1
70.0
68.7
67.55
67.45
67.35
66.3
66.9
67.0
66.4
66.35
66.0
65.55
65.1
65.0
64.5
64.5
64.75
66.5
65.85
66.3
66.6
66.25
66.2
67.55
67.3
66.2
65.9
65.15
64.6
64.55
65.5
65.4
65.9
65.9
65.0
65.85
66.0
64.95
64.4
64.15
65.15
66.3
67.4
68.5
68.4
68.5
68.3
67.95
66.5
66.4
67.9
66.85
65.75
66.6
67.15
68.1
68.25
69.0
69.5
69.5
73.5
73.0
72.35
72.95
70.85
71.5
71.95
73.1
74.3
73.3
71.9
78.55
76.15
76.75
76.5
75.15
75.25
75.55
72.85
73.1
75.6
75.4
74.95
74.15
87.8
81.9
79.5
79.4
79.9
79.7
79.85
81.7
81.75
80.0
79.0
79.5
79.0
79.3
78.45
80.35
81.0
78.8
80.0
99.0
90.15
87.35
85.25
84.65
82.5
84.25
84.4
88.75
87.5
86.0
82.65
81.8
82.8
76.8
76.4
76.65
79.0
76.6
76.55
75.3
74.35
75.9
76.25
75.0
75.15
73.8
73.65
73.45
72.45
71.45
69.7
72.05
71.3
69.45
70.25
71.3
71.5
71.95
70.9
72.0
71.65
71.8
75.0
76.0
75.15
73.15
73.5
73.85
75.2
73.0
69.6
69.6
66.95
67.5
69.65
67.0
63.15
64.55
70.1
70.0
68.35
70.0
70.95
70.5
68.45
68.5
68.9
68.4
70.0
70.0
68.8
67.75
69.3
68.2
67.5
66.65
61.5
59.5
41.4
47.05
53.45
60.2
64.0
64.95
64.15
65.0
63.85
63.65
66.65
65.55
69.25
66.2
67.0
80.75
75.25
71.2
69.2
70.45
76.5
73.4
71.45
70.3
72.2
71.65
71.3
72.55
72.45
71.95
71.0
69.7
69.45
70.3
70.85
70.4
70.05
70.1
68.4
68.25
68.75
69.35
70.75
71.95
70.5
70.55
68.65
68.0
68.3
67.75
67.95
67.35
65.95
65.85
66.35
68.8
68.7
68.3
68.5
68.25
71.6
71.5
70.5
69.9
69.65
67.55
