close
2400
2500
2450
1750
1800
1900
2500
2290
2900
2900
3400
4700
6480
8780
11550
15500
20000
20000
27500
23500
19900
25500
27500
24560
24000
24000
22300
22300
23600
20200
13600
10000
11000
13000
8800
12000
13900
13200
13800
14000
12800
14900
13800
9600
9500
9400
9000
8800
8500
8600
8600
8600
8700
8500
8300
7800
8000
8000
8600
8700
8600
8600
8700
8700
8700
7300
8300
8500
8700
8600
8800
8100
8200
8300
8100
8300
8000
8000
7900
8000
7800
7900
7300
7900
8100
7600
8000
7600
7300
7100
7100
6900
7000
7000
7000
6900
6900
6600
6600
6500
6500
6500
6200
6100
6500
6600
6200
6400
6500
6500
6400
6300
6100
6000
6100
6100
5900
4500
5700
5400
5400
4800
4600
4100
4000
4100
4500
3400
4600
4500
3500
5100
6600
5400
5000
5000
4900
4000
4200
4100
4500
4000
4200
4000
4100
4000
4000
3900
3800
4000
3800
3900
3700
3700
5100
5500
4700
4400
4500
4600
4700
4500
4400
4100
4500
4100
4100
4000
4000
4000
4000
3800
4000
3900
4000
3800
3700
3700
4000
3800
3900
4000
4100
4000
3900
4000
4000
4000
4000
4000
3900
4000
3900
3900
3800
3700
4000
3900
4000
4000
4000
3900
4000
3900
3800
3900
3800
3800
3500
3500
3700
3700
3500
3500
3800
3600
3600
3700
3700
3700
3600
3600
3600
3600
3700
3700
3800
4000
4000
4000
3700
3900
3500
3400
3400
3200
3200
3300
3300
3300
3300
3200
3300
3000
3000
3100
3100
3100
3000
2900
3000
3000
2900
2900
2800
2900
2900
2900
2900
2800
2900
2800
2900
3000
2900
3000
2900
2800
2900
2700
2700
2700
2700
2700
2800
2700
2700
2600
2500
2700
2600
2700
2500
2700
2500
2680
2700
2660
3720
4400
4100
3940
4300
4260
5340
4900
5600
4060
4620
4800
4700
4440
4760
4660
4200
4480
4420
4420
4220
4500
4300
4260
4180
4060
4180
4120
4800
4680
4500
4340
4100
4200
4080
4400
5000
4740
4460
4400
4580
4660
4560
4580
4540
4520
4480
4480
4500
4500
4600
4500
4520
4560
4460
4460
4300
4360
4260
4300
4300
4240
4220
4000
3980
3900
3900
3820
3800
3800
3780
3800
3800
3780
3800
3700
3560
3700
3600
3340
3220
3320
3260
3280
3540
3800
3640
3800
3740
3800
3600
3660
3800
3840
4000
4000
4000
4000
4000
3980
3980
4000
4000
3900
3670
3450
3400
3310
3350
3500
3400
3340
3590
3350
3300
3350
3400
3410
3390
3410
3760
3880
3950
3740
3750
3610
3400
3450
3600
3610
3400
3260
3450
3490
3580
3210
3150
3210
3230
3220
3220
3100
3060
3100
3100
3100
3200
3220
3200
3180
3060
3040
3100
3160
3200
3140
3200
3140
3140
3100
3080
3100
3120
3120
3160
3300
3220
3100
3200
3120
3120
3200
3160
3280
3200
3160
3100
3160
3220
3140
3200
3160
3100
3140
3100
3120
3100
3120
3100
3060
3060
3100
3120
3120
3180
3120
3100
3740
3580
3480
3520
3380
3480
3460
3480
3500
3420
3860
3720
3760
3680
3720
3620
3300
3300
3320
3220
3300
3400
3380
3340
3320
3340
3300
3640
3480
3460
3480
3500
3500
3580
3480
3360
3460
3400
3440
3460
3460
3540
3540
3460
3480
3460
3500
3460
3500
3420
3460
3480
3420
3460
3480
3500
3480
3440
3460
3500
3480
3820
3700
3680
3600
3660
3600
3580
3640
3640
3680
3580
3580
3560
3480
3240
3280
3280
3320
3260
3200
3060
3000
2500
2560
2220
2260
2180
2240
2380
2400
2620
2680
2600
2560
2560
2580
2600
2600
2680
2720
2700
2720
2680
2720
2660
2700
2800
2780
2720
2760
2800
2780
3880
5420
5960
5100
5600
5420
4820
4880
4660
4520
4400
4560
4380
4780
4580
4500
4420
4220
4140
4180
4120
4200
4120
4120
4120
4160
4040
4080
4000
3940
3860
5000
4360
4240
4280
4380
4400
4360
4280
4200
4220
4080
4080
4020
4140
4220
4200
4120
4100
4140
4040
4200
4060
4100
4060
4080
4060
4100
4140
4100
4140
4080
4140
4060
4040
4100
4100
4080
4080
4100
4120
4040
4060
4060
4180
4120
4060
4100
4080
4060
4060
4040
4100
4080
4040
4060
4040
4000
3980
3940
3960
3960
3900
3960
3940
4000
4000
4000
4000
3960
3960
3920
3940
3960
3920
3880
3880
3920
3840
3920
3860
3840
3880
3880
3780
3880
3880
3860
3800
3800
3800
3780
3820
3820
3860
3760
3600
3620
3640
3740
3740
3780
3780
3820
3800
3820
3800
3840
3800
3800
3800
3720
3720
3700
3740
3740
3720
3800
3820
3820
3800
3840
3860
3860
3860
3740
3760
3800
3800
3760
3740
3740
3720
3680
3760
3700
3720
3740
3740
3740
3760
3780
3820
3820
3740
4040
3940
3840
3840
3800
3760
5260
5700
6320
5780
5420
5220
5600
5320
5260
5120
5100
5000
4980
4860
4800
4720
4760
4900
5100
5000
4880
4960
4860
4900
4980
4760
4900
4820
5360
5160
5040
4820
4800
4860
4860
4900
4880
4880
4800
4880
4800
4840
4760
4800
4740
4700
4720
4780
4700
4760
4660
4660
4840
4820
4740
4800
4840
4800
4780
4800
4800
5100
4820
4840
4800
4780
4900
4860
4860
4860
4820
4820
4760
4800
4780
4700
4720
4680
4680
4680
4760
4620
4600
4520
4520
4500
4480
4540
4760
4680
4720
4620
4620
4600
4620
4580
4620
4620
4660
4600
4560
4640
4560
4540
4620
4700
4620
4620
4500
4500
4480
4540
4500
4560
4560
4500
4560
4600
4480
4580
4600
4600
4520
4620
4600
4480
4460
4460
4640
4560
4560
4520
4600
4600
4600
4620
4600
4640
4820
4980
4800
4700
4900
4820
4820
4780
4880
4740
4700
4700
4680
4980
4920
4820
4820
4760
4740
4640
4680
4760
4720
4680
4700
4720
4720
4740
4760
4760
4780
4800
4840
4760
4700
4660
4700
4660
4700
4760
4740
4740
4840
4760
4820
4780
4860
4840
4900
4760
5020
4780
4860
4840
4760
4760
4800
4800
4780
4900
4780
4800
4820
4820
4800
4800
4780
4800
4760
4780
4720
4780
4780
4700
4740
4720
4740
4760
4740
4740
4800
4620
4720
4700
4660
4760
4680
4720
4660
4700
4720
4680
4680
4620
4760
4700
4780
4800
4740
4760
4700
4680
4660
4740
4800
4800
4880
4700
4800
4720
4660
4520
4520
4700
4700
4600
4700
4720
4720
4640
4680
4680
4620
4620
4600
4380
4580
4300
4280
4000
4460
4520
4740
4700
4560
4420
4520
4520
4520
4540
4520
4520
4500
4600
4800
4800
4600
4600
4560
4500
4500
4680
4620
4540
4540
4560
4500
4400
4440
4480
4420
4400
4520
4460
4520
4500
4540
4460
4420
4420
4220
4300
4300
4220
4240
4200
4260
4300
4240
4300
4240
4300
4300
4320
4320
4220
4340
4340
