close
3250
2990
1840
2570
2930
2980
2500
3360
2340
2100
1980
2200
2100
2100
2100
1950
2200
1890
1980
2170
2370
1840
2690
2390
2300
3190
3090
2720
2840
2990
2890
2990
3000
2790
2870
2990
3090
2850
2990
2990
2990
2740
3070
3080
3000
3080
3080
2990
2850
2800
2800
2730
2500
2570
2680
2910
2950
2990
3090
3100
2850
2930
2940
2940
2920
2990
2830
2780
2710
2710
2830
2810
2790
2760
2730
2790
2740
2740
2710
3760
4180
4270
3420
3070
3120
2970
3220
3080
3470
3240
3240
3380
3380
3330
3150
3680
3200
3200
3170
3250
3180
3170
3170
3180
3150
3150
3170
3170
3420
3250
3120
3130
3180
3300
3250
3010
2980
2900
3000
3080
3180
3000
3000
3030
3080
3000
2880
3140
3160
3000
3050
2830
2950
2940
2930
2930
2940
2930
2930
3030
3420
3430
3320
3330
3440
3510
3600
3300
3350
3930
3990
3650
3600
3460
3350
3350
3260
3080
3120
3140
3120
3150
3150
3080
3210
3160
3200
3170
3230
3180
3110
3660
3370
3110
3910
4140
4060
3770
3880
3850
3750
3980
3830
3940
3870
3940
4050
4010
4000
3990
4030
3900
3900
3880
3750
3720
3690
3630
3590
3570
2860
3020
3020
2980
2900
2520
2700
2930
3000
2950
2930
3000
2900
2850
2800
2750
2700
2650
2580
2550
2550
2550
2340
2360
2170
2500
2540
2510
2550
2500
2550
2550
2350
2000
2000
2000
2000
2000
2030
2100
2100
2040
2080
2030
2070
2020
2090
2200
2300
2130
2170
2100
2150
2160
1970
1920
1930
1870
1930
1910
1960
2100
2170
2170
1940
1810
2020
2090
1960
1920
1950
1950
2600
2850
2550
2500
2520
2490
2450
2430
2480
2400
2360
2410
2270
2130
2100
2120
2190
2130
2130
2050
2020
2000
1920
1910
1890
1860
1820
2070
2100
2050
2030
2040
2040
2070
2090
2090
2070
2090
2130
2150
2160
2110
2270
2350
2370
2320
2340
2350
2410
2440
2460
2450
2430
2350
2360
2290
2270
2300
2250
2080
2010
2000
2000
1980
1980
2010
2090
1990
2010
1980
1970
2010
2010
1990
2250
2250
2200
2170
2140
2170
2100
2020
2080
2080
2100
2130
2120
2090
2160
2100
2240
2100
2050
2120
2080
2050
2050
2030
2030
2000
2000
1990
2020
2050
2090
2200
2150
2070
2100
2150
2160
2170
2180
2090
2120
2090
2170
2070
2170
2180
2250
2280
2450
2380
2230
2200
2250
2190
2100
1900
1990
1990
1950
1950
1920
1880
1950
1930
1920
1920
1950
1920
1930
1920
1970
1940
1970
2000
2020
1990
1980
2010
1980
1970
1960
1850
1860
1830
1820
1770
1800
1800
1660
1680
1720
1670
1660
1660
1730
1730
1690
1720
1750
1730
1740
1850
1810
1710
1670
1700
1690
1690
1690
1710
1740
1690
1770
1775
1735
1765
1800
1840
1850
1815
1815
2535
3295
3290
2640
2745
2915
4025
4005
5195
3865
4005
3780
3730
3350
3760
3305
2935
3025
2885
2550
2500
3080
2790
2715
2720
2745
2750
2750
3245
3210
3205
3080
3105
3025
3080
3280
4290
3940
3795
3840
3970
3870
3700
3550
3630
3575
3695
3675
3635
3605
3600
3615
3700
3660
3665
3625
3420
3450
3695
3785
3690
3640
3630
3595
3555
3555
3550
3510
3625
3500
3590
3550
3510
3400
3330
3305
3165
3090
2980
2905
3060
3040
2985
3215
3190
3180
3175
3140
3100
3290
3460
3340
3215
3180
3150
3100
3100
3085
3105
3090
3130
3080
3080
3035
3120
3050
3005
2980
2960
3110
3000
3000
2995
2935
2995
3000
2885
2900
2810
2915
2825
2865
2830
2865
2955
2900
2890
2915
2890
2840
2830
2830
2840
2905
2945
2955
2900
2895
2950
2980
2980
3080
2990
3025
3005
3030
3040
3080
2985
3000
3060
3060
3000
3055
3040
3050
3050
2980
2965
2960
2975
2985
3060
3005
2990
2980
3030
2970
3040
2960
3005
2990
2970
2960
2895
2950
2955
3015
2965
2960
3005
2995
2920
2960
2965
2940
2900
2900
2955
2970
3005
2915
2975
2950
2965
2920
2920
2910
2920
2875
2900
2895
2925
2910
2870
2910
2900
2880
2910
2915
2930
2920
2875
2900
2910
3020
3020
2970
2995
2945
2970
3025
3245
3150
3070
3025
2995
3005
2940
2945
2955
3100
3110
3080
3160
3050
3020
2905
2940
2870
2865
2860
2880
2895
2905
2900
2855
2855
3180
3020
2975
2990
3050
3060
3215
3095
3050
3055
3085
3085
2985
3025
3080
3085
3040
3050
3050
3070
3075
3075
3045
3000
3025
3035
3060
3010
3060
3020
3015
3030
3040
3040
3945
3905
3405
3255
3345
3240
3155
3070
3210
3255
3210
3130
3095
3055
2940
2980
3035
3005
2950
2800
2855
2790
2625
2395
2200
2185
2190
2255
2330
2465
2680
2595
2585
2585
2780
2750
2610
2690
2760
2805
2800
2750
2800
2715
2690
2760
2760
2795
2800
2700
2730
3210
4490
6280
5300
4850
4990
4455
4560
4395
4200
4200
4550
4190
4190
4200
4200
4210
4165
4190
4190
4160
4190
4140
4040
4165
4140
4060
4060
4005
4010
3935
4820
4480
4120
4445
4370
4320
4280
4300
4120
4120
4050
3890
3920
4130
4150
4155
4055
4045
4000
4050
4025
3955
3900
3865
3840
3840
3890
3900
3930
3905
3895
3920
3955
3950
3980
3985
4000
3955
3965
4105
3925
3985
3955
4390
4090
4200
4220
4135
4120
4220
4155
4150
4150
4075
4070
4050
4045
4030
4020
4020
3955
3960
4030
3980
4020
4025
4065
3985
4005
3985
3975
3915
3895
3870
3850
3850
3925
3900
3900
3895
3930
3995
4000
3905
3965
4000
3900
3990
3875
3900
3850
3860
3900
3900
3895
3845
3800
3660
3655
3700
3800
3800
3780
3890
3800
3840
3885
3890
3840
3850
3880
3870
3860
3810
3825
3890
3870
3870
3855
3895
3815
3805
3875
3775
3900
3875
3885
3865
3870
3855
3805
3795
3775
3760
3845
3815
3845
3820
3765
3735
3745
3765
3840
3790
3770
3795
3840
4075
3950
3875
3825
3840
3855
5390
5770
6005
5575
5285
5140
5545
5360
5280
5200
5175
5025
4870
4800
4715
4685
4680
4900
5005
4890
4790
4700
4730
4675
4650
4535
4620
4600
4920
4915
4655
4755
4650
4695
4790
4780
4795
4750
4700
4650
4700
4700
4745
4760
4810
4700
4720
4730
4750
4790
4765
4710
4785
4880
4800
4850
4825
4820
4830
4855
4940
5145
4870
4995
4935
5000
5025
4975
4990
4875
4815
4900
4875
4835
4785
4750
4800
4785
4745
4795
4720
4700
4600
4570
4700
4700
4700
4700
4750
4725
4700
4650
4620
4600
4695
4680
4680
4700
4740
4680
4600
4620
4595
4700
4595
4710
4710
4630
4600
4500
4510
4510
4585
4510
4575
4510
4510
4565
4500
4500
4440
4510
4430
4520
4450
4500
4500
4500
4545
4450
4455
4450
4400
4500
4420
4400
4480
4405
4450
4415
4765
5200
4900
4795
4860
4715
4750
4715
4720
4715
4700
4655
4685
4780
4775
4810
4840
4840
4900
4870
4865
4780
4750
4845
4770
4760
4770
4740
4740
4865
4850
4770
4690
4705
4705
4760
4730
4700
4705
4770
4800
4800
4745
4760
4780
4770
4730
4770
4770
4765
4975
4780
4780
4760
4710
4735
4850
4800
4780
4800
4820
4830
4780
4800
4765
4785
4795
4815
4790
4785
4500
4645
4655
4705
4620
4605
4610
4665
4785
4640
4670
4660
4635
4770
4665
4665
4645
4540
4590
4585
4565
4585
4615
4560
4545
4570
4555
4695
4635
4640
4745
4605
4605
4650
4720
4715
4680
4620
4490
4555
4580
4365
4455
4595
4520
4520
4520
4590
4500
4505
4630
4580
4510
4600
4560
4495
4235
3995
3295
3500
4195
4100
4020
4200
4315
4300
4120
3910
4090
4100
4130
4105
4315
4300
4155
4425
4250
4535
4375
4410
4390
4395
4280
4450
4345
4235
4350
4225
4225
4220
4295
4260
4335
4280
4205
4245
4190
4195
4225
4160
4190
4140
4100
4135
4045
3840
3935
3935
4035
3915
3920
3950
3995
4000
3920
3925
3880
3910
3795
3770
