close
0.05588
0.05571
0.0555
0.05623
0.05581
0.05581
0.05588
0.0558
0.05575
0.05541
0.05535
0.05237
0.05148
0.05238
0.05168
0.0512
0.05029
0.049
0.04825
0.04975
0.0497
0.0495
0.04923
0.04839
0.0473
0.0468
0.04788
0.049
0.04827
0.04781
0.0473
0.04573
0.04558
0.0438
0.04342
0.0436
0.04446
0.04545
0.0457
0.04575
0.04529
0.04705
0.04929
0.04834
0.0489
0.04946
0.05051
0.05091
0.04961
0.04785
0.046
0.04541
0.04414
0.04499
0.04648
0.0482
0.04985
0.04778
0.04686
0.04664
0.04725
0.046
0.04554
0.046
0.04662
0.04798
0.04718
0.0466
0.04766
0.04769
0.04737
0.0465
0.04781
0.04804
0.04898
0.04898
0.04696
0.04791
0.04709
0.04788
0.0492
0.04739
0.04701
0.04729
0.0474
0.047
0.04736
0.04748
0.04728
0.04682
0.04569
0.047
0.04707
0.0466
0.0472
0.04789
0.04688
0.047
0.04705
0.04668
0.04655
0.04653
0.047
0.04704
0.04653
0.04661
0.04695
0.04671
0.04645
0.04618
0.04605
0.04541
0.04588
0.04642
0.04734
0.04752
0.04711
0.04699
0.04711
0.0467
0.04575
0.0461
0.04563
0.0457
0.04533
0.04527
0.04524
0.0445
0.04455
0.0448
0.04474
0.04549
0.04417
0.04435
0.04451
0.04451
0.04422
0.04378
0.0438
0.04406
0.04377
0.04376
0.04361
0.04362
0.04348
0.04359
0.04336
0.04309
0.04267
0.04321
0.04263
0.04204
0.04229
0.04202
0.04231
0.04223
0.04275
0.04299
0.0436
0.04383
0.04383
0.04325
0.04337
0.04357
0.04334
0.04296
0.04266
0.04258
0.04339
0.04336
0.0441
0.04435
0.0447
0.0443
0.04459
0.04483
0.04548
0.0453
0.04565
0.0437
0.04432
0.045
0.04542
0.0461
0.04689
0.04595
0.04649
0.04673
0.047
0.04686
0.0466
0.04628
0.04635
0.0457
0.04566
0.04562
0.046
0.04645
0.04655
0.04656
0.04618
0.04627
0.04675
0.04686
0.04715
0.04778
0.04853
0.04891
0.04888
0.04916
0.04951
0.04927
0.04966
0.04846
0.04791
0.04812
0.04846
0.04892
0.04911
0.04905
0.04868
0.0484
0.0482
0.04837
0.04767
0.04755
0.04696
0.04638
0.04627
0.04636
0.0458
0.04544
0.04527
0.04535
0.04621
0.0461
0.04603
0.04555
0.04555
0.04657
0.04562
0.04591
0.0462
0.04603
0.04511
0.04515
0.04532
0.04514
0.04459
0.04401
0.04245
0.04213
0.03475
0.03742
0.0363
0.03524
0.0351
0.03351
0.03171
0.0319
0.032
0.0331
0.03431
0.03416
0.0349
0.03405
0.03411
0.03538
0.03645
0.03649
0.03822
0.0396
0.0394
0.03895
0.03822
0.0389
0.03774
0.03825
0.0384
0.0391
0.03968
0.03938
0.03823
0.03833
0.03837
0.03891
0.03853
0.03839
0.03834
0.03799
0.03732
0.03825
0.03858
0.03865
0.0386
0.0387
0.03991
0.0416
0.04222
0.0442
0.0448
0.04466
0.04433
0.04499
0.0461
0.0467
0.04733
0.047
0.04728
0.04796
0.04686
0.04725
0.048
0.0479
0.0495
0.051
0.05112
0.04844
0.04689
0.04731
0.047
0.04698
0.04643
0.0468
0.04595
0.0457
0.0449
0.04466
0.0441
0.0431
0.04279
0.04213
0.0411
0.04106
0.04182
0.04222
0.04099
0.04279
0.0428
0.04263
0.0417
0.04164
0.04116
0.04119
0.0413
0.04069
0.04049
0.0405
0.04095
0.04025
0.04014
0.04038
0.0399
0.04012
0.0396
0.0398
0.04
0.04124
0.041
0.03901
0.0381
0.03754
0.03925
0.03843
0.03896
0.03946
0.0394
0.03926
0.0395
0.03954
0.03982
0.03927
0.04024
0.03998
0.03981
0.03838
0.0384
0.03832
0.03837
0.03979
0.04085
0.04149
0.04061
0.04067
0.04067
0.03985
0.03974
0.03935
0.04018
0.04035
0.0401
0.03999
0.03953
0.04043
0.04082
0.04044
0.04016
0.03925
0.03804
0.0382
0.03806
0.0388
0.03983
0.03919
0.03833
0.03853
0.03852
0.03905
0.0395
0.03895
0.03865
0.03951
0.0394
0.03904
0.0383
0.03777
0.03837
0.03845
0.03885
0.0396
0.03983
0.03993
0.04009
0.04001
0.04018
0.04032
0.04219
0.04203
0.04391
0.04472
0.04375
0.04386
0.04393
0.04396
0.0442
0.04526
0.0462
0.046
0.0472
0.0467
0.0467
0.04675
0.04699
0.04925
0.052
0.051
0.0509
0.05233
0.0539
0.0555
0.057
0.0568
0.056
0.0555
0.05534
0.05525
0.0611
0.0613
0.06601
0.07001
0.06895
0.06699
0.067
0.0675
0.06666
0.06741
0.06531
0.06353
0.0605
0.0601
0.06273
0.06522
0.06401
0.0621
0.0635
0.06362
0.0638
0.0626
0.06364
0.06718
0.0665
0.06894
0.06696
0.0677
0.06689
0.06786
0.06826
0.068
0.06821
0.06905
0.069
0.0694
0.06725
0.06709
0.06684
0.06696
0.0666
0.06451
0.0667
0.0701
0.068
0.0681
0.06951
0.068
0.0664
0.06472
0.0626
0.06328
0.0645
0.06332
0.0621
0.061
0.0624
0.0623
0.0634
0.06172
0.063
0.0628
0.0606
0.0595
0.06002
0.06
0.06039
0.0617
0.06162
0.0623
0.06014
0.06
0.05879
0.0587
0.05903
0.0579
0.05826
0.05891
0.05805
0.058
0.0585
0.05814
0.0569
0.05984
0.05991
0.06215
0.0631
0.0655
0.06855
0.06831
0.06752
0.0675
0.06647
0.066
0.06515
0.06843
0.071
0.07202
0.072
0.07507
0.07777
0.0795
0.0815
0.0826
0.0805
0.08025
0.08035
0.08021
0.08105
0.08105
0.08107
0.0819
0.08175
0.08052
0.0804
0.08039
0.08
0.08001
0.0799
0.08002
0.07951
0.07839
0.0779
0.078
0.078
0.07812
0.079
0.07719
0.07746
0.07584
0.0745
0.0746
0.07332
0.07301
0.0752
0.07455
0.07495
0.0749
0.07424
0.07401
0.07284
0.07325
0.07323
0.07275
0.0719
0.0723
0.07225
0.07229
0.07196
0.072
0.072
0.071
0.071
0.07053
0.07081
0.07044
0.0705
0.07024
0.07054
0.07042
0.07035
0.06966
0.06933
0.0694
0.0687
0.06652
0.07
0.0698
0.06985
0.06965
0.069
0.06728
0.06695
0.06785
0.0675
0.0683
0.06976
0.06918
0.0691
0.0697
0.06989
0.06969
0.0686
0.06929
0.06798
0.0682
0.06727
0.06701
0.06733
0.06747
0.06695
0.06695
0.0677
0.06767
0.067
0.0681
0.06932
0.0714
0.074
0.076
0.0781
0.07735
0.07708
0.0775
0.0754
0.07529
0.07551
0.07494
0.07451
0.07475
0.0723
0.0735
0.07179
0.07196
0.07235
0.0725
0.07396
0.07615
0.07585
0.076
0.07576
0.076
0.07542
0.0758
0.07588
0.07595
0.0761
0.0762
0.07601
0.0763
0.07283
0.0745
0.076
0.07271
0.071
0.07328
0.07225
0.0717
0.0723
0.07247
0.07245
0.07505
0.07575
0.0757
0.07575
0.07624
0.0775
0.07877
0.0752
0.07634
0.07742
0.07864
0.07701
0.0771
0.076
0.0782
0.0797
0.07719
0.07532
0.07517
0.07225
0.07362
0.07225
0.07186
0.0695
0.0694
0.0694
0.0675
0.06749
0.0696
0.06845
0.06766
0.06867
0.0716
0.0737
0.0735
0.07074
0.06952
0.07199
0.07115
0.06975
0.06846
0.0694
0.06794
0.0693
0.0706
0.07046
0.07132
0.07355
0.0727
0.07231
0.0733
0.07175
0.07144
0.07198
0.0734
0.0722
0.0725
0.0733
0.0745
0.0771
0.07563
0.07618
0.0765
0.07488
0.07456
0.0759
0.07719
0.07756
0.0753
0.07346
0.07365
0.074
0.07367
0.07254
0.073
0.0747
0.07668
0.0745
0.07555
0.07398
0.0739
0.07437
0.07465
0.07694
0.0751
0.0768
0.07485
0.07527
0.0735
0.0734
0.07341
0.07164
0.072
0.07154
0.0702
0.07087
0.07145
0.07005
0.0701
0.0702
0.069
0.0685
0.0695
0.069
0.0688
0.06959
0.0689
0.069
0.06816
0.0685
0.0685
0.069
0.0699
0.07
0.06922
0.06987
0.0684
0.06832
0.06792
0.0684
0.0695
0.0703
0.072
0.073
0.0728
0.071
0.07013
0.0692
0.069
0.06999
0.07018
0.069
0.0695
0.06878
0.067
0.06763
0.0687
0.068
0.06735
0.06739
0.06701
0.06723
0.06805
0.06819
0.06889
0.06905
0.0675
0.06849
0.06832
0.06875
0.0676
0.0669
0.06759
0.06711
0.06794
0.06771
0.0685
0.06818
0.06741
0.06692
0.06719
0.06716
0.0684
0.06762
0.06805
0.06765
0.0677
0.06777
0.068
0.0674
0.0666
0.067
0.067
0.067
0.067
0.06749
0.0672
0.0675
0.0671
0.06738
0.0682
0.06849
0.0702
0.07375
0.0739
0.07425
0.07545
0.07638
0.07675
0.075
0.07455
0.0745
0.0746
0.075
0.0745
0.0745
0.07471
0.07585
0.07529
0.0748
0.073
0.07272
0.0733
0.0721
0.07183
0.07145
0.0701
0.07015
0.07018
0.07076
0.0702
0.0691
0.06869
0.0678
0.06756
0.06805
0.0687
0.06715
0.06753
0.06879
0.06925
0.06915
0.06801
0.06822
0.06775
0.06877
0.0675
0.06754
0.06753
0.06797
0.0692
0.06877
0.06821
0.06799
0.06804
0.06815
0.06802
0.06775
0.0685
0.06821
0.06875
0.0683
0.0685
0.06875
0.06876
0.0694
0.06831
0.06835
0.06866
0.068
0.06815
0.069
0.07523
0.0734
0.0736
0.07228
0.0723
0.0737
0.07255
0.07259
0.07175
0.0715
0.07204
0.0713
0.07278
0.07302
0.07399
0.074
0.07401
0.07315
0.07149
0.07097
0.07058
0.07125
0.07021
0.06955
0.06925
0.06941
0.06921
0.06861
0.06869
0.06843
0.06868
0.0685
0.0685
0.06909
0.0697
0.0694
0.06897
0.06947
0.06909
0.06929
0.06868
0.06879
0.0687
0.0687
0.06843
0.06816
0.06788
0.06777
0.06799
0.06793
0.06799
0.06792
0.06742
0.06715
0.06675
0.06608
0.06725
0.066
0.066
0.066
0.066
0.0646
0.06505
0.06526
0.06506
0.06514
0.0655
0.06625
0.0672
0.0668
0.06697
0.06678
0.0664
0.0655
0.06552
0.06619
0.0668
0.06625
0.06686
0.0671
0.0669
0.06615
0.06559
0.06473
0.0649
0.0641
0.064
0.06409
0.0642
0.064
0.064
0.0644
0.065
0.06515
0.06612
0.06843
0.06671
0.06671
0.06737
0.0675
0.0671
0.06573
0.0669
0.06589
0.06567
0.0666
0.067
0.0666
0.06554
0.06639
0.06565
0.06721
0.06702
0.06694
0.06637
0.066
0.06594
0.06615
0.06473
0.0652
0.06505
0.06435
0.06411
0.0645
0.06525
0.0645
0.064
0.0639
0.0639
0.06322
0.0639
0.06334
0.0639
0.064
0.06349
0.06338
0.0638
0.0639
0.064
0.0643
0.0644
0.064
0.06387
0.06368
0.0638
0.06387
0.064
0.06371
0.0638
0.06387
0.0635
0.0641
0.0649
0.06373
0.0635
0.0635
0.0636
0.06341
0.0609
0.05969
0.06005
0.06171
0.06186
0.06082
0.06211
0.06206
0.06199
0.06068
0.06
0.0605
0.06102
0.06037
0.06
0.05945
0.05925
0.0594
0.06048
0.06092
0.0602
0.06017
0.05999
0.0648
0.06456
0.06345
0.06163
0.0601
0.0602
0.0601
0.0616
0.06211
0.06373
0.06239
0.06289
0.0616
0.06227
0.06188
0.0618
0.06163
0.06129
0.06254
0.06233
0.06163
0.06191
0.06159
0.06144
0.06161
0.0614
0.0612
0.06145
0.06157
0.06158
0.06118
0.0612
0.061
0.06115
0.0606
0.06023
0.06021
0.06025
0.06025
0.06104
0.06043
0.06022
0.06049
0.06023
0.06
0.05995
0.05976
0.0595
0.06075
0.0601
0.06127
0.06011
0.06001
0.0588
0.05549
0.05205
0.05338
0.05398
0.0532
0.0529
0.05222
0.05338
0.05267
0.0528
0.0522
0.05078
0.0516
0.051
0.05086
0.0515
0.05103
0.05066
0.05122
0.05125
0.0501
0.0504
0.05
0.04987
0.0484
0.04591
0.04535
0.04655
0.0473
0.04685
0.04745
0.04696
0.04732
0.0495
0.05005
0.0502
0.0508
0.05051
0.0505
0.05096
0.05081
0.0509
0.05139
0.0506
0.04965
0.05014
0.04978
0.04902
0.0499
0.04935
0.049
0.0488
0.0494
0.04938
0.0492
0.04908
0.04702
0.04761
0.04751
0.04707
0.04712
0.04767
0.0477
0.04735
0.0477
0.04745
0.04774
0.0489
0.05175
0.05463
0.0538
0.05276
0.0525
0.05241
0.05246
0.053
0.0547
0.05628
0.05571
0.0558
0.05354
0.05384
0.05348
0.0534
0.0539
0.054
0.054
0.05328
0.05099
0.0518
0.051
0.05115
0.05166
0.05114
0.0523
0.05237
0.05395
0.0554
0.0504
0.05091
0.05047
0.05093
0.05087
0.05179
0.05217
0.053
0.0525
0.05289
0.053
0.053
0.05287
0.0524
0.05257
0.0527
0.05397
0.0534
0.05261
0.05275
0.05277
0.0527
0.05225
0.05238
0.0525
0.0515
0.05132
0.05122
0.0512
0.05156
0.05139
0.05115
0.05121
0.05106
0.05145
0.05128
0.05134
0.04989
0.0474
0.04703
0.04744
0.04725
0.04681
0.04531
0.04552
0.04514
0.04475
0.04465
0.04451
0.04611
0.04519
0.0472
0.04696
0.0466
0.0467
0.0469
0.04735
0.04783
0.04801
0.04833
0.04838
0.04856
0.04866
0.0485
0.04939
0.04903
0.0486
0.04831
0.04975
0.0494
0.04872
0.04853
0.04784
0.04825
0.04824
0.04822
0.04795
0.04758
0.04782
0.04797
0.04828
0.04828
0.04758
0.04735
0.04681
0.0468
0.04569
0.04511
0.04337
0.04295
0.04364
0.0434
0.04388
0.04371
0.04415
0.04415
0.043
0.04139
0.04102
0.04215
0.04153
0.04199
0.04122
0.0414
0.04129
0.04092
0.04002
0.0395
0.03933
0.0386
0.039
0.0396
0.04048
0.04005
0.04004
0.04118
0.04128
0.04111
0.0422
0.04191
0.0416
0.04118
0.0413
0.04076
0.04031
0.04037
0.04071
0.0399
0.03958
0.03921
0.0384
0.03813
0.0377
0.03795
0.03849
0.0384
0.03846
0.03793
0.03689
0.03614
0.0362
0.03685
0.03635
0.03574
0.0364
0.0366
0.03658
0.0362
0.03613
0.03615
0.03819
0.03803
0.03757
0.03818
0.03844
0.03815
0.03928
0.03916
0.0388
0.03743
0.03722
0.0373
0.03706
0.036695
0.03683
0.03758
0.03803
0.0373
0.0376
0.03699
0.036995
0.03671
0.036555
0.0361
0.036005
0.03625
0.03608
0.035995
0.03634
0.0362
0.0363
0.03587
0.035245
0.03472
0.034175
0.034455
0.03405
0.03391
0.03385
0.03421
0.03462
0.03484
0.035
0.035045
0.035185
0.0353
0.035465
0.03565
0.035705
0.0371
0.03689
0.0371
0.037535
0.036925
0.03696
0.03694
0.03742
0.03748
0.03777
0.037915
0.038345
0.03821
0.03761
0.03701
0.03713
0.0376
0.0379
0.036985
0.03604
0.0366
0.03633
0.036245
0.03642
0.036065
0.03608
0.03624
0.0358
0.035955
0.0359
0.03603
0.03597
0.0353
0.035495
0.03522
0.03537
0.03565
0.03634
0.036215
0.03739
0.03692
0.03677
0.03669
0.036515
0.036
0.03633
0.03625
0.03595
0.036
0.035645
0.036195
0.0362
0.03661
0.0365
0.03632
0.0363
0.03628
0.036885
0.036695
0.036255
0.03597
0.03608
0.0359
0.03601
0.03581
0.035785
0.03533
0.03577
0.035375
0.03541
0.03543
0.0355
0.03554
0.03578
0.03576
0.035575
0.03546
0.035195
0.034975
0.03493
0.035095
0.03496
0.0351
0.03499
0.0349
0.035185
0.03875
0.0372
0.03761
0.036535
0.0368
0.0367
0.036705
0.03698
0.03718
0.0387
0.03897
0.039
0.03945
0.04
0.04065
0.04032
0.040485
0.04044
0.04023
0.040415
0.0402
0.040725
0.040575
0.04026
0.04013
0.03988
0.04025
0.0405
0.040585
0.041395
0.041355
0.04255
0.04313
0.04393
0.044
0.044
0.04399
0.04301
0.042445
0.04218
0.0424
0.043405
0.04323
0.04295
0.04315
0.0427
0.04281
0.0428
0.0425
0.042535
0.042015
0.041545
0.0416
0.04085
0.041
0.0406
0.0406
0.04022
0.03901
0.03863
0.0381
0.038365
0.03932
0.03933
0.03857
0.038105
0.03806
0.03838
0.03847
0.03858
0.03868
0.039405
0.0392
0.04291
0.042005
0.04195
0.0415
0.04265
0.0427
0.042875
0.0425
0.04267
0.04234
0.042555
0.042455
0.0424
0.04207
0.042075
0.0423
0.04292
0.042695
0.042595
0.0423
0.04131
0.0409
0.04075
0.041465
0.040655
0.0408
0.04135
0.041925
0.04175
0.0417
0.04198
0.042005
0.0428
0.04364
0.0437
0.0432
0.042855
0.042985
0.042825
0.04306
0.0435
0.04309
0.043145
0.044025
0.0442
0.0443
0.046
0.04695
0.047
0.04733
0.047065
0.04692
0.0462
0.04646
0.046
0.045995
0.04619
0.04625
0.045875
0.0458
0.04543
0.04533
0.044915
0.044245
0.044595
0.044715
0.045275
0.04545
0.04517
0.045305
0.045355
0.04635
0.04651
0.04655
0.04692
0.046515
0.0463
0.046505
0.04635
0.04598
0.046
0.04588
0.0459
0.04624
0.04611
0.046525
0.047075
0.0476
0.04806
0.04726
0.046805
0.047825
0.048035
0.048015
0.04981
0.04897
0.0485
0.048
0.04682
0.0472
0.04754
0.047045
0.0464
0.04615
0.047255
0.04768
0.048075
0.04809
0.0474
0.04744
0.04787
0.048
0.047885
0.048095
0.047205
0.04747
0.04751
0.04796
0.047295
0.04723
0.04539
0.04333
0.043
0.043255
0.043155
0.04307
0.04122
0.03745
0.036355
0.03112
0.031575
0.03015
0.029735
0.02814
0.03057
0.0315
0.0316
0.03288
0.0328
0.0325
0.0311
0.03165
0.0326
0.03203
0.032175
0.03208
0.03367
0.03437
0.035
0.0364
0.03659
0.0359
0.035415
0.03324
0.034
0.0343
0.033805
0.0331
0.034
0.03427
0.033705
0.0339
0.0345
0.035195
0.0349
0.03486
0.035475
0.03531
0.03553
0.035375
0.035185
0.034205
0.03431
0.034215
0.03499
0.03483
0.03521
0.03496
0.03467
0.035005
0.0351
0.03539
0.03597
0.03631
0.03664
0.037175
0.03798
0.03715
0.037595
0.037695
0.0377
0.03758
0.036745
0.036845
0.03688
0.0365
0.0359
0.035255
0.035565
0.03554
0.0356
0.03515
0.035485
0.03505
0.03541
0.03567
0.03608
0.035735
0.03551
0.035175
0.035235
0.035
0.034915
0.034995
0.03481
0.0348
0.0371
0.03807
0.03789
0.037465
0.03795
0.03921
0.038905
0.03924
0.03861
0.038755
0.040125
0.040385
0.03855
0.03783
0.03672
0.036755
0.03693
0.03768
0.03764
0.03772
0.03761
0.037355
0.037445
0.03697
0.03636
0.036315
0.03585
0.036065
0.03609
0.03595
0.035375
0.036065
0.035555
0.03508
0.035335
0.03521
0.034825
0.03503
0.03515
0.03542
0.0358
0.036185
0.035795
0.035705
0.03549
0.034855
0.034635
0.034355
0.034275
0.034225
0.034495
0.03458
0.034475
0.03425
0.033835
0.03375
0.03379
0.033405
0.033395
0.033205
0.03323
0.03304
0.033225
0.032655
0.03202
0.031725
0.03389
0.0336
0.03464
0.034785
0.034115
0.033435
0.032225
0.03276
0.032665
0.032865
0.032955
0.033645
0.033605
0.03439
0.03464
0.03414
0.035935
0.0366
0.0372
0.0362
0.03605
0.0361
0.036545
0.03653
0.036935
0.03682
0.037
0.037765
0.03721
0.0377
0.03797
0.037755
0.037835
0.03749
0.03748
0.03732
0.03803
0.037945
0.03783
0.037765
0.038315
0.03835
0.03815
0.03718
0.037205
0.037945
0.03783
0.03795
0.03801
0.037755
0.037895
0.037925
0.038445
0.038235
0.03894
0.03989
0.040175
0.039735
0.039875
0.03956
0.03916
0.038645
0.03879
0.03787
0.03737
0.03772
0.03772
0.037065
0.03709
0.036635
0.036945
0.036945
0.037
0.03738
0.037885
0.038285
0.037805
0.03737
0.03747
0.037685
0.03808
0.03789
0.03768
0.03694
0.03738
0.03731
0.03735
0.03748
0.037415
0.037075
0.037385
0.037605
0.037445
0.036975
0.03759
0.038465
0.03831
0.038265
0.038175
0.03857
0.038765
0.038215
0.03761
0.03785
0.03816
0.0378
0.037915
0.03805
0.03838
0.038785
0.03986
0.042715
0.04258
0.042855
0.044375
0.0429
0.0441
0.044055
0.04375
0.04402
0.04548
0.04676
0.046355
0.047475
0.04642
0.046825
0.04786
0.048
0.05136
0.051315
0.051295
0.05033
0.05001
0.0516
0.054695
0.054125
0.054285
0.052725
0.050895
0.04958
0.048605
0.051055
0.050075
0.04796
0.04567
0.0453
0.04632
0.045605
0.045415
0.04536
0.047485
0.048695
0.048395
0.04875
0.04955
0.04992
0.049385
0.048615
0.048795
0.05
0.051165
0.05026
0.050405
0.049935
0.049165
0.04838
0.04846
0.047345
0.048265
0.048225
0.048225
0.0485
0.048635
0.04961
0.04866
0.048475
0.048915
0.04877
0.050545
0.04948
0.0494
0.048695
0.048995
0.04889
0.048225
0.04731
0.04719
0.04725
0.046
0.04625
0.04693
0.04676
0.046735
0.04658
0.046235
0.048
0.04836
0.04846
0.048785
0.048995
0.049125
0.04968
0.049945
0.051005
0.05185
0.05312
0.052075
0.051445
0.052385
0.052385
0.05119
0.05048
0.050685
0.0513
0.051065
0.051085
0.050045
0.050805
0.05215
0.05269
0.0532
0.052445
0.0524
0.05409
0.05364
0.053785
0.05239
0.05195
0.05255
0.051495
0.05212
0.051635
0.0514
0.04998
0.050065
0.050815
0.050795
0.050925
0.052345
0.050855
0.05096
0.05167
0.051485
0.05168
0.053835
0.05416
0.05428
0.054595
0.05619
0.05539
0.05511
0.05537
0.0556
0.055765
0.0574
0.05661
0.05516
0.0544
0.05617
0.05597
0.05506
0.053765
0.05273
0.05354
0.05282
0.052885
0.052815
0.05237
0.05152
0.050025
0.05125
0.05029
0.05189
0.05104
0.051565
0.05255
0.050495
0.048405
0.049875
0.04935
0.04879
0.04658
0.047375
0.047195
0.04758
0.04893
0.04861
0.04801
0.04838
0.047255
0.046915
0.045935
0.04293
0.04444
0.044795
0.04624
0.046905
0.046365
0.04734
0.047575
0.0472
0.04709
0.04773
0.048395
0.04843
0.048195
0.04945
0.0497
0.04736
0.048445
0.04895
0.05026
0.05011
0.047075
0.04641
0.0465
0.043635
0.045275
0.045415
0.043935
0.04118
0.042535
0.04129
0.0431
0.043395
0.04378
0.042695
0.0424
0.041245
0.04125
0.0411
0.042205
0.04274
0.0419
0.0405
0.040285
0.041885
0.042925
0.041185
0.03929
0.03212
0.034215
0.0201
0.02011
0.019
0.0175
0.01685
0.0165
0.017155
0.0198
0.0225
0.0251
0.02308
0.02195
0.02281
0.02236
0.0215
0.02111
0.021135
0.019935
0.020125
0.019025
0.018695
0.019295
0.01898
0.01881
0.018155
0.019125
0.0199
0.019115
0.020095
0.01959
0.019795
0.01948
0.019305
0.018555
0.01865
0.01898
0.01933
0.0192
0.01917
0.018875
0.01857
0.018705
0.01881
0.0188
0.0186
0.0183
0.01831
0.018495
0.017935
0.01755
0.017415
0.01721
0.01734
0.01703
0.017
0.017495
0.0176
0.017795
0.0179
0.01874
0.018205
0.01851
0.018585
0.0186
0.0191
0.0193
0.018705
0.01793
