close
1170.0
1145.1
1163.0
1172.1
1170.0
1179.9
1165.0
1185.5
1182.9
1168.0
1175.0
1196.0
1191.8
1176.8
1185.0
1185.0
1218.0
1218.2
1200.0
1192.0
1186.0
1160.0
1113.4
1094.0
1077.8
1099.3
1118.9
1114.3
1106.5
1088.0
1072.3
1047.5
1060.0
1056.2
1077.8
1075.1
1055.0
1116.0
1120.0
1087.7
1062.2
1089.5
1094.6
1060.1
1054.5
1033.5
1055.4
1052.1
1056.0
1053.1
1041.0
1032.0
1090.0
1109.7
1089.2
1050.8
1060.7
1056.0
1062.1
1055.0
1050.0
1055.5
1087.6
1116.8
1119.0
1159.6
1173.7
1157.3
1149.0
1149.9
1173.7
1230.0
1176.8
1174.1
1164.1
1148.5
1135.2
1125.0
1130.0
1154.0
1162.0
1131.3
1130.7
1091.0
1035.0
1078.0
1082.0
1069.0
1036.0
1037.0
1011.0
996.0
1050.0
1015.0
1035.0
1077.0
1072.0
1096.0
1125.0
1155.0
1142.0
1153.0
1196.0
1208.0
1174.0
1213.0
1233.0
1214.0
1229.0
1233.0
1214.0
1221.0
1221.0
1230.0
1224.0
1230.0
1224.0
1206.0
1209.0
1226.0
1183.0
1208.0
1235.0
1230.0
1238.0
1244.0
1283.0
1280.0
1236.0
1149.0
1090.0
1075.0
1088.0
1055.0
1133.0
1127.0
1131.0
1096.0
1100.0
1063.0
1000.0
1013.0
996.0
1038.0
991.0
1028.0
1025.0
1079.0
1092.0
1094.0
1098.0
1113.0
1153.0
1177.0
1175.0
1165.0
1165.0
1122.0
1083.0
1106.0
1117.0
1121.0
1095.0
1081.0
1075.0
1075.0
998.0
997.0
1050.0
1090.0
1084.0
1078.0
1045.0
1037.0
1071.0
1115.0
1070.0
1030.0
1084.0
1049.0
1053.0
1038.0
1025.0
1009.0
1016.0
1000.0
1000.0
996.0
970.0
932.0
885.0
898.0
894.0
880.0
878.0
889.0
877.0
874.0
866.0
874.0
866.0
885.0
880.0
883.0
887.0
893.0
902.0
919.0
940.0
934.0
942.0
946.0
939.0
940.0
941.0
910.0
973.0
1028.0
1053.0
1054.0
1091.0
1081.0
1076.0
1052.0
1070.0
986.0
997.0
1001.0
985.0
1006.0
968.0
979.0
979.0
944.0
971.0
950.0
944.0
939.0
926.0
935.0
928.0
928.0
923.0
919.0
950.0
941.0
950.0
997.0
980.0
993.0
976.0
977.0
965.0
950.0
950.0
946.0
927.0
930.0
906.0
910.0
881.0
871.0
871.0
866.0
855.0
842.0
848.0
853.0
853.0
857.0
860.0
820.0
845.0
855.0
845.0
857.0
880.0
875.0
873.0
900.0
891.0
889.0
865.0
879.0
867.0
860.0
883.0
903.0
898.0
882.0
866.0
869.0
878.0
850.0
860.0
858.0
851.0
830.0
839.0
831.0
835.0
819.0
799.0
780.0
770.0
738.0
764.0
742.0
776.0
800.0
805.0
782.0
780.0
795.0
790.0
786.0
786.0
787.0
773.0
760.0
809.0
815.0
862.0
860.0
841.0
826.0
775.0
752.0
714.0
714.0
694.0
703.0
713.0
704.0
730.0
775.0
769.0
745.0
736.0
763.0
743.0
814.0
818.0
821.0
813.0
845.0
834.0
822.0
836.0
813.0
838.0
940.0
1002.0
1009.0
1016.0
1030.0
1011.0
980.0
994.9
1012.0
1027.0
1040.0
1020.6
1001.0
1015.1
1059.0
1094.0
1086.0
1111.0
1129.9
1092.0
1127.0
1117.7
1074.5
1094.0
1086.0
1104.0
1099.0
1087.1
1060.0
1038.9
1050.0
1030.3
1037.0
984.4
1055.0
1067.0
1084.9
1075.1
1095.1
1090.1
1125.1
1129.1
1110.0
1119.5
1138.0
1147.0
1064.1
1133.9
1112.0
987.0
999.0
1006.0
1009.0
954.0
963.0
954.0
912.5
1020.0
1020.0
1002.1
1012.0
1049.9
1017.4
1007.0
1013.0
1012.0
1012.5
1054.0
1023.0
986.0
992.0
998.0
1007.0
989.0
1008.0
1072.0
1044.0
1014.0
989.0
988.0
1002.5
974.5
982.0
983.5
978.0
989.5
1003.0
1018.0
999.0
1020.0
994.0
978.5
979.0
1023.0
1004.0
1021.0
1032.0
1034.5
1022.0
1023.5
1020.5
1028.0
1032.5
1013.0
1036.0
1041.5
1022.0
1028.0
1033.0
1039.0
1041.0
1060.0
1018.0
1045.0
1088.5
1127.0
1109.5
1109.0
1130.0
1148.0
1186.0
1200.0
1196.0
1176.5
1173.0
1194.0
1300.0
1301.0
1337.5
1316.5
1291.0
1291.5
1286.0
1277.0
1276.5
1297.0
1278.5
1267.5
1261.0
1278.0
1288.0
1289.5
1305.0
1303.5
1311.0
1317.5
1357.0
1369.5
1371.0
1370.0
1399.0
1413.0
1450.0
1464.0
1430.0
1375.5
1408.5
1380.0
1406.0
1418.5
1377.0
1407.0
1428.0
1379.5
1291.0
1336.0
1372.5
1399.0
1403.0
1390.0
1383.0
1373.5
1390.0
1413.0
1407.0
1473.0
1403.0
1391.0
1373.5
1354.0
1345.5
1360.0
1376.0
1387.5
1377.5
1404.0
1419.0
1485.5
1442.0
1438.5
1416.0
1409.0
1417.0
1429.0
1420.0
1447.0
1447.0
1485.0
1506.0
1498.0
1491.0
1459.0
1451.0
1445.5
1441.0
1449.0
1453.0
1444.5
1447.0
1442.0
1437.5
1428.0
1464.0
1463.0
1455.5
1441.0
1418.0
1409.0
1370.0
1350.0
1326.0
1321.5
1319.5
1335.0
1341.0
1341.0
1348.5
1401.0
1398.5
1370.0
1353.0
1355.0
1353.0
1341.0
1356.0
1346.0
1371.0
1376.5
1367.0
1352.5
1350.5
1290.0
1231.0
1212.0
1186.0
1228.5
1238.5
1234.0
1213.5
1221.0
1222.5
1194.5
1261.0
1270.0
1256.0
1243.5
1212.0
1190.0
1196.0
1197.0
1234.0
1240.5
1225.0
1195.0
1170.0
1164.0
1150.0
1203.5
1201.0
1177.0
1228.0
1228.5
1221.5
1213.0
1215.0
1201.5
1217.0
1197.5
1199.0
1231.0
1243.0
1252.0
1248.0
1239.0
1277.0
1282.5
1292.0
1263.0
1255.0
1267.0
1245.0
1246.0
1252.0
1245.0
1237.0
1228.0
1241.0
1247.5
1241.0
1239.0
1252.0
1291.0
1317.0
1319.5
1299.0
1271.5
1286.5
1305.0
1303.0
1299.0
1307.0
1315.0
1295.0
1349.0
1381.0
1411.0
1418.5
1370.0
1379.0
1384.0
1370.0
1387.0
1357.5
1382.0
1350.0
1356.5
1345.0
1335.0
1312.0
1316.0
1401.0
1425.0
1425.0
1395.0
1399.0
1368.5
1354.0
1330.0
1334.0
1358.5
1370.0
1359.0
1364.0
1359.5
1360.0
1366.5
1357.0
1341.0
1375.0
1354.0
1347.0
1311.0
1291.0
1288.0
1280.0
1261.0
1275.0
1262.0
1247.5
1245.5
1242.0
1239.0
1298.0
1289.0
1260.0
1249.5
1251.0
1284.0
1289.0
1268.5
1367.5
1336.5
1329.5
1328.0
1310.0
1317.0
1338.0
1404.0
1520.0
1534.5
1549.0
1528.0
1581.0
1570.0
1590.0
1562.5
1592.0
1619.0
1611.0
1608.0
1565.0
1614.5
1608.0
1611.5
1611.0
1584.0
1568.0
1573.5
1552.0
1505.0
1520.5
1478.0
1525.0
1524.5
1526.0
1521.5
1541.5
1480.0
1482.5
1495.5
1464.5
1541.0
1554.0
1585.0
1618.0
1616.5
1608.0
1582.5
1612.0
1588.0
1536.0
1560.0
1566.5
1558.5
1564.0
1578.5
1594.0
1612.0
1632.0
1898.5
1867.0
1866.0
1867.0
1849.0
1845.0
1856.0
1916.0
1906.0
1899.5
1888.5
1754.5
1743.0
1746.5
1719.0
1744.0
1770.5
1795.5
1792.5
1835.5
1786.0
1731.5
1765.5
1798.0
1818.0
1832.0
1785.0
1769.0
1756.0
1765.0
1768.0
1757.0
1725.5
1743.0
1728.5
1752.0
1820.0
1833.0
1863.0
1843.0
1820.0
1865.5
1867.0
1903.5
1876.0
1858.0
1895.0
1893.5
1872.5
1872.0
1872.0
1922.0
1853.0
1848.0
1867.0
1856.5
1873.0
1906.5
1961.0
1942.5
1925.0
1893.0
1920.0
1840.0
1855.5
1863.0
1858.0
1832.0
1833.0
1852.0
1839.5
1796.0
1799.0
1889.0
1855.0
1896.0
1921.0
1898.0
1950.0
1991.5
1932.0
1965.0
1950.5
1935.5
1890.0
1856.5
1860.0
1890.0
1873.0
1925.5
1949.5
2002.5
2038.0
1975.0
1987.5
2025.0
2017.0
1991.5
1957.0
1940.5
1931.5
1907.0
1899.0
1900.0
1949.5
1957.0
1997.5
1954.0
1938.0
1919.0
1895.0
1892.0
1902.0
1873.5
1884.0
1832.0
1847.0
1840.0
1865.0
1883.5
1894.0
1943.5
1978.0
1942.5
1963.0
1972.0
1963.0
1955.0
1970.0
1992.5
2035.0
2099.0
2098.5
2118.5
2145.0
2138.0
2134.0
2176.0
2197.5
2150.0
2179.0
2202.0
2150.0
2150.0
2054.5
2140.5
2159.0
2086.5
2127.0
2135.0
2200.0
2283.5
2371.5
2416.5
2413.0
2473.5
2435.5
2383.0
2386.0
2343.5
2310.0
2280.5
2347.5
2389.5
2427.5
2469.0
2450.0
2415.0
2430.5
2446.0
2436.0
2426.0
2463.0
2497.5
2385.0
2385.5
2344.0
2364.0
2265.0
2314.0
2287.0
2253.0
2263.0
2249.5
2315.0
2312.0
2124.0
2169.0
2240.0
2161.5
2083.5
2020.5
2103.5
2142.0
2096.5
2084.5
2140.5
2105.5
2025.0
2061.0
2015.5
2030.0
2097.5
2215.0
2128.0
2107.0
2152.5
2127.5
2190.0
2201.0
2186.0
2118.5
2114.0
2131.0
2119.5
2142.0
2122.5
2086.5
2094.0
2089.0
2102.5
2079.0
2072.0
2076.5
2137.0
2163.5
2213.0
2214.0
2175.0
2144.0
2159.0
2192.5
2290.5
2292.0
2268.0
2287.0
2295.0
2301.5
2270.5
2220.0
2177.0
2185.0
2227.5
2193.5
2244.0
2257.5
2240.5
2236.0
2226.0
2315.0
2316.5
2302.5
2303.0
2345.0
2390.0
2333.0
2420.0
2398.5
2364.5
2329.5
2333.0
2377.0
2391.5
2430.0
2388.0
2242.5
2250.0
2272.0
2237.0
2252.5
2230.5
2272.5
2185.0
2132.0
2128.0
2152.5
2150.0
2091.0
2123.5
2099.0
2133.5
2164.0
2137.0
2120.0
2115.0
2151.0
2153.5
2168.5
2142.0
2150.0
2179.5
2168.0
2125.0
2105.5
2098.5
2111.5
2094.5
2066.5
2132.0
2187.0
2148.0
2144.5
2145.0
2174.5
2204.0
2193.5
2213.0
2216.0
2185.0
2160.5
2134.0
2136.5
2172.5
2157.5
2143.0
2170.5
2220.0
2146.0
2118.0
2140.0
2178.0
2307.0
2310.0
2235.0
1790.0
1755.0
1760.0
1781.0
1777.0
1761.5
1859.5
1843.0
1916.5
1999.0
1995.0
2002.0
1995.0
1982.0
1921.5
1886.0
1903.5
1940.0
1920.0
1916.0
1924.5
1902.0
1909.0
1921.0
1898.5
1920.0
1945.0
1945.5
1967.5
1965.0
1989.0
1957.5
1955.0
1914.0
1912.5
1903.0
1869.5
1871.5
1888.0
1860.5
1869.0
1856.0
1894.0
1864.0
1860.5
1840.5
1828.0
1832.0
1880.0
1916.0
1930.0
1859.5
1916.0
1926.5
1960.0
1985.0
1983.0
1992.5
1999.5
1980.0
1993.5
2044.5
2044.5
2051.0
2060.0
2083.0
2152.0
2167.0
2152.0
2157.0
2212.0
2197.2
2212.0
2250.8
2244.0
2192.2
2163.4
2196.0
2230.0
2258.0
2264.0
2200.2
2161.0
2126.6
2166.2
2115.0
2133.0
2214.6
2169.6
2163.0
2208.0
2247.4
2303.6
2340.2
2362.0
2329.2
2346.4
2355.0
2345.0
2303.4
2352.8
2306.0
2318.8
2301.4
2274.0
2276.4
2293.8
2315.8
2268.0
2317.8
2293.6
2243.4
2249.0
2268.2
2280.8
2298.0
2301.6
2346.0
2350.8
2434.0
2435.2
2453.0
2499.8
2451.0
2383.2
2415.2
2400.0
2412.8
2410.6
2407.6
2389.0
2406.0
2391.0
2413.0
2414.0
2407.0
2388.6
2379.0
2340.0
2286.6
2299.0
2312.0
2392.0
2425.0
2407.8
2392.4
2424.8
2365.0
2383.4
2404.6
2280.2
2350.2
2379.6
2336.6
2319.0
2341.0
2361.0
2389.0
2418.6
2435.0
2494.8
2492.0
2465.0
2455.8
2480.2
2470.2
2492.8
2468.4
2452.6
2424.6
2391.6
2410.0
2405.4
2482.4
2491.2
2505.4
2494.8
2481.4
2465.0
2478.0
2500.2
2495.0
2573.0
2546.4
2542.6
2509.2
2489.8
2518.0
2486.0
2482.8
2507.0
2461.6
2520.0
2441.0
2480.4
2490.0
2550.6
2470.0
2369.6
2413.0
2428.8
2413.2
2405.0
2410.0
2428.0
2374.0
2365.4
2394.0
2424.0
2438.4
2421.2
2399.0
2391.0
2394.4
2429.8
2434.0
2441.0
2462.8
2469.8
2487.0
2487.0
2509.2
2503.6
2466.0
2450.2
2466.2
2457.0
2453.0
2447.6
2438.4
2432.0
2407.4
2350.2
2342.2
2301.4
2322.4
2319.6
2315.8
2263.4
2287.0
2250.0
2265.0
2274.4
2284.2
2295.2
2312.0
2327.0
1898.0
1975.6
1986.6
1957.2
1927.0
1934.0
2061.0
2054.6
2046.6
2090.2
2064.0
2118.4
2134.4
2156.0
2125.8
2138.0
2171.4
2191.0
2187.8
2184.8
2179.6
2184.0
2173.8
2186.4
2267.0
2525.2
2510.0
2514.4
2549.0
2566.2
2629.0
2635.8
2668.0
2624.6
2693.0
2620.6
2599.0
2607.4
2568.4
2570.4
2584.0
2588.0
2595.0
2628.0
2662.8
2690.0
2660.0
2625.0
2623.2
2680.0
2699.8
2688.0
2687.0
2713.0
2736.0
2697.0
2685.0
2672.0
2677.0
2728.4
2725.0
2703.4
2685.0
2690.0
2719.8
2772.8
2800.0
2770.0
2790.0
2820.2
2798.0
2780.0
2799.8
2890.0
2888.0
2873.4
2880.6
2990.0
3008.2
3048.2
3103.8
3087.2
3085.0
3037.2
3087.4
3011.0
2983.6
2937.0
2953.0
2988.4
2911.8
2681.8
2690.8
2678.2
2659.8
2721.4
2723.0
2654.2
2728.2
2685.0
2590.0
2615.0
2460.0
2470.0
2370.0
2425.0
2318.8
2434.0
2455.2
2299.8
2459.0
2555.8
2610.0
2597.0
2670.2
2714.4
2605.8
2550.8
2520.0
2582.0
2668.0
2742.6
2697.2
2701.0
2659.0
2755.6
2588.2
2637.8
2630.4
2736.4
2659.2
2655.0
2640.6
2621.0
2715.0
2754.8
2870.0
2850.8
2828.8
2842.2
2864.0
2910.2
2975.2
2977.0
2893.4
2821.8
2839.6
2945.0
2970.0
2964.6
2910.8
2905.0
2960.6
2913.2
2826.0
2888.0
2833.2
2846.0
2837.8
2867.6
2861.6
2884.0
2873.2
2902.0
2881.2
2850.0
2967.4
3009.0
3068.2
3108.0
3155.0
3254.2
3358.6
3499.0
3430.0
3467.0
3545.6
3548.6
3549.6
3639.0
3598.8
3581.8
3637.8
3633.0
3678.0
3772.0
3882.8
3824.0
3950.0
4029.0
3964.0
4010.0
4002.8
4017.2
4123.0
4114.4
4187.8
4191.0
4257.0
4288.6
4312.0
4340.2
4413.8
4360.0
4205.0
4185.8
4288.8
4366.0
4389.6
4500.0
4503.0
4620.0
4700.0
4772.0
4913.4
5055.0
4973.6
4842.8
4845.0
5089.4
5033.0
5070.0
4917.8
4885.0
4975.0
4670.2
4743.4
4597.8
4662.0
4730.0
4685.8
4637.0
4595.0
4628.0
4527.8
4900.0
5008.6
4775.0
4934.0
5080.0
5095.0
5062.0
4928.8
4907.0
4980.0
4869.0
4779.4
4714.6
4683.0
4759.8
4838.8
4772.0
4754.4
4530.0
4457.0
4340.0
4410.2
4455.0
4523.2
4504.0
4600.8
4586.0
4637.2
4561.0
4589.2
4591.0
4854.8
4927.0
4985.4
4696.0
4724.8
4718.8
4799.0
4735.2
4680.0
4691.2
4742.6
4745.6
4687.6
4935.8
4946.0
4985.2
5115.0
5278.0
5310.4
5193.6
5166.0
5065.2
5002.2
5066.4
5094.0
5169.2
5124.0
5040.0
5050.0
5198.0
5145.4
5082.0
5004.4
5084.0
5113.0
5029.0
5039.8
5026.4
5020.4
5167.0
5185.2
5340.4
5188.8
5254.2
5214.2
5121.8
5079.8
5077.4
4998.0
5043.6
5008.8
5170.0
5069.0
5015.8
4901.8
4898.2
4828.4
4876.2
4760.6
4847.4
4997.0
4917.2
5016.6
4973.6
5060.4
5147.2
5306.0
5361.6
5448.0
5478.0
5348.0
5187.0
5007.8
5005.0
5064.0
4918.0
4928.2
4857.4
4813.2
5004.6
5027.0
4890.2
4718.2
4722.8
4707.6
4692.0
4889.8
4960.4
5039.0
5161.8
5037.6
4858.0
4880.0
4891.0
4906.0
4850.0
4741.0
4785.0
4830.0
4788.0
4859.0
4949.2
4935.0
4940.0
4961.8
4845.2
4888.0
4813.0
4854.8
4600.0
4661.0
4677.8
4690.0
4663.8
4665.6
4648.0
4605.0
4570.2
4703.6
4732.0
4834.8
5040.0
4934.8
4802.2
4864.4
4828.6
4831.6
4702.8
4678.0
4601.0
4638.4
4687.0
4704.2
4740.0
4741.6
4750.8
4767.2
4891.8
4897.8
4995.4
4962.2
4945.0
4942.0
4933.0
4948.0
4901.8
4923.4
4911.4
4889.6
4973.0
5005.8
5056.8
5090.0
4925.0
4962.8
5041.4
5047.0
5008.4
5007.0
5040.0
5033.0
5088.0
5099.8
5084.6
5176.6
5168.6
5216.0
5212.4
5247.4
5341.4
5354.2
5235.8
5281.0
5256.8
5177.8
5188.0
5150.0
5109.0
5095.4
5151.2
5165.8
5196.4
5155.2
5035.2
5076.8
5034.6
4970.4
4938.0
4934.0
4989.6
4995.0
4971.2
4971.0
4966.2
5036.4
4984.4
4975.0
5093.0
5065.2
5055.2
5065.6
5061.0
5104.0
5159.0
5129.6
5219.0
5308.0
5352.4
5615.0
5699.6
5636.4
5732.6
5804.0
5690.8
5712.6
5735.0
5868.4
5939.2
5973.0
5892.0
5872.0
5828.4
5785.0
5771.8
5755.0
5885.0
5850.4
5949.2
5788.0
5762.4
5804.6
5766.4
5504.0
5594.2
5694.2
5705.2
5701.6
5622.2
5549.0
5553.8
5518.0
5427.2
5488.8
5480.0
5420.2
5390.0
5325.8
5383.0
5309.6
5573.8
5823.0
5879.2
5890.0
5942.4
6027.0
6120.0
6161.0
5990.4
5857.8
5966.6
5970.2
5928.4
5936.4
5931.6
5993.8
5968.8
5450.0
5571.0
5542.2
5552.8
5380.0
5407.0
5359.4
5330.8
5255.0
5100.6
5068.0
4992.0
4932.2
4853.6
4664.0
4560.0
4586.4
4511.6
4609.6
4630.2
4474.8
4578.8
4488.4
4410.6
4424.8
4467.8
4482.0
4418.8
4569.4
4515.2
4479.8
4275.0
4226.6
4196.4
4338.2
4393.2
4168.0
3938.6
4075.6
3769.0
3701.8
3669.2
3490.0
3345.0
3409.2
3364.8
3405.2
3448.4
3717.6
3724.0
3675.0
3517.0
3502.4
3468.0
3624.2
3763.0
3805.0
3429.8
3471.4
3953.2
4044.8
3772.6
3475.4
3065.8
3154.8
1990.0
1931.2
2020.0
2154.0
2259.0
2325.0
2285.0
2158.4
2070.8
2130.0
2115.0
2097.0
2074.0
2088.0
1945.2
1979.6
1880.2
1857.6
1789.8
1646.0
1692.0
1520.8
1600.8
1748.6
1721.0
1766.6
1699.0
1734.4
1688.0
1677.4
1594.0
1593.0
1638.2
1701.0
1715.8
1705.0
1646.0
1592.8
1590.0
1608.0
1670.0
1644.0
1597.6
1567.8
1586.0
1592.0
1497.0
1399.8
1438.0
1456.2
1401.4
1400.8
1386.0
1390.0
1456.2
1465.0
1560.8
1533.8
1600.0
1662.0
1645.0
1779.0
1750.0
1712.0
1614.0
