close
81.998
68.0
74.0
86.02
70.0
60.1
75.0
88.0
50.0
50.1
75.0
89.0
63.0
87.5
93.4
84.9
97.4
85.0
84.0
84.0
71.5
67.0
75.0
75.0
77.0
80.0
80.0
80.0
80.0
90.0
78.0
105.0
116.0
101.1
101.0
111.0
110.0
148.0
125.5
128.0
181.0
136.5
134.5
138.0
146.5
171.5
134.0
128.0
169.0
213.5
167.5
140.0
134.5
170.5
137.5
134.0
122.0
133.5
132.5
132.5
113.5
137.0
171.5
150.0
127.0
127.0
129.0
132.0
129.0
130.5
105.5
111.0
130.0
120.0
114.0
117.0
153.5
153.5
153.5
154.0
131.0
154.5
157.0
161.5
161.5
161.5
161.5
161.5
161.5
132.5
154.0
124.0
117.0
116.5
116.5
116.5
116.0
80.5
82.0
80.0
119.5
127.5
78.5
78.5
116.5
139.0
78.0
84.0
102.0
83.0
71.0
71.5
85.0
100.0
115.0
127.5
113.0
135.0
188.5
149.0
140.0
115.0
100.0
95.0
101.0
95.0
82.0
80.0
88.5
80.0
105.0
84.5
97.0
93.0
95.0
91.0
90.0
99.5
97.0
98.5
92.0
102.0
80.5
82.0
83.5
68.5
70.0
72.5
70.0
67.0
83.0
115.0
121.0
123.5
120.0
145.5
103.5
103.0
98.0
96.0
105.0
98.0
77.0
73.0
98.0
119.0
110.0
110.0
116.0
150.0
160.0
130.0
116.0
120.0
118.0
118.0
114.0
120.0
140.0
182.0
178.0
192.0
166.0
158.0
192.0
196.0
184.0
186.0
192.0
176.0
172.0
156.0
150.0
140.0
122.0
118.0
120.0
120.0
120.0
130.0
128.0
114.0
114.0
114.0
116.0
120.0
120.0
122.0
122.0
120.0
122.0
134.0
130.0
130.0
130.0
124.0
128.0
120.0
136.0
130.0
126.0
130.0
130.0
126.0
128.0
178.0
168.0
164.0
156.0
154.0
152.0
164.0
156.0
142.0
146.0
154.0
212.0
166.0
164.0
162.0
154.0
156.0
156.0
156.0
158.0
160.0
162.0
162.0
160.0
160.0
156.0
154.0
152.0
148.0
152.0
144.0
144.0
144.0
150.0
148.0
144.0
142.0
144.0
146.0
150.0
144.0
144.0
144.0
158.0
160.0
154.0
152.0
148.0
152.0
152.0
148.0
148.0
148.0
152.0
152.0
152.0
152.0
152.0
150.0
146.0
146.0
144.0
144.0
146.0
144.0
148.0
146.0
146.0
148.0
160.0
170.0
162.0
162.0
162.0
168.0
164.0
164.0
162.0
160.0
168.0
166.0
160.0
160.0
160.0
162.0
158.0
158.0
160.0
170.0
168.0
166.0
172.0
170.0
192.0
174.0
180.0
174.0
168.0
174.0
170.0
172.0
168.0
162.0
158.0
148.0
150.0
152.0
166.0
158.0
150.0
144.0
144.0
126.0
124.0
138.0
124.0
126.0
128.0
122.0
130.0
140.0
148.0
158.0
164.0
182.0
178.0
174.0
168.0
172.0
172.0
168.0
166.0
162.0
162.0
158.0
160.0
160.0
158.0
156.0
162.0
162.0
164.0
166.0
164.0
170.0
164.0
162.0
160.0
162.0
158.0
162.0
160.0
158.0
158.0
154.0
158.0
166.0
168.0
172.0
166.0
166.0
166.0
170.0
170.0
166.0
170.0
168.0
166.0
166.0
168.0
170.0
170.0
172.0
170.0
168.0
166.0
172.0
170.0
168.0
172.0
178.0
176.0
170.0
162.0
166.0
170.0
166.0
166.0
166.0
166.0
168.0
168.0
166.0
170.0
170.0
168.0
170.0
168.0
172.0
170.0
170.0
168.0
170.0
168.0
170.0
170.0
172.0
172.0
170.0
176.0
176.0
180.0
188.0
188.0
186.0
188.0
184.0
182.0
180.0
182.0
180.0
180.0
180.0
176.0
176.0
172.0
170.0
172.0
174.0
172.0
170.0
170.0
168.0
168.0
168.0
168.0
170.0
168.0
170.0
170.0
168.0
168.0
168.0
168.0
168.0
166.0
166.0
164.0
168.0
168.0
168.0
168.0
166.0
176.0
176.0
174.0
170.0
166.0
168.0
168.0
162.0
166.0
166.0
166.0
162.0
160.0
160.0
158.0
156.0
158.0
158.0
162.0
162.0
162.0
164.0
164.0
164.0
162.0
162.0
162.0
162.0
162.0
164.0
166.0
164.0
164.0
166.0
166.0
162.0
166.0
166.0
164.0
164.0
164.0
162.0
162.0
162.0
164.0
164.0
166.0
164.0
162.0
162.0
164.0
164.0
166.0
232.0
230.0
222.0
216.0
220.0
216.0
244.0
240.0
224.0
220.0
222.0
228.0
228.0
228.0
244.0
274.0
266.0
264.0
258.0
270.0
242.0
240.0
240.0
234.0
232.0
238.0
228.0
230.0
230.0
228.0
234.0
234.0
234.0
234.0
232.0
228.0
226.0
230.0
224.0
222.0
224.0
232.0
232.0
232.0
228.0
228.0
222.0
226.0
224.0
222.0
220.0
220.0
222.0
220.0
224.0
224.0
222.0
220.0
224.0
224.0
224.0
220.0
230.0
224.0
230.0
224.0
224.0
224.0
226.0
224.0
224.0
224.0
224.0
220.0
222.0
220.0
220.0
226.0
226.0
222.0
222.0
220.0
218.0
222.0
222.0
222.0
220.0
220.0
220.0
218.0
226.0
220.0
218.0
218.0
220.0
226.0
224.0
220.0
216.0
222.0
220.0
216.0
220.0
218.0
212.0
212.0
214.0
214.0
214.0
212.0
214.0
212.0
212.0
208.0
208.0
206.0
210.0
210.0
208.0
208.0
210.0
212.0
208.0
206.0
206.0
206.0
206.0
206.0
206.0
204.0
206.0
208.0
206.0
206.0
204.0
204.0
204.0
206.0
204.0
214.0
212.0
214.0
214.0
210.0
214.0
228.0
228.0
220.0
216.0
216.0
216.0
214.0
214.0
214.0
208.0
212.0
212.0
212.0
208.0
208.0
206.0
206.0
218.0
216.0
218.0
242.0
222.0
216.0
220.0
216.0
216.0
214.0
220.0
220.0
216.0
240.0
230.0
224.0
252.0
244.0
232.0
242.0
238.0
242.0
242.0
234.0
234.0
234.0
230.0
234.0
232.0
232.0
232.0
232.0
232.0
234.0
234.0
234.0
232.0
230.0
226.0
220.0
218.0
228.0
224.0
218.0
218.0
218.0
226.0
218.0
218.0
216.0
216.0
216.0
218.0
212.0
216.0
212.0
210.0
208.0
206.0
204.0
210.0
208.0
206.0
208.0
206.0
206.0
208.0
204.0
206.0
208.0
208.0
210.0
208.0
206.0
204.0
206.0
206.0
202.0
200.0
198.0
198.0
200.0
188.0
182.0
176.0
182.0
188.0
182.0
182.0
188.0
184.0
184.0
186.0
184.0
182.0
184.0
182.0
180.0
178.0
178.0
174.0
168.0
162.0
160.0
148.0
162.0
142.0
142.0
148.0
154.0
166.0
168.0
166.0
184.0
178.0
182.0
182.0
188.0
188.0
184.0
180.0
176.0
176.0
176.0
184.0
180.0
172.0
172.0
172.0
184.0
178.0
178.0
176.0
172.0
170.0
168.0
168.0
168.0
168.0
174.0
170.0
176.0
184.0
182.0
180.0
180.0
176.0
170.0
172.0
174.0
174.0
176.0
174.0
172.0
172.0
172.0
172.0
172.0
174.0
174.0
172.0
174.0
174.0
174.0
172.0
168.0
