close
465.01
451.0
435.01
468.97
425.0
449.0
439.01
425.0
441.0
405.0
418.0
440.0
435.0
438.0
478.0
479.0
451.64
470.0
472.25
421.0
450.0
459.97
468.97
435.0
438.97
390.0
400.0
377.0
395.99
374.0
393.5
394.94
400.0
407.99
369.5
369.5
379.97
380.0
403.99
377.21
410.05
405.0
394.68
386.0
381.97
370.0
350.0
387.0
387.0
425.0
400.0
423.0
415.0
350.0
393.0
382.0
379.0
360.0
336.0
341.0
341.0
333.0
309.0
321.0
306.0
309.0
315.0
310.0
365.0
367.0
350.0
313.0
320.0
312.0
308.0
297.0
300.0
303.0
308.0
345.0
320.0
302.0
297.0
300.0
303.0
285.0
264.0
256.0
258.0
280.0
268.0
270.0
230.0
222.0
250.0
255.0
249.0
249.0
285.0
293.0
292.0
291.0
329.0
281.0
335.0
329.0
344.0
320.0
295.0
295.0
312.0
331.0
318.0
310.0
319.0
300.0
297.0
285.0
300.0
300.0
368.0
380.0
388.0
385.0
375.0
384.0
380.0
349.0
341.0
349.0
349.0
345.0
330.0
331.0
330.0
320.0
340.0
350.0
340.0
340.0
340.0
365.0
360.0
340.0
355.0
350.0
350.0
350.0
350.0
335.0
335.0
336.0
335.0
350.0
350.0
349.0
335.0
335.0
348.0
349.0
350.0
360.0
360.0
374.0
360.0
350.0
362.0
396.0
335.0
335.0
369.0
350.0
350.0
327.0
340.0
328.0
335.0
326.0
325.0
358.0
326.0
335.0
355.0
335.0
335.0
326.0
340.0
325.0
340.0
340.0
342.0
368.0
335.0
345.0
335.0
325.0
350.0
336.0
339.0
335.0
348.0
335.0
320.0
336.0
359.0
359.0
323.0
340.0
379.0
389.0
342.0
342.0
330.0
350.0
330.0
331.0
330.0
330.0
330.0
339.0
345.0
330.0
340.0
325.0
345.0
339.0
330.0
330.0
320.0
322.0
330.0
330.0
325.0
325.0
333.0
334.0
325.0
325.0
325.0
334.0
327.0
332.0
325.0
325.0
362.0
369.0
335.0
338.0
325.0
337.0
345.0
326.0
339.0
334.0
333.0
330.0
327.0
330.0
325.0
327.0
327.0
340.0
305.0
322.0
331.0
318.0
320.0
310.0
300.0
306.0
345.0
335.0
321.0
330.0
339.0
329.0
351.0
356.0
354.0
361.0
365.0
400.0
392.0
548.0
766.0
811.0
650.0
714.0
701.0
682.0
750.0
700.0
722.0
680.0
717.0
749.0
903.0
894.0
1088.0
1040.0
1074.0
1051.0
1132.0
1186.0
1129.0
1102.0
1099.0
1078.0
1089.0
1035.0
1034.0
1032.0
990.0
1002.0
1005.0
1007.0
1028.0
1034.0
1019.0
1004.0
1003.0
1000.0
1077.0
1059.0
1038.0
1064.0
1490.0
1710.0
1270.0
1285.0
1275.0
1273.0
1781.0
1563.0
1624.0
1513.0
1510.0
1515.0
1560.0
1533.0
1480.0
1526.0
1523.0
1500.0
1406.0
1450.0
1422.0
1432.0
1437.0
1456.0
1445.0
1500.0
1478.0
1500.0
1465.0
1500.0
1500.0
1470.0
1449.0
1410.0
1285.0
1165.0
1260.0
1235.0
1285.0
1225.0
1485.0
1435.0
1455.0
1485.0
1410.0
1300.0
1270.0
1280.0
1205.0
1100.0
1150.0
1125.0
1165.0
1250.0
1200.0
1150.0
1140.0
1155.0
1130.0
1175.0
1195.0
1215.0
1195.0
1175.0
1180.0
1145.0
1235.0
1205.0
1105.0
1165.0
1200.0
1200.0
1200.0
1125.0
1195.0
1170.0
1200.0
1165.0
1145.0
1170.0
1160.0
1155.0
1160.0
1140.0
1165.0
1105.0
1150.0
1175.0
1170.0
1180.0
1195.0
1265.0
1450.0
1550.0
1515.0
1500.0
1615.0
1760.0
1750.0
1660.0
1730.0
1760.0
1750.0
1755.0
1650.0
1650.0
1650.0
1650.0
2030.0
1825.0
1915.0
1810.0
1835.0
1780.0
1800.0
1845.0
1830.0
1825.0
1790.0
1860.0
1805.0
1800.0
1780.0
1770.0
1735.0
1760.0
1850.0
1835.0
1835.0
1830.0
1805.0
1780.0
1810.0
1860.0
1805.0
1805.0
1800.0
1785.0
1795.0
1760.0
1705.0
1710.0
1700.0
1690.0
1695.0
1670.0
1650.0
1715.0
1665.0
1755.0
1725.0
1840.0
1820.0
1790.0
1830.0
1825.0
1800.0
1755.0
1760.0
1810.0
1810.0
1745.0
1695.0
1620.0
1600.0
1610.0
1615.0
1585.0
1450.0
1505.0
1515.0
1530.0
1535.0
1490.0
1490.0
1600.0
1600.0
1640.0
1725.0
1725.0
1665.0
1660.0
1610.0
1710.0
1625.0
1630.0
1560.0
1525.0
1480.0
1590.0
1475.0
1500.0
1530.0
1490.0
1435.0
1450.0
1500.0
1615.0
1565.0
1535.0
1525.0
1665.0
1625.0
1500.0
1495.0
1500.0
1530.0
1590.0
1700.0
1595.0
1635.0
1615.0
1560.0
1530.0
1540.0
1550.0
1520.0
1500.0
1530.0
1505.0
1490.0
1495.0
1520.0
1485.0
1495.0
1485.0
1505.0
1495.0
1460.0
1495.0
1495.0
1490.0
1450.0
1440.0
1460.0
1505.0
1485.0
1470.0
1310.0
1395.0
1385.0
1420.0
1400.0
1415.0
1370.0
1375.0
1410.0
1390.0
1435.0
1420.0
1360.0
1360.0
1355.0
1400.0
1345.0
1400.0
1450.0
1425.0
1400.0
1405.0
1350.0
1380.0
1315.0
1305.0
1280.0
1260.0
1255.0
1260.0
1260.0
1290.0
1290.0
1270.0
1285.0
1270.0
1290.0
1290.0
1260.0
1260.0
1250.0
1230.0
1320.0
1270.0
1265.0
1265.0
1260.0
1265.0
1265.0
1260.0
1260.0
1150.0
1250.0
1230.0
1200.0
1205.0
1220.0
1185.0
1200.0
1185.0
1210.0
1210.0
1120.0
1120.0
1140.0
1100.0
1075.0
1060.0
1075.0
1060.0
1090.0
1080.0
1055.0
1025.0
1040.0
1065.0
1050.0
1040.0
1025.0
1050.0
1095.0
1020.0
1050.0
1050.0
1045.0
1030.0
1015.0
1015.0
1020.0
1025.0
1060.0
1060.0
1060.0
1040.0
1025.0
1060.0
1025.0
1035.0
1030.0
1025.0
1045.0
1050.0
1030.0
1025.0
1030.0
1005.0
1050.0
1000.0
1025.0
1025.0
1025.0
1010.0
1045.0
995.0
980.0
1010.0
1000.0
1000.0
1020.0
1040.0
1015.0
1000.0
1000.0
1000.0
960.0
990.0
985.0
995.0
965.0
970.0
960.0
950.0
970.0
975.0
955.0
975.0
960.0
960.0
975.0
975.0
970.0
975.0
1020.0
1045.0
1000.0
985.0
980.0
1000.0
1000.0
1080.0
1085.0
1125.0
1070.0
1095.0
1105.0
1140.0
1095.0
1100.0
1110.0
1110.0
1100.0
1140.0
1120.0
1135.0
1125.0
1175.0
1170.0
1150.0
1170.0
1120.0
1090.0
1115.0
1050.0
1030.0
1065.0
1080.0
1060.0
1045.0
1045.0
1050.0
1035.0
1040.0
1005.0
1020.0
985.0
995.0
1025.0
1050.0
1025.0
1050.0
1005.0
1000.0
1000.0
970.0
985.0
965.0
1000.0
1000.0
960.0
1010.0
975.0
920.0
950.0
960.0
1060.0
1075.0
1035.0
1030.0
1015.0
1030.0
1085.0
1090.0
1130.0
1080.0
1090.0
1095.0
1100.0
1075.0
1070.0
1000.0
1005.0
1015.0
1000.0
1015.0
1020.0
1020.0
1005.0
1045.0
1020.0
1010.0
1005.0
1010.0
1010.0
1005.0
1020.0
1005.0
1020.0
1025.0
1030.0
1060.0
1075.0
1300.0
1250.0
1375.0
1395.0
1350.0
1355.0
1340.0
1300.0
1300.0
1225.0
1200.0
1235.0
1190.0
1190.0
1200.0
1220.0
1155.0
1140.0
1155.0
1115.0
1120.0
1100.0
1045.0
1050.0
1005.0
1000.0
990.0
945.0
995.0
990.0
990.0
990.0
975.0
975.0
1015.0
980.0
995.0
990.0
1000.0
1000.0
1015.0
1000.0
1000.0
1015.0
1000.0
1000.0
1000.0
1025.0
1025.0
1010.0
1010.0
1015.0
1000.0
1000.0
1000.0
1025.0
1050.0
1035.0
1025.0
1035.0
1010.0
1025.0
1005.0
1020.0
1000.0
980.0
985.0
995.0
995.0
1020.0
1000.0
1000.0
990.0
990.0
990.0
990.0
965.0
960.0
950.0
970.0
960.0
975.0
925.0
925.0
960.0
980.0
980.0
980.0
980.0
1000.0
980.0
995.0
995.0
965.0
950.0
950.0
955.0
975.0
975.0
980.0
990.0
975.0
945.0
945.0
950.0
950.0
950.0
945.0
940.0
940.0
945.0
955.0
945.0
935.0
930.0
945.0
930.0
945.0
920.0
915.0
935.0
920.0
920.0
900.0
910.0
895.0
910.0
940.0
940.0
910.0
940.0
910.0
900.0
920.0
915.0
920.0
930.0
930.0
930.0
940.0
945.0
940.0
950.0
945.0
960.0
980.0
975.0
945.0
955.0
960.0
940.0
985.0
980.0
950.0
960.0
940.0
940.0
925.0
940.0
935.0
960.0
955.0
935.0
920.0
930.0
910.0
910.0
915.0
900.0
900.0
905.0
915.0
940.0
922.0
940.0
980.0
936.0
938.0
930.0
932.0
922.0
922.0
908.0
916.0
904.0
906.0
916.0
920.0
906.0
912.0
910.0
908.0
914.0
910.0
908.0
902.0
918.0
904.0
900.0
902.0
906.0
904.0
886.0
890.0
872.0
858.0
848.0
820.0
818.0
878.0
860.0
856.0
858.0
872.0
858.0
850.0
860.0
860.0
880.0
896.0
870.0
878.0
878.0
888.0
876.0
880.0
878.0
884.0
892.0
908.0
910.0
908.0
910.0
908.0
910.0
904.0
900.0
900.0
906.0
900.0
886.0
888.0
902.0
886.0
900.0
898.0
902.0
882.0
902.0
900.0
902.0
892.0
890.0
886.0
892.0
876.0
872.0
868.0
884.0
862.0
878.0
880.0
860.0
852.0
876.0
850.0
852.0
856.0
850.0
856.0
858.0
850.0
850.0
850.0
868.0
816.0
852.0
850.0
860.0
860.0
950.0
968.0
930.0
890.0
970.0
976.0
884.0
918.0
944.0
884.0
862.0
898.0
880.0
894.0
898.0
896.0
876.0
900.0
932.0
900.0
940.0
930.0
938.0
936.0
946.0
950.0
954.0
940.0
942.0
948.0
928.0
948.0
928.0
920.0
924.0
928.0
936.0
922.0
938.0
968.0
954.0
950.0
964.0
980.0
1000.0
1026.0
1004.0
1106.0
1066.0
1098.0
1110.0
1098.0
1096.0
1090.0
1102.0
1150.0
1198.0
1200.0
1220.0
1278.0
1308.0
1334.0
1418.0
1312.0
1300.0
1240.0
1200.0
1168.0
1276.0
1264.0
1280.0
1264.0
1300.0
1300.0
1354.0
1310.0
1344.0
1376.0
1370.0
1358.0
1350.0
1350.0
1332.0
1370.0
1328.0
1394.0
1376.0
1360.0
1420.0
1410.0
1402.0
1418.0
1386.0
1404.0
1402.0
1410.0
1414.0
1440.0
1448.0
1402.0
1392.0
1390.0
1372.0
1394.0
1400.0
1386.0
1358.0
1356.0
1376.0
1386.0
1364.0
1382.0
1370.0
1348.0
1378.0
1650.0
1648.0
1514.0
1488.0
1460.0
1478.0
1478.0
1500.0
1516.0
1654.0
1698.0
1690.0
1616.0
1614.0
1606.0
1628.0
1626.0
1600.0
1614.0
1640.0
1640.0
1638.0
1632.0
1650.0
1600.0
1588.0
1600.0
1606.0
1788.0
1710.0
1676.0
1712.0
1702.0
1694.0
1712.0
1720.0
1756.0
1714.0
1678.0
1658.0
1670.0
1710.0
1710.0
1700.0
1700.0
1700.0
1692.0
1688.0
1698.0
1698.0
1676.0
1678.0
1652.0
1624.0
1622.0
1660.0
1656.0
1630.0
1638.0
1712.0
1720.0
1700.0
1706.0
1960.0
1998.0
1980.0
2040.0
2022.0
2044.0
2024.0
2038.0
2040.0
2008.0
1944.0
2008.0
1998.0
2016.0
1970.0
1948.0
1950.0
2028.0
2090.0
2100.0
2022.0
2060.0
2050.0
1960.0
1998.0
1980.0
1978.0
1962.0
1974.0
1962.0
1910.0
1840.0
1730.0
1706.0
1710.0
1738.0
1766.0
1662.0
1574.0
1496.0
1398.0
1502.0
1430.0
1160.0
1022.0
1102.0
1296.0
1260.0
1380.0
1266.0
1274.0
1222.0
1158.0
1248.0
1248.0
1248.0
1298.0
1290.0
1300.0
1406.0
1396.0
1390.0
1386.0
1370.0
1302.0
1332.0
1320.0
1300.0
1298.0
1330.0
1340.0
1396.0
1400.0
1390.0
1378.0
1300.0
1275.0
1345.0
1330.0
1325.0
1315.0
1390.0
1360.0
1355.0
1385.0
1370.0
1380.0
1395.0
1430.0
1410.0
1465.0
1420.0
1430.0
1425.0
1440.0
1420.0
1420.0
1985.0
2140.0
2990.0
3435.0
2820.0
2515.0
2565.0
2500.0
2970.0
2955.0
2840.0
2930.0
2890.0
2845.0
2720.0
2680.0
2695.0
2550.0
2575.0
2505.0
2625.0
2585.0
2585.0
2605.0
2860.0
2840.0
2600.0
2605.0
2615.0
2625.0
2610.0
2595.0
2590.0
2590.0
2595.0
2570.0
2625.0
2655.0
2625.0
2700.0
2650.0
2625.0
2640.0
2640.0
2580.0
2605.0
2590.0
2590.0
2700.0
2670.0
2675.0
2680.0
2775.0
2695.0
2605.0
2610.0
2595.0
2615.0
2600.0
2580.0
2595.0
2565.0
2575.0
2580.0
2520.0
2525.0
2460.0
2480.0
2430.0
2450.0
2480.0
2465.0
2500.0
2510.0
2500.0
2500.0
2540.0
2555.0
2545.0
2565.0
2575.0
2455.0
2500.0
2425.0
2410.0
2405.0
2550.0
2505.0
2515.0
2505.0
2500.0
2480.0
2535.0
2575.0
2600.0
2650.0
2620.0
2615.0
2600.0
2605.0
2605.0
2505.0
2480.0
2495.0
2500.0
2490.0
2575.0
2550.0
2510.0
2500.0
2510.0
2515.0
2535.0
2530.0
2510.0
2500.0
2470.0
2450.0
2465.0
2510.0
2490.0
2465.0
2495.0
2530.0
2550.0
2555.0
2545.0
2535.0
2515.0
2550.0
2505.0
2500.0
2510.0
2500.0
2515.0
2520.0
2520.0
2525.0
2510.0
2525.0
2515.0
2510.0
2515.0
2515.0
2515.0
2530.0
2575.0
2640.0
2665.0
2720.0
2740.0
2800.0
2895.0
2870.0
2940.0
2830.0
2850.0
2940.0
3200.0
3100.0
3060.0
3025.0
3075.0
3070.0
3200.0
3175.0
3165.0
3200.0
3200.0
3285.0
3260.0
3225.0
3220.0
3285.0
3230.0
3250.0
3280.0
3200.0
3195.0
3180.0
3180.0
3165.0
3200.0
3200.0
3310.0
3330.0
3300.0
3355.0
3355.0
3340.0
3250.0
3310.0
3390.0
3350.0
3290.0
3285.0
3315.0
3320.0
3290.0
3300.0
3255.0
3260.0
3240.0
3215.0
3230.0
3205.0
3225.0
3230.0
3690.0
3790.0
3750.0
3680.0
3655.0
3700.0
3675.0
3600.0
3570.0
3670.0
3635.0
3630.0
3560.0
3635.0
3635.0
3620.0
3645.0
3665.0
3640.0
3615.0
3760.0
3730.0
3710.0
3765.0
3700.0
3695.0
3685.0
3680.0
3700.0
3680.0
3680.0
3685.0
3685.0
3590.0
3585.0
3650.0
3600.0
3630.0
3635.0
3600.0
3645.0
3650.0
3735.0
3700.0
3750.0
3740.0
4035.0
4155.0
4135.0
4150.0
4140.0
4055.0
4035.0
4065.0
4080.0
4150.0
4145.0
4165.0
4045.0
4095.0
4055.0
4045.0
4035.0
4045.0
4100.0
4160.0
4140.0
4045.0
4095.0
4055.0
4065.0
4065.0
4070.0
4070.0
4000.0
4000.0
3950.0
4020.0
4040.0
4030.0
4085.0
4060.0
4045.0
4050.0
4055.0
4055.0
4075.0
4090.0
4130.0
4105.0
4195.0
4195.0
4200.0
4480.0
4400.0
4445.0
4360.0
4390.0
4255.0
4320.0
4290.0
4285.0
4300.0
4300.0
4340.0
4400.0
4270.0
4190.0
4245.0
4210.0
4220.0
4295.0
4200.0
4235.0
4260.0
4220.0
4225.0
4230.0
4245.0
4205.0
4230.0
4185.0
4155.0
4240.0
4245.0
4260.0
4255.0
4240.0
4240.0
4230.0
4215.0
4255.0
4225.0
4240.0
4230.0
4265.0
4245.0
4230.0
4250.0
4240.0
4250.0
4240.0
4220.0
4265.0
4240.0
4225.0
4220.0
4215.0
4190.0
4140.0
4110.0
4150.0
4130.0
4140.0
4100.0
4125.0
4185.0
4160.0
4160.0
4220.0
4195.0
4195.0
4130.0
4005.0
3985.0
3895.0
3990.0
4060.0
4030.0
3810.0
3840.0
3870.0
3920.0
3960.0
3855.0
3910.0
3905.0
3925.0
3950.0
3910.0
3740.0
3790.0
3835.0
3965.0
3965.0
3850.0
3905.0
3870.0
3915.0
3930.0
3935.0
4200.0
4025.0
4010.0
4150.0
4170.0
4145.0
4105.0
4040.0
4360.0
4600.0
4625.0
4570.0
4595.0
4300.0
4410.0
4430.0
4565.0
4295.0
4150.0
4415.0
4345.0
4380.0
4330.0
4325.0
4400.0
4300.0
4280.0
4360.0
4400.0
4425.0
4450.0
4440.0
4360.0
4400.0
4325.0
4305.0
4220.0
3810.0
4000.0
2450.0
3090.0
2845.0
2780.0
2935.0
3105.0
3110.0
3200.0
3185.0
3105.0
3080.0
2930.0
2990.0
2945.0
3005.0
3015.0
3000.0
2985.0
2990.0
3005.0
2955.0
3000.0
2960.0
2975.0
2970.0
3025.0
3000.0
2990.0
2950.0
2950.0
2935.0
2900.0
2880.0
2915.0
2950.0
2920.0
2950.0
2965.0
2975.0
2915.0
2950.0
2955.0
3040.0
2965.0
3030.0
3330.0
3295.0
3190.0
3240.0
3155.0
3205.0
3200.0
3200.0
3150.0
3130.0
3125.0
3110.0
3200.0
3170.0
3135.0
3095.0
3145.0
3100.0
3045.0
2970.0
2930.0
