close
2.625
2.625
2.625
2.7
2.9
2.8
2.7
2.63
3.2
3.5
3.65
3.65
5.037
5.0
5.0
4.037
4.77
4.999
5.0
6.0
6.8
6.0245
6.79
6.65
5.91
5.91
6.5
6.1285
5.999
5.984
5.0
5.4
6.182
6.185
4.81
4.968
4.7495
3.246
6.15
5.9985
5.7
6.7165
6.7165
6.7165
6.7165
7.01
6.76
7.7
7.7
6.9005
6.95
7.001
7.489
7.6965
7.598
8.0
8.0
7.8205
10.05
9.497
9.55
10.3
10.6315
10.6315
11.6945
9.8755
9.62
10.2
10.0
10.0045
10.0
9.5555
9.0
10.99
8.601
8.8755
8.369
8.3505
9.0995
8.5
8.3
8.5
8.244
7.8
7.75
7.3005
7.392
7.5
7.0085
7.1765
7.1745
7.1
7.196
7.245
7.39
8.0
8.5615
7.5
6.6745
7.975
8.001
8.2
7.8485
9.0
8.8495
9.189
9.0
9.17
8.7005
8.648
8.4005
8.3995
8.869
8.98
7.9
8.8845
8.5
8.4
8.299
8.1
8.08
8.637
8.0
8.05
7.9
8.47
8.133
8.1295
8.02
8.187
8.0
8.0995
8.1295
7.9735
7.69
7.7
7.79
7.8525
7.85
8.1
7.9295
7.8
7.888
7.55
7.6965
7.5715
7.799
7.505
7.592
7.333
7.333
7.333
7.3995
7.475
7.33
6.96
7.27
7.0
6.9005
6.9025
6.9995
6.85
6.9
6.8215
6.0
6.1405
6.277
6.15
6.25
6.2995
6.27
6.24
6.0
5.99
5.8985
5.85
5.6325
6.001
6.001
5.9995
6.076
6.0975
5.7
5.57
5.5675
5.2205
5.15
5.11
5.37
5.37
5.1255
5.2015
5.2105
5.2105
5.24
5.1845
5.5435
5.7
5.8
5.6
6.1
6.005
6.36
6.126
6.22
6.267
6.1255
6.1255
6.087
6.547
6.53
6.7395
6.4305
6.6495
6.6685
6.623
6.5695
6.5
6.511
6.5565
6.43
6.35
6.4035
6.24
6.4
6.4
6.57
6.755
6.397
6.378
6.4995
6.0
6.099
6.099
6.095
6.12
5.8
5.6
6.031
5.9995
5.85
5.7655
5.7
5.656
5.56
5.3005
5.4
5.36
5.3735
5.366
5.3215
5.352
5.4
5.498
5.399
5.2555
5.57
6.1
5.674
6.29
6.1005
6.09
6.1965
6.196
6.28
6.5085
6.85
6.8
7.0
6.8655
6.8525
6.9
7.08
6.931
7.297
6.621
6.4195
6.3675
6.24
6.469
6.3795
6.238
6.2655
6.255
6.3575
6.1705
6.448
6.5385
6.477
6.3
6.239
6.171
6.1705
6.245
7.31
7.877
7.5055
7.7295
8.198
8.15
8.0525
8.199
8.5
8.799
9.399
9.053
9.199
8.9995
8.5805
8.711
9.14
8.896
8.94
9.1
9.2995
9.2395
9.0995
9.0265
9.177
9.2895
9.98
8.99
8.889
9.993
9.9875
9.684
9.6995
9.5
9.3035
9.304
9.6995
8.6995
8.3
8.383
8.392
8.124
8.4
8.22
8.41
9.18
8.7
8.501
8.6
8.74
8.313
9.0
8.7275
9.078
8.7985
8.5495
8.45
8.7
8.68
8.7355
8.52
8.7145
8.519
8.103
8.5905
8.38
8.304
7.8
6.993
8.8885
10.7
10.5
10.49
9.7625
9.6
9.8575
9.49
9.3005
9.669
9.699
9.6905
9.3
8.69
8.7255
8.5695
8.7
8.5515
8.68
8.65
8.0
10.0
9.95
9.125
8.11
8.714
8.7
9.5
10.25
11.259
11.2115
11.69
11.39
10.528
10.4945
9.8215
9.9995
10.001
10.2025
10.2975
10.099
9.7795
9.52
9.7095
10.1485
10.0
9.7995
9.7
9.625
9.7
9.58
9.6355
9.5
9.4695
9.35
9.3
9.251
9.25
9.3955
9.39
8.992
8.85
8.8875
8.7845
8.8395
8.8
8.6
8.5495
8.44
8.55
8.55
8.5495
8.5
8.3995
9.9215
9.9495
9.45
8.8495
9.0
8.7
8.7
8.7
8.7495
8.604
8.55
8.5495
8.3
8.2
8.44
8.3
8.1
8.301
8.376
8.436
8.524
8.43
8.3995
8.121
8.428
8.87
8.88
9.07
9.1
9.07
8.9
8.7
8.333
8.584
8.351
8.37
8.45
8.321
8.3405
8.3775
8.333
8.3
8.5295
8.4
8.2
8.3395
8.474
8.3
8.3925
8.31
8.26
8.5
8.25
8.2505
8.4115
8.12
8.1995
8.358
8.1405
8.1855
8.105
8.24
8.15
8.2
8.13
8.165
8.218
8.21
8.21
8.193
8.18
8.128
8.1645
8.159
8.159
8.1235
8.124
8.1505
8.15
8.169
8.09
8.12
8.119
8.1
8.133
8.0755
8.0805
8.11
8.299
8.8
8.34
8.095
8.054
7.9405
8.0425
8.1235
8.3
8.3
8.3
8.1
8.0605
8.0125
8.1225
8.0675
7.9995
7.919
7.9205
7.95
7.9795
7.9105
7.9985
8.1745
8.55
8.2995
8.3
8.15
8.131
8.1305
8.17
8.1545
8.149
8.101
8.158
8.101
8.05
8.045
8.0515
8.201
8.1695
8.14
8.28
8.1985
8.1975
8.153
8.27
8.198
8.1005
8.15
8.14
8.1045
8.091
8.244
8.085
8.1
8.07
8.05
8.05
8.1195
8.0495
8.0995
8.053
8.053
8.001
8.0995
8.017
8.0705
8.0835
8.0225
8.0995
8.094
8.0025
8.0385
8.0175
8.019
8.005
8.0005
7.9995
7.869
7.863
7.9115
7.9895
7.925
7.8935
7.9705
7.9
7.9005
7.938
7.901
7.936
7.9365
7.9365
7.888
7.98
7.91
7.9885
7.9005
7.978
7.9105
7.949
7.85
7.85
7.93
7.91
7.91
7.92
8.29
8.06
8.019
8.0005
7.961
8.094
8.089
7.9495
7.9225
8.162
8.1745
8.064
8.0
8.099
8.089
8.0
7.95
7.938
8.0735
8.09
8.0055
8.0925
7.9775
7.967
8.0
8.0445
8.001
7.99
7.959
7.95
8.0495
8.11
8.0005
8.001
7.951
8.04
8.0
7.938
7.9195
7.8565
7.8025
7.816
7.909
7.8115
7.9
7.8995
7.9435
7.8
7.81
7.9195
7.82
7.7515
7.8395
7.879
7.712
7.78
7.7
7.7495
7.678
7.678
7.6785
7.7445
7.6245
7.3995
7.2995
7.3
7.309
7.3
7.298
7.2995
7.4
7.63
7.55
7.6005
7.5945
7.66
7.35
7.33
7.4585
7.32
7.37
7.433
7.312
7.26
7.2
7.2025
7.2975
7.201
7.178
7.259
7.1655
7.258
7.245
7.0
7.12
6.94
7.25
7.15
7.04
6.97
6.96
6.9
6.89
6.97
6.98
7.04
7.04
7.0
6.99
6.92
6.95
6.8
7.05
7.0
6.97
6.92
6.98
6.91
6.94
7.02
6.91
6.89
6.86
6.86
6.86
6.81
6.78
6.71
6.8
6.67
6.65
6.8
7.0
6.89
6.81
6.9
6.9
6.79
6.77
6.75
6.8
6.76
6.82
6.8
6.73
6.67
6.94
6.92
6.9
6.9
6.91
6.86
6.95
6.98
6.8
6.74
6.79
6.77
6.77
6.72
6.71
6.85
6.74
6.76
6.72
6.9
6.79
6.71
6.74
6.7
6.41
6.55
6.46
6.48
6.52
6.51
6.45
6.34
6.41
6.3
6.31
6.35
6.43
6.37
6.37
6.4
6.49
6.38
6.35
6.39
6.31
6.27
6.22
6.24
6.2
6.19
6.19
6.31
6.11
6.08
6.11
6.24
6.12
6.15
6.12
6.1
6.0
5.98
5.96
5.9
5.97
6.05
5.98
6.05
5.99
5.98
6.0
5.98
6.03
6.04
6.09
6.0
6.0
6.4
6.26
6.18
6.21
6.14
6.12
6.19
6.15
6.13
6.16
5.94
6.15
6.0
5.98
6.25
6.09
6.0
6.05
6.0
6.2
6.0
6.01
6.0
6.07
6.08
6.17
6.02
6.19
6.06
6.05
6.11
6.13
6.2
6.15
6.15
6.15
6.12
6.09
6.09
6.16
6.25
6.1
6.04
6.1
6.1
6.0
6.0
5.93
5.9
5.95
5.97
6.0
5.98
5.94
5.94
5.94
6.09
6.12
6.08
6.09
6.09
6.1
6.1
6.04
6.02
6.19
6.07
6.04
6.1
6.03
6.0
6.01
5.92
6.01
5.91
5.87
6.0
5.91
5.9
5.85
5.85
6.0
5.8
5.9
5.92
5.92
5.88
5.92
5.86
5.63
5.9
5.81
5.71
5.7
5.5
5.35
5.38
5.4
5.29
5.12
5.29
5.5
5.69
5.39
5.5
5.4
5.36
5.36
5.59
5.45
5.75
5.7
5.77
5.68
5.68
5.54
5.6
5.6
5.51
5.36
5.36
5.36
5.3
5.33
6.98
6.71
6.59
6.46
6.79
6.72
6.65
6.71
6.72
6.52
6.24
6.3
6.38
6.31
6.49
6.31
6.4
6.31
6.31
6.36
6.3
6.39
6.4
6.4
6.6
6.48
6.49
6.49
6.59
6.79
6.49
6.5
6.5
6.45
6.45
6.7
6.7
6.58
6.69
6.54
6.5
6.52
6.5
6.5
6.35
6.41
6.57
6.5
6.45
6.36
6.47
6.35
6.34
6.5
6.49
6.6
6.55
6.5
6.48
6.49
6.5
6.6
6.51
6.55
6.46
6.35
6.4
6.36
6.4
6.48
6.47
6.66
6.42
6.59
6.51
6.58
6.6
6.6
6.8
7.0
7.03
7.02
6.87
6.87
6.9
7.18
7.1
7.06
7.07
7.13
7.25
7.07
7.21
7.06
7.16
7.08
7.1
7.08
7.07
7.12
7.26
7.25
7.2
7.03
7.09
7.58
8.19
8.11
8.22
8.22
8.12
7.93
8.0
8.16
8.25
8.49
8.0
8.07
7.85
7.82
7.99
8.2
7.95
8.35
8.01
8.1
8.17
8.17
8.23
8.19
8.35
8.04
8.45
8.2
8.37
8.36
8.35
8.37
8.3
8.3
8.37
8.36
8.45
8.3
8.35
8.42
8.32
8.16
8.16
8.0
7.97
7.93
7.94
7.8
7.75
7.8
7.8
7.8
7.77
7.53
7.18
7.3
7.29
7.3
7.3
7.31
7.4
7.3
7.28
7.4
7.4
7.21
7.23
7.21
7.32
7.24
7.24
7.24
7.17
7.2
7.19
7.23
7.23
7.22
7.2
7.19
7.29
7.28
7.3
7.22
7.2
7.24
7.48
7.2
7.08
7.39
7.3
7.24
7.35
7.3
7.3
7.18
7.35
7.18
7.22
7.27
7.26
7.31
7.59
7.58
7.59
7.59
7.6
7.77
7.55
7.6
7.5
7.61
7.65
7.64
7.53
7.43
7.6
7.55
7.4
7.38
7.6
7.65
7.84
7.78
7.77
7.45
7.69
7.59
7.51
7.77
7.78
7.8
7.75
7.8
7.88
7.86
7.96
8.24
8.1
8.04
8.1
8.08
8.05
8.02
8.0
9.35
9.2
9.24
9.12
9.15
9.09
9.19
8.93
9.1
9.35
9.46
9.4
9.4
9.35
9.3
9.46
9.33
9.47
9.65
9.8
9.46
9.5
9.22
9.23
9.58
9.59
9.56
9.69
9.62
9.57
9.28
9.46
9.2
9.41
9.68
9.55
9.52
9.53
9.42
9.62
9.69
9.65
9.37
9.13
9.38
9.38
9.26
9.11
9.67
9.48
9.44
9.4
9.43
9.43
9.28
9.5
9.4
9.5
9.38
9.87
9.97
9.97
10.15
10.2
10.18
10.0
10.09
10.04
10.07
10.14
10.35
10.35
10.2
10.3
10.39
10.38
10.35
10.33
10.42
10.48
10.52
10.7
10.94
10.9
10.75
11.6
11.75
11.79
11.54
11.55
11.6
11.48
9.82
9.6
9.54
9.39
9.37
9.48
9.02
8.97
8.74
9.25
9.28
9.03
9.12
9.14
9.01
9.11
9.05
9.08
9.19
9.07
9.16
9.03
9.2
9.38
8.46
8.4
8.88
8.99
8.93
8.83
8.7
8.95
9.57
9.4
9.39
9.38
9.34
9.36
9.4
9.47
9.45
9.47
9.11
9.26
9.34
9.32
9.3
9.26
9.15
9.39
9.29
9.14
8.91
9.12
9.25
9.03
9.14
9.02
9.0
8.83
9.05
9.12
9.04
9.02
9.02
9.18
9.03
9.1
9.12
9.06
9.07
9.0
8.84
8.93
8.87
8.78
8.88
8.97
8.94
8.88
8.8
8.69
8.9
8.71
9.43
8.9
9.05
9.09
9.25
9.2
9.13
9.06
8.8
8.92
8.94
8.95
8.9
8.96
8.9
8.82
8.85
8.87
8.91
9.04
9.05
9.0
9.0
9.6
9.76
9.45
9.57
9.59
9.46
9.5
9.52
9.57
10.03
10.01
9.89
9.81
9.8
9.81
9.92
9.98
9.88
9.62
9.53
9.87
9.65
9.8
10.11
10.0
10.0
9.8
10.36
10.2
10.9
10.76
10.64
10.46
10.3
10.26
10.08
9.88
10.19
10.32
10.32
10.26
10.36
10.57
10.64
10.6
10.55
10.74
10.76
10.7
10.68
10.77
10.79
10.98
10.75
10.67
11.41
11.13
11.18
11.49
11.88
12.0
11.75
11.6
11.62
11.61
12.28
12.3
11.99
11.2
10.55
11.29
11.16
10.81
11.65
11.65
11.87
11.51
11.4
11.39
11.35
11.2
11.48
11.17
11.39
11.5
11.26
11.27
11.3
11.27
11.25
11.81
11.85
11.8
12.4
12.2
12.2
12.39
12.2
12.3
12.47
12.0
12.0
12.0
12.0
11.89
11.88
11.88
12.0
12.0
11.91
11.88
11.86
11.7
11.89
11.69
11.65
11.1
11.23
11.2
11.06
11.2
11.1
11.13
10.43
10.38
10.6
10.75
10.75
10.91
10.69
10.51
10.5
10.78
10.73
10.6
10.93
10.87
10.15
9.8
9.82
9.8
9.94
9.79
9.91
9.9
9.77
9.81
9.85
9.8
9.66
9.23
9.2
9.09
9.18
8.91
8.91
9.1
9.08
8.95
9.0
9.05
9.16
9.18
9.28
9.03
9.33
9.3
9.25
8.9
9.35
9.11
9.15
9.05
9.05
9.11
9.22
9.21
8.97
9.34
9.29
9.04
9.32
9.55
9.8
9.5
9.8
5.8
5.76
5.66
5.78
5.98
5.92
5.8
5.88
5.8
5.72
5.74
5.7
5.8
5.74
5.62
5.7
5.64
5.76
5.8
5.56
5.58
5.6
5.58
5.58
5.62
5.62
5.56
5.52
5.52
5.46
5.48
5.54
5.44
5.48
5.6
5.5
5.58
5.48
5.44
5.46
5.5
5.5
5.5
5.5
5.5
5.52
5.5
5.52
5.34
5.2
5.3
5.3
5.2
5.32
5.3
5.22
5.24
5.3
5.28
5.3
5.3
5.36
5.78
5.52
5.64
5.76
5.66
5.66
5.68
5.66
5.64
5.66
5.52
5.84
5.7
5.8
5.92
6.12
5.98
6.04
6.04
6.06
6.06
6.28
6.16
6.16
6.1
6.0
6.0
6.12
6.1
6.1
6.06
6.02
5.98
5.9
5.98
6.0
6.1
6.0
5.96
5.98
5.98
5.8
5.84
5.8
5.88
5.98
5.98
6.02
5.98
5.86
5.92
5.96
5.8
5.9
5.82
5.82
5.82
5.82
5.86
5.86
5.9
5.88
5.98
5.92
5.98
5.9
5.9
5.92
5.92
5.92
6.1
5.98
6.02
5.98
5.96
5.9
5.86
5.9
5.84
5.84
5.94
5.9
5.82
5.84
5.92
5.88
5.86
5.86
5.9
5.92
6.22
5.9
5.84
5.86
5.86
5.88
5.84
5.9
5.88
5.9
5.92
5.88
5.84
5.84
5.84
5.86
5.84
5.84
5.82
5.82
5.84
5.82
5.82
5.82
5.82
5.82
5.82
5.82
5.8
5.84
6.12
6.06
6.08
6.02
5.86
5.92
6.0
5.9
6.0
5.9
5.96
6.1
6.08
5.98
6.0
6.02
5.92
5.94
5.94
5.92
6.04
5.96
5.94
5.94
5.94
5.86
5.96
5.96
5.94
5.94
5.96
5.96
5.94
5.94
5.9
5.98
5.9
5.96
6.12
5.98
5.98
5.94
5.92
5.9
6.0
5.9
5.92
5.98
5.94
6.0
6.06
5.96
6.0
6.02
6.0
5.92
5.94
5.92
6.0
5.94
6.0
5.92
5.92
5.92
5.94
5.92
5.92
5.96
5.94
5.92
5.98
5.92
5.92
5.9
6.0
6.0
5.98
6.0
5.96
6.1
5.96
6.02
5.96
5.96
5.86
5.94
5.96
5.94
5.86
5.84
5.82
5.88
5.84
5.94
5.88
5.86
5.84
5.74
5.8
5.82
5.8
5.76
5.78
5.78
5.78
5.84
5.8
5.8
5.8
5.8
5.8
5.8
5.78
5.76
5.82
5.78
5.78
5.76
5.82
5.82
5.78
5.76
5.76
5.76
5.78
5.76
5.76
5.7
5.76
5.7
5.68
5.72
5.68
5.68
5.7
5.7
5.78
5.72
5.7
5.78
5.8
5.92
5.82
5.82
5.82
5.8
5.8
5.8
5.88
5.84
5.88
5.86
5.86
5.84
5.88
5.84
5.86
5.84
5.84
5.82
5.84
5.82
5.82
5.88
5.88
5.84
5.9
5.9
5.86
5.86
5.9
5.84
5.86
5.9
5.9
5.92
5.9
5.9
6.0
5.86
5.82
5.82
5.86
5.86
5.88
5.92
5.98
5.9
5.98
5.92
5.9
5.9
5.98
5.96
5.98
5.98
5.96
5.92
5.92
5.9
5.84
5.88
5.84
5.8
5.8
5.8
5.84
5.82
5.8
5.76
5.84
5.78
5.9
5.82
5.84
5.84
5.8
5.74
5.76
5.74
5.74
5.76
5.74
5.74
5.76
5.72
5.76
5.74
5.8
5.82
5.82
5.84
5.82
5.84
5.82
5.78
5.76
5.8
5.8
5.72
5.72
5.8
5.82
6.1
6.1
6.04
6.06
6.02
6.0
6.18
6.34
6.44
6.6
7.12
7.0
6.94
7.0
7.04
7.0
6.84
7.06
7.16
7.18
6.92
7.04
6.94
6.96
6.96
6.92
6.98
7.06
7.1
6.98
7.0
6.92
7.0
6.9
6.88
6.96
6.88
6.96
7.02
6.94
7.02
6.96
6.9
6.84
6.92
6.92
7.0
7.2
7.08
7.0
7.08
7.08
7.06
7.0
7.02
7.06
7.14
7.02
7.0
7.02
7.0
6.96
7.02
7.02
7.0
7.04
7.0
7.0
7.0
6.98
6.98
7.0
6.96
7.06
7.06
7.08
7.0
7.04
6.98
6.98
6.98
7.0
6.96
7.04
7.04
7.0
6.76
6.74
6.74
6.64
6.6
6.48
6.62
6.6
6.58
6.62
6.48
6.48
6.48
6.42
6.4
6.36
6.4
6.6
6.54
6.52
6.44
6.44
6.36
6.36
6.46
6.54
6.48
6.5
6.4
6.4
6.4
6.4
6.4
6.4
6.0
5.98
5.98
5.9
6.14
6.12
6.1
6.1
6.06
6.06
6.0
6.02
6.04
6.04
6.0
6.0
6.04
6.0
6.0
6.1
6.12
6.08
6.14
6.5
6.4
6.26
6.24
6.22
6.24
6.24
6.26
6.22
6.24
6.26
6.24
6.24
6.16
6.16
6.12
6.18
6.12
6.14
6.12
6.18
6.18
6.2
6.18
6.2
6.14
6.3
6.28
6.28
6.22
6.2
6.22
6.2
6.26
6.26
6.24
6.26
6.2
6.2
6.2
6.22
6.2
6.2
6.22
6.4
6.28
6.22
6.2
6.18
6.18
6.18
6.18
6.3
6.28
6.28
6.36
6.22
6.26
6.34
6.4
6.3
6.22
6.26
6.3
6.28
6.26
6.24
6.24
6.22
6.24
6.18
6.2
6.2
6.2
6.2
6.22
6.16
6.1
6.18
6.26
6.28
6.32
6.26
6.22
6.18
6.26
6.14
6.22
6.22
6.3
6.24
6.24
6.3
6.2
6.2
6.3
6.22
6.3
6.16
6.2
6.16
6.18
6.12
6.12
6.14
6.1
6.14
6.06
6.16
6.12
6.18
6.12
6.22
6.14
6.12
6.34
6.56
6.46
6.54
6.5
6.56
6.5
6.52
6.66
6.68
6.54
6.5
6.44
6.4
6.48
6.48
6.4
6.48
6.38
6.28
6.16
6.24
6.28
6.3
6.18
6.2
6.24
6.14
6.24
6.1
6.18
6.14
6.14
6.14
6.14
6.42
6.16
6.18
6.18
6.16
6.14
6.16
6.14
6.1
6.18
6.2
6.22
6.24
6.2
6.16
6.22
6.26
6.24
6.18
6.16
6.16
6.16
6.14
6.14
6.18
6.24
6.2
6.14
6.26
6.18
6.24
6.18
6.16
6.18
6.18
6.16
6.16
6.12
6.12
6.16
6.16
6.16
6.14
6.12
6.14
6.16
6.18
6.16
6.16
6.18
6.16
6.16
6.16
6.14
6.18
6.14
6.12
6.14
6.14
6.12
6.14
6.14
6.14
6.16
6.14
6.12
6.12
6.18
6.16
6.12
6.16
6.14
6.14
6.14
6.14
6.12
6.12
6.14
6.14
6.14
6.16
6.12
6.12
6.12
6.12
6.12
6.12
6.14
6.14
6.14
6.12
6.1
6.1
6.14
6.14
6.16
6.14
6.14
6.16
6.16
6.18
6.16
6.16
6.18
6.14
6.14
6.18
6.12
6.1
6.16
6.16
6.1
6.18
6.12
6.1
6.12
6.1
6.1
6.12
6.12
6.16
6.16
6.16
6.14
6.14
6.12
6.12
6.1
6.1
6.1
6.1
6.1
6.12
6.1
6.12
6.16
6.1
6.14
6.1
6.12
6.14
6.08
6.1
6.1
6.1
6.08
6.08
6.08
6.1
6.1
6.06
6.06
6.08
6.06
6.06
6.08
6.08
6.04
6.08
6.08
6.06
6.06
6.06
6.04
6.04
6.04
6.02
6.06
6.08
6.08
6.04
6.04
6.02
6.04
6.06
6.06
6.06
6.0
6.04
6.0
5.98
6.0
5.96
5.88
5.94
5.9
5.9
5.94
5.94
5.94
5.94
6.02
5.98
5.94
5.94
5.96
5.96
5.94
5.86
5.86
5.86
5.92
5.94
5.98
5.92
5.94
5.94
5.94
5.98
5.98
5.94
5.94
5.94
5.98
5.92
5.96
5.92
5.92
5.9
5.96
5.9
5.9
5.9
5.9
5.86
5.86
5.86
5.92
5.86
5.92
5.84
5.9
5.84
5.8
5.82
5.8
5.82
5.82
5.86
5.8
5.86
5.86
5.84
5.94
5.84
5.9
5.94
5.9
5.92
5.92
5.9
5.86
5.88
5.92
5.88
5.92
5.88
5.86
5.94
5.94
6.02
5.9
5.88
5.9
5.82
5.8
5.8
5.82
5.9
5.84
6.0
5.98
5.9
5.96
5.96
5.94
5.92
6.1
6.08
6.1
6.1
6.04
6.04
6.1
6.1
6.08
6.12
6.12
6.12
6.12
6.08
6.04
6.08
6.08
6.1
6.08
6.1
6.08
6.06
6.04
6.04
6.08
6.06
6.02
5.94
5.96
5.96
6.0
6.0
5.94
6.0
6.0
5.94
6.0
5.94
5.98
5.96
5.98
5.98
5.92
5.96
5.98
6.0
5.96
6.04
5.98
6.04
5.98
5.94
5.96
6.0
6.0
5.96
5.98
5.98
6.04
6.0
5.98
5.98
5.98
6.0
6.02
5.98
6.0
5.98
6.0
6.0
6.02
6.02
6.04
6.02
5.96
5.94
6.02
5.98
5.98
6.0
5.98
5.98
5.98
5.96
5.96
5.96
5.98
5.96
5.96
6.0
5.96
5.96
6.0
5.96
5.98
5.98
5.96
5.94
5.96
5.96
5.96
5.94
5.94
5.94
5.94
6.0
5.92
5.92
5.96
5.98
5.94
5.92
5.98
5.98
5.96
5.94
5.94
5.94
5.9
5.92
5.92
5.92
5.92
5.96
5.9
5.9
5.96
5.96
5.92
5.92
5.92
5.94
5.94
5.98
5.98
5.98
5.98
5.94
5.96
5.96
5.92
5.9
5.9
5.92
5.92
5.94
5.94
5.92
6.0
5.96
5.94
5.92
5.98
5.98
5.94
5.92
5.92
5.92
5.92
5.98
5.9
5.9
5.94
5.94
5.94
5.94
5.94
5.9
5.96
5.9
5.94
5.92
5.94
5.9
5.94
5.9
5.9
5.9
5.92
5.88
5.9
5.88
5.9
5.9
5.88
5.88
5.82
5.88
5.84
5.9
5.88
5.84
5.84
5.88
5.84
5.86
5.84
5.8
5.8
5.8
5.86
5.84
5.84
5.82
5.78
5.76
5.76
5.8
5.8
5.78
5.78
5.78
5.82
5.88
5.82
5.84
5.8
5.78
5.8
5.78
5.78
5.78
5.78
5.78
5.78
5.8
5.76
5.78
5.78
5.78
5.76
5.76
5.72
5.74
5.72
5.72
5.7
5.66
5.72
5.68
5.7
5.68
5.7
5.7
5.72
5.66
5.72
5.66
5.72
5.66
5.66
5.7
5.66
5.72
5.66
5.66
5.68
5.68
5.68
5.66
5.7
5.7
5.64
5.64
5.6
5.62
5.58
5.58
5.6
5.6
5.6
5.6
5.6
5.6
5.54
5.6
5.72
5.62
5.72
5.7
5.58
5.56
5.6
5.6
5.6
5.62
5.62
5.56
5.64
5.64
5.64
5.62
5.66
5.62
5.68
5.62
5.68
5.68
5.7
5.66
5.66
5.72
5.66
5.64
5.7
5.74
5.74
5.74
5.74
5.74
5.7
5.68
5.7
5.7
5.68
5.78
5.74
5.72
5.72
5.68
5.68
5.72
5.74
5.72
5.78
5.76
5.72
5.68
5.68
5.68
5.68
5.62
5.62
5.68
5.62
5.66
5.66
5.7
5.66
5.7
5.58
5.58
5.6
5.56
5.6
5.6
5.6
5.64
5.66
5.56
5.52
5.56
5.56
5.52
5.56
5.56
5.52
5.5
5.48
5.52
5.5
5.54
5.54
5.5
5.46
5.38
5.44
5.44
5.42
5.44
5.44
5.38
5.44
5.4
5.44
5.38
5.44
5.38
5.38
5.38
5.38
5.38
5.34
5.32
5.32
5.38
5.38
5.38
5.36
5.36
5.34
5.3
5.34
5.32
5.32
5.34
5.3
5.26
5.28
5.32
5.32
5.3
5.3
5.3
5.28
5.3
5.3
5.24
5.18
5.18
5.08
5.04
5.7
6.46
6.8
6.6
6.58
5.84
5.82
6.38
6.14
6.22
6.26
6.28
6.14
6.14
6.28
6.08
6.02
6.04
6.02
5.84
5.82
5.94
5.94
5.82
5.98
5.8
5.76
5.74
5.68
5.68
5.68
5.74
5.6
5.7
5.76
5.7
5.72
5.7
5.74
5.68
5.64
5.72
6.08
6.0
6.16
6.02
5.96
5.94
5.98
5.9
5.9
5.82
5.84
5.82
5.96
5.9
5.88
5.78
5.78
5.72
5.8
5.8
5.72
5.86
5.86
5.84
5.76
5.82
5.82
5.82
5.76
5.82
5.72
5.76
5.92
5.8
5.8
5.8
5.76
5.76
5.74
5.72
5.72
5.7
5.68
5.66
5.68
5.68
5.68
5.66
5.7
5.72
5.72
5.66
5.7
5.72
5.86
5.76
5.72
5.76
5.76
5.72
5.7
5.72
5.68
5.66
5.68
5.66
5.6
5.66
5.64
5.66
5.62
5.74
5.72
5.68
5.66
5.66
5.64
5.68
5.66
5.64
5.68
5.68
5.56
5.62
5.62
5.62
5.64
5.58
5.68
5.68
5.62
5.68
5.64
5.64
5.68
5.62
5.62
5.62
5.66
5.68
5.68
5.66
5.68
5.68
5.64
5.68
5.64
5.64
5.64
5.64
5.58
5.58
5.58
5.62
5.62
5.56
5.58
5.64
5.6
5.62
5.6
5.54
5.58
5.64
5.64
5.62
5.62
5.6
5.58
5.58
5.6
5.6
5.6
5.54
5.56
5.56
5.6
5.56
5.6
5.6
5.6
5.6
5.64
5.72
5.7
5.62
5.66
5.62
5.7
5.72
5.64
5.7
5.62
5.88
5.78
5.78
5.78
5.74
5.68
5.82
5.72
5.8
5.76
5.7
5.7
5.72
5.74
5.76
5.76
5.66
5.74
5.72
5.76
5.7
5.76
5.76
5.76
5.7
5.64
5.7
5.66
5.66
5.64
5.62
5.68
5.68
5.64
5.64
5.64
5.6
5.62
5.62
5.62
5.62
5.66
5.62
5.62
5.58
5.6
5.6
5.58
5.6
5.64
5.62
5.58
5.58
5.54
5.5
5.56
5.64
5.62
5.58
5.6
5.56
5.54
5.6
5.58
5.54
5.54
5.54
5.58
5.58
5.5
5.52
5.5
5.54
5.56
5.56
5.48
5.58
5.6
5.5
5.66
5.56
5.54
5.52
5.5
5.68
5.66
5.8
5.8
5.7
5.62
5.6
5.62
5.6
5.68
5.58
5.66
5.56
5.6
5.6
5.6
5.56
5.54
5.52
5.52
5.54
5.56
5.58
5.54
5.6
5.54
5.5
5.54
5.48
5.54
5.54
5.54
5.5
5.56
5.5
5.54
5.5
5.58
5.54
5.52
5.56
5.54
5.5
5.54
5.56
5.52
5.52
5.56
5.56
5.58
5.58
5.58
5.66
5.66
5.64
5.6
5.64
5.6
5.62
5.64
5.62
5.64
5.58
5.62
5.64
5.62
5.52
5.62
5.58
5.64
5.64
5.64
5.62
5.58
5.6
5.56
5.56
5.6
5.56
5.6
5.54
5.56
5.6
5.6
5.54
5.58
5.54
5.54
5.58
5.6
5.52
5.52
5.52
5.6
5.56
5.7
5.56
5.6
5.6
5.58
5.54
5.5
5.56
5.58
5.56
5.64
5.68
5.66
5.66
5.56
5.56
5.58
5.58
5.58
5.58
5.64
5.66
5.56
5.56
5.56
5.6
5.64
5.6
5.64
5.62
5.6
5.56
5.62
5.54
5.54
5.52
5.52
5.54
5.56
5.54
5.5
5.54
5.56
5.56
5.54
5.54
5.58
5.52
5.52
5.56
5.52
5.52
5.48
5.5
5.52
5.52
5.52
5.5
5.5
5.4
5.48
5.48
5.52
5.52
5.52
5.5
5.5
5.48
5.5
5.48
5.5
5.5
5.52
5.5
5.58
5.54
5.52
5.52
5.5
5.52
5.46
5.48
5.54
5.5
5.48
5.46
5.48
5.48
5.48
5.48
5.48
5.46
5.46
5.44
5.48
5.48
5.42
5.46
5.46
5.46
5.42
5.4
5.46
5.46
5.48
5.48
5.5
5.5
5.5
5.44
5.44
5.44
5.46
5.48
5.5
5.46
5.48
5.44
5.44
5.46
5.44
5.44
5.44
5.46
5.44
5.48
5.48
5.48
5.48
5.46
5.46
5.5
5.44
5.5
5.46
5.5
5.42
5.4
5.4
5.42
5.44
5.44
5.44
5.38
5.4
5.38
5.38
5.42
5.42
5.4
5.38
5.4
5.42
5.42
5.4
5.4
5.4
5.4
5.4
5.42
5.42
5.4
5.4
5.4
5.4
5.42
5.42
5.38
5.36
5.34
5.36
5.36
5.36
5.36
5.36
5.36
5.38
5.36
5.36
5.38
5.36
5.32
5.36
5.34
5.36
5.36
5.36
5.36
5.28
5.26
5.28
5.26
5.28
5.3
5.24
5.26
5.26
5.26
5.26
5.24
5.22
5.24
5.28
5.28
5.22
5.26
5.22
5.22
5.26
5.26
5.26
5.2
5.2
5.2
5.2
5.18
5.16
5.12
5.06
5.1
5.22
5.08
5.12
5.02
5.04
5.06
5.06
5.04
5.06
5.02
5.16
5.08
5.06
5.02
5.02
5.04
5.0
5.02
5.1
5.08
5.04
5.08
5.08
5.04
5.06
5.08
5.1
5.06
5.02
5.02
5.0
5.0
4.96
5.0
5.02
4.94
4.9
5.22
5.04
5.04
5.06
5.02
5.04
5.0
5.02
5.1
5.04
5.02
4.98
4.98
5.0
5.0
5.0
4.34
4.06
4.18
3.92
3.94
3.94
3.8
3.88
3.9
3.98
3.76
3.78
3.68
3.64
3.64
3.6
3.54
3.58
3.58
