close
21.21
21.1
21.5
21.0
21.0
20.5
20.0
20.5
20.0
20.4
20.5
20.5
20.5
25.1
25.1
27.5
27.4
32.0
24.7
38.0
30.0
25.8
29.0
30.5
30.0
41.9
32.7
31.9
30.0
39.0
41.0
42.4
41.3
42.3
36.9
29.6
30.6
31.7
28.6
28.0
20.8
37.0
31.5
31.0
44.0
36.3
37.4
37.4
36.3
37.4
36.4
37.8
36.7
43.8
44.9
45.7
45.9
46.0
45.0
30.2
36.2
31.9
32.4
35.0
34.0
36.9
31.0
33.0
32.0
36.0
36.0
36.0
45.0
34.0
33.5
33.2
32.4
32.8
33.0
40.0
36.5
33.0
36.0
36.5
35.9
35.9
35.9
43.8
33.0
33.1
32.1
32.0
33.8
33.9
36.0
28.0
34.0
33.0
30.0
34.5
30.0
27.0
27.0
31.0
27.0
24.0
31.0
33.0
21.6
30.3
32.0
21.6
15.6
13.0
24.3
26.5
30.0
30.0
30.8
31.0
31.0
31.0
32.9
32.0
32.8
32.5
32.3
32.2
36.0
34.6
34.4
27.1
34.0
34.2
33.8
33.7
33.7
33.6
33.4
33.4
31.8
33.5
31.3
31.0
31.0
30.8
20.0
31.8
32.0
33.8
23.3
27.7
30.8
21.7
33.8
31.0
32.8
31.8
31.3
39.8
40.6
40.6
31.2
39.6
26.3
38.6
35.0
35.0
38.6
38.6
54.0
53.8
46.0
45.0
38.3
53.5
74.8
74.8
99.7
99.5
104.5
127.4
146.2
95.5
87.8
128.5
129.9
82.9
129.9
144.0
130.0
78.7
86.2
98.9
99.0
109.9
119.7
116.9
112.5
77.0
105.8
114.9
114.9
113.4
114.3
114.3
156.4
199.9
276.8
276.8
276.8
295.0
269.9
289.9
150.0
178.9
229.5
254.9
254.8
162.9
238.5
238.4
238.3
121.0
201.4
205.0
204.9
204.9
204.9
199.8
180.0
190.9
205.0
180.9
179.9
179.9
179.9
207.7
249.0
261.5
145.5
205.5
255.0
246.5
150.0
164.0
175.0
172.0
164.5
164.0
141.5
132.0
136.0
130.5
119.0
117.0
117.0
123.0
126.5
127.0
118.0
100.5
96.5
99.0
110.0
100.5
95.0
98.5
100.5
99.0
97.0
99.0
99.0
99.0
102.5
99.0
93.5
98.5
96.5
86.0
91.5
86.0
86.0
85.5
85.5
85.0
87.0
88.0
89.0
87.0
90.5
84.0
117.0
91.0
92.0
94.0
110.0
102.0
100.0
90.0
91.0
96.5
92.0
91.5
90.5
80.5
81.5
78.0
83.0
83.0
81.0
81.0
81.0
81.5
68.0
71.0
74.0
71.0
70.5
70.0
68.0
70.0
65.5
68.0
65.5
63.5
63.5
65.5
69.5
69.0
69.0
70.5
67.0
75.0
75.0
75.0
84.5
76.0
76.0
71.5
65.0
65.0
52.5
57.5
57.5
57.0
51.5
52.0
55.0
55.5
54.0
50.5
52.5
56.5
56.5
55.0
51.5
51.5
54.5
51.5
52.0
49.0
52.0
54.0
52.5
51.0
41.5
43.5
43.0
43.0
47.0
47.5
41.0
40.5
41.5
37.5
36.5
39.5
39.5
39.5
43.5
41.0
36.0
40.0
38.0
48.5
48.5
48.5
48.5
48.5
48.5
48.5
45.0
45.0
32.0
49.0
55.0
57.5
62.5
62.5
87.0
87.0
87.0
80.0
87.0
87.0
87.0
121.0
121.0
121.5
121.5
121.0
120.0
110.0
97.0
97.0
73.0
82.0
115.0
99.5
95.5
95.0
91.5
95.0
100.5
81.0
85.0
84.5
82.0
85.0
83.5
78.0
85.0
84.5
78.0
74.0
77.0
79.0
76.5
71.5
80.0
73.0
71.0
69.0
72.0
74.0
74.0
77.0
80.0
80.0
71.0
77.0
78.0
80.0
76.0
77.0
75.0
78.0
75.0
74.0
74.0
73.0
72.0
71.0
70.0
64.0
84.0
83.0
72.0
93.0
85.0
84.0
85.0
87.0
87.0
87.0
87.0
89.0
83.0
83.0
79.0
79.0
79.0
79.0
76.0
74.0
75.0
76.0
80.0
75.0
75.0
65.0
74.0
74.0
98.0
88.0
82.0
81.0
80.0
79.0
67.0
71.0
71.0
65.0
67.0
76.0
74.0
72.0
68.0
76.0
76.0
75.0
69.0
70.0
70.0
73.0
73.0
75.0
72.0
71.0
87.0
77.0
77.0
82.0
84.0
84.0
87.0
97.0
98.0
89.0
89.0
97.0
88.0
83.0
82.0
86.0
86.0
86.0
78.0
81.0
82.0
87.0
87.0
84.0
80.0
79.0
70.0
85.0
82.0
80.0
80.0
90.0
91.0
83.0
83.0
90.0
80.0
79.0
82.0
82.0
91.0
89.0
95.0
95.0
110.0
106.0
103.0
83.0
97.0
97.0
98.0
89.0
88.0
89.0
98.0
88.0
87.0
87.0
87.0
86.0
85.0
84.0
83.0
81.0
85.0
114.0
93.0
90.0
90.0
93.0
94.0
109.0
96.0
100.0
85.0
100.0
102.0
90.0
89.0
88.0
88.0
87.0
89.0
87.0
87.0
85.0
89.0
90.0
85.0
75.0
77.0
84.0
81.0
81.0
80.0
80.0
91.0
91.0
80.0
75.0
80.0
82.0
68.0
70.0
74.0
74.0
75.0
75.0
75.0
69.0
70.0
72.0
73.0
71.0
71.0
70.0
70.0
70.0
70.0
71.0
71.0
70.0
70.0
72.0
72.0
76.0
76.0
77.0
78.0
80.0
81.0
82.0
91.0
84.0
84.0
84.0
82.0
80.0
80.0
78.0
74.0
78.0
78.0
84.0
81.0
80.0
80.0
76.0
73.0
73.0
74.0
74.0
74.0
75.0
73.0
73.0
73.0
73.0
73.0
69.0
67.0
70.0
73.0
73.0
73.0
73.0
68.0
74.0
69.0
70.0
72.0
70.0
66.0
82.0
70.0
77.0
77.0
76.0
72.0
68.0
74.0
73.0
73.0
70.0
74.0
75.0
72.0
72.0
71.0
70.0
71.0
70.0
66.0
66.0
67.0
66.0
65.0
66.0
67.0
66.0
66.0
64.0
66.0
66.0
66.0
65.0
65.0
65.0
65.0
64.0
65.0
63.0
63.0
62.0
62.0
63.0
62.0
62.0
62.0
61.0
61.0
62.0
64.0
65.0
64.0
62.0
64.0
61.0
60.0
61.0
63.0
66.0
67.0
83.0
88.0
80.0
87.0
88.0
88.0
89.0
75.0
72.0
73.0
71.0
70.0
73.0
72.0
71.0
71.0
70.0
70.0
72.0
74.0
70.0
70.0
71.0
70.0
67.0
68.0
71.0
73.0
73.0
76.0
75.0
74.0
74.0
74.0
76.0
73.0
73.0
74.0
71.0
72.0
70.0
69.0
69.0
68.0
69.0
69.0
73.0
70.0
70.0
71.0
70.0
72.0
71.0
71.0
69.0
68.0
69.0
70.0
69.0
70.0
68.0
70.0
70.0
69.0
68.0
70.0
70.0
68.0
70.0
69.0
68.0
68.0
69.0
68.0
69.0
69.0
69.0
68.0
67.0
66.0
65.0
65.0
65.0
67.0
66.0
67.0
69.0
67.0
69.0
68.0
66.0
68.0
67.0
69.0
67.0
68.0
68.0
68.0
69.0
66.0
67.0
67.0
67.0
69.0
67.0
67.0
68.0
68.0
70.0
69.0
68.0
70.0
70.0
68.0
68.0
68.0
68.0
68.0
69.0
69.0
69.0
66.0
67.0
67.0
67.0
67.0
68.0
66.0
65.0
67.0
67.0
65.0
66.0
66.0
65.0
66.0
66.0
65.0
67.0
66.0
67.0
66.0
66.0
66.0
65.0
66.0
66.0
66.0
67.0
66.0
67.0
66.0
66.0
66.0
65.0
66.0
66.0
67.0
67.0
66.0
67.0
67.0
65.0
67.0
68.0
67.0
68.0
68.0
67.0
67.0
67.0
67.0
68.0
67.0
66.0
66.0
66.0
67.0
68.0
68.0
68.0
71.0
70.0
71.0
71.0
70.0
68.0
69.0
69.0
68.0
69.0
69.0
69.0
68.0
68.0
68.0
68.0
68.0
66.0
67.0
81.0
90.0
89.0
88.0
89.0
93.0
93.0
93.0
93.0
102.0
100.0
96.0
95.0
92.0
88.0
87.0
79.0
82.0
83.0
81.0
78.0
75.0
76.0
70.0
71.0
71.0
74.0
72.0
69.0
68.0
70.0
71.0
70.0
70.0
72.0
73.0
73.0
71.0
71.0
70.0
69.0
72.0
71.0
69.0
69.0
69.0
69.0
68.0
66.0
67.0
67.0
66.0
67.0
66.0
66.0
66.0
66.0
67.0
67.0
67.0
63.0
63.0
63.0
63.0
63.0
63.0
63.0
62.0
60.0
61.0
62.0
59.0
60.0
60.0
60.0
59.0
58.0
59.0
59.0
58.0
57.0
57.0
55.0
55.0
55.0
60.0
61.0
61.0
61.0
61.0
60.0
61.0
60.0
60.0
58.0
59.0
59.0
58.0
59.0
56.0
58.0
58.0
59.0
57.0
57.0
56.0
57.0
57.0
57.0
58.0
56.0
56.0
56.0
56.0
53.0
53.0
53.0
52.0
52.0
52.0
53.0
58.0
55.0
54.0
53.0
53.0
53.0
53.0
52.0
52.0
52.0
53.0
53.0
53.0
53.0
53.0
53.0
54.0
53.0
54.0
54.0
54.0
52.0
52.0
52.0
52.0
51.0
51.0
52.0
53.0
51.0
52.0
51.0
52.0
52.0
51.0
51.0
51.0
51.0
52.0
51.0
51.0
52.0
51.0
51.0
53.0
53.0
52.0
52.0
52.0
52.0
52.0
52.0
51.0
51.0
52.0
50.0
51.0
51.0
51.0
52.0
52.0
51.0
52.0
51.0
50.0
51.0
51.0
51.0
50.0
50.0
50.0
51.0
51.0
51.0
51.0
50.0
51.0
51.0
51.0
51.0
51.0
50.0
51.0
51.0
50.0
51.0
50.0
50.0
51.0
51.0
50.0
51.0
51.0
51.0
51.0
51.0
51.0
52.0
51.0
52.0
51.0
51.0
52.0
52.0
52.0
52.0
51.0
51.0
51.0
50.0
51.0
50.0
51.0
51.0
51.0
51.0
51.0
50.0
51.0
51.0
50.0
50.0
51.0
51.0
51.0
51.0
51.0
51.0
51.0
50.0
51.0
51.0
51.0
51.0
51.0
51.0
51.0
50.0
51.0
50.0
51.0
51.0
51.0
51.0
50.0
51.0
51.0
50.0
50.0
51.0
50.0
50.0
50.0
51.0
51.0
51.0
51.0
51.0
51.0
51.0
50.0
50.0
51.0
51.0
51.0
50.0
50.0
50.0
50.0
50.0
50.0
50.0
51.0
50.0
51.0
51.0
50.0
50.0
50.0
50.0
50.0
51.0
50.0
50.0
50.0
50.0
50.0
51.0
51.0
51.0
50.0
50.0
51.0
50.0
51.0
51.0
50.0
51.0
51.0
50.0
51.0
51.0
51.0
51.0
51.0
51.0
51.0
51.0
50.0
50.0
50.0
50.0
50.0
51.0
50.0
50.0
50.0
50.0
51.0
51.0
51.0
50.0
51.0
50.0
51.0
51.0
51.0
51.0
50.0
51.0
51.0
50.0
51.0
50.0
51.0
50.0
51.0
51.0
51.0
51.0
52.0
52.0
52.0
55.0
60.0
57.0
55.0
56.0
58.0
60.0
60.0
58.0
59.0
57.0
56.0
57.0
56.0
57.0
55.0
56.0
56.0
56.0
55.0
56.0
56.0
57.0
57.0
57.0
57.0
57.0
57.0
56.0
56.0
57.0
57.0
57.0
57.0
56.0
57.0
57.0
60.0
57.0
58.0
59.0
60.0
60.0
59.0
62.0
63.0
63.0
62.0
62.0
61.0
61.0
61.0
62.0
63.0
62.0
62.0
62.0
62.0
60.0
61.0
61.0
61.0
60.0
60.0
60.0
59.0
60.0
59.0
58.0
59.0
58.0
59.0
59.0
60.0
59.0
59.0
58.0
58.0
58.0
58.0
58.0
59.0
57.0
56.0
57.0
57.0
56.0
57.0
57.0
57.0
58.0
58.0
56.0
57.0
58.0
58.0
58.0
58.0
57.0
57.0
58.0
57.0
61.0
60.0
59.0
57.0
58.0
57.0
57.0
57.0
57.0
57.0
57.0
57.0
57.0
57.0
56.0
56.0
57.0
56.0
57.0
57.0
56.0
57.0
57.0
56.0
57.0
56.0
56.0
56.0
56.0
57.0
56.0
57.0
56.0
57.0
56.0
57.0
56.0
57.0
56.0
57.0
56.0
56.0
57.0
56.0
57.0
57.0
56.0
57.0
57.0
57.0
63.0
66.0
66.0
63.0
63.0
62.0
63.0
64.0
63.0
62.0
62.0
62.0
62.0
62.0
63.0
63.0
62.0
56.0
63.0
63.0
62.0
62.0
62.0
61.0
62.0
61.0
62.0
62.0
61.0
61.0
61.0
61.0
61.0
61.0
64.0
61.0
62.0
62.0
61.0
62.0
62.0
61.0
62.0
62.0
62.0
62.0
62.0
62.0
62.0
62.0
62.0
62.0
62.0
62.0
62.0
61.0
62.0
62.0
63.0
62.0
62.0
63.0
62.0
62.0
61.0
62.0
62.0
62.0
62.0
62.0
61.0
62.0
62.0
61.0
61.0
62.0
62.0
61.0
61.0
60.0
60.0
61.0
61.0
61.0
61.0
61.0
61.0
61.0
61.0
61.0
61.0
61.0
61.0
61.0
61.0
61.0
61.0
60.0
60.0
61.0
61.0
61.0
60.0
60.0
61.0
60.0
61.0
61.0
61.0
62.0
62.0
62.0
62.0
61.0
62.0
62.0
61.0
61.0
60.0
62.0
62.0
62.0
61.0
61.0
62.0
61.0
61.0
61.0
62.0
61.0
61.0
62.0
62.0
62.0
62.0
62.0
61.0
61.0
61.0
61.0
61.0
61.0
61.0
61.0
61.0
60.0
61.0
61.0
61.0
61.0
61.0
61.0
61.0
61.0
61.0
61.0
61.0
61.0
60.0
61.0
61.0
60.0
60.0
60.0
61.0
60.0
60.0
59.0
59.0
60.0
59.0
61.0
60.0
59.0
60.0
60.0
60.0
61.0
59.0
59.0
60.0
59.0
59.0
58.0
58.0
58.0
58.0
58.0
58.0
58.0
57.0
57.0
57.0
58.0
58.0
57.0
59.0
59.0
59.0
58.0
59.0
58.0
59.0
59.0
59.0
59.0
59.0
60.0
59.0
59.0
59.0
59.0
59.0
58.0
58.0
59.0
59.0
58.0
58.0
58.0
59.0
58.5
58.5
58.0
58.0
57.5
57.5
57.5
58.5
59.5
58.5
60.0
60.0
60.0
59.5
59.5
59.5
59.5
59.5
59.0
59.0
59.0
58.0
58.5
59.0
59.0
58.5
58.0
59.0
58.5
58.0
58.0
58.0
58.0
58.0
57.0
56.0
55.5
57.0
57.0
57.0
57.5
58.0
58.0
58.0
58.0
58.0
58.0
58.0
58.5
58.0
58.5
58.5
58.0
58.0
58.5
58.5
59.5
59.0
58.0
58.0
58.0
59.0
59.0
59.0
60.0
58.0
58.5
59.0
58.5
59.0
59.0
59.0
60.0
60.5
60.0
59.0
59.0
59.5
59.5
59.0
59.0
58.0
59.5
59.0
59.5
59.0
58.5
58.5
57.5
58.5
58.5
58.5
59.0
58.5
58.0
58.5
58.0
58.0
57.5
58.0
58.0
58.0
58.0
58.5
59.0
58.0
58.0
58.5
58.5
58.5
57.5
57.5
57.5
57.5
57.5
58.5
57.5
58.0
57.0
57.0
58.0
57.0
57.0
57.0
57.0
55.5
55.5
56.0
56.0
56.0
55.5
57.0
57.0
57.5
57.0
57.0
56.5
56.0
56.0
55.0
55.0
53.5
53.0
46.0
49.5
50.5
51.0
52.5
52.0
54.0
52.5
54.0
54.0
54.0
54.0
53.0
54.0
53.0
54.0
54.0
54.0
54.5
54.5
54.5
54.0
54.0
54.0
53.0
53.0
53.0
53.0
53.0
53.0
53.0
53.0
53.0
53.5
53.0
54.0
57.5
56.0
54.0
53.5
53.5
53.0
53.0
52.0
52.0
52.0
52.0
52.5
54.0
49.0
52.0
52.0
52.0
49.5
51.0
51.0
51.0
50.0
49.5
51.0
51.5
51.0
51.5
51.0
51.5
50.5
46.0
47.5
48.0
48.0
46.0
46.5
45.5
44.0
44.5
45.5
45.5
45.5
45.5
45.5
45.5
46.0
42.0
44.0
44.5
44.5
44.5
43.0
43.5
42.5
41.5
41.5
42.0
42.0
49.0
49.0
48.5
47.0
48.0
48.0
47.5
48.0
42.5
45.5
48.0
48.0
48.0
48.5
48.5
50.0
50.0
55.0
53.0
53.0
53.0
53.5
53.5
55.0
55.0
51.0
53.0
50.5
50.5
52.5
51.5
51.0
50.5
49.0
49.0
50.5
52.0
52.0
51.0
51.0
51.0
49.0
50.5
49.0
50.5
49.5
49.5
49.0
49.5
49.0
48.0
48.0
48.0
48.0
47.0
47.5
46.0
47.0
48.0
49.0
49.5
49.0
48.5
49.5
49.5
49.5
50.0
49.5
49.5
49.5
48.5
49.0
48.5
54.0
52.0
50.5
49.5
53.5
53.5
52.0
51.0
51.0
51.0
51.0
51.5
51.0
51.5
50.0
49.5
50.0
50.5
51.5
51.5
51.0
51.5
52.5
50.5
53.0
52.5
52.0
51.0
53.0
53.0
52.0
52.0
53.0
52.0
52.0
52.0
52.0
52.0
52.5
52.5
52.0
53.0
52.0
52.0
51.5
52.0
53.0
53.0
53.5
52.5
53.0
53.0
53.5
53.5
52.5
53.5
52.0
51.0
51.0
51.5
52.0
50.0
51.0
50.0
50.0
52.5
53.0
51.0
51.5
52.5
53.0
52.0
51.0
53.0
53.5
51.5
53.5
52.0
51.0
51.5
52.0
51.5
51.5
51.0
51.5
52.0
52.5
52.5
51.5
52.0
51.0
52.0
51.0
53.0
53.5
53.0
53.0
53.0
53.0
53.0
51.5
52.0
51.5
52.5
52.5
52.5
52.0
53.0
53.0
53.5
52.5
53.0
53.0
53.0
53.0
52.0
53.5
52.5
53.5
53.5
53.0
53.5
53.0
53.5
53.5
54.0
54.0
53.0
53.5
52.5
54.0
53.5
53.5
53.5
53.0
53.5
52.5
53.5
54.0
53.5
53.0
54.0
53.0
54.0
52.5
53.5
54.0
54.5
53.0
54.5
55.0
55.0
54.5
55.5
54.5
54.0
54.5
53.5
53.5
53.5
54.0
54.0
54.0
54.0
53.5
53.5
53.5
53.0
53.0
53.0
53.0
53.0
53.5
53.5
54.0
54.0
54.0
53.0
52.0
53.0
53.0
53.5
53.0
53.0
53.0
53.0
53.0
53.0
53.5
53.0
53.0
54.5
53.5
53.5
53.0
53.5
53.5
53.5
53.5
55.0
54.0
53.5
54.0
54.0
54.5
54.0
55.0
55.0
57.0
57.0
56.0
56.0
54.0
54.5
54.5
55.5
54.0
55.0
54.5
55.0
54.0
55.0
55.5
55.5
54.5
55.5
54.5
55.5
57.0
56.0
55.5
54.5
55.5
55.5
57.0
57.0
57.0
56.0
57.0
60.0
59.0
59.5
59.5
59.5
59.0
59.0
58.0
57.5
58.5
60.0
60.0
59.5
58.5
58.5
57.5
57.0
56.5
55.0
56.0
55.5
56.5
56.5
56.5
55.0
56.0
56.0
56.0
56.5
56.5
57.0
56.5
56.0
57.0
57.0
56.0
57.0
57.0
56.0
57.0
57.0
55.0
55.0
55.0
54.5
54.5
55.0
55.5
55.0
55.0
55.0
54.5
54.0
54.0
54.0
55.0
54.5
54.5
55.0
54.0
53.5
55.0
54.5
54.5
55.0
54.5
54.0
54.5
54.0
53.5
53.5
54.5
54.0
53.5
54.5
54.5
54.0
54.0
54.5
54.0
54.5
53.5
54.0
54.5
54.5
54.5
53.5
53.5
53.5
54.0
54.0
54.0
54.0
54.0
54.0
54.0
54.0
53.5
53.5
54.0
54.0
54.0
54.0
53.5
54.0
53.5
53.0
53.0
52.5
53.0
53.0
52.5
52.5
53.0
53.5
52.5
53.0
53.5
53.5
53.0
53.0
53.0
53.0
53.0
53.0
52.0
53.0
53.0
53.0
53.0
52.0
52.0
53.0
53.0
52.5
52.5
52.5
52.5
53.0
53.0
53.0
52.5
52.5
52.5
52.5
53.5
53.5
53.5
53.5
53.5
53.5
53.0
52.5
53.0
52.5
53.5
52.5
53.5
52.5
52.5
53.5
53.0
52.5
53.0
53.0
53.0
52.5
53.0
52.0
52.0
52.0
52.0
52.0
52.5
53.0
53.0
53.0
53.0
53.5
53.5
53.5
53.5
53.5
52.5
54.0
53.0
53.0
52.5
52.0
52.0
52.5
52.5
52.5
52.5
52.0
53.0
52.0
52.0
52.0
52.0
52.0
52.0
52.0
52.0
52.0
52.0
52.0
52.5
53.0
53.0
53.0
52.0
53.0
53.0
53.0
52.0
52.5
52.0
52.0
52.5
52.5
52.5
52.5
52.5
52.5
52.5
52.0
52.0
52.0
52.0
52.5
52.0
52.5
52.5
52.5
51.5
52.0
52.0
52.0
53.5
54.0
53.5
52.5
53.5
53.0
53.0
52.5
53.0
52.5
52.5
58.5
54.5
53.5
53.0
52.5
53.0
53.5
53.0
53.0
53.0
53.5
53.0
53.0
53.5
53.5
54.0
54.0
53.5
54.0
54.0
54.0
54.0
53.5
54.5
54.0
54.5
54.5
54.5
55.0
53.5
52.5
52.5
52.5
52.5
52.5
53.0
52.5
52.5
53.5
52.5
52.5
53.0
53.0
53.5
53.5
53.5
52.5
53.5
53.5
53.5
53.5
53.5
53.0
53.5
53.5
58.5
57.0
57.0
56.5
56.0
54.0
54.5
54.5
55.5
54.0
57.0
58.0
58.5
59.0
57.5
58.5
59.0
59.0
59.5
60.0
60.5
60.5
59.5
59.0
59.0
58.5
59.0
59.5
59.5
60.0
58.0
58.5
59.0
58.0
59.0
59.0
58.5
59.0
58.0
57.5
59.0
58.0
57.5
57.5
58.0
58.0
57.5
56.5
56.5
57.0
57.0
57.5
57.0
56.5
56.0
57.0
57.5
57.5
58.0
57.5
55.0
54.5
54.5
55.5
54.5
54.5
55.5
55.5
55.5
55.5
64.5
71.0
75.0
72.5
73.0
77.5
77.5
77.5
77.5
85.0
83.5
84.5
77.5
75.5
78.5
78.0
76.0
76.0
75.5
68.5
70.5
67.0
67.0
66.0
67.5
66.5
66.5
66.0
66.5
66.0
66.5
65.5
64.0
64.0
64.0
64.0
64.0
64.5
64.5
70.0
68.5
69.0
68.0
68.5
68.0
67.0
66.5
67.5
65.0
65.5
65.5
65.0
67.0
66.0
65.0
65.0
64.5
63.0
64.0
65.0
65.0
64.0
64.0
65.0
64.5
63.5
63.5
60.5
63.5
63.5
63.5
62.0
61.5
61.0
61.0
59.0
60.0
59.5
59.5
60.5
60.5
60.5
60.0
59.0
66.0
66.5
66.5
60.0
61.5
61.5
60.0
61.0
60.5
61.0
59.5
59.5
60.5
61.0
61.0
61.0
60.5
60.0
60.5
60.0
59.5
59.5
59.5
60.5
60.5
61.0
62.0
60.0
61.0
60.0
60.0
61.0
60.5
61.5
61.0
60.5
61.0
60.0
61.0
61.0
60.0
60.5
60.0
60.5
60.0
60.0
60.5
60.5
60.5
61.0
61.0
62.0
62.0
61.0
61.0
61.0
61.0
61.0
61.0
61.0
60.0
61.0
61.5
60.5
60.5
60.5
61.5
61.0
61.0
62.0
60.5
61.5
62.0
62.0
61.5
61.5
60.5
60.5
60.5
59.0
60.0
60.0
60.0
60.0
60.5
59.0
60.0
60.5
59.5
60.0
59.0
60.0
59.5
60.0
60.5
60.5
60.0
61.0
60.0
60.5
60.0
60.5
63.5
59.5
59.5
60.0
60.0
59.0
59.5
59.5
59.5
59.5
59.5
60.0
60.0
59.0
59.0
59.5
59.5
59.0
59.0
59.0
58.5
59.0
59.5
59.5
59.0
59.0
58.0
58.5
59.0
59.0
59.0
58.5
59.0
58.5
58.5
59.0
59.0
59.0
58.0
58.5
58.5
58.5
59.0
58.5
57.5
58.0
58.0
58.0
58.0
58.0
58.0
58.0
58.0
58.5
58.5
58.0
58.0
58.0
58.0
57.0
58.0
58.0
58.0
57.5
58.5
57.0
59.0
60.5
60.0
60.0
60.0
59.0
58.5
58.0
58.5
58.0
58.5
58.0
59.0
58.0
58.0
58.5
58.0
58.0
58.5
57.5
58.5
58.5
58.5
58.0
58.5
58.0
57.5
57.5
58.0
57.5
57.5
57.5
57.5
57.5
57.0
57.0
57.5
57.5
58.0
58.0
58.5
58.5
56.5
57.5
57.5
57.5
57.5
57.5
56.5
56.5
57.0
57.5
57.5
57.0
57.0
57.5
57.5
58.0
58.0
58.0
58.5
59.0
58.5
59.0
58.5
58.5
59.0
59.0
57.5
58.0
58.0
56.5
56.5
57.5
57.5
57.5
57.5
56.5
57.5
57.5
57.5
57.0
56.5
57.0
57.5
57.5
57.5
57.5
56.0
57.5
57.0
56.5
57.5
58.0
58.0
58.0
58.0
56.5
58.0
58.0
57.0
58.0
58.0
58.0
56.5
57.5
57.5
57.5
57.0
56.5
56.0
55.5
55.5
54.5
55.0
55.0
55.0
54.5
54.5
54.0
54.0
54.5
54.5
54.5
53.0
53.5
53.0
53.5
53.0
53.5
53.5
53.5
53.5
52.5
51.5
52.5
52.0
52.0
52.0
52.0
52.0
52.0
52.0
52.5
52.5
52.5
52.5
52.0
52.5
52.5
53.0
53.0
53.0
53.0
54.5
55.0
55.0
54.0
55.0
55.0
53.0
54.5
55.5
55.5
54.5
56.0
56.0
56.0
56.0
55.5
57.0
56.5
56.5
56.0
55.0
56.0
56.5
56.0
56.0
56.0
55.5
56.0
56.0
56.0
57.0
57.0
58.5
58.0
58.0
57.5
55.0
55.0
55.5
56.0
56.0
55.5
56.0
56.0
56.0
56.0
56.5
56.5
56.5
56.0
56.5
55.5
56.0
56.0
56.0
56.0
56.0
56.0
55.5
55.5
55.5
55.0
55.0
54.5
54.0
54.5
54.5
54.0
54.5
54.5
54.5
54.5
54.5
53.0
54.0
54.0
54.0
54.0
54.0
54.0
54.0
54.0
54.0
54.0
54.0
54.0
54.0
54.0
53.5
54.0
54.0
54.0
53.5
53.5
53.5
53.5
54.0
54.0
53.5
53.5
53.5
53.5
57.0
55.0
54.5
55.0
55.5
55.0
55.5
54.5
55.0
54.5
54.5
54.0
54.0
53.5
54.0
54.0
53.5
54.0
54.0
53.0
53.5
53.5
53.5
54.5
54.5
53.5
54.0
53.5
54.0
54.0
54.0
54.0
54.0
54.0
54.0
54.0
54.5
54.5
54.0
54.0
54.0
54.0
54.0
54.0
54.0
54.0
54.0
53.5
53.5
54.0
53.5
53.5
53.0
53.0
53.5
53.0
53.5
54.0
53.5
54.0
53.0
53.5
53.5
53.5
53.5
53.5
53.5
53.5
53.5
53.5
53.5
54.0
54.0
53.5
54.0
53.5
53.5
53.5
54.0
54.0
54.0
54.0
54.0
54.0
54.0
53.5
54.0
54.0
54.0
53.5
54.0
54.0
54.0
53.5
54.0
54.0
54.0
54.0
54.0
54.0
54.0
54.0
53.0
53.0
53.5
53.5
54.0
53.0
53.0
53.0
53.0
53.0
53.0
53.5
53.0
53.0
53.5
53.0
53.0
53.0
53.0
53.5
53.0
53.5
53.5
53.5
53.5
53.5
53.0
53.5
53.0
54.0
55.5
55.5
55.0
56.0
56.5
57.5
58.0
70.0
68.0
62.5
63.0
62.0
60.5
61.0
62.0
62.0
60.5
61.0
62.0
60.0
59.0
59.0
58.0
57.5
58.5
58.0
58.0
58.5
57.0
60.0
60.5
60.0
60.0
59.5
58.5
59.0
59.0
58.0
57.0
57.0
57.0
57.5
57.0
57.0
57.0
56.5
56.5
57.0
56.0
57.0
56.0
56.5
56.0
56.5
56.5
57.0
57.0
58.0
57.5
57.5
57.5
57.0
57.5
57.5
57.5
57.5
57.0
56.5
57.0
57.0
57.0
57.0
57.0
57.0
57.0
57.0
57.0
57.0
57.0
57.0
56.5
56.5
57.0
57.0
57.5
57.0
57.5
57.0
56.5
57.0
57.0
56.5
57.0
57.0
56.5
56.5
57.0
57.0
57.0
57.0
57.0
56.5
57.0
57.0
56.5
57.0
57.0
56.5
56.5
57.0
57.0
57.0
57.0
57.0
57.0
57.0
57.0
57.5
57.0
57.0
56.5
57.0
57.5
57.0
57.0
56.5
57.0
56.0
56.5
56.5
56.5
56.5
56.0
56.5
56.0
56.5
56.5
56.5
57.0
57.0
57.5
57.0
57.0
56.5
56.0
57.0
57.0
57.0
57.0
56.5
56.5
56.5
56.5
56.5
57.0
57.0
57.5
61.5
59.5
58.0
58.5
58.5
58.0
58.5
57.5
58.0
58.0
58.0
57.5
58.0
57.5
58.0
58.0
58.0
59.0
59.5
57.5
57.0
57.5
57.5
58.0
58.0
58.0
58.5
58.0
57.5
58.0
57.5
57.5
58.0
57.5
57.5
57.0
57.5
58.5
58.0
58.0
58.0
57.5
57.5
57.5
59.5
57.5
57.5
58.0
58.0
57.5
58.0
57.0
57.0
57.5
58.0
58.0
58.0
58.5
57.5
57.5
57.5
58.0
58.0
58.0
58.0
57.5
57.5
58.0
57.0
58.0
59.0
58.5
58.0
73.0
71.0
71.0
67.5
67.5
67.5
70.5
69.5
68.5
67.0
65.0
63.0
64.0
63.0
62.5
62.5
62.0
61.5
62.5
62.0
67.0
68.5
66.0
64.5
63.0
63.5
62.5
63.5
67.0
63.5
68.0
65.0
67.0
68.0
67.5
66.0
67.0
65.5
64.0
64.0
63.5
63.0
62.5
63.5
63.5
63.0
63.5
63.5
63.5
63.5
63.5
63.5
62.5
63.0
63.0
62.0
62.0
63.0
63.0
63.0
64.0
63.0
63.0
63.0
63.0
61.5
62.0
62.5
62.0
63.0
63.0
62.5
61.5
63.0
62.5
61.5
61.5
61.5
62.5
62.5
62.5
62.0
62.5
62.5
63.0
62.5
63.0
62.0
62.0
62.0
62.0
61.5
61.5
61.5
61.5
61.0
61.5
62.0
61.5
61.5
61.0
61.5
61.5
61.5
61.5
61.5
61.5
61.0
61.0
60.5
60.5
60.5
61.0
60.5
61.0
61.0
61.0
61.0
61.0
61.5
61.5
61.5
61.5
62.0
62.5
63.0
62.5
62.5
63.0
63.0
62.0
63.5
63.0
62.0
62.5
62.5
62.5
62.5
63.0
62.0
61.5
62.0
61.5
61.5
61.5
61.5
61.0
61.5
61.5
61.0
61.5
61.0
62.0
62.0
61.5
62.5
62.0
62.0
61.5
62.0
61.5
62.0
61.5
62.0
62.0
62.0
62.0
62.0
61.5
62.0
61.5
62.0
62.0
62.0
62.0
61.5
61.5
61.5
62.0
62.0
61.5
62.0
62.0
61.0
61.0
61.0
61.5
62.0
61.5
61.5
61.5
62.0
62.0
61.0
62.0
61.0
61.5
61.5
62.0
61.5
61.5
61.5
61.5
62.0
61.5
62.0
61.5
61.5
62.0
62.0
61.5
61.5
61.5
60.5
60.0
60.0
61.0
60.5
60.5
60.5
60.0
60.5
59.5
59.0
59.5
60.0
60.5
60.5
59.5
60.0
60.0
60.0
60.0
59.5
59.5
60.0
59.0
60.0
59.0
59.5
60.0
58.5
58.5
58.5
58.5
58.5
58.5
58.5
58.0
59.0
59.0
59.0
59.0
59.0
59.0
59.0
59.0
58.5
58.5
58.5
58.5
58.5
59.0
59.0
59.5
58.0
58.0
59.0
59.0
58.5
58.5
59.0
59.0
58.0
58.5
59.0
58.5
58.5
58.0
58.5
57.5
58.0
58.0
58.0
58.0
58.0
58.5
58.5
58.5
58.5
58.5
58.0
59.0
59.0
58.0
59.0
58.5
59.0
59.5
59.0
59.0
58.5
58.0
58.5
58.5
58.5
59.0
58.5
59.0
59.0
59.0
59.0
59.0
59.0
58.5
59.5
59.5
60.0
59.5
60.0
59.0
60.0
60.0
59.5
59.0
59.0
58.5
58.5
58.5
58.5
59.0
58.0
59.0
59.0
59.5
59.5
60.0
59.0
60.0
60.5
60.0
60.0
60.0
60.0
60.0
60.0
59.0
59.5
60.0
60.5
60.5
60.0
59.0
59.5
59.5
60.0
59.5
60.0
59.0
59.5
59.0
58.5
59.0
58.5
59.0
59.5
60.0
59.5
59.5
60.0
60.0
60.0
60.0
60.0
59.0
60.0
59.0
59.0
60.0
59.0
59.5
59.5
59.5
59.5
59.5
59.5
59.0
58.5
59.0
59.0
59.0
58.5
59.5
58.5
59.0
59.0
59.0
58.5
58.5
58.5
58.0
59.0
58.5
58.5
58.5
58.5
58.5
58.5
58.0
61.0
60.0
60.0
59.5
59.5
60.0
60.0
60.0
60.0
63.5
62.0
61.5
61.5
61.5
61.0
60.5
60.0
61.5
61.0
62.0
62.0
61.0
62.0
61.5
61.5
61.0
62.0
61.5
61.0
61.5
61.0
60.5
60.0
60.0
61.0
62.0
62.0
61.5
61.5
61.5
61.5
62.0
60.0
60.0
60.5
61.0
61.0
61.0
63.0
62.5
61.5
60.5
61.5
61.0
60.0
61.5
60.0
60.5
60.5
60.0
60.5
60.0
60.0
60.5
61.0
60.5
60.0
60.0
59.0
61.0
59.5
60.5
59.5
60.0
59.5
59.5
60.0
59.0
60.0
59.0
59.5
60.5
60.0
59.5
60.5
60.0
60.5
59.5
60.5
60.5
60.5
59.5
59.5
60.0
60.0
60.0
60.5
60.5
60.0
60.5
60.5
59.5
59.5
60.0
60.0
59.5
60.0
59.5
60.0
60.0
59.5
61.5
64.0
62.5
64.5
62.5
62.0
65.0
64.0
63.0
64.0
64.5
63.5
63.0
65.0
65.0
64.0
64.0
64.0
65.5
64.5
65.5
65.0
66.0
65.5
62.5
63.5
62.5
63.0
67.5
67.5
67.0
66.0
66.0
65.5
65.5
65.5
65.0
64.5
64.5
65.5
65.5
67.0
67.0
66.0
66.5
65.0
66.5
66.0
65.0
68.0
66.0
65.0
65.0
65.0
65.0
66.0
65.0
66.0
65.0
66.0
65.5
64.0
65.5
65.5
65.0
63.5
63.5
63.5
65.5
63.5
64.5
64.0
64.5
64.5
64.5
63.5
63.0
63.0
63.0
63.5
63.5
63.5
63.0
63.5
64.0
64.0
64.0
66.5
67.5
65.0
65.5
64.5
66.5
65.0
64.5
64.5
65.0
65.0
65.5
63.5
64.0
64.5
64.0
64.0
64.0
63.5
65.5
65.5
64.5
65.0
64.5
65.5
65.0
65.5
65.5
64.5
64.5
64.5
64.5
65.0
65.5
66.0
65.0
65.5
65.5
65.0
66.0
66.0
66.0
66.5
66.5
66.0
66.5
66.0
65.5
64.5
65.0
65.5
65.5
64.5
66.0
66.0
66.0
65.5
66.5
66.5
66.0
66.0
67.0
65.5
65.0
66.5
67.0
68.5
66.0
67.5
66.0
68.0
68.0
69.0
69.5
66.0
70.0
72.5
72.5
68.0
67.5
67.5
68.0
68.5
68.0
69.0
69.0
69.0
67.5
66.5
67.5
67.5
67.5
66.5
67.0
66.5
66.5
66.0
66.0
66.0
66.5
66.5
66.5
66.0
66.5
66.5
66.5
66.5
65.5
67.0
66.0
66.0
66.0
65.5
66.5
66.0
66.5
66.5
66.0
66.0
64.5
64.5
66.5
65.0
64.5
65.0
64.5
64.5
65.0
65.0
64.0
65.0
65.0
65.0
65.0
64.0
64.0
64.0
63.5
62.5
63.5
64.0
64.0
63.0
63.5
63.5
63.0
63.0
63.0
63.0
63.0
63.5
63.5
64.0
63.5
64.5
64.5
64.5
64.0
65.0
65.0
65.0
65.0
65.5
64.5
64.0
63.5
63.5
63.5
63.5
64.0
64.0
63.5
68.0
65.5
65.5
66.0
65.0
65.0
66.0
65.0
65.0
65.0
65.0
65.0
65.0
66.0
65.0
64.5
65.0
64.5
65.5
65.5
65.0
65.0
65.0
65.0
66.0
66.0
65.0
65.0
65.0
64.5
64.5
64.5
65.0
65.5
65.5
65.0
66.0
65.0
66.0
65.0
65.0
65.0
64.5
64.5
64.5
64.5
65.5
65.5
65.0
65.0
64.5
65.0
64.5
64.5
65.5
64.5
65.0
64.5
65.0
65.0
64.0
64.5
65.0
64.5
64.5
64.5
64.0
64.0
64.0
65.0
64.0
64.0
64.0
64.0
64.0
64.0
64.0
65.0
65.0
65.5
65.5
65.0
64.5
65.5
64.5
65.5
65.5
65.0
65.0
65.0
84.0
88.0
85.0
86.5
87.5
87.0
89.0
90.5
90.5
99.5
122.0
124.5
126.5
126.5
126.5
126.5
126.5
126.5
126.5
139.0
172.0
176.5
176.5
176.5
176.5
176.5
176.5
176.5
176.5
179.0
133.5
127.0
131.5
130.5
130.0
131.5
118.0
117.5
119.0
122.0
124.0
122.5
124.5
121.5
121.5
123.5
126.0
129.5
130.0
140.0
136.0
132.5
134.5
133.5
140.0
140.0
140.5
142.0
145.5
141.5
137.5
138.5
136.5
135.0
134.5
134.5
136.0
137.5
139.5
138.5
137.0
135.0
135.5
139.5
137.0
136.0
136.5
135.5
136.0
135.0
135.5
136.0
136.0
135.5
136.0
134.5
133.0
130.5
131.0
132.0
131.5
132.0
132.5
131.5
130.0
129.0
131.5
126.0
123.5
122.5
124.5
122.0
123.5
123.0
122.5
124.5
127.5
124.0
123.0
122.5
123.0
122.5
122.5
121.5
122.5
129.5
132.5
133.0
132.0
132.5
133.0
131.5
133.5
134.5
134.5
140.0
132.5
132.5
131.5
133.0
130.0
130.0
134.0
130.5
133.0
134.0
133.0
132.0
132.5
132.0
130.0
132.0
132.0
131.5
132.0
130.0
131.0
130.0
129.0
129.0
127.5
129.0
129.0
129.5
134.0
128.5
127.0
128.0
128.0
128.0
127.0
126.5
127.0
127.5
129.5
127.0
126.0
126.5
125.5
127.0
126.5
127.5
126.5
126.0
126.0
166.5
156.0
153.0
152.5
149.0
149.0
150.0
151.0
145.0
150.0
150.5
148.0
150.0
144.5
144.5
149.5
150.0
147.0
142.5
146.5
145.0
143.0
145.0
143.0
144.5
144.5
145.0
142.5
147.0
144.0
144.0
144.5
142.0
142.0
141.5
144.5
144.0
143.0
143.0
141.5
140.5
139.5
139.5
141.0
139.0
135.0
138.0
137.0
137.0
136.0
137.0
133.0
136.5
135.0
131.5
133.0
132.5
134.0
135.0
135.0
135.5
129.5
129.0
126.0
139.5
134.5
131.5
131.0
129.5
128.0
128.0
129.0
127.5
129.5
128.5
129.0
129.0
128.5
126.5
129.0
129.0
129.0
130.0
129.0
129.0
130.5
132.0
129.5
130.0
130.0
131.5
129.5
127.0
128.0
128.0
128.0
128.0
130.5
128.0
127.0
131.0
129.0
130.0
128.0
127.5
127.5
128.0
126.0
126.0
127.5
126.0
128.0
126.0
127.0
126.0
127.5
127.0
128.5
126.0
128.0
125.5
126.5
126.5
126.0
126.0
126.0
134.5
130.0
128.5
130.0
129.0
128.0
126.5
126.5
125.5
123.5
125.0
127.0
125.5
125.5
126.0
127.5
126.0
127.0
127.0
126.0
125.0
127.0
127.0
125.0
126.0
128.0
126.5
126.0
126.0
126.5
125.5
126.5
125.5
126.5
127.0
126.0
126.5
126.0
127.0
126.5
127.5
125.5
125.5
125.5
125.5
127.0
126.0
125.5
125.0
124.0
124.5
124.0
126.0
124.0
124.0
124.0
124.0
121.5
122.5
113.0
116.5
116.0
115.0
115.0
118.5
112.0
112.5
113.0
112.0
115.0
114.5
113.5
112.0
113.0
113.0
113.0
112.5
111.5
112.0
111.5
111.0
108.0
109.0
109.5
111.5
112.0
108.0
109.0
109.0
108.0
107.5
108.0
108.0
104.5
105.5
108.0
105.5
106.5
105.0
105.0
108.0
107.5
107.5
105.5
106.5
105.0
105.0
106.5
