close
70100
72000
71600
71500
71350
69999
69699
69500
69000
68510
69500
69500
63510
67888
67999
63888
67888
68888
67888
67900
67500
67000
68000
68000
70000
69000
70000
70500
70000
70000
70000
70000
68000
68000
68000
68000
64888
64888
66666
66999
68000
65667
67500
67500
66501
65000
64100
65999
66000
68000
70000
70000
70000
69500
70000
70000
70000
69900
70000
70000
70000
70000
70000
67500
67500
67500
70000
72000
75000
75000
75000
77500
80000
80000
75000
75000
79000
70000
73000
73000
79500
80000
80000
80000
80000
80000
78900
84900
73000
80500
89700
90000
89700
90000
89700
90000
100000
90000
84200
81000
85000
82000
72100
86000
78000
75100
78000
77000
77400
80000
79800
79800
81000
75000
75000
73000
63000
76000
75000
66600
67400
66000
69400
68900
67100
66400
68800
68900
70900
69000
66100
65100
67800
70000
69000
70000
70100
70000
70000
74100
74100
78000
77000
78800
78800
77000
79000
71200
76000
70000
72100
76000
77400
73000
72800
77000
76100
77000
84000
87000
85100
90500
89700
84000
88900
95000
87000
87000
81000
74800
78000
80000
80000
80000
80100
80000
80000
79900
79000
79900
79400
83000
83000
85000
85800
93000
93000
85300
94500
94400
87400
94100
94500
94300
95000
95000
95000
90000
88100
91000
93500
94600
94000
96000
96300
94000
94000
94000
94400
90000
94000
94000
90000
94000
94000
94000
94000
94000
94000
94000
89000
94000
100000
99000
100000
100000
103500
104000
101500
102000
102000
103500
102000
103000
106000
114500
108500
112000
109500
110500
111500
108500
111500
112000
109000
111500
108000
110000
110000
109000
109000
109500
105500
106000
108000
105000
102000
102000
102000
104000
102000
102000
103500
102000
101000
102000
101000
102000
99000
101000
101500
101500
99000
101000
101500
101500
100500
101500
102000
100500
101000
100000
100500
100500
100000
99500
100000
100000
99500
100000
100500
100500
100000
100500
100500
105000
104500
100000
99500
99500
100000
99500
100000
101000
104000
100000
100000
100500
100000
100000
101000
102000
102000
103000
95000
97000
95000
95000
100000
97000
95500
98500
95500
95000
95500
94500
93500
93000
92500
95000
91000
91500
93000
96500
93000
94500
92500
93500
92500
92500
92000
91500
92500
92000
92000
93000
92000
90000
90000
91000
91500
91500
91500
93000
103000
101000
105000
101000
100500
100000
100000
99000
100000
102000
100000
100000
101000
100000
98500
98000
98000
98000
98000
98000
95000
94000
98000
94500
98000
99500
96000
96000
95500
96000
96000
97000
96000
95500
96000
96000
96000
97500
96000
96500
97000
97500
98000
97000
100000
101500
100500
101500
101000
101000
101000
100000
101000
100500
100000
100000
100000
100500
100500
100000
101500
101500
101500
101500
101000
101500
101500
102000
102000
102000
102000
102000
103000
103000
103000
101000
103000
102000
102000
103000
107000
107000
104500
105500
110000
105000
105000
105500
106000
106500
115000
106500
107000
135000
117500
117000
122000
117500
100500
114500
111500
115000
106500
115000
111000
110500
110000
112500
108000
113000
115000
116000
117000
120500
121000
119000
117000
115000
114500
114500
114500
111500
116500
115500
115500
110000
116000
114500
111000
113500
114500
118000
114000
111500
113000
116000
115000
115000
116000
116000
117500
119500
117000
119500
119000
119000
120000
123000
124000
125000
125000
125000
125000
127000
126000
127000
127500
127000
125000
125000
124000
132500
125000
122000
126500
125500
125500
126500
125500
126000
127500
127000
127500
121000
121000
124000
124000
124500
122000
125000
125000
124000
122500
125000
122000
125000
125000
124000
129000
129000
129000
129500
130000
130000
125500
129500
130000
129500
133500
129500
127000
126000
125000
125000
128000
131000
130000
129000
129500
129500
129000
130000
130500
133500
132000
135000
129500
135000
135000
135000
135000
137000
137000
137000
137000
138000
138000
135000
123500
139000
133000
125000
131500
132000
131500
133000
133000
136500
132000
131500
133000
134000
133000
135000
136500
137000
139500
145000
155000
155000
154500
152000
143500
139000
151000
150500
152500
149500
150000
143000
143500
150000
149000
154000
154000
149500
152000
153500
150000
152500
148000
152000
152000
153000
154500
156500
151000
155000
154500
156500
160000
160000
160500
160000
161000
160000
158000
165500
165500
165500
166000
158500
159500
159500
159500
162000
160500
161000
161000
158000
183500
168000
172000
179500
183500
193500
184000
192000
191000
185000
185000
188500
188500
188000
188500
190000
190000
182000
170500
171000
171500
175000
191000
185000
182500
180000
180000
180000
180000
180000
180000
180500
182000
192500
185000
190500
185000
190000
191000
195000
190000
192000
192000
191500
190000
191000
190000
192000
190000
190000
195000
192000
190000
190000
192000
192000
190000
186000
187000
193000
193000
199500
196500
189500
197000
197500
197000
197000
196500
205000
196500
201000
207000
208000
213000
210000
212500
212000
203500
212000
212000
212000
212000
212000
212500
214000
213000
209000
212000
212000
214500
213500
213000
211000
213500
211500
214000
210000
210000
212000
212500
210500
213500
213000
198000
197000
193000
191000
191000
192000
190500
192000
193000
193000
195000
195000
191000
192500
192500
191000
188500
190000
191500
192500
184500
185500
185500
192500
192500
186000
180000
186500
190000
190500
186500
182000
180000
183000
184000
184000
182000
181500
177000
180500
177000
176500
176000
179500
173000
180500
181000
175500
179000
180000
178000
179000
180500
180000
180000
179000
180000
178500
178500
178500
180000
179500
180000
180000
182000
180000
180000
179000
181500
178000
179500
190500
178500
180500
180000
181000
180000
180000
180000
179500
178500
178500
180000
181000
180000
180000
180000
178500
178000
178000
178000
179000
179500
180000
179500
178500
178000
178500
178500
178500
178000
178000
178000
177500
177500
178000
169000
170000
171000
171000
174000
175000
174500
173000
170500
165000
165000
169500
169500
167500
170000
168500
170000
186500
178000
173000
176500
172000
172000
170000
175000
174000
166000
168500
168000
172000
171000
168000
164500
172000
167500
168000
169000
169500
170000
171500
169000
170500
171000
172000
172500
170000
169000
167000
168000
166500
163000
164500
164500
164000
168000
163000
163500
163500
163000
165500
168500
170000
170500
171000
170500
169000
173000
166500
169000
167500
163000
166500
167500
164000
164000
165000
161500
161000
163000
163000
164500
163000
161000
160000
159000
154000
158500
166000
160500
166000
169000
165000
164000
165000
164500
164000
170000
170000
165000
170000
165500
163000
162500
162500
162500
163000
163500
164000
164000
160000
160500
159000
153500
154000
157500
159000
159000
158000
155000
154500
155000
152000
152000
150000
152000
150000
151000
151000
146500
147000
148000
150000
150000
148500
146000
143000
146500
143000
142000
142000
140000
143000
141000
139000
139000
139000
130000
131000
135000
137000
137000
138500
136000
140000
139000
139000
153000
145000
143500
145000
151500
140000
140500
135500
138000
135000
137500
135500
145000
130500
136000
137500
137000
137000
138000
138500
135000
137000
138000
139000
140000
136000
135000
135000
132000
130000
130000
129000
130500
127000
130000
130000
127500
128000
128000
132000
129000
132000
134500
134000
134000
128000
131000
131000
135500
132500
132500
135500
140000
133000
138000
133000
133000
136500
139000
139000
139000
134000
134000
133500
133500
130000
135000
133500
132000
135500
130000
134500
134500
135000
133500
131000
133000
134000
132500
132000
132500
132500
132500
132500
131500
132000
132500
135000
133000
132500
134000
132500
132500
133000
133000
132500
133000
132000
132500
132500
132500
132000
132500
132500
131000
132000
132500
134000
133000
132500
132000
133500
134500
135000
130000
134000
135000
132000
132500
134000
136000
135500
136500
136500
136500
138000
138500
139000
139000
134500
137500
137500
135500
134500
135000
130000
137000
140500
142500
141500
141000
140000
142000
142000
142000
142500
138000
138500
138500
140000
140000
140000
140000
140500
138500
137000
138000
138000
141000
140000
139500
139500
141000
141000
141500
140000
141000
144000
143000
145000
145000
145000
147500
146000
148500
147000
145000
147500
143000
143500
144500
144500
143500
141000
141000
144000
141000
142500
144000
142000
142000
142000
143000
143000
143000
144000
142500
144500
144000
142000
145000
145000
147500
147000
143500
143500
146000
146000
145000
145000
147000
147500
147500
147500
145500
148000
146500
148500
146500
146500
146500
146000
146500
148500
146000
146500
146500
146000
146000
145000
146000
146000
146500
153500
152500
149000
150000
150000
148000
149000
148500
148000
148000
147500
147500
147500
147500
147000
152000
153000
153000
150000
151000
150000
151000
154000
154000
151000
152000
154500
152000
152000
153000
152500
154000
154000
154000
156000
154000
153500
153500
150500
154500
152000
155500
156000
156000
156000
158000
162000
157000
162000
162000
160000
162000
162000
160500
163500
164000
161000
160500
168500
168000
164000
164000
166500
166500
166000
168500
168000
167000
171500
167500
168500
167500
167500
163000
163000
165500
169500
170500
172000
172500
172500
174500
176000
173000
176500
176000
175000
175500
175500
175000
174500
173000
173000
177000
178000
176500
175000
175500
173000
171000
170000
172000
165000
170000
167000
167000
167500
169000
169000
165000
165000
162500
168000
168000
166000
163000
162000
162500
162000
163000
164500
165000
167000
167000
168000
169000
167000
163500
163000
160500
159500
157000
160000
159000
157500
159500
162500
157000
159500
159500
156500
160500
160000
159000
159000
160000
162000
162000
159000
162500
162500
163500
161000
163000
162500
163500
161000
161500
161000
159500
160000
160000
160500
160500
162500
161000
162000
162000
160500
160500
159500
163000
161500
162500
162500
164000
163000
165000
163500
160000
160000
160000
161000
161000
161000
160500
160000
152500
145000
145000
145000
146000
146000
146500
147500
146500
151000
145500
142500
146500
145500
141500
142000
141500
143500
142000
144000
144000
142000
141500
142000
143000
143500
145500
146000
145000
145000
145000
145000
146000
149000
146500
149500
149500
149000
149500
149500
149000
148000
148000
148000
148000
149000
149500
149500
148500
150000
150000
151500
153000
153000
149000
159500
151000
151000
154000
153500
153000
152500
152500
152500
152000
153500
153500
152500
153500
153000
153000
151500
150000
150000
151000
149000
149000
149000
150500
148500
148000
148000
148500
148000
148000
148000
148000
148000
148000
148000
149000
152500
148000
148000
148000
152000
149000
148000
149000
148000
148000
149000
149000
149000
150500
149500
148500
148000
148500
149000
148500
149000
148000
149000
149000
147000
148000
148000
148500
148000
148000
148000
148000
148500
148000
148000
148000
148500
148000
149000
157500
150000
154000
148500
148500
148000
148500
148000
149000
148500
150000
148500
148000
148000
148000
148000
148000
148000
148000
148000
149000
148000
150000
148000
148000
148000
150000
148500
149500
148500
148000
148000
148000
148000
148000
148000
148000
148000
148000
148000
148000
148000
148000
148000
148000
148000
148000
148000
148000
148000
148000
148500
148000
148000
148000
148000
148000
148000
150000
149500
148000
148000
148000
148000
149000
149500
149000
148000
148000
146500
147500
148500
146000
146000
145000
146000
145500
145000
145000
145000
145000
145000
145000
145000
145000
145000
143000
143500
143000
143000
143000
145000
145000
144000
143000
143000
143000
143000
143000
143000
142500
142000
142000
142000
142500
142000
142000
142500
140000
140000
140000
137000
133000
132500
132500
132500
133000
133000
133000
133000
134000
132500
132500
133000
132500
132500
132500
132000
132000
130000
130500
131000
130500
130000
129500
130000
129000
130000
127000
129500
131000
130000
130000
130000
130000
135000
133500
131000
133000
132500
129500
130000
128500
129000
127000
132000
128000
127500
128000
127000
121500
125500
125500
125500
120000
120000
119000
120000
120000
120000
120000
120000
120000
120000
120000
120000
119500
119500
119500
119500
119500
119500
119500
119500
118000
115500
117500
117000
117000
117000
116500
116500
116000
116000
121000
121000
132000
129000
130000
127000
127000
126000
125000
125000
125000
122000
125000
124000
124000
121500
123000
122000
121500
120000
120000
120000
119500
119000
119500
120000
120000
120500
123500
123500
123000
121000
120500
121000
120500
121000
120500
121000
119000
119000
118000
124500
124000
118000
119500
118000
117500
116000
116000
116000
116000
115000
116000
115000
116000
115500
115500
115000
119000
119000
119000
115500
115000
119000
115000
115000
115000
112000
110000
112000
110000
113000
110000
110500
110500
110000
108000
110000
109000
108000
108500
108000
108000
108500
108500
108000
108000
105000
108000
108000
108000
108000
109000
109000
110000
110000
108000
107500
108000
108000
108000
106000
107000
106500
107500
108000
108000
106500
108000
108500
108500
109000
110000
109000
110000
110000
109500
110000
110000
110000
115000
112000
110500
109500
112000
112000
112000
111500
111500
111000
110000
111000
111000
111000
111000
110000
110000
109000
106000
102500
100000
103500
103000
105000
104500
104000
103000
105000
108500
100000
102500
104000
105000
110000
110000
110000
110000
105500
110000
111500
110000
110500
105500
103500
105000
110000
108000
110000
110500
110500
105000
105000
105000
105000
104000
103500
105000
103500
103500
105500
104000
104000
103000
103000
103000
102500
102500
103000
101500
101000
101000
101000
102500
101500
101000
102000
102500
101000
102000
101000
103000
102000
102500
101500
101500
101000
101500
100500
102000
101000
102000
102000
102000
102500
101500
101000
100000
101000
101000
100000
100000
100500
99500
99000
99000
99500
100500
100500
98000
98000
99500
98500
98000
96000
98500
98000
98500
98000
98000
97500
98000
98000
98000
98000
97000
96000
95000
94000
94500
94500
91000
92000
90000
90000
87500
86500
88500
85000
85000
85000
88000
85000
87000
87000
87500
84500
85500
84000
85000
86500
84000
85000
85000
85000
86000
85000
85000
85000
88000
91500
88000
88000
87000
86500
86000
87000
87000
87500
88000
84500
84000
86000
87000
86500
84500
85000
86000
85000
87000
85000
87000
86500
87500
89500
86500
86500
90000
90000
90000
91000
90000
88500
88000
86500
87000
90500
90500
90000
90000
89000
89000
88000
88000
88000
88000
87500
90000
88000
90000
90000
90000
90000
90000
90000
90000
90000
90000
89500
91000
92000
90000
90000
89500
90500
90000
89000
89500
89500
88500
89500
89500
88500
90000
89500
90000
89000
89500
89500
89500
89500
88500
88500
90000
90000
90000
88000
88500
88000
87000
88500
86000
86000
87000
87500
87500
87500
89000
89000
89000
90000
88500
90000
89500
89000
89500
89500
89500
90000
89500
89500
89500
88500
89500
88000
89500
89000
89000
87500
88500
88500
88500
88500
88000
87000
88000
87500
87000
87500
87000
87500
88000
86000
86000
87000
86500
86500
87000
87000
86500
87000
87000
87000
86500
86500
87000
86000
86000
87500
86500
87500
86000
85500
86000
84000
84000
83000
83000
82500
82500
82500
82000
82500
82500
83000
82500
83000
82000
82000
82000
82000
82500
82500
82500
82500
82500
81500
82500
83000
82500
83000
83000
82500
83000
78000
82500
82000
82000
82500
80000
80000
80000
80000
80000
80000
80000
80000
80000
80000
80000
79000
79500
79000
80000
79500
80000
79000
79000
79000
78500
77000
77500
77500
77500
77500
78000
78500
78500
80000
79500
78500
78500
77500
77500
75000
76500
76000
74000
74500
74500
75000
75000
75000
73000
74000
74000
75000
73500
75000
74000
75000
74500
75500
75000
74500
75500
76500
75000
77000
77500
78000
79000
76500
79500
77500
78000
79000
80000
79000
79500
79500
79000
77000
79000
79000
79500
78000
80000
80000
79000
79000
79000
78000
78000
79000
79000
79000
79000
79000
79000
79000
77500
78500
78500
78000
78000
78500
79000
79000
78000
77000
77000
78000
77000
76500
76500
76000
77000
76000
76500
76000
77000
76500
76500
75500
75000
75500
75500
75500
76000
76000
75000
75000
75000
74500
74500
75000
75000
74500
74500
75000
74500
75000
75000
75000
75000
74500
74500
75000
74500
75000
75000
74000
74500
74000
74000
74500
74500
74500
74500
75000
75000
75000
75000
75000
74500
74500
74000
74000
74000
73500
73500
74000
74000
74000
73500
73500
74000
73000
74000
74000
73500
74000
74600
75000
74600
74400
74600
75000
75000
75000
73000
73200
73200
73200
73200
73000
72800
73000
72800
71200
72400
71600
71600
71800
70800
71000
70800
71000
71000
70000
70000
70800
70000
70000
70400
70000
70400
70400
70000
70000
70000
69600
69200
69000
69000
67600
66000
66200
66600
67000
67000
67600
67800
67800
67200
67600
68000
68600
69400
69000
68800
69400
69000
69400
69400
70000
69200
69000
68800
68800
69000
69000
69000
69000
69000
69000
69000
68600
69000
68400
68600
68200
68800
68400
68800
68400
68400
67400
67800
67800
67600
67800
67800
68000
67800
67400
67400
67600
65000
67000
65800
66000
66000
66000
65600
65800
66000
66000
65800
65600
65800
65800
65400
65800
65200
65200
65200
65800
65800
65600
65600
65600
65000
65600
65200
65200
65200
65800
65600
65800
66200
67600
67800
66800
68000
67800
68000
68000
67200
67800
67000
66600
67600
67600
67600
66000
65600
66000
66000
66000
65600
66000
66000
66000
65600
65400
65400
65600
65600
66000
65600
65000
65200
64400
64400
64200
64400
64400
64400
63800
64200
63000
64200
64000
63000
63000
62800
62000
63800
62000
61800
61800
60600
60200
60200
60800
61000
61000
60600
60600
60800
60800
60800
61400
61000
61400
61800
61200
61800
62400
61800
62000
61800
62000
61800
61400
61800
61600
61400
61800
61800
62000
60000
59400
59400
59400
59000
59800
59600
58800
58600
59600
58600
58400
57600
57800
58600
57800
57400
57000
57000
57000
57000
56200
56000
56000
56000
55400
56600
55600
55400
55200
55800
55800
56000
57600
57600
57600
57800
58000
58000
57200
55800
56200
56400
56400
56400
56400
56000
57000
57000
57400
57400
57000
57000
57000
57400
57400
57400
56600
57000
57000
57200
57800
57400
57000
57000
57400
57000
57400
57400
57400
57000
57000
57400
57400
57000
57600
57600
57200
57200
57200
57600
57400
57400
57600
56800
55000
56600
57000
55200
56000
56000
56000
56400
57400
56000
55800
55800
56400
56000
56000
55800
55800
56400
56400
56400
56400
56000
56000
56000
56000
55800
55600
55600
55600
55400
71200
58400
64200
61200
62400
62800
61600
61000
59200
59800
60600
61400
64800
64000
64000
62800
63400
63200
62800
62600
63000
63800
64200
64600
66400
66800
66600
66000
64800
65000
68000
67800
66000
66400
67000
66000
65400
65600
64400
65800
65600
65200
65200
65400
65800
64600
64800
64000
64000
64400
64400
64200
64000
64000
64000
64000
63000
64000
64200
64000
63400
63200
63600
62200
62000
62000
61400
61400
62800
63000
64400
63800
67000
65600
65000
64800
64600
63400
64000
64800
64400
62600
62800
62400
62800
62400
60400
60400
62800
64000
64000
64000
64800
64800
67000
66400
64800
65400
65800
66200
65800
67600
66800
66600
65600
66400
66200
68000
68000
67600
72400
70000
70000
70000
70600
71800
72400
72200
73200
73200
75000
76000
74000
72000
75000
75000
75000
75000
74800
72600
71400
69800
70400
71800
71000
71200
72000
72600
72000
79200
80400
80600
78600
80400
79400
80200
80000
80000
79800
80000
80000
79600
80000
79800
80200
80400
81400
80000
79800
79800
80600
80000
80000
79200
78800
79000
78800
77800
77800
79800
79200
79600
79400
79200
78600
79200
79200
78400
78400
79400
79000
79400
79400
79400
79400
79600
79800
79400
81800
81800
81000
80800
80200
80000
80000
79800
80000
79800
80400
80200
80400
80600
80600
80200
80200
80400
80400
80000
80000
81000
80000
80200
80400
80000
79800
79800
79400
79600
79800
80000
79800
80000
80000
80000
80000
80600
80200
80200
80000
80600
80400
79800
79800
79800
80200
80200
80000
80000
79800
80000
80400
80400
80800
80600
80600
80600
80600
80800
81600
82600
82200
82800
82600
83200
82600
83000
83200
84000
86800
88000
88000
88800
86600
87000
86800
87600
90000
89800
90000
91600
92000
91600
93400
93400
93800
98600
98600
92600
94200
94600
94400
94000
94200
95600
96200
95000
94800
94200
95400
95200
93800
93200
94800
95400
94000
94400
93800
94000
93600
93400
94000
94400
94200
94400
94200
94000
94000
94000
94000
93800
93800
94000
93800
92800
92800
91800
92000
91800
91600
90200
91400
92000
91400
90400
89800
89800
91800
91000
90200
91400
92000
92400
93200
92600
92600
94000
94600
95000
95000
95400
95200
94600
95000
94600
95200
96000
95400
95000
94600
94600
95000
95000
95000
95800
95600
96400
97400
96800
97000
97400
97400
97400
97800
97400
97200
96000
96000
95800
96400
96800
95800
95800
95800
96600
96000
96000
95800
95600
95800
96800
98000
96800
97000
97000
97000
95200
96400
96000
96600
96400
95400
96200
95600
96000
95400
95400
95200
86600
87000
86000
86200
86400
86400
87000
86600
86200
86200
85400
85800
86000
86000
85800
85800
85400
85400
78200
79000
81800
82000
81800
81000
81000
81400
81200
81400
81000
81200
80800
80800
80800
80600
80600
80200
80200
79600
80000
80000
80000
80200
80000
80000
79400
79400
79400
79200
80200
80200
79800
79600
79800
80200
80000
80000
80400
79800
78800
78800
78400
78200
78600
79000
79200
79400
79200
79200
79000
79000
79400
79800
79000
79800
79600
79200
79200
79600
80600
81000
80800
80800
80400
81000
80600
80200
81000
79600
79600
80000
79400
79600
78800
79000
78800
79000
79800
80000
79800
80000
79800
79400
79400
78000
77200
78800
78800
78600
78200
77400
78800
78600
78200
78600
78600
78600
78800
78800
78600
78600
78800
78800
78800
79400
78000
78600
78400
78200
78200
78000
78400
78200
78200
77800
77600
78000
77600
77400
77000
77000
77400
77400
77600
77000
76800
76600
76800
76600
77000
77000
77000
76000
76000
76200
76800
76400
76200
76200
76400
76400
76600
76000
76000
76400
76800
77400
76800
79200
80000
79400
79200
79400
79000
80200
80000
80200
80000
80000
80000
80000
80200
80200
79000
78000
78400
77800
77800
77800
77800
77800
77000
77000
77400
78400
77600
78400
78200
78000
77600
78000
78200
78000
78600
77800
76800
77800
77400
77000
77200
77000
76800
76000
76400
76000
76000
76000
76200
76000
76200
75600
76800
76800
76800
76000
75800
76200
78400
77200
76200
76000
76200
75800
76200
75600
75200
76000
76000
76000
75000
75000
75200
75800
75600
75800
75400
75400
75400
75400
75400
75200
75400
75000
76000
75400
75000
75000
75200
75200
74800
75200
75000
76000
75600
75400
75800
76400
76600
76000
76000
76000
75800
76600
75600
75200
75000
75000
75000
75000
75200
75000
76400
75000
75000
74800
75000
74600
75000
75200
75200
75000
75000
75000
74800
75200
75000
74800
74800
74800
74800
75000
75200
75000
75000
75600
76000
75600
75000
74800
75200
75000
75000
74600
75000
75000
75000
75000
75200
75200
75000
75600
75400
75200
75000
76000
70600
72000
71200
71000
70200
67000
66600
61400
66000
64400
63800
63200
64000
63200
63600
63800
63800
63600
64600
65600
63400
63600
64000
64400
65000
66000
65000
64400
64400
64600
64400
64800
64400
64200
64800
64800
64800
65000
64800
64800
64800
64800
64800
64000
69200
68400
68400
68200
68200
68800
68800
68400
68800
68400
68400
68600
68600
68800
68600
68200
68200
68000
68200
68000
68000
68000
67800
67800
67800
67800
68000
68200
68000
68000
68000
67800
68400
68400
68800
68800
69600
69800
69400
70000
70200
70400
69800
69200
70200
69800
69200
72000
70000
70000
70000
70400
70200
70000
70000
70400
70800
71200
71600
71200
70000
70200
70200
70000
70200
70800
70200
70000
70000
70400
70000
68000
69000
68600
68800
68200
68800
68200
68400
69200
69000
70000
69200
69600
68600
69800
69800
70200
70000
69800
69800
69800
69400
69200
69400
68800
68800
68600
68800
69000
69200
69400
69400
69400
69400
69400
69400
69000
69000
69000
69800
69200
68400
68800
68800
68600
68600
68600
68600
68400
68800
68600
68400
68400
68200
68200
68400
68200
68200
68000
66800
66200
66400
66400
66400
66400
66000
66400
66400
66400
66600
67000
68200
69000
69000
68000
68000
68000
67400
66000
66600
66000
66800
66600
67800
68000
66400
66000
66000
66200
66000
66200
66200
66400
66400
66200
66200
67200
68000
68000
67000
67400
67600
67600
69000
67800
68000
67000
67400
67400
67800
67800
67800
67000
67000
67400
67600
67800
67200
67000
67200
67000
66800
67000
67000
67000
67000
67000
67000
67000
67000
67000
66800
66200
66800
66800
66800
66800
66200
66400
67000
66800
66600
66800
66800
66400
66400
66200
67000
66800
66400
66800
66600
66800
67000
66400
66400
66600
66400
66000
66400
67200
67000
67000
67000
67000
66800
66400
66800
67000
67000
66600
66800
66600
66800
66800
67200
67000
66600
66400
66800
67000
67000
66600
66600
66600
66200
66600
66600
66800
66000
65800
65600
66000
66000
66000
66800
66000
65000
63200
64800
63600
64200
64600
63800
63000
61600
61400
61600
61600
62000
62000
61600
61400
60400
60600
60400
60400
60200
60400
60200
60400
60000
60000
59800
59400
59800
59600
59400
59200
59600
60000
60000
59800
60000
60000
60000
59800
59800
59800
60200
60000
59600
59800
59800
59800
60200
60000
60000
59800
59800
60000
59800
59800
60000
59400
58200
59000
59200
58800
59000
59000
59000
59800
59400
59200
59800
59800
59400
59200
59000
58200
58800
58200
58400
58800
58800
58000
58400
58000
57600
57400
57800
58000
57000
56800
56600
56600
56600
56000
55800
55200
56000
54000
54000
53600
53600
54000
52800
52200
52000
51200
50200
50800
50200
50800
50600
50000
50200
50000
49600
49200
49600
50000
50000
49400
49400
49400
49400
49200
49200
49000
48600
48400
48600
51400
51200
50000
49400
49400
50000
49600
50000
50000
50000
50200
50000
50200
49800
49800
50000
50800
50800
51200
50800
50800
50800
50600
50600
50400
50200
50400
50800
50000
49800
49200
49800
49800
50600
50600
50800
50400
50400
50600
50200
50200
50600
50600
50400
50400
50600
50600
50600
50800
50200
50800
50600
50400
50600
50200
50600
50800
50200
50600
50600
50600
50200
50600
50600
50600
50400
50200
50600
50400
50400
50400
50200
50400
50000
50200
50400
50000
50200
49600
48800
49000
48600
48800
48600
48400
48600
48600
48800
48800
48600
48800
49000
48200
48400
48400
48400
48200
47800
47800
48200
48400
48400
48400
48200
48400
48400
48400
48800
48800
48800
48800
48800
49000
48800
48600
48600
49000
48800
48800
48800
49000
49400
49200
49600
49200
49000
50000
49800
49800
49000
49000
49000
49000
49800
49400
49600
49600
49400
49600
49600
49600
49800
49600
50000
50000
49800
49800
49800
50000
50000
50200
51000
50600
51200
51200
51000
50000
50000
50600
50800
50200
50400
50600
50600
50200
49800
49600
50600
50000
49800
50400
50200
50000
50200
50600
50200
50400
50400
50400
50200
50400
50400
50200
50600
50200
50600
50000
50000
50200
50200
50200
50200
50200
50200
50400
50400
50400
51200
51800
53000
52400
52800
52000
52000
52400
52200
52800
52200
53200
53400
54000
53800
52600
53600
53400
57600
56600
56000
56000
55800
55200
56000
56200
56200
56200
57000
56000
56000
56200
55800
55800
56000
56400
55800
55600
55400
55800
55800
56000
56400
55800
56000
55000
55200
55400
55400
55400
55600
55400
55600
55400
55400
55800
55000
55000
55000
55000
55400
55200
54600
55000
54400
55000
55000
55000
55200
55200
54800
54200
54000
54000
54200
54000
54400
54400
53600
54000
54200
52800
52000
51200
52200
52200
52200
52400
51000
51400
51400
51200
51400
51400
51800
51800
52000
52400
52600
52600
52800
52400
52600
52800
52600
52800
53000
53000
52400
52000
52200
52400
52200
52200
52000
51200
51600
51800
52600
52000
52000
51800
52000
51800
51800
52400
52200
52000
52200
52400
52600
52600
53000
54000
53400
53400
53200
53800
53800
53800
52600
53800
52600
52800
52600
52600
53800
52800
53200
55800
55600
54000
53200
53200
53600
54000
54600
54600
55000
55400
54000
54800
54200
55000
54400
55800
54600
54200
54400
55400
55200
54000
54400
54800
54400
54200
54600
55000
55000
54200
54600
54600
55000
55400
55800
55200
54600
54400
55000
55200
55000
55200
56000
55800
55200
56000
56200
56400
55800
56200
55800
56600
55400
55600
55600
56200
55600
55600
55600
56000
56600
56400
56000
56600
56400
57200
57600
57600
57800
57800
59000
58200
58000
57600
58800
58800
58400
58600
58600
58600
58000
58000
57000
56000
55800
56000
54600
55000
54600
54800
55000
54600
52200
52200
52000
51800
52000
52000
52000
52000
52200
52000
51400
51600
51800
52200
51800
51600
51000
51000
50600
50200
48600
46600
47400
47800
48600
49200
49000
49400
52000
52000
51600
51600
52000
52000
52000
52400
52400
52800
52800
52800
53200
53400
53400
53600
53600
53600
53400
52600
52800
52600
53000
53000
54000
54000
54200
53800
53800
52200
53400
53600
53600
52200
52400
52400
52200
51600
51800
51400
51800
49000
47600
49200
49600
49800
50000
49000
49400
48400
49000
49000
50400
48000
48000
48400
48600
48400
48600
48000
47000
47000
47200
46400
46000
46600
46000
45800
45800
46800
46600
47000
47200
47000
46800
47000
46800
46800
49000
44800
45000
45000
44000
44000
43600
44800
44200
44000
44000
43200
43200
43600
44200
43600
42200
41400
42200
41200
40800
40600
40200
40000
38600
40800
43000
43000
42000
41000
42000
43000
44800
45600
46800
48600
47000
45800
46800
46000
46000
45800
43000
44000
44000
44000
45000
44000
44000
44000
46200
47800
47000
47000
47000
46600
46000
46800
47200
48000
47800
47800
47600
47600
46600
46800
46200
46200
48000
46800
47800
47800
47400
47400
47800
47800
47400
46600
46400
46400
46200
45200
46000
46000
46600
47000
47400
46400
46400
46600
47000
46200
47000
47000
46800
46800
46200
46200
46400
46800
47400
47400
47400
47000
47000
47200
47000
47600
46600
47000
46600
47000
46800
46800
46800
47400
46800
47200
47000
47000
47200
47000
47400
47000
48200
48000
47800
48000
47400
47800
48000
47400
47800
47600
47800
47600
48000
47800
47800
47800
48000
47200
47400
47600
47000
46800
47000
47000
47600
47600
48000
48200
48400
48200
48200
48200
47800
47600
48200
48400
47600
47600
48000
47800
47200
47800
47400
47000
47800
46800
47200
47000
46800
47000
47200
46800
47000
47600
47600
47000
47400
47000
47000
46400
46200
46800
47000
45600
46200
46000
46000
46200
46600
47200
46400
46600
46600
46000
46800
46600
46600
46800
46800
46800
46800
47000
47200
48200
46200
46600
46800
46600
46400
46800
46800
48000
47200
46600
47400
47200
47000
46400
46600
46600
46800
46600
46800
46800
46800
46800
46600
47000
47400
47000
47400
47000
47600
47600
47000
47800
47600
47000
47000
47000
47200
47400
47400
47200
47400
47200
47600
47200
47400
47600
47400
47800
47600
48000
47600
48000
48000
48000
47800
47600
48000
48400
48400
47800
47800
47600
48000
48200
47200
47000
46800
47200
48600
48400
48400
48000
48600
47800
48000
48000
48000
47800
48200
48400
48200
48000
48000
48200
48000
47800
48000
48000
47800
47800
48000
48200
49000
48200
48600
48800
48800
48400
48800
48800
48800
48400
48000
47800
48200
48000
48200
47800
46600
47000
48000
47200
47200
47600
47200
47000
47600
47800
47400
48200
48000
48400
48800
49000
49000
49600
49000
49000
49000
49000
49200
49800
50000
49200
49000
48800
49200
49400
49000
49800
48600
48600
48800
48800
48800
49000
48600
49200
48800
49600
49600
48600
48600
48600
48600
48600
48400
48400
48400
48600
49200
48800
49000
48800
49400
49000
48800
49400
48800
49000
49400
49400
49000
48600
49000
49000
48800
49000
49200
48800
49000
48800
49200
49000
48800
49200
49200
48800
48800
48600
48600
48800
49200
49800
49600
49800
49800
49600
49800
49800
49800
50000
50000
50000
50000
49800
50000
50000
49200
49800
49800
49600
50200
49800
49600
49400
49800
49400
49800
50000
49800
50200
50400
50000
49800
50000
49600
50000
50000
50000
50000
50200
51200
51200
50800
51400
51200
51400
51400
51000
51000
52000
52400
52600
52800
53000
53800
56000
58000
57000
57000
55000
53800
53200
54000
53800
54000
53400
54000
52000
52200
52000
52400
52200
52200
52200
52800
52600
58400
55200
56000
55600
56200
56800
55800
55800
56600
55200
55200
54800
55600
55400
55400
54600
54600
55000
55000
54200
55200
54200
53800
53600
54600
53800
53000
53400
53400
53000
52800
53400
53600
53600
53000
53600
53800
53600
53000
53000
53000
53000
53400
53600
53400
53800
53200
53800
53800
53200
53200
53600
53200
53400
53400
53000
53600
53600
52800
53200
52800
53200
53000
52600
53000
53000
53200
54000
53800
54000
53600
53800
53600
54000
53400
53800
53400
53400
53200
53000
53200
53200
53200
53200
53200
53200
53200
53200
54200
54200
54600
54000
54000
53400
54000
54000
54000
54600
55000
54600
54200
54200
55000
54800
54400
54800
55000
53600
53800
54200
54000
54000
54000
54800
54200
54200
54400
55200
54600
55000
55200
55200
55600
55800
55400
55400
55400
55400
55400
55400
55400
55800
56000
56200
56600
55400
56200
55800
55600
55400
54200
54800
54800
54600
55400
54800
54400
55400
55200
55200
55000
54600
55400
54600
55200
54600
55000
54600
54800
54600
54600
54600
54600
54600
54800
55000
55000
54400
55000
55000
55200
55200
54400
54400
54200
54600
54600
54000
54200
54000
54000
54800
55000
54800
54600
54800
54000
54400
54200
54600
54200
54200
54000
54000
54400
54400
54200
54200
54200
54600
54600
54200
54200
54400
54200
54000
54000
54000
54200
54200
54400
54400
54400
54200
54400
54200
54200
54400
54200
54200
54200
54400
54400
54600
54600
54600
54600
54200
54400
54600
54600
54800
54800
54800
54800
54800
55000
54800
54800
55000
55000
55400
55000
55200
55400
55200
55400
55400
55400
55600
55600
55400
55400
55400
56600
56400
55600
56200
55000
55000
54400
54400
55400
55400
55400
55800
56000
56000
55600
56200
55400
55600
55800
56000
56000
56600
56200
56400
56400
56200
56200
55600
56600
55800
56400
55800
55400
55600
55600
55200
55600
55400
55400
55800
55800
55600
55200
55200
55400
55400
55000
55400
55400
55000
55000
55600
55000
55200
55200
55600
55800
55400
55400
55800
56600
56400
56200
56000
56000
56800
56200
56400
56400
56400
55800
55800
55200
56000
55200
55200
55800
55400
55400
55400
55800
55600
55800
55400
55400
55400
55400
55600
55400
55800
55400
55400
55400
56200
56000
56000
55800
55800
56200
55400
55400
56000
56000
55400
55800
55400
55400
55400
55200
55000
55000
55400
55400
55000
55200
55200
55000
55000
55000
55200
55000
56000
56000
56200
56000
56000
56000
56200
56200
56800
56800
56000
56000
56000
56200
56000
56200
56000
56000
56800
56600
56600
56200
56000
56000
56600
56600
56400
56600
56200
56600
56600
56200
56400
56000
56400
56400
56200
56400
56400
56000
56800
56400
56400
56200
56600
56400
56400
56200
56200
56400
56600
56400
56200
55400
56600
56800
56600
56200
56200
56200
56400
56200
56000
56000
56000
56200
56000
56000
56800
56200
56000
57000
57000
56800
57000
56600
57000
56000
56400
56400
56400
56600
57000
56800
56800
56600
57000
56400
56600
56600
57000
57000
56800
57000
57800
57400
58000
57800
57800
57800
58000
57400
57800
57600
58000
56600
56800
56800
57200
57600
57600
57800
57000
57200
57200
56800
56800
56600
57000
57000
56800
57000
57000
56800
56800
57000
56800
56800
56800
56800
56800
56800
57000
57000
57000
57000
57200
57200
57200
57200
57200
57000
57000
57000
57000
56800
56800
57000
56800
56600
56600
56800
57000
57000
56800
56800
56600
56800
56800
56800
56800
56800
56600
56600
56400
56800
56800
56800
56800
57000
57000
57000
56800
57000
57000
57000
57000
57000
56800
57000
56800
56800
56600
56600
56600
56600
56800
56600
56600
56600
56600
56600
56800
56800
56600
56600
56800
56800
56800
56600
56400
56400
56600
57000
56400
57200
56400
57200
57200
57000
56800
57200
57800
57200
57000
57400
57000
57000
57400
57000
57000
56800
56800
56200
56800
56600
56600
56800
56000
56000
56600
56600
56600
56400
56400
56200
56400
56000
56000
57000
56800
56200
56000
56000
56000
56200
56000
56000
56200
56600
56400
56600
56800
56400
56000
56000
56800
56400
56600
56600
56600
56600
56200
56200
56000
56800
56800
56200
56200
56600
56000
56600
56200
56600
56400
56400
56200
56200
56000
56400
56400
56000
56400
56200
56600
56600
56200
56200
56400
56600
57800
56400
57200
57200
57200
56600
56800
57000
56600
56800
56800
56600
56600
56600
56600
56800
56800
57000
57000
56800
56600
57000
57000
56600
56600
57000
57000
56800
56800
56800
57000
57000
57000
57400
57400
57200
57000
56800
57200
56800
57000
57200
57200
57000
57000
56400
57000
57000
56600
57000
57600
57600
56800
56600
58000
59600
60000
59200
60200
59000
59800
59400
59600
59800
60000
60000
60000
60000
60000
60000
59800
59600
59400
59800
60200
60000
60200
60200
59800
59800
59600
59800
60200
60200
59400
60000
60000
60200
60000
59800
60000
59800
60000
60200
60200
60400
60600
60000
60000
60400
60600
60200
60200
60200
60200
60200
60200
60400
60200
60200
60200
60000
60600
60000
60600
60600
60600
60200
60200
60400
60200
60400
60200
60600
60400
60200
60000
60000
60000
59800
60000
60400
60000
60000
59600
59800
59800
60000
59800
59200
60000
60200
59800
59800
59800
60000
59800
59800
59600
59200
59000
59000
59600
59400
59000
59400
59400
59400
59000
59200
59200
59200
59600
58600
59200
59000
58400
58600
58600
58600
59200
59200
59000
58800
59000
59000
59400
59200
59600
59200
59400
59600
59200
59000
59400
59000
59400
59000
59000
59000
59000
59200
59000
58800
58800
59200
59000
59400
59200
59200
59600
59200
59600
59200
59200
59400
58800
59200
59200
59400
59400
59400
59600
59400
59400
59800
59800
59800
59800
59800
59800
59800
59400
59400
59200
59400
58800
59200
59200
59400
58600
59200
59400
59400
58800
59200
58800
59000
59800
59400
59400
59400
59200
58800
58800
59200
59200
59000
59200
59000
59000
59200
59000
59000
59200
59200
60600
59400
59600
59200
59000
59400
59200
59200
59600
59200
59200
59400
59600
59200
59200
59200
59400
59400
59600
59800
59600
59400
59600
59600
59200
59600
59600
59400
59200
59600
59600
59600
59400
59400
59000
58600
59200
59800
60000
59800
59600
59600
60200
60400
60400
60400
60200
60000
60000
63000
63400
62000
62200
62200
62000
61400
62000
62000
62600
63200
62400
62200
62400
62600
61400
61200
62200
62400
63000
64200
62200
62000
63000
62800
62800
61800
62000
61200
61200
61200
61600
62200
62400
62400
62400
62200
62000
61600
62000
61600
62200
61800
61600
61600
61600
61600
61800
62400
62400
62600
62600
62400
62200
62400
62000
62200
62200
62600
62400
62200
62000
62000
62200
62000
61600
62200
61800
62000
61800
62400
61600
62200
62200
61800
62000
62200
62200
61800
62000
62000
62000
62000
62000
61800
61600
61800
61400
61200
61000
61400
62000
61600
61800
61400
62400
62200
61400
61600
61800
62000
61800
61600
62000
62200
61800
62000
61600
62000
62000
61000
61400
61000
61200
61000
61200
61200
62000
62000
60600
61000
61200
61000
61200
61000
61000
61400
61200
61000
61200
61000
61000
61000
62000
61200
61600
61600
61400
61600
61200
61200
61000
61400
61400
61000
61000
61800
61800
61800
61800
61400
61200
61800
62000
61600
61600
62000
62400
61600
61400
61800
61800
61800
62200
62000
62200
62400
62000
62400
62000
62200
62400
62000
62000
62000
62000
62000
62200
61800
62000
62000
62000
61800
62400
62000
62000
61800
61800
62200
62400
62200
62200
62400
62800
62400
62000
62400
62000
62000
62200
62200
62000
62000
61800
61800
62000
62000
62000
62000
62200
62000
62000
62000
61800
61800
62000
62200
62200
62400
62400
62400
62000
61600
62000
62000
62000
62000
61600
61800
61600
61600
61600
61600
61400
61600
61400
61600
61000
61800
61600
61600
61600
61000
61200
60800
60600
60800
60800
61000
61000
61000
61000
60800
61000
60600
60800
60800
60800
61000
61000
60800
61000
61200
61200
61000
61000
62000
61800
61800
62200
61800
62200
61600
62200
61600
62000
62000
62400
62400
62400
62000
61600
62200
62200
62000
62200
61600
61800
61800
61800
62000
61800
62000
62000
62000
61600
61600
62000
62200
62200
62200
62000
62000
61600
61800
62200
62000
61800
61800
61800
61800
61400
61600
61400
61800
61400
61000
61200
62000
61600
61600
61600
61000
61600
61600
61400
61400
61600
61800
61600
61600
61600
61400
61200
61400
61600
61200
61200
61000
61200
61200
61200
61200
61400
61400
61200
61400
61600
61600
61600
61400
62000
62000
62000
62000
62200
62200
62200
62000
62200
62000
62000
62200
62000
62200
62000
62000
62200
62000
62400
62400
62400
62400
62400
62400
62400
62600
62400
62800
62600
62600
62400
62600
62800
63000
63000
63000
62400
63000
63000
63400
63200
63200
63000
63600
63200
63600
63400
63600
63600
64000
64000
64200
64200
65000
64600
65200
65400
64000
64600
65400
65400
65400
64800
65000
64600
64600
65000
64600
64000
64000
64400
64400
64000
64200
64200
64800
64200
64400
64000
63400
64800
65000
64600
65000
64600
65800
65800
65200
65000
65200
65000
65000
64800
65800
65000
65000
64800
64800
65200
65000
65400
65200
65000
65000
65000
65200
65000
65200
65400
65600
65600
65600
65200
65600
65400
65400
63000
62000
61000
62000
62000
63000
61800
62200
61600
61800
61200
61400
62000
61400
61400
62400
61600
61400
61800
61800
61800
62000
62000
61800
61000
61400
62000
61400
61400
61600
61800
61800
61400
61400
61800
61200
61600
61800
61400
61400
62200
61600
61600
61800
61400
61400
62000
61200
61400
64600
62600
62400
63000
62400
62400
65000
65000
65400
65000
65000
65200
65400
65000
65200
65000
65000
65000
65000
65000
65400
65000
63800
65400
65200
65400
65200
65000
65200
65400
65000
65000
65400
65400
65400
65000
65000
65200
65000
65000
65400
65400
65200
65200
65400
65600
65200
65400
65600
65200
65200
65200
65200
65200
65000
65200
65200
65200
65400
65400
65400
65200
65200
65200
65200
65000
65400
65200
65400
65400
65400
65400
65600
65600
65600
65800
65200
65400
65400
65200
65400
65600
65200
65400
65200
65400
65000
65400
65400
65200
65400
65200
65200
65400
65400
65200
65200
65200
65200
65200
65400
65200
65200
65200
65400
65200
65200
65200
65400
65200
65400
65400
65600
65600
65800
65600
65400
65400
65600
65400
65400
65400
65600
66000
66000
65600
66000
66000
67000
65600
67000
66800
66800
66400
65800
66000
65400
