close
55.0
55.0
52.1
53.1
53.5
53.1
56.0
54.1
58.7
58.9
55.0
55.0
55.0
55.0
55.0
55.0
55.0
53.0
53.0
53.0
53.0
50.0
50.7
50.1
47.1
49.6
47.2
49.6
52.0
51.9
52.0
51.9
51.9
51.9
47.9
51.9
51.8
50.9
50.0
48.7
49.0
50.2
50.2
50.1
50.0
50.8
50.2
50.9
47.0
48.1
50.0
50.9
50.9
47.0
50.8
50.8
50.9
50.9
50.9
52.0
52.0
51.9
47.2
50.6
52.9
50.9
50.9
49.1
50.9
51.0
49.1
59.8
50.5
52.6
51.0
52.0
56.8
55.5
55.5
55.5
56.9
56.0
55.5
54.8
54.9
53.0
56.8
51.2
52.6
50.0
52.1
52.0
51.8
51.9
51.9
51.9
51.9
51.9
48.5
50.0
50.8
50.0
51.9
50.9
50.9
50.8
50.5
50.5
50.5
50.5
50.5
50.5
51.9
51.1
51.1
52.9
50.2
50.0
50.0
49.3
49.1
50.0
49.0
49.9
49.0
49.0
46.7
49.9
49.7
50.8
50.8
49.1
48.3
48.8
47.0
47.0
46.6
46.6
46.6
48.9
49.3
49.3
46.3
45.0
45.5
46.0
46.0
47.3
46.1
46.9
47.4
45.3
45.2
45.3
46.1
46.1
46.2
46.1
45.1
44.4
44.9
45.7
45.1
44.8
44.0
44.0
44.5
46.4
44.5
44.5
44.5
44.1
44.8
44.1
45.0
44.0
44.1
44.0
44.0
44.0
44.0
45.9
44.1
45.0
43.8
44.5
45.1
45.1
45.5
45.0
45.5
44.3
44.6
44.1
44.0
43.1
44.5
45.8
49.5
46.7
49.4
45.7
47.7
52.0
48.3
51.9
52.0
48.4
48.0
48.4
46.2
47.5
47.4
46.5
45.4
45.5
46.0
46.0
45.5
45.5
45.0
45.5
45.0
45.4
45.5
45.5
45.5
45.0
45.4
45.5
45.5
45.5
45.5
45.5
45.5
45.5
45.5
43.7
44.9
45.3
43.9
43.8
43.7
45.0
43.6
44.8
43.4
43.9
44.0
44.1
43.3
45.2
43.8
44.9
44.9
44.1
43.7
43.3
43.1
43.0
42.9
43.9
40.8
41.9
42.8
42.5
43.0
43.0
42.5
43.0
43.0
42.4
42.9
42.0
42.5
42.1
41.3
41.2
43.2
44.2
44.0
44.0
44.5
42.6
42.8
42.9
42.9
43.6
43.0
43.0
42.1
42.3
42.3
42.1
42.1
41.1
41.4
43.3
43.5
44.0
44.0
44.0
40.0
41.9
41.2
41.2
42.9
42.9
42.9
43.0
43.0
41.1
42.9
41.4
41.7
41.2
41.4
42.3
41.2
41.3
42.8
41.7
41.5
41.7
41.5
41.7
43.2
41.4
42.9
41.2
41.0
41.7
41.5
40.8
42.5
42.5
41.1
42.1
41.2
41.1
40.2
40.2
41.1
41.1
39.3
41.0
39.9
39.9
39.1
40.0
39.0
38.9
38.7
38.7
38.5
39.9
41.0
39.0
38.5
39.0
39.0
38.9
39.0
38.5
49.0
49.0
39.0
39.9
38.5
38.5
38.5
38.5
38.5
38.5
38.8
38.5
37.5
38.3
38.5
38.5
38.1
38.5
38.5
38.2
37.6
38.0
37.5
37.5
37.7
38.1
38.2
38.2
37.5
37.5
37.5
37.5
37.7
38.0
37.7
38.0
38.0
37.9
38.9
38.0
37.3
38.0
38.9
37.3
38.8
39.0
38.8
37.7
39.3
38.0
37.9
38.0
38.0
37.9
37.9
37.8
38.5
36.9
36.9
37.0
37.0
36.6
36.9
37.0
37.0
37.7
37.7
37.2
37.1
37.2
37.7
37.6
37.0
37.0
37.0
37.0
37.9
37.5
37.4
37.3
37.0
37.0
36.5
37.0
36.8
36.9
36.9
36.9
37.7
37.7
37.5
37.0
37.0
36.0
36.5
36.5
36.5
36.5
36.4
37.0
36.1
36.0
35.8
36.0
36.1
35.8
36.1
35.8
35.1
35.8
36.2
36.1
36.1
36.1
36.0
36.2
36.7
36.3
36.7
36.0
35.8
36.0
36.0
35.7
31.3
35.7
35.0
34.5
34.9
34.9
34.0
34.4
35.1
34.8
34.7
34.9
36.7
35.5
35.5
35.0
35.5
36.8
37.0
35.5
36.5
35.6
34.3
35.2
33.1
34.6
34.7
33.6
34.3
34.3
34.5
33.4
33.8
33.9
34.3
34.4
35.3
34.0
35.2
34.9
34.7
34.3
33.0
33.9
33.9
33.9
33.8
33.7
34.0
34.0
35.3
34.0
32.4
32.6
33.7
33.9
34.0
32.0
33.4
33.8
33.8
33.9
32.6
33.2
33.2
32.6
32.9
33.0
33.3
33.0
33.0
32.1
33.2
31.7
32.8
33.5
32.3
32.0
29.9
30.0
30.7
30.9
30.0
30.6
30.0
30.5
30.5
30.6
27.2
28.2
28.0
28.5
28.5
28.5
28.2
27.6
28.5
28.7
28.0
27.8
28.5
32.8
32.8
32.8
30.6
30.6
30.5
29.4
32.2
32.3
34.7
34.0
34.0
34.2
33.8
31.5
30.5
35.4
35.3
35.6
32.6
33.1
33.0
32.7
32.6
32.4
31.0
32.3
31.2
31.1
31.1
30.9
30.1
30.8
31.0
32.6
35.1
33.4
34.0
33.3
32.5
32.5
33.4
33.5
33.5
33.5
32.7
31.7
32.5
33.5
33.5
33.0
33.2
32.7
31.4
33.4
33.3
33.5
32.7
32.6
32.7
31.3
32.0
31.4
31.0
30.9
31.0
30.9
31.1
31.3
30.4
30.0
29.9
29.5
30.0
30.0
30.1
29.8
29.6
29.1
29.5
29.5
31.0
31.5
31.3
31.0
31.0
31.0
31.5
33.8
33.3
31.0
31.0
31.0
31.0
30.6
30.0
31.0
32.7
33.5
33.4
33.4
34.0
32.0
33.3
33.4
33.9
34.8
34.0
34.0
34.0
34.4
34.0
34.4
31.0
31.4
31.6
32.8
31.3
31.0
32.8
32.8
31.8
32.5
31.0
31.1
32.5
31.9
31.8
32.5
34.2
32.8
32.5
31.8
31.8
32.3
32.0
34.4
34.5
34.5
32.5
33.0
34.4
35.2
36.4
38.0
37.0
33.0
36.3
34.1
32.4
33.3
33.5
34.7
33.0
33.5
33.5
34.6
33.5
34.4
32.7
32.7
35.1
35.1
36.5
38.0
36.0
36.1
36.0
36.0
37.6
34.0
37.9
38.8
41.0
39.4
39.2
40.0
38.0
37.9
38.0
38.0
38.0
38.0
37.1
37.0
37.0
38.3
38.3
41.0
41.5
38.9
39.5
39.2
39.5
39.5
40.5
39.5
40.5
37.5
37.0
39.5
39.5
37.1
38.3
38.3
38.5
35.9
37.3
36.9
36.9
38.5
38.0
36.9
38.0
42.3
37.6
39.4
39.5
39.0
40.1
39.1
39.6
39.6
38.4
41.6
39.5
39.1
39.0
39.3
37.2
38.6
38.2
38.0
38.0
38.0
38.0
41.0
40.0
40.1
40.1
42.0
38.7
39.0
39.0
39.0
41.0
40.7
39.5
41.1
41.1
41.1
42.0
41.2
41.5
39.5
39.5
39.4
39.8
40.0
40.0
39.7
38.2
39.1
38.6
39.7
42.5
39.0
39.0
38.7
39.0
41.0
41.0
40.0
41.0
40.0
42.4
43.0
40.2
40.3
40.4
39.6
40.9
40.5
39.3
40.2
40.4
38.0
38.6
40.4
40.4
40.4
41.4
41.2
50.0
47.0
47.0
47.0
47.0
52.0
52.0
50.0
45.0
48.0
51.6
46.6
49.9
50.0
50.0
47.5
48.2
53.3
57.0
56.9
49.9
50.4
48.0
48.8
50.0
53.0
49.1
57.1
51.6
51.5
57.0
58.0
58.4
58.4
60.0
59.7
63.8
62.8
60.0
58.8
58.0
58.0
58.0
55.0
56.4
62.0
61.8
59.9
59.9
57.9
59.8
70.0
62.0
61.7
63.7
69.9
62.1
66.2
70.0
69.9
63.1
69.8
64.8
76.0
77.0
79.5
82.1
82.1
81.8
81.8
84.0
75.7
75.7
80.7
74.3
73.0
80.0
73.3
75.9
72.1
76.0
76.2
79.9
85.0
83.7
84.7
83.8
83.9
83.9
80.5
77.3
75.0
69.8
67.1
71.0
72.1
72.6
71.0
68.1
69.5
69.7
70.9
67.6
67.0
67.0
67.0
66.9
66.1
66.0
66.7
65.7
65.9
66.0
77.7
74.5
69.8
68.8
68.0
67.0
68.0
67.2
69.3
68.8
68.0
68.4
70.0
65.8
67.4
66.6
67.6
66.2
67.2
69.0
70.0
71.0
71.8
73.5
71.5
71.0
73.5
74.0
75.5
78.5
79.1
85.0
84.2
76.4
77.6
84.8
88.7
89.0
84.7
80.1
80.0
82.6
78.0
80.1
81.9
85.0
76.8
89.9
94.0
87.6
89.0
89.0
90.0
94.9
93.9
93.7
93.0
99.7
95.0
94.7
94.7
90.2
94.4
92.6
95.8
99.9
95.8
96.0
96.0
83.3
84.4
84.3
84.1
87.0
83.1
76.1
78.0
78.8
78.5
78.8
73.0
75.1
72.0
73.6
73.5
73.8
73.7
73.7
73.5
68.0
69.2
69.8
70.0
72.0
70.1
76.3
77.9
78.0
77.9
77.0
78.4
89.9
70.4
79.5
79.7
89.9
87.1
90.0
93.6
104.0
92.4
101.0
102.0
105.0
102.0
104.0
109.8
95.2
104.3
95.7
104.0
99.2
94.5
105.0
100.3
100.0
95.0
102.0
103.9
101.0
100.0
102.9
95.8
98.9
95.1
96.3
98.4
92.8
92.8
93.0
93.1
86.9
89.6
92.0
87.0
90.0
89.9
86.0
89.1
90.0
88.7
86.7
86.8
84.0
85.3
80.1
82.9
81.1
81.9
82.0
81.8
84.0
84.0
79.0
79.0
80.0
80.1
79.0
80.8
80.9
80.0
80.1
79.0
80.2
80.9
80.0
80.0
85.0
80.9
82.0
82.0
82.0
81.1
84.9
86.0
83.9
87.0
87.1
87.1
87.1
87.0
89.2
84.7
87.0
86.0
88.9
88.5
98.6
90.0
90.0
87.1
87.1
87.2
87.0
86.5
86.0
84.9
85.4
84.5
84.0
82.1
84.0
85.5
85.5
86.7
86.7
81.1
81.5
79.1
80.3
79.9
80.5
79.0
83.2
82.9
80.2
79.9
80.6
79.6
79.9
79.5
79.5
79.6
80.0
84.5
81.9
77.8
80.9
78.7
78.8
78.7
79.9
80.9
77.5
78.2
79.0
79.1
78.9
78.0
75.5
75.6
76.8
76.4
75.0
75.7
69.8
58.8
57.9
56.0
57.0
57.5
57.4
57.4
55.8
56.5
55.7
59.0
55.6
61.0
61.4
59.5
58.2
57.5
58.1
58.7
58.6
58.6
57.5
59.9
60.0
58.4
58.3
58.5
57.5
57.0
57.8
58.4
56.5
56.2
56.0
56.4
56.9
60.3
59.0
59.0
60.0
59.1
59.0
56.2
58.0
58.0
59.5
59.5
59.7
60.5
57.9
56.8
56.8
56.3
56.3
56.0
62.4
58.5
58.7
58.6
60.0
60.0
60.4
61.8
58.5
61.5
61.8
61.8
61.8
59.5
59.9
60.0
60.0
61.0
60.0
61.0
61.4
60.1
60.0
59.0
60.6
60.1
59.5
60.0
61.0
61.0
61.0
61.0
60.1
64.5
62.5
62.5
62.7
60.6
60.5
62.4
60.8
60.9
60.5
60.7
60.7
57.5
58.3
56.6
57.3
55.1
58.3
58.1
58.5
59.4
59.4
63.0
65.0
70.0
67.0
68.9
66.9
66.5
66.2
62.1
63.4
65.9
65.7
67.7
68.7
65.6
68.2
68.0
65.5
67.6
67.7
68.9
65.0
63.0
62.9
62.2
63.2
61.3
66.7
64.3
60.9
62.3
61.2
61.2
61.2
61.0
62.1
62.0
61.5
61.7
61.9
62.0
61.7
62.4
60.0
60.4
60.3
62.5
70.0
78.0
78.5
76.5
79.7
84.2
82.1
84.2
84.2
81.2
81.8
81.5
74.0
73.0
74.0
75.2
90.1
95.0
100.0
105.0
104.4
102.0
105.1
104.2
88.1
102.5
108.0
103.4
104.0
103.2
102.9
103.0
102.0
93.0
93.1
102.0
102.0
102.1
105.0
110.0
109.9
119.0
109.0
116.3
113.3
111.0
110.3
110.3
106.2
118.9
117.0
112.4
110.0
104.0
109.9
112.0
103.9
103.1
106.8
105.2
102.0
102.0
102.1
104.1
102.3
102.0
102.1
104.9
102.0
102.0
102.0
98.9
98.4
102.0
99.7
100.0
102.0
102.1
102.0
102.0
103.0
102.1
102.0
102.0
102.9
102.0
102.0
102.0
102.0
101.8
102.0
90.0
102.1
102.0
102.0
102.0
102.0
119.0
115.0
108.6
113.5
103.5
108.3
110.0
103.5
103.6
104.0
103.6
103.5
104.0
105.0
105.0
105.0
105.0
105.0
105.0
105.0
105.0
105.0
105.0
105.0
105.0
105.0
105.0
105.0
109.1
109.0
105.3
105.2
105.0
111.0
110.0
106.0
105.1
105.0
104.0
105.0
104.5
105.0
112.9
112.7
112.6
115.0
115.0
130.0
120.0
116.0
115.9
115.8
140.0
140.0
140.0
122.1
130.0
139.5
133.1
140.0
135.5
135.0
140.0
140.1
142.0
140.1
149.9
147.0
145.0
150.0
152.0
157.0
160.0
149.6
160.0
165.0
175.0
175.0
177.0
180.0
180.0
179.0
180.0
180.0
170.2
171.2
171.2
156.2
174.0
164.6
140.1
147.0
158.3
157.0
150.5
149.1
140.5
170.0
160.0
155.0
155.1
160.0
162.7
160.0
160.1
160.1
178.9
178.6
178.6
168.0
160.1
160.0
160.0
160.0
120.8
137.7
150.0
150.0
155.8
154.0
150.0
150.0
150.0
150.0
150.0
168.9
167.0
167.0
167.0
152.0
167.0
180.7
153.0
153.0
155.0
173.5
168.5
160.0
160.0
159.0
159.0
153.0
155.0
157.0
158.5
158.0
157.0
186.0
159.0
159.0
159.5
159.5
160.0
160.0
160.0
162.0
161.0
161.5
179.5
152.5
157.5
157.5
157.0
158.0
165.5
167.5
174.0
168.0
174.5
169.5
170.0
160.5
151.0
160.0
158.5
165.0
164.5
164.5
154.0
156.0
160.5
167.5
165.5
175.0
155.5
153.5
162.5
162.5
163.0
172.0
174.0
174.0
171.5
174.5
174.5
179.5
165.0
172.0
165.0
155.5
157.0
161.0
161.5
162.0
163.5
172.5
168.5
174.5
180.0
168.0
186.5
177.0
180.0
185.5
176.0
176.0
186.0
186.0
179.0
179.0
179.0
186.0
186.5
200.0
214.0
214.0
201.0
192.0
200.0
180.5
178.0
170.0
167.0
167.5
159.0
158.5
160.0
159.5
163.0
170.0
168.0
168.5
173.5
176.0
177.0
183.0
184.5
180.0
188.0
189.0
190.0
185.0
180.0
180.0
178.5
186.0
195.0
181.5
190.5
186.0
189.5
180.0
180.0
176.5
183.5
185.5
185.0
189.5
186.0
185.5
185.5
184.5
184.5
185.0
190.0
185.0
185.0
190.0
199.0
191.0
190.5
193.5
194.0
192.0
195.0
195.0
198.5
200.0
197.0
200.0
200.0
200.0
200.0
200.0
200.0
200.0
200.0
195.0
195.0
196.0
200.0
195.0
195.0
200.0
200.0
199.5
195.0
195.0
195.0
195.0
195.0
195.5
195.0
194.5
175.0
193.5
181.0
182.0
172.5
175.0
175.0
182.0
171.0
171.0
170.0
174.5
168.0
170.5
160.5
160.5
169.0
166.5
167.0
162.5
164.5
165.0
165.5
165.0
165.5
169.0
167.5
165.0
161.5
164.5
167.5
168.5
167.5
168.0
173.0
168.0
169.0
164.5
172.5
165.0
167.5
173.5
171.0
171.5
178.0
184.0
184.0
190.0
195.0
180.0
168.0
163.5
164.0
162.0
148.0
150.0
153.0
150.0
150.0
150.0
148.0
150.0
150.0
150.0
152.0
152.0
150.0
150.0
152.0
152.0
148.0
143.5
142.0
144.0
144.5
140.0
140.0
140.5
140.0
138.5
138.0
134.0
132.0
132.5
133.0
130.0
131.5
128.0
128.5
123.5
123.0
121.5
121.5
124.0
124.0
124.0
125.5
126.0
126.0
130.0
128.0
131.5
133.5
133.5
133.5
147.5
143.5
145.0
144.0
144.5
142.0
149.0
149.5
150.0
150.0
150.0
145.5
136.0
136.0
136.0
140.0
132.0
136.0
134.0
136.0
137.0
140.5
138.0
134.0
132.5
132.5
133.0
134.0
133.0
132.0
132.5
133.5
129.0
133.0
133.5
134.0
134.0
130.5
133.0
133.5
133.5
130.5
127.5
126.0
130.0
131.0
132.0
127.5
127.5
130.0
157.0
154.0
140.5
153.0
143.0
147.5
152.0
159.0
153.0
150.5
157.5
155.0
166.0
161.5
152.5
157.5
162.0
165.0
169.0
159.0
159.5
160.0
159.0
162.0
155.0
161.0
162.0
174.0
154.5
160.5
160.0
162.5
162.0
162.0
162.5
169.0
165.5
162.0
162.0
165.0
165.0
162.0
162.0
162.0
165.0
162.0
165.0
165.0
165.0
167.5
167.5
167.5
162.0
162.0
162.0
162.0
167.5
173.0
165.0
172.0
166.0
165.0
168.0
166.0
161.0
166.0
166.0
162.5
162.0
162.5
158.0
164.5
164.5
165.0
166.0
166.0
166.0
166.0
166.0
166.0
166.0
166.0
165.0
161.5
164.5
166.0
164.0
162.0
165.5
166.0
160.0
161.0
160.0
164.0
160.5
160.0
163.5
165.0
165.0
158.5
164.5
161.0
161.0
159.5
161.0
165.0
165.0
160.0
161.0
158.0
160.0
164.5
165.0
166.0
163.0
159.5
155.0
159.5
162.0
162.5
162.0
165.0
165.0
165.0
164.5
164.0
164.0
164.5
161.0
160.5
161.0
160.5
164.0
163.5
164.5
171.5
170.5
171.0
172.0
165.0
175.0
168.0
168.0
169.0
168.5
168.5
170.0
170.0
169.0
175.0
170.0
176.0
177.0
180.0
179.5
177.5
180.0
190.0
190.0
189.0
189.0
189.0
189.5
180.5
189.0
199.0
199.0
196.0
194.0
199.0
200.0
185.5
188.5
191.5
199.0
184.0
199.0
198.5
183.0
188.0
185.0
185.0
185.0
187.5
200.0
188.5
169.0
182.0
168.0
175.0
168.0
166.0
169.5
169.5
171.5
170.5
173.0
176.0
160.5
152.0
154.5
153.5
153.5
153.5
151.0
151.0
154.0
154.0
154.0
153.5
154.0
156.0
159.0
141.0
142.0
142.5
144.0
144.5
145.0
144.0
142.5
140.5
142.5
141.5
144.5
144.5
142.5
140.0
140.0
138.0
139.5
140.0
145.0
148.0
150.0
145.0
149.5
149.5
139.5
140.0
135.0
140.5
139.5
140.5
130.0
131.0
133.5
135.5
138.5
139.0
145.0
141.0
138.0
140.0
139.5
140.0
140.0
140.0
140.0
145.0
142.0
144.0
144.0
144.5
148.5
140.0
139.0
139.0
138.5
138.0
137.0
138.0
133.0
136.0
139.0
142.5
145.0
149.0
160.0
161.5
165.0
174.0
163.0
174.0
173.5
184.0
180.0
176.5
186.0
180.0
182.5
180.5
198.0
187.5
187.5
205.0
195.5
201.0
201.5
201.0
187.5
203.0
209.0
195.5
197.5
202.5
201.5
200.5
189.5
202.0
195.0
186.5
187.0
199.5
203.5
199.0
199.0
218.0
225.0
259.0
205.0
211.5
211.5
207.0
205.0
195.5
207.5
216.5
205.0
201.5
204.5
227.0
208.5
200.5
220.0
225.0
205.5
206.0
210.0
211.0
225.0
219.0
208.5
208.5
205.5
216.5
206.5
211.5
215.0
208.5
210.5
206.0
206.0
206.0
199.5
205.5
198.5
205.0
200.5
200.0
198.0
200.0
200.0
196.0
200.0
199.5
200.0
197.5
199.5
200.0
200.0
200.0
196.0
200.0
199.5
200.0
200.0
200.0
200.0
205.0
205.0
205.0
199.5
205.0
205.0
200.5
205.0
205.0
200.0
192.5
200.0
204.5
199.5
200.0
185.0
190.0
195.5
205.0
200.0
204.0
190.0
200.0
198.0
203.5
205.0
204.0
204.0
204.0
200.0
200.0
200.0
204.0
200.5
204.0
204.0
205.0
200.0
200.0
200.0
200.0
195.5
190.0
200.0
209.5
200.0
200.0
199.0
200.0
200.0
200.0
195.5
195.5
200.0
219.5
200.0
200.0
200.0
200.0
200.0
200.0
203.0
203.0
199.5
196.0
202.5
196.5
202.0
196.5
197.0
201.0
200.0
197.0
199.5
195.0
196.0
198.5
197.0
197.0
199.0
197.5
194.5
200.0
199.0
200.0
200.0
199.5
199.5
200.0
200.0
200.0
199.0
199.0
184.0
199.0
195.0
195.0
199.0
203.0
199.0
184.5
190.0
187.0
183.5
195.5
185.5
192.5
192.0
191.0
180.0
175.0
175.0
178.5
175.0
172.0
175.0
175.0
169.5
170.0
165.0
165.0
165.0
160.0
165.0
165.0
160.0
169.0
161.5
160.0
165.0
155.0
158.5
166.5
163.0
155.0
159.0
151.5
158.5
157.0
155.0
158.5
154.0
167.0
160.0
160.0
159.5
155.0
152.0
152.5
156.0
152.0
157.5
158.5
158.5
161.5
160.0
160.0
161.5
149.5
152.5
155.0
153.0
150.0
150.5
150.0
147.0
145.5
149.5
150.0
150.0
137.5
145.0
152.0
155.0
150.0
150.0
145.5
145.0
146.0
150.0
141.0
144.0
141.0
138.0
138.5
138.0
138.5
137.0
144.5
147.5
140.5
150.0
150.0
155.0
154.0
175.0
182.5
170.0
162.0
165.0
168.0
170.0
168.0
165.0
165.5
165.0
162.0
160.0
161.0
161.0
161.5
161.0
161.0
161.0
161.0
160.0
161.0
155.0
153.0
156.0
158.0
152.0
150.0
153.5
150.0
150.0
150.0
150.0
148.0
148.0
149.0
150.0
145.0
150.0
145.0
145.0
145.0
145.0
145.0
150.0
138.0
149.5
141.0
144.5
141.0
149.0
149.0
148.0
149.5
149.5
134.0
148.0
143.0
147.0
147.0
148.0
147.5
144.0
145.0
140.0
140.0
140.0
140.0
140.0
140.0
140.0
140.0
140.0
144.0
140.0
140.0
140.0
140.0
140.0
140.0
140.0
140.0
140.0
141.5
140.0
142.0
139.5
140.0
137.5
140.0
140.0
140.0
139.0
140.0
140.0
140.0
140.0
139.5
139.5
140.0
140.0
138.5
139.0
145.0
141.0
147.0
150.0
152.0
143.5
139.0
141.5
141.5
141.5
141.0
141.5
143.0
141.5
142.0
141.5
141.5
140.5
140.5
141.0
142.5
142.5
140.0
140.0
140.0
141.5
143.0
140.0
141.0
140.0
140.5
138.0
140.5
138.5
139.5
139.5
139.5
140.0
139.5
138.5
138.5
140.0
139.5
140.0
138.5
138.0
138.0
139.0
138.0
141.5
140.0
142.0
138.0
138.5
139.0
139.0
139.0
125.5
138.0
137.5
138.0
135.5
139.0
136.0
138.5
138.0
138.0
138.5
138.0
138.0
137.5
132.0
140.0
140.0
139.5
136.5
134.5
139.0
136.0
138.5
137.5
135.5
135.0
135.0
138.0
138.5
132.0
136.0
140.5
138.5
138.0
138.0
140.0
140.0
135.5
138.0
134.5
137.0
137.0
135.5
136.0
139.5
139.5
139.5
140.0
138.0
142.0
141.0
141.0
139.0
141.0
141.0
140.0
143.5
143.0
143.0
143.0
143.5
144.0
143.0
144.0
143.0
146.5
143.0
143.0
143.0
143.0
143.0
143.0
143.0
143.0
141.5
142.0
140.0
146.0
146.0
147.0
150.0
150.0
146.5
146.0
146.0
146.0
142.5
143.0
143.5
143.5
146.0
143.5
142.5
144.5
144.5
144.5
144.0
143.5
142.5
143.0
142.5
142.5
141.0
138.0
140.5
142.0
143.0
142.0
142.5
142.0
141.0
141.0
141.0
141.0
144.0
141.0
141.0
141.0
141.0
141.0
142.5
141.5
141.5
139.0
140.5
140.5
140.5
138.5
138.0
137.5
136.5
137.5
139.5
139.0
139.5
138.5
139.0
139.5
141.0
137.5
138.5
138.5
138.5
140.0
140.5
138.0
138.0
138.0
144.5
148.0
144.5
145.0
144.5
141.0
143.5
143.0
150.0
152.5
152.0
151.0
157.5
158.0
155.0
156.5
156.0
153.5
153.0
154.0
148.0
148.0
148.0
149.5
146.0
147.5
149.5
153.5
151.5
152.5
150.0
148.5
149.5
148.0
149.5
155.0
152.5
151.0
152.0
150.5
151.0
150.5
150.5
151.5
150.0
151.0
150.0
150.0
150.0
149.0
158.0
152.0
153.0
152.5
154.5
154.5
153.0
154.0
149.0
148.5
150.0
148.0
149.5
149.5
149.0
147.0
146.5
146.0
147.0
147.0
146.5
146.5
146.0
144.5
144.5
144.0
147.0
147.0
148.0
145.0
147.0
145.0
144.5
145.5
146.0
146.5
145.0
145.5
145.0
146.5
144.5
145.5
144.5
144.5
145.5
145.0
143.0
145.5
140.5
144.0
144.5
143.0
145.5
144.5
144.5
141.5
144.0
144.0
144.5
146.0
144.0
148.0
149.5
149.5
149.0
149.0
148.5
147.5
148.0
147.0
147.0
145.0
145.0
145.0
147.5
145.0
145.5
142.5
145.0
144.5
145.0
145.0
145.0
145.0
145.0
142.0
145.0
145.0
145.0
149.0
145.5
146.5
148.5
153.0
150.0
148.5
149.0
147.5
148.5
148.5
150.0
149.0
151.5
150.5
150.5
150.5
150.0
149.5
148.5
149.0
149.0
149.0
156.0
153.0
152.5
153.0
153.0
156.0
156.0
155.5
155.0
155.0
161.5
160.0
165.5
181.5
175.5
176.0
175.0
174.0
176.0
178.5
173.5
183.0
184.0
188.0
183.5
183.0
192.0
186.0
189.0
194.0
195.5
199.0
193.0
193.0
193.0
193.0
193.5
195.0
200.0
201.5
201.5
202.5
201.5
201.5
201.5
201.5
203.0
201.0
202.5
201.5
202.0
208.0
208.0
205.5
205.5
204.0
207.0
203.5
205.5
211.0
212.0
212.0
215.0
212.5
210.0
214.0
210.0
205.5
207.5
207.5
209.5
207.0
214.0
217.0
229.5
228.0
226.0
220.5
216.5
216.0
216.0
210.5
214.5
216.0
216.0
238.5
235.5
241.0
237.5
237.0
237.5
235.0
238.0
237.5
249.0
246.5
243.0
244.5
230.5
235.0
247.5
247.5
249.0
249.5
242.5
242.5
241.5
243.5
241.5
243.5
238.0
238.5
238.0
236.5
236.5
236.0
236.0
236.0
235.0
234.0
222.5
222.5
222.5
223.5
225.0
228.0
228.0
222.5
213.0
213.5
213.5
210.5
210.0
203.0
203.0
204.0
204.5
205.0
207.5
198.0
204.0
207.0
207.0
205.0
211.0
210.5
202.5
202.0
208.0
208.0
204.0
201.0
201.5
206.5
206.5
202.0
201.5
206.0
203.0
205.0
204.0
202.5
201.0
205.0
205.5
206.0
206.0
207.5
208.0
206.0
205.0
205.0
209.0
209.0
203.0
203.5
202.0
202.0
205.0
207.5
205.0
205.0
208.0
205.0
200.0
194.5
200.0
198.5
198.5
197.5
198.5
198.5
199.5
197.5
202.0
202.0
210.0
209.0
209.0
209.0
207.0
212.5
215.0
217.5
214.0
218.5
219.5
221.0
213.5
219.0
231.0
245.0
248.0
243.0
288.0
278.0
284.0
276.0
271.0
250.0
247.5
247.0
243.0
259.5
252.0
255.0
255.0
251.5
248.5
246.0
244.0
242.0
240.0
240.0
236.0
221.0
222.0
225.0
234.5
225.0
220.5
225.5
225.0
227.5
228.0
232.5
230.0
218.5
224.5
224.5
225.0
225.0
224.5
230.0
230.0
232.0
249.5
230.5
228.5
228.5
230.0
219.5
224.5
223.5
224.0
230.0
225.0
220.0
224.5
228.5
222.5
230.0
228.0
225.0
222.0
220.0
223.0
225.0
219.5
224.5
223.5
221.0
220.5
220.5
223.5
219.5
223.5
221.0
220.5
221.0
221.0
222.0
219.0
222.0
218.5
223.5
219.0
222.0
223.0
222.0
223.0
224.0
225.0
224.5
220.0
218.0
219.0
215.5
209.0
217.5
217.5
217.5
217.5
210.0
210.5
209.5
211.5
208.0
206.5
208.5
204.5
207.5
205.5
208.0
208.0
206.5
207.0
212.0
208.5
208.0
208.0
212.0
208.5
212.0
206.5
207.0
210.5
208.0
210.5
208.0
208.5
209.0
208.0
208.0
211.5
212.5
212.0
211.5
211.0
211.0
211.0
211.0
211.5
211.0
212.5
220.0
219.5
219.0
220.0
220.0
221.5
218.5
217.5
215.0
217.0
217.5
220.5
216.5
216.5
215.0
215.5
219.0
220.0
219.0
220.0
220.5
221.5
223.0
219.0
219.0
219.0
219.0
222.0
221.5
221.0
222.0
221.5
221.5
221.5
221.5
221.5
221.5
221.5
221.5
222.0
224.5
220.5
220.5
220.5
221.0
223.5
219.5
219.5
219.0
219.0
219.0
219.5
219.5
219.5
219.5
221.5
220.5
219.5
220.0
221.5
220.0
220.0
220.0
220.0
220.0
220.0
220.0
220.0
223.5
224.0
224.0
225.5
225.0
224.5
221.0
220.0
221.0
221.0
220.5
219.5
219.0
219.5
220.0
220.0
217.0
217.0
217.5
212.5
224.5
225.0
237.0
233.5
235.0
233.5
229.0
228.5
235.5
236.0
229.0
232.0
236.0
236.0
238.0
245.0
240.0
240.0
243.0
246.0
242.5
247.0
244.5
243.5
247.0
247.0
260.0
275.0
261.0
256.0
251.5
248.0
247.0
245.0
246.0
247.0
252.5
250.0
250.0
260.0
262.5
267.0
262.5
260.5
261.0
263.0
263.0
259.5
280.0
270.5
280.0
271.0
275.0
279.5
268.0
267.5
287.0
287.0
277.5
277.5
279.5
276.5
280.5
281.0
280.0
280.0
277.0
277.5
277.0
277.0
277.0
270.0
275.5
275.5
274.0
275.5
274.0
274.0
265.0
275.0
265.5
269.5
269.5
270.0
269.5
261.5
256.5
257.5
255.5
257.5
260.0
263.0
269.5
260.0
270.0
263.0
263.0
263.0
263.0
270.0
270.0
268.0
279.0
279.0
279.0
280.5
279.0
279.0
280.0
280.0
280.0
285.0
286.0
284.5
284.0
285.0
285.0
280.5
285.0
285.0
277.0
284.5
285.0
285.0
277.5
276.0
275.0
267.0
265.0
273.0
265.0
272.0
271.0
255.0
271.0
265.0
270.0
271.0
271.0
284.0
285.0
285.0
282.5
285.0
279.5
271.5
272.0
272.0
274.5
280.5
280.5
279.0
279.5
280.0
283.5
284.0
284.0
278.5
278.5
278.5
278.5
285.0
287.0
299.0
299.0
299.0
293.5
291.5
291.5
291.5
291.5
282.5
295.5
287.5
287.0
282.5
286.5
287.5
289.0
284.5
284.5
282.0
286.0
282.0
285.5
287.0
280.0
281.0
281.0
282.0
280.0
280.5
275.5
275.5
281.0
281.0
282.0
270.0
270.5
277.0
272.0
274.5
274.5
272.0
269.5
273.0
271.0
271.0
266.5
266.5
266.0
262.5
259.5
259.0
258.0
259.0
259.5
259.5
258.5
257.5
257.5
255.5
255.5
256.0
256.5
250.5
256.5
256.5
254.0
256.5
255.0
255.5
256.0
254.0
255.0
256.0
255.0
255.0
254.0
255.5
255.5
255.0
255.0
255.5
255.5
255.5
256.0
256.0
256.0
256.0
256.0
256.0
256.0
260.0
255.5
256.5
256.5
256.5
255.5
256.5
256.5
252.0
251.0
253.0
251.0
251.0
252.5
253.0
253.0
246.0
245.0
245.0
248.5
245.0
248.5
248.0
245.0
244.0
243.0
243.0
241.5
242.5
242.5
242.5
239.0
239.0
234.5
238.0
243.0
235.0
235.5
235.0
235.0
232.0
233.5
232.5
227.0
227.0
227.5
227.5
227.5
225.5
225.5
225.5
222.0
222.0
221.5
222.5
223.0
224.5
223.0
225.0
224.0
223.0
223.0
223.0
223.5
223.0
224.5
224.5
225.0
225.0
225.0
224.5
225.0
224.5
223.5
222.5
221.5
219.5
224.5
224.5
224.5
224.5
225.0
224.0
224.0
223.0
223.0
221.5
224.0
219.0
216.5
216.5
219.0
218.5
218.5
221.0
221.0
219.5
221.0
220.5
220.5
221.5
221.0
221.5
221.0
221.5
221.5
221.5
222.0
219.5
220.5
220.5
219.0
222.0
222.0
222.0
219.0
221.5
221.5
221.5
220.5
221.5
221.5
222.0
221.5
220.5
219.5
221.5
221.5
220.5
221.5
219.5
220.5
221.0
220.5
221.5
221.5
221.5
221.0
221.5
221.5
221.5
218.5
220.5
219.0
219.0
219.5
219.5
219.0
219.5
218.5
219.0
220.5
219.5
219.5
219.0
219.5
218.5
219.0
219.0
219.0
219.0
218.5
219.0
218.0
217.0
218.5
218.0
218.0
218.5
218.5
218.5
218.5
218.5
219.0
219.0
219.0
217.0
219.0
216.5
218.5
218.0
218.0
219.0
219.0
219.0
219.5
219.5
218.5
219.5
219.5
218.5
219.5
219.0
218.5
219.0
219.5
219.0
219.5
219.5
219.5
219.5
219.0
219.5
219.0
219.5
219.5
219.0
219.0
219.5
219.0
218.0
218.5
219.0
219.0
218.5
219.0
219.5
217.0
217.5
218.5
219.0
220.0
219.5
219.5
215.0
217.5
217.5
218.0
218.0
217.0
217.0
216.5
217.5
217.0
217.5
217.5
216.5
217.0
213.0
213.0
213.5
213.0
213.5
212.5
213.0
209.5
212.5
212.0
212.0
211.5
211.5
212.0
212.0
212.0
211.5
208.5
212.5
208.5
211.5
212.5
212.0
212.0
212.5
213.0
213.0
213.0
209.0
209.0
212.0
213.0
212.0
212.5
207.5
209.5
209.0
210.5
212.5
211.0
211.5
211.5
209.0
211.0
211.0
211.5
211.5
211.5
211.5
211.5
211.5
211.5
211.5
210.0
210.0
210.0
210.5
206.0
208.5
209.0
206.0
209.5
207.0
207.5
207.5
208.0
208.0
208.0
208.0
208.0
207.0
206.5
208.0
207.5
208.5
208.5
208.5
208.5
209.0
209.0
204.0
206.0
206.0
203.0
204.0
204.0
204.0
201.5
201.0
201.0
200.5
202.0
202.0
202.0
202.0
201.5
201.0
202.0
202.0
202.0
202.0
202.0
201.0
201.5
201.5
201.5
201.5
201.5
201.0
201.5
201.0
200.0
199.5
199.5
199.0
199.5
199.5
199.5
199.0
199.0
199.0
198.0
198.5
197.0
196.0
196.0
196.0
195.5
196.0
195.5
196.0
193.5
193.0
194.5
195.5
195.5
195.5
195.5
198.0
195.5
195.0
196.0
196.0
196.0
196.0
196.0
195.5
199.0
196.5
196.5
196.5
196.5
196.5
196.5
196.5
196.5
196.0
197.0
197.0
196.5
197.0
196.5
197.0
196.0
197.5
196.5
197.5
197.0
197.5
197.5
197.5
196.0
196.0
196.0
194.0
194.5
194.5
194.5
194.0
194.0
191.5
193.5
193.0
194.0
193.5
194.5
194.5
195.0
195.5
196.5
197.5
199.0
199.0
203.0
205.0
213.0
212.0
209.0
205.5
212.5
212.0
210.0
217.0
214.5
227.5
236.5
233.0
234.5
225.0
226.5
225.0
230.0
238.5
240.0
234.0
232.5
232.5
233.0
232.5
233.5
226.0
230.0
230.0
226.5
226.0
228.0
228.5
229.0
229.5
230.0
229.5
229.5
229.5
227.5
226.5
229.5
230.0
230.0
230.0
229.5
229.5
230.0
230.0
230.0
230.0
227.5
231.5
230.5
234.0
233.5
231.0
231.5
231.5
234.0
232.0
230.0
230.5
230.0
230.0
231.5
230.0
230.0
250.5
251.0
253.0
253.0
251.0
252.5
252.5
246.5
251.5
250.5
258.0
257.0
250.0
250.0
247.0
245.0
231.0
234.0
230.0
229.5
231.0
231.0
231.0
232.0
234.0
233.0
233.0
229.0
227.5
231.0
230.0
229.5
229.5
228.5
230.0
230.0
230.0
232.5
232.0
231.5
231.0
230.0
229.5
229.0
228.0
228.5
225.5
224.0
224.0
226.0
227.0
227.0
227.0
227.0
227.0
229.5
229.5
230.0
231.0
232.0
231.5
231.0
229.5
229.5
229.5
229.5
229.0
227.0
229.5
226.5
227.5
226.5
225.0
225.0
225.0
225.0
225.0
225.0
225.0
223.5
223.5
224.0
224.0
224.0
224.5
225.0
227.0
228.0
229.0
229.0
230.0
231.0
230.0
230.5
230.0
230.0
231.5
231.5
231.5
246.5
255.5
243.0
243.5
244.0
246.0
243.0
243.0
245.0
240.5
242.0
237.5
242.5
238.5
240.0
239.0
238.0
239.5
236.5
235.5
238.0
238.5
237.0
238.0
239.5
237.0
241.0
254.0
247.0
249.0
247.5
242.5
249.5
250.0
246.0
246.0
249.0
244.0
252.5
253.0
251.0
252.0
251.0
252.0
251.0
254.0
250.0
253.0
254.0
254.0
248.0
252.0
248.0
249.5
254.5
258.0
258.0
259.0
262.0
262.0
261.5
263.0
262.0
273.0
269.5
265.0
270.0
271.0
269.5
271.0
266.5
269.5
269.0
270.5
265.5
262.5
262.5
260.0
259.5
259.0
258.5
257.5
258.0
266.5
266.0
281.0
277.0
276.0
289.5
282.0
288.0
312.0
316.0
318.5
351.0
305.5
313.5
321.0
320.5
321.0
329.5
328.0
321.5
325.5
328.0
328.5
330.0
326.0
330.0
334.5
323.5
318.0
318.0
318.5
316.5
317.5
315.0
315.5
320.0
314.0
317.0
310.0
311.5
316.5
317.0
314.0
312.0
312.5
311.0
313.0
310.0
308.0
309.5
308.0
309.5
309.5
309.5
309.5
308.5
302.5
292.0
294.0
296.0
291.5
287.5
292.0
290.0
288.5
298.5
301.0
305.0
306.0
309.5
309.0
309.0
309.5
309.5
309.5
308.0
310.0
310.0
307.0
304.0
304.5
304.5
304.0
305.5
306.0
305.0
304.5
302.0
297.0
296.0
295.0
301.5
299.0
301.0
304.5
310.0
310.0
308.5
308.5
310.0
309.5
308.5
309.5
307.5
310.0
307.0
301.5
302.5
309.0
309.0
308.5
308.5
309.0
308.5
305.5
308.5
310.0
310.0
310.0
310.0
311.0
308.0
309.0
310.0
310.0
310.0
310.0
310.0
309.0
310.0
310.0
309.0
310.0
310.0
309.0
310.0
309.0
304.5
310.0
303.0
304.0
302.0
303.5
303.0
305.5
303.5
304.0
306.0
303.0
301.0
301.0
303.0
303.0
301.0
303.0
304.5
304.0
302.5
302.0
302.0
305.5
304.0
303.0
302.5
302.5
301.5
301.0
301.0
300.5
300.5
299.0
300.0
301.5
301.5
293.5
293.0
294.0
293.5
294.0
294.5
293.5
293.5
294.5
301.0
299.5
297.0
297.5
298.5
298.0
297.5
298.0
296.0
295.5
297.0
296.5
297.0
297.0
297.0
296.5
297.0
300.0
300.0
302.0
300.5
298.5
297.0
298.0
296.0
297.0
298.5
302.5
300.0
299.5
299.0
298.5
299.0
301.0
302.0
298.0
301.0
303.5
304.5
304.5
306.0
306.5
304.5
304.5
304.0
302.5
304.0
302.5
303.0
303.5
309.0
306.0
309.0
306.0
308.5
303.0
303.5
307.0
307.5
303.5
304.0
305.0
304.5
301.0
297.0
296.5
283.5
290.0
283.0
285.0
287.5
287.5
289.0
294.5
300.0
290.5
290.0
291.5
287.5
288.0
285.5
287.0
280.0
260.5
260.0
271.5
265.5
262.5
261.5
263.5
263.0
261.5
264.5
264.5
266.0
266.5
265.5
259.0
258.0
258.0
255.0
259.5
261.0
262.0
260.5
257.5
259.5
261.0
260.0
261.0
263.5
262.5
265.0
265.0
265.0
265.0
265.0
262.0
264.0
265.0
264.5
265.0
262.0
264.5
255.5
257.0
257.0
244.0
242.5
244.5
244.5
246.0
245.5
246.5
250.0
243.5
239.5
230.5
235.5
242.5
245.5
242.0
239.0
234.5
233.5
234.0
245.0
245.0
245.0
243.0
242.0
244.5
245.0
245.0
245.5
230.0
228.0
220.5
217.0
206.0
216.0
206.0
203.0
205.0
225.0
217.5
216.5
219.0
224.5
224.0
218.5
220.0
218.5
212.0
212.5
211.0
210.5
205.0
205.0
200.0
202.0
205.5
203.0
201.5
201.5
195.5
197.5
187.0
187.0
196.5
192.5
215.0
224.0
230.0
224.5
225.0
229.5
213.5
207.0
214.5
216.0
220.0
215.5
215.0
216.0
215.0
215.0
215.0
227.5
224.0
224.0
218.5
218.5
220.0
222.5
220.0
220.0
215.0
228.5
228.0
224.5
228.0
224.0
232.5
219.5
219.0
220.0
218.5
221.0
221.5
221.0
218.5
221.0
221.0
222.0
220.0
224.5
225.0
227.0
229.0
220.0
220.0
220.0
233.5
228.5
222.5
225.0
224.5
228.5
228.0
226.5
227.0
229.0
234.0
234.5
229.5
229.0
228.0
225.0
223.0
223.0
223.0
220.0
231.5
225.5
230.0
225.5
229.5
232.0
228.0
227.5
232.0
228.5
229.0
235.5
235.0
231.0
233.0
233.5
233.5
229.5
232.5
230.0
232.0
232.0
233.0
233.0
232.0
236.0
235.5
235.5
232.5
235.0
234.5
233.0
234.0
235.0
217.5
225.0
209.0
213.0
213.5
213.0
205.0
205.5
206.0
206.5
205.0
203.0
204.0
204.0
204.0
204.0
204.0
204.0
205.5
206.0
205.0
205.0
205.0
204.5
204.0
204.5
204.5
204.0
202.5
201.5
202.0
202.5
202.5
202.0
202.5
202.0
202.5
202.5
202.0
202.5
202.0
202.0
202.0
202.0
202.5
202.5
202.5
202.0
202.5
202.5
202.0
212.5
213.5
211.0
213.0
215.0
208.0
206.0
207.0
207.0
207.0
207.0
208.0
208.0
208.0
207.0
209.0
210.0
209.5
209.5
209.5
209.5
208.0
206.0
206.0
206.5
205.0
205.0
204.0
204.0
204.0
204.0
203.5
203.5
205.5
205.5
204.5
204.0
205.5
204.5
205.0
204.0
205.5
205.5
205.5
204.0
204.5
204.0
205.0
205.0
204.5
204.0
204.5
204.5
204.5
204.5
205.0
204.0
205.5
204.0
204.0
204.0
203.5
198.0
200.5
188.0
188.0
192.5
188.0
188.0
188.0
188.5
188.0
189.0
189.5
191.0
190.0
192.0
192.0
192.5
192.0
191.5
195.0
195.5
197.0
196.0
196.0
198.0
196.5
196.0
197.0
194.5
197.5
196.5
196.5
197.0
197.0
197.0
196.5
196.0
198.0
200.0
200.5
200.0
199.0
198.5
199.5
197.5
198.5
199.5
199.5
199.5
198.5
199.5
200.0
200.0
200.0
200.5
201.0
203.5
203.0
203.0
202.0
203.0
198.0
196.0
193.0
190.5
191.0
193.5
194.5
195.5
196.0
195.0
195.0
195.0
195.5
195.0
196.0
193.0
192.5
193.0
193.5
194.5
195.0
195.5
196.0
194.5
195.0
195.0
195.5
194.5
196.0
194.5
194.5
194.0
195.0
195.5
195.0
195.5
195.0
193.5
194.0
194.0
194.0
193.0
195.5
195.5
195.0
194.5
195.5
195.0
195.0
194.5
194.5
195.0
195.0
195.0
194.5
194.5
194.0
194.0
194.5
193.5
195.5
194.5
194.5
195.0
194.5
194.5
195.5
195.0
194.5
193.0
192.5
192.5
193.0
192.0
193.5
193.0
193.0
192.0
191.5
192.5
193.0
192.0
192.0
191.0
190.0
190.5
190.5
189.5
191.0
192.5
193.0
192.0
192.5
192.0
192.0
192.0
193.0
197.0
193.5
194.5
194.0
195.0
195.0
195.0
195.0
195.5
195.0
195.0
195.0
194.5
194.5
194.0
194.0
194.5
195.0
194.5
195.0
195.0
195.0
195.5
196.5
195.5
196.0
197.0
196.0
197.0
197.5
197.5
197.5
197.0
197.5
197.5
197.5
197.0
196.0
195.5
196.0
196.5
196.0
196.0
196.5
195.0
196.0
197.5
205.0
204.5
204.0
202.0
203.5
203.0
202.5
204.5
208.5
206.5
207.5
207.0
207.5
207.0
207.0
209.0
207.5
207.5
209.0
208.0
208.0
207.5
207.0
203.0
202.5
201.0
205.0
204.0
205.0
203.0
203.5
203.5
204.0
207.0
204.5
208.5
203.0
203.5
203.5
202.0
203.0
203.5
205.0
204.5
205.5
207.0
206.5
204.5
205.5
205.5
205.5
204.5
205.0
205.5
205.5
208.0
206.5
208.0
208.0
207.0
206.5
205.5
207.0
208.0
209.5
210.5
210.0
211.0
211.0
211.5
210.5
211.5
213.5
218.0
220.0
219.0
218.5
220.0
219.0
219.0
219.5
220.5
224.5
218.5
218.0
218.5
216.0
216.0
218.5
217.5
217.5
219.0
223.0
223.5
225.0
224.0
222.0
221.0
222.5
220.5
220.5
222.0
220.5
218.5
218.5
219.5
218.5
219.0
219.5
219.0
220.0
221.0
219.5
219.5
220.0
220.0
216.0
216.5
218.5
215.5
211.0
212.5
213.5
212.5
212.0
210.0
209.5
209.5
213.5
207.0
208.0
208.0
206.0
205.0
205.0
206.0
208.0
206.5
209.5
210.5
210.0
210.0
209.5
209.0
210.5
210.0
210.5
211.5
210.5
210.5
211.0
208.5
208.5
208.5
207.5
207.5
207.0
209.0
208.0
208.0
207.5
207.0
207.0
207.0
206.0
208.0
208.0
206.5
207.5
207.5
207.0
207.0
205.5
204.5
206.5
207.0
205.5
208.0
206.5
207.0
206.0
206.5
206.0
209.5
210.0
211.0
210.0
210.0
211.5
210.0
208.5
209.5
206.0
206.0
207.0
206.0
206.5
207.0
207.0
207.5
207.0
207.0
209.0
207.5
206.5
206.0
206.5
207.0
206.0
206.0
206.0
205.0
206.0
204.5
204.5
205.0
205.0
205.5
206.0
203.5
206.0
210.0
208.5
213.0
215.0
215.5
213.5
205.0
201.0
204.0
204.0
208.5
206.5
206.0
207.0
207.5
207.0
207.0
207.5
208.0
207.0
205.5
207.0
208.0
206.5
207.0
207.0
205.0
200.5
204.5
204.0
203.0
200.0
200.0
200.0
200.0
199.5
200.0
200.0
200.5
201.0
201.0
200.0
200.0
201.0
200.0
200.0
200.5
200.5
200.0
199.5
200.0
199.5
200.5
198.5
197.0
197.0
198.5
200.0
200.5
200.5
201.5
201.5
201.0
201.5
200.5
200.0
200.0
199.5
198.5
199.5
196.0
191.0
191.5
194.0
194.5
195.0
195.5
193.0
191.5
192.0
193.0
193.0
192.5
190.0
190.0
191.0
189.0
189.5
190.5
190.0
190.0
189.5
190.5
191.0
194.0
194.0
190.0
192.0
190.0
190.0
189.5
190.0
190.0
190.0
190.5
191.0
191.5
192.0
190.0
190.0
190.0
190.0
190.5
192.0
191.0
192.0
192.0
192.0
192.0
191.5
193.0
194.0
194.5
195.5
198.0
196.0
197.0
197.0
194.0
194.0
194.0
194.0
194.0
195.0
195.0
193.0
193.0
193.0
193.0
192.5
192.5
193.5
194.0
192.0
192.0
192.0
192.0
192.0
192.0
192.0
192.5
193.5
192.5
193.0
193.0
193.0
193.0
194.0
194.0
194.5
194.5
194.5
191.0
191.0
192.5
192.5
191.0
191.0
190.5
192.0
191.0
191.5
192.0
191.0
190.5
191.0
191.0
191.0
191.0
191.5
192.0
192.0
192.0
191.5
192.5
192.0
192.5
192.0
192.5
194.5
195.5
199.0
206.5
211.0
211.0
215.0
216.0
215.5
216.0
213.5
210.0
208.0
200.0
200.0
200.0
200.0
200.0
200.5
201.5
200.0
200.0
201.0
201.0
199.0
200.0
199.5
199.5
200.5
203.0
200.0
200.0
202.0
200.0
200.0
200.0
200.5
201.5
202.0
201.5
201.0
201.5
200.5
202.0
202.5
203.5
203.5
204.0
205.0
203.5
203.5
204.5
205.0
207.0
208.0
206.5
207.5
207.5
208.5
208.5
208.0
209.0
210.0
208.5
210.5
212.5
211.5
210.0
210.0
209.5
209.5
209.0
210.5
209.5
210.0
209.5
209.5
211.0
210.0
210.5
211.5
211.5
212.5
212.0
211.0
211.0
211.0
211.0
211.0
213.5
213.5
214.5
214.0
213.0
213.5
214.0
214.0
214.5
214.5
213.0
214.0
214.0
215.5
216.0
218.0
219.0
217.5
217.0
218.5
218.5
218.5
219.0
219.0
218.0
220.0
220.5
220.5
220.5
220.0
218.5
219.0
219.5
220.0
220.5
220.0
219.5
219.5
225.0
221.0
220.5
221.0
220.5
211.0
215.0
218.5
212.0
213.0
217.0
214.5
214.5
215.0
214.5
215.0
210.0
209.5
209.5
210.0
211.5
207.5
205.5
209.0
210.0
209.0
209.0
208.5
208.0
209.0
210.0
209.0
209.0
209.0
209.0
209.0
210.5
210.0
210.5
209.0
212.5
210.0
210.0
209.0
211.0
213.0
209.5
211.5
214.0
214.0
214.0
219.0
218.0
219.0
218.0
218.5
219.5
220.5
219.0
219.0
221.5
221.0
220.0
220.5
220.0
219.5
219.5
219.0
220.0
220.0
218.5
222.0
223.5
224.0
224.0
220.0
220.0
220.0
220.0
220.5
221.0
222.0
221.0
221.0
222.5
222.5
223.0
223.0
221.5
221.0
221.5
222.0
222.0
221.5
223.0
223.0
222.0
223.0
223.0
223.5
221.5
225.5
225.0
213.0
220.5
223.0
221.5
220.5
223.5
225.0
226.0
224.5
225.5
225.5
224.0
225.0
225.0
225.0
225.0
226.5
226.0
226.0
227.0
227.5
227.5
227.0
228.0
228.0
232.0
233.5
232.0
232.0
233.5
233.0
227.0
229.0
226.0
225.0
224.5
228.0
227.0
228.5
227.5
226.5
228.0
227.0
227.5
225.0
228.5
230.5
231.5
231.0
228.0
229.0
229.0
228.5
229.5
231.0
231.5
231.0
230.5
231.0
226.5
224.0
224.0
225.5
226.0
227.5
227.0
229.0
228.5
228.0
227.5
226.0
226.5
226.0
222.0
223.5
222.5
221.0
222.5
221.5
222.0
221.0
221.5
222.5
222.5
224.0
224.0
223.5
223.0
224.0
224.0
224.5
224.5
224.0
224.0
225.0
225.0
225.0
226.0
225.5
226.0
226.0
226.0
224.5
225.5
225.5
226.0
226.0
226.0
225.5
226.5
225.5
226.0
226.0
226.0
226.0
226.0
226.0
225.0
225.5
225.0
225.0
224.5
224.0
223.5
224.0
223.5
223.5
224.5
224.0
223.5
224.0
224.0
223.0
223.5
223.5
221.5
222.5
221.5
222.0
220.5
220.5
220.5
220.5
221.5
220.0
218.5
217.5
218.0
216.5
216.0
218.5
217.5
217.0
218.0
218.0
219.0
220.5
219.0
218.5
219.5
219.0
218.5
217.5
217.0
218.0
218.0
217.0
218.0
218.0
216.0
215.0
216.0
215.5
215.0
216.0
215.5
215.5
215.0
215.0
216.5
215.5
216.0
215.5
215.5
214.5
215.0
216.0
216.0
216.0
216.0
217.0
215.5
215.5
215.0
216.5
218.5
221.5
223.5
226.0
224.5
224.5
223.5
227.0
229.5
229.0
230.0
229.0
228.0
230.0
230.0
231.0
231.0
232.5
231.5
231.0
230.5
229.5
233.5
234.0
234.0
239.5
241.0
240.0
236.0
239.0
240.0
241.0
236.5
234.5
235.5
243.0
253.5
257.5
254.0
255.0
257.5
260.0
262.5
262.0
263.0
258.5
257.5
255.5
257.0
256.0
256.0
255.5
253.0
247.5
249.5
252.5
256.5
253.5
253.0
252.0
253.0
261.0
258.0
256.5
252.5
250.0
249.5
252.0
254.5
252.5
253.5
252.5
250.5
251.5
249.0
248.0
244.0
244.5
245.5
247.5
240.0
240.5
244.0
244.0
243.5
244.5
242.0
240.0
236.5
237.0
240.5
244.0
246.0
245.0
247.0
247.5
247.5
248.5
248.0
256.0
256.5
256.0
245.0
246.5
246.0
245.0
246.0
245.5
246.5
246.5
245.0
247.0
246.0
246.5
246.0
244.5
244.0
246.0
244.5
244.0
242.5
241.0
242.5
241.5
241.0
241.0
241.5
238.5
240.0
237.0
238.0
238.5
239.0
239.5
240.0
240.0
240.5
240.5
241.0
240.0
241.0
242.0
241.5
240.5
241.5
241.0
237.5
239.0
239.5
239.5
239.0
240.0
238.0
237.0
237.0
237.0
238.0
239.0
238.5
238.5
239.0
238.0
237.0
237.5
236.5
235.0
234.0
233.5
234.0
234.0
235.0
234.0
235.5
235.0
235.5
234.0
233.5
233.5
232.5
234.0
233.5
234.0
234.5
234.0
232.5
232.0
232.5
229.5
229.0
230.0
230.0
230.5
231.0
230.5
226.5
225.5
228.0
226.5
226.5
226.0
227.5
228.0
227.5
222.5
223.0
223.0
224.0
224.5
223.0
222.5
221.5
221.0
225.0
223.0
223.5
224.5
224.5
225.0
222.5
225.5
226.0
226.0
225.0
226.0
226.0
226.5
226.5
227.5
226.0
227.0
226.0
227.5
228.0
229.5
229.5
231.0
229.0
231.5
230.5
231.0
237.0
233.5
234.0
235.5
235.0
236.0
235.0
235.0
234.0
235.0
236.0
236.0
237.0
235.0
236.0
234.0
234.0
234.5
234.5
235.0
234.0
233.0
233.5
234.0
234.0
234.0
234.5
235.5
234.5
235.0
235.0
236.5
237.0
241.0
240.0
236.5
238.0
240.0
241.0
238.5
239.0
239.0
240.0
240.0
239.0
239.0
239.5
239.0
235.0
240.0
240.0
240.0
240.0
239.0
238.5
239.5
239.5
239.5
239.0
238.0
239.0
239.5
238.5
237.5
237.0
238.0
238.5
233.5
237.5
238.0
236.5
237.5
235.5
237.5
237.5
237.0
237.0
237.5
238.0
242.0
243.0
245.5
244.0
243.5
244.0
244.5
243.5
246.5
246.0
243.5
244.0
242.5
242.5
240.5
242.0
242.5
242.5
245.5
246.0
244.5
245.0
245.0
244.5
243.5
242.5
244.5
246.0
241.5
241.5
241.5
242.0
242.0
241.0
241.0
240.0
242.0
241.0
242.5
242.5
241.0
241.5
242.0
241.5
241.0
240.0
241.5
242.0
240.0
241.0
240.5
241.5
242.0
241.0
240.5
241.0
241.0
240.5
240.5
241.5
240.0
240.5
240.5
240.0
240.5
240.0
240.5
240.5
240.0
238.5
237.0
237.5
237.5
238.0
237.5
238.0
237.5
237.0
239.0
238.5
238.5
237.0
238.0
237.5
238.0
238.5
238.0
238.5
238.5
239.5
238.5
237.5
239.0
239.0
238.0
238.5
239.5
240.5
241.0
242.5
242.0
241.0
241.5
241.5
240.0
244.0
242.0
241.0
241.5
242.5
241.5
242.5
241.0
241.0
240.0
243.0
243.0
243.5
244.0
242.5
243.0
242.0
239.0
239.0
240.0
239.5
239.5
239.5
240.0
240.5
240.0
240.0
239.5
240.5
239.0
240.0
240.0
242.0
241.5
241.5
240.0
242.0
241.0
240.0
241.0
240.0
241.0
240.0
240.0
239.5
240.0
240.5
240.5
240.5
239.5
240.0
239.5
239.5
240.0
239.0
239.0
239.5
239.5
239.0
238.5
239.0
238.5
239.0
239.5
239.0
239.5
240.5
240.0
239.5
238.5
239.5
240.0
238.5
240.0
238.5
239.5
239.0
240.0
238.5
239.5
239.5
241.0
240.0
239.5
240.0
239.5
240.0
239.5
240.0
239.5
240.5
239.5
240.5
240.5
240.5
241.5
240.5
250.5
251.0
248.0
250.5
251.0
261.5
256.0
256.0
254.0
263.0
258.0
259.5
262.0
260.0
255.0
254.0
250.5
251.5
251.0
251.0
252.5
256.0
255.5
255.0
253.5
254.5
251.5
251.0
251.5
250.0
250.5
251.0
252.5
252.5
251.0
252.0
251.0
250.0
252.0
251.0
246.0
245.0
245.5
242.5
244.0
244.5
246.0
245.0
245.5
247.0
249.0
250.0
248.5
248.5
250.0
249.5
248.5
248.0
254.5
253.5
253.0
253.5
253.5
253.0
252.5
251.5
253.0
253.0
254.5
252.0
253.5
255.0
253.5
253.0
253.5
252.0
251.5
251.0
252.5
252.5
253.0
253.5
252.0
256.0
255.5
255.0
252.5
252.0
252.5
253.0
253.5
253.5
252.5
253.5
253.0
252.5
253.0
252.0
254.0
252.5
253.0
252.0
254.0
250.5
252.0
252.0
253.0
258.5
262.0
259.0
256.0
261.0
261.5
262.5
262.5
262.5
263.0
263.0
263.5
263.5
263.5
263.0
267.0
266.5
265.5
266.0
266.5
265.0
266.0
267.0
265.0
264.5
264.5
265.0
264.0
263.0
262.5
263.5
263.0
263.5
268.5
270.5
271.0
270.5
269.0
267.0
267.0
267.0
267.0
266.5
265.0
265.0
265.0
268.0
267.0
263.0
263.0
263.5
266.0
266.0
266.0
266.0
265.0
265.5
264.5
262.5
262.0
263.5
261.5
260.0
260.5
259.5
259.0
258.0
259.0
257.5
257.0
255.5
256.5
257.5
257.5
258.5
258.0
259.0
259.5
259.0
258.5
258.5
258.0
257.0
258.0
257.0
256.5
258.0
256.5
254.0
254.0
256.5
257.5
259.5
259.0
257.5
258.5
258.5
259.5
257.0
256.5
256.5
257.5
256.5
257.5
257.0
257.5
255.0
257.5
258.0
256.5
258.0
259.0
259.0
262.5
262.5
262.0
260.5
257.5
257.0
258.5
258.5
257.0
257.5
256.5
258.0
254.0
251.0
251.5
252.5
251.0
253.0
252.0
252.0
255.0
255.0
255.0
255.0
253.0
254.0
255.0
255.0
254.5
255.0
255.0
254.0
253.5
255.0
254.0
254.0
254.5
255.0
254.0
255.0
256.5
254.0
255.0
256.5
255.5
254.5
254.0
253.0
256.0
255.5
250.5
253.0
251.5
252.0
251.5
252.5
254.5
254.0
254.0
255.0
248.0
248.5
249.0
246.0
247.5
247.5
248.0
247.5
249.0
249.0
249.5
250.5
250.0
249.5
249.5
249.5
249.5
249.0
249.0
248.5
248.5
248.0
248.0
247.0
248.0
245.0
246.0
246.5
245.5
247.5
249.0
248.0
248.0
249.0
249.5
248.5
249.0
249.5
251.0
249.5
251.0
251.0
250.5
251.0
249.0
250.0
250.5
250.0
250.5
250.0
250.5
250.0
250.5
250.5
251.0
253.0
250.0
251.0
250.0
251.0
250.5
251.5
251.5
249.5
251.0
250.0
249.0
249.5
250.0
248.0
250.0
250.0
250.0
250.0
257.0
253.0
251.5
252.5
254.5
254.5
254.0
255.5
257.0
256.0
257.0
254.5
258.0
257.0
256.5
256.0
253.0
254.5
256.0
256.0
252.5
251.0
251.0
252.0
253.0
250.5
252.5
252.5
254.0
254.0
255.0
255.0
254.0
254.5
254.0
254.0
254.0
253.5
254.5
254.5
254.0
254.0
254.5
255.5
255.5
255.0
255.5
254.5
254.0
254.5
255.0
254.0
254.0
254.0
255.5
255.0
254.5
253.0
254.0
253.0
252.5
252.5
252.0
252.0
251.5
250.0
249.0
249.5
251.0
249.0
249.5
250.0
250.0
249.0
251.0
252.0
252.5
254.5
254.0
253.0
255.0
255.0
254.5
255.0
254.0
254.0
253.0
252.5
251.5
251.5
253.5
254.0
252.5
253.5
254.0
252.0
253.0
253.0
253.0
250.0
249.5
250.0
248.0
249.5
249.5
252.5
252.0
252.0
250.5
250.0
250.5
253.0
252.0
252.0
248.0
249.0
250.5
250.0
250.5
250.5
252.0
250.5
253.0
251.5
252.0
251.0
251.0
251.5
251.0
251.5
251.0
250.5
254.0
253.5
251.5
252.0
252.0
252.0
253.0
253.0
252.5
252.0
252.0
252.0
252.5
252.5
252.0
252.0
252.5
251.5
252.5
251.0
249.5
249.5
249.0
250.0
250.0
250.5
250.0
249.0
248.5
248.5
247.5
248.5
248.0
248.5
248.5
247.0
247.0
250.0
249.5
248.0
247.5
248.0
248.5
247.0
248.0
248.0
247.0
248.0
247.5
248.0
247.0
247.5
249.0
249.5
250.0
247.0
248.0
248.5
248.5
248.5
248.5
248.0
249.0
248.0
248.5
248.0
248.5
248.0
247.5
249.0
249.0
249.0
248.0
250.0
249.5
251.0
250.0
249.5
250.0
249.5
250.0
250.5
251.0
262.0
255.0
256.0
255.0
253.5
256.0
260.0
263.0
261.5
266.5
284.0
285.0
278.5
279.5
270.0
271.5
276.5
275.5
271.0
275.5
264.0
265.5
268.5
269.0
268.0
268.0
265.5
264.0
264.0
264.0
262.5
266.5
266.0
264.5
265.0
266.0
264.0
263.5
262.5
265.0
262.0
265.0
266.0
266.0
265.5
267.0
268.5
269.5
270.0
265.0
269.0
266.5
266.0
268.5
268.5
268.5
270.5
270.0
271.5
274.0
278.0
277.0
277.5
280.0
276.5
279.0
279.5
281.0
282.5
280.5
282.5
280.5
281.5
278.0
276.5
279.0
279.5
281.0
282.5
283.0
282.0
282.5
283.0
283.5
283.0
280.0
279.5
279.0
278.0
279.5
279.0
280.0
280.5
284.5
284.0
285.0
286.0
287.0
287.5
287.0
287.5
287.0
284.5
285.0
283.5
290.0
291.5
293.5
298.5
308.0
310.0
304.0
305.0
306.0
306.0
316.0
313.5
313.0
313.5
311.5
313.5
312.0
307.5
305.0
309.0
301.0
304.5
304.5
304.5
308.0
308.0
308.5
309.5
309.0
310.0
306.0
307.0
306.5
309.0
307.5
307.0
307.0
306.0
307.5
319.0
316.0
314.5
307.5
308.0
306.5
308.0
309.5
309.5
312.5
307.5
303.0
305.0
307.0
307.0
308.0
307.0
305.0
303.0
303.0
300.5
301.5
300.5
300.0
305.5
304.0
304.5
303.0
305.0
307.0
308.0
307.0
310.5
307.5
310.0
307.0
305.5
306.0
304.5
309.0
309.5
309.0
310.5
309.5
310.5
310.5
309.0
309.5
310.0
308.5
310.0
309.5
308.5
308.0
308.0
305.0
305.5
307.5
307.0
305.5
304.5
305.0
304.0
305.0
304.0
304.0
301.5
305.5
306.0
305.0
304.0
304.5
304.5
303.5
303.5
303.5
304.0
304.5
304.0
303.5
302.5
304.0
304.0
305.0
304.0
303.5
304.0
303.5
303.0
302.0
302.5
304.0
304.5
309.0
307.0
307.0
305.5
305.0
305.5
305.0
304.5
305.0
304.0
303.5
303.5
303.0
304.5
303.0
301.5
302.5
302.5
302.5
307.0
305.5
305.0
304.0
303.5
304.0
303.0
302.0
302.5
302.0
302.0
303.5
302.5
302.5
302.0
301.5
299.0
292.0
293.0
299.0
295.0
298.0
297.5
299.0
299.0
299.0
298.0
298.5
299.0
297.5
299.0
297.5
299.0
298.5
297.5
298.0
298.0
297.0
297.0
299.0
300.5
302.0
299.5
299.0
298.5
300.0
300.0
300.5
300.0
299.0
299.0
300.0
299.0
298.5
299.0
299.0
297.0
298.5
299.0
297.5
297.5
296.5
298.0
296.0
294.0
295.5
295.0
296.5
295.5
295.0
293.0
295.0
294.0
292.0
294.0
293.0
293.0
292.0
292.0
293.0
293.0
293.5
294.5
293.5
293.5
294.5
294.5
294.5
294.0
293.5
293.0
292.0
296.0
296.5
294.0
295.0
298.5
298.0
297.0
297.5
297.5
299.0
298.0
297.5
299.0
297.0
299.0
297.5
297.5
297.5
300.5
299.5
297.5
299.0
298.5
298.0
295.5
294.5
292.5
292.0
292.0
292.0
294.0
293.0
293.0
293.0
293.0
292.5
292.0
292.0
292.5
288.0
282.5
286.0
285.0
286.5
284.5
287.0
286.0
285.5
283.0
284.0
284.5
285.5
285.5
284.5
284.5
285.0
284.5
285.5
284.5
284.0
285.5
284.5
283.5
284.5
285.0
286.0
285.5
285.0
285.0
285.0
285.0
286.5
286.0
286.0
286.5
285.5
286.5
289.0
287.5
288.0
287.5
286.0
285.0
287.0
285.5
285.5
285.0
286.0
286.0
285.5
285.5
286.0
288.5
288.0
291.5
290.5
290.5
290.0
292.0
293.5
292.0
303.0
300.5
299.0
298.0
299.0
292.0
291.5
290.0
291.5
297.0
296.5
296.5
296.5
296.0
296.5
295.0
294.0
293.5
295.5
297.0
298.5
298.0
298.0
298.5
298.5
298.0
298.0
298.5
298.0
299.0
299.5
298.5
300.0
300.5
300.0
301.5
299.5
300.5
299.5
300.5
302.0
299.5
300.0
299.5
301.5
302.5
301.5
303.5
303.0
301.0
303.5
303.5
302.5
301.5
303.0
304.0
304.0
303.5
303.5
302.0
302.0
302.0
302.0
300.0
303.0
302.0
301.0
300.5
300.5
301.0
300.5
301.5
298.0
303.5
305.0
305.5
305.0
304.0
303.5
303.0
303.0
304.0
308.5
302.0
304.5
307.5
307.5
309.0
309.0
308.5
307.5
309.5
310.5
313.0
308.5
311.0
313.5
311.0
310.0
311.5
314.0
314.5
314.5
313.5
313.5
307.0
311.5
314.0
312.5
314.5
310.0
311.5
311.5
312.0
311.0
310.0
315.0
316.5
315.5
313.5
317.0
319.0
319.5
317.5
318.0
318.0
319.5
318.0
318.5
316.5
318.0
319.0
319.0
318.5
319.0
318.5
319.5
319.5
319.0
319.5
320.5
320.5
319.5
321.0
321.0
321.5
320.0
322.5
319.5
323.0
321.5
320.5
318.5
317.5
318.5
318.0
313.5
315.0
315.0
315.5
315.5
314.0
319.5
315.5
315.5
316.0
319.5
316.0
315.5
313.0
313.5
314.5
314.5
317.5
319.0
320.0
319.5
319.5
318.0
318.5
318.5
321.0
333.0
333.5
330.0
326.0
330.5
323.0
319.0
321.0
325.0
329.0
328.0
328.5
333.5
334.5
334.5
334.0
334.0
339.0
337.0
339.0
338.0
337.0
337.0
336.0
345.0
345.5
344.5
342.0
340.0
341.0
343.0
342.5
344.0
350.0
350.0
351.5
348.0
349.5
351.5
350.5
358.5
355.5
357.0
352.5
356.0
357.5
360.5
360.0
358.0
353.0
354.0
355.0
355.0
356.5
354.0
358.5
356.5
357.5
356.0
359.5
359.5
365.0
365.0
368.5
364.5
354.5
356.5
355.0
359.5
356.5
356.5
360.0
360.0
359.0
358.5
360.0
359.0
360.0
359.5
359.0
360.0
360.0
355.5
354.0
353.5
349.0
351.0
352.5
352.5
352.0
351.0
356.0
359.5
360.5
358.0
356.0
358.0
359.0
359.5
360.5
366.0
366.5
365.5
364.0
361.5
359.5
361.0
362.0
361.0
362.5
361.0
370.0
368.0
370.0
368.0
370.0
363.5
362.5
362.0
362.0
366.0
364.0
366.0
364.5
365.5
368.0
367.0
366.5
367.0
365.0
363.0
364.5
364.5
364.0
363.0
361.0
359.5
361.0
358.0
361.0
360.0
360.0
358.5
368.5
369.5
369.5
367.0
367.0
370.0
366.5
370.0
375.0
376.5
377.0
375.5
377.0
379.0
379.5
379.0
390.0
393.0
391.5
386.0
386.5
388.5
390.5
390.0
391.5
395.0
392.5
393.0
393.5
390.5
391.5
394.0
393.5
394.0
404.5
405.0
419.0
424.5
465.5
438.5
438.0
430.0
424.0
428.0
436.5
440.0
420.0
424.0
433.0
432.5
432.0
435.5
435.5
433.5
433.5
416.0
422.5
427.5
422.0
419.5
417.0
408.0
424.0
417.0
423.0
417.5
418.5
417.0
418.0
416.0
413.0
414.5
413.0
411.5
414.5
419.0
421.5
421.5
427.0
428.5
424.0
425.0
420.0
432.5
429.5
431.5
431.5
430.5
434.5
433.5
431.5
433.0
441.5
451.0
448.0
455.5
452.0
451.0
454.0
456.0
457.0
482.0
476.0
485.5
498.5
498.0
499.5
495.5
483.0
487.0
486.5
480.0
472.5
474.5
473.0
461.0
460.5
460.0
464.0
461.5
468.0
447.0
459.0
455.5
459.5
458.5
455.0
456.5
459.0
456.0
457.0
456.0
460.0
463.5
460.0
461.0
461.0
462.0
460.0
457.5
462.5
462.0
461.0
461.5
460.0
460.0
460.5
456.5
455.5
455.0
456.5
445.0
448.0
448.0
450.0
450.0
450.5
450.0
449.0
445.5
438.5
438.5
457.0
464.0
478.0
477.0
483.0
474.0
472.5
465.0
475.5
478.0
476.5
481.0
479.0
478.5
478.0
480.0
481.0
484.0
480.0
481.5
481.0
482.0
482.5
482.5
482.0
480.0
480.0
480.0
477.5
473.0
474.5
473.5
474.0
472.5
466.0
464.0
463.0
477.5
478.0
481.5
475.0
473.5
467.0
469.0
467.0
473.0
481.0
477.5
474.0
473.5
475.0
476.0
475.0
474.0
471.5
469.5
474.5
470.5
471.0
469.0
468.5
467.0
470.0
470.0
470.0
470.0
468.5
468.5
465.5
465.5
467.0
469.0
464.0
464.0
467.0
464.0
466.0
465.0
464.0
462.0
461.0
462.0
462.5
462.5
462.5
460.5
462.0
458.5
462.0
465.0
467.0
464.5
463.5
463.0
461.5
466.0
467.0
463.5
466.0
465.0
468.0
468.5
470.0
470.0
469.0
469.5
468.5
469.0
466.0
469.0
470.0
471.5
474.0
473.0
465.0
468.5
471.0
470.0
470.0
468.5
466.0
464.0
465.0
465.5
465.5
463.0
463.0
463.5
465.0
467.0
465.0
462.0
465.0
464.0
465.0
464.0
463.5
465.5
465.0
464.0
465.0
461.0
461.0
459.5
463.5
463.0
458.5
461.0
461.0
458.5
457.5
461.0
457.5
460.0
458.5
464.5
462.5
463.0
464.0
465.0
465.0
463.5
463.5
465.5
460.0
462.0
461.5
463.5
461.5
466.0
464.0
462.0
465.0
462.5
462.5
461.0
462.0
458.0
465.0
458.0
459.0
459.5
457.5
457.5
458.5
460.0
478.5
480.5
480.5
484.0
487.0
473.0
467.5
478.0
473.5
472.5
471.5
471.0
469.5
470.0
468.0
467.0
467.0
465.0
468.0
466.0
469.5
469.5
470.0
468.0
465.0
465.0
460.0
460.0
459.5
460.0
457.0
457.0
457.0
457.0
450.5
451.5
454.5
454.0
450.0
451.5
452.5
452.5
451.0
454.0
450.0
452.5
452.0
450.5
452.0
455.0
454.0
455.0
462.0
458.5
453.0
453.0
457.5
462.0
461.0
461.0
462.0
457.5
463.0
460.5
459.5
458.0
462.0
462.0
460.5
465.5
467.0
463.0
463.0
461.5
461.0
459.0
458.0
462.5
461.0
460.5
464.0
463.0
462.5
461.0
462.0
460.5
460.5
459.5
460.0
461.5
461.5
461.0
464.0
463.5
463.5
464.5
466.0
465.0
467.0
462.0
463.5
462.5
466.0
463.0
465.0
466.5
457.5
460.5
459.0
463.0
459.0
462.0
460.0
463.0
463.0
463.5
464.0
461.0
461.0
462.5
460.5
461.0
462.0
461.0
461.0
465.5
468.0
464.5
467.0
467.0
468.5
469.5
472.0
470.0
467.0
470.5
464.0
468.0
466.0
470.0
465.0
466.5
467.5
467.5
466.0
467.0
479.5
477.0
476.0
478.0
476.0
478.0
478.5
475.5
475.5
473.5
479.5
477.5
478.5
480.0
478.0
479.5
478.0
480.0
479.0
478.0
477.0
479.0
479.5
479.5
478.5
478.0
479.0
476.0
477.0
478.0
476.0
475.0
472.0
469.0
471.5
468.5
463.0
462.0
469.0
467.5
468.5
470.0
469.5
469.5
469.5
462.0
460.0
459.5
472.0
469.0
468.0
468.0
466.5
466.0
463.0
466.0
466.0
464.5
465.5
466.0
471.0
475.0
469.5
472.0
469.5
479.0
491.0
493.0
497.5
498.0
487.0
485.5
481.5
488.0
485.0
493.0
493.0
494.5
492.0
488.5
485.5
488.5
495.0
493.5
488.5
503.5
504.0
513.0
511.5
525.0
530.0
538.0
560.0
552.0
579.5
568.5
568.0
626.0
620.5
613.0
616.5
614.0
618.0
615.5
612.5
603.0
610.5
616.5
555.5
581.0
594.0
585.0
563.5
566.5
566.5
559.0
580.0
578.0
586.0
583.5
584.0
585.0
575.0
575.0
567.5
573.0
592.0
580.5
577.5
574.5
571.5
575.5
573.0
574.5
576.0
570.5
585.0
579.5
576.0
578.0
574.0
573.5
571.5
572.0
572.5
559.0
562.0
563.0
560.5
565.0
565.0
567.0
568.5
563.5
564.5
560.0
556.5
557.0
554.0
552.5
550.0
552.0
550.0
558.5
554.5
556.5
555.5
552.5
555.5
553.0
552.0
552.0
550.5
549.0
552.0
551.5
551.5
550.5
553.0
550.5
551.0
550.0
550.0
551.0
551.5
551.5
553.5
551.5
551.0
552.0
553.0
551.0
550.0
549.5
549.0
545.5
549.0
546.5
549.5
549.0
552.5
557.5
575.0
569.5
570.5
568.0
568.0
569.0
566.5
567.5
569.5
576.0
565.5
565.5
566.5
565.5
560.5
560.5
562.5
564.0
562.5
562.0
558.5
556.5
554.0
554.5
555.0
554.5
548.5
548.5
554.0
550.0
558.0
560.5
550.5
553.0
551.0
550.0
551.0
552.0
553.0
550.0
547.0
548.0
550.0
550.0
550.5
549.0
548.0
550.5
553.0
547.5
546.0
547.0
546.0
541.0
546.0
541.5
539.0
540.5
549.0
536.5
550.5
546.5
547.5
549.0
549.5
552.0
552.5
552.5
559.0
560.0
550.5
555.5
551.0
547.5
549.0
542.5
547.0
546.0
545.0
525.0
539.0
535.0
538.5
538.5
539.0
540.5
542.5
541.0
549.5
555.5
553.5
549.0
554.0
554.0
551.5
548.0
549.5
550.5
548.5
552.0
553.5
559.5
552.5
551.5
550.0
552.0
548.5
556.0
558.5
557.0
555.0
555.0
553.5
552.0
552.0
551.0
554.5
554.0
553.5
553.0
551.0
550.5
552.0
551.5
552.5
553.0
556.0
555.0
561.5
556.5
559.5
557.5
558.5
552.0
559.0
563.0
569.0
573.5
568.0
565.0
560.0
557.5
562.5
556.5
555.0
556.5
555.0
557.0
560.0
556.5
556.0
556.5
565.0
556.0
554.5
550.0
542.0
545.0
547.5
550.0
547.5
549.5
547.0
555.0
552.0
551.5
570.0
560.0
563.5
560.5
562.5
560.0
558.5
554.5
557.5
556.0
552.5
555.5
554.5
556.5
557.5
561.5
556.0
560.0
564.5
563.5
563.5
564.5
564.5
563.0
565.0
565.0
564.0
565.0
564.5
563.0
564.0
562.0
561.5
561.0
560.0
564.5
562.5
555.0
553.5
552.5
559.0
554.0
557.0
565.0
556.0
549.0
545.0
545.5
544.0
546.5
532.0
533.5
551.5
532.5
536.0
540.5
540.0
536.0
533.0
529.0
528.5
528.0
528.0
540.0
539.5
537.5
533.0
534.5
536.5
537.5
534.0
537.5
541.0
544.5
542.0
539.0
538.0
537.5
539.0
539.5
538.5
526.5
523.0
515.5
516.5
519.5
520.0
528.5
527.0
521.0
538.5
528.0
522.5
520.5
525.5
523.0
522.0
522.0
520.5
519.0
540.0
525.5
523.5
524.5
527.0
531.5
530.0
528.5
530.0
526.0
529.5
531.5
531.5
531.0
529.0
530.5
530.0
529.0
531.0
531.0
528.0
526.5
524.5
521.5
523.0
521.0
521.0
519.5
518.0
528.0
531.5
525.0
520.0
523.5
522.0
523.0
523.5
518.0
509.0
509.5
497.0
489.5
480.0
486.0
480.5
484.5
482.5
475.0
484.5
485.0
501.5
501.5
508.5
505.0
499.5
492.0
500.0
515.0
498.5
500.0
498.5
500.0
499.5
498.5
500.0
496.5
492.0
493.5
495.0
514.0
516.5
513.5
514.5
517.0
525.0
523.0
538.0
538.0
526.5
516.5
521.5
525.0
535.0
532.5
528.5
535.0
530.0
531.0
530.0
516.0
524.0
524.0
521.5
527.0
532.0
519.0
520.0
510.0
508.0
506.5
504.5
496.0
528.0
520.0
520.5
525.5
530.0
533.5
535.5
543.0
546.0
553.5
563.5
555.0
555.5
556.5
561.0
560.0
555.0
554.0
545.5
545.0
538.5
535.0
552.0
564.5
549.5
548.5
553.5
551.0
548.5
547.5
552.0
549.5
548.5
538.5
539.5
539.0
546.5
550.5
550.5
546.5
548.0
547.0
541.5
551.5
550.0
549.0
550.0
551.0
552.0
551.0
549.5
555.0
556.0
558.0
560.0
559.5
557.0
567.0
558.0
563.0
563.5
566.5
563.0
561.5
565.0
565.0
561.0
560.0
557.5
557.5
557.0
566.5
564.0
558.0
569.0
569.0
570.0
580.0
580.5
583.0
588.0
588.0
574.0
576.0
579.0
573.5
570.5
572.0
570.0
574.5
570.5
570.0
572.5
572.0
574.5
574.0
578.0
585.0
587.5
588.5
585.5
590.0
585.5
584.0
584.5
584.0
584.0
584.0
592.0
592.0
589.0
600.0
599.5
594.0
603.0
603.5
604.0
604.0
600.5
593.5
605.0
603.0
603.0
604.5
605.0
603.0
602.0
601.5
603.5
599.5
604.0
602.5
603.0
602.5
599.5
599.0
595.0
595.5
596.0
595.0
590.0
590.0
590.5
585.5
587.5
578.0
585.0
584.5
584.0
580.0
578.0
577.0
577.0
576.0
584.5
594.0
593.0
583.5
590.0
588.0
592.5
605.5
599.0
595.0
596.5
595.5
595.0
590.0
586.0
585.0
578.5
574.0
576.5
582.0
576.0
578.5
578.0
576.0
580.0
578.5
579.0
571.5
575.5
596.0
595.0
593.0
603.0
610.0
609.0
609.0
618.0
619.0
616.5
614.0
600.0
605.0
607.5
600.5
604.0
607.5
602.0
582.0
579.0
580.5
577.5
578.0
589.5
577.0
570.0
607.0
594.5
593.5
595.0
597.5
629.0
638.5
608.0
620.5
609.5
605.5
603.5
597.5
599.5
592.5
573.5
580.0
609.5
586.0
586.0
587.5
594.0
602.0
592.5
598.0
595.5
597.5
591.5
603.0
617.0
613.5
614.5
621.0
619.0
624.0
619.5
620.0
624.0
620.5
617.0
613.0
617.5
617.5
621.5
629.0
621.0
622.0
616.0
615.0
595.0
601.0
601.0
600.0
601.0
600.0
603.0
600.0
599.0
597.5
605.5
605.0
603.0
605.5
602.0
603.0
600.5
602.0
600.5
596.0
598.5
602.0
598.0
594.5
592.5
595.5
593.5
593.0
591.5
583.5
583.5
584.5
603.0
599.5
602.0
598.0
597.5
604.0
599.5
600.0
598.5
595.5
595.0
597.0
595.0
591.5
602.5
600.0
601.5
601.0
600.5
610.0
606.0
604.5
608.0
601.5
603.0
599.0
601.5
604.5
601.5
604.0
601.5
601.5
600.5
602.0
600.5
599.5
594.5
592.0
592.0
590.5
590.5
585.0
582.0
575.0
570.0
571.5
572.5
571.5
578.5
584.0
574.5
560.0
576.5
575.0
573.0
576.0
576.0
578.0
577.0
574.0
570.0
581.5
577.5
578.5
575.5
568.0
568.0
566.0
560.0
567.0
567.0
567.0
567.0
569.5
570.5
569.5
571.0
571.0
573.0
573.5
573.0
574.5
574.0
569.0
571.0
571.5
571.5
572.5
572.0
571.0
564.5
568.0
568.0
563.0
562.5
564.5
561.5
562.5
567.0
566.0
571.0
569.5
562.0
561.0
558.0
553.0
558.0
557.5
557.0
556.5
552.0
552.5
553.0
552.0
553.0
552.5
550.5
549.5
557.0
557.0
554.5
553.5
554.0
552.0
552.5
552.5
550.0
550.5
557.0
557.0
555.0
555.0
553.5
550.0
552.0
550.5
550.0
550.5
545.0
544.0
543.5
543.0
542.0
540.0
543.5
533.0
536.0
531.0
530.0
528.0
527.0
524.5
535.5
515.0
516.0
510.0
506.5
492.0
490.0
486.5
470.0
472.0
425.0
439.5
461.0
459.0
396.0
404.5
436.0
453.5
449.0
470.0
478.0
474.0
475.0
450.0
328.5
300.5
415.0
374.0
375.0
360.0
392.0
380.0
370.0
372.0
444.0
423.0
413.0
386.5
396.0
410.0
422.5
428.0
420.0
449.0
430.0
497.0
512.0
515.0
538.0
570.5
573.0
575.5
579.0
600.0
573.0
546.5
542.0
540.0
540.0
557.0
534.0
542.0
544.0
548.0
546.0
549.5
545.5
535.0
540.0
545.0
539.0
536.0
535.5
538.0
540.0
540.0
541.5
539.5
547.5
531.0
532.0
533.5
532.5
536.0
535.5
534.5
533.5
532.5
532.0
527.0
514.0
505.0
496.0
502.0
506.0
508.0
504.0
501.5
506.0
525.0
536.0
536.5
533.5
532.0
535.0
526.5
517.5
516.0
528.5
551.5
538.5
541.0
537.5
534.5
535.0
536.5
537.0
539.5
555.0
531.5
531.5
531.5
532.0
526.5
526.0
527.5
537.0
536.5
535.0
530.0
526.5
523.5
523.0
522.5
523.0
523.0
507.0
505.0
507.0
480.5
494.0
484.0
484.5
482.0
484.5
485.0
496.0
494.5
494.5
508.0
499.0
491.5
491.0
492.5
493.0
493.0
495.0
499.5
499.5
495.5
494.0
492.0
489.5
486.0
483.0
484.0
483.0
483.0
474.5
486.0
479.0
476.5
475.0
475.0
474.5
474.5
484.0
483.5
464.0
461.5
458.5
461.0
460.5
451.5
457.0
457.0
450.0
456.0
442.0
436.5
424.0
420.5
419.0
422.0
432.0
437.5
427.0
458.5
456.5
453.0
454.5
452.0
448.5
445.5
450.5
451.0
449.0
454.5
448.5
450.0
448.5
449.5
448.0
450.0
448.5
447.0
445.0
453.0
437.0
428.5
428.5
428.5
428.5
428.0
426.5
427.0
423.5
410.0
407.5
412.0
418.0
411.0
414.0
415.0
417.5
420.0
418.5
419.0
419.5
433.0
432.0
429.5
432.5
430.0
433.0
434.0
433.5
434.0
445.0
444.5
450.5
450.0
454.5
453.5
451.5
446.5
449.0
453.0
449.0
451.0
451.0
447.5
445.5
446.0
446.0
446.5
445.0
449.5
445.5
445.5
440.0
439.0
436.0
441.5
441.0
439.5
439.0
441.5
433.5
435.0
432.5
432.0
430.5
425.0
426.5
427.0
423.5
428.0
425.0
429.0
425.5
426.5
427.0
430.5
430.0
427.5
421.0
428.0
418.0
423.0
424.0
424.0
424.5
426.5
425.0
425.5
425.0
425.0
423.5
424.0
424.0
423.0
424.0
422.0
419.5
421.0
421.5
422.0
418.0
419.0
418.0
425.0
432.5
429.0
428.5
423.5
428.0
437.0
427.0
427.0
425.5
426.0
426.0
427.5
429.0
427.0
427.0
432.0
427.5
422.0
426.0
424.0
424.5
424.0
425.0
424.0
424.0
423.0
432.5
428.5
429.0
427.0
425.5
423.5
426.0
426.0
425.0
428.5
429.0
428.0
429.0
426.0
428.0
427.5
428.0
425.5
428.5
435.0
424.0
426.5
427.0
426.5
425.0
425.5
425.5
427.0
427.0
426.0
425.0
426.0
425.5
425.5
425.5
424.0
426.0
424.5
425.5
424.5
418.0
419.0
418.5
421.0
424.5
424.0
423.0
423.0
428.5
428.5
425.0
427.0
427.0
424.0
423.5
424.0
429.0
429.0
437.0
437.5
446.5
445.0
440.5
444.0
440.0
443.0
442.5
441.0
444.5
445.0
439.5
447.0
448.5
446.5
450.0
450.0
449.5
449.5
450.0
470.0
466.5
464.5
461.5
465.0
462.0
463.5
465.5
465.5
466.0
470.0
472.5
471.5
475.0
482.0
491.5
533.0
503.5
507.0
481.5
485.5
509.5
504.5
488.0
493.0
492.0
483.5
494.5
489.5
486.5
487.0
489.0
483.0
480.0
478.0
470.5
472.5
470.5
465.0
468.0
472.5
466.0
460.0
461.0
459.5
460.5
463.0
464.0
464.0
468.0
480.0
483.5
480.0
477.0
482.5
484.5
487.5
482.0
479.0
489.0
489.5
498.0
498.0
498.0
499.5
498.5
501.5
500.5
501.5
502.5
500.5
497.0
495.0
501.5
501.5
499.0
498.5
497.0
493.0
488.0
488.5
491.5
488.5
491.0
482.5
475.0
477.0
481.5
480.0
483.5
474.0
476.5
477.5
479.0
475.5
475.5
488.0
485.0
484.5
483.5
484.5
485.0
487.0
493.0
492.0
480.5
480.0
483.0
483.0
484.0
493.5
487.0
486.0
486.5
487.0
484.5
484.5
481.0
479.0
481.0
480.0
480.5
483.5
480.0
481.0
483.0
482.5
480.5
481.0
479.0
484.0
481.5
482.0
483.0
482.5
480.5
482.0
482.5
482.5
483.0
484.5
479.0
480.0
483.5
482.5
484.0
484.0
483.0
485.0
484.0
486.0
503.5
511.0
512.0
506.5
508.5
499.5
501.0
498.5
500.0
507.0
501.0
504.5
504.0
505.0
503.5
503.5
499.5
505.0
503.5
506.0
504.0
503.5
504.0
503.5
502.0
502.0
500.0
501.0
499.0
498.0
492.0
493.0
490.0
492.0
493.0
497.5
502.0
503.0
500.0
500.0
499.0
501.0
498.5
500.0
500.5
500.0
499.0
499.5
497.0
496.0
500.0
500.0
501.0
505.0
508.5
510.0
507.5
509.5
506.5
515.0
523.5
524.5
523.0
528.0
520.5
524.0
526.0
530.5
529.5
534.5
517.5
520.0
521.0
520.0
517.0
516.0
519.0
518.5
519.0
514.5
506.5
498.5
