close
0.204
0.2006
0.2004
0.2
0.2
0.2209
0.1909
0.1912
0.19
0.1669
0.1997
0.2355
0.25
0.1861
0.259
0.2493
0.27
0.2699
0.2684
0.267
0.2496
0.269
0.2999
0.27
0.24
0.27
0.2698
0.2996
0.2989
0.2606
0.2606
0.246
0.2505
0.26
0.27
0.25
0.2694
0.2255
0.227
0.2666
0.26
0.362
0.266
0.27
0.249
0.24
0.27
0.27
0.269
0.24
0.22
0.212
0.257
0.26
0.26
0.25
0.242
0.27
0.26
0.26
0.25
0.26
0.255
0.26
0.241
0.231
0.225
0.253
0.263
0.292
0.34
0.323
0.28
0.32
0.25
0.295
0.295
0.299
0.238
0.277
0.22
0.283
0.21
0.283
0.201
0.269
0.24
0.2
0.25
0.284
0.19
0.24
0.22
0.2
0.162
0.186
0.22
0.22
0.198
0.218
0.184
0.219
0.216
0.181
0.185
0.219
0.21
0.21
0.184
0.184
0.182
0.213
0.215
0.218
0.2
0.197
0.197
0.228
0.218
0.218
0.219
0.219
0.219
0.182
0.216
0.229
0.219
0.219
0.219
0.219
0.219
0.219
0.22
0.215
0.219
0.219
0.219
0.219
0.22
0.229
0.2
0.229
0.203
0.211
0.221
0.21
0.212
0.211
0.211
0.219
0.211
0.229
0.221
0.211
0.229
0.233
0.219
0.219
0.219
0.219
0.219
0.22
0.22
0.22
0.245
0.24
0.239
0.235
0.235
0.25
0.255
0.29
0.26
0.25
0.311
0.3
0.295
0.29
0.295
0.309
0.26
0.271
0.272
0.272
0.27
0.27
0.27
0.285
0.296
0.31
0.295
0.26
0.277
0.277
0.277
0.244
0.244
0.242
0.276
0.275
0.254
0.253
0.253
0.244
0.245
0.249
0.242
0.259
0.29
0.293
0.26
0.26
0.252
0.228
0.248
0.245
0.245
0.258
0.241
0.26
0.236
0.255
0.258
0.309
0.236
0.25
0.25
0.289
0.26
0.24
0.24
0.242
0.3
0.3
0.255
0.26
0.244
0.245
0.235
0.25
0.25
0.248
0.24
0.24
0.24
0.24
0.24
0.243
0.242
0.249
0.25
0.243
0.24
0.239
0.24
0.237
0.24
0.289
0.24
0.235
0.235
0.24
0.24
0.24
0.24
0.225
0.24
0.232
0.268
0.25
0.268
0.229
0.225
0.226
0.229
0.225
0.23
0.23
0.23
0.23
0.228
0.228
0.229
0.23
0.23
0.229
0.224
0.239
0.224
0.227
0.224
0.224
0.229
0.229
0.229
0.228
0.229
0.229
0.229
0.225
0.219
0.207
0.219
0.219
0.219
0.219
0.219
0.219
0.219
0.21
0.21
0.219
0.219
0.219
0.219
0.219
0.219
0.219
0.219
0.209
0.219
0.219
0.229
0.229
0.22
0.23
0.203
0.24
0.24
0.24
0.24
0.24
0.24
0.24
0.203
0.24
0.24
0.24
0.249
0.24
0.258
0.26
0.241
0.242
0.242
0.242
0.242
0.241
0.241
0.244
0.224
0.203
0.229
0.225
0.225
0.243
0.245
0.245
0.226
0.222
0.254
0.25
0.245
0.24
0.257
0.26
0.262
0.273
0.277
0.27
0.27
0.279
0.298
0.299
0.295
0.287
0.285
0.275
0.287
0.281
0.293
0.293
0.287
0.3
0.288
0.299
0.33
0.33
0.33
0.358
0.343
0.366
0.384
0.415
0.37
0.37
0.4
0.417
0.43
0.45
0.435
0.438
0.41
0.421
0.426
0.41
0.402
0.395
0.4
0.377
0.377
0.377
0.395
0.39
0.354
0.353
0.354
0.354
0.34
0.326
0.399
0.378
0.37
0.376
0.381
0.4
0.407
0.39
0.375
0.39
0.375
0.361
0.37
0.396
0.382
0.385
0.395
0.385
0.387
0.397
0.417
0.386
0.39
0.406
0.4
0.4
0.377
0.388
0.39
0.4
0.406
0.406
0.392
0.375
0.375
0.39
0.389
0.395
0.388
0.4
0.4
0.4
0.386
0.384
0.389
0.388
0.388
0.38
0.387
0.386
0.385
0.386
0.386
0.387
0.386
0.385
0.386
0.386
0.38
0.385
0.403
0.408
0.386
0.377
0.402
0.403
0.39
0.385
0.384
0.384
0.402
0.402
0.386
0.386
0.403
0.389
0.385
0.38
0.35
0.38
0.379
0.384
0.38
0.38
0.38
0.379
0.385
0.385
0.385
0.392
0.391
0.385
0.383
0.383
0.384
0.376
0.384
0.384
0.387
0.384
0.384
0.389
0.384
0.384
0.384
0.384
0.384
0.384
0.384
0.384
0.383
0.383
0.384
0.37
0.38
0.383
0.38
0.38
0.383
0.383
0.383
0.383
0.384
0.384
0.384
0.403
0.389
0.384
0.401
0.383
0.384
0.381
0.382
0.384
0.382
0.383
0.381
0.392
0.383
0.383
0.403
0.391
0.39
0.389
0.387
0.386
0.4
0.383
0.383
0.383
0.383
0.383
0.383
0.383
0.383
0.398
0.384
0.381
0.388
0.384
0.384
0.394
0.401
0.392
0.388
0.383
0.393
0.39
0.39
0.38
0.38
0.385
0.383
0.383
0.383
0.385
0.383
0.383
0.393
0.381
0.393
0.394
0.395
0.401
0.402
0.402
0.393
0.398
0.388
0.398
0.406
0.406
0.403
0.389
0.389
0.383
0.387
0.4
0.387
0.403
0.385
0.394
0.384
0.398
0.446
0.551
0.556
0.556
0.54
0.556
0.556
0.556
0.559
0.556
0.471
0.472
0.412
0.406
0.42
0.412
0.386
0.397
0.403
0.403
0.375
0.381
0.376
0.377
0.386
0.392
0.386
0.384
0.39
0.399
0.388
0.386
0.387
0.388
0.388
0.389
0.391
0.392
0.389
0.378
0.401
0.398
0.415
0.418
0.402
0.407
0.419
0.413
0.405
0.403
0.409
0.404
0.397
0.4
0.405
0.401
0.41
0.411
0.4
0.41
0.41
0.395
0.407
0.393
0.401
0.389
0.401
0.39
0.392
0.389
0.399
0.406
0.397
0.389
0.398
0.394
0.4
0.4
0.395
0.393
0.394
0.397
0.396
0.396
0.404
0.394
0.399
0.4
0.399
0.395
0.382
0.383
0.383
0.38
0.385
0.385
0.383
0.38
0.38
0.38
0.371
0.381
0.386
0.386
0.381
0.381
0.381
0.381
0.379
0.38
0.38
0.378
0.393
0.396
0.393
0.393
0.395
0.394
0.38
0.381
0.38
0.391
0.383
0.383
0.383
0.381
0.381
0.381
0.383
0.383
0.383
0.381
0.381
0.381
0.381
0.381
0.381
0.385
0.385
0.381
0.39
0.395
0.375
0.39
0.381
0.379
0.38
0.383
0.387
0.38
0.389
0.367
0.366
0.38
0.38
0.366
0.38
0.375
0.367
0.364
0.374
0.384
0.377
0.384
0.385
0.38
0.399
0.395
0.393
0.393
0.392
0.381
0.376
0.388
0.384
0.383
0.395
0.384
0.394
0.384
0.382
0.393
0.383
0.384
0.384
0.384
0.384
0.38
0.392
0.38
0.379
0.379
0.356
0.374
0.38
0.394
0.394
0.394
0.396
0.398
0.395
0.394
0.394
0.394
0.394
0.394
0.389
0.395
0.375
0.389
0.392
0.388
0.388
0.388
0.388
0.378
0.379
0.382
0.381
0.382
0.382
0.382
0.382
0.378
0.384
0.383
0.382
0.409
0.398
0.405
0.4
0.397
0.395
0.39
0.384
0.38
0.381
0.38
0.38
0.381
0.38
0.381
0.381
0.381
0.386
0.397
0.392
0.388
0.39
0.387
0.388
0.388
0.388
0.388
0.388
0.388
0.388
0.388
0.387
0.386
0.386
0.386
0.383
0.38
0.381
0.384
0.404
0.414
0.419
0.475
0.459
0.467
0.473
0.451
0.444
0.45
0.45
0.451
0.453
0.456
0.461
0.446
0.445
0.438
0.447
0.44
0.432
0.391
0.411
0.412
0.416
0.416
0.404
0.418
0.403
0.4
0.397
0.392
0.39
0.4
0.4
0.396
0.395
0.381
0.38
0.378
0.38
0.385
0.376
0.376
0.377
0.377
0.381
0.38
0.4
0.386
0.378
0.385
0.387
0.377
0.385
0.4
0.393
0.392
0.391
0.394
0.39
0.39
0.39
0.389
0.392
0.385
0.399
0.395
0.385
0.386
0.384
0.38
0.379
0.382
0.383
0.385
0.4
0.4
0.397
0.381
0.388
0.39
0.391
0.392
0.385
0.382
0.39
0.393
0.395
0.396
0.4
0.398
0.394
0.392
0.391
0.389
0.393
0.401
0.394
0.396
0.395
0.396
0.395
0.397
0.392
0.397
0.403
0.409
0.413
0.4
0.408
0.414
0.407
0.41
0.406
0.41
0.41
0.413
0.407
0.413
0.407
0.41
0.4
0.395
0.426
0.427
0.405
0.41
0.413
0.4
0.406
0.407
0.409
0.41
0.411
0.437
0.412
0.411
0.411
0.413
0.411
0.411
0.438
0.414
0.415
0.416
0.416
0.416
0.417
0.418
0.414
0.419
0.419
0.39
0.396
0.391
0.387
0.392
0.391
0.395
0.397
0.391
0.399
0.389
0.395
0.396
0.394
0.393
0.4
0.41
0.397
0.409
0.4
0.4
0.419
0.424
0.412
0.397
0.397
0.397
0.397
0.409
0.41
0.41
0.404
0.408
0.412
0.41
0.411
0.396
0.395
0.396
0.393
0.403
0.38
0.39
0.398
0.387
0.404
0.4
0.393
0.4
0.403
0.404
0.404
0.392
0.41
0.41
0.4
0.41
0.41
0.399
0.411
0.411
0.414
0.41
0.405
0.406
0.397
0.403
0.405
0.405
0.405
0.407
0.408
0.41
0.413
0.407
0.41
0.411
0.411
0.411
0.405
0.407
0.401
0.407
0.41
0.402
0.401
0.405
0.407
0.415
0.41
0.41
0.409
0.408
0.406
0.405
0.408
0.41
0.41
0.41
0.401
0.402
0.401
0.406
0.403
0.4
0.406
0.407
0.402
0.401
0.407
0.414
0.405
0.404
0.406
0.4
0.4
0.407
0.407
0.409
0.399
0.408
0.408
0.409
0.409
0.393
0.408
0.404
0.408
0.409
0.416
0.415
0.414
0.414
0.432
0.433
0.509
0.575
0.578
0.578
0.578
0.578
0.578
0.633
0.52
0.516
0.519
0.522
0.5
0.5
0.483
0.495
0.492
0.472
0.48
0.474
0.485
0.485
0.48
0.471
0.491
0.5
0.505
0.481
0.48
0.477
0.475
0.5
0.5
0.48
0.48
0.48
0.49
0.48
0.495
0.49
0.49
0.48
0.493
0.485
0.48
0.476
0.477
0.49
0.49
0.49
0.48
0.487
0.487
0.48
0.473
0.47
0.487
0.47
0.47
0.467
0.447
0.452
0.453
0.458
0.477
0.478
0.478
0.471
0.471
0.468
0.479
0.49
0.482
0.459
0.462
0.462
0.462
0.478
0.472
0.478
0.476
0.456
0.47
0.474
0.456
0.454
0.445
0.456
0.47
0.462
0.466
0.445
0.456
0.457
0.455
0.453
0.45
0.443
0.452
0.445
0.438
0.45
0.454
0.47
0.466
0.46
0.456
0.446
0.458
0.45
0.45
0.431
0.429
0.432
0.437
0.436
0.439
0.445
0.442
0.436
0.44
0.439
0.455
0.427
0.44
0.435
0.438
0.427
0.441
0.425
0.425
0.424
0.473
0.424
0.439
0.421
0.44
0.46
0.42
0.44
0.455
0.453
0.452
0.46
0.43
0.425
0.442
0.436
0.42
0.421
0.44
0.452
0.451
0.467
0.467
0.453
0.453
0.465
0.462
0.461
0.462
0.46
0.46
0.46
0.425
0.471
0.488
0.453
0.468
0.477
0.465
0.474
0.441
0.431
0.46
0.448
0.427
0.427
0.44
0.423
0.421
0.421
0.426
0.416
0.427
0.422
0.426
0.435
0.439
0.439
0.439
0.442
0.435
0.435
0.466
0.457
0.45
0.455
0.467
0.466
0.452
0.45
0.466
0.478
0.478
0.459
0.469
0.466
0.468
0.456
0.469
0.473
0.457
0.471
0.466
0.455
0.465
0.494
0.477
0.458
0.47
0.459
0.46
0.461
0.433
0.453
0.468
0.441
0.44
0.46
0.461
0.47
0.474
0.43
0.422
0.43
0.444
0.444
0.445
0.456
0.46
0.513
0.469
0.499
0.48
0.48
0.51
0.492
0.496
0.49
0.49
0.5
0.49
0.5
0.492
0.491
0.497
0.491
0.485
0.508
0.503
0.501
0.483
0.475
0.481
0.492
0.503
0.503
0.503
0.489
0.501
0.505
0.493
0.5
0.481
0.52
0.5
0.5
0.49
0.471
0.497
0.499
0.489
0.499
0.483
0.48
0.482
0.487
0.491
0.503
0.481
0.48
0.48
0.482
0.483
0.503
0.484
0.503
0.482
0.495
0.499
0.486
0.484
0.486
0.48
0.48
0.496
0.5
0.493
0.482
0.488
0.482
0.507
0.515
0.492
0.484
0.499
0.514
0.5
0.49
0.49
0.488
0.49
0.487
0.49
0.493
0.5
0.508
0.492
0.493
0.495
0.485
0.497
0.494
0.464
0.48
0.505
0.478
0.476
0.49
0.499
0.499
0.497
0.475
0.497
0.498
0.5
0.479
0.509
0.5
0.49
0.48
0.442
0.45
0.463
0.463
0.477
0.463
0.47
0.463
0.47
0.475
0.487
0.475
0.481
0.46
0.461
0.465
0.478
0.471
0.461
0.456
0.465
0.453
0.462
0.459
0.455
0.457
0.451
0.458
0.45
0.459
0.455
0.464
0.466
0.46
0.468
0.485
0.499
0.46
0.478
0.472
0.468
0.46
0.46
0.464
0.47
0.464
0.48
0.458
0.46
0.451
0.459
0.455
0.459
0.466
0.466
0.462
0.457
0.46
0.461
0.467
0.464
0.47
0.466
0.461
0.479
0.466
0.461
0.474
0.461
0.516
0.501
0.497
0.475
0.478
0.481
0.497
0.487
0.485
0.487
0.473
0.475
0.474
0.468
0.484
0.476
0.47
0.474
0.452
0.459
0.459
0.462
0.46
0.461
0.47
0.47
0.464
0.467
0.47
0.436
0.492
0.469
0.467
0.466
0.464
0.464
0.458
0.455
0.469
0.461
0.462
0.461
0.461
0.461
0.46
0.462
0.462
0.462
0.461
0.461
0.459
0.461
0.461
0.462
0.46
0.461
0.441
0.457
0.454
0.457
0.457
0.458
0.456
0.446
0.453
0.457
0.461
0.461
0.459
0.465
0.463
0.498
0.484
0.463
0.465
0.462
0.47
0.466
0.461
0.458
0.456
0.45
0.453
0.459
0.455
0.458
0.453
0.454
0.454
0.455
0.461
0.456
0.452
0.458
0.458
0.464
0.459
0.469
0.461
0.462
0.468
0.464
0.463
0.459
0.461
0.468
0.464
0.461
0.463
0.472
0.469
0.47
0.478
0.47
0.47
0.472
0.467
0.467
0.477
0.472
0.471
0.475
0.483
0.469
0.478
0.478
0.47
0.477
0.476
0.455
0.475
0.469
0.474
0.469
0.468
0.463
0.46
0.45
0.468
0.473
0.469
0.466
0.465
0.465
0.47
0.474
0.46
0.481
0.477
0.467
0.465
0.475
0.475
0.475
0.468
0.482
0.499
0.464
0.468
0.48
0.47
0.469
0.469
0.489
0.478
0.465
0.468
0.468
0.464
0.487
0.47
0.474
0.473
0.472
0.47
0.473
0.471
0.471
0.47
0.472
0.471
0.47
0.477
0.475
0.476
0.475
0.475
0.476
0.476
0.475
0.476
0.476
0.476
0.475
0.475
0.475
0.476
0.476
0.475
0.475
0.476
0.475
0.476
0.475
0.475
0.476
0.475
0.476
0.475
0.476
0.478
0.477
0.477
0.476
0.476
0.475
0.465
0.472
0.468
0.473
0.469
0.467
0.465
0.466
0.466
0.478
0.474
0.468
0.472
0.471
0.479
0.475
0.475
0.475
0.475
0.474
0.474
0.475
0.474
0.475
0.475
0.475
0.475
0.481
0.481
0.482
0.487
0.483
0.484
0.481
0.481
0.484
0.49
0.49
0.478
0.478
0.482
0.48
0.48
0.48
0.481
0.484
0.484
0.476
0.484
0.476
0.476
0.484
0.494
0.484
0.484
0.484
0.488
0.482
0.498
0.487
0.49
0.473
0.458
0.46
0.46
0.472
0.46
0.46
0.46
0.461
0.462
0.48
0.489
0.487
0.485
0.48
0.49
0.46
0.486
0.488
0.482
0.478
0.47
0.471
0.472
0.476
0.478
0.478
0.489
0.487
0.48
0.485
0.48
0.48
0.48
0.481
0.482
0.471
0.485
0.47
0.46
0.467
0.47
0.465
0.47
0.472
0.465
0.465
0.463
0.46
0.464
0.468
0.467
0.467
0.468
0.463
0.466
0.462
0.475
0.475
0.47
0.469
0.464
0.469
0.47
0.468
0.517
0.481
0.471
0.47
0.478
0.47
0.48
0.474
0.465
0.465
0.486
0.484
0.474
0.472
0.47
0.502
0.488
0.5
0.495
0.5
0.494
0.494
0.5
0.51
0.508
0.505
0.5
0.499
0.497
0.497
0.49
0.49
0.488
0.49
0.515
0.489
0.485
0.485
0.485
0.49
0.485
0.483
0.487
0.492
0.487
0.494
0.493
0.494
0.488
0.488
0.487
0.487
0.491
0.492
0.489
0.488
0.486
0.484
0.489
0.491
0.492
0.492
0.496
0.491
0.489
0.489
0.489
0.489
0.468
0.471
0.488
0.46
0.47
0.465
0.466
0.47
0.462
0.477
0.473
0.47
0.47
0.47
0.47
0.47
0.469
0.464
0.465
0.484
0.467
0.468
0.47
0.465
0.465
0.469
0.464
0.463
0.461
0.464
0.461
0.46
0.46
0.466
0.467
0.466
0.461
0.468
0.462
0.46
0.464
0.461
0.461
0.46
0.465
0.46
0.46
0.46
0.46
0.46
0.46
0.46
0.464
0.464
0.464
0.46
0.46
0.459
0.464
0.464
0.464
0.46
0.464
0.467
0.464
0.46
0.457
0.457
0.452
0.452
0.454
0.455
0.461
0.46
0.459
0.456
0.458
0.455
0.452
0.452
0.451
0.451
0.451
0.449
0.449
0.449
0.45
0.451
0.452
0.451
0.45
0.45
0.446
0.445
0.445
0.449
0.445
0.44
0.435
0.404
0.426
0.426
0.42
0.429
0.428
0.429
0.42
0.429
0.411
0.426
0.427
0.428
0.43
0.43
0.429
0.429
0.429
0.428
0.429
0.422
0.43
0.414
0.422
0.422
0.413
0.413
0.412
0.412
0.409
0.41
0.415
0.479
0.459
0.46
0.462
0.45
0.469
0.415
0.42
0.439
0.44
0.413
0.428
0.43
0.44
0.441
0.441
0.448
0.426
0.421
0.421
0.444
0.459
0.45
0.45
0.44
0.458
0.45
0.45
0.451
0.454
0.451
0.449
0.425
0.425
0.426
0.429
0.426
0.425
0.42
0.432
0.427
0.428
0.428
0.425
0.425
0.426
0.421
0.427
0.425
0.424
0.423
0.427
0.424
0.432
0.424
0.423
0.42
0.433
0.428
0.429
0.429
0.427
0.428
0.436
0.429
0.43
0.43
0.429
0.415
0.413
0.414
0.414
0.415
0.415
0.428
0.418
0.412
0.423
0.425
0.424
0.423
0.413
0.41
0.409
0.42
0.413
0.412
0.414
0.414
0.414
0.428
0.418
0.412
0.418
0.427
0.41
0.417
0.42
0.412
0.42
0.419
0.419
0.419
0.419
0.419
0.402
0.418
0.41
0.409
0.401
0.41
0.407
0.404
0.4
0.4
0.4
0.408
0.407
0.408
0.407
0.4
0.405
0.4
0.4
0.403
0.407
0.407
0.4
0.403
0.398
0.399
0.404
0.395
0.397
0.398
0.402
0.399
0.399
0.408
0.399
0.396
0.401
0.399
0.401
0.402
0.402
0.404
0.406
0.399
0.403
0.405
0.404
0.405
0.398
0.399
0.4
0.404
0.414
0.414
0.416
0.41
0.409
0.415
0.418
0.449
0.435
0.435
0.435
0.435
0.449
0.45
0.45
0.431
0.425
0.42
0.43
0.425
0.45
0.439
0.43
0.435
0.426
0.426
0.435
0.43
0.435
0.44
0.437
0.467
0.471
0.469
0.47
0.455
0.455
0.453
0.446
0.45
0.45
0.453
0.454
0.453
0.452
0.451
0.455
0.45
0.451
0.45
0.449
0.451
0.46
0.453
0.455
0.456
0.453
0.452
0.452
0.453
0.452
0.453
0.45
0.45
0.449
0.45
0.447
0.446
0.448
0.44
0.44
0.448
0.463
0.446
0.451
0.452
0.444
0.463
0.45
0.45
0.433
0.441
0.445
0.433
0.448
0.451
0.448
0.45
0.449
0.43
0.428
0.425
0.428
0.435
0.434
0.433
0.43
0.428
0.432
0.43
0.429
0.427
0.428
0.477
0.451
0.451
0.421
0.42
0.422
0.429
0.429
0.429
0.429
0.43
0.429
0.423
0.429
0.429
0.437
0.434
0.404
0.435
0.421
0.434
0.433
0.458
0.458
0.457
0.502
0.519
0.51
0.497
0.5
0.509
0.516
0.501
0.528
0.581
0.708
0.738
0.738
0.738
0.738
0.738
0.812
0.99
0.815
0.657
0.725
0.67
0.675
0.628
0.64
0.636
0.665
0.601
0.601
0.597
0.604
0.595
0.56
0.539
0.58
0.55
0.58
0.56
0.547
0.578
0.572
0.555
0.536
0.531
0.523
0.512
0.514
0.51
0.51
0.508
0.501
0.508
0.504
0.503
0.504
0.509
0.513
0.52
0.534
0.501
0.5
0.5
0.501
0.503
0.505
0.501
0.488
0.489
0.494
0.496
0.491
0.497
0.504
0.504
0.491
0.498
0.492
0.504
0.493
0.599
0.56
0.59
0.592
0.567
0.553
0.58
0.59
0.55
0.55
0.543
0.547
0.545
0.539
0.543
0.518
0.507
0.509
0.502
0.503
0.506
0.5
0.508
0.506
0.509
0.498
0.543
0.526
0.539
0.535
0.529
0.524
0.534
0.52
0.509
0.511
0.504
0.504
0.505
0.507
0.5
0.5
0.5
0.5
0.5
0.5
0.505
0.514
0.511
0.506
0.503
0.504
0.502
0.504
0.503
0.503
0.504
0.502
0.504
0.505
0.5
0.502
0.503
0.505
0.5
0.496
0.5
0.499
0.494
0.492
0.495
0.5
0.5
0.5
0.493
0.497
0.511
0.508
0.501
0.501
0.498
0.499
0.499
0.5
0.498
0.502
0.5
0.498
0.499
0.498
0.498
0.496
0.494
0.495
0.495
0.496
0.499
0.493
0.496
0.496
0.504
0.497
0.495
0.498
0.51
0.492
0.491
0.482
0.486
0.486
0.484
0.483
0.482
0.49
0.491
0.49
0.491
0.491
0.497
0.498
0.49
0.49
0.489
0.49
0.489
0.493
0.499
0.495
0.491
0.492
0.484
0.485
0.486
0.482
0.48
0.48
0.48
0.483
0.483
0.496
0.49
0.487
0.475
0.472
0.477
0.472
0.47
0.474
0.476
0.476
0.476
0.483
0.478
0.585
0.57
0.567
0.557
0.527
0.521
0.511
0.517
0.509
0.499
0.5
0.505
0.5
0.506
0.5
0.501
0.505
0.503
0.504
0.504
0.5
0.507
0.507
0.507
0.508
0.497
0.494
0.497
0.505
0.494
0.497
0.492
0.495
0.487
0.49
0.463
0.48
0.484
0.481
0.483
0.484
0.488
0.483
0.483
0.488
0.479
0.472
0.479
0.481
0.486
0.485
0.501
0.502
0.491
0.499
0.489
0.488
0.485
0.489
0.49
0.49
0.476
0.48
0.479
0.483
0.485
0.478
0.477
0.483
0.482
0.486
0.473
0.485
0.482
0.483
0.484
0.479
0.48
0.48
0.473
0.479
0.472
0.472
0.477
0.473
0.482
0.475
0.479
0.481
0.471
0.478
0.472
0.474
0.468
0.467
0.473
0.47
0.474
0.472
0.472
0.47
0.464
0.47
0.47
0.474
0.47
0.501
0.521
0.502
0.518
0.518
0.5
0.513
0.501
0.501
0.5
0.501
0.489
0.492
0.494
0.494
0.497
0.494
0.494
0.493
0.493
0.493
0.478
0.489
0.476
0.48
0.496
0.489
0.495
0.486
0.486
0.487
0.49
0.49
0.508
0.483
0.491
0.482
0.48
0.485
0.487
0.484
0.483
0.493
0.532
0.511
0.508
0.508
0.506
0.514
0.5
0.484
0.49
0.481
0.496
0.5
0.498
0.481
0.481
0.499
0.49
0.497
0.495
0.5
0.485
0.486
0.473
0.491
0.49
0.489
0.487
0.493
0.493
0.494
0.494
0.494
0.49
0.489
0.517
0.535
0.684
0.684
0.684
0.684
0.684
0.684
0.752
0.84
0.743
0.596
0.594
0.563
0.64
0.6
0.618
0.563
0.58
0.565
0.555
0.556
0.56
0.575
0.58
0.571
0.598
0.606
0.589
0.583
0.59
0.588
0.579
0.55
0.536
0.549
0.529
0.538
0.534
0.528
0.528
0.527
0.534
0.523
0.534
0.54
0.592
0.573
0.575
0.571
0.578
0.568
0.567
0.568
0.5825
0.59
0.581
0.5715
0.5795
0.573
0.5715
0.5705
0.5775
0.5895
0.571
0.572
0.572
0.572
0.5695
0.569
0.5685
0.581
0.577
0.574
0.574
0.5725
0.631
0.712
0.7295
0.6625
0.6665
0.675
0.6795
0.675
0.671
0.671
0.6585
0.6455
0.62
0.6375
0.62
0.615
0.631
0.63
0.623
0.579
0.613
0.586
0.5855
0.58
0.575
0.572
0.5765
0.5845
0.57
0.57
0.5765
0.57
0.5785
0.587
0.589
0.5915
0.576
0.58
0.579
0.579
0.582
0.5815
0.58
0.572
0.579
0.5775
0.564
0.569
0.569
0.569
0.571
0.5785
0.573
0.581
0.5895
0.575
0.5655
0.5505
0.5595
0.569
0.57
0.56
0.5575
0.56
0.555
0.569
0.564
0.573
0.5715
0.567
0.5775
0.575
0.565
0.571
0.5725
0.577
0.572
0.5685
0.5645
0.5685
0.569
0.584
0.571
0.5705
0.571
0.575
0.586
0.5725
0.5825
0.5765
0.5745
0.58
0.5765
0.5955
0.5825
0.5825
0.5825
0.609
0.585
0.5895
0.587
0.6165
0.607
0.589
0.5795
0.5795
0.58
0.5835
0.582
0.586
0.586
0.5845
0.586
0.58
0.579
0.5855
0.576
0.58
0.58
0.581
0.582
0.579
0.58
0.58
0.579
0.582
0.578
0.578
0.5715
0.57
0.578
0.5735
0.5735
0.5775
0.578
0.5665
0.574
0.5755
0.5785
0.5765
0.5755
0.575
0.5725
0.5765
0.574
0.58
0.581
0.5845
0.605
0.6075
0.6025
0.6
0.6135
0.612
0.611
0.627
0.62
0.6195
0.63
0.613
0.6375
0.604
0.6185
0.617
0.614
0.6045
0.623
0.612
0.6015
0.6225
0.635
0.618
0.6225
0.623
0.6195
0.6285
0.614
0.612
0.6065
0.6185
0.6155
0.618
0.61
0.608
0.613
0.607
0.622
0.6205
0.6225
0.6385
0.633
0.657
0.644
0.6355
0.6445
0.6505
0.643
0.631
0.643
0.637
0.649
0.6395
0.654
0.654
0.6365
0.637
0.655
0.644
0.6475
0.632
0.6465
0.655
0.7055
0.81
0.903
0.9035
0.9035
0.9035
0.9035
0.9035
0.949
1.0895
1.05
0.9715
0.934
0.9425
0.94
0.949
0.9875
0.981
0.99
1.0545
1.0345
1.009
1.01
1.0255
1.011
1.0125
1.057
1.0725
1.0775
1.2195
1.0915
1.118
1.1385
1.137
1.212
1.166
1.16
1.19
1.23
1.1245
1.1175
1.098
1.0895
1.0905
1.0885
1.113
1.1
1.1425
1.0795
1.054
1.07
1.057
1.0515
1.015
1.005
1.025
1.013
0.9885
0.9665
0.96
0.95
0.9435
0.947
0.942
0.944
0.941
0.927
0.9055
0.9275
0.929
0.999
1.148
1.0935
1.0995
1.119
1.1285
1.1005
0.9745
0.9665
0.98
0.941
0.958
0.9105
0.937
0.915
0.9165
0.9
0.8975
0.913
0.838
0.868
0.87
0.88
0.8795
0.8975
0.8945
0.903
0.881
0.889
0.887
0.8905
0.8975
0.8935
0.8935
0.886
0.869
0.8615
0.8435
0.878
0.8645
0.871
0.873
0.8725
0.8945
0.8655
0.869
0.8725
0.867
0.867
0.8655
0.852
0.867
0.865
0.8685
0.866
0.865
0.859
0.8585
0.868
0.852
0.851
0.8565
0.85
0.8475
0.841
0.84
0.8395
0.83
0.829
0.8465
0.8355
0.831
0.8395
0.8415
0.842
0.8325
0.8415
0.866
0.8475
0.895
0.9225
0.9545
0.9185
0.9025
0.898
0.8935
0.8525
0.8695
0.852
0.8555
0.866
0.8575
0.859
0.852
0.8545
0.855
0.8545
0.842
0.852
0.858
0.869
0.8435
0.8425
0.8415
0.839
0.84
0.839
0.8355
0.8345
0.827
0.8105
0.838
0.8375
0.862
0.8245
0.8395
0.831
0.8305
0.835
0.8285
0.831
0.8355
0.84
0.8335
0.8305
0.8205
0.8175
0.8175
0.8155
0.8125
0.8215
0.822
0.811
0.811
0.81
0.8185
0.82
0.8285
0.8165
0.8135
0.8135
0.823
0.823
0.815
0.8255
0.8205
0.831
0.831
0.831
0.96
0.9725
1.0005
0.9435
0.919
0.916
0.9235
0.9055
0.905
0.896
0.905
0.9095
0.9215
0.909
0.9085
0.9085
0.8975
0.912
0.8985
0.916
0.9295
0.9235
0.91
0.9
0.898
0.898
0.898
0.8995
0.8985
0.9075
0.886
0.911
0.907
0.8985
0.909
0.9095
0.887
0.889
0.9055
0.883
0.8995
0.897
0.89
0.9135
0.9035
0.907
0.895
0.902
0.903
0.905
0.9095
0.916
0.9055
0.922
0.9225
0.923
0.9145
0.907
0.92
0.9205
0.921
0.921
0.917
0.9325
0.9285
0.928
0.933
0.933
0.927
0.927
0.928
0.922
0.92
0.935
0.9345
0.935
0.93
0.92
0.935
0.925
0.9165
0.921
0.929
0.947
0.9395
0.934
0.938
0.94
0.9335
0.9395
0.955
0.98
0.971
0.945
0.983
0.9525
0.9655
0.957
0.962
0.9615
0.9615
0.9485
0.9745
0.961
0.961
0.9575
0.9535
0.9665
0.9645
0.98
0.98
0.9875
0.987
0.9655
0.9805
0.98
0.98
1.1095
1.0
1.0015
0.9875
0.9175
0.9
0.9105
0.9095
0.9255
0.9235
0.92
0.904
0.912
0.911
0.9115
0.9
0.9135
0.91
0.929
0.9345
0.935
0.9375
0.93
0.937
0.935
0.936
0.9365
0.928
0.9385
0.943
0.931
0.9405
0.923
0.9295
0.9315
0.93
0.92
0.9215
0.925
0.924
0.9245
0.9245
0.925
0.9315
0.93
0.9335
0.93
0.927
0.9375
0.9375
0.931
0.9305
0.931
0.9315
0.9645
0.9565
0.959
0.9565
0.972
0.957
0.95
0.965
0.958
0.96
0.952
0.9525
0.9605
0.96
0.9565
0.9565
0.964
0.97
0.973
0.98
0.99
0.9885
0.9875
0.99
0.997
0.991
0.9955
1.015
1.0205
1.021
1.041
1.0605
1.0415
1.03
1.026
1.03
1.054
1.072
1.0715
1.081
1.085
1.085
1.075
1.075
1.074
1.0805
1.075
1.06
1.0585
1.0755
1.086
1.0875
1.076
1.076
1.0935
1.091
1.075
1.071
1.0615
1.0565
1.053
1.0565
1.0565
0.9735
0.981
0.97
0.9735
0.949
0.954
0.9465
0.9495
0.9455
0.9485
0.904
0.877
0.898
0.898
0.88
0.8895
0.872
0.8735
0.8865
0.871
0.8765
0.866
0.85
0.85
0.85
0.855
0.8595
0.859
0.8565
0.8495
0.85
0.85
0.8595
0.852
0.85
0.851
0.8405
0.84
0.8395
0.831
0.8395
0.8395
0.839
0.8395
0.8285
0.8325
0.839
0.8215
0.8205
0.8225
0.8145
0.811
0.8245
0.8445
0.88
0.862
0.868
0.87
0.8705
0.875
0.862
0.871
0.8695
0.8695
0.8705
0.882
0.882
0.87
0.88
0.8795
0.86
0.8715
0.86
0.8595
0.8595
0.8595
0.8615
0.8495
0.85
0.8495
0.8495
0.8575
0.878
0.8895
0.88
0.8795
0.8705
0.8705
0.8705
0.8795
0.8525
0.8545
0.8455
0.845
0.845
0.861
0.8615
0.873
0.8775
0.875
0.8745
0.859
0.875
0.874
0.869
0.8685
0.867
0.867
0.867
0.868
0.8685
0.859
0.8635
0.862
0.8595
0.862
0.861
0.8685
0.866
0.8665
0.868
0.8675
0.8665
0.8545
0.8655
0.84
0.865
0.8775
0.8765
0.859
0.8765
0.87
0.85
0.867
0.865
0.8595
0.8595
0.8595
0.863
0.8635
0.861
0.8615
0.862
0.8625
0.8625
0.846
0.863
0.871
0.8695
0.86
0.8595
0.855
0.855
0.8545
0.8595
0.8595
0.86
0.86
0.869
0.861
0.869
0.8685
0.869
0.8325
0.8455
0.849
0.976
0.9455
0.9535
0.9505
0.915
0.9245
0.915
0.9185
0.92
0.91
0.91
0.91
0.913
0.911
0.9115
0.91
0.911
0.8795
0.865
0.8785
0.876
0.8765
0.876
0.8765
0.8815
0.894
0.8855
0.884
0.8765
0.8795
0.8795
0.8815
0.9115
0.8975
0.896
0.894
0.9095
0.8915
0.8895
0.9095
0.907
0.9075
0.9075
0.9065
0.9055
0.87
0.87
0.8725
0.8495
0.8485
0.85
0.868
0.868
0.8685
0.874
0.8685
0.8685
0.8685
0.8695
0.8685
0.867
0.867
0.849
0.849
0.82
0.799
0.8185
0.814
0.808
0.8185
0.817
0.8245
0.825
0.7915
0.7995
0.7995
0.8015
0.765
0.79
0.7865
0.779
0.788
0.775
0.7745
0.775
0.7815
0.7705
0.764
0.7425
0.771
0.745
0.7485
0.7495
0.7485
0.7485
0.749
0.75
0.73
0.7315
0.7315
0.7315
0.7325
0.735
0.735
0.728
0.728
0.71
0.725
0.725
0.725
0.725
0.705
0.7
0.7
0.6965
0.675
0.7165
0.722
0.718
0.718
0.723
0.713
0.7175
0.713
0.686
0.675
0.674
0.67
0.674
0.6715
0.6745
0.6745
0.667
0.6675
0.673
0.678
0.677
0.6925
0.6875
0.685
0.68
0.65
0.651
0.643
0.6365
0.6355
0.643
0.6435
0.637
0.6485
0.635
0.6305
0.627
0.636
0.633
0.627
0.63
0.626
0.6175
0.6175
0.6145
0.62
0.6155
0.6145
0.618
0.615
0.62
0.607
0.615
0.606
0.61
0.608
0.6175
0.6165
0.6085
0.6175
0.5995
0.6
0.6
0.607
0.607
0.5845
0.5905
0.6
0.598
0.5905
0.591
0.5905
0.591
0.5865
0.5895
0.587
0.619
0.614
0.616
0.6175
0.6845
0.6585
0.647
0.6775
0.665
0.691
0.6885
0.682
0.6895
0.685
0.694
0.6925
0.686
0.681
0.6855
0.6885
0.6435
0.6555
0.65
0.65
0.65
0.629
0.6225
0.618
0.6185
0.6275
0.626
0.5995
0.6075
0.6075
0.606
0.6
0.592
0.5925
0.59
0.591
0.588
0.5905
0.587
0.584
0.581
0.5905
0.59
0.5825
0.582
0.581
0.5825
0.577
0.578
0.58
0.571
0.5805
0.5735
0.5755
0.575
0.57
0.5675
0.568
0.554
0.5625
0.564
0.568
0.566
0.562
0.5605
0.565
0.5615
0.555
0.5595
0.561
0.559
0.5625
0.571
0.5685
0.5615
0.5545
0.57
0.607
0.595
0.6035
0.595
0.604
0.605
0.6135
0.601
0.578
0.588
0.586
0.5825
0.5785
0.571
0.577
0.576
0.578
0.578
0.572
0.5725
0.5695
0.57
0.5715
0.572
0.5835
0.6035
0.6165
0.604
0.602
0.604
0.59
0.593
0.5985
0.607
0.6055
0.606
0.6
0.6
0.6
0.6
0.6
0.605
0.601
0.6065
0.617
0.611
0.611
0.601
0.5995
0.6065
0.602
0.6005
0.6005
0.603
0.612
0.5985
0.598
0.601
0.6055
0.6095
0.6
0.6
0.5985
0.61
0.6075
0.612
0.61
0.6075
0.61
0.6085
0.6045
0.6085
0.608
0.609
0.6035
0.6095
0.6025
0.602
0.6025
0.6065
0.6035
0.609
0.61
0.613
0.6115
0.6115
0.607
0.6065
0.6075
0.6095
0.611
0.6045
0.6055
0.6035
0.6045
0.6025
0.6025
0.6085
0.608
0.5985
0.603
0.603
0.604
0.6
0.5995
0.5995
0.6065
0.603
0.61
0.603
0.603
0.6025
0.6
0.6025
0.597
0.597
0.599
0.5965
0.595
0.595
0.5925
0.596
0.596
0.5945
0.598
0.5955
0.598
0.5975
0.5985
0.5985
0.5995
0.599
0.596
0.579
0.583
0.582
0.574
0.575
0.579
0.5755
0.5755
0.5775
0.5775
0.578
0.576
0.578
0.5775
0.58
0.5825
0.583
0.5845
0.5845
0.5855
0.588
0.5875
0.5865
0.586
0.586
0.585
0.5855
0.5845
0.5845
0.59
0.592
0.5905
0.588
0.588
0.5885
0.5915
0.6035
0.601
0.603
0.6
0.6025
0.634
0.622
0.605
0.6
0.5995
0.592
0.5915
0.591
0.5935
0.5935
0.59
0.591
0.5895
0.587
0.5885
0.588
0.588
0.589
0.5875
0.585
0.602
0.6
0.6115
0.605
0.604
0.602
0.6015
0.5985
0.598
0.594
0.5925
0.5955
0.594
0.5995
0.6
0.6
0.598
0.6035
0.603
0.599
0.6005
0.6
0.6055
0.6075
0.6045
0.604
0.606
0.608
0.6125
0.6195
0.618
0.612
0.6155
0.607
0.601
0.597
0.598
0.598
0.598
0.598
0.598
0.5955
0.5975
0.5985
0.5985
0.593
0.594
0.599
0.602
0.608
0.6025
0.6005
0.6025
0.605
0.6025
0.607
0.61
0.6075
0.6035
0.603
0.603
0.603
0.6045
0.6045
0.602
0.6015
0.6015
0.605
0.604
0.6035
0.608
0.606
0.602
0.6005
0.6005
0.6005
0.6015
0.599
0.601
0.59
0.5975
0.598
0.5935
0.5975
0.599
0.6035
0.604
0.6
0.602
0.604
0.5535
0.576
0.578
0.57
0.5695
0.572
0.5755
0.5735
0.5705
0.5765
0.577
0.5825
0.5765
0.579
0.582
0.5795
0.574
0.575
0.574
0.5795
0.5745
0.586
0.5795
0.5795
0.583
0.583
0.58
0.5805
0.5785
0.5795
0.5705
0.5795
0.581
0.5865
0.579
0.583
0.5765
0.576
0.575
0.5825
0.581
0.5825
0.581
0.5815
0.5815
0.58
0.582
0.5825
0.582
0.5805
0.5805
0.581
0.5805
0.5805
0.58
0.5805
0.5865
0.5815
0.5865
0.587
0.5945
0.5965
0.5935
0.592
0.594
0.59
0.5965
0.5985
0.596
0.5935
0.5985
0.5945
0.5975
0.593
0.5875
0.5905
0.59
0.592
0.5925
0.593
0.5905
0.592
0.6
0.6045
0.604
0.595
0.6015
0.5995
0.599
0.597
0.5945
0.596
0.608
0.6035
0.6025
0.6
0.5985
0.6025
0.5995
0.599
0.601
0.5965
0.598
0.594
0.5935
0.592
0.59
0.59
0.5835
0.583
0.583
0.605
0.6025
0.604
0.6065
0.5995
0.5995
0.599
0.61
0.602
0.602
0.608
0.607
0.601
0.6
0.5995
0.5985
0.5995
0.5995
0.6
0.599
0.6
0.5995
0.6
0.603
0.601
0.597
0.595
0.596
0.6095
0.604
0.6
0.6075
0.607
0.604
0.609
0.605
0.606
0.6055
0.61
0.605
0.6085
0.6065
0.6035
0.6065
0.604
0.6025
0.603
0.6
0.6015
0.5995
0.602
0.5995
0.599
0.599
0.5995
0.5995
0.601
0.601
0.593
0.596
0.5935
0.5945
0.596
0.5965
0.595
0.5945
0.5925
0.59
0.59
0.59
0.59
0.591
0.59
0.5865
0.589
0.589
0.59
0.59
0.587
0.589
0.59
0.592
0.5905
0.593
0.5875
0.5885
0.5895
0.589
0.5855
0.586
0.602
0.597
0.5995
0.6
0.5995
0.596
0.5965
0.596
0.597
0.5985
0.5965
0.5965
0.5965
0.5875
0.587
0.5865
0.5865
0.583
0.5865
0.586
0.584
0.5835
0.5835
0.584
0.583
0.5825
0.5825
0.591
0.585
0.587
0.5845
0.586
0.587
0.5825
0.575
0.5775
0.5775
0.5805
0.5825
0.5795
0.5805
0.575
0.5805
0.5765
0.5895
0.5885
0.5885
0.5855
0.585
0.5885
0.5855
0.5865
0.585
0.587
0.587
0.586
0.5785
0.583
0.583
0.583
0.5805
0.581
0.581
0.58
0.5825
0.5805
0.5805
0.588
0.582
0.5855
0.586
0.5835
0.586
0.5885
0.58
0.5815
0.581
0.587
0.5865
0.582
0.581
0.581
0.5815
0.5815
0.584
0.5835
0.5835
0.584
0.585
0.586
0.587
0.587
0.587
0.5865
0.5865
0.5865
0.591
0.589
0.5935
0.597
0.598
0.597
0.596
0.5915
0.592
0.5965
0.596
0.595
0.5945
0.62
0.6175
0.617
0.624
0.622
0.6215
0.62
0.6115
0.6145
0.6005
0.6045
0.6055
0.6075
0.6125
0.617
0.6105
0.6115
0.6115
0.614
0.6125
0.621
0.621
0.625
0.6175
0.619
0.6155
0.61
0.6105
0.61
0.621
0.6125
0.611
0.6105
0.6115
0.607
0.609
0.6065
0.6085
0.602
0.6025
0.603
0.599
0.5965
0.599
0.5995
0.6
0.599
0.5955
0.6
0.6115
0.598
0.603
0.6035
0.603
0.5975
0.601
0.6015
0.6015
0.6005
0.6005
0.597
0.5985
0.5985
0.6
0.598
0.59
0.589
0.582
0.5845
0.586
0.585
0.592
0.589
0.585
0.592
0.592
0.59
0.59
0.593
0.59
0.59
0.5975
0.5975
0.598
0.5975
0.5975
0.595
0.595
0.595
0.595
0.5955
0.5955
0.596
0.596
0.6015
0.6015
0.6025
0.5975
0.596
0.5985
0.5915
0.5965
0.5965
0.593
0.59
0.594
0.5905
0.596
0.596
0.5935
0.589
0.5845
0.5845
0.585
0.5915
0.589
0.589
0.589
0.589
0.5885
0.5875
0.5855
0.588
0.59
0.5895
0.5895
0.5885
0.583
0.588
0.591
0.5925
0.592
0.591
0.59
0.5925
0.591
0.591
0.5965
0.5975
0.5905
0.5915
0.5875
0.5915
0.5915
0.5915
0.5935
0.5945
0.595
0.5975
0.5935
0.595
0.5985
0.593
0.591
0.5915
0.5945
0.5965
0.598
0.598
0.598
0.5975
0.5945
0.598
0.6
0.6055
0.6065
0.6085
0.609
0.6085
0.608
0.6125
0.612
0.614
0.6115
0.6145
0.6215
0.667
0.651
0.6325
0.6285
0.615
0.6195
0.639
0.6415
0.6465
0.647
0.6425
0.6635
0.646
0.646
0.66
0.662
0.6705
0.663
0.668
0.665
0.6605
0.6525
0.6445
0.6455
0.6485
0.662
0.6635
0.7135
0.6855
0.694
0.677
0.671
0.687
0.69
0.709
0.703
0.6865
0.6865
0.683
0.6865
0.6925
0.69
0.6935
0.6895
0.69
0.694
0.6885
0.693
0.69
0.693
0.69
0.6885
0.691
0.695
0.736
0.726
0.7315
0.732
0.737
0.736
0.7335
0.739
0.7355
0.7345
0.7345
0.737
0.7475
0.7455
0.743
0.743
0.757
0.7565
0.758
0.7515
0.7535
0.7285
0.72
0.712
0.71
0.69
0.6935
0.6965
0.705
0.7
0.694
0.7
0.703
0.702
0.7095
0.72
0.7285
0.7235
0.7055
0.7085
0.7075
0.702
0.71
0.7095
0.7155
0.7125
0.714
0.7085
0.707
0.698
0.6995
0.6925
0.699
0.693
0.6925
0.689
0.6875
0.6855
0.689
0.689
0.6865
0.6895
0.69
0.714
0.7155
0.7155
0.712
0.717
0.709
0.7075
0.7005
0.695
0.6925
0.704
0.7075
0.6915
0.692
0.6895
0.69
0.689
0.691
0.689
0.705
0.704
0.7055
0.705
0.697
0.6935
0.69
0.69
0.691
0.6905
0.6905
0.69
0.7035
0.6955
0.6955
0.695
0.697
0.7
0.702
0.7015
0.697
0.702
0.697
0.7025
0.699
0.707
0.709
0.703
0.7065
0.712
0.711
0.705
0.713
0.71
0.702
0.7
0.708
0.7145
0.713
0.717
0.713
0.7145
0.701
0.707
0.707
0.713
0.706
0.71
0.7065
0.704
0.704
0.7095
0.7125
0.7155
0.7125
0.7165
0.716
0.716
0.712
0.7115
0.712
0.7185
0.7195
0.7185
0.72
0.7165
0.7255
0.726
0.74
0.7405
0.7405
0.739
0.722
0.729
0.7325
0.7355
0.7295
0.7335
0.7335
0.737
0.7445
0.7375
0.7365
0.737
0.7355
0.747
0.747
0.747
0.7405
0.7435
0.744
0.74
0.7495
0.7485
0.7545
0.7525
0.749
0.751
0.75
0.7505
0.75
0.751
0.751
0.7555
0.765
0.762
0.7635
0.752
0.7495
0.751
0.749
0.743
0.7525
0.7495
0.745
0.75
0.7505
0.7525
0.751
0.7545
0.755
0.757
0.7605
0.761
0.7485
0.7565
0.7575
0.75
0.75
0.7575
0.754
0.751
0.7525
0.7505
0.7595
0.7535
0.757
0.76
0.752
0.7485
0.747
0.74
0.74
0.728
0.7305
0.7315
0.7315
0.71
0.7165
0.7125
0.7075
0.7095
0.708
0.7095
0.712
0.7155
0.7045
0.7085
0.709
0.7125
0.702
0.702
0.7
0.6515
0.674
0.625
0.654
0.65
0.638
0.638
0.645
0.645
0.64
0.637
0.6665
0.67
0.653
0.6535
0.654
0.6375
0.643
0.6535
0.652
0.6545
0.672
0.667
0.6665
0.669
0.6705
0.6795
0.678
0.6715
0.68
0.69
0.6895
0.667
0.6745
0.673
0.6615
0.6795
0.6755
0.681
0.6785
0.678
0.675
0.6745
0.657
0.6515
0.651
0.6505
0.65
0.647
0.65
0.65
0.6015
0.59
0.6065
0.627
0.617
0.6185
0.6195
0.62
0.6165
0.621
0.63
0.626
0.624
0.617
0.612
0.6
0.566
0.543
0.5425
0.5395
0.5385
0.5395
0.538
0.5485
0.5475
0.558
0.548
0.55
0.55
0.553
0.553
0.549
0.5475
0.544
0.539
0.511
0.5285
0.513
0.5135
0.511
0.513
0.5035
0.502
0.5155
0.515
0.51
0.51
0.509
0.5055
0.503
0.5
0.5
0.492
0.4935
0.499
0.4915
0.4925
0.48
0.476
0.476
0.4825
0.4765
0.5295
0.517
0.5105
0.507
0.5185
0.522
0.52
0.519
0.529
0.5685
0.5595
0.571
0.571
0.5515
0.5515
0.542
0.5515
0.5515
0.54
0.5345
0.532
0.537
0.5235
0.5335
0.538
0.5275
0.548
0.5335
0.541
0.5415
0.5425
0.5425
0.5335
0.544
0.544
0.544
0.5545
0.5435
0.539
0.531
0.5355
0.5305
0.5375
0.5255
0.527
0.5325
0.53
0.53
0.531
0.53
0.53
0.538
0.538
0.5385
0.527
0.5305
0.5155
0.5275
0.5265
0.537
0.536
0.5325
0.525
0.525
0.5245
0.523
0.525
0.524
0.524
0.534
0.53
0.5375
0.54
0.544
0.54
0.54
0.54
0.54
0.54
0.5365
0.5305
0.5305
0.533
0.5315
0.534
0.545
0.554
0.5565
0.541
0.5535
0.5565
0.556
0.546
0.554
0.554
0.554
0.5505
0.555
0.55
0.5515
0.5505
0.5605
0.567
0.568
0.565
0.5635
0.56
0.569
0.5705
0.571
0.571
0.5815
0.5835
0.5815
0.5815
0.585
0.598
0.598
0.597
0.5855
0.5845
0.5845
0.5845
0.583
0.589
0.5945
0.5945
0.5965
0.6025
0.6065
0.606
0.602
0.594
0.592
0.592
0.5905
0.5985
0.5985
0.6
0.609
0.6045
0.6
0.602
0.601
0.618
0.6
0.6085
0.608
0.6025
0.6075
0.6065
0.606
0.605
0.6045
0.5955
0.602
0.6
0.602
0.6055
0.589
0.579
0.5685
0.57
0.5685
0.56
0.556
0.5695
0.564
0.5635
0.5575
0.5635
0.563
0.564
0.564
0.5685
0.569
0.5685
0.5685
0.568
0.5685
0.5645
0.568
0.57
0.5675
0.57
0.567
0.5645
0.567
0.567
0.557
0.5555
0.557
0.5535
0.5535
0.5565
0.592
0.595
0.6035
0.5775
0.577
0.573
0.563
0.588
0.588
0.5865
0.587
0.5815
0.574
0.5675
0.5625
0.565
0.5635
0.5645
0.5615
0.5735
0.5785
0.571
0.57
0.57
0.5695
0.57
0.57
0.5695
0.57
0.5695
0.5665
0.5745
0.576
0.5685
0.57
0.57
0.57
0.57
0.578
0.5735
0.574
0.5735
0.5735
0.574
0.5725
0.5725
0.632
0.6105
0.6135
0.611
0.6075
0.613
0.606
0.606
0.604
0.623
0.6095
0.6085
0.6125
0.613
0.623
0.619
0.618
0.6265
0.6175
0.62
0.62
0.6205
0.617
0.6185
0.6225
0.615
0.6145
0.6205
0.615
0.6145
0.6105
0.618
0.6195
0.617
0.6105
0.612
0.628
0.6255
0.6225
0.619
0.617
0.616
0.6225
0.629
0.6155
0.622
0.6155
0.62
0.62
0.62
0.6205
0.65
0.6325
0.6275
0.626
0.6275
0.6215
0.6305
0.631
0.627
0.6345
0.6235
0.625
0.633
0.6345
0.6285
0.6285
0.63
0.6325
0.6335
0.633
0.6295
0.633
0.633
0.631
0.631
0.6375
0.641
0.635
0.6305
0.628
0.6315
0.633
0.634
0.629
0.625
0.6285
0.63
0.63
0.625
0.62
0.628
0.6355
0.63
0.6325
0.6335
0.637
0.629
0.63
0.6275
0.628
0.628
0.627
0.625
0.627
0.628
0.631
0.6285
0.6275
0.626
0.632
0.631
0.626
0.6345
0.629
0.6345
0.63
0.639
0.635
0.639
0.6645
0.669
0.68
0.679
0.665
0.665
0.661
0.6645
0.666
0.665
0.6635
0.693
0.7365
0.72
0.723
0.7245
0.718
0.77
0.8
0.8005
0.858
0.822
0.869
0.875
0.849
0.805
0.8295
0.805
0.7685
0.804
0.812
0.7915
0.82
0.805
0.7815
0.788
0.796
0.789
0.78
0.765
0.7895
0.787
0.788
0.7885
0.7885
0.7775
0.8035
0.8025
0.8095
0.784
0.814
0.807
0.809
0.8125
0.807
0.81
0.8145
0.799
0.815
0.7985
0.8095
0.7995
0.8035
0.79
0.8025
0.795
0.795
0.792
0.792
0.79
0.783
0.79
0.79
0.798
0.797
0.797
0.7965
0.7945
0.785
0.7825
0.7855
0.7875
0.783
0.7735
0.7775
0.7755
0.775
0.779
0.78
0.781
0.784
0.7765
0.7715
0.77
0.772
0.7945
0.7805
0.792
0.79
0.79
0.792
0.7925
0.7915
0.783
0.7945
0.7955
0.792
0.789
0.79
0.789
0.791
0.7895
0.791
0.791
0.7895
0.7895
0.7945
0.8
0.7925
0.7925
0.797
0.794
0.791
0.7855
0.79
0.79
0.794
0.7885
0.789
0.785
0.785
0.79
0.79
0.774
0.773
0.7735
0.7795
0.7805
0.784
0.785
0.7885
0.786
0.795
0.79
0.7945
0.795
0.7935
0.795
0.7995
0.8
0.801
0.8045
0.8035
0.8045
0.809
0.8145
0.8055
0.805
0.805
0.805
0.78
0.799
0.79
0.793
0.793
0.785
0.7905
0.793
0.783
0.788
0.798
0.7965
0.8085
0.8205
0.815
0.812
0.8025
0.8205
0.821
0.81
0.8155
0.8345
0.838
0.8325
0.8375
0.838
0.8335
0.833
0.8445
0.8255
0.829
0.83
0.828
0.838
0.8335
0.8345
0.8395
0.8355
0.8415
0.836
0.84
0.839
0.831
0.832
0.832
0.83
0.848
0.84
0.837
0.837
0.8405
0.839
0.84
0.84
0.831
0.8315
0.83
0.835
0.832
0.83
0.832
0.833
0.8375
0.839
0.838
0.8355
0.8395
0.837
0.836
0.84
0.84
0.8305
0.8315
0.835
0.8355
0.8375
0.8305
0.8315
0.83
0.832
0.8335
0.833
0.848
0.8405
0.845
0.844
0.8405
0.8535
0.8535
0.852
0.8495
0.8455
0.862
0.8645
0.866
0.8625
0.865
0.864
0.858
0.8555
0.8595
0.855
0.856
0.8615
0.853
0.847
0.847
0.8475
0.852
0.8555
0.8535
0.8565
0.857
0.854
0.8505
0.8545
0.856
0.856
0.873
0.8895
0.88
0.889
0.881
0.8665
0.87
0.882
0.9025
0.862
0.834
0.7925
0.783
0.792
0.791
0.7855
0.787
0.7895
0.7875
0.805
0.789
0.7915
0.796
0.7925
0.7905
0.79
0.7895
0.7875
0.787
0.7825
0.785
0.7645
0.764
0.7635
0.7555
0.738
0.739
0.738
0.7465
0.738
0.742
0.7435
0.73
0.738
0.722
0.7225
0.7275
0.729
0.734
0.7285
0.732
0.7285
0.721
0.72
0.7235
0.7085
0.71
0.715
0.712
0.7285
0.744
0.744
0.7535
0.759
0.7505
0.748
0.741
0.75
0.7455
0.736
0.736
0.7495
0.7485
0.7455
0.7455
0.737
0.7405
0.745
0.74
0.75
0.75
0.75
0.7505
0.7545
0.7505
0.7535
0.75
0.7495
0.75
0.7505
0.752
0.7515
0.7495
0.743
0.7485
0.7405
0.743
0.7405
0.738
0.7425
0.74
0.7435
0.7515
0.7485
0.7475
0.7465
0.7485
0.747
0.7555
0.752
0.751
0.749
0.745
0.748
0.744
0.7445
0.745
0.7475
0.742
0.752
0.745
0.7415
0.739
0.736
0.7395
0.735
0.744
0.741
0.7395
0.741
0.738
0.741
0.7355
0.7395
0.742
0.7515
0.7515
0.7515
0.7495
0.7545
0.745
0.7535
0.746
0.74
0.755
0.749
0.7495
0.753
0.752
0.7555
0.7485
0.749
0.7495
0.7515
0.749
0.749
0.7515
0.752
0.7505
0.7495
0.7565
0.7535
0.7535
0.7555
0.7555
0.7555
0.7625
0.7625
0.78
0.795
0.797
0.793
0.786
0.7835
0.762
0.788
0.78
0.8
0.804
0.7855
0.7995
0.788
0.78
0.7835
0.794
0.796
0.8125
0.8065
0.8165
0.8235
0.8035
0.82
0.811
0.8215
0.808
0.8195
0.805
0.813
0.812
0.8125
0.806
0.805
0.7865
0.8305
0.83
0.816
0.815
0.8265
0.8275
0.8105
0.82
0.8405
0.8295
0.83
0.8245
0.83
0.834
0.8345
0.8325
0.83
0.838
0.83
0.8325
0.831
0.839
0.832
0.837
0.8395
0.841
0.831
0.8285
0.8205
0.83
0.8315
0.8345
0.8305
0.8375
0.8395
0.8345
0.821
0.818
0.803
0.8075
0.8085
0.8085
0.81
0.8075
0.8125
0.8095
0.804
0.8015
0.809
0.8065
0.8075
0.806
0.807
0.8065
0.801
0.798
0.7955
0.795
0.798
0.795
0.7995
0.7995
0.799
0.8
0.795
0.7905
0.791
0.7905
0.787
0.7895
0.792
0.791
0.795
0.788
0.78
0.781
0.7865
0.7855
0.786
0.7945
0.7915
0.792
0.799
0.799
0.7995
0.7995
0.7955
0.797
0.806
0.806
0.8
0.7905
0.8015
0.8
0.785
0.784
0.7845
0.785
0.787
0.7875
0.788
0.7855
0.7875
0.788
0.788
0.7855
0.785
0.7865
0.783
0.7835
0.7795
0.7785
0.7775
0.774
0.772
0.772
0.78
0.7825
0.78
0.7805
0.787
0.78
0.782
0.783
0.786
0.787
0.7905
0.793
0.7925
0.7885
0.7875
0.7875
0.7925
0.7925
0.7925
0.7905
0.7905
0.7875
0.782
0.78
0.779
0.7785
0.777
0.7705
0.7775
0.775
0.774
0.7695
0.767
0.7725
0.7775
0.7765
0.7765
0.775
0.771
0.7665
0.7655
0.7885
0.782
0.7835
0.7675
0.7675
0.7655
0.765
0.7875
0.7735
0.774
0.76
0.762
0.7625
0.761
0.76
0.768
0.769
0.763
0.7635
0.765
0.767
0.765
0.7685
0.7675
0.78
0.779
0.77
0.77
0.7735
0.775
0.776
0.7755
0.771
0.771
0.7675
0.7735
0.77
0.77
0.7685
0.781
0.781
0.781
0.7795
0.779
0.7795
0.7775
0.777
0.78
0.777
0.777
0.7825
0.773
0.773
0.778
0.7885
0.7785
0.783
0.772
0.7825
0.782
0.782
0.782
0.782
0.7825
0.7285
0.7495
0.7625
0.7725
0.7775
0.7725
0.7695
0.769
0.745
0.761
0.75
0.76
0.7685
0.7595
0.765
0.7675
0.767
0.754
0.747
0.7695
0.768
0.7545
0.7535
0.7555
0.7525
0.7525
0.7555
0.7555
0.7565
0.755
0.752
0.7495
0.751
0.7515
0.7525
0.754
0.75
0.752
0.751
0.751
0.758
0.7495
0.745
0.743
0.756
0.749
0.75
0.7475
0.745
0.7435
0.7445
0.743
0.7425
0.743
0.747
0.747
0.75
0.7595
0.752
0.7515
0.749
0.7485
0.75
0.75
0.7485
0.746
0.746
0.7445
0.7415
0.746
0.744
0.7345
0.734
0.735
0.735
0.736
0.735
0.736
0.747
0.7505
0.75
0.75
0.7505
0.7505
0.747
0.752
0.75
0.75
0.751
0.7535
0.754
0.751
0.762
0.762
0.762
0.7555
0.756
0.7545
0.754
0.753
0.753
0.752
0.753
0.7505
0.753
0.752
0.752
0.757
0.757
0.7565
0.7535
0.7575
0.7565
0.758
0.7585
0.7585
0.7585
0.76
0.7575
0.758
0.7585
0.7595
0.762
0.758
0.758
0.758
0.755
0.755
0.76
0.761
0.761
0.756
0.761
0.7595
0.76
0.7595
0.763
0.7595
0.761
0.7625
0.76
0.763
0.7625
0.766
0.77
0.7705
0.7675
0.78
0.776
0.7815
0.7815
0.7825
0.7825
0.785
0.7775
0.771
0.7705
0.776
0.773
0.7755
0.7775
0.778
0.78
0.7745
0.7765
0.78
0.782
0.782
0.7815
0.7705
0.774
0.7825
0.775
0.7815
0.775
0.7765
0.775
0.773
0.7755
0.77
0.77
0.7675
0.773
0.7745
0.773
0.7765
0.7735
0.774
0.773
0.7735
0.7705
0.7805
0.78
0.7705
0.7705
0.771
0.7715
0.7705
0.771
0.76
0.7625
0.762
0.761
0.761
0.76
0.7595
0.763
0.7565
0.7625
0.763
0.775
0.7725
0.773
0.7725
0.7765
0.776
0.7765
0.7765
0.7785
0.771
0.777
0.776
0.765
0.7765
0.772
0.77
0.7675
0.769
0.7695
0.7655
0.769
0.7675
0.768
0.769
0.7695
0.7695
0.7745
0.775
0.7735
0.7735
0.774
0.7695
0.768
0.769
0.769
0.7755
0.773
0.776
0.773
0.7725
0.774
0.7735
0.773
0.775
0.772
0.772
0.776
0.774
0.7805
0.7825
0.783
0.7835
0.8435
0.824
0.8195
0.816
0.827
0.839
0.827
0.829
0.821
0.8235
0.8235
0.8245
0.8245
0.8235
0.8235
0.8265
0.8225
0.801
0.805
0.803
0.7985
0.798
0.7895
0.7945
0.795
0.7935
0.793
0.794
0.785
0.7905
0.79
0.789
0.7875
0.794
0.7975
0.7945
0.795
0.799
0.799
0.8
0.8075
0.808
0.8045
0.8085
0.8085
0.801
0.808
0.8
0.801
0.801
0.804
0.8015
0.802
0.8005
0.8
0.7985
0.8
0.7945
0.7955
0.7955
0.7965
0.794
0.7855
0.7855
0.79
0.788
0.7875
0.788
0.7895
0.79
0.7905
0.791
0.791
0.79
0.781
0.782
0.788
0.786
0.786
0.794
0.792
0.7835
0.7835
0.7835
0.7835
0.7805
0.783
0.783
0.7825
0.781
0.792
0.783
0.78
0.7825
0.781
0.7825
0.7825
0.7825
0.781
0.7885
0.79
0.7725
0.774
0.7745
0.7765
0.7795
0.782
0.7825
0.78
0.786
0.789
0.7895
0.791
0.782
0.7835
0.7815
0.7795
0.7795
0.7815
0.7815
0.78
0.7815
0.791
0.7825
0.7825
0.7845
0.7845
0.78
0.788
0.787
0.787
0.79
0.789
0.789
0.7955
0.7845
0.7845
0.782
0.7855
0.7815
0.785
0.7815
0.7815
0.7845
0.783
0.7845
0.7865
0.782
0.7855
0.782
0.784
0.784
0.7855
0.7855
0.7855
0.789
0.789
0.776
0.776
0.7795
0.7805
0.781
0.7815
0.7825
0.7815
0.773
0.773
0.7755
0.7755
0.772
0.77
0.7715
0.7765
0.776
0.775
0.7715
0.7715
0.7715
0.771
0.7715
0.7715
0.773
0.774
0.774
0.774
0.778
0.7785
0.7785
0.781
0.781
0.783
0.7785
0.785
0.7785
0.7875
0.7805
0.7865
0.778
0.7825
0.7785
0.7865
0.7855
0.7865
0.7835
0.7835
0.785
0.788
0.78
0.78
0.7705
0.776
0.7785
0.77
0.7775
0.777
0.778
0.778
0.7755
0.776
0.779
0.779
0.7825
0.788
0.7885
0.7845
0.7835
0.7835
0.784
0.783
0.784
0.781
0.78
0.778
0.7825
0.779
0.782
0.7855
0.782
0.781
0.781
0.781
0.782
0.7825
0.795
0.791
0.7885
0.7885
0.789
0.79
0.7885
0.792
0.7855
0.7945
0.795
0.7985
0.8
0.8005
0.8015
0.7955
0.7955
0.797
0.806
0.805
0.821
0.8295
0.831
0.8125
0.797
0.7945
0.799
0.802
0.802
0.798
0.7935
0.797
0.7975
0.8015
0.8015
0.8015
0.804
0.805
0.808
0.806
0.808
0.829
0.829
0.82
0.826
0.834
0.8355
0.8315
0.83
0.826
0.82
0.8235
0.8285
0.8285
0.834
0.8335
0.8335
0.83
0.827
0.8255
0.826
0.82
0.8205
0.8275
0.828
0.828
0.826
0.835
0.8345
0.8345
0.835
0.8305
0.821
0.825
0.825
0.841
0.832
0.837
0.8425
0.837
0.833
0.833
0.8295
0.8295
0.826
0.832
0.835
0.8315
0.835
0.835
0.835
0.8365
0.838
0.8375
0.835
0.838
0.824
0.829
0.833
0.8265
0.827
0.831
0.827
0.822
0.829
0.8275
0.8275
0.8225
0.818
0.8225
0.819
0.8225
0.8185
0.818
0.8195
0.816
0.81
0.8105
0.8095
0.8105
0.8105
0.8105
0.8105
0.8105
0.8105
0.8085
0.8075
0.808
0.8035
0.805
0.804
0.8445
0.8565
0.8465
0.8495
0.818
0.818
0.8215
0.823
0.8255
0.8285
0.83
0.824
0.838
0.838
0.8325
0.8265
0.827
0.827
0.821
0.828
0.826
0.824
0.826
0.825
0.825
0.8235
0.8235
0.819
0.8195
0.8185
0.8185
0.816
0.8165
0.8155
0.817
0.8205
0.822
0.8205
0.8245
0.829
0.82
0.8205
0.821
0.8225
0.8265
0.8235
0.8235
0.822
0.8215
0.817
0.821
0.824
0.824
0.829
0.832
0.8325
0.8325
0.829
0.8265
0.824
0.824
0.831
0.8305
0.83
0.827
0.8185
0.8285
0.8315
0.8295
0.8245
0.8435
0.831
0.831
0.8285
0.836
0.8335
0.8335
0.832
0.833
0.8225
0.829
0.83
0.8415
0.8405
0.8365
0.8385
0.841
0.8405
0.84
0.8385
0.84
0.838
0.832
0.831
0.831
0.8345
0.8325
0.8365
0.8445
0.84
0.8365
0.841
0.84
0.845
0.841
0.8395
0.8365
0.8365
0.829
0.839
0.839
0.84
0.84
0.84
0.8365
0.835
0.83
0.83
0.8315
0.834
0.834
0.834
0.8345
0.8305
0.8345
0.837
0.8305
0.8375
0.8305
0.8345
0.8295
0.8295
0.8295
0.8445
0.837
0.8325
0.8475
0.8325
0.8385
0.831
0.831
0.8315
0.8395
0.847
0.8435
0.843
0.8445
0.845
0.8445
0.8375
0.8395
0.84
0.8445
0.845
0.837
0.842
0.8425
0.842
0.842
0.837
0.8355
0.8345
0.833
0.844
0.8515
0.8705
0.85
0.8545
0.856
0.85
0.851
0.86
0.87
0.8605
0.857
0.8515
0.8455
0.8465
0.848
0.858
0.856
0.8505
0.863
0.856
0.8505
0.852
0.8515
0.8495
0.852
0.852
0.846
0.852
0.848
0.8415
0.8355
0.84
0.8425
0.8415
0.842
0.844
0.86
0.8955
0.87
0.876
0.8775
0.879
0.8825
0.878
0.8755
0.876
0.866
0.87
0.86
0.86
0.859
0.8615
0.87
0.87
0.869
0.8655
0.861
0.8635
0.8605
0.86
0.86
0.8595
0.86
0.8575
0.858
0.858
0.8575
0.8575
0.86
0.862
0.86
0.864
0.8605
0.864
0.8655
0.88
0.8745
0.871
0.874
0.873
0.8705
0.87
0.8695
0.8835
0.8855
0.8885
0.89
0.8885
0.8765
0.8775
0.8795
0.892
0.8855
0.8855
0.893
0.8885
0.8885
0.8885
0.89
0.881
0.921
0.9015
0.9015
0.9105
0.91
0.91
0.905
0.896
0.8985
0.8885
0.8875
0.8925
0.8985
0.8985
0.8915
0.8895
0.9065
0.9
0.9055
0.9
0.904
0.9
0.896
0.896
0.902
0.927
0.93
0.923
0.93
0.9275
0.9125
0.915
0.93
0.9315
0.975
0.955
0.9555
0.955
0.9455
0.9495
0.9685
1.001
0.952
0.959
0.942
0.9315
0.9225
0.9285
0.922
0.91
0.9105
0.9195
0.9265
0.939
0.9265
0.922
0.9215
0.9195
0.923
0.9135
0.907
0.906
0.921
0.9025
0.8995
0.899
0.8975
0.8855
0.8785
0.9025
0.905
0.8705
0.8885
0.893
0.897
0.8965
0.8895
0.8965
0.8915
0.89
0.892
0.887
0.887
0.887
0.884
0.883
0.8825
0.882
0.8815
0.8855
0.89
0.8845
0.8795
0.879
0.8785
0.873
0.879
0.874
0.885
0.8845
0.8925
0.896
0.8935
0.899
0.896
0.9035
0.896
0.895
0.9105
0.9135
0.905
0.904
0.903
0.91
0.91
0.916
0.916
0.911
0.925
0.9375
0.931
0.9425
0.9495
0.952
1.086
1.169
1.286
1.286
1.2825
1.28
1.328
1.328
1.328
1.4605
1.1835
1.1795
1.1825
1.184
1.1615
1.165
1.1625
1.1575
1.151
1.169
1.1575
1.14
1.1275
1.116
1.123
1.1165
1.1155
1.107
1.1085
1.162
1.146
1.1285
1.1245
1.122
1.1295
1.1275
1.129
1.1285
1.115
1.116
1.118
1.1195
1.118
1.12
1.1205
1.1225
1.118
1.102
1.1075
1.107
1.107
1.112
1.107
1.1025
1.105
1.148
1.1505
1.1295
1.125
1.125
1.124
1.12
1.1155
1.1225
1.116
1.1205
1.1195
1.1095
1.108
1.1
1.102
1.106
1.1165
1.112
1.1105
1.11
1.116
1.119
1.119
1.124
1.126
1.126
1.126
1.13
1.1215
1.1305
1.127
1.128
1.13
1.1295
1.135
1.134
1.1345
1.1385
1.1365
1.13
1.13
1.137
1.13
1.134
1.13
1.139
1.131
1.138
1.131
1.131
1.138
1.132
1.138
1.1375
1.1295
1.132
1.1325
1.1375
1.1325
1.1345
1.1235
1.1275
1.1275
1.1385
1.1215
1.139
1.126
1.124
1.1365
1.118
1.1085
1.119
1.128
1.1285
1.1215
1.1215
1.12
1.128
1.1245
1.1105
1.1155
1.114
1.114
1.115
1.1165
1.116
1.108
1.1085
1.108
1.1095
1.119
1.1225
1.1135
1.1075
1.127
1.11
1.102
1.1025
1.1125
1.103
1.1035
1.1035
1.1015
1.1015
1.1235
1.1085
1.119
1.119
1.1275
1.1195
1.12
1.12
1.1275
1.1125
1.1105
1.1255
1.1245
1.126
1.126
1.1145
1.1255
1.1255
1.1285
1.118
1.118
1.118
1.1295
1.13
1.119
1.1275
1.1275
1.15
1.1395
1.14
1.14
1.122
1.123
1.125
1.122
1.1335
1.1405
1.14
1.139
1.13
1.13
1.13
1.128
1.138
1.1285
1.13
1.128
1.134
1.117
1.128
1.119
1.128
1.1285
1.1365
1.127
1.127
1.127
1.1245
1.134
1.1335
1.122
1.1335
1.127
1.125
1.1245
1.131
1.126
1.145
1.138
1.144
1.1385
1.1365
1.139
1.139
1.137
1.1335
1.1335
1.1405
1.16
1.14
1.1485
1.2005
1.18
1.181
1.161
1.159
1.16
1.1995
1.1705
1.1495
1.1585
1.158
1.151
1.1435
1.155
1.1605
1.172
1.19
1.171
1.183
1.183
1.175
1.18
1.1775
1.1985
1.1795
1.18
1.1795
1.1715
1.162
1.167
1.179
1.1955
1.1975
1.1885
1.1865
1.193
1.187
1.1715
1.1805
1.197
1.1995
1.18
1.1815
1.22
1.2295
1.204
1.223
1.211
1.2
1.239
1.323
1.3075
1.285
1.2775
1.2085
1.277
1.105
0.993
0.962
0.972
0.9505
0.9075
0.907
0.902
0.921
0.923
0.9245
0.92
0.926
0.898
0.899
0.899
0.9005
0.901
0.9005
0.8965
0.8965
0.9005
0.9105
0.91
0.917
0.9085
0.9
0.9025
0.909
0.9085
0.908
0.91
0.905
0.91
0.902
0.901
0.9045
0.905
0.9025
0.8955
0.8895
0.9025
0.9025
0.9045
0.904
0.911
0.9095
0.9125
0.9125
0.912
0.908
0.907
0.9075
0.9075
0.901
0.9065
0.902
0.9025
0.897
0.8965
0.902
0.896
0.896
0.896
0.895
0.8915
0.906
0.906
0.9015
0.8965
0.8995
0.899
0.897
0.895
0.89
0.889
0.886
0.8775
0.8855
0.887
0.8825
0.887
0.8875
0.8875
0.885
0.88
0.882
0.868
0.872
0.869
0.871
0.8705
0.8725
0.875
0.8725
0.8725
0.8755
0.8785
0.878
0.8755
0.8785
0.8785
0.8765
0.8795
0.8805
0.8835
0.8885
0.889
0.8915
0.8935
0.892
0.8915
0.908
0.906
0.9025
0.9
0.9
0.903
0.9035
0.913
0.904
0.904
0.906
0.906
0.9095
0.9125
0.906
0.896
0.8995
0.8985
0.9045
0.9045
0.9005
0.9
0.9
0.9
0.901
0.896
0.896
0.8965
0.894
0.894
0.8915
0.887
0.881
0.894
0.885
0.893
0.893
0.8935
0.8855
0.8975
0.9025
0.8875
0.888
0.8875
0.8995
0.887
0.8865
0.8965
0.9005
0.8895
0.896
0.886
0.887
0.8855
0.891
0.896
0.8975
0.899
0.8875
0.8875
0.8875
0.8875
0.8875
0.887
0.8875
0.8905
0.8865
0.8845
0.877
0.8755
0.8865
0.8805
0.8805
0.88
0.8805
0.88
0.8735
0.8805
0.88
0.884
0.88
0.879
0.88
0.879
0.879
0.8795
0.8835
0.8785
0.8735
0.873
0.873
0.872
0.8735
0.8725
0.852
0.874
0.8735
0.8735
0.8745
0.8755
0.875
0.875
0.879
0.879
0.879
0.879
0.879
0.873
0.872
0.875
0.874
0.874
0.875
0.875
0.874
0.8795
0.879
0.8805
0.882
0.882
0.878
0.88
0.8785
0.872
0.871
0.874
0.872
0.872
0.8735
0.8665
0.883
0.8685
0.8705
0.8715
0.8655
0.865
0.8745
0.8715
0.8675
0.8675
0.8665
0.8665
0.867
0.8725
0.868
0.867
0.8655
0.8645
0.864
0.8585
0.8595
0.863
0.864
0.8615
0.8615
0.8635
0.8635
0.8615
0.863
0.863
0.863
0.861
0.8615
0.8655
0.86
0.86
0.8605
0.8595
0.859
0.8595
0.86
0.8585
0.859
0.8615
0.86
0.855
0.8565
0.8535
0.854
0.8545
0.853
0.851
0.8525
0.8155
0.8295
0.8365
0.837
0.841
0.838
0.8385
0.8375
0.84
0.8325
0.8345
0.833
0.834
0.83
0.8315
0.8305
0.83
0.83
0.8415
0.84
0.823
0.84
0.8315
0.84
0.835
0.838
0.829
0.8315
0.832
0.8345
0.835
0.832
0.831
0.832
0.832
0.837
0.833
0.837
0.836
0.8365
0.8365
0.8355
0.8315
0.828
0.8295
0.8295
0.83
0.8295
0.8295
0.831
0.833
0.83
0.832
0.8325
0.8325
0.8305
0.8305
0.8285
0.826
0.8285
0.829
0.8295
0.82
0.8275
0.821
0.8225
0.822
0.8245
0.826
0.825
0.8225
0.8225
0.823
0.823
0.8235
0.8245
0.8235
0.8235
0.829
0.8285
0.8305
0.83
0.8305
0.83
0.829
0.822
0.8265
0.826
0.826
0.8245
0.825
0.822
0.824
0.841
0.832
0.8315
0.832
0.833
0.833
0.8305
0.831
0.833
0.833
0.8305
0.8345
0.8295
0.8285
0.8285
0.8295
0.8315
0.8295
0.823
0.8295
0.8275
0.826
0.8245
0.8225
0.821
0.824
0.823
0.8325
0.826
0.8245
0.824
0.826
0.826
0.8205
0.825
0.8125
0.8165
0.824
0.8235
0.8245
0.835
0.829
0.825
0.823
0.829
0.828
0.828
0.829
0.829
0.8275
0.8275
0.8275
0.827
0.825
0.788
0.7985
0.795
0.794
0.798
0.7975
0.799
0.802
0.8025
0.797
0.7995
0.79
0.795
0.797
0.788
0.7885
0.7905
0.7905
0.794
0.795
0.795
0.7945
0.7965
0.7965
0.7995
0.798
0.7995
0.798
0.7995
0.7955
0.7995
0.7995
0.7995
0.8
0.799
0.8
0.801
0.8
0.8005
0.7985
0.8
0.8005
0.7995
0.7995
0.8015
0.8015
0.802
0.803
0.805
0.8075
0.801
0.8025
0.803
0.804
0.8085
0.803
0.803
0.806
0.806
0.8075
0.808
0.806
0.8095
0.8075
0.8075
0.8135
0.813
0.8135
0.8185
0.8175
0.807
0.814
0.8135
0.8105
0.8105
0.8105
0.8115
0.806
0.802
0.801
0.803
0.8045
0.8035
0.803
0.8045
0.806
0.8185
0.8135
0.8125
0.819
0.814
0.82
0.8105
0.81
0.816
0.8345
0.899
0.8865
0.864
0.8505
0.869
0.8645
0.876
0.8765
0.839
0.85
0.8445
0.8595
0.8765
0.857
0.854
0.8555
0.8625
0.843
0.8405
0.8395
0.843
0.857
0.8395
0.841
0.852
0.8465
0.8365
0.84
0.845
0.843
0.843
0.847
0.833
0.84
0.8415
0.848
0.8455
0.844
0.843
0.842
0.839
0.838
0.835
0.835
0.847
0.837
0.8425
0.8445
0.8445
0.84
0.84
0.84
0.8385
0.8295
0.8295
0.828
0.8295
0.8295
0.829
0.8275
0.8285
0.828
0.8285
0.8255
0.8255
0.825
0.8255
0.8215
0.825
0.82
0.821
0.8175
0.819
0.815
0.816
0.8235
0.8205
0.8205
0.8205
0.8255
0.825
0.823
0.825
0.8205
0.8195
0.8205
0.822
0.822
0.8215
0.8225
0.8225
0.8295
0.8285
0.8305
0.8305
0.831
0.83
0.829
0.8285
0.834
0.839
0.842
0.8345
0.834
0.8335
0.8415
0.8305
0.849
0.847
0.851
0.849
0.8505
0.8595
0.8595
0.857
0.8665
0.857
0.8505
0.853
0.852
0.8525
0.8515
0.87
0.853
0.8475
0.8465
0.8405
0.8475
0.8445
0.845
0.845
0.8465
0.847
0.8455
0.835
0.843
0.8375
0.836
0.837
0.8425
0.8455
0.8455
0.845
0.8365
0.8355
0.8365
0.8365
0.8365
0.843
0.845
0.847
0.846
0.8485
0.8495
0.849
0.8495
0.849
0.842
0.8445
0.842
0.842
0.84
0.8485
0.838
0.8575
0.857
0.841
0.8405
0.85
0.8415
0.8415
0.841
0.8405
0.8385
0.8385
0.8385
0.8385
0.839
0.842
0.837
0.8345
0.8345
0.8415
0.835
0.835
0.8345
0.831
0.8335
0.8335
0.8335
0.8335
0.8335
0.833
0.8315
0.8335
0.833
0.8315
0.831
0.8335
0.821
0.815
0.82
0.8205
0.8285
0.828
0.829
0.829
0.8285
0.8215
0.824
0.8235
0.824
0.8225
0.82
0.817
0.82
0.82
0.82
0.819
0.8275
0.818
0.8205
0.82
0.8225
0.8235
0.8305
0.8305
0.83
0.8445
0.837
0.8365
0.836
0.842
0.8345
0.838
0.8395
0.8515
0.852
0.8575
0.8555
0.8595
0.88
0.891
0.906
0.879
0.878
0.878
0.88
0.8735
0.8705
0.875
0.865
0.915
0.881
0.88
0.895
0.9
0.88
0.889
0.889
0.8885
0.8885
0.889
0.9345
0.9495
0.9615
1.039
1.1105
1.13
1.376
1.3765
1.3255
1.275
1.1955
1.23
1.165
1.1885
1.215
1.235
1.195
1.128
1.1245
1.1175
1.0665
1.0845
1.059
1.079
1.098
1.1075
1.0655
1.039
1.0495
1.075
1.075
1.0565
1.0495
1.067
1.073
1.015
1.0355
1.039
1.061
1.061
1.065
1.0695
1.0605
1.07
1.165
1.093
1.0905
1.1005
1.1075
1.0955
1.109
1.095
1.0815
1.1405
1.1245
1.125
1.125
1.144
1.144
1.104
1.0845
1.096
1.0795
1.0705
1.0765
1.0815
1.08
1.0785
1.0785
1.079
1.0765
1.0655
1.0495
1.0505
1.0495
1.0575
1.0485
1.0545
1.0555
1.0505
1.045
1.042
1.0235
1.0315
1.044
1.044
1.044
1.0495
1.05
1.0455
1.031
1.034
1.035
1.0345
1.035
1.0335
1.0335
1.0395
1.039
1.039
1.036
1.036
1.0505
1.05
1.055
1.0545
1.021
1.025
1.005
1.011
1.005
1.0125
1.001
1.003
1.0
1.0005
1.0005
1.0005
1.003
1.001
1.0
0.999
1.001
1.0035
0.9955
0.9995
0.9995
0.9995
1.0
1.002
0.9515
1.0115
0.999
1.005
1.004
0.9915
1.0035
0.999
0.991
1.001
0.985
0.973
0.98
0.9715
0.962
0.966
0.9785
0.977
0.976
0.9675
0.966
0.966
0.961
0.96
0.96
0.959
0.963
0.961
0.95
0.955
0.953
0.95
0.945
0.958
0.95
0.9495
0.9755
0.9505
0.9575
0.957
0.963
0.963
0.9635
0.9525
0.956
0.956
0.9455
0.9425
0.9375
0.93
0.93
0.931
0.932
0.9255
0.931
0.9305
0.929
0.9295
0.9205
0.9205
0.9205
0.9205
0.9255
0.925
0.925
0.9245
0.918
0.9395
0.939
0.938
0.9335
0.9335
0.921
0.9225
0.926
0.9205
0.9195
0.918
0.918
0.918
0.918
0.923
0.931
0.9245
0.9245
0.924
0.9235
0.9165
0.915
0.931
0.9295
0.9325
0.925
0.9335
0.9345
0.937
0.936
0.9255
0.928
0.9305
0.9305
0.935
0.935
0.935
0.9275
0.9325
0.94
0.94
0.93
0.928
0.9295
0.9385
0.9295
0.9295
0.926
0.926
0.9205
0.922
0.923
0.921
0.916
0.915
0.915
0.9125
0.912
0.921
0.92
0.92
0.919
0.9135
0.919
0.924
0.916
0.916
0.912
0.9245
0.924
0.9185
0.9145
0.918
0.9165
0.924
0.924
0.917
0.9175
0.912
0.9225
0.913
0.9135
0.9105
0.9205
0.924
0.916
0.912
0.9105
0.9035
0.9125
0.903
0.903
0.9115
0.902
0.9125
0.9035
0.9115
0.9045
0.912
0.9065
0.9125
0.9145
0.9065
0.9145
0.924
0.909
0.9185
0.911
0.916
0.915
0.918
0.928
0.92
0.9175
0.9185
0.9185
0.918
0.931
0.927
0.9215
0.93
0.9195
0.906
0.9055
0.904
0.901
0.897
0.8965
0.8925
0.892
0.8955
0.906
0.906
0.89
0.9115
0.9015
0.895
0.8955
0.892
0.909
0.909
0.9085
0.901
0.901
0.9005
0.901
0.9
0.9015
0.9
0.8965
0.8965
0.902
0.887
0.89
0.897
0.895
0.8985
0.8865
0.895
0.8805
0.8785
0.88
0.885
0.877
0.8735
0.8725
0.8715
0.883
0.8805
0.8815
0.882
0.8745
0.8735
0.8745
0.8715
0.8695
0.89
0.8875
0.8775
0.8735
0.8795
0.902
0.896
0.885
0.857
0.874
0.879
0.879
0.8775
0.879
0.88
0.8745
0.879
0.882
0.8815
0.8805
0.883
0.8795
0.8825
0.8825
0.8765
0.8835
0.9
0.8985
0.874
0.898
0.882
0.883
0.879
0.875
0.8615
0.8685
0.867
0.8665
0.863
0.863
0.8625
0.862
0.862
0.8605
0.8665
0.8505
0.849
0.847
0.852
0.853
0.8415
0.8415
0.843
0.8415
0.841
0.8335
0.8415
0.8405
0.8275
0.8435
0.83
0.8285
0.83
0.841
0.8345
0.8305
0.829
0.8355
0.829
0.839
0.842
0.831
0.843
0.8435
0.837
0.836
0.829
0.8305
0.8325
0.8325
0.8235
0.836
0.8315
0.8375
0.836
0.827
0.8275
0.8315
0.8305
0.827
0.835
0.835
0.8325
0.835
0.833
0.833
0.833
0.833
0.834
0.8275
0.835
0.837
0.8335
0.833
0.82
0.83
0.8285
0.8285
0.829
0.8255
0.83
0.8265
0.8295
0.83
0.8305
0.83
0.83
0.8325
0.8325
0.8325
0.8285
0.8315
0.8335
0.8335
0.8335
0.8445
0.844
0.84
0.8425
0.846
0.8475
0.8525
0.8525
0.857
0.856
0.827
0.84
0.834
0.8385
0.8365
0.817
0.8185
0.8295
0.82
0.822
0.8215
0.8355
0.83
0.8285
0.8255
0.832
0.8255
0.8085
0.8215
0.81
0.8105
0.8
0.798
0.79
0.782
0.781
0.7905
0.7985
0.7835
0.7915
0.7975
0.798
0.784
0.835
0.8115
0.8165
0.83
0.821
0.817
0.812
0.8065
0.7855
0.8065
0.807
0.806
0.7995
0.793
0.771
0.767
0.77
0.77
0.7655
0.7755
0.7845
0.7695
0.778
0.778
0.78
0.7785
0.778
0.8075
0.789
0.795
0.794
0.7945
0.793
0.7875
0.791
0.7995
0.797
0.7885
0.8035
0.8085
0.802
0.805
0.7945
0.804
0.809
0.8085
0.809
0.811
0.8125
0.817
0.815
0.8185
0.8145
0.8175
0.816
0.819
0.819
0.821
0.8205
0.8205
0.8195
0.8205
0.8205
0.82
0.827
0.831
0.82
0.823
0.8195
0.83
0.83
0.8245
0.822
0.8215
0.822
0.827
0.835
0.8335
0.833
0.833
0.8215
0.8325
0.833
0.834
0.834
0.834
0.834
0.835
0.838
0.8275
0.829
0.8355
0.8205
0.818
0.8195
0.835
0.84
0.84
0.843
0.8435
0.843
0.8305
0.83
0.83
0.829
0.828
0.8265
0.8425
0.843
0.8425
0.8425
0.842
0.839
0.8405
0.834
0.8405
0.833
0.838
0.84
0.8305
0.82
0.8375
0.821
0.8205
0.8395
0.837
0.8205
0.82
0.792
0.792
0.7915
0.792
0.778
0.78
0.78
0.7355
0.702
0.67
0.672
0.6755
0.69
0.7415
0.7415
0.7535
0.7575
0.456
0.47
0.6
0.521
0.5205
0.5985
0.5995
0.6
0.6105
0.7435
0.742
0.6435
0.7005
0.7005
0.6635
0.7
0.5565
0.6985
0.65
0.68
0.6975
0.696
0.695
0.696
0.7735
0.711
0.68
0.7
0.7475
0.7215
0.697
0.726
0.7255
0.7245
0.7235
0.798
0.726
0.7395
0.76
0.757
0.747
0.7305
0.7465
0.7715
0.7895
0.7695
0.7515
0.74
0.7695
0.814
0.796
0.7945
0.7995
0.79
0.8
0.7795
0.7845
0.756
0.7555
0.756
0.7555
0.756
0.756
0.76
0.777
0.7595
0.743
0.7595
0.7475
0.747
0.7435
0.74
0.7505
0.748
0.76
0.74
0.775
0.767
0.7695
0.768
0.77
0.768
0.7605
0.73
0.767
0.7665
0.7665
0.7665
0.77
0.77
0.77
0.74
0.7455
0.7455
0.7605
0.759
0.742
0.7335
0.767
0.7635
0.756
0.7545
0.73
0.73
0.7325
0.725
0.7255
0.7255
0.746
0.7245
0.72
0.722
0.7205
0.7205
0.7245
0.7175
0.7355
0.7355
0.71
0.7155
0.724
0.724
0.723
0.722
0.7185
0.7055
0.714
0.706
0.7
0.72
0.7235
0.709
0.7375
0.74
0.73
0.7395
0.7395
0.737
0.7225
0.7205
0.723
0.745
0.733
0.7335
0.734
0.7295
0.693
0.7025
0.7115
0.709
0.702
0.702
0.703
0.709
0.707
0.7025
0.7085
0.703
0.699
0.699
0.7095
0.7085
0.7085
0.7085
0.7085
0.7105
0.717
0.713
0.712
0.7145
0.699
0.699
0.7115
0.7135
0.7105
0.708
0.715
0.713
0.703
0.7035
0.7
0.72
0.716
0.7145
0.715
0.716
0.716
0.714
0.714
0.7175
0.716
0.713
0.713
0.705
0.705
0.7185
0.7165
0.716
0.7165
0.7165
0.7085
0.707
0.695
0.6965
0.714
0.696
0.7115
0.709
0.6985
0.7075
0.708
0.7
0.705
0.707
0.7
0.7
0.712
0.7135
0.6985
0.6995
0.7135
0.6985
0.7135
0.7135
0.713
0.7
0.7125
0.713
0.713
0.713
0.7105
0.7135
0.713
0.7125
0.7125
0.7055
0.7045
0.7055
0.74
0.74
0.7485
0.7685
0.74
0.7525
0.7435
0.752
0.752
0.7405
0.74
0.7405
0.7415
0.747
0.741
0.742
0.728
0.7285
0.716
0.7245
0.7395
0.816
0.811
0.8185
0.87
0.8005
0.801
0.7815
0.772
0.7725
0.778
0.7725
0.79
0.795
0.7485
0.7405
0.7525
0.75
0.7415
0.7545
0.749
0.74
0.748
0.735
0.7385
0.7255
0.7325
0.7285
0.7315
0.73
0.7365
0.7245
0.7245
0.729
0.723
0.723
0.7265
0.725
0.7265
0.721
0.718
0.721
0.7215
0.721
0.721
0.74
0.74
0.7695
0.753
0.772
0.775
0.7835
0.792
0.782
0.775
0.775
0.7305
0.7325
0.739
0.741
0.734
0.7405
0.743
0.745
0.731
0.731
0.7395
0.725
0.7055
0.7025
0.701
0.702
0.709
0.709
0.709
0.708
0.701
0.7105
0.705
0.706
0.698
0.6975
0.6975
0.693
0.697
0.703
0.7
0.7
0.7
0.6955
0.69
0.692
0.69
0.7055
0.688
0.6965
0.686
0.6865
0.6955
0.687
0.6865
0.6755
0.694
0.696
0.696
0.6905
0.6965
0.6975
0.7055
0.7125
0.7115
0.709
0.702
0.699
0.702
0.699
0.687
0.696
0.697
0.7
0.704
0.7015
0.6995
0.6995
0.6995
0.6995
0.699
0.6855
0.715
0.7065
0.69
0.6995
0.6995
0.6995
0.7
0.7025
0.707
0.693
0.692
0.7
0.7005
0.703
0.703
0.699
0.7005
0.701
0.7005
0.7
0.7
0.709
0.711
0.709
0.715
0.7075
0.712
0.7105
0.71
0.71
0.716
0.721
0.723
0.719
0.722
0.722
0.7175
0.716
0.712
0.7185
0.7135
0.7005
0.699
