close
820
650
699
685
670
679
680
694
679
650
618
622
621
650
652
679
650
650
650
630
628
650
648
646
620
619
615
633
612
619
628
616
621
600
618
617
615
615
601
602
613
600
651
621
635
625
630
611
615
637
610
600
605
618
606
614
614
600
603
618
618
618
618
606
612
606
604
604
600
602
601
608
602
601
601
602
602
608
601
603
600
600
608
605
602
605
602
624
603
602
602
605
600
605
610
602
610
618
611
610
610
602
615
602
610
614
610
610
616
605
602
609
609
618
602
603
603
603
603
614
602
611
605
603
603
614
621
648
647
638
639
626
624
629
617
617
617
625
624
606
611
616
607
607
619
620
621
620
620
628
627
627
612
607
620
616
628
621
624
628
629
605
620
620
615
618
639
619
619
619
605
611
619
610
615
625
606
618
617
611
616
611
613
619
618
619
619
625
626
626
626
626
635
635
625
630
628
632
629
640
644
648
648
650
644
646
627
620
629
630
632
625
635
625
631
630
649
640
635
635
666
643
649
642
641
641
640
641
643
643
636
651
645
639
630
631
640
639
655
630
637
629
634
630
631
639
625
625
625
625
625
650
628
648
625
642
640
638
649
649
650
650
650
650
650
640
640
640
631
630
650
640
650
654
658
650
650
650
650
656
650
650
641
648
649
640
648
640
635
630
630
635
635
630
636
638
640
640
641
635
635
635
630
630
631
630
630
630
630
631
630
630
630
630
631
630
642
653
640
642
645
649
653
652
651
650
649
639
635
635
635
630
636
630
635
636
625
632
630
630
625
629
620
620
620
620
620
620
620
620
630
638
632
622
630
645
630
630
630
630
630
630
630
630
630
639
641
639
637
637
637
630
630
638
630
631
630
631
631
633
634
636
635
638
635
633
635
636
635
635
635
631
638
631
637
632
635
638
630
630
638
649
640
645
643
641
640
648
650
641
635
630
638
620
638
620
625
630
618
630
630
630
630
630
630
630
630
633
630
630
630
630
630
629
630
630
639
640
630
643
650
640
640
631
638
639
631
631
630
638
631
630
630
630
630
629
638
633
631
635
635
635
631
630
632
632
632
632
630
631
630
630
630
630
628
628
630
630
628
630
626
630
626
626
626
630
630
630
630
635
630
621
609
600
600
600
600
620
625
583
615
620
626
615
616
615
600
615
615
625
625
615
615
615
610
615
615
630
620
630
635
620
630
642
645
650
650
630
630
650
650
650
611
675
679
650
630
630
620
650
660
651
650
650
660
660
675
675
661
675
680
680
685
695
695
690
690
690
690
695
699
690
695
700
700
700
696
696
700
670
700
701
706
700
705
701
700
700
705
705
705
705
705
710
700
700
705
705
705
710
710
710
710
710
710
715
710
701
710
700
710
710
710
710
710
710
715
700
710
710
710
710
715
715
715
705
705
705
705
700
700
702
700
700
700
700
696
695
695
700
700
700
700
700
705
700
700
700
700
700
700
700
700
690
644
688
700
700
685
700
699
698
699
698
700
695
642
697
680
680
680
688
688
690
690
690
692
690
690
690
690
700
688
680
688
692
692
700
700
689
690
685
688
690
679
688
685
680
688
688
680
684
681
680
680
680
685
675
670
670
670
675
670
674
665
659
655
660
665
670
670
670
670
660
660
638
656
666
652
634
664
662
660
660
670
660
660
650
670
670
650
650
660
670
680
680
670
664
680
668
668
660
660
650
648
640
658
658
640
640
658
658
678
652
640
658
650
644
650
660
640
648
640
638
668
668
648
650
650
640
638
640
640
658
668
626
630
644
630
628
628
628
650
650
650
650
650
628
650
640
650
648
630
632
634
646
658
640
640
650
646
632
632
632
616
630
630
630
620
620
644
642
620
628
626
624
624
644
630
630
638
640
630
648
636
626
614
614
614
628
620
608
608
608
608
608
608
610
628
636
618
630
630
628
628
622
622
604
626
628
626
600
604
608
602
608
608
602
600
604
604
604
608
606
606
606
600
600
590
610
610
600
618
610
602
602
600
610
600
610
600
604
608
608
608
600
610
610
610
608
608
612
628
612
600
626
614
600
602
608
600
602
606
604
612
602
602
600
600
600
602
602
600
600
598
598
600
600
598
600
600
600
602
598
600
600
600
600
600
598
600
600
600
600
600
600
600
600
600
608
598
600
600
600
600
600
600
598
596
590
590
588
586
574
574
580
574
574
592
586
586
586
568
566
556
556
526
546
528
538
564
546
522
500
500
500
522
500
500
528
500
498
488
492
492
490
480
478
488
488
490
490
488
478
478
468
462
460
460
460
470
476
456
440
448
454
440
444
444
444
444
444
444
444
450
450
450
450
440
440
450
450
450
448
444
450
444
450
450
448
450
422
434
440
430
430
406
424
426
428
418
408
400
400
400
400
400
398
400
400
400
400
400
400
368
390
370
380
408
390
400
400
396
398
400
400
396
402
398
402
404
400
400
398
396
400
398
388
390
390
390
390
388
394
396
378
378
378
382
400
400
398
400
398
400
400
400
398
400
388
374
384
390
384
386
390
390
396
388
390
390
390
388
390
388
382
388
374
378
372
394
390
396
402
402
404
410
404
392
414
420
396
398
392
402
402
400
400
394
398
400
400
400
400
400
398
396
398
410
418
404
404
408
408
400
410
410
402
400
404
404
410
410
402
402
410
410
416
412
412
408
408
404
404
410
410
418
410
410
408
410
408
400
408
410
410
410
410
410
410
410
406
400
400
394
400
400
402
402
406
406
402
398
398
406
404
404
404
402
400
400
400
398
400
434
408
402
410
410
404
398
400
400
400
400
402
400
400
398
400
406
404
400
398
400
400
400
400
400
400
400
400
406
402
412
416
406
420
402
400
402
402
404
402
406
410
412
412
428
426
418
426
424
418
414
416
408
416
410
414
404
404
404
404
420
436
430
416
414
418
416
414
420
420
420
440
482
448
440
432
436
460
468
460
446
454
450
450
454
450
453
460
460
460
461
461
459
460
450
459
464
465
456
455
455
465
452
464
464
465
460
460
455
460
465
461
473
480
480
480
482
480
473
473
486
487
497
490
498
498
497
497
498
497
498
498
497
495
497
498
498
498
500
500
489
490
490
498
490
490
489
489
489
490
487
486
487
485
483
485
488
509
515
529
522
518
510
513
513
511
521
505
500
500
500
500
500
494
490
490
504
519
509
510
504
510
510
510
520
518
516
510
517
517
517
517
517
516
525
527
530
530
527
520
520
525
537
530
520
518
518
509
510
510
508
530
512
519
513
519
519
518
525
530
528
509
509
515
516
516
524
524
511
512
512
511
512
512
509
509
509
507
500
500
501
506
503
500
499
483
494
490
495
495
499
498
499
500
495
494
505
510
505
520
518
520
520
520
520
520
518
527
527
527
526
519
519
518
518
512
518
518
518
518
500
502
500
516
504
499
500
499
500
499
499
498
500
500
497
495
500
500
499
500
500
500
498
500
499
500
502
499
506
504
495
500
500
498
500
500
498
497
497
497
485
485
485
485
485
484
485
485
493
479
480
488
488
492
486
499
495
490
490
498
495
499
499
500
500
504
498
499
499
498
495
495
498
499
492
492
481
490
486
498
488
488
488
485
485
494
488
491
498
498
491
491
499
488
493
497
498
499
499
491
496
495
496
496
496
496
495
492
490
492
494
491
494
486
486
486
492
487
493
499
499
498
495
489
490
492
487
485
469
499
499
481
488
490
490
500
495
499
490
490
495
495
497
497
495
491
490
490
490
492
490
491
491
490
494
494
494
494
491
493
492
490
487
490
489
485
488
487
486
486
482
482
488
484
485
484
482
482
478
487
473
485
489
480
484
470
486
480
485
480
480
485
485
485
483
482
478
483
484
481
475
481
475
485
480
478
482
480
479
476
479
482
488
486
485
485
485
485
495
477
484
480
482
477
482
480
482
483
485
485
482
484
480
484
479
479
480
480
471
470
470
471
471
479
472
484
479
495
478
485
481
482
476
479
480
476
476
480
478
480
480
480
480
482
465
468
466
467
467
466
464
468
466
470
479
478
478
471
468
478
478
476
475
474
483
470
468
468
464
464
464
463
463
463
464
462
467
467
471
469
464
464
464
463
463
459
452
448
447
441
441
450
479
479
479
480
472
479
481
480
480
485
485
488
488
488
485
485
494
482
481
482
482
483
483
473
478
477
479
479
490
465
479
480
480
474
484
482
477
480
480
480
470
471
482
480
477
478
490
477
472
474
476
475
478
482
476
476
472
472
473
472
472
474
472
472
468
468
465
470
469
468
479
479
478
471
478
479
470
469
469
468
460
469
461
470
475
473
473
474
463
472
475
480
472
479
479
479
479
479
478
476
479
478
477
478
479
478
478
478
473
472
476
474
478
479
473
482
479
479
476
478
477
475
475
478
474
474
473
474
474
473
466
472
470
479
477
476
476
478
478
480
479
482
479
482
486
474
486
487
476
490
490
491
495
495
493
495
496
500
506
500
500
500
505
510
510
505
500
500
491
510
509
512
503
504
502
504
503
503
498
496
497
497
503
503
502
500
498
499
498
487
494
489
498
497
497
492
487
497
498
498
498
487
498
490
488
492
488
491
492
487
492
497
496
493
493
494
491
489
489
489
490
489
492
495
490
493
493
493
481
481
481
481
481
481
482
480
492
483
482
482
482
482
481
485
481
480
485
479
484
484
480
476
475
471
470
473
473
472
472
475
477
474
472
474
471
470
472
475
474
477
475
475
476
477
477
475
477
478
478
478
478
478
478
471
470
477
478
478
478
471
477
469
472
471
471
471
480
480
473
473
479
480
475
477
477
481
480
479
476
478
478
470
470
470
471
485
495
480
495
483
487
489
494
488
498
486
496
490
498
495
486
488
488
489
498
497
491
490
491
485
490
491
494
495
499
495
490
498
499
497
496
496
497
500
491
500
500
500
500
500
505
505
507
507
486
500
488
497
508
508
507
492
496
508
496
508
498
498
505
504
492
505
506
506
506
500
507
510
493
491
497
507
510
500
499
510
510
501
519
509
503
499
501
512
510
508
509
500
500
503
512
503
501
517
515
513
509
510
522
515
505
505
509
509
510
503
510
505
517
515
503
505
522
521
516
520
516
515
505
512
514
507
516
505
503
513
512
494
512
535
520
519
519
513
518
517
516
519
519
520
520
512
513
519
519
517
521
521
515
507
515
519
523
530
535
540
529
539
549
549
540
543
549
547
552
545
552
553
552
565
569
570
579
574
575
580
571
585
550
586
585
586
585
585
583
586
597
612
600
592
601
597
597
601
605
610
615
611
611
628
628
628
616
645
640
641
642
643
640
640
641
644
647
649
649
646
646
648
649
649
649
649
650
641
642
649
645
648
648
662
664
670
659
651
660
652
660
660
679
680
669
664
665
669
664
668
669
690
665
683
650
679
660
660
659
660
659
660
654
659
659
656
658
670
669
665
663
663
659
660
659
659
674
658
660
660
658
654
659
659
661
661
661
665
665
666
660
670
667
661
667
660
665
664
660
669
670
669
668
668
667
667
667
659
661
661
661
662
663
660
659
661
663
661
661
662
659
659
660
660
660
660
660
660
659
659
659
659
659
655
659
660
655
658
658
658
657
654
654
655
654
655
655
655
655
655
660
659
655
653
653
654
649
655
657
660
657
659
660
654
654
675
675
675
663
670
665
669
664
664
669
663
670
660
660
657
657
659
669
669
669
665
663
662
660
655
655
655
660
655
657
665
660
660
660
660
655
657
658
658
652
651
651
658
650
649
647
647
657
654
642
658
643
640
643
642
640
643
643
650
636
650
650
659
651
645
644
656
642
648
651
652
622
633
649
649
649
650
645
657
644
647
657
647
650
648
652
653
659
652
659
657
660
659
652
656
660
655
654
654
654
659
650
659
645
645
645
645
654
659
655
649
649
654
655
654
653
650
650
649
652
649
650
650
650
657
650
654
669
669
680
685
678
680
670
679
680
689
680
680
690
690
673
700
697
699
691
694
694
686
686
697
690
698
698
698
698
699
696
695
698
695
695
689
700
700
721
755
725
739
705
697
700
698
699
698
691
698
697
698
694
689
698
699
698
700
691
700
686
682
697
697
697
697
687
696
697
689
689
683
693
687
680
690
690
674
677
682
688
666
683
683
683
688
672
685
685
675
669
669
671
665
671
676
671
660
660
661
666
667
667
687
668
668
672
676
677
669
668
661
670
670
669
662
660
674
669
660
648
647
650
650
650
654
659
660
659
660
664
669
665
665
663
660
656
659
651
659
650
654
650
649
651
655
654
647
646
644
644
644
647
655
650
655
656
664
650
660
665
652
669
668
669
681
690
707
695
695
680
699
670
693
693
692
730
698
700
698
700
710
715
719
725
727
730
759
732
750
736
736
748
749
748
750
743
741
739
749
744
742
734
740
750
739
750
752
741
747
744
745
730
728
734
739
740
734
735
728
732
732
726
728
726
726
730
736
735
739
730
739
729
733
740
740
740
742
743
722
725
717
719
737
730
721
715
722
720
725
723
734
725
731
732
735
725
726
725
725
725
734
734
734
734
745
730
734
733
753
750
764
755
750
750
751
751
759
765
756
772
800
811
827
802
791
839
840
820
842
840
843
837
854
850
863
850
871
875
867
857
855
850
851
865
871
868
868
860
860
873
871
872
876
885
873
879
879
872
892
884
888
888
890
895
895
896
890
890
889
885
889
895
897
890
890
889
883
881
892
892
899
891
892
896
899
891
891
898
886
890
887
885
885
880
880
883
885
896
899
894
899
896
897
899
893
891
897
899
902
910
899
909
908
907
924
913
923
935
999
983
975
975
978
1100
1048
1050
1078
1053
1070
1020
994
1001
975
996
989
989
988
974
982
981
975
960
965
968
964
1075
1051
1032
1010
1007
1050
990
992
999
997
1000
996
997
986
989
995
992
1003
999
993
989
988
985
994
991
991
990
988
988
987
987
989
990
984
974
992
976
976
991
991
986
978
1046
1022
996
1012
1026
1019
1018
1012
1018
1010
1020
1035
1020
1020
1019
1012
1018
1020
1020
1019
1019
1019
1016
1019
1020
1013
1020
1020
1020
1016
1016
1080
1049
1057
1054
1030
1010
1104
1076
1098
1098
1086
1070
1077
1076
1080
1101
1096
1082
1087
1088
1099
1095
1080
1079
1070
1049
1076
1092
1080
1093
1096
1078
1071
1097
1097
1105
1100
1095
1095
1098
1098
1097
1094
1100
1096
1100
1124
1120
1098
1110
1100
1096
1100
1120
1112
1110
1121
1110
1110
1109
1100
1108
1109
1110
1109
1110
1103
1108
1109
1110
1095
1107
1095
1109
1110
1110
1110
1111
1096
1110
1101
1090
1041
1038
1022
1024
1027
1028
1031
1020
1083
1102
1100
1099
1089
1079
1080
1077
1080
1100
1093
1092
1091
1094
1099
1099
1095
1100
1100
1106
1118
1105
1115
1120
1120
1115
1120
1129
1140
1134
1125
1122
1125
1123
1122
1135
1124
1121
1124
1121
1124
1119
1120
1120
1110
1064
1078
1084
1080
1078
1078
1085
1140
1120
1120
1137
1140
1170
1152
1169
1127
1152
1158
1125
1189
1123
1087
1119
1115
1114
1113
1117
1117
1095
1196
1158
1145
1127
1140
1140
1130
1124
1120
1133
1101
1149
1123
1090
1113
1100
1115
1125
1114
1125
1106
1110
1110
1110
1107
1091
1111
1112
1100
1100
1100
1095
1094
1100
1099
1100
1108
1130
1125
1129
1125
1112
1128
1127
1173
1160
1183
1190
1185
1135
1136
1184
1157
1157
1151
1147
1154
1154
1175
1175
1173
1150
1150
1125
1125
1130
1120
1130
1130
1140
1142
1128
1145
1122
1122
1140
1122
1120
1129
1130
1129
1130
1130
1099
1106
1117
1134
1135
1157
1127
1121
1100
1123
1124
1124
1125
1125
1124
1118
1118
1111
1118
1120
1119
1096
1119
1123
1105
1106
1100
1100
1100
1095
1101
1100
1100
1100
1100
1099
1100
1101
1103
1101
1100
1110
1111
1111
1109
1110
1110
1103
1118
1106
1124
1124
1134
1131
1134
1135
1138
1136
1130
1132
1133
1160
1170
1160
1162
1175
1164
1219
1219
1200
1250
1245
1240
1239
1240
1249
1245
1245
1227
1236
1315
1300
1330
1314
1303
1326
1314
1320
1318
1328
1330
1328
1324
1327
1328
1327
1329
1320
1349
1346
1345
1350
1350
1349
1350
1350
1350
1400
1392
1522
1495
1475
1480
1479
1490
1500
1440
1400
1403
1409
1418
1429
1428
1420
1425
1401
1498
1441
1445
1447
1441
1450
1440
1490
1441
1479
1472
1480
1482
1489
1486
1482
1488
1500
1470
1565
1568
1565
1565
1557
1561
1570
1537
1550
1528
1543
1542
1528
1528
1540
1539
1530
1535
1518
1539
1528
1530
1529
1530
1520
1530
1530
1531
1542
1542
1534
1534
1535
1450
1470
1471
1495
1490
1486
1498
1490
1491
1495
1495
1496
1496
1497
1500
1491
1494
1499
1491
1494
1496
1495
1496
1441
1490
1487
1487
1490
1488
1484
1487
1480
1490
1487
1487
1500
1500
1492
1496
1489
1490
1500
1480
1488
1490
1479
1475
1470
1481
1480
1480
1482
1499
1487
1488
1486
1482
1488
1487
1487
1487
1497
1510
1488
1499
1499
1488
1492
1496
1480
1480
1479
1468
1478
1472
1470
1468
1465
1458
1457
1458
1462
1457
1445
1453
1440
1449
1438
1464
1464
1466
1461
1460
1456
1453
1452
1464
1482
1489
1490
1490
1476
1493
1490
1494
1500
1500
1500
1499
1498
1492
1496
1493
1497
1510
1500
1495
1500
1499
1495
1491
1500
1503
1509
1500
1492
1504
1505
1508
1488
1485
1488
1498
1489
1491
1489
1490
1491
1490
1486
1487
1486
1486
1478
1479
1472
1476
1486
1475
1479
1478
1483
1479
1472
1474
1468
1468
1470
1467
1461
1479
1472
1463
1454
1459
1460
1458
1454
1450
1457
1458
1457
1455
1456
1454
1448
1450
1448
1445
1450
1460
1450
1449
1447
1445
1447
1444
1433
1419
1432
1427
1430
1420
1415
1418
1416
1417
1424
1423
1435
1429
1427
1420
1420
1416
1411
1400
1400
1409
1375
1377
1375
1355
1352
1370
1355
1375
1358
1347
1365
1373
1361
1370
1351
1347
1348
1340
1336
1336
1334
1330
1333
1320
1286
1290
1324
1258
1250
1245
1247
1253
1241
1230
1225
1234
1193
1201
1195
1200
1194
1198
1197
1221
1220
1314
1319
1300
1271
1289
1285
1302
1305
1323
1350
1334
1327
1336
1335
1327
1328
1330
1334
1335
1337
1325
1331
1341
1341
1340
1345
1343
1343
1369
1379
1379
1368
1364
1358
1370
1358
1370
1367
1398
1353
1345
1341
1339
1340
1340
1338
1340
1341
1325
1340
1340
1336
1339
1345
1347
1347
1344
1353
1345
1342
1349
1346
1347
1347
1345
1339
1350
1338
1342
1341
1340
1345
1347
1342
1340
1341
1345
1347
1343
1342
1343
1341
1342
1343
1350
1348
1348
1350
1350
1350
1348
1348
1348
1349
1357
1351
1349
1344
1348
1350
1348
1348
1350
1345
1342
1346
1349
1349
1350
1350
1350
1355
1372
1370
1350
1347
1350
1348
1348
1350
1350
1336
1339
1340
1338
1340
1339
1340
1339
1342
1345
1345
1345
1333
1333
1344
1344
1345
1340
1349
1339
1338
1339
1340
1340
1340
1338
1330
1341
1340
1338
1339
1337
1338
1340
1338
1335
1335
1340
1339
1335
1339
1333
1332
1338
1336
1329
1340
1340
1352
1351
1353
1344
1360
1347
1364
1345
1362
1361
1342
1344
1345
1346
1345
1348
1350
1363
1349
1350
1349
1355
1357
1368
1366
1366
1350
1360
1366
1360
1360
1366
1369
1375
1368
1368
1368
1369
1374
1372
1370
1372
1360
1360
1358
1369
1355
1364
1371
1370
1367
1366
1370
1380
1382
1382
1403
1397
1401
1391
1392
1370
1360
1362
1347
1352
1355
1352
1355
1351
1355
1355
1354
1350
1359
1351
1358
1360
1359
1354
1354
1356
1356
1356
1354
1356
1359
1341
1350
1360
1360
1358
1345
1348
1348
1345
1350
1350
1350
1356
1360
1360
1353
1352
1354
1355
1355
1354
1350
1385
1371
1372
1372
1369
1372
1372
1372
1345
1350
1350
1350
1348
1345
1350
1349
1350
1349
1346
1348
1349
1348
1348
1347
1340
1340
1340
1340
1331
1330
1330
1330
1325
1329
1346
1355
1330
1360
1341
1350
1337
1346
1350
1344
1350
1340
1348
1348
1344
1336
1341
1325
1338
1338
1341
1341
1339
1336
1339
1340
1336
1331
1335
1326
1330
1333
1330
1334
1329
1333
1334
1333
1328
1329
1329
1335
1330
1330
1339
1334
1338
1334
1341
1335
1337
1333
1327
1328
1328
1328
1325
1323
1324
1325
1322
1321
1310
1324
1325
1323
1324
1322
1320
1322
1327
1319
1301
1309
1313
1311
1302
1309
1308
1309
1298
1290
1300
1295
1300
1306
1299
1297
1301
1306
1311
1305
1309
1309
1310
1309
1309
1306
1309
1310
1313
1310
1315
1316
1321
1334
1335
1334
1339
1337
1346
1337
1342
1333
1330
1333
1334
1329
1325
1313
1322
1328
1333
1331
1329
1325
1319
1320
1324
1334
1324
1325
1323
1333
1324
1328
1322
1328
1327
1319
1315
1315
1315
1312
1318
1312
1314
1316
1316
1318
1314
1314
1318
1301
1313
1323
1326
1320
1321
1317
1314
1313
1306
1312
1315
1320
1320
1315
1314
1310
1317
1316
1314
1311
1317
1318
1314
1313
1315
1310
1307
1307
1313
1312
1308
1319
1314
1310
1306
1306
1308
1305
1306
1310
1309
1314
1313
1310
1317
1309
1310
1309
1308
1312
1319
1312
1314
1313
1305
1305
1319
1317
1315
1316
1314
1314
1301
1311
1308
1305
1308
1313
1314
1312
1310
1304
1310
1307
1306
1310
1317
1310
1315
1319
1330
1325
1326
1323
1325
1322
1327
1312
1313
1309
1313
1317
1311
1311
1320
1322
1306
1314
1312
1312
1312
1313
1309
1310
1318
1316
1323
1318
1317
1313
1314
1313
1313
1320
1315
1315
1313
1317
1322
1319
1310
1309
1309
1319
1336
1336
1326
1319
1323
1316
1320
1316
1314
1296
1303
1300
1302
1299
1300
1298
1299
1303
1308
1303
1306
1305
1302
1306
1305
1307
1307
1305
1301
1302
1300
1287
1285
1286
1287
1291
1290
1286
1284
1287
1286
1287
1286
1296
1295
1303
1292
1290
1285
1286
1290
1295
1297
1293
1301
1297
1299
1302
1308
1310
1303
1310
1308
1308
1322
1315
1315
1315
1314
1313
1311
1313
1313
1315
1329
1308
1310
1312
1306
1307
1309
1311
1312
1310
1312
1311
1312
1308
1307
1308
1306
1303
1303
1307
1311
1297
1300
1298
1298
1300
1300
1300
1305
1310
1311
1299
1299
1301
1301
1300
1300
1300
1296
1296
1311
1284
1279
1278
1276
1275
1271
1269
1262
1286
1272
1276
1277
1274
1275
1279
1278
1273
1280
1283
1297
1303
1302
1300
1303
1307
1304
1298
1300
1303
1288
1282
1288
1287
1287
1284
1289
1290
1290
1292
1282
1284
1280
1275
1277
1280
1276
1281
1281
1297
1293
1290
1289
1289
1287
1288
1287
1291
1288
1298
1283
1280
1279
1284
1284
1281
1280
1277
1278
1297
1278
1278
1277
1280
1276
1281
1278
1280
1278
1295
1276
1270
1275
1276
1279
1278
1270
1272
1272
1282
1246
1247
1247
1249
1247
1250
1254
1257
1256
1280
1259
1256
1258
1259
1263
1266
1260
1267
1277
1285
1280
1278
1278
1278
1279
1276
1275
1270
1279
1260
1258
1255
1253
1249
1250
1251
1251
1264
1265
1254
1251
1256
1252
1251
1251
1249
1253
1252
1265
1237
1240
1245
1240
1249
1249
1248
1250
1252
1275
1255
1255
1258
1259
1255
1252
1252
1253
1260
1252
1253
1254
1257
1256
1253
1246
1245
1250
1249
1256
1251
1253
1252
1255
1257
1254
1269
1253
1252
1256
1252
1250
1249
1247
1243
1256
1260
1244
1243
1237
1238
1242
1247
1243
1245
1242
1245
1244
1240
1242
1240
1239
1240
1240
1242
1238
1244
1247
1250
1252
1248
1254
1247
1246
1248
1248
1243
1243
1241
1241
1244
1244
1245
1245
1246
1248
1247
1248
1250
1248
1248
1245
1246
1180
1243
1243
1247
1247
1245
1245
1247
1245
1248
1242
1243
1243
1241
1241
1241
1240
1239
1235
1234
1222
1222
1221
1224
1223
1222
1224
1228
1245
1211
1200
1199
1205
1199
1200
1200
1193
1195
1200
1194
1197
1197
1198
1200
1202
1207
1207
1189
1193
1200
1200
1198
1200
1195
1197
1196
1210
1193
1200
1208
1204
1213
1212
1218
1216
1216
1230
1233
1232
1235
1232
1234
1234
1234
1240
1254
1256
1256
1260
1267
1265
1267
1266
1273
1272
1262
1268
1259
1266
1265
1268
1271
1277
1282
1291
1291
1290
1293
1307
1311
1311
1308
1314
1303
1312
1317
1317
1320
1326
1325
1327
1328
1334
1330
1327
1327
1327
1322
1325
1322
1322
1326
1328
1320
1315
1319
1320
1326
1320
1322
1324
1327
1325
1320
1325
1326
1324
1324
1331
1332
1331
1338
1349
1340
1344
1343
1348
1341
1348
1343
1343
1335
1339
1323
1325
1326
1326
1321
1325
1325
1335
1334
1336
1337
1335
1343
1338
1345
1338
1331
1327
1327
1323
1326
1329
1327
1322
1327
1325
1322
1324
1329
1326
1324
1329
1329
1328
1338
1339
1332
1332
1329
1337
1333
1330
1325
1369
1327
1327
1328
1328
1327
1328
1325
1324
1327
1336
1332
1327
1325
1322
1324
1324
1322
1323
1333
1333
1328
1325
1325
1327
1326
1330
1326
1329
1330
1323
1321
1322
1320
1320
1321
1320
1320
1324
1311
1310
1305
1298
1298
1300
1300
1296
1298
1320
1303
1309
1313
1308
1315
1311
1314
1314
1313
1320
1317
1321
1319
1319
1320
1315
1312
1316
1320
1325
1316
1314
1316
1315
1310
1313
1310
1310
1311
1309
1305
1299
1298
1300
1300
1299
1300
1304
1320
1300
1300
1300
1300
1300
1296
1298
1299
1300
1293
1294
1294
1298
1299
1296
1300
1296
1299
1298
1298
1296
1296
1295
1295
1297
1297
1310
1310
1295
1296
1295
1295
1294
1293
1295
1294
1302
1299
1299
1299
1291
1297
1291
1290
1291
1299
1303
1294
1293
1298
1298
1298
1300
1295
1294
1319
1314
1313
1315
1323
1395
1422
1420
1408
1388
1393
1440
1419
1415
1403
1402
1365
1369
1368
1364
1367
1376
1374
1373
1380
1379
1369
1370
1369
1369
1364
1364
1358
1360
1362
1359
1358
1357
1368
1364
1361
1367
1364
1360
1359
1360
1357
1358
1350
1359
1361
1357
1357
1352
1348
1350
1350
1353
1360
1361
1357
1357
1360
1359
1360
1360
1352
1360
1352
1351
1356
1355
1351
1355
1350
1358
1354
1353
1352
1350
1351
1354
1350
1358
1305
1357
1360
1359
1353
1356
1369
1359
1361
1356
1412
1445
1415
1419
1400
1399
1368
1389
1380
1382
1395
1390
1386
1392
1394
1397
1398
1399
1395
1391
1387
1386
1387
1389
1387
1386
1391
1393
1386
1380
1374
1375
1375
1375
1377
1375
1373
1370
1369
1370
1370
1369
1370
1370
1367
1370
1365
1366
1369
1369
1370
1368
1369
1374
1366
1310
1381
1381
1383
1377
1384
1378
1384
1385
1382
1383
1382
1376
1375
1383
1380
1377
1380
1372
1376
1375
1375
1376
1370
1365
1370
1369
1363
1367
1366
1363
1368
1367
1367
1367
1367
1368
1363
1358
1359
1360
1360
1356
1360
1355
1355
1354
1355
1358
1358
1358
1363
1370
1367
1370
1368
1364
1366
1361
1366
1370
1370
1369
1363
1365
1359
1360
1360
1361
1361
1363
1365
1361
1409
1361
1358
1368
1360
1363
1363
1360
1362
1360
1353
1352
1349
1348
1353
1353
1348
1353
1357
1367
1370
1363
1361
1360
1360
1361
1358
1361
1361
1383
1380
1391
1390
1391
1396
1467
1445
1465
1533
1544
1706
1618
1553
1548
1530
1564
1589
1590
1621
1570
1530
1560
1624
1635
1628
1598
1598
1650
1625
1648
1652
1630
1653
1657
1660
1673
1674
1699
1725
1718
1719
1716
1713
1705
1704
1698
1681
1720
1700
1686
1689
1680
1684
1686
1685
1691
1699
1676
1665
1664
1662
1661
1662
1669
1664
1684
1699
1708
1707
1702
1707
1702
1705
1706
1710
1726
1718
1729
1729
1727
1730
1728
1724
1736
1749
1774
1768
1767
1764
1763
1761
1761
1760
1760
1783
1784
1786
1787
1789
1803
1814
1817
1800
1809
1846
1839
1840
1838
1839
1836
1833
1839
1830
1851
1925
1914
1918
1925
1921
1926
1917
1928
1939
1951
2070
2096
2090
2090
2082
2084
2084
2100
2158
2180
2424
2409
2366
2364
2355
2345
2377
2420
2510
2552
2814
2879
2944
2932
2941
2959
3082
3393
3174
3371
3928
3974
3935
3978
4355
4310
4295
4299
4442
4798
5880
6050
5930
5848
6112
6117
6200
6204
6204
6500
4948
4628
4488
4368
3860
3722
3722
3722
3722
3350
2716
2648
2369
2551
2550
2500
2560
2588
2560
2438
2431
2415
2394
2395
2396
2526
2520
2565
2499
2500
2514
2490
2466
2489
2470
2503
2453
2413
2415
2400
2385
2312
2300
2340
2350
2333
2317
2314
2328
2305
2211
2233
2223
2211
2157
2158
2122
2087
2055
2066
2183
2268
2268
2268
2268
2268
2268
2268
2268
2488
2494
2494
2494
2494
2494
2494
2494
2494
2494
2600
2610
2398
2438
2450
2488
2422
2408
2417
2415
2500
2220
2220
2252
2233
2220
2215
2229
2168
2141
2134
2241
2158
2180
2146
2128
2150
2114
2083
2067
2100
2124
2101
2117
2114
2120
2124
2116
2128
2138
2235
2179
2130
2143
2140
2140
2152
2146
2145
2138
2167
2152
2493
2399
2444
2464
2495
2490
2441
2484
2555
2649
2625
2530
2446
2427
2416
2398
2402
2423
2490
2420
2468
2497
2536
2478
2460
2460
2440
2460
2467
2512
2590
2654
2827
2880
3329
3313
3344
3443
3770
4435
4272
3897
3878
3969
3796
3595
3421
3321
3366
3605
3389
3469
3475
3396
3400
3340
3400
3511
3589
3403
3392
3491
3408
3416
3428
3404
3415
3431
3479
3338
3335
3322
3306
3311
3313
3268
3293
3280
3330
3158
3088
3105
3147
3090
3113
3111
3090
3079
3100
3744
3655
3660
3696
3766
3947
3869
4008
3964
4067
3879
3903
3925
3859
3912
3901
3834
3838
3960
4000
3943
4098
4083
4140
4036
4090
4134
4075
4051
4185
4114
4108
4076
4084
4093
4078
4112
4106
4095
4147
3995
4014
4008
3986
3937
3967
3938
3982
4008
3947
3948
3941
3947
3948
3955
3919
3922
3900
3922
3973
3922
3939
3909
3890
3870
3834
3863
3850
3881
3895
3913
3912
3912
3904
3912
3913
3917
3950
3904
3922
3912
3909
3894
3900
3874
3876
3900
3853
3864
3840
3810
3826
3810
3765
3765
3785
3786
3789
3725
3674
3630
3640
3733
3707
3683
3635
3670
3729
3579
3477
3451
3477
3545
3572
3545
3506
3514
3527
3487
3473
3479
3480
3467
3475
3493
3467
3460
3509
3692
3677
3704
3693
3673
3687
3677
3651
3655
3709
3637
3617
3619
3620
3626
3615
3608
3606
3619
3668
3589
3572
3580
3571
3517
3505
3525
3550
3571
3565
3532
3532
3548
3539
3519
3526
3510
3525
3512
3500
3520
3508
3520
3528
3538
3542
3523
3535
3520
3530
3599
3573
3569
3550
3557
3575
3573
3560
3559
3580
3548
3529
3521
3529
3528
3545
3529
3527
3528
3548
3559
3530
3508
3491
3491
3500
3491
3508
3552
3542
3518
3524
3511
3520
3526
3520
3515
3511
3528
3528
3514
3511
3515
3523
3521
3535
3541
3565
3550
3580
3591
3580
3584
3598
3597
3590
3566
3565
3568
3570
3593
3598
3590
3591
3585
3581
3587
3589
3597
3630
3639
3626
3624
3617
3615
3619
3615
3613
3626
3640
3631
3604
3595
3600
3595
3602
3577
3599
3617
3637
3585
3582
3590
3588
3576
3593
3591
3575
3560
3580
3591
3609
3610
3614
3630
3628
3610
3601
3620
3544
3575
3564
3560
3552
3565
3558
3558
3555
3578
3586
3588
3566
3578
3594
3584
3587
3593
3620
3620
3617
3615
3613
3616
3613
3616
3616
3615
3618
3620
3659
3620
3600
3610
3605
3612
3605
3604
3601
3622
3638
3609
3600
3610
3611
3620
3615
3607
3600
3600
3600
3589
3592
3591
3593
3582
3582
3580
3582
3590
3588
3590
3593
3594
3592
3595
3604
3609
3596
3623
3594
3606
3602
3599
3596
3613
3602
3586
3602
3604
3607
3610
3608
3612
3610
3610
3611
3624
3629
3621
3631
3627
3622
3620
3623
3624
3625
3627
3630
3620
3645
3626
3632
3626
3625
3617
3628
3633
3645
3650
3647
3645
3658
3655
3634
3622
3639
3635
3649
3637
3623
3645
3640
3639
3635
3639
3640
3666
3653
3652
3650
3643
3638
3638
3665
3700
3690
3696
3690
3685
3698
3685
3701
3700
3704
3722
3706
3694
3692
3685
3686
3698
3699
3695
3690
3694
3692
3692
3694
3700
3689
3693
3671
3693
3700
3694
3686
3692
3694
3695
3693
3698
3680
3673
3631
3609
3605
3656
3729
3692
3686
3665
3670
3683
3689
3692
3689
3687
3686
3684
3683
3690
3700
3700
3691
3690
3691
3690
3686
3686
3686
3689
3691
3695
3690
3693
3693
3692
3692
3689
3690
3690
3684
3665
3541
3349
3449
3446
3431
3438
3428
3437
3455
3500
3371
3357
3372
3355
3350
3345
3358
3351
3343
3369
3278
3200
3188
3171
3096
3099
3070
3042
3027
2980
2898
2849
2815
2810
2847
2827
2845
2840
2848
2850
2988
3007
3047
3063
2991
3000
2987
2986
2945
2985
2970
2964
2939
2949
2928
2889
2889
2891
2875
2915
2898
2900
2898
2896
2899
2896
2899
2887
2888
2904
2890
2883
2886
2878
2864
2849
2837
2840
2830
2836
2831
2817
2820
2824
2859
2852
2848
2858
2846
2824
2835
2822
2818
2820
2829
2828
2826
2812
2814
2839
2816
2812
2801
2805
2801
2802
2800
2816
2805
2805
2797
2824
2811
2802
2800
2800
2797
2799
2800
2810
2812
2810
2807
2796
2799
2800
2795
2799
2800
2795
2795
2799
2798
2796
2798
2794
2800
2792
2798
2795
2791
2782
2781
2784
2784
2781
2781
2782
2780
2719
2725
2710
2692
2702
2701
2713
2709
2701
2702
2762
2774
2778
2776
2780
2780
2770
2767
2765
2782
2786
2776
2769
2773
2769
2778
2785
2790
2790
2810
2798
2798
2799
2800
2800
2789
2783
2783
2764
2793
2800
2797
2791
2794
2792
2791
2788
2781
2771
2758
2790
2776
2781
2780
2775
2779
2767
2768
2766
2797
2775
2767
2766
2764
2766
2763
2760
2767
2765
2799
2781
2784
2776
2780
2774
2779
2775
2778
2771
2771
2779
2774
2775
2773
2753
2756
2745
2748
2747
2767
2726
2717
2720
2715
2716
2723
2714
2715
2727
2715
2716
2708
2710
2716
2705
2701
2703
2711
2705
2718
2717
2720
2720
2726
2727
2730
2716
2727
2731
2709
2705
2717
2706
2708
2713
2704
2709
2705
2715
2687
2665
2661
2660
2666
2657
2654
2646
2646
2676
2639
2618
2581
2589
2591
2605
2590
2586
2582
2590
2527
2521
2524
2523
2529
2528
2536
2517
2511
2508
2502
2412
2405
2415
2382
2389
2402
2418
2400
2401
2434
2420
2413
2403
2407
2405
2399
2385
2399
2435
2441
2492
2586
2640
2685
2629
2615
2566
2581
2616
2631
2655
2661
2679
2640
2615
2623
2588
2604
2655
2628
2610
2606
2609
2607
2596
2598
2581
2626
2629
2600
2578
2588
2582
2591
2590
2586
2589
2571
2594
2573
2563
2561
2570
2554
2559
2568
2557
2560
2586
2588
2595
2583
2595
2619
2605
2607
2607
2604
2595
2585
2595
2604
2608
2605
2612
2618
2655
2654
2647
2682
2667
2653
2697
2687
2649
2655
2655
2680
2735
2725
2719
2711
2711
2717
2725
2715
2713
2704
2699
2706
2693
2696
2680
2660
2678
2684
2696
2711
2705
2705
2710
2716
2706
2699
2690
2686
2709
2708
2716
2719
2714
2707
2714
2728
2746
2770
2797
2811
2826
2819
2817
2822
2824
2830
2829
2850
2908
2962
3042
2966
2998
3012
2939
2953
2995
3038
3037
3021
3013
3000
3008
3001
2959
2969
2983
3037
2989
3016
3064
3056
3023
3049
3044
3046
3064
3088
3128
3120
3136
3144
3194
3196
3249
3251
3317
3380
3700
3549
3601
3531
3428
3430
3467
3568
3558
3610
3490
3387
3372
3422
3403
3397
3434
3452
3500
3459
3419
3418
3414
3410
3394
3386
3408
3436
3450
3511
3394
3339
3322
3329
3355
3350
3398
3385
3344
3301
3172
3128
3105
3149
3110
3137
3160
3147
3135
3150
3082
3070
3078
3061
3064
3075
3073
3077
3100
3129
3235
3216
3261
3337
3302
3291
3327
3320
3340
3325
3275
3282
3269
3309
3308
3297
3278
3303
3300
3334
3245
3211
3221
3213
3213
3245
3286
3279
3240
3258
3265
3313
3356
3378
3346
3378
3341
3330
3340
3378
3353
3350
3355
3321
3330
3322
3325
3335
3360
3349
3343
3352
3358
3376
3376
3362
3357
3370
3380
3414
3411
3402
3414
3413
3401
3395
3382
3380
3380
3380
3400
3403
3395
3387
3376
3376
3375
3372
3370
3379
3382
3383
3384
3380
3378
3367
3363
3370
3370
3261
3290
3320
3322
3295
3286
3284
3281
3285
3290
3268
3273
3265
3254
3245
3245
3242
3240
3238
3244
3172
3176
3174
3167
3202
3231
3244
3285
3250
3280
3274
3228
3261
3255
3239
3237
3240
3236
3200
3200
3186
3212
3233
3217
3222
3215
3217
3202
3188
3191
3202
3196
3200
3187
3200
3182
3181
3187
3176
3133
3192
3215
3303
3272
3278
3279
3288
3281
3277
3280
3310
3317
3316
3312
3306
3300
3293
3287
3280
3260
3306
3305
3297
3298
3306
3314
3305
3309
3311
3330
3323
3340
3352
3346
3340
3334
3328
3313
3320
3325
3297
3297
3284
3260
3268
3260
3257
3258
3347
3338
3262
3251
3237
3229
3211
3232
3222
3219
3220
3220
3250
3255
3255
3275
3260
3252
3248
3222
3225
3240
3284
3306
3288
3282
3297
3291
3300
3296
3297
3340
3361
3359
3377
3407
3458
3408
3418
3423
3437
3459
3459
3454
3423
3413
3448
3418
3405
3422
3422
3460
3459
3448
3421
3410
3391
3389
3412
3411
3400
3336
3340
3336
3364
3396
3394
3351
3367
3359
3365
3319
3314
3318
3319
3315
3325
3318
3288
3299
3295
3283
3299
3296
3288
3288
3288
3285
3286
3235
3246
3270
3288
3327
3334
3334
3311
3329
3316
3344
3326
3318
3315
3316
3318
3313
3304
3285
3281
3320
3378
3357
3349
3345
3346
3354
3348
3356
3356
3370
3353
3363
3357
3356
3355
3353
3351
3351
3358
3379
3359
3344
3346
3333
3336
3347
3341
3336
3340
3365
3378
3379
3385
3381
3380
3379
3367
3362
3375
3400
3399
3408
3398
3382
3389
3388
3395
3390
3374
3401
3413
3403
3400
3397
3390
3400
3398
3407
3395
3397
3396
3380
3380
3360
3358
3379
3387
3401
3382
3395
3397
3397
3397
3400
3408
3522
3517
3550
3569
3611
3596
3607
3626
3593
3513
3527
3518
3519
3574
3572
3564
3560
3547
3547
3548
3550
3594
3612
3600
3568
3564
3538
3551
3559
3560
3557
3555
3565
3498
3530
3506
3517
3514
3570
3576
3590
3615
3647
3705
3747
3687
3695
3716
3736
3761
3799
3781
3827
3863
3874
3831
3662
3700
3823
3811
3801
3820
3845
3831
3825
3824
3835
3828
3838
3834
3838
3849
3850
3886
3973
3992
3996
3967
3990
3956
3983
3930
3930
3890
3935
3966
3975
3985
3963
3963
3997
3990
4023
4029
4128
4109
4111
4117
4117
4056
4058
4066
4098
4007
4030
3988
4007
3997
3995
3989
4002
3950
3990
4062
4120
4086
4094
4112
4098
4111
4113
4111
4130
4091
4086
4048
4044
4078
4078
4082
4082
4090
4093
4030
4074
4089
4096
4094
4090
4058
4092
4095
4095
4084
4104
4121
4122
4106
4086
4066
4036
4055
4022
4119
4135
4099
4125
4120
4116
4122
4125
4128
4150
4248
4245
4243
4231
4242
4234
4207
4180
4224
4240
4250
4241
4237
4241
4248
4218
4207
4187
4215
4230
4073
3994
4067
4012
3992
4001
4021
3999
4015
4098
3929
3812
3670
3730
3755
3848
3905
3816
3820
3823
3944
3912
3934
4032
4002
4010
3999
3975
3980
3980
3992
3949
3963
3947
3857
3850
3894
3874
3855
3900
3950
3944
3933
3905
3885
3901
3888
3893
3892
3933
3919
3892
3910
3903
3887
3899
3873
3827
3800
3824
3790
3777
3800
3706
3730
3702
3714
3725
3712
3723
3662
3601
3565
3550
3599
3600
3550
3512
3500
3550
3613
3570
3645
3642
3685
3747
3734
3724
3732
3780
3743
3716
3725
3710
3709
3707
3715
3704
3716
3719
3726
3725
3702
3660
3640
3661
3648
3659
3655
3650
3585
3524
3480
3527
3515
3498
3520
3520
3491
3575
3560
3517
3505
3545
3551
3568
3562
3537
3554
3554
3503
3500
3500
3516
3509
3501
3501
3444
3408
3425
3489
3515
3521
3545
3557
3588
3602
3593
3586
3566
3661
3716
3695
3696
3643
3656
3671
3649
3669
3705
3807
3780
3755
3752
3716
3730
3757
3654
3673
3705
3668
3603
3574
3521
3575
3551
3547
3518
3511
3575
3519
3559
3539
3556
3568
3572
3526
3551
3580
3612
3589
3590
3595
3585
3574
3501
3513
3483
3480
3528
3485
3512
3491
3498
3495
3505
3485
3459
3479
3496
3438
3350
3354
3376
3369
3368
3345
3334
3311
3398
3313
3206
3227
3232
3204
3172
3115
3094
3103
3090
3350
3360
3309
3320
3338
3392
3380
3384
3381
3400
3419
3414
3374
3423
3417
3421
3398
3354
3352
3449
3486
3492
3482
3480
3481
3475
3480
3431
3475
3519
3449
3442
3424
3435
3424
3419
3424
3411
3373
3400
3303
3330
3298
3356
3354
3390
3394
3393
3376
3432
3445
3459
3450
3421
3422
3419
3416
3422
3410
3484
3456
3463
3474
3468
3499
3507
3492
3477
3479
3513
3477
3427
3441
3448
3439
3419
3408
3414
3414
3467
3440
3438
3457
3441
3442
3448
3423
3425
3410
3415
3396
3394
3390
3374
3383
3363
3364
3367
3360
3344
3336
3331
3338
3341
3352
3334
3334
3333
3339
3335
3363
3355
3354
3351
3354
3345
3361
3356
3383
3374
3355
3360
3365
3352
3350
3407
3416
3419
3417
3422
3418
3425
3412
3403
3412
3389
3431
3470
3463
3450
3468
3459
3424
3450
3475
3455
3460
3440
3429
3433
3438
3430
3429
3440
3354
3342
3366
3369
3367
3341
3349
3350
3353
3359
3359
3373
3359
3358
3357
3351
3351
3341
3349
3349
3290
3321
3312
3335
3327
3332
3362
3380
3397
3400
3412
3491
3476
3529
3524
3526
3539
3550
3580
3560
3694
3684
3689
3681
3630
3636
3635
3585
3542
3635
3624
3628
3599
3465
3417
3378
3355
3403
3381
3402
3545
3445
3458
3475
3459
3437
3462
3463
3460
3460
3380
3387
3366
3381
3318
3322
3305
3308
3322
3319
3270
3363
3334
3325
3340
3326
3337
3331
3355
3408
3427
3390
3411
3420
3410
3380
3420
3399
3400
3324
3335
3260
3288
3244
3226
3274
3250
3266
3266
3270
3187
3114
3107
2967
3005
3053
3067
3094
3072
3135
3090
3058
3078
3087
3088
3065
3086
3060
3086
3184
3110
3119
3144
3166
3170
3174
3173
3194
3199
3123
3168
3215
3218
3217
3198
3209
3223
3211
3229
3245
3200
3210
3217
3222
3230
3226
3225
3230
3266
3285
3249
3223
3214
3220
3229
3223
3224
3223
3228
3226
3223
3233
3223
3225
3225
3229
3227
3225
3229
3221
3227
3222
3213
3211
3208
3205
3208
3212
3210
3141
3142
3134
3138
3141
3147
3143
3142
3132
3131
3158
3162
3167
3169
3153
3149
3145
3155
3154
3195
3169
3174
3140
3147
3137
3122
3137
3145
3159
3138
3155
3165
3173
3180
3191
3183
3177
3190
3210
3196
3229
3200
3229
3212
3212
3184
3195
3204
3211
3211
3205
3200
3212
3212
3210
3203
3205
3212
3215
3220
3176
3162
3135
3153
3190
3183
3187
3200
3163
3145
3121
3062
3073
3065
3078
3094
3103
3108
3106
3119
3099
3137
3137
3122
3127
3127
3122
3145
3138
3180
3205
3161
3137
3142
3153
3144
3137
3141
3147
3135
3094
3063
3075
3071
3071
3075
3053
3060
3053
3070
3067
3063
3062
3043
3077
2988
2990
2992
3020
2954
2883
2848
2753
2722
2737
2696
2516
2579
2579
2281
2453
2459
2564
2615
2733
2734
2820
2787
2547
2312
2312
2370
2312
2312
1910
1859
1843
1915
1952
2677
2401
2340
2150
2179
2215
2251
2263
2229
2150
1850
2213
2323
2466
2525
2651
2693
2500
2560
2645
2730
2665
2676
2630
2694
2639
2651
2651
2677
2683
2670
2655
2687
2692
2710
2716
2705
2729
2726
2733
2737
2712
2722
2710
2800
2723
2794
2794
2742
2757
2765
2776
2765
2790
2820
2850
2833
2727
2557
2619
2652
2670
2603
2601
2600
2630
2626
2628
2635
2630
2618
2608
2573
2555
2555
2753
2692
2750
2657
2700
2700
2701
2699
2699
2724
2710
2680
2670
2670
2620
2601
2615
2605
2607
2610
2748
2650
2650
2615
2629
2643
2626
2649
2650
2660
2567
2575
2577
2575
2574
2570
2605
2603
2600
2610
2612
2595
2613
2611
2614
2614
2622
2618
2621
2640
2592
2567
2587
2570
2591
2548
2542
2545
2556
2547
2502
2507
2498
2502
2505
2499
2507
2497
2492
2500
2464
2466
2454
2445
2450
2463
2470
2419
2403
2449
2343
2307
2309
2269
2350
2263
2274
2287
2311
2310
2301
2334
2377
2369
2351
2338
2340
2322
2334
2348
2344
2319
2320
2316
2405
2385
2381
2351
2350
2351
2380
2357
2342
2300
2288
2288
2290
2295
2292
2250
2219
2212
2221
2215
2226
2228
2215
2220
2210
2210
2219
2232
2254
2250
2250
2297
2260
2290
2271
2271
2314
2376
2388
2374
2369
2372
2392
2382
2370
2380
2419
2435
2424
2414
2363
2330
2332
2351
2368
2351
2400
2406
2394
2370
2372
2376
2369
2379
2381
2390
2366
2332
2326
2361
2335
2341
2325
2325
2315
2348
2374
2412
2457
2471
2451
2414
2410
2405
2390
2400
2410
2415
2414
2372
2360
2370
2392
2390
2380
2417
2403
2405
2396
2401
2406
2400
2450
2469
2480
2480
2520
2503
2581
2565
2599
2554
2551
2549
2525
2523
2515
2480
2520
2494
2510
2521
2521
2561
2528
2550
2558
2569
2564
2546
2536
2534
2545
2519
2512
2512
2530
2610
2600
2586
2588
2574
2555
2555
2569
2569
2603
2604
2608
2632
2601
2617
2611
2598
2590
2605
2577
2581
2574
2562
2574
2568
2563
2551
2560
2575
2556
2499
2471
2478
2468
2482
2490
2474
2489
2500
2438
2434
2395
2436
2425
2418
2415
2400
2379
2380
2349
2361
2326
2343
2321
2326
2358
2348
2350
2350
2373
2365
2375
2373
2378
2377
2365
2356
2358
2360
2385
2372
2370
2368
2365
2367
2359
2362
2357
2370
2419
2395
2401
2405
2395
2407
2393
2380
2384
2399
2375
2365
2373
2361
2360
2359
2362
2360
2365
2387
2353
2340
2337
2338
2342
2341
2335
2336
2315
2316
2319
2305
2319
2322
2321
2310
2311
2312
2323
2302
2303
2331
2309
2293
2299
2295
2299
2296
2296
2266
2261
2263
2262
2261
2261
2247
2285
2275
2305
2413
2384
2383
2401
2373
2375
2356
2367
2336
2364
2366
2373
2369
2369
2367
2361
2346
2338
2330
2340
2347
2331
2338
2341
2323
2324
2326
2322
2321
2345
2326
2316
2299
2293
2300
2317
2294
2307
2300
2300
2306
2324
2323
2318
2302
2326
2318
2310
2309
2334
2336
2330
2306
2309
2309
2326
2316
2314
2310
2299
2315
2316
2320
2305
2307
2304
2306
2310
2308
2270
2282
2291
2283
2285
2285
2285
2288
2287
2286
2286
2283
2284
2281
2283
2280
2273
2278
2280
2279
2274
2278
2276
2275
2280
2282
2280
2282
2283
2279
2295
2273
2323
2333
2306
2290
2302
2311
2312
2314
2312
2300
2297
2287
2292
2286
2296
2295
2290
2299
2302
2306
2314
2308
2310
2329
2340
2360
2344
2334
2350
2373
2381
2360
2359
2358
2356
2344
2343
2345
2356
2376
2406
2407
2389
2433
2425
2398
2405
2405
2427
2425
2398
2382
2367
2381
2382
2400
2397
2381
2395
2446
2442
2422
2343
2317
2305
2317
2329
2310
2356
2280
2283
