close
4.45
4.57
4.45
4.449
4.445
4.42
4.449
4.45
4.45
4.451
4.432
4.633
4.6
4.55
4.6
4.6
4.7
4.602
4.601
4.689
4.658
4.657
4.655
4.73
4.72
4.735
4.66
4.729
4.728
4.795
4.35
4.444
4.303
4.579
4.55
4.555
4.39
4.151
4.202
4.375
4.3
4.3
4.39
4.35
4.35
4.202
4.3
4.387
4.386
4.3
4.542
4.519
4.059
4.09
4.2
4.2
4.104
4.013
4.298
4.499
4.2
4.2
4.246
4.5
4.206
4.211
4.9
4.2
4.2
4.666
4.497
4.399
4.2
4.27
4.39
4.777
4.399
4.393
4.153
4.16
4.33
4.6
4.2
4.3
4.349
4.349
4.27
4.6
4.101
4.1
4.395
4.002
4.269
4.392
4.476
4.137
4.47
4.484
4.1
4.101
4.101
4.45
4.1
4.406
4.489
4.484
4.5
4.491
4.378
4.5
4.3
4.499
4.499
4.3
4.6
4.3
4.3
4.104
4.151
4.151
4.151
4.589
4.3
4.299
4.444
4.3
4.2
4.2
4.2
4.3
4.499
4.15
4.15
4.15
4.149
4.1
4.1
4.2
4.027
4.2
4.269
4.25
4.248
4.248
4.1
4.1
4.1
4.1
4.032
4.05
4.28
4.08
3.95
4.1
4.0
4.0
4.0
4.0
4.0
4.02
3.9
3.9
3.9
3.99
3.99
3.81
3.98
4.0
3.65
3.8
3.8
3.65
3.77
3.77
3.67
3.78
4.06
4.07
3.79
3.8
3.8
3.95
3.95
3.92
3.85
3.75
3.96
3.92
3.93
4.08
4.09
3.9
4.1
4.06
4.01
4.29
3.95
4.18
4.3
3.98
4.19
4.19
4.01
3.97
4.32
4.2
4.0
3.8
4.04
3.64
3.6
3.62
3.58
3.51
3.54
3.82
3.85
3.88
3.64
3.97
3.99
3.92
3.85
3.9
3.73
3.91
3.9
3.88
3.9
3.69
3.8
3.89
3.99
4.04
4.17
4.2
3.97
4.0
4.01
4.25
4.43
4.06
4.38
4.12
4.29
4.59
4.1
4.05
4.2
4.09
4.04
4.05
4.34
4.37
4.1
4.44
4.3
4.3
4.07
4.3
4.11
4.48
4.4
4.67
4.75
4.75
4.45
4.44
4.3
4.4
4.4
4.2
4.15
4.35
4.25
4.2
4.0
4.2
4.45
4.1
4.03
4.1
4.69
3.9
4.01
4.19
4.25
4.25
4.06
4.14
4.08
4.11
4.08
4.15
4.18
4.11
4.0
4.0
3.89
3.94
4.04
4.03
4.02
3.99
4.0
4.06
4.08
3.9
3.99
3.99
4.01
4.14
4.35
4.22
4.29
4.25
4.2
4.25
4.27
4.2
4.1
4.1
4.25
3.9
4.08
3.99
4.18
4.14
4.01
4.11
4.01
4.0
3.92
3.91
3.9
4.06
3.91
3.83
3.98
3.98
3.77
3.8
3.63
3.87
3.9
3.83
3.96
3.8
3.85
3.82
3.89
3.9
3.9
3.85
3.91
3.85
3.85
3.85
3.95
3.7
3.85
3.83
3.77
3.8
3.75
3.82
3.75
3.79
3.79
3.84
3.84
3.78
3.77
4.03
4.11
4.14
3.9
3.93
4.0
4.0
4.0
4.0
4.0
3.95
3.99
3.99
3.98
3.93
3.95
3.98
3.8
3.8
3.93
3.8
3.88
3.83
3.88
3.95
3.94
3.91
3.93
3.92
3.93
3.93
4.0
3.99
3.95
3.95
3.95
3.75
3.95
3.95
3.96
4.0
4.0
4.0
3.95
3.77
3.85
3.85
3.9
3.8
3.89
3.95
3.94
3.95
3.9
3.87
3.88
3.87
3.94
3.9
3.93
3.85
3.85
3.83
3.93
3.81
3.8
3.88
3.81
3.86
3.88
3.88
3.81
3.82
3.87
3.85
3.82
3.81
3.83
3.84
3.81
3.82
3.89
3.85
3.9
3.85
3.83
3.8
3.85
3.9
3.9
3.94
3.88
3.87
3.93
3.94
3.94
3.9
4.1
3.91
3.92
3.94
4.0
4.1
3.88
3.83
3.96
3.95
3.99
4.0
4.0
3.95
3.95
3.95
3.99
4.0
4.04
4.0
4.04
4.06
4.01
4.01
3.95
4.0
4.14
4.12
4.0
3.9
3.93
3.93
4.05
3.96
3.99
4.01
4.12
4.13
4.43
4.2
4.3
4.21
4.2
4.2
4.2
4.16
4.28
4.16
4.2
4.18
4.3
4.2
4.1
4.2
4.2
4.5
4.11
4.21
4.28
4.2
4.21
4.2
4.2
4.27
4.2
4.29
4.2
4.25
4.25
4.25
4.2
4.14
4.14
4.19
4.2
4.2
4.25
4.25
4.13
4.18
4.11
4.24
4.24
4.11
4.11
4.04
4.11
4.1
3.95
4.0
4.07
4.13
4.17
4.15
4.1
4.34
4.14
4.24
4.25
4.28
4.35
4.21
4.2
4.28
4.06
4.06
4.07
4.18
4.29
4.05
4.07
4.25
4.05
4.1
4.34
4.29
4.12
4.12
4.0
4.18
4.1
4.22
4.22
4.23
4.25
4.12
4.13
4.18
4.18
4.29
4.33
4.26
4.3
4.3
4.34
4.42
4.5
4.49
4.49
4.4
4.43
4.4
4.52
4.54
4.54
4.5
4.43
4.49
4.5
4.5
4.5
4.4
4.38
4.46
4.43
4.43
4.47
4.48
4.45
4.38
4.46
4.38
4.41
4.38
4.32
4.32
4.3
4.35
4.35
4.45
4.45
4.45
4.4
4.45
4.45
4.44
4.45
4.45
4.48
4.46
4.46
4.5
4.49
4.44
4.45
4.46
4.49
4.5
4.54
4.5
4.4
4.53
4.59
4.59
4.57
4.57
4.4
4.48
4.41
4.23
4.48
4.5
4.5
4.48
4.4
4.32
4.48
4.5
4.5
4.5
4.49
4.5
4.5
4.49
4.5
4.5
4.5
4.5
4.5
4.5
4.5
4.48
4.48
4.5
4.5
4.48
4.49
4.5
4.5
4.59
4.59
4.59
4.66
4.7
4.63
4.63
4.63
4.63
4.65
4.6
4.68
4.68
4.64
4.56
4.67
4.58
4.6
4.67
4.57
4.59
4.58
4.59
4.59
4.58
4.58
4.64
4.65
4.65
4.6
4.67
4.63
4.63
4.65
4.65
4.68
4.65
4.68
4.69
4.69
4.69
4.7
4.66
4.26
4.12
4.27
4.26
4.28
4.13
4.19
4.23
4.14
4.13
4.1
4.16
4.15
4.15
4.16
4.13
4.18
4.18
4.16
4.16
4.16
4.1
4.05
4.18
4.19
4.18
4.13
4.13
4.13
4.13
4.13
4.1
4.11
4.15
4.16
4.12
4.12
4.16
4.26
4.25
4.25
4.25
4.24
4.23
4.24
4.17
4.12
4.18
4.19
4.24
4.16
4.24
4.22
4.2
4.25
4.2
4.21
4.2
4.22
4.25
4.2
4.22
4.25
4.28
4.29
4.27
4.28
4.26
4.27
4.27
4.28
4.29
4.21
4.3
4.21
4.28
4.26
4.27
4.26
4.25
4.29
4.29
4.29
4.29
4.3
4.29
4.28
4.29
4.28
4.28
4.28
4.29
4.28
4.29
4.28
4.28
4.27
4.26
4.27
4.27
4.27
4.29
4.3
4.29
4.28
4.28
4.29
4.29
4.29
4.35
4.26
4.29
4.29
4.29
4.25
4.25
4.23
4.26
4.2
4.25
4.24
4.24
4.25
4.26
4.25
4.28
4.3
4.2
4.23
4.25
4.2
4.24
4.24
4.2
4.2
4.21
4.18
4.22
4.22
4.22
4.25
4.27
4.27
4.26
4.25
4.18
4.18
4.19
4.2
4.23
4.25
4.28
4.27
4.28
4.34
4.23
4.22
4.28
4.28
4.18
4.37
4.33
4.33
4.34
4.27
4.27
4.13
4.21
4.24
4.2
4.17
4.23
4.22
4.19
4.19
4.19
4.21
4.21
4.2
4.19
4.19
4.18
4.19
4.23
4.18
4.18
4.2
4.16
4.18
4.15
4.15
4.15
4.16
4.14
4.14
4.23
4.16
4.15
4.15
4.15
4.15
4.15
4.18
4.16
4.15
4.15
4.17
4.15
4.15
4.19
4.19
4.25
4.19
4.19
4.15
4.13
4.19
4.16
4.16
4.16
4.16
4.2
4.2
4.2
4.2
4.19
4.23
4.2
4.24
4.17
4.14
4.19
4.2
4.24
4.15
4.14
4.23
4.21
4.15
4.15
4.18
4.2
4.2
4.22
4.2
4.2
4.2
4.18
4.24
4.25
4.25
4.28
4.27
4.21
4.21
4.25
4.16
4.28
4.21
4.2
4.31
4.3
4.3
4.29
4.23
4.21
4.29
4.28
4.3
4.22
4.3
4.22
4.29
4.18
4.17
4.19
4.16
4.17
4.14
4.19
4.21
4.14
4.19
4.21
4.22
4.22
4.22
4.22
4.22
4.22
4.23
4.13
4.2
4.22
4.22
4.23
4.23
4.22
4.22
4.17
4.23
4.23
4.25
4.23
4.15
4.22
4.23
4.23
4.23
4.2
4.1
4.2
4.2
4.25
4.24
4.3
4.33
4.34
4.27
4.32
4.32
4.33
4.32
4.28
4.33
4.36
4.39
4.4
4.35
4.36
4.35
4.35
4.25
4.27
4.16
4.15
4.15
4.44
4.22
4.1
3.8
4.23
4.22
4.02
4.18
4.15
4.1
4.16
4.21
4.1
4.1
4.1
4.1
4.16
4.17
4.06
4.16
4.1
4.08
4.04
3.98
3.94
3.8
3.83
3.91
3.84
3.83
3.84
3.9
3.9
3.9
3.9
3.91
3.89
3.8
3.77
3.77
3.72
3.77
3.8
3.85
3.85
3.71
3.85
3.85
3.88
3.85
4.08
3.71
4.0
3.85
3.9
3.81
3.94
3.93
3.71
3.9
3.86
3.88
3.85
3.75
3.84
3.77
3.76
3.98
3.98
3.93
3.93
3.94
3.94
3.8
3.95
3.9
3.81
3.84
3.8
3.93
3.95
3.71
3.71
3.89
3.75
3.74
3.7
3.85
3.84
3.84
3.84
3.84
3.7
3.83
3.71
3.83
3.82
3.7
3.73
3.78
3.7
3.73
3.75
3.77
3.67
3.76
3.76
3.77
3.78
3.78
3.8
3.72
3.8
3.82
3.82
3.72
3.8
3.8
3.84
3.84
3.78
3.83
3.79
3.88
3.87
3.93
3.8
3.77
3.78
3.87
3.89
3.89
3.89
3.88
3.89
3.89
3.89
3.89
3.89
3.91
3.89
3.64
3.68
3.73
3.7
3.72
3.73
3.7
3.7
3.7
3.66
3.72
3.74
3.7
3.68
3.75
3.75
3.74
3.68
3.68
3.69
3.7
3.69
3.69
3.68
3.7
3.7
3.7
3.7
3.68
3.7
3.69
3.72
3.68
3.74
3.72
3.68
3.69
3.68
3.68
3.69
3.7
3.7
3.68
3.67
3.78
3.68
3.7
3.73
3.7
3.7
3.67
3.99
3.81
3.81
3.8
3.79
3.75
3.74
3.73
3.86
3.74
3.75
3.73
3.83
3.73
3.75
3.75
3.74
3.71
3.72
3.72
3.72
3.72
3.72
3.72
3.72
3.78
3.73
3.7
3.7
3.69
3.68
3.69
3.68
3.68
3.66
3.66
3.67
3.69
3.66
3.67
3.67
3.74
3.74
3.74
3.74
3.74
3.73
3.75
3.68
3.69
3.67
3.73
3.74
3.74
3.74
3.74
3.74
3.79
3.7
3.7
3.76
3.77
3.78
3.79
3.79
3.79
3.8
3.84
3.8
3.81
3.82
3.8
3.83
3.79
3.8
3.88
3.8
3.85
3.87
3.87
3.88
3.97
3.88
3.87
3.86
3.8
3.82
3.88
3.87
3.91
3.91
3.88
3.95
3.85
3.97
3.99
3.96
3.96
3.9
3.94
3.92
4.0
3.99
4.0
3.94
3.91
3.85
3.85
3.9
3.83
3.87
3.85
3.9
3.91
3.83
3.9
3.95
3.95
3.95
3.95
3.95
3.93
4.0
4.06
3.93
4.08
3.96
3.94
3.98
4.04
4.03
4.05
3.89
3.9
3.9
3.9
3.9
3.88
3.9
3.91
3.91
3.91
3.94
3.87
3.88
3.89
3.9
3.89
3.85
3.91
3.9
3.8
3.75
3.8
3.77
3.76
3.79
3.8
3.82
3.83
3.85
3.85
3.87
3.87
3.89
3.9
3.9
4.05
3.95
3.9
3.9
3.66
3.87
3.88
3.97
3.9
3.9
3.92
3.89
3.9
3.83
3.85
3.82
3.82
3.71
3.8
3.72
3.85
3.86
3.85
3.85
3.78
3.78
3.86
3.83
3.78
3.86
3.8
3.81
3.8
3.85
3.89
3.8
3.9
4.0
3.92
3.95
4.05
3.96
4.29
3.98
4.1
4.05
4.07
4.09
4.0
4.0
4.0
3.96
4.0
3.98
3.91
4.08
4.0
4.0
3.95
3.92
4.02
4.0
4.0
4.0
3.96
4.0
3.98
3.99
3.99
4.0
3.98
3.98
4.02
4.02
4.0
4.01
4.02
3.93
4.0
4.0
4.0
4.0
4.0
4.01
3.95
4.05
4.0
3.98
4.03
4.03
4.0
4.0
4.0
4.0
4.0
4.05
4.07
4.1
4.05
4.0
3.8
3.98
4.02
3.95
4.05
4.05
3.98
3.9
4.0
3.9
3.98
4.0
3.94
3.95
4.0
3.9
4.0
3.93
3.92
3.97
3.97
3.91
3.9
3.95
3.95
3.87
3.87
3.87
3.88
3.94
3.95
3.93
3.87
3.9
3.87
3.9
3.91
3.88
3.96
3.96
3.96
3.97
3.82
3.83
3.81
3.78
3.88
3.86
3.88
3.9
3.85
3.9
3.89
3.89
3.81
3.91
3.9
4.0
3.99
3.92
3.99
4.0
4.07
4.06
3.95
4.0
4.04
4.03
4.0
4.0
4.03
4.0
4.0
3.87
4.02
4.02
4.0
4.0
3.99
3.95
3.93
4.0
4.0
4.01
4.03
4.03
4.03
4.01
3.99
3.99
4.01
4.01
3.97
4.04
4.03
4.03
3.98
4.03
4.03
4.0
4.01
4.09
4.04
4.08
4.06
4.06
4.02
4.01
4.0
4.02
4.02
4.02
4.0
4.05
4.01
4.05
4.04
4.01
4.05
4.07
4.07
4.06
4.09
4.08
4.05
4.07
4.1
4.16
4.19
4.24
4.27
4.2
4.17
4.17
4.2
4.18
4.2
4.26
4.27
4.2
4.27
4.27
4.27
4.27
4.19
4.18
4.19
4.21
4.24
4.22
4.21
4.2
4.2
4.24
4.21
3.92
3.94
3.94
3.92
4.0
3.96
4.01
4.01
3.97
4.0
4.0
3.99
3.99
3.98
3.99
3.99
3.98
4.01
3.99
4.01
4.0
4.0
4.0
3.95
4.0
3.96
3.96
4.01
4.01
4.01
3.97
3.97
3.98
3.99
3.99
3.99
3.99
3.99
4.04
4.02
4.02
4.0
4.0
4.01
3.91
3.99
3.96
3.97
3.97
3.97
3.98
3.99
4.0
4.0
4.01
4.01
4.02
4.0
3.98
4.0
4.0
3.98
4.0
3.97
3.97
4.01
4.0
4.0
3.93
3.9
3.93
3.94
3.93
3.95
3.98
3.87
3.85
3.82
3.8
3.83
3.87
3.82
3.84
3.85
3.91
3.86
3.85
3.8
3.87
3.85
3.83
3.82
3.87
3.86
3.84
3.84
3.89
3.86
3.82
3.87
3.8
3.81
3.82
3.85
3.93
3.96
3.97
3.98
3.95
3.95
3.95
3.98
3.98
4.0
4.0
4.0
3.96
3.86
3.87
3.9
3.85
3.86
3.89
3.92
3.86
3.83
3.83
3.83
3.85
3.85
3.85
3.85
3.85
3.85
3.85
3.85
3.84
3.87
3.82
3.8
3.82
3.8
3.8
3.84
3.82
3.79
3.83
3.79
3.83
3.83
3.79
3.78
3.8
3.8
3.9
3.82
3.84
3.83
3.86
3.83
3.89
3.8
3.92
3.93
3.93
3.93
3.95
3.93
3.94
3.96
3.95
4.0
4.07
4.01
4.01
4.01
4.0
4.01
4.04
4.03
4.08
4.08
4.06
4.04
4.1
4.03
4.17
4.17
3.96
3.97
3.92
3.95
4.0
4.0
4.08
4.05
4.03
4.0
4.0
3.92
3.94
3.98
3.98
4.0
4.0
4.0
4.0
4.0
3.86
3.87
3.87
3.86
3.99
4.0
4.0
4.0
4.0
4.0
3.94
4.0
3.94
3.99
4.0
4.0
4.02
4.0
4.0
4.05
4.07
4.1
4.09
4.08
3.98
4.0
3.92
3.95
3.95
3.99
3.94
3.95
3.95
3.95
4.03
4.03
4.02
4.0
3.96
3.98
3.99
4.03
4.07
4.02
4.0
3.96
4.02
4.04
3.98
4.01
3.98
4.02
4.01
3.9
4.0
4.0
4.01
3.93
4.0
3.98
4.03
4.03
4.03
4.04
4.1
4.1
4.12
4.14
3.99
4.11
4.08
4.07
4.05
4.06
4.1
4.12
4.14
4.11
4.11
4.11
4.0
4.11
4.05
4.1
4.1
4.06
4.11
4.11
4.11
4.11
4.11
4.02
4.11
4.13
4.11
4.11
4.07
4.11
4.11
4.11
4.13
4.16
4.17
4.17
4.18
4.18
4.17
4.11
4.37
4.36
4.07
4.12
4.08
4.19
4.05
4.05
4.05
4.04
4.05
4.02
4.03
4.05
4.05
4.04
4.04
4.04
4.04
4.04
4.01
4.02
4.02
4.05
4.05
4.06
4.07
4.01
4.05
4.0
4.05
4.01
4.03
4.02
4.0
4.0
4.0
4.0
4.01
3.99
3.99
4.04
4.0
3.99
4.08
4.08
4.06
4.03
4.05
4.05
4.02
4.06
4.01
3.99
4.04
4.04
4.04
3.99
3.97
4.02
4.01
4.0
4.0
4.08
4.04
4.0
4.04
4.11
4.04
4.04
4.0
3.96
3.99
4.01
4.01
4.01
4.02
4.02
4.01
4.02
4.02
4.02
4.04
4.04
4.05
4.05
3.97
4.04
4.02
4.09
4.05
4.06
4.0
4.05
4.35
4.62
4.37
4.36
4.68
4.4
4.5
4.37
4.35
4.45
4.53
4.5
4.51
4.5
4.54
4.45
4.5
4.5
4.4
4.46
4.45
4.45
4.49
4.48
4.46
4.49
4.4
4.45
4.41
4.41
4.41
4.44
4.45
4.46
4.44
4.45
4.45
4.5
4.52
4.5
4.47
4.47
4.5
4.5
4.43
4.44
4.46
4.46
4.44
4.48
4.49
4.48
4.49
4.5
4.49
4.49
4.46
4.49
4.5
4.5
4.49
4.49
4.45
4.49
4.45
4.47
4.47
4.48
4.48
4.49
4.5
4.5
4.53
4.62
4.62
4.64
4.65
4.52
4.65
4.69
4.48
4.66
4.67
4.7
4.72
4.6
4.68
4.68
4.68
4.6
4.61
4.61
4.51
4.57
4.5
4.52
4.57
4.57
4.57
4.6
4.6
4.57
4.53
4.54
4.54
4.52
4.61
4.55
4.52
4.52
4.53
4.58
4.54
4.53
4.5
4.53
4.6
4.53
4.57
4.57
4.57
4.57
4.6
4.6
4.63
4.68
4.69
4.7
4.73
4.7
4.8
4.75
4.7
4.82
4.8
4.81
4.59
4.7
4.65
4.67
4.63
4.73
4.8
4.72
4.81
4.81
4.83
4.84
4.8
4.8
4.8
4.88
4.87
4.82
4.88
4.88
4.88
4.88
4.88
4.93
4.92
4.93
4.93
4.94
4.92
4.93
4.94
4.94
4.95
4.98
4.91
4.91
4.98
4.99
4.99
5.14
5.08
5.1
5.0
5.06
5.01
5.07
5.08
5.07
4.97
5.0
5.0
5.03
5.04
5.04
5.06
5.06
5.07
5.08
5.06
5.02
5.03
5.05
5.04
5.03
5.03
5.11
5.22
5.21
5.22
5.2
5.21
5.23
5.22
5.23
5.19
5.17
5.22
5.23
5.23
5.22
5.23
5.22
5.21
5.22
5.18
5.18
5.19
5.2
5.19
5.19
5.19
5.18
5.19
5.29
5.26
5.26
5.23
5.28
5.26
5.26
5.26
5.25
5.26
5.26
5.16
5.25
5.24
5.24
5.5
5.51
5.51
5.4
5.51
5.35
5.37
5.38
5.39
5.36
5.37
5.39
5.44
5.42
5.51
5.6
5.6
5.64
5.57
5.56
5.65
5.61
5.61
5.72
5.53
5.5
5.64
5.65
5.7
5.68
5.72
5.62
5.1
5.0
4.97
5.03
5.02
5.02
5.08
5.1
5.03
5.05
5.02
5.02
5.04
4.91
4.93
4.93
4.94
4.85
4.83
4.82
4.83
4.84
4.83
4.82
4.86
4.75
4.75
4.78
4.78
4.77
4.72
4.71
4.76
4.73
4.73
4.79
4.78
4.78
4.81
4.73
4.79
4.74
4.74
4.74
4.75
4.73
4.73
4.78
4.75
4.78
4.78
4.72
4.72
4.75
4.75
4.72
4.8
4.8
4.82
4.82
4.82
4.8
4.82
4.77
4.8
4.71
4.72
4.75
4.72
4.77
4.76
4.6
4.63
4.71
4.71
4.7
4.7
4.68
4.69
4.69
4.74
4.69
4.67
4.7
4.7
4.67
4.71
4.68
4.71
4.67
4.68
4.71
4.71
4.7
4.67
4.66
4.67
4.65
4.67
4.67
4.7
4.67
4.67
4.68
4.65
4.66
4.66
4.65
4.64
4.66
4.69
4.6
4.64
4.64
4.68
4.68
4.69
4.7
4.67
4.65
4.65
4.67
4.67
4.67
4.68
4.69
4.69
4.67
4.68
4.66
4.68
4.64
4.67
4.67
4.7
4.7
4.73
4.73
4.7
4.7
4.73
4.72
4.7
4.64
4.65
4.64
4.65
4.65
4.65
4.64
4.7
4.68
4.63
4.66
4.71
4.71
4.69
4.68
4.68
4.7
4.68
4.66
4.69
4.71
4.71
4.7
4.7
4.68
4.68
4.73
4.73
4.7
4.77
4.84
4.81
4.81
4.81
4.83
4.83
4.79
4.8
4.8
4.81
4.81
4.81
4.81
4.83
4.86
4.83
4.83
4.8
4.81
4.81
4.79
4.78
4.82
4.84
4.84
4.82
4.83
4.93
5.0
5.0
4.81
4.81
4.98
4.95
4.88
4.83
4.92
4.9
4.91
4.85
4.82
4.9
4.86
5.04
4.87
4.87
4.88
4.95
4.95
5.04
4.99
4.97
4.93
4.96
4.99
4.99
4.99
4.95
5.0
5.0
4.97
4.95
5.0
5.06
5.05
5.12
5.06
5.06
5.15
5.12
5.07
5.14
5.14
5.15
5.15
5.09
5.2
5.2
5.1
5.14
5.14
5.14
5.11
5.1
5.11
5.1
5.27
5.2
5.01
5.08
5.07
5.12
5.11
5.14
5.15
5.16
5.12
5.15
5.15
5.05
5.19
5.18
5.25
5.27
5.2
5.16
5.13
5.12
5.12
5.21
5.22
5.16
5.14
5.19
5.15
5.09
5.01
5.08
5.11
5.17
5.09
5.14
5.13
5.12
5.12
5.12
5.13
5.15
5.15
5.15
5.24
5.16
5.2
5.23
5.2
5.12
5.14
5.14
5.15
5.06
5.06
5.09
5.05
5.1
5.08
5.08
5.17
5.15
5.12
5.12
5.17
5.17
5.21
5.24
5.25
5.25
5.23
5.21
5.23
5.28
5.25
5.27
5.24
5.21
5.19
5.2
5.21
5.25
5.51
5.28
5.26
5.33
5.3
5.33
5.32
5.4
5.57
5.36
5.38
5.49
5.42
5.46
5.35
5.39
5.45
5.4
5.4
5.4
5.4
5.49
5.48
5.41
5.44
5.47
5.47
5.45
5.37
5.41
5.43
5.4
5.4
5.42
5.4
5.4
5.39
5.39
5.37
5.39
5.38
5.38
5.27
5.3
5.3
5.49
5.46
5.46
5.51
5.51
5.42
5.47
5.39
5.4
5.39
5.4
5.37
5.4
5.37
5.39
5.39
5.46
5.39
5.4
5.44
5.43
5.45
5.44
5.44
5.44
5.49
5.42
5.48
5.69
5.51
5.5
5.55
5.52
5.52
5.52
5.58
5.57
5.57
5.57
5.53
5.66
5.57
5.57
5.5
5.53
5.57
5.52
5.51
5.57
5.56
5.56
5.53
5.53
5.56
5.54
5.54
5.51
5.53
5.5
5.44
5.44
5.44
5.4
5.55
5.56
5.59
5.6
5.52
5.57
5.58
5.58
5.69
5.65
5.66
5.71
5.79
5.7
5.7
5.69
5.96
5.76
5.76
5.72
5.76
5.76
5.77
5.82
5.93
5.75
5.9
5.78
5.85
5.75
5.75
5.87
5.7
5.8
5.8
5.8
5.8
5.76
5.76
5.7
5.72
5.63
5.62
5.62
5.74
5.75
5.64
5.77
5.77
5.84
5.84
5.75
5.83
5.78
5.77
5.76
5.76
5.87
5.75
5.84
5.84
5.77
5.8
5.88
5.89
5.97
5.93
5.93
5.86
5.84
5.9
5.83
5.9
5.95
5.95
5.9
5.97
5.95
5.95
6.0
5.97
5.94
5.97
5.96
5.96
5.97
5.98
6.0
5.92
6.06
5.94
5.9
5.95
5.99
6.0
5.96
6.05
6.14
6.06
6.0
5.98
5.99
5.98
6.05
6.0
6.0
6.15
6.06
6.05
6.02
5.97
6.04
5.95
5.99
5.94
6.02
6.04
6.01
5.87
5.95
6.01
6.03
6.03
5.96
6.02
6.03
6.03
6.03
6.13
6.17
6.17
6.1
6.1
6.1
6.14
6.09
6.01
6.05
6.09
6.1
6.11
6.16
6.17
6.17
6.17
6.12
6.1
6.09
6.13
6.12
6.17
6.19
6.12
6.14
6.19
6.18
6.18
6.2
6.11
6.17
6.2
6.2
6.22
6.34
6.13
6.2
6.25
6.29
6.29
6.29
6.29
6.4
6.35
6.35
6.33
6.33
6.35
6.35
6.44
6.45
6.49
6.45
6.59
6.59
6.6
6.65
6.58
6.74
6.6
6.74
6.72
6.72
6.59
6.6
6.52
6.63
6.63
6.64
6.74
6.66
6.75
6.62
6.6
6.59
6.64
6.6
6.63
6.6
6.65
6.64
6.65
6.64
6.64
6.75
6.75
6.74
6.75
6.7
6.67
6.65
6.74
6.75
6.92
6.75
6.86
6.81
6.83
6.77
6.8
6.81
6.86
6.86
6.88
6.87
6.94
6.88
6.94
6.88
6.85
6.91
6.91
6.77
6.87
6.71
6.71
6.6
6.64
6.61
6.62
6.66
6.64
6.64
6.65
6.65
6.73
6.87
6.82
6.76
6.76
6.69
6.79
6.69
6.79
6.79
6.9
6.9
6.9
6.86
6.74
6.76
6.91
6.78
6.9
6.92
6.92
6.95
6.9
6.89
6.92
6.92
6.94
6.92
7.0
7.0
7.14
7.19
7.2
7.28
7.3
7.31
7.33
7.31
7.3
7.39
7.32
7.29
7.43
7.45
7.39
7.44
7.44
7.55
7.54
7.56
7.59
7.6
7.61
7.62
7.46
7.6
7.57
7.42
7.5
7.29
7.5
7.56
7.51
7.54
7.53
7.53
7.53
7.53
7.68
7.66
7.65
7.54
7.64
7.65
7.67
7.69
7.69
7.7
7.69
7.54
7.54
7.6
7.6
7.58
7.56
7.51
7.54
7.64
7.7
7.56
7.69
7.6
7.68
7.68
7.68
7.64
7.59
7.6
7.67
7.69
7.58
7.59
7.56
7.67
7.59
7.6
7.72
7.67
7.82
7.83
7.83
7.65
7.8
7.79
7.6
7.68
7.8
7.65
7.72
7.71
7.71
7.71
7.55
7.5
7.4
7.55
7.57
7.6
7.45
7.69
7.69
7.49
7.4
7.66
7.0
7.12
6.77
6.78
6.8
7.0
6.98
6.98
7.11
7.36
7.31
7.41
7.45
7.46
7.45
7.69
7.67
7.53
7.49
7.61
7.59
7.6
7.52
7.56
7.48
7.47
7.53
7.6
7.59
7.41
7.41
7.3
7.06
7.33
7.27
7.22
7.09
7.04
6.37
6.32
6.99
6.7
6.99
6.98
6.98
6.97
6.94
6.94
6.44
6.57
6.61
6.6
6.76
6.45
6.09
6.29
6.14
6.08
6.23
6.09
6.26
6.39
6.23
6.22
6.21
6.21
6.74
6.35
6.35
6.63
6.6
6.41
6.52
6.56
6.19
7.21
6.11
6.5
6.51
6.56
6.5
6.25
6.48
6.22
6.06
6.18
6.0
6.03
6.07
6.16
6.01
6.29
6.3
6.67
6.59
6.55
6.49
6.31
6.48
6.97
6.84
6.8
6.67
6.67
6.66
6.3
6.59
6.69
6.48
6.49
6.6
6.6
6.57
6.59
6.79
6.51
6.78
6.78
6.77
6.69
6.54
6.54
6.47
6.45
6.45
6.45
6.58
6.5
6.46
6.67
6.62
6.6
6.59
6.52
6.58
6.46
6.47
6.64
6.59
6.55
6.53
6.56
6.55
6.56
6.69
6.66
6.89
7.17
6.54
6.77
6.76
6.89
6.78
6.83
6.84
6.87
6.87
6.87
6.87
7.0
7.05
6.82
6.91
6.91
6.9
6.97
6.97
7.09
7.09
6.95
7.09
6.91
6.76
6.95
6.96
6.93
6.9
6.9
6.96
6.98
6.93
6.91
6.96
6.94
6.89
6.91
6.88
6.84
6.84
6.83
6.85
6.82
6.88
6.8
6.8
6.8
6.78
6.8
6.79
6.8
6.86
6.88
6.83
6.85
6.78
6.8
6.95
6.85
6.9
6.9
7.08
6.93
6.97
6.9
6.9
6.9
6.9
6.71
6.72
6.59
6.65
6.67
6.66
6.6
6.6
6.59
6.7
6.71
6.73
6.65
6.71
6.54
6.56
6.6
6.57
6.52
6.51
6.54
6.45
6.42
6.41
6.45
6.49
6.49
6.59
6.5
6.5
6.55
6.6
6.59
6.5
6.5
6.5
6.48
6.56
6.51
6.49
6.58
6.59
6.59
6.59
6.56
6.74
6.78
6.73
6.73
6.72
6.65
6.71
6.7
6.39
6.5
6.42
6.58
6.58
6.5
6.59
6.52
6.68
6.7
6.69
6.69
6.68
6.6
6.6
6.59
6.59
6.52
6.67
6.59
6.68
6.61
6.68
6.68
6.68
6.68
6.68
6.68
6.7
6.73
6.73
6.72
6.63
6.74
6.64
6.71
6.71
6.72
6.71
6.71
6.71
6.75
6.75
6.76
6.75
6.74
6.75
6.74
6.75
6.74
6.7
6.69
6.73
6.68
6.7
6.7
6.74
6.72
6.68
6.68
6.76
6.76
6.75
6.75
6.75
6.7
6.75
6.75
6.85
6.84
6.86
6.79
6.85
6.85
6.85
6.78
6.76
6.84
6.85
6.84
6.81
6.99
6.9
6.9
6.86
6.98
6.93
6.95
6.95
6.95
6.91
6.93
6.95
6.91
6.95
6.95
6.92
6.91
6.92
6.9
6.86
6.96
7.01
7.01
7.0
6.96
6.98
7.01
7.04
7.04
7.05
7.05
7.0
7.0
7.03
7.01
7.03
7.03
7.02
7.0
7.0
7.0
7.03
7.0
7.0
7.0
7.0
7.0
6.96
6.96
6.99
7.02
7.01
7.01
7.0
7.0
7.0
7.0
7.0
6.92
6.9
6.88
6.93
6.99
6.97
6.97
6.99
6.92
6.97
7.0
7.07
7.12
7.1
7.06
7.2
7.23
7.15
7.1
7.2
7.13
7.16
7.04
7.06
7.07
7.1
7.15
7.16
7.05
6.96
7.12
7.06
7.01
7.0
7.04
7.06
7.0
7.0
7.04
7.02
7.01
7.02
7.0
7.0
7.0
7.03
7.05
7.02
7.06
7.05
7.05
7.12
7.1
7.04
7.06
7.42
7.18
7.13
7.15
7.28
7.41
7.55
7.67
7.62
7.63
7.6
7.63
7.56
7.51
7.56
7.51
7.4
7.42
7.55
7.54
7.51
7.71
7.5
7.4
7.4
7.46
7.58
7.51
7.56
7.51
7.4
7.5
7.71
7.71
7.61
7.6
7.59
7.6
7.48
7.4
7.44
7.48
7.43
7.42
7.48
7.55
7.54
7.51
7.37
7.48
7.49
7.53
7.54
7.54
7.52
7.42
7.43
7.58
7.45
7.5
7.5
7.49
7.51
7.51
7.51
7.58
7.59
7.58
7.56
7.6
7.51
7.48
7.49
7.48
7.6
7.66
7.66
7.65
7.65
7.76
8.0
8.09
8.02
8.04
8.19
8.14
8.12
8.09
8.09
8.2
8.17
8.02
8.1
8.0
7.97
7.97
8.12
7.97
7.93
7.92
7.94
7.97
8.08
7.97
8.0
7.9
7.87
7.92
7.92
7.87
7.85
7.87
7.87
7.87
7.92
8.09
8.1
7.97
8.08
8.1
8.27
8.04
8.03
8.02
8.11
8.12
8.15
8.2
8.24
8.22
8.22
8.12
8.24
8.25
8.21
8.27
8.29
8.26
8.29
8.21
8.23
8.2
8.29
8.29
8.2
8.29
8.25
8.28
8.24
8.25
8.23
8.24
8.2
8.2
8.24
8.27
8.27
8.18
8.24
8.22
8.22
8.22
8.29
8.25
8.3
8.19
8.25
8.08
8.06
8.11
8.11
8.07
8.12
8.07
8.04
8.0
8.08
8.03
8.02
8.02
7.93
8.0
8.13
8.13
8.14
8.18
8.27
8.23
8.22
8.24
8.2
8.28
8.28
8.39
8.25
8.23
8.19
8.27
8.27
8.26
8.35
8.34
8.21
8.34
8.26
8.25
8.2
8.24
8.34
8.33
8.33
8.3
8.28
8.28
8.28
8.25
8.28
8.4
8.29
8.3
8.3
8.3
8.28
8.3
8.32
8.3
8.3
8.3
8.3
8.29
8.3
8.28
8.28
8.28
8.28
8.46
8.45
8.45
8.45
8.45
8.45
8.45
8.43
8.41
8.44
8.45
8.47
8.34
8.33
8.3
8.16
8.15
8.25
8.33
8.34
8.34
8.3
8.21
8.34
8.32
8.33
8.38
8.41
8.42
8.43
8.35
8.42
8.45
8.4
8.4
8.32
8.29
8.41
8.31
8.39
8.39
8.35
8.37
8.35
8.31
8.36
8.3
8.3
8.28
8.27
8.27
8.3
8.39
8.27
8.28
8.27
8.34
8.2
8.25
8.2
8.27
8.27
8.38
8.39
8.39
8.39
8.39
8.37
8.39
8.38
8.38
8.39
8.39
8.39
8.39
8.35
8.35
8.38
8.38
8.35
8.4
8.39
8.39
8.39
8.39
8.35
8.31
8.31
8.34
8.33
8.34
8.35
8.35
8.35
8.38
8.34
8.34
8.28
8.29
8.25
8.28
8.3
8.19
8.18
8.32
8.29
8.27
8.28
8.23
8.27
8.2
8.21
8.24
8.32
8.3
8.3
8.21
8.34
8.21
8.21
8.2
8.24
8.24
8.25
8.25
8.31
8.37
8.29
8.3
8.26
8.27
8.26
8.24
8.26
8.27
8.38
8.31
8.36
8.34
8.33
8.32
8.24
8.32
8.38
8.33
8.37
8.31
8.32
8.32
8.32
8.32
8.27
8.26
8.25
8.25
8.27
8.27
8.26
8.25
8.26
8.31
8.36
8.35
8.49
8.46
8.46
8.46
8.38
8.38
8.45
8.32
8.32
8.36
8.36
8.36
8.32
8.36
8.37
8.21
8.45
8.57
8.56
8.7
8.61
8.6
8.62
8.57
8.6
8.58
8.65
8.68
8.88
8.89
8.9
8.89
8.9
8.9
9.29
9.27
9.26
9.22
9.22
9.37
9.52
9.3
9.26
9.55
9.62
9.56
9.56
9.56
9.48
9.47
9.48
9.48
9.44
9.3
9.33
9.32
9.34
9.34
9.32
9.55
9.52
9.39
9.39
9.42
9.41
9.38
10.36
10.17
10.27
9.86
10.48
10.22
10.43
10.09
9.82
9.79
9.89
10.0
10.16
10.18
10.07
9.93
9.86
10.09
9.91
9.91
9.91
9.91
10.13
10.14
9.98
9.97
9.97
10.0
9.98
10.0
10.03
10.03
10.03
10.0
10.0
10.0
9.95
10.0
9.94
11.97
12.65
12.4
13.33
12.75
12.91
12.77
12.63
12.79
12.72
11.95
11.12
11.66
11.4
10.98
10.88
10.6
10.77
10.73
11.08
10.8
10.59
10.5
10.59
10.78
10.76
10.6
10.6
11.79
11.16
10.96
10.99
10.99
10.96
10.81
10.84
10.95
10.66
10.85
10.61
10.78
10.65
10.77
10.71
10.59
10.64
10.5
10.56
10.47
10.5
10.55
10.57
10.68
10.68
10.65
10.79
10.84
10.6
10.47
10.45
10.64
10.77
10.64
10.3
10.66
10.49
10.49
10.34
10.47
10.36
10.5
10.5
10.42
10.42
10.51
10.6
10.51
10.53
10.72
10.51
10.54
10.54
10.51
10.69
10.62
10.71
10.72
10.7
10.7
10.7
10.7
10.72
10.6
10.54
10.6
10.69
10.61
10.6
10.68
10.6
10.32
10.47
10.17
10.24
10.14
10.18
10.17
10.15
10.18
10.16
10.08
10.4
10.39
11.14
10.24
10.36
10.54
10.47
10.3
10.29
10.4
10.4
10.35
10.4
10.38
10.24
10.19
10.16
10.14
9.98
9.99
10.0
10.12
10.12
10.13
10.12
10.21
10.21
10.41
10.26
10.25
10.22
10.49
10.3
10.31
10.3
10.3
10.3
10.25
10.2
10.27
10.29
10.39
10.3
10.42
10.3
10.21
10.26
10.24
10.05
10.2
10.25
10.2
10.16
10.2
10.2
10.18
10.19
10.19
10.2
10.17
10.17
10.13
10.16
10.16
10.17
10.19
10.19
10.13
10.14
10.17
10.02
10.02
10.1
10.12
10.14
10.1
10.09
10.16
10.16
10.09
10.04
10.19
10.12
10.19
10.03
10.49
10.2
10.26
10.26
10.12
10.23
10.05
10.23
10.22
10.54
10.26
10.49
10.49
10.48
10.49
10.59
10.41
10.37
10.55
10.38
10.23
10.28
10.35
10.49
10.46
10.46
10.34
10.48
9.95
10.15
10.16
10.25
10.36
10.38
10.37
10.35
10.36
10.5
10.41
10.49
10.48
10.58
10.88
10.84
10.95
10.76
10.89
10.96
11.05
11.28
11.2
11.3
11.31
11.26
11.44
11.43
11.7
11.48
11.4
11.4
11.39
11.4
11.49
11.5
11.6
11.65
11.7
12.1
12.05
11.91
11.97
12.1
12.02
11.88
11.85
11.84
12.0
11.98
12.05
12.04
12.09
12.16
11.92
11.94
12.08
12.08
12.26
11.98
12.13
12.07
12.01
12.0
11.99
11.4
11.54
11.75
11.99
11.92
11.94
11.98
11.86
11.77
11.91
11.98
11.85
12.0
11.9
11.89
11.81
11.88
11.9
11.9
11.89
11.89
11.94
11.94
11.86
11.81
11.85
11.78
11.8
11.77
11.81
11.7
11.25
10.13
10.0
10.11
10.1
10.16
10.07
10.08
9.99
10.03
10.0
10.0
9.9
9.86
9.88
9.88
9.85
9.88
9.82
9.85
9.82
9.78
9.99
9.98
9.85
9.88
9.88
9.9
9.95
9.96
9.91
9.84
9.89
9.89
9.89
9.92
9.9
10.0
10.01
10.04
9.85
9.86
9.85
9.83
9.83
9.88
9.88
9.89
9.93
9.72
9.84
9.84
9.82
9.71
9.47
9.44
9.49
9.51
9.44
9.61
9.59
9.53
9.66
9.6
9.6
9.61
9.6
9.66
9.45
9.5
9.42
9.41
9.43
9.38
9.37
9.34
8.99
9.09
9.16
9.14
9.15
9.06
9.05
9.03
9.05
9.05
9.21
9.05
9.14
9.14
9.0
9.0
9.02
9.08
8.98
9.01
9.08
9.07
9.08
9.06
9.06
9.1
9.1
9.1
9.17
9.11
9.16
9.16
9.15
9.37
9.3
9.24
9.26
9.3
9.49
9.6
9.31
9.43
9.36
9.38
9.38
9.34
9.3
9.15
9.2
9.2
9.2
9.24
9.18
9.23
9.25
9.08
9.04
9.02
9.0
8.99
8.99
9.03
9.03
9.05
9.15
9.09
9.1
9.09
9.16
9.2
9.16
9.15
9.12
9.1
9.07
9.07
9.07
9.08
9.02
9.01
9.03
9.03
9.03
9.02
9.02
9.01
9.01
9.01
9.01
8.91
8.92
8.9
8.95
8.97
9.13
9.05
9.06
9.05
9.0
9.0
9.04
9.04
9.04
9.06
9.07
9.07
9.07
9.09
9.15
9.18
9.16
9.23
9.15
9.03
9.04
9.23
9.11
9.07
9.11
9.12
9.13
9.1
9.14
9.14
9.15
9.11
9.08
9.14
9.15
9.19
9.19
9.21
9.25
9.28
9.2
9.17
9.2
9.2
9.25
9.31
9.22
9.22
9.29
9.42
9.37
9.39
9.43
9.41
9.4
9.4
9.4
9.43
9.3
9.25
9.26
9.22
9.23
9.15
9.21
9.28
9.06
9.2
9.26
9.24
9.2
9.24
9.21
9.24
9.21
9.26
9.16
9.26
9.27
9.21
9.25
9.2
9.2
9.15
9.22
9.24
9.3
9.29
9.29
9.22
9.27
9.23
9.27
9.31
9.27
9.27
9.39
9.28
9.25
9.22
9.24
9.28
9.35
9.31
9.35
9.38
9.38
9.38
9.36
9.4
9.41
9.49
9.5
9.49
9.47
9.47
9.5
9.4
9.68
9.92
9.69
10.08
9.98
10.3
10.0
10.06
9.96
9.79
9.56
9.6
9.67
9.86
9.82
9.8
9.67
9.65
9.65
9.75
9.66
9.72
9.71
9.7
9.7
9.7
9.71
9.77
9.84
10.2
10.16
9.92
9.9
9.9
9.86
10.02
9.99
10.0
9.97
10.0
9.9
9.97
9.91
10.01
10.01
10.08
10.0
10.0
9.88
9.91
9.91
9.99
9.99
10.0
10.0
10.04
10.03
10.01
9.94
9.95
9.94
9.99
9.93
10.03
9.99
10.01
9.96
10.01
10.03
10.05
9.95
9.95
9.97
9.87
9.83
9.84
9.93
9.93
9.85
9.92
9.91
9.76
9.74
9.7
9.7
9.79
9.74
9.71
9.71
9.78
9.66
9.72
9.72
9.61
9.61
9.67
9.67
9.66
9.66
9.73
9.67
9.75
9.65
9.78
9.78
9.78
9.82
9.7
9.64
9.63
9.69
9.7
9.7
9.67
9.65
9.65
9.65
9.64
9.65
9.65
9.65
9.65
9.74
9.65
9.65
9.66
9.68
9.66
9.76
9.64
9.71
9.88
9.7
9.76
9.75
9.75
9.77
9.76
9.76
9.77
9.77
9.8
9.88
9.89
9.88
9.88
9.85
9.86
9.84
9.78
9.77
9.88
9.78
9.78
9.78
9.77
9.76
9.76
9.76
9.78
9.85
9.78
9.78
9.78
9.75
9.78
9.75
9.7
9.6
9.67
9.67
9.4
9.44
9.46
9.47
9.48
9.51
9.48
9.48
9.48
9.48
9.48
9.45
9.46
9.45
9.46
9.51
9.51
9.51
9.5
9.51
9.51
9.5
9.51
9.66
9.53
9.59
9.57
9.5
9.5
9.5
9.47
9.47
9.65
9.53
9.59
9.6
9.53
9.51
9.53
9.55
9.55
9.54
9.35
9.35
9.45
9.35
9.34
9.39
9.37
9.32
9.4
9.43
9.4
9.43
9.37
9.41
9.42
9.4
9.38
9.49
9.56
9.65
9.55
9.39
9.49
9.49
9.42
9.43
9.46
9.57
9.6
9.57
9.58
9.57
9.68
9.69
9.57
9.58
9.56
9.66
9.7
9.69
9.67
9.69
9.69
9.7
9.66
9.7
9.64
9.73
9.75
9.71
9.71
9.67
9.67
9.67
9.67
9.66
9.7
9.7
9.78
9.77
9.75
9.77
9.76
9.73
9.58
9.33
9.34
9.47
9.5
9.48
9.45
9.42
9.45
9.47
9.48
9.52
9.48
9.46
9.5
9.49
9.5
9.46
9.55
9.5
9.52
9.5
9.5
9.5
9.52
9.53
9.52
9.55
9.52
9.53
9.52
9.48
9.51
9.5
9.48
9.52
9.54
9.47
9.55
9.55
9.75
9.47
9.51
9.54
9.55
9.53
9.55
9.63
9.56
9.6
9.59
9.6
9.6
9.6
9.69
9.67
9.67
9.6
9.6
9.6
9.61
9.62
9.62
9.57
9.57
9.58
9.65
9.67
9.67
9.63
9.62
9.62
9.63
9.64
9.55
9.56
9.62
9.62
9.62
9.66
9.61
9.59
9.46
9.58
9.52
9.5
9.48
9.5
9.52
9.58
9.56
9.59
9.58
9.57
9.6
9.62
9.64
9.64
9.64
9.67
9.67
9.67
9.73
9.72
9.65
9.67
9.68
9.75
9.72
9.73
9.73
9.55
9.71
9.56
9.73
9.71
9.7
9.65
9.66
9.7
9.73
9.73
9.71
9.66
9.59
9.59
9.59
9.54
9.54
9.4
9.45
9.4
9.48
9.47
9.49
9.49
9.52
9.59
9.61
9.59
9.63
9.63
9.58
9.66
9.47
9.54
9.56
9.67
9.56
9.48
9.47
9.54
9.52
9.59
9.57
9.6
9.59
9.59
9.59
9.6
9.54
9.56
9.64
9.6
9.6
9.6
9.64
9.65
9.72
9.69
9.6
9.99
9.84
9.79
9.79
9.76
9.76
9.73
9.77
9.79
9.87
9.82
9.87
9.86
9.81
9.84
9.81
9.8
9.79
9.7
9.68
9.65
9.65
9.67
9.69
9.62
9.62
9.62
9.62
9.65
9.71
9.65
9.7
9.77
9.65
9.63
9.62
9.61
9.7
9.75
9.75
9.74
9.79
9.77
9.72
9.79
9.82
9.81
9.81
9.87
9.82
9.82
9.71
9.74
9.79
9.76
9.78
9.7
9.77
9.75
9.7
9.69
9.73
9.69
9.68
9.68
9.74
9.63
9.66
9.7
9.8
9.85
9.7
9.75
9.85
9.88
9.75
9.7
9.8
9.88
9.92
10.15
9.81
10.15
10.14
10.18
10.23
9.99
9.98
10.0
9.99
9.92
9.9
9.98
9.96
9.96
10.0
9.89
10.0
10.01
10.04
10.12
10.19
10.02
10.06
10.05
10.11
10.12
10.01
10.06
9.98
10.05
9.97
10.07
9.94
10.0
9.96
9.98
9.99
10.0
9.98
9.93
9.99
9.98
9.98
9.98
9.89
9.98
9.98
9.98
9.99
10.07
9.92
10.04
10.0
10.0
9.9
9.99
9.97
9.98
9.94
9.96
9.96
9.96
9.94
9.93
9.93
9.97
9.94
9.93
9.84
9.89
9.89
9.85
9.87
9.86
9.99
9.97
9.85
9.84
9.84
9.79
9.79
9.75
9.85
9.94
9.97
9.95
9.8
9.83
9.85
9.9
9.86
9.85
9.88
9.84
9.89
9.88
9.86
9.85
9.84
9.82
9.86
9.86
9.88
9.88
9.96
9.85
9.93
9.92
9.95
9.97
9.98
9.89
9.98
9.97
9.91
9.9
9.9
9.97
9.96
9.96
9.94
9.94
9.95
9.95
9.92
9.9
9.97
9.95
9.96
9.98
9.97
10.0
10.0
9.99
10.0
9.88
9.94
9.9
9.93
9.93
9.9
9.9
9.9
9.9
9.87
10.0
9.96
9.93
9.93
9.96
9.93
9.93
9.99
9.98
9.88
9.98
10.0
9.98
10.0
10.0
9.9
9.9
9.97
9.93
9.96
10.0
9.99
9.83
9.85
9.82
9.99
10.01
9.99
10.15
10.09
10.1
10.09
10.09
10.06
10.1
10.1
10.05
10.08
10.08
10.07
10.07
10.08
10.09
10.07
9.8
9.56
9.89
9.69
9.77
9.66
9.39
9.42
9.48
9.5
9.42
9.44
9.42
9.42
9.47
9.51
9.53
9.54
9.45
9.51
9.42
9.49
9.47
9.5
9.52
9.51
9.6
9.58
9.54
9.54
9.59
9.54
9.52
9.48
9.49
9.52
9.48
9.54
9.52
9.48
9.55
9.54
9.58
9.64
9.63
9.59
9.6
9.56
9.55
9.5
9.5
9.53
9.47
9.44
9.47
9.5
9.5
9.5
9.53
9.45
9.5
9.48
9.51
9.46
9.46
9.51
9.51
9.51
9.54
9.47
9.47
9.51
9.51
9.52
9.53
9.52
9.52
9.5
9.52
9.52
9.52
9.49
9.51
9.5
9.5
9.5
9.47
9.47
9.48
9.46
9.48
9.48
9.48
9.53
9.52
9.46
9.51
9.51
9.51
9.51
9.51
9.47
9.47
9.5
9.46
9.45
9.39
9.44
9.44
9.44
9.4
9.43
9.47
9.48
9.48
9.48
9.48
9.48
9.49
9.5
9.5
9.5
9.5
9.4
9.47
9.46
9.46
9.46
9.42
9.39
9.43
9.43
9.38
9.38
9.42
9.45
9.35
9.36
9.38
9.44
9.42
9.34
9.41
9.42
9.4
9.4
9.37
9.4
9.33
9.4
9.4
9.4
9.4
9.39
9.4
9.45
9.45
9.45
9.44
9.44
9.41
9.41
9.44
9.4
9.43
9.43
9.43
9.43
9.4
9.42
9.36
9.43
9.44
9.42
9.41
9.36
9.37
9.42
9.42
9.4
9.37
9.43
9.42
9.41
9.4
9.42
9.41
9.41
9.41
9.37
9.4
9.4
9.37
9.37
9.39
9.47
9.49
9.49
9.38
9.45
9.5
9.48
9.51
9.5
9.4
9.39
9.42
9.43
9.43
9.5
9.49
9.44
9.46
9.49
9.46
9.39
9.49
9.37
9.48
9.47
9.47
9.39
9.46
9.4
9.49
9.41
9.42
9.46
9.44
9.43
9.43
9.5
9.48
9.49
9.49
9.34
9.44
9.43
9.39
9.44
9.42
9.43
9.48
9.48
9.48
9.47
9.42
9.54
9.49
9.47
9.47
9.47
9.47
9.2
9.08
9.19
9.16
9.23
9.21
9.24
9.24
9.24
9.2
9.22
9.36
9.4
9.26
9.38
9.37
9.27
9.27
9.4
9.06
9.36
9.37
9.29
9.21
9.34
9.23
9.28
9.31
9.19
9.19
9.2
9.29
9.28
9.27
9.27
9.27
9.21
9.19
9.15
9.19
9.21
9.21
9.21
9.21
9.29
9.21
9.21
9.27
9.15
9.27
9.28
9.27
9.15
9.2
9.29
9.28
9.19
9.28
9.21
9.26
9.21
9.2
9.2
9.19
9.22
9.23
9.23
9.2
9.32
9.2
9.2
9.19
9.19
9.15
9.17
9.17
9.15
9.13
9.14
9.14
9.13
9.12
9.12
9.15
9.12
9.12
9.11
9.14
9.14
9.13
9.13
9.16
9.15
9.17
9.16
9.16
9.16
9.17
9.17
9.19
9.26
9.25
9.24
9.24
9.25
9.25
9.16
9.16
9.13
9.13
9.13
9.14
9.14
9.14
9.13
9.11
9.13
9.19
9.12
9.18
9.18
9.58
9.25
9.24
9.32
9.3
9.5
9.3
9.31
9.47
9.46
9.12
9.15
9.14
9.25
9.22
9.22
9.22
9.23
9.25
9.15
9.24
9.26
9.26
9.28
9.28
9.22
9.2
9.17
9.25
9.25
9.24
9.29
9.32
9.32
9.32
9.25
9.33
9.22
9.22
9.31
9.31
9.33
9.26
9.32
9.32
9.32
9.31
9.31
9.31
9.3
9.2
9.31
9.3
9.29
9.22
9.17
9.3
9.17
9.33
9.2
9.2
9.19
9.18
9.2
9.2
9.2
9.2
9.19
9.2
9.2
9.2
9.12
9.17
9.17
9.18
9.18
9.18
9.16
9.15
9.14
9.17
9.17
9.15
9.15
9.15
9.1
9.13
9.18
9.18
9.17
9.18
9.16
9.15
9.15
9.15
9.11
9.1
9.13
9.09
9.14
9.09
9.14
9.15
9.14
9.12
9.11
9.11
9.16
9.16
9.18
9.18
9.18
9.13
9.11
9.11
9.15
9.11
9.08
9.1
9.1
9.09
9.09
9.09
9.06
9.07
9.04
9.05
9.05
9.06
9.05
9.05
9.15
9.04
9.06
9.05
9.0
9.0
9.0
9.0
9.0
9.08
9.07
9.09
9.06
9.06
8.94
9.0
8.97
9.04
9.03
9.0
9.01
9.05
9.06
9.0
8.99
8.99
9.07
9.12
9.07
9.07
9.01
9.0
9.09
9.0
9.0
9.0
9.01
9.0
9.0
9.04
9.04
9.01
9.1
9.08
9.1
9.06
9.09
9.36
9.47
9.28
9.22
9.23
9.25
9.25
9.26
9.25
9.22
9.2
9.16
9.15
9.19
9.17
9.19
9.17
9.17
9.15
9.2
9.16
9.24
9.19
9.11
9.08
9.1
9.11
9.11
9.12
9.06
9.06
9.07
9.11
9.1
9.05
9.09
9.04
9.08
9.07
9.09
9.15
9.11
9.06
9.05
9.07
9.08
9.09
9.1
9.1
9.05
9.05
9.09
9.06
9.07
9.08
9.08
9.1
9.09
9.12
9.1
9.15
9.09
9.13
9.12
9.12
9.11
9.11
9.07
9.07
9.08
9.07
9.1
9.1
9.1
9.09
9.1
9.0
8.97
8.91
8.89
8.93
8.9
8.93
8.82
8.85
8.8
8.79
8.79
8.81
8.79
8.7
8.57
8.6
8.49
8.56
8.52
8.58
8.58
8.4
8.41
8.36
8.32
8.3
8.31
8.12
8.15
8.12
8.12
8.13
8.13
8.1
8.08
8.27
8.25
8.32
8.35
8.31
8.38
8.37
8.25
8.35
8.37
8.39
8.77
9.2
8.38
8.43
8.26
8.4
8.39
8.39
8.44
8.44
8.47
8.41
8.41
8.4
8.46
8.48
8.53
8.54
8.41
8.27
8.3
8.31
8.32
8.34
8.33
8.34
8.37
8.39
8.41
8.4
8.4
8.39
8.39
8.17
8.37
8.39
8.41
8.4
8.39
8.39
8.4
8.4
8.31
8.31
8.25
8.37
8.32
8.26
8.22
8.25
8.27
8.28
8.29
8.34
8.34
8.29
8.41
8.41
8.41
8.43
8.41
8.4
8.38
8.4
8.35
8.4
8.12
8.2
8.25
8.29
8.28
8.25
8.41
8.41
8.18
8.36
8.36
8.36
8.36
8.24
8.26
8.34
8.25
8.37
8.25
8.25
8.29
8.3
8.29
8.23
8.18
8.18
8.12
8.17
8.13
8.16
8.16
8.16
8.21
8.21
8.22
8.2
8.18
8.2
8.17
8.21
8.36
8.26
8.2
8.19
8.2
8.18
8.2
8.17
8.2
8.21
8.2
8.31
8.17
8.28
8.28
8.26
8.19
8.27
8.25
8.14
8.35
8.22
8.22
8.19
8.31
8.32
8.32
8.3
8.21
8.18
8.18
8.2
8.2
8.21
8.29
8.28
8.31
8.37
8.31
8.3
8.37
8.35
8.32
8.31
8.3
8.31
8.2
8.33
8.21
8.23
8.28
8.2
8.18
8.25
8.25
8.25
8.24
8.16
8.16
8.08
8.1
8.11
8.09
8.1
8.1
8.08
8.06
8.1
8.12
8.1
8.02
8.0
8.01
8.03
8.08
8.08
8.07
8.07
8.07
8.11
8.13
8.14
8.11
8.03
8.09
8.14
8.12
8.14
8.16
8.2
8.23
8.17
8.13
8.26
8.26
8.26
8.26
8.25
8.17
8.12
8.1
8.13
8.14
8.15
8.14
8.12
8.14
8.12
8.15
8.21
8.21
8.2
8.2
8.05
8.13
8.15
8.2
8.2
8.2
8.2
8.21
8.2
8.14
8.22
8.14
8.15
8.15
8.19
8.05
8.1
8.07
8.09
8.06
8.09
8.11
8.29
8.28
8.5
8.43
8.5
8.51
8.52
8.51
8.44
8.5
8.46
8.59
8.54
8.62
8.57
8.5
8.5
8.51
8.57
8.67
8.63
8.69
8.72
8.9
8.79
8.85
8.91
8.95
8.87
8.88
8.99
9.04
8.99
8.98
8.98
9.02
8.81
9.09
9.0
8.99
8.92
8.97
8.9
8.91
8.91
8.73
8.86
8.8
8.75
8.73
8.73
8.7
8.74
8.6
8.56
8.54
8.54
8.65
8.6
8.63
8.63
8.51
8.56
8.51
8.57
8.57
8.53
8.4
8.4
8.37
8.4
8.28
8.29
8.37
8.37
8.37
8.45
8.46
8.48
8.49
8.55
8.49
8.39
8.39
8.39
8.52
8.4
8.4
8.4
8.4
8.4
8.48
8.48
8.38
8.25
8.23
8.23
8.28
8.35
8.33
8.28
8.34
8.16
8.5
8.35
8.32
8.24
8.2
8.2
8.25
8.25
8.14
8.14
8.2
8.15
8.15
8.22
8.15
8.25
8.18
8.13
8.17
8.17
8.14
8.11
8.14
8.11
8.13
8.15
8.15
8.19
8.19
8.15
8.2
8.19
8.25
8.28
8.26
8.24
8.09
8.15
8.16
8.21
8.25
8.21
8.21
8.23
8.25
8.23
8.24
8.2
8.2
8.23
8.2
8.5
8.44
8.28
8.28
8.3
8.51
8.33
8.37
8.45
8.46
8.55
8.5
8.64
8.53
8.51
8.5
8.54
8.57
8.5
8.47
8.68
8.53
8.51
8.51
8.54
8.52
8.66
8.51
8.5
8.49
8.49
8.49
8.47
8.55
8.54
8.46
8.45
8.48
8.41
8.4
8.38
8.39
8.47
8.47
8.32
8.5
8.59
8.41
8.48
8.61
8.45
8.43
8.43
8.41
8.4
8.39
8.42
8.36
8.34
8.45
8.33
8.29
8.37
8.36
8.31
8.37
8.31
8.3
8.31
8.43
8.31
8.35
8.33
8.39
8.29
8.32
8.35
8.4
8.34
8.33
8.33
8.34
8.34
8.45
8.3
8.45
8.45
8.32
8.32
8.42
8.38
8.33
8.38
8.34
8.34
8.39
8.36
8.36
8.38
8.38
8.46
8.31
8.45
8.46
8.37
8.46
8.46
8.5
8.44
8.4
8.46
8.45
8.46
8.46
8.46
8.43
8.37
8.37
8.38
8.52
8.52
8.52
8.47
8.41
8.41
8.5
8.52
8.57
8.68
8.68
8.49
8.56
8.6
8.5
8.5
8.47
8.33
8.39
8.38
8.38
8.38
8.39
8.37
8.4
8.42
8.43
8.54
8.57
8.54
8.54
8.41
8.44
8.58
8.45
8.45
8.4
8.46
8.47
8.47
8.52
8.52
8.52
8.36
8.43
8.44
8.67
8.63
8.61
8.5
8.51
8.63
8.62
8.62
8.62
8.51
8.61
8.51
8.6
8.69
8.5
8.47
8.57
8.55
8.55
8.53
8.46
8.46
8.46
8.47
8.55
8.46
8.48
8.5
8.48
8.58
8.51
8.58
8.59
8.52
8.52
8.57
8.57
8.57
8.56
8.56
8.57
8.56
8.56
8.51
8.5
8.54
8.54
8.56
8.6
8.51
8.5
8.5
8.45
8.5
8.45
8.45
8.47
8.5
8.46
8.47
8.48
8.48
8.48
8.54
8.49
8.54
8.45
8.5
8.47
8.47
8.54
8.53
8.55
8.55
8.55
8.63
8.52
8.55
8.58
8.65
8.72
8.66
8.53
8.65
8.55
8.54
8.54
8.56
8.57
8.47
8.51
8.51
8.57
8.59
8.5
8.68
8.55
8.51
8.63
8.5
8.5
8.53
8.51
8.45
8.53
8.4
8.4
8.42
8.58
8.67
8.61
8.51
8.55
8.59
8.43
8.47
8.38
8.4
8.4
8.42
8.4
8.31
8.32
8.31
8.34
8.32
8.35
8.3
8.28
8.35
8.28
8.28
8.3
8.3
8.33
8.3
8.33
8.27
8.49
8.3
8.3
8.26
8.29
8.3
8.3
8.25
8.22
8.21
8.2
8.2
8.29
8.22
8.24
8.15
8.17
8.23
8.2
8.2
8.23
8.23
8.0
8.05
8.09
8.05
8.03
8.1
8.05
8.02
8.17
8.17
8.17
8.17
8.08
8.16
8.17
8.03
8.13
8.02
8.02
8.04
8.08
8.03
8.03
8.03
8.04
8.06
8.06
8.14
8.04
8.11
8.13
8.13
8.12
8.13
8.0
8.04
8.04
8.02
8.02
8.03
8.13
8.11
7.96
7.99
7.99
7.97
7.96
8.01
8.08
8.08
8.18
8.16
8.08
8.06
8.06
8.06
8.07
8.01
8.19
7.99
8.0
7.97
8.13
8.06
8.16
8.01
8.01
8.02
8.04
8.02
8.04
8.01
8.0
7.98
7.97
8.04
7.96
8.02
8.02
7.92
8.0
7.93
7.9
7.93
8.01
8.02
8.15
7.91
8.0
8.11
8.1
7.98
7.94
7.94
7.97
7.98
7.95
7.91
7.9
7.93
7.86
7.96
7.85
7.85
7.97
7.94
7.97
7.97
8.0
7.89
8.03
8.06
8.06
8.11
8.04
8.03
7.98
7.98
8.02
8.04
8.0
8.04
8.0
8.01
8.1
8.06
8.05
8.02
8.01
8.01
8.06
8.12
7.99
8.12
8.08
8.02
8.07
8.0
8.16
8.01
8.01
8.08
8.0
8.01
8.0
8.0
8.0
8.0
8.0
8.18
7.97
8.09
8.1
8.01
8.04
8.05
7.97
8.01
7.97
8.01
8.12
8.01
8.01
8.01
7.98
7.96
10.14
11.0
11.06
11.15
10.7
10.89
10.75
10.8
10.82
10.82
10.85
10.8
10.9
10.95
10.86
10.82
10.8
10.92
10.63
10.9
10.8
10.88
10.84
10.71
10.98
10.98
10.9
11.15
11.25
11.21
11.25
11.19
11.4
11.4
11.41
11.5
11.84
11.7
11.9
11.9
11.82
11.89
11.98
11.91
11.97
12.09
12.09
11.92
11.92
11.96
11.88
11.95
12.02
12.07
12.13
12.49
12.41
12.48
12.36
12.38
12.38
12.36
12.34
12.45
12.79
12.84
12.77
12.78
12.75
12.8
12.85
12.89
12.9
12.88
12.82
12.83
12.5
12.65
12.42
12.61
12.45
12.59
12.7
12.8
12.26
12.23
12.54
12.49
12.29
12.36
12.24
12.1
12.12
11.27
10.2
10.18
10.08
10.01
9.98
9.97
9.98
9.8
9.78
9.79
9.35
9.26
9.35
9.43
9.3
9.32
9.27
9.23
9.13
9.13
9.17
9.11
8.88
8.9
8.88
8.79
8.71
8.66
8.49
8.56
8.78
8.62
8.68
8.62
8.6
8.53
8.41
8.5
8.47
8.49
8.47
8.41
8.32
8.26
8.26
8.16
8.2
8.09
8.31
8.33
8.2
8.19
8.24
8.23
8.22
8.14
8.29
8.18
8.29
8.23
8.24
8.19
8.28
8.17
8.12
8.29
8.1
8.0
8.02
8.05
8.0
8.0
8.01
8.01
7.97
7.78
7.95
7.74
7.55
7.4
7.58
7.62
7.62
7.74
7.8
7.82
7.79
7.71
7.78
7.83
7.8
7.83
7.88
7.69
7.81
7.83
7.9
7.92
7.92
7.89
7.9
7.93
7.96
8.04
8.26
8.29
8.29
8.2
8.15
8.15
8.02
8.06
8.2
8.22
8.1
8.11
8.14
8.1
8.17
8.2
8.39
8.32
8.32
8.21
8.09
8.12
8.1
8.18
8.17
8.14
8.07
8.07
8.09
8.09
8.09
8.09
8.09
8.29
8.25
8.24
8.1
8.17
8.18
8.16
8.15
8.11
8.03
8.0
8.0
8.0
8.01
8.0
7.93
7.89
7.95
7.89
7.97
8.02
7.95
7.88
7.96
7.88
7.95
7.94
7.91
7.9
7.95
7.88
7.77
7.78
7.83
7.79
7.82
7.88
7.87
7.93
8.1
7.98
8.0
8.0
8.0
7.99
8.05
8.04
7.97
7.97
8.01
8.03
8.0
8.0
8.03
8.02
8.05
8.06
8.0
8.0
8.07
8.0
8.06
8.04
8.04
7.94
7.9
7.94
7.9
7.9
7.96
8.01
7.96
7.94
7.91
7.83
7.86
7.99
7.9
7.87
7.94
7.95
8.0
7.9
8.05
7.99
7.87
7.96
7.96
7.93
7.93
7.93
7.93
7.95
8.04
7.96
8.03
8.0
8.04
8.01
8.08
8.08
7.98
7.96
7.94
7.98
7.98
8.0
8.0
7.91
7.96
7.95
7.96
7.92
7.98
7.99
7.99
7.8
7.8
7.74
7.76
7.73
7.72
7.59
7.59
7.51
7.46
7.44
7.45
6.68
7.01
7.25
7.3
7.11
7.06
7.14
7.5
7.49
6.88
6.25
6.0
6.9
6.09
5.82
5.65
6.14
6.1
6.29
7.18
6.73
6.5
6.51
6.49
6.52
6.65
6.69
6.81
6.81
6.0
6.25
6.1
6.1
6.2
6.22
6.22
6.22
6.22
6.18
6.37
6.34
6.34
6.44
7.0
7.11
7.49
7.21
7.5
7.21
7.19
6.99
7.2
7.28
7.25
7.26
7.33
7.31
7.19
7.21
7.23
7.29
7.31
7.32
7.32
7.24
7.24
7.3
7.24
7.2
7.28
7.27
7.1
7.08
7.18
7.09
6.9
7.0
7.14
7.15
7.09
7.05
7.05
7.02
7.03
7.03
6.96
7.0
7.01
7.1
7.1
7.1
7.1
7.2
6.84
6.84
6.84
6.84
6.84
7.35
7.3
7.21
7.1
7.03
6.9
7.02
6.93
7.06
7.09
7.2
7.19
7.07
7.03
7.06
7.02
7.01
7.1
7.12
7.1
7.05
7.05
7.04
6.95
7.03
6.96
7.04
6.96
7.0
6.93
7.03
6.93
6.99
7.0
6.98
6.95
6.95
6.97
6.83
6.86
6.87
6.95
6.98
6.95
6.9
6.9
6.9
6.95
6.88
6.97
6.97
6.89
6.9
6.99
6.95
7.11
7.0
6.97
7.01
6.96
7.0
6.96
7.05
6.95
6.95
6.92
6.92
6.9
6.9
6.92
6.92
6.82
6.91
6.91
6.91
6.92
6.9
6.91
6.85
6.86
6.85
6.88
6.93
6.87
6.93
6.84
6.96
6.94
6.95
6.95
6.81
6.89
6.9
6.8
6.88
6.96
6.95
6.92
6.92
6.92
6.99
6.97
6.88
7.0
6.94
6.99
6.94
6.99
6.99
6.93
7.04
6.95
7.0
6.92
6.94
6.92
6.95
6.94
6.94
7.0
6.95
6.94
6.93
6.9
7.0
6.93
6.93
6.92
6.95
7.0
6.97
6.97
6.99
7.0
6.95
6.98
6.92
6.99
6.97
6.97
6.97
6.97
6.92
7.04
7.04
7.0
7.03
6.98
6.97
6.97
6.94
7.0
6.94
6.95
6.98
6.98
7.0
6.98
6.97
6.97
6.97
7.01
6.93
6.98
6.92
6.94
6.97
6.98
6.98
6.99
6.99
6.97
6.93
6.97
6.96
6.93
6.91
6.94
6.91
6.95
6.95
6.95
6.94
6.98
7.0
6.98
6.98
6.93
6.99
7.0
7.0
6.91
6.95
6.95
6.97
6.97
6.97
6.96
6.97
6.93
7.0
6.96
6.97
7.01
6.99
7.1
7.01
7.04
7.0
7.04
7.03
7.09
7.01
7.0
7.02
7.02
7.13
7.02
7.11
7.05
7.05
7.12
7.11
7.08
7.0
7.0
6.96
6.99
6.95
6.96
6.95
7.0
6.97
6.93
6.95
6.95
7.02
6.95
6.94
6.94
6.89
6.9
6.83
6.89
6.85
6.86
6.92
6.93
6.8
6.85
6.8
6.83
6.82
6.8
6.81
6.79
6.83
6.81
6.77
6.7
6.7
6.7
6.75
6.79
6.73
6.75
6.77
6.78
6.77
6.72
6.72
6.74
6.75
6.76
6.74
6.79
6.78
6.78
6.79
6.83
6.8
6.77
6.75
6.72
6.79
6.79
6.8
6.81
6.79
6.79
6.75
6.95
6.79
6.8
6.84
6.8
6.85
6.86
6.85
6.8
6.84
6.86
6.94
7.01
7.02
7.06
7.24
7.18
7.11
7.0
7.2
7.0
7.01
6.95
6.99
6.93
6.9
6.88
6.9
7.0
6.93
6.98
7.01
6.95
6.92
6.96
6.99
6.89
6.94
6.91
6.94
6.91
6.92
6.96
6.97
6.9
6.91
6.96
6.96
6.9
6.92
7.02
7.03
6.91
6.93
6.98
6.99
7.01
7.0
7.01
7.03
6.91
6.96
6.9
6.92
6.9
6.98
7.12
7.11
7.11
7.01
7.14
7.14
7.26
7.19
7.19
7.1
7.24
7.14
7.27
7.27
7.25
7.26
7.17
7.26
7.24
7.21
7.26
7.23
7.18
7.15
7.19
7.13
7.19
7.2
7.23
7.19
7.21
7.22
7.25
7.2
7.35
7.31
7.24
7.35
7.28
7.28
7.32
7.29
7.28
7.38
7.35
7.39
7.47
7.51
7.45
7.44
7.45
7.44
7.46
7.47
7.49
7.44
7.45
7.22
7.29
7.29
7.2
7.19
7.19
7.16
7.22
7.14
7.18
7.12
7.04
7.06
7.08
7.04
7.11
7.09
7.0
6.96
7.03
7.1
7.09
7.03
7.06
7.03
7.11
7.11
7.06
7.11
7.11
7.1
7.03
7.05
7.08
7.14
7.14
7.17
7.19
7.17
7.17
7.17
7.17
7.17
7.11
7.09
7.1
7.1
7.08
7.05
7.05
7.03
7.0
