close
3.468
3.369
3.363
3.357
3.358
3.287
3.25
3.346
3.353
3.23
3.281
3.27
3.338
3.334
3.434
3.37
3.344
3.46
3.4
3.39
3.423
3.499
3.635
3.888
3.574
3.505
3.486
3.529
3.503
3.519
3.58
3.595
3.494
3.55
3.596
3.6
3.594
3.597
3.594
3.599
3.55
3.551
3.5
3.55
3.489
3.505
3.465
3.469
3.484
3.502
3.478
3.466
3.465
3.472
3.476
3.401
3.457
3.367
3.389
3.427
3.368
3.412
3.405
3.365
3.394
3.38
3.432
3.43
3.402
3.4
3.408
3.421
3.448
3.4
3.36
3.353
3.4
3.36
3.382
3.301
3.319
3.299
3.299
3.3
3.286
3.296
3.298
3.287
3.32
3.187
3.188
3.195
3.15
3.18
3.192
3.18
3.219
3.17
3.18
3.162
3.18
3.18
3.171
3.178
3.151
3.151
3.176
3.18
3.172
3.14
3.152
3.109
3.1
3.1
3.19
3.216
3.17
3.17
3.15
3.17
3.15
3.199
3.17
3.12
3.15
3.163
3.14
3.14
3.138
3.138
3.128
3.13
3.148
3.137
3.085
3.138
3.139
3.173
3.15
3.139
3.05
3.069
3.077
3.079
2.984
3.05
3.0
3.0
2.984
2.999
2.999
2.998
3.066
3.0
3.0
3.0
2.98
2.999
2.958
2.976
2.99
2.985
2.954
2.978
2.97
2.974
2.974
2.977
2.95
2.972
2.991
2.951
2.948
3.005
2.958
2.97
2.923
2.919
2.931
2.9
2.928
2.91
2.898
2.924
2.924
2.899
2.899
2.9
2.899
2.9
2.885
2.885
2.885
2.869
2.859
2.857
2.866
2.865
2.9
2.9
2.861
2.899
2.899
2.883
2.867
2.865
2.844
2.862
2.893
2.895
2.885
2.86
2.859
2.843
2.86
2.822
2.859
2.88
2.881
2.874
2.825
2.85
2.812
2.839
2.781
2.85
2.801
2.833
2.895
2.884
2.9
2.9
2.901
2.901
2.882
2.798
2.798
2.85
2.81
2.819
2.9
2.826
2.803
2.808
2.796
2.825
2.79
2.813
2.824
2.8
2.784
2.784
2.783
2.814
2.792
2.77
2.8
2.77
2.778
2.771
2.766
2.746
2.746
2.748
2.78
2.751
2.697
2.7
2.699
2.682
2.705
2.663
2.72
2.735
2.742
2.7
2.7
2.699
2.699
2.8
2.788
2.767
2.766
2.751
2.71
2.72
2.725
2.71
2.73
2.73
2.705
2.75
2.75
2.72
2.744
2.73
2.735
2.771
2.8
2.826
2.8
2.789
2.79
2.778
2.784
2.78
2.751
2.758
2.752
2.72
2.715
2.71
2.75
2.74
2.715
2.74
2.72
2.72
2.72
2.72
2.72
2.709
2.719
2.72
2.72
2.714
2.719
2.72
2.8
2.85
2.86
2.86
2.842
2.844
2.86
2.85
2.86
2.848
2.833
2.85
2.85
2.858
2.89
2.85
2.833
2.829
2.811
2.82
2.79
2.82
2.879
2.777
2.85
2.83
2.88
2.85
2.86
2.83
2.85
2.87
2.869
2.872
2.821
2.867
2.85
2.85
2.782
2.782
2.78
2.81
2.794
2.85
2.827
2.828
2.781
2.763
2.823
2.887
2.827
2.859
2.859
2.824
2.822
2.82
2.804
2.808
2.811
2.801
2.796
2.776
2.8
2.815
2.781
2.83
2.793
2.803
2.85
2.825
2.825
2.828
2.865
2.927
2.868
2.876
2.831
2.868
2.868
2.886
2.867
2.847
2.831
2.837
2.887
2.822
2.836
2.887
2.771
2.893
2.926
2.851
2.859
2.92
2.929
2.865
2.893
2.809
2.886
2.811
2.811
2.805
2.809
2.818
2.764
2.809
2.81
2.807
2.808
2.793
2.793
2.792
2.781
2.823
2.82
2.785
2.817
2.829
2.785
2.823
2.809
2.801
2.796
2.775
2.773
2.775
2.769
2.77
2.769
2.784
2.762
2.785
2.771
2.758
2.803
2.785
2.822
2.787
2.79
2.79
2.77
2.827
2.75
2.765
2.8
2.756
2.755
2.827
2.768
2.759
2.809
2.79
2.787
2.772
2.805
2.807
2.778
2.733
2.723
2.732
2.715
2.715
2.735
2.81
2.81
2.81
2.8
2.849
2.849
2.82
2.819
2.811
2.877
2.868
2.809
2.779
2.8
2.86
2.845
3.02
3.035
2.945
2.965
3.0
3.1
3.1
3.0
2.97
2.9
2.995
2.93
2.955
2.96
2.95
2.955
2.915
3.18
3.09
3.03
3.045
3.145
3.005
2.99
3.0
2.97
3.055
2.99
3.045
2.995
2.95
2.995
2.925
2.93
2.895
2.905
2.9
2.905
2.905
3.05
3.04
3.04
3.0
2.99
2.985
2.99
2.91
2.92
2.99
2.925
2.79
2.845
2.755
2.76
2.76
2.815
2.82
2.87
2.8
2.845
2.82
2.85
2.88
2.88
2.87
2.87
2.8
2.825
2.88
2.925
2.905
2.895
2.88
2.975
3.035
2.9
2.89
2.895
2.89
2.825
2.82
2.795
2.785
2.705
2.825
2.865
2.805
2.815
2.845
2.845
2.805
2.78
2.81
2.8
2.805
2.895
2.9
2.86
2.84
2.81
2.845
2.845
2.85
2.815
2.9
2.84
2.805
2.78
2.785
2.835
2.835
2.83
2.845
3.0
2.835
2.835
2.835
2.82
2.84
2.835
2.815
2.925
2.865
2.875
2.86
2.86
2.86
2.96
2.92
2.96
2.88
2.87
2.905
2.935
2.91
2.92
2.9
2.88
2.97
2.98
2.995
3.04
2.9
2.985
2.96
2.92
2.93
2.925
3.05
3.055
3.09
2.975
2.97
2.955
3.06
2.99
3.045
3.005
2.995
2.955
2.945
3.135
3.145
3.285
3.12
3.155
3.3
3.34
3.215
3.28
4.065
4.1
4.07
4.06
4.03
3.86
4.18
4.0
4.0
4.005
3.85
3.935
3.94
3.98
3.9
3.85
4.2
4.07
4.05
4.24
4.105
4.08
4.2
4.2
4.2
4.05
4.095
4.15
4.18
4.195
4.155
4.17
4.175
4.165
4.06
4.1
4.05
4.095
4.08
4.08
4.12
4.195
4.305
4.28
4.2
4.17
4.2
4.15
4.155
4.5
4.495
4.4
4.44
4.38
4.4
4.38
4.405
4.34
4.595
4.55
4.6
4.6
4.515
4.515
4.46
4.485
4.475
4.395
4.415
4.645
4.515
4.415
4.485
4.305
4.365
4.325
4.345
4.38
4.385
4.45
4.4
4.445
4.435
4.3
4.35
4.39
4.35
4.4
4.3
4.345
4.53
4.53
4.435
4.78
4.8
4.745
4.69
4.72
4.7
4.785
4.73
4.8
4.7
4.87
4.81
4.87
4.84
4.865
4.885
4.88
4.85
4.835
4.84
4.78
4.865
4.865
4.86
4.81
4.94
4.87
5.045
5.07
5.02
5.035
4.975
5.1
5.075
5.15
5.1
5.1
5.165
5.15
5.09
5.07
5.165
5.23
5.245
5.245
5.34
5.17
5.245
5.165
5.18
5.155
5.15
5.24
5.2
5.18
5.18
5.145
5.17
5.165
5.16
5.17
5.165
5.225
5.29
5.3
5.2
5.18
5.14
5.18
5.205
5.1
5.185
5.15
5.145
5.4
5.47
5.5
5.495
5.44
5.45
5.655
5.785
5.75
5.73
5.715
5.7
5.8
5.8
5.65
5.8
5.8
5.99
6.0
5.915
6.005
6.015
6.0
6.05
6.0
6.105
6.06
6.0
5.955
5.81
5.7
5.64
5.7
5.295
5.32
5.4
5.35
5.38
5.45
5.435
5.26
5.285
5.05
4.805
4.84
4.485
4.685
4.67
4.6
4.555
4.465
4.775
4.82
5.0
4.945
5.145
5.095
4.805
4.88
4.86
4.77
4.75
4.895
4.85
4.9
4.82
4.915
4.875
4.6
4.65
4.755
4.4
4.64
4.435
4.44
4.45
4.36
4.315
4.42
4.48
4.495
4.46
4.43
4.495
4.46
4.455
4.31
4.25
4.185
3.5
3.8
3.53
3.63
3.55
3.695
3.54
3.22
3.18
3.28
3.385
3.385
3.37
3.385
3.37
3.705
3.685
3.85
3.805
3.855
3.8
3.7
3.7
3.1
3.2
3.2
3.27
3.275
3.305
3.24
3.195
3.145
3.335
3.9
3.73
3.825
4.085
3.94
3.885
3.965
3.945
3.945
3.78
3.88
3.68
3.775
3.545
3.58
3.445
3.45
3.53
3.6
3.58
3.595
3.41
3.45
3.4
3.45
3.4
3.42
3.42
3.41
3.39
3.29
3.32
3.29
3.325
3.35
3.41
3.445
3.55
3.635
3.6
3.57
3.37
3.33
3.435
3.37
3.375
3.38
3.355
3.33
3.3
3.6
3.525
3.385
3.385
3.25
3.22
3.0
3.055
3.28
3.295
3.2
3.2
3.185
3.39
3.25
3.25
3.29
3.36
3.385
3.37
3.24
3.25
3.255
3.27
3.285
3.325
3.515
3.345
3.455
3.445
3.4
3.485
3.54
3.46
3.44
3.54
3.5
3.5
3.515
3.52
3.5
3.555
3.47
3.43
3.355
3.38
3.44
3.455
3.515
3.4
3.405
3.43
3.4
3.39
3.425
3.39
3.4
3.43
3.37
3.4
3.37
3.32
3.32
3.335
3.365
3.43
3.4
3.395
3.4
3.4
3.37
3.405
3.405
3.415
3.53
3.47
3.615
3.545
3.52
3.48
3.57
3.56
3.43
3.54
3.55
3.58
3.49
3.415
3.42
3.435
3.42
3.42
3.535
3.425
3.495
3.495
3.495
3.45
3.515
3.51
3.5
3.6
3.525
3.505
3.49
3.495
3.475
3.53
3.47
3.49
3.5
3.455
3.41
3.455
3.445
3.43
3.435
3.425
3.505
3.6
3.605
3.55
3.685
3.61
3.6
3.68
3.665
3.72
3.95
3.805
3.84
3.81
3.76
3.555
3.65
3.545
3.46
3.465
3.5
3.51
3.465
3.51
3.475
3.495
3.47
3.515
3.55
3.68
3.7
3.695
3.6
3.56
3.605
3.7
3.92
3.81
3.755
3.765
3.77
3.785
3.77
3.745
3.72
3.81
3.745
3.815
3.865
3.78
3.835
3.79
3.78
3.74
3.95
3.84
3.8
3.8
3.775
3.85
3.83
3.9
3.995
4.175
4.0
3.855
3.975
3.985
3.985
4.04
3.95
3.94
3.82
3.9
3.955
3.995
3.9
3.9
3.9
3.95
3.88
3.905
3.895
3.89
3.89
3.83
3.86
3.815
3.9
3.79
3.82
3.775
3.79
3.835
4.0
4.0
3.935
3.995
4.005
4.13
4.085
4.1
3.99
4.01
4.085
4.09
4.1
4.23
4.1
4.2
4.2
4.225
4.09
4.115
4.11
4.115
3.99
3.98
4.035
4.02
3.985
3.985
3.94
4.06
3.9
3.95
3.985
3.935
3.95
3.9
3.9
3.93
3.965
3.865
3.88
3.93
3.94
3.9
3.93
3.96
3.94
3.935
3.995
4.1
4.155
4.18
4.13
4.07
4.13
4.1
4.045
4.11
4.035
4.0
4.0
3.96
4.055
4.35
4.3
4.38
4.265
4.21
4.345
4.3
4.2
4.3
4.275
4.34
4.335
4.405
4.545
4.56
4.455
4.59
4.51
4.495
4.51
4.47
4.55
4.495
4.45
4.635
4.6
4.605
4.46
4.425
4.42
4.325
4.325
4.36
4.405
4.38
4.4
4.505
4.405
4.345
4.375
4.395
4.385
4.4
4.43
4.55
4.5
4.52
4.5
4.44
4.36
4.345
4.405
4.37
4.335
4.4
4.365
4.53
4.5
4.565
4.46
4.615
4.6
4.57
4.6
4.635
4.6
4.72
4.715
4.705
4.745
4.765
4.72
4.68
4.695
4.735
4.65
4.7
4.735
4.7
4.75
4.72
4.77
4.725
5.0
5.045
5.125
5.0
5.035
5.0
4.97
5.12
5.195
5.36
5.315
5.325
5.27
5.185
5.24
5.2
5.03
4.96
4.87
4.8
4.98
5.095
5.115
5.07
5.05
5.02
5.09
5.015
5.075
4.99
5.015
5.05
5.0
4.95
4.805
4.875
4.72
4.5
4.49
4.42
4.455
4.48
4.485
4.43
4.465
4.425
4.38
4.415
4.55
4.52
4.5
4.51
4.5
4.48
4.425
4.485
4.485
4.46
4.39
4.32
4.365
4.215
4.275
4.2
4.1
4.12
4.155
4.165
4.025
4.055
3.9
3.935
3.82
3.735
3.79
3.805
3.895
3.87
3.855
3.83
3.82
3.895
3.85
3.785
3.845
3.795
3.8
3.815
3.9
3.92
4.03
4.17
4.195
4.15
4.195
4.14
4.12
4.135
4.24
4.315
4.215
4.2
4.23
4.2
4.29
4.1
4.14
4.0
3.915
3.975
3.97
3.995
4.01
4.01
3.99
3.95
3.945
3.925
3.925
4.03
4.025
3.945
3.945
3.94
3.895
3.82
3.85
3.85
3.835
3.85
3.915
3.86
3.9
4.08
4.035
4.03
4.0
3.9
3.97
3.98
3.98
3.98
3.95
3.92
3.92
3.855
3.93
3.8
3.815
3.9
3.885
3.85
3.88
3.89
3.825
3.895
3.895
3.855
3.885
4.05
4.005
3.965
4.035
4.05
3.96
3.975
3.995
4.03
4.17
4.1
4.095
4.05
4.05
4.0
4.025
4.165
4.09
4.09
4.045
4.165
4.25
4.175
4.155
4.145
4.15
4.14
4.14
4.175
4.15
4.12
4.155
4.145
4.1
4.1
4.14
4.12
4.12
4.13
4.145
4.14
4.07
4.155
4.175
4.195
4.15
4.115
4.14
4.1
4.065
4.1
4.045
3.905
3.88
3.865
3.89
3.885
3.88
3.9
3.945
3.95
3.9
3.9
3.895
3.8
3.82
3.84
3.865
3.865
3.8
3.9
3.95
3.785
3.83
3.845
3.79
3.825
3.85
3.885
3.945
3.95
3.9
3.96
3.985
3.955
3.925
3.925
3.88
3.91
3.85
3.825
3.85
3.85
3.92
3.86
3.865
3.895
3.9
3.865
3.845
3.845
3.85
3.885
3.89
3.925
3.925
3.91
4.045
3.975
3.955
3.9
3.9
3.92
3.9
3.92
3.89
3.875
3.88
3.825
3.915
3.93
3.92
3.925
3.93
3.885
3.9
3.91
3.89
3.9
3.9
3.89
3.885
3.895
3.945
3.91
3.885
3.88
3.88
3.875
3.85
3.8
3.83
3.76
3.73
3.75
3.655
3.7
3.735
3.745
3.72
3.76
3.72
3.795
3.785
3.79
3.79
3.85
3.845
3.805
3.805
3.8
3.765
3.77
3.795
3.795
3.795
3.795
3.79
3.795
3.75
3.72
3.725
3.7
3.73
3.69
3.735
3.75
3.77
3.7
3.705
3.69
3.675
3.715
3.68
3.705
3.71
3.74
3.64
3.71
3.69
3.8
3.71
3.715
3.77
3.81
3.81
3.78
3.79
3.85
3.815
3.815
3.8
3.79
3.75
3.765
3.77
3.735
3.75
3.775
3.78
3.795
3.76
3.76
3.705
3.755
3.755
3.8
3.78
3.785
3.765
3.69
3.68
3.725
3.67
3.725
3.755
3.7
3.725
3.7
3.69
3.675
3.695
3.675
3.525
3.53
3.53
3.54
3.51
3.515
3.5
3.52
3.51
3.49
3.5
3.51
3.5
3.48
3.47
3.475
3.51
3.52
3.55
3.54
3.64
3.59
3.52
3.56
3.54
3.54
3.585
3.6
3.63
3.6
3.61
3.615
3.61
3.61
3.645
3.61
3.48
3.6
3.55
3.535
3.67
3.595
3.615
3.58
3.58
3.66
3.585
3.615
3.64
3.61
3.625
3.69
3.655
3.67
3.75
3.72
3.71
3.7
3.69
3.72
3.705
3.765
3.73
3.82
3.82
3.8
3.755
3.72
3.68
3.65
3.62
3.575
3.57
3.595
3.595
3.59
3.59
3.625
3.75
3.85
3.755
3.78
3.785
3.745
3.755
3.74
3.81
3.805
3.805
3.86
3.865
3.8
3.82
3.815
3.805
3.705
3.71
3.72
3.75
3.7
3.71
3.8
3.75
3.75
3.8
3.805
3.76
3.745
3.685
3.76
3.775
3.79
3.705
3.77
3.76
3.685
3.67
3.7
3.73
3.73
3.73
3.735
3.665
3.645
3.68
3.775
3.775
3.66
3.74
3.7
3.745
3.7
3.865
3.875
3.855
3.82
3.81
3.735
3.795
3.75
3.775
3.75
3.745
3.75
3.82
3.75
3.72
3.735
3.735
3.735
3.75
3.715
3.75
3.735
3.75
3.75
3.72
3.825
3.735
3.73
3.7
3.75
3.71
3.695
3.815
3.81
3.815
3.855
3.85
3.78
3.83
3.82
3.82
3.835
3.765
3.895
3.9
3.855
3.84
3.855
3.78
3.85
3.87
3.835
3.8
3.825
3.805
3.8
3.8
3.815
3.82
3.805
3.805
3.8
3.83
3.74
3.845
3.7
3.7
3.695
3.675
3.7
3.7
3.735
3.705
3.725
3.725
3.745
3.76
3.76
3.725
3.71
3.77
3.75
3.725
3.735
3.72
3.695
3.715
3.705
3.715
3.7
3.725
3.69
3.68
3.68
3.695
3.69
3.725
3.675
3.68
3.68
3.675
3.74
3.7
3.72
3.645
3.645
3.675
3.645
3.64
3.645
3.645
3.64
3.66
3.63
3.63
3.615
3.65
3.615
3.64
3.66
3.73
3.715
3.69
3.69
3.685
3.73
3.715
3.675
3.725
3.68
3.655
3.695
3.705
3.7
3.62
3.7
3.635
3.635
3.65
3.645
3.7
3.65
3.685
3.6
3.645
3.7
3.635
3.58
3.57
3.495
3.49
3.545
3.525
3.55
3.67
3.6
3.57
3.57
3.64
3.575
3.57
3.61
3.59
3.66
3.65
3.645
3.65
3.67
3.67
3.685
3.7
3.73
3.705
3.73
3.655
3.665
3.725
3.66
3.66
3.67
3.66
3.64
3.655
3.64
3.675
3.67
3.7
3.75
3.78
3.8
3.77
3.76
3.88
3.88
3.91
4.0
3.89
3.825
3.92
3.9
4.035
4.0
3.995
4.03
4.025
3.925
3.97
4.02
3.99
3.93
3.97
4.04
3.86
4.02
3.99
3.905
3.9
3.99
3.91
3.845
3.88
3.845
3.95
3.86
3.835
3.85
3.845
3.88
3.865
3.84
3.82
3.95
3.8
3.8
3.8
3.78
3.8
3.86
3.835
3.805
3.805
3.88
3.845
3.8
3.91
3.905
3.785
3.78
3.795
3.795
3.8
3.825
3.945
3.82
3.805
3.735
3.785
3.935
3.805
3.8
3.8
3.8
3.795
3.8
3.87
3.805
3.855
3.85
3.83
3.805
3.84
3.875
3.85
3.87
3.87
3.8
3.8
3.8
3.8
3.85
3.87
3.93
3.88
3.9
3.83
3.8
3.85
3.82
3.82
3.83
3.82
3.85
3.86
3.86
3.84
3.8
3.83
3.84
3.87
3.75
3.81
3.82
3.82
3.82
3.82
3.82
3.83
3.77
3.79
3.74
3.75
3.75
3.77
3.75
3.79
3.76
3.79
3.8
3.8
3.79
3.83
3.8
3.83
3.82
3.83
3.9
3.87
3.88
3.89
3.86
3.82
3.91
3.84
3.97
3.87
3.88
3.87
3.88
3.88
3.92
3.87
3.89
3.91
3.92
3.9
3.86
3.89
3.88
3.92
3.87
3.94
3.82
3.81
3.78
3.8
3.77
3.73
3.77
3.78
3.82
3.81
3.83
3.84
3.78
3.81
3.81
3.8
3.81
3.78
3.95
3.9
3.89
3.89
3.8
3.9
3.82
4.07
3.96
4.01
4.02
3.99
3.96
3.95
4.0
3.98
3.95
3.95
3.9
3.9
3.9
3.91
3.79
3.82
3.85
3.8
3.76
3.8
3.8
3.76
3.9
3.83
3.89
3.91
3.91
3.89
3.89
3.93
3.92
3.89
3.91
3.88
3.83
3.94
3.92
3.96
3.96
3.91
3.96
3.97
3.97
3.93
3.91
3.92
4.0
3.95
3.98
3.96
3.96
3.95
3.93
4.0
4.0
4.0
3.96
3.99
3.97
3.96
3.94
3.91
4.0
3.98
3.96
3.93
3.93
3.96
3.94
3.93
3.98
4.08
4.04
4.07
4.0
4.05
4.12
4.13
4.12
4.12
4.07
4.03
3.99
3.98
3.92
4.03
4.02
4.1
3.96
3.97
3.93
3.99
4.0
4.02
4.01
3.94
3.99
3.96
3.98
3.95
3.95
3.9
3.92
3.95
3.89
3.97
3.91
3.98
3.99
3.96
3.94
3.9
3.89
3.92
3.9
3.9
3.93
3.93
3.93
4.03
3.97
3.98
3.96
3.96
4.03
4.02
4.02
3.98
3.98
4.0
4.0
4.04
4.09
4.06
3.99
4.0
3.97
3.99
3.98
3.96
3.99
3.91
3.97
3.99
3.94
3.93
3.95
3.99
3.92
3.92
3.94
3.98
3.97
4.0
4.01
4.01
3.98
3.98
3.99
3.92
4.0
3.86
3.9
3.93
3.91
3.85
3.87
3.86
3.84
3.8
3.85
3.76
3.83
3.77
3.73
3.71
3.67
3.71
3.68
3.67
3.71
3.71
3.72
3.7
3.7
3.7
3.7
3.68
3.67
3.65
3.68
3.69
3.76
3.75
3.74
3.68
3.74
3.65
3.7
3.6
3.59
3.59
3.62
3.62
3.61
3.62
3.62
3.63
3.62
3.61
3.72
3.66
3.66
3.73
3.66
3.7
3.67
3.67
3.65
3.59
3.6
3.58
3.61
3.53
3.64
3.64
3.58
3.64
3.61
3.63
3.57
3.61
3.65
3.65
3.73
3.78
3.7
3.6
3.75
3.78
3.78
3.79
3.71
3.74
3.7
3.76
3.75
3.7
3.7
3.67
3.71
3.72
3.74
3.75
3.74
3.72
3.75
3.8
3.78
3.76
3.74
3.75
3.73
3.75
3.76
3.78
3.73
3.75
3.75
3.75
3.77
3.79
3.82
3.77
3.77
3.81
3.82
3.81
3.76
3.75
3.78
3.75
3.8
3.84
3.8
3.78
3.76
3.75
3.74
3.75
3.74
3.85
3.85
3.87
3.86
3.82
3.81
3.82
3.81
3.83
3.83
3.91
3.9
3.84
3.87
3.82
3.83
3.9
3.92
3.88
3.86
3.86
3.86
3.74
3.85
3.85
3.84
3.88
3.85
3.87
3.84
3.76
3.81
3.81
3.81
3.78
3.79
3.75
3.77
3.72
3.75
3.77
3.74
3.75
3.76
3.76
3.76
3.79
3.8
3.84
3.84
3.9
3.93
3.88
3.85
3.9
3.91
3.88
3.94
3.93
3.98
4.06
3.98
3.96
3.94
3.95
3.91
3.96
3.92
3.96
3.93
3.93
3.98
3.96
3.93
3.94
3.94
3.95
3.95
4.0
3.97
3.92
3.91
3.89
3.92
3.93
3.95
3.95
3.9
4.0
4.03
4.03
3.97
3.95
3.96
4.0
3.99
4.0
3.99
3.97
3.9
3.91
3.97
3.85
3.85
3.8
3.79
3.82
3.81
3.81
3.82
3.82
3.85
3.9
3.87
3.87
3.85
3.85
3.89
3.9
3.89
3.86
3.81
3.82
3.76
3.86
3.87
3.77
3.78
3.78
3.8
3.82
3.83
3.85
3.92
3.83
3.81
4.0
4.05
4.02
4.0
3.99
3.82
3.85
3.84
3.85
3.86
3.88
3.85
3.86
3.82
3.9
3.94
4.03
3.97
3.96
4.0
4.02
4.09
4.08
4.0
3.93
3.97
3.98
3.99
3.99
4.03
4.03
4.09
4.08
4.12
4.08
4.13
4.17
4.11
4.1
4.18
4.1
4.12
4.17
4.11
4.0
4.04
4.07
4.08
4.0
4.05
4.11
4.12
4.16
4.09
4.09
4.05
4.02
3.97
4.04
4.1
4.07
4.0
3.98
3.98
3.93
3.95
3.98
4.0
3.99
4.02
4.0
3.98
4.03
4.03
4.03
4.02
4.05
4.03
4.0
4.03
3.98
4.01
3.92
3.99
3.98
3.9
3.94
3.9
3.85
3.89
3.9
3.94
3.95
3.93
3.94
3.92
3.93
3.95
3.96
3.95
3.96
3.95
3.95
3.95
3.95
3.9
3.94
3.96
3.96
3.95
3.9
3.93
3.94
3.97
3.94
3.96
3.96
3.9
3.95
3.94
3.96
3.92
3.98
3.99
3.99
3.95
3.96
3.95
3.9
3.9
3.9
3.85
3.78
3.79
3.82
3.82
3.79
3.8
3.8
3.78
3.82
3.88
3.79
3.81
3.84
3.85
3.85
3.81
3.86
3.83
3.87
3.84
3.86
3.85
3.8
3.78
3.79
3.8
3.81
3.81
3.81
3.71
3.73
3.74
3.75
3.75
3.73
3.73
3.77
3.8
3.8
3.77
3.8
3.79
3.8
3.81
3.81
3.83
3.83
3.85
3.9
3.86
3.93
3.85
3.88
3.88
3.87
3.88
3.88
3.92
3.88
3.88
3.91
3.9
3.9
3.9
3.95
3.92
3.91
3.94
3.98
3.93
3.93
3.93
3.93
3.96
3.95
3.94
3.97
3.95
3.96
3.91
3.95
3.97
3.96
3.94
3.92
3.83
3.79
3.84
3.83
3.8
3.85
3.81
3.82
3.83
3.81
3.83
3.83
3.91
3.87
3.85
3.85
3.84
3.83
3.84
3.87
3.88
3.87
3.87
3.8
3.78
3.84
3.87
3.81
3.88
3.81
3.83
3.87
3.91
3.91
3.93
3.9
3.93
3.94
3.93
3.92
3.85
3.85
3.83
3.87
3.95
4.0
4.09
4.05
4.04
4.02
3.96
3.99
4.01
3.99
3.96
4.0
3.99
3.97
3.98
4.45
4.75
4.93
4.5
5.3
5.4
5.17
5.03
5.09
5.0
4.91
5.83
5.64
5.76
5.68
5.83
5.86
5.42
4.92
4.91
4.54
4.93
5.03
4.95
4.91
4.83
4.62
4.54
4.53
4.57
4.7
4.59
4.55
4.55
4.5
4.45
4.42
4.24
4.29
4.21
4.04
4.18
4.15
4.12
4.13
4.09
4.04
4.01
4.0
4.03
3.97
3.99
3.93
3.9
3.8
3.77
3.84
3.82
3.8
3.86
3.79
3.77
3.78
3.78
3.75
3.75
3.75
3.75
3.83
4.08
3.89
3.94
3.94
3.91
3.82
3.85
3.83
3.84
3.8
3.76
3.84
3.8
3.89
3.79
3.79
3.75
3.75
3.89
3.85
3.9
3.83
3.83
3.79
3.82
3.82
3.8
3.92
3.97
3.94
3.9
4.01
3.88
3.86
3.97
3.97
3.98
3.92
3.88
3.92
3.98
3.99
4.04
4.01
4.0
3.96
3.96
3.95
3.9
3.91
3.94
3.94
3.94
3.98
4.01
4.01
4.04
4.15
4.09
4.07
4.04
4.05
4.07
4.2
4.1
4.08
4.13
4.15
4.14
4.16
4.1
4.13
4.09
4.03
3.99
3.95
4.0
4.0
4.0
3.97
3.97
4.02
4.02
4.06
4.0
4.01
4.02
4.03
3.99
4.0
4.01
3.99
3.98
4.01
3.96
3.99
4.04
3.98
4.0
3.96
3.95
3.97
4.0
4.03
4.0
3.99
4.03
4.03
4.06
4.03
4.02
4.01
4.0
4.0
4.06
4.08
4.03
4.03
4.03
4.03
4.04
4.03
4.08
4.05
4.08
4.01
4.01
4.0
4.0
4.02
4.0
4.04
4.0
4.0
4.02
4.0
3.97
4.0
4.01
4.0
3.99
3.99
4.0
4.02
4.02
4.0
4.0
4.0
3.98
3.94
3.94
3.97
3.94
3.95
3.97
4.06
4.01
4.0
4.06
4.05
4.04
4.05
4.04
4.01
3.99
4.05
4.01
4.01
4.03
4.03
4.04
4.0
4.0
4.01
4.05
4.03
4.01
4.07
4.04
4.02
4.01
4.0
4.05
4.05
4.07
4.01
3.96
4.0
4.0
3.98
3.98
3.99
3.99
4.01
4.0
4.05
4.0
3.99
3.98
4.03
3.98
4.0
3.97
4.0
4.01
4.0
4.0
3.97
4.05
4.06
4.04
4.03
4.02
4.02
4.09
4.08
4.05
4.04
4.02
4.02
4.06
4.1
4.05
4.05
4.05
4.01
4.08
4.05
4.11
4.07
4.06
4.07
4.08
4.07
4.07
4.09
4.07
4.06
4.05
4.11
4.06
4.05
4.04
3.98
4.01
4.09
4.01
4.03
4.03
4.07
4.06
4.11
4.13
4.1
4.13
4.09
4.1
4.1
4.14
4.12
4.13
4.12
4.18
4.12
4.1
4.12
4.15
4.18
4.13
4.06
4.08
4.11
4.11
4.13
4.14
4.04
4.07
4.12
4.08
4.05
4.11
4.17
4.08
4.11
4.07
4.14
4.14
4.17
4.12
4.12
4.09
4.18
4.17
4.21
4.5
4.46
4.57
4.5
4.66
4.59
4.57
4.4
4.49
4.37
4.47
4.45
4.43
4.42
4.48
4.55
4.54
4.51
4.57
4.48
4.48
4.53
4.49
4.51
4.56
4.51
4.57
4.67
4.56
4.6
4.48
4.5
4.5
4.54
4.55
4.51
4.58
4.6
4.64
4.65
4.59
4.59
4.59
4.53
4.63
4.6
4.63
4.63
4.53
4.47
4.48
4.49
4.49
4.46
4.43
4.32
4.28
4.35
4.34
4.34
4.31
4.39
4.37
4.44
4.45
4.44
4.44
4.44
4.44
4.47
4.44
4.39
4.48
4.36
4.35
4.36
4.3
4.43
4.25
4.39
4.4
4.35
4.34
4.6
4.55
4.59
4.52
4.48
4.45
4.54
4.54
4.48
4.42
4.45
4.45
4.5
4.48
4.5
4.5
4.46
4.48
4.46
4.44
4.49
4.47
4.53
4.42
4.51
4.46
4.5
4.45
4.43
4.41
4.41
4.37
4.4
4.38
4.45
4.34
4.35
4.36
4.29
4.39
4.38
4.39
4.39
4.45
4.49
4.49
4.52
4.45
4.43
4.45
4.48
4.42
4.5
4.45
4.45
4.48
4.52
4.47
4.47
4.45
4.44
4.44
4.47
4.47
4.38
4.41
4.46
4.4
4.38
4.4
4.39
4.39
4.37
4.38
4.38
4.37
4.36
4.32
4.38
4.27
4.37
4.76
4.71
4.93
4.93
4.94
4.99
4.72
4.68
4.84
4.81
4.77
4.79
4.81
4.74
4.7
4.61
4.81
4.84
4.8
4.84
4.85
4.92
5.03
4.95
4.99
5.11
5.04
5.01
5.01
5.01
4.83
4.75
4.89
4.86
4.87
4.94
4.9
5.05
5.11
4.95
4.91
4.96
4.86
4.89
4.91
4.99
4.92
4.91
4.97
5.01
4.96
5.05
5.02
5.05
5.02
5.0
4.77
4.81
4.85
4.82
4.84
4.86
4.7
4.81
4.87
4.83
4.66
4.77
4.83
4.72
4.71
4.74
4.74
4.68
4.74
4.67
4.65
4.67
4.75
4.83
4.83
4.89
4.88
4.82
4.82
4.83
4.7
4.7
4.7
4.73
4.7
4.7
4.7
4.7
4.73
4.8
4.79
4.77
4.77
4.75
4.7
4.64
4.7
4.68
4.73
4.69
4.73
4.65
4.72
4.68
4.69
4.68
4.57
4.58
4.61
4.58
4.59
4.64
4.59
4.6
4.65
4.67
4.62
4.62
4.66
4.64
4.67
4.74
4.63
4.55
4.6
4.63
4.55
4.59
4.6
4.63
4.7
4.72
4.66
4.65
4.58
4.58
4.57
4.6
4.61
4.55
4.53
4.51
4.48
4.4
4.38
4.46
4.48
4.53
4.46
4.5
4.47
4.5
4.45
4.49
4.19
4.18
4.17
4.19
4.2
4.21
4.22
4.2
4.2
4.2
4.16
4.16
4.16
4.16
4.15
4.16
4.13
4.2
4.22
4.17
4.16
4.16
4.11
4.15
4.12
4.18
4.14
4.15
4.17
4.16
4.17
4.42
4.27
4.34
4.27
4.23
4.22
4.23
4.27
4.23
4.27
4.25
4.24
4.24
4.23
4.24
4.3
4.25
4.36
4.41
4.31
4.32
4.37
4.37
4.25
4.27
4.28
4.27
4.27
4.23
4.29
4.3
4.3
4.3
4.29
4.3
4.3
4.29
4.28
4.27
4.28
4.25
4.27
4.3
4.33
4.29
4.27
4.28
4.28
4.28
4.24
4.27
4.29
4.26
4.29
4.28
4.25
4.28
4.28
4.29
4.32
4.32
4.32
4.32
4.32
4.32
4.38
4.39
4.39
4.27
4.3
4.32
4.34
4.3
4.36
4.3
4.3
4.37
4.39
4.36
4.32
4.38
4.4
4.34
4.44
4.37
4.41
4.36
4.54
4.46
4.39
4.37
4.43
4.27
4.3
4.24
4.28
4.29
4.37
4.31
4.27
4.34
4.3
4.28
4.23
4.24
4.21
4.2
4.23
4.21
4.24
4.23
4.2
4.19
4.24
4.23
4.25
4.21
4.27
4.25
4.25
4.26
4.25
4.21
4.26
4.25
4.26
4.26
4.27
4.25
4.25
4.24
4.23
4.22
4.24
4.26
4.27
4.24
4.24
4.23
4.25
4.26
4.25
4.25
4.23
4.26
4.3
4.29
4.29
4.3
4.31
4.31
4.28
4.3
4.29
4.3
4.29
4.31
4.36
4.37
4.39
4.4
4.42
4.4
4.41
4.33
4.32
4.32
4.37
4.37
4.35
4.35
4.25
4.3
4.28
4.32
4.32
4.34
4.34
4.32
4.3
4.3
4.32
4.32
4.3
4.29
4.3
4.34
4.3
4.27
4.27
4.26
4.26
4.3
4.28
4.29
4.29
4.27
4.29
4.3
4.31
4.31
4.31
4.3
4.3
4.29
4.3
4.31
4.28
4.3
4.31
4.32
4.32
4.33
4.33
4.28
4.28
4.32
4.32
4.27
4.26
4.26
4.22
4.28
4.29
4.29
4.3
4.3
4.31
4.27
4.3
4.29
4.27
4.29
4.29
4.28
4.28
4.31
4.28
4.29
4.35
4.33
4.4
4.39
4.34
4.33
4.37
4.45
4.4
4.4
4.41
4.37
4.37
4.37
4.35
4.3
4.35
4.34
4.37
4.37
4.27
4.33
4.32
4.33
4.33
4.32
4.37
4.35
4.32
4.27
4.32
4.28
4.32
4.24
4.29
4.29
4.27
4.3
4.17
4.16
4.16
4.08
4.02
4.04
4.04
4.09
4.13
4.06
4.05
4.13
4.08
4.05
4.05
4.0
4.04
4.08
4.09
4.11
4.07
4.04
4.08
4.08
4.08
4.05
4.05
4.06
4.07
4.08
4.05
4.04
4.08
4.09
4.11
4.1
4.08
4.1
4.27
4.25
4.2
4.2
4.25
4.21
4.2
4.21
4.14
4.2
4.14
4.17
4.11
4.06
4.15
4.12
4.15
4.12
4.09
4.14
4.13
4.31
4.31
4.28
4.25
4.25
4.23
4.26
4.22
4.22
4.23
4.23
4.3
4.26
4.26
4.27
4.33
4.31
4.28
4.31
4.27
4.3
4.24
4.18
4.21
4.19
4.21
4.19
4.21
4.2
4.18
4.46
4.4
4.4
4.4
4.42
4.36
4.33
4.4
4.43
4.4
4.56
4.49
4.47
4.45
4.46
4.45
4.44
4.54
4.53
4.49
4.48
4.5
4.46
4.5
4.51
4.48
4.52
4.48
4.52
4.48
4.47
4.45
4.4
4.44
4.41
4.41
4.4
4.45
4.41
4.4
4.36
4.4
4.39
4.4
4.35
4.35
4.35
4.36
4.39
4.37
4.36
4.36
4.38
4.35
4.35
4.31
4.31
4.24
4.3
4.3
4.28
4.29
4.29
4.31
4.31
4.31
4.3
4.28
4.21
4.28
4.28
4.29
4.33
4.3
4.28
4.3
4.3
4.31
4.27
4.23
4.28
4.28
4.3
4.27
4.29
4.28
4.29
4.3
4.28
4.25
4.28
4.25
4.27
4.26
4.24
4.25
4.23
4.3
4.28
4.33
4.3
4.34
4.31
4.3
4.29
4.3
4.3
4.32
4.31
4.3
4.29
4.31
4.29
4.31
4.36
4.39
4.39
4.4
4.39
4.37
4.4
4.4
4.36
4.35
4.37
4.32
4.31
4.36
4.31
4.3
4.28
4.34
4.35
4.28
4.29
4.3
4.4
4.5
4.5
4.47
4.53
4.49
4.52
4.48
4.48
4.47
4.49
4.61
4.61
4.65
4.66
4.61
4.61
4.61
4.55
4.49
4.54
4.58
4.59
4.58
4.53
4.54
4.54
4.5
4.52
4.57
4.67
4.57
4.6
4.61
4.61
4.6
4.6
4.7
4.64
4.7
4.68
4.68
4.66
4.8
4.78
4.78
4.79
4.78
4.74
4.72
4.63
4.54
4.59
4.57
4.52
4.51
4.48
4.47
4.45
4.45
4.43
4.36
4.38
4.36
4.44
4.46
4.42
4.45
4.46
4.5
4.53
4.55
4.5
4.5
4.54
4.54
4.56
4.56
4.6
4.55
4.59
4.55
4.55
4.66
4.61
4.6
4.67
4.67
4.65
4.64
4.66
4.7
4.75
4.81
4.77
4.8
4.9
4.92
4.97
4.9
4.97
4.97
5.09
5.14
5.05
5.0
4.9
4.94
4.94
4.92
4.92
4.86
4.89
4.97
5.09
5.02
4.98
4.95
5.02
5.14
5.4
5.15
5.17
5.22
5.16
5.15
5.13
5.14
5.1
5.12
5.1
5.03
4.99
5.05
5.08
5.09
5.08
5.04
5.06
5.1
5.09
5.08
5.07
4.86
4.89
4.9
4.77
4.82
4.87
4.83
4.85
4.75
4.76
4.75
4.72
4.86
4.8
4.7
4.71
4.68
4.62
4.58
4.58
4.59
4.58
4.61
4.79
4.69
4.66
4.63
4.63
4.7
4.64
4.78
4.74
4.85
4.92
4.87
4.87
4.92
4.97
4.95
5.07
5.0
5.0
5.02
5.04
5.07
5.07
5.06
5.08
5.06
5.06
5.05
5.05
5.01
4.91
4.97
4.97
5.06
4.97
5.02
4.9
4.91
4.89
4.91
4.89
4.83
4.84
4.86
4.84
4.83
4.83
4.84
4.84
4.82
4.84
5.05
4.96
4.94
4.9
4.86
4.85
4.99
4.84
4.85
4.84
4.8
4.73
4.78
4.7
4.75
4.69
4.69
4.7
4.73
4.83
4.82
4.8
4.71
4.68
4.7
4.69
4.67
4.66
4.67
4.63
4.62
4.65
4.66
4.63
4.62
4.65
4.68
4.68
4.74
4.71
4.6
4.57
4.59
4.6
4.64
4.63
4.63
4.69
4.66
4.72
4.77
4.8
4.76
4.69
4.74
4.69
4.68
4.72
4.69
4.69
4.66
4.53
4.58
4.56
4.55
4.6
4.6
4.6
4.57
4.57
4.6
4.65
4.6
4.68
4.65
4.64
4.7
4.68
4.65
4.65
4.59
4.64
4.65
4.67
4.66
4.61
4.64
4.63
4.63
4.66
4.64
4.79
4.67
4.59
4.5
4.5
4.4
4.4
4.4
4.39
4.36
4.34
4.39
4.4
4.39
4.39
4.39
4.38
4.38
4.38
4.4
4.39
4.39
4.35
4.35
4.36
4.38
4.29
4.3
4.3
4.29
4.26
4.27
4.28
4.25
4.25
4.25
4.3
4.29
4.3
4.33
4.42
4.42
4.47
4.44
4.44
4.52
4.53
4.49
4.5
4.48
4.48
4.48
4.54
4.44
4.34
4.38
4.37
4.37
4.37
4.35
4.35
4.38
4.32
4.32
4.35
4.32
4.28
4.3
4.3
4.32
4.22
4.27
4.25
4.3
4.28
4.38
4.41
4.37
4.3
4.4
4.3
4.45
4.6
4.86
4.82
4.71
4.82
4.72
4.9
5.23
5.33
5.05
5.0
5.04
5.0
4.97
4.95
4.89
4.87
4.81
4.9
4.93
4.9
4.87
4.9
4.92
4.9
4.94
4.92
5.12
5.0
5.0
5.0
5.03
5.04
5.0
5.03
4.9
5.05
5.08
4.98
5.03
5.0
5.02
5.1
4.96
4.98
4.85
4.85
4.83
4.86
4.85
4.85
4.79
4.84
4.84
4.85
4.8
4.8
4.76
4.8
4.8
4.8
4.8
4.8
4.8
4.79
4.8
4.71
4.74
4.73
4.68
4.72
4.72
4.69
4.85
4.82
4.82
4.81
4.84
4.86
4.8
4.75
4.82
4.82
4.85
4.83
4.86
4.86
4.81
4.81
4.85
4.92
4.97
4.9
4.95
4.93
4.9
4.93
4.92
4.85
4.8
4.82
4.93
4.95
4.94
4.98
4.9
4.88
4.85
4.89
5.02
5.03
4.99
5.0
5.0
5.04
5.04
5.0
5.01
5.09
5.03
5.0
5.06
5.09
5.03
5.02
4.94
5.0
4.97
5.01
5.02
5.02
5.07
5.17
5.26
5.4
5.39
5.24
5.2
5.2
5.2
5.26
5.27
5.29
5.3
5.25
5.2
5.44
5.25
5.3
5.27
5.3
5.35
5.35
5.4
5.44
5.37
5.35
5.35
5.47
5.48
5.5
5.44
5.18
5.18
5.29
5.4
5.3
5.25
5.2
5.29
5.25
5.25
5.25
5.15
5.09
5.08
5.17
5.21
5.18
5.1
5.12
5.14
5.1
5.08
5.07
5.1
5.07
5.04
5.05
5.07
5.1
5.09
5.03
5.01
4.98
5.09
5.06
5.05
5.11
5.1
5.11
5.09
5.1
5.09
5.1
5.1
5.05
5.12
5.07
5.05
5.07
5.0
5.04
5.03
4.99
5.0
5.0
5.0
5.03
5.0
5.01
5.05
5.1
5.05
5.0
5.04
5.04
5.04
5.02
5.02
5.04
5.08
5.09
5.08
5.05
5.0
5.0
5.0
5.06
5.05
5.1
5.1
5.04
5.0
4.99
5.05
5.05
5.0
5.02
5.0
5.06
5.0
5.06
5.0
5.01
5.0
4.98
4.95
5.0
4.96
4.95
4.95
4.92
4.98
5.01
4.95
5.0
5.04
5.02
5.02
5.04
5.03
5.04
5.01
5.08
5.06
5.04
5.07
5.09
5.03
5.06
5.03
5.03
5.04
5.05
5.04
5.05
5.06
5.0
5.03
5.02
4.97
5.01
4.98
5.02
4.99
4.98
5.01
5.01
5.01
4.99
5.01
5.0
4.97
4.98
4.99
4.97
4.97
4.97
5.0
5.02
5.0
5.04
5.02
5.03
5.06
5.03
5.05
5.1
5.14
5.1
5.05
5.0
5.02
5.02
5.05
5.06
5.05
5.05
5.08
5.07
5.04
5.03
5.03
5.04
5.07
5.0
5.04
5.02
4.97
4.99
4.99
5.0
4.97
4.96
4.99
5.0
5.0
5.0
5.0
4.99
4.98
5.0
4.96
4.98
5.0
5.0
4.96
4.96
4.95
5.0
4.94
4.92
4.96
4.97
4.98
4.94
4.83
4.81
4.9
4.93
4.91
4.93
4.88
4.89
4.86
4.82
4.84
4.82
4.86
4.8
4.75
4.75
4.66
4.7
4.63
4.68
4.66
4.68
4.63
4.62
4.61
4.64
4.63
4.61
4.65
4.64
4.65
4.68
4.63
4.67
4.66
4.64
4.64
4.64
4.66
4.66
4.6
4.63
4.61
4.62
4.61
4.62
4.66
4.69
4.7
4.75
4.76
4.71
4.75
4.7
4.7
4.82
4.8
4.71
4.69
4.71
4.74
4.73
4.78
4.77
4.78
4.78
4.84
4.77
4.79
4.79
4.89
4.84
4.84
4.92
4.91
4.89
4.95
4.9
4.94
4.87
4.87
4.87
4.92
4.9
4.87
4.9
4.8
4.81
4.85
4.85
4.75
4.75
4.83
4.83
4.8
4.8
4.8
4.83
4.85
4.8
4.8
4.77
4.78
4.78
4.81
4.8
4.8
4.82
4.79
4.81
4.8
4.8
4.76
4.75
4.66
4.72
4.71
4.73
4.74
4.76
4.81
4.81
4.82
4.79
4.81
4.81
4.84
4.8
4.77
4.77
4.76
4.78
4.69
4.75
4.76
4.75
4.75
4.76
4.75
4.76
4.78
4.72
4.7
4.73
4.73
4.68
4.68
4.65
4.67
4.65
4.64
4.58
4.62
4.63
4.61
4.62
4.64
4.61
4.64
4.62
4.6
4.6
4.65
4.61
4.64
4.6
4.61
4.65
4.65
4.63
4.62
4.61
4.64
4.61
4.61
4.58
4.57
4.51
4.57
4.56
4.53
4.55
4.56
4.53
4.55
4.55
4.53
4.6
4.6
4.56
4.62
4.64
4.7
4.67
4.69
4.7
4.7
4.64
4.6
4.57
4.61
4.59
4.62
4.64
4.67
4.63
4.62
4.67
4.66
4.68
4.58
4.57
4.57
4.59
4.58
4.56
4.62
4.62
4.62
4.55
4.61
4.64
4.62
4.63
4.63
4.61
4.56
4.6
4.62
4.6
4.6
4.58
4.64
4.64
4.65
4.7
4.65
4.77
4.77
4.76
4.73
4.74
4.74
4.73
4.73
4.73
4.73
4.72
4.73
4.73
4.7
4.72
4.67
4.7
4.67
4.66
4.72
4.65
4.65
4.63
4.66
4.72
4.66
4.7
4.71
4.71
4.7
4.64
4.67
4.7
4.7
4.73
4.73
4.7
4.66
4.69
4.67
4.72
4.71
4.7
4.71
4.72
4.7
4.65
4.7
4.71
4.73
4.73
4.71
4.71
4.7
4.71
4.7
4.73
4.68
4.69
4.66
4.67
4.67
4.67
4.67
4.68
4.6
4.57
4.55
4.56
4.53
4.51
4.54
4.54
4.56
4.56
4.54
4.53
4.53
4.53
4.5
4.53
4.53
4.53
4.54
4.55
4.55
4.53
4.52
4.54
4.56
4.56
4.54
4.49
4.5
4.5
4.48
4.45
4.5
4.52
4.52
4.35
4.37
4.37
4.37
4.38
4.37
4.33
4.32
4.34
4.32
4.29
4.3
4.34
4.32
4.4
4.32
4.36
4.4
4.35
4.39
4.36
4.35
4.39
4.34
4.37
4.3
4.34
4.3
4.33
4.3
4.31
4.33
4.31
4.29
4.3
4.29
4.3
4.27
4.29
4.29
4.31
4.3
4.29
4.3
4.3
4.3
4.29
4.28
4.29
4.27
4.27
4.26
4.27
4.27
4.27
4.3
4.3
4.25
4.26
4.27
4.23
4.21
4.24
4.24
4.26
4.17
4.15
4.08
4.09
4.07
4.08
4.08
4.07
4.09
4.11
4.13
4.14
4.12
4.12
4.12
4.09
4.1
4.11
4.14
4.14
4.13
4.11
4.11
4.1
4.12
4.08
4.04
4.06
4.09
4.11
4.1
4.1
4.11
4.11
4.12
4.12
4.13
4.13
4.14
4.18
4.2
4.2
4.21
4.2
4.21
4.17
4.06
4.13
4.14
4.11
4.14
4.03
3.96
3.89
3.96
3.91
4.01
3.95
3.92
3.92
3.93
3.96
3.96
3.97
3.92
3.92
3.9
3.94
3.95
3.95
3.97
3.94
3.98
3.99
3.99
3.97
4.0
4.0
4.0
3.96
3.98
3.97
4.0
4.01
4.01
4.01
4.0
4.0
4.05
4.03
3.98
4.02
4.02
4.02
4.06
3.93
3.93
3.92
3.9
3.96
3.99
3.98
3.9
3.9
3.99
3.97
4.0
3.97
3.98
4.0
4.0
3.9
3.96
3.94
3.96
3.92
3.93
3.93
3.94
3.95
3.97
3.94
3.91
3.95
3.89
3.9
3.9
3.89
3.91
3.95
3.95
3.93
3.91
3.95
3.82
3.85
3.86
3.87
3.87
3.84
3.7
3.72
3.75
3.75
3.73
3.73
3.75
3.75
3.75
3.7
3.72
3.7
3.72
3.73
3.76
3.72
3.7
3.71
3.67
3.7
3.71
3.7
3.73
3.74
3.69
3.67
3.68
3.68
3.67
3.68
3.71
3.7
3.68
3.64
3.68
3.68
3.69
3.68
3.66
3.68
3.67
3.72
3.72
3.7
3.68
3.68
3.68
3.64
3.68
3.68
3.68
3.67
3.69
3.72
3.69
3.72
3.7
3.69
3.73
3.71
3.79
3.68
3.69
3.65
3.65
3.68
3.68
3.72
3.75
3.7
3.67
3.66
3.68
3.7
3.67
3.66
3.67
3.65
3.66
3.65
3.56
3.54
3.57
3.56
3.58
3.56
3.53
3.51
3.53
3.53
3.54
3.51
3.52
3.53
3.55
3.55
3.55
3.53
3.52
3.44
3.44
3.43
3.41
3.33
3.37
3.31
3.35
3.36
3.35
3.35
3.27
3.27
3.27
3.29
3.27
3.23
3.23
3.25
3.24
3.22
3.22
3.24
3.28
3.23
3.27
3.27
3.26
3.29
3.29
3.24
3.19
3.22
3.15
3.21
3.2
3.21
3.2
3.12
3.11
3.1
3.0
2.67
2.83
2.82
2.82
2.8
2.8
2.76
2.75
2.75
2.74
2.73
2.72
2.89
2.86
2.87
2.89
2.87
2.78
2.81
2.76
2.79
2.77
2.8
2.89
2.83
2.85
2.85
2.87
2.89
2.84
2.81
2.83
2.84
2.85
2.84
2.84
2.84
2.81
2.86
2.85
2.88
2.87
2.87
2.86
2.86
2.85
2.88
2.87
2.88
2.89
2.89
2.9
2.9
2.9
2.89
2.9
2.9
2.9
2.91
2.94
2.87
2.96
2.87
2.9
2.91
2.87
2.88
2.87
2.88
2.84
2.86
2.91
2.9
2.85
2.84
2.89
2.8
2.79
2.83
2.74
2.73
2.76
2.78
2.77
2.8
2.81
2.76
2.73
2.71
2.7
2.74
2.74
2.75
2.75
2.74
2.73
2.74
2.71
2.74
2.75
2.74
2.74
2.72
2.74
2.72
2.74
2.72
2.72
2.72
2.73
2.74
2.75
2.78
2.77
2.76
2.74
2.72
2.74
2.74
2.7
2.7
2.72
2.72
2.73
2.72
2.71
2.71
2.7
2.73
2.71
2.71
2.7
2.71
2.74
2.72
2.7
2.71
2.72
2.7
2.7
2.73
2.72
2.73
2.69
2.68
2.72
2.72
2.76
2.75
2.74
2.73
2.77
2.74
2.74
2.76
2.74
2.73
2.73
2.72
2.72
2.72
2.73
2.77
2.77
2.71
2.73
2.75
2.66
2.68
2.71
2.73
2.7
2.7
2.65
2.64
2.66
2.68
2.66
2.68
2.68
2.7
2.7
2.65
2.65
2.66
2.63
2.61
2.63
2.68
2.67
2.67
2.64
2.61
2.63
2.63
2.63
2.64
2.62
2.62
2.61
2.62
2.64
2.63
2.63
2.63
2.59
2.55
2.58
2.62
2.59
2.55
2.57
2.51
2.52
2.58
2.62
2.67
2.67
2.63
2.64
2.64
2.62
2.69
2.69
2.68
2.71
2.72
2.66
2.61
2.67
2.67
2.65
2.68
2.69
2.6
2.69
2.69
2.67
2.61
2.65
2.64
2.65
2.67
2.67
2.65
2.67
2.64
2.65
2.64
2.64
2.65
2.66
2.66
2.67
2.6
2.59
2.6
2.59
2.54
2.56
2.56
2.51
2.51
2.55
2.53
2.52
2.52
2.51
2.51
2.51
2.53
2.57
2.55
2.55
2.56
2.54
2.55
2.54
2.58
2.6
2.57
2.55
2.59
2.56
2.55
2.56
2.58
2.53
2.55
2.55
2.56
2.55
2.55
2.56
2.5
2.5
2.5
2.52
2.52
2.51
2.52
2.52
2.53
2.5
2.57
2.58
2.54
2.56
2.53
2.56
2.56
2.52
2.58
2.61
2.6
2.6
2.58
2.57
2.56
2.55
2.6
2.58
2.59
2.5
2.43
2.49
2.51
2.5
2.45
2.51
2.51
2.5
2.47
2.49
2.49
2.5
2.52
2.52
2.52
2.54
2.52
2.5
2.5
2.54
2.52
2.52
2.54
2.56
2.56
2.57
2.5
2.55
2.56
2.57
2.58
2.51
2.52
2.51
2.52
2.5
2.53
2.56
2.53
2.57
2.58
2.54
2.6
2.58
2.58
2.56
2.55
2.53
2.52
2.53
2.52
2.54
2.54
2.51
2.5
2.5
2.5
2.5
2.51
2.47
2.49
2.48
2.48
2.49
2.5
2.52
2.51
2.49
2.49
2.49
2.5
2.49
2.5
2.51
2.51
2.53
2.5
2.52
2.52
2.56
2.55
2.54
2.56
2.5
2.49
2.5
2.53
2.52
2.54
2.56
2.55
2.64
2.67
2.71
2.76
2.77
2.79
2.76
2.85
2.87
2.81
2.85
2.8
2.78
2.8
2.74
2.75
2.79
2.75
2.8
2.83
2.83
2.8
2.82
2.8
2.81
2.84
2.79
2.77
2.81
2.83
2.85
2.82
2.83
2.9
2.94
2.92
2.93
3.06
3.15
3.18
3.06
3.08
3.1
3.27
3.14
3.09
3.04
3.07
3.06
3.06
3.04
3.03
3.1
3.09
3.07
3.02
3.02
3.05
3.09
3.05
3.05
3.04
3.01
3.01
2.97
2.88
2.87
2.85
2.89
2.93
2.92
2.99
2.99
2.98
2.96
2.95
2.95
2.93
2.94
3.12
3.02
3.0
3.02
3.02
3.0
3.0
2.96
3.0
2.97
3.01
3.0
2.96
3.02
2.99
3.0
2.95
2.95
2.95
2.96
2.95
2.9
2.9
2.95
2.95
2.95
3.0
2.93
2.94
2.96
2.94
2.95
2.95
2.99
2.96
2.99
3.01
2.96
3.0
2.98
2.98
2.99
3.03
2.95
2.94
2.92
2.93
2.9
2.9
2.88
2.95
2.93
2.88
2.87
2.93
2.93
2.94
2.9
2.9
2.89
2.9
2.91
2.93
2.97
2.92
2.95
2.94
2.98
2.98
2.99
3.0
2.9
2.91
2.93
2.91
2.94
2.92
2.91
2.95
2.93
2.94
2.92
2.95
2.95
2.95
2.97
2.98
2.97
3.07
3.06
3.1
3.07
3.04
3.06
3.08
3.07
3.05
3.07
3.08
3.08
3.05
3.08
3.08
3.06
3.08
3.01
3.03
3.07
3.01
3.0
3.0
3.0
3.0
3.0
3.01
3.05
3.08
3.05
3.04
3.08
3.08
3.05
3.04
3.06
3.1
3.0
3.01
3.08
3.05
3.1
3.1
3.09
3.08
3.08
3.03
3.04
3.05
3.06
3.03
3.02
3.01
2.99
2.98
2.98
2.96
2.99
2.97
2.96
2.96
2.91
2.9
2.93
2.89
2.86
2.89
2.89
2.89
2.93
2.93
2.93
2.94
2.93
2.96
2.97
3.02
3.01
3.01
3.05
3.08
3.02
3.04
3.04
3.11
3.05
3.04
3.03
3.08
3.06
3.04
3.02
3.01
3.01
3.0
3.0
3.0
3.02
3.01
3.01
2.98
3.03
3.02
3.02
3.01
3.01
3.02
3.03
2.94
2.96
2.94
2.95
2.96
2.93
2.97
2.97
2.95
2.94
2.92
2.88
2.9
2.9
2.88
2.91
2.92
2.94
2.95
3.01
2.98
2.93
2.74
2.63
2.65
2.65
2.63
2.63
2.69
2.68
2.68
2.7
2.9
2.97
2.92
2.9
2.89
2.84
2.86
2.9
2.91
2.85
2.88
2.92
2.9
2.88
2.91
2.92
2.91
2.89
2.88
2.9
2.93
2.87
2.86
2.9
2.87
2.85
2.86
2.85
2.85
2.87
2.85
2.82
2.82
2.82
2.83
2.83
2.83
2.81
2.81
2.84
2.81
3.0
2.96
2.95
2.91
3.06
3.05
3.05
3.05
3.03
3.0
2.98
3.0
3.08
3.06
3.0
3.03
3.01
3.04
3.04
3.05
3.05
3.01
3.05
3.04
3.0
3.04
3.04
3.02
3.05
3.03
3.04
3.04
3.12
3.1
3.12
3.12
3.17
3.19
3.21
3.23
3.21
3.2
3.2
3.17
3.21
3.17
3.1
3.12
3.15
3.16
3.15
3.15
3.15
3.1
3.1
3.11
3.14
3.1
3.1
3.1
3.12
3.07
3.08
3.07
3.07
3.06
3.06
3.06
2.99
3.01
3.01
3.01
3.02
3.01
3.0
3.04
3.03
3.04
3.08
3.04
3.07
3.05
3.03
2.98
2.95
3.02
3.02
3.01
2.97
3.0
2.95
2.98
2.99
3.02
3.01
2.95
3.01
3.02
2.99
3.01
2.94
2.96
2.96
2.96
2.97
2.94
2.96
2.98
3.04
3.04
3.04
3.02
3.03
3.04
3.09
3.05
3.07
3.1
3.1
3.05
3.1
3.01
3.06
3.02
3.05
3.05
3.05
3.05
3.04
3.05
3.05
2.97
3.02
3.01
3.01
3.02
3.03
3.06
3.08
3.06
3.04
3.04
3.03
2.99
3.0
2.99
3.02
2.96
3.04
3.02
3.02
3.01
3.02
3.01
3.0
3.03
3.01
3.02
3.02
3.0
3.04
3.04
3.0
3.0
3.0
3.0
3.0
3.0
2.99
2.98
2.98
3.08
3.05
3.08
3.07
3.0
3.04
3.03
3.06
3.03
3.02
3.0
3.01
3.01
3.02
3.01
3.05
2.98
2.99
3.02
3.0
3.02
3.02
3.02
3.02
3.05
3.02
3.0
3.03
3.01
2.99
3.02
3.01
3.01
3.02
3.06
3.04
3.0
3.02
3.0
2.98
3.01
3.0
3.01
3.02
3.05
3.02
3.0
3.01
3.04
3.03
3.01
3.04
2.99
3.0
3.02
3.02
3.02
3.01
3.01
3.01
3.0
2.98
2.99
2.99
2.99
3.02
3.09
3.03
3.02
3.03
3.0
3.0
2.99
2.99
2.94
2.98
2.98
3.01
2.97
2.99
2.98
2.98
2.97
2.97
2.98
2.89
2.94
2.93
2.95
2.95
2.94
2.96
2.94
2.91
2.93
2.91
2.89
2.88
2.8
2.81
2.81
2.83
2.81
2.83
2.84
2.85
2.89
2.92
2.92
2.93
2.93
2.92
2.94
2.93
2.93
2.94
2.93
2.92
2.92
2.94
2.93
2.93
2.93
2.93
2.91
2.94
2.94
2.91
2.94
2.92
2.9
2.91
2.88
2.9
2.9
2.92
2.92
2.9
2.9
2.94
2.92
2.9
2.9
2.9
2.9
2.9
2.93
2.92
2.93
2.94
2.88
2.9
2.9
2.89
2.89
2.88
2.91
2.92
2.92
2.91
2.92
2.91
2.91
2.91
2.91
2.91
2.9
2.9
2.91
2.92
2.9
2.92
2.91
2.91
2.91
2.92
2.88
2.9
2.89
2.83
2.84
2.85
2.84
2.9
2.88
2.91
2.87
2.81
2.82
2.85
2.85
2.85
2.84
2.85
2.84
2.85
2.86
2.84
2.8
2.79
2.78
2.8
2.8
2.8
2.76
2.77
2.79
2.79
2.8
2.8
2.84
2.84
2.86
2.85
2.84
2.85
2.84
2.85
2.87
2.79
2.79
2.8
2.8
2.79
2.77
2.77
2.76
2.77
2.77
2.77
2.78
2.78
2.79
2.81
2.82
2.76
2.77
2.79
2.85
2.82
2.82
2.84
2.82
2.8
2.82
2.82
2.82
2.82
2.86
2.84
2.84
2.82
2.76
2.77
2.77
2.78
2.77
2.77
2.76
2.75
2.76
2.78
2.76
2.78
2.77
2.78
2.87
2.87
2.86
2.8
2.79
2.73
2.76
2.76
2.75
2.75
2.76
2.75
2.71
2.72
2.72
2.74
2.72
2.72
2.73
2.78
2.73
2.74
2.67
2.71
2.76
2.74
2.7
2.75
2.73
2.71
2.72
2.72
2.74
2.74
2.7
2.73
2.7
2.69
2.72
2.73
2.72
2.73
2.81
2.79
2.88
2.91
2.9
2.91
2.9
2.92
2.89
2.91
2.88
2.86
2.86
2.84
2.85
2.86
2.84
2.81
2.83
2.85
2.82
2.84
2.82
2.87
2.85
2.86
2.88
2.85
2.85
2.8
2.84
2.84
2.84
2.83
2.84
2.86
2.81
2.83
2.81
2.81
2.87
2.79
2.79
2.83
2.84
2.85
2.85
2.84
2.84
2.78
2.81
2.81
2.81
2.79
2.8
2.81
2.79
2.81
2.78
2.78
2.75
2.75
2.79
2.79
2.78
2.79
2.8
2.8
2.77
2.77
2.79
2.78
2.8
2.76
2.8
2.77
2.76
2.8
2.79
2.73
2.73
2.74
2.73
2.75
2.75
2.69
2.69
2.68
2.7
2.7
2.72
2.73
2.74
2.75
2.74
2.76
2.78
2.78
2.77
2.75
2.71
2.73
2.74
2.74
2.73
2.68
2.68
2.66
2.68
2.7
2.71
2.7
2.74
2.74
2.66
2.67
2.65
2.67
2.68
2.64
2.75
2.72
2.84
2.76
2.79
2.74
2.78
2.74
2.73
2.71
2.74
2.7
2.71
2.68
2.69
2.68
2.68
2.66
2.68
2.67
2.7
2.64
2.63
2.68
2.68
2.67
2.64
2.66
2.7
2.73
2.76
2.76
2.74
2.74
2.74
2.7
2.76
2.72
2.76
2.74
2.75
2.74
2.75
2.76
2.75
2.78
2.75
2.79
2.8
2.8
2.8
2.78
2.77
2.78
2.78
2.76
2.78
2.78
2.8
2.81
2.79
2.81
2.77
2.8
2.76
2.8
2.82
2.79
2.79
2.77
2.77
2.76
2.79
2.8
2.77
2.78
2.77
2.76
2.75
2.79
2.78
2.79
2.79
2.88
2.84
2.83
2.82
2.8
2.8
2.78
2.79
2.89
2.89
2.83
2.84
2.84
2.81
2.8
2.84
2.86
2.88
2.89
2.85
2.84
2.86
2.87
2.86
2.87
2.94
2.97
2.95
2.91
2.95
2.99
2.94
2.95
3.0
3.0
3.02
3.03
3.15
3.1
3.15
3.5
3.51
3.36
3.33
3.49
3.3
3.28
3.38
3.26
3.26
3.29
3.26
3.27
3.24
3.4
3.35
3.34
3.36
3.26
3.3
3.35
3.4
3.45
3.44
3.42
3.44
3.45
3.45
3.42
3.4
3.45
3.32
3.33
3.35
3.49
3.47
3.4
3.42
3.27
3.08
3.16
3.16
3.15
3.13
3.16
3.1
3.15
3.16
2.92
2.92
2.9
2.86
2.92
2.93
2.95
2.93
2.96
2.95
3.02
2.94
2.98
2.96
2.94
2.9
2.91
2.91
2.9
2.92
2.91
2.9
2.93
2.94
2.93
2.92
2.93
2.94
2.94
2.93
2.94
2.94
2.92
2.94
2.92
2.91
2.93
2.99
2.91
2.94
2.97
2.95
2.96
2.93
2.97
2.95
2.95
2.86
2.89
2.85
2.86
2.85
2.83
2.83
2.85
2.86
2.87
2.83
2.82
2.83
2.82
2.84
2.84
2.9
2.89
2.83
2.88
2.88
2.89
2.87
2.87
2.86
2.89
2.87
2.82
2.8
2.81
2.83
2.84
2.79
2.8
2.83
2.85
2.83
2.85
2.83
2.86
2.86
2.86
2.84
2.86
2.83
2.84
2.84
2.83
2.84
2.84
2.83
2.88
2.87
2.87
2.88
2.87
2.87
2.87
2.87
2.87
2.89
2.88
2.87
2.89
2.88
2.87
2.87
2.9
2.88
2.92
2.91
2.91
2.91
2.9
2.9
2.87
2.88
2.9
2.87
2.85
2.85
2.87
2.88
2.87
2.88
2.85
2.88
2.84
2.87
2.87
2.88
2.87
2.86
2.85
2.87
2.89
2.85
2.89
2.86
2.86
2.88
2.89
2.89
2.9
2.87
2.87
2.87
2.89
2.85
2.85
2.85
2.9
2.9
2.83
2.84
2.9
2.89
2.88
2.9
2.84
2.83
2.86
2.85
2.88
2.87
2.88
2.9
2.85
2.84
2.86
2.86
2.84
2.87
2.84
2.87
2.87
2.86
2.86
2.87
2.87
2.85
2.88
2.85
2.86
2.85
2.85
2.86
2.86
2.84
2.85
2.85
2.85
2.85
2.84
2.86
2.86
2.86
2.86
2.85
2.85
2.86
2.86
2.88
2.88
2.9
2.92
2.92
2.91
2.91
2.92
2.92
2.91
2.93
2.9
2.91
2.92
2.92
2.9
2.87
2.87
2.83
2.84
2.84
2.83
2.83
2.84
2.83
2.84
2.84
2.83
2.85
2.84
2.85
2.82
2.87
2.84
2.84
2.86
2.89
2.85
2.85
2.84
2.87
2.86
2.86
2.86
2.89
2.84
2.85
2.86
2.87
3.0
2.91
2.89
2.88
2.89
2.87
2.89
2.86
2.91
2.86
2.84
2.84
2.83
2.82
2.83
2.85
2.83
2.83
2.81
2.83
2.8
2.8
2.78
2.78
2.8
2.82
2.79
2.82
2.83
2.8
2.85
2.81
2.81
2.82
2.79
2.81
2.84
2.8
2.76
2.73
2.74
2.77
2.76
2.76
2.75
2.77
2.78
2.75
2.75
2.75
2.72
2.75
2.75
2.73
2.72
2.72
2.74
2.74
2.72
2.74
2.82
2.82
2.81
2.8
2.78
2.78
2.78
2.82
2.84
2.83
2.8
2.79
2.77
2.81
2.72
2.72
2.64
2.6
2.58
2.55
2.55
2.62
2.63
2.6
2.65
2.59
2.64
2.64
2.64
2.61
2.58
2.57
2.59
2.63
2.66
2.62
2.61
2.59
2.62
2.62
2.63
2.61
2.63
2.65
2.64
2.6
2.6
2.58
2.62
2.61
2.65
2.59
2.59
2.59
2.64
2.61
2.6
2.59
2.63
2.63
2.61
2.64
2.62
2.64
2.64
2.6
2.62
2.62
2.63
2.64
2.63
2.63
2.66
2.64
2.64
2.63
2.64
2.63
2.64
2.63
2.62
2.62
2.63
2.63
2.66
2.65
2.65
2.62
2.62
2.64
2.65
2.64
2.64
2.64
2.64
2.63
2.65
2.66
2.65
2.58
2.61
2.61
2.57
2.58
2.6
2.64
2.62
2.63
2.64
2.66
2.69
2.67
2.69
2.69
2.7
2.7
2.69
2.7
2.7
2.7
2.7
2.71
2.71
2.66
2.71
2.72
2.71
2.71
2.75
2.71
2.71
2.66
2.76
2.72
2.71
2.72
2.74
2.73
2.74
2.71
2.72
2.72
2.66
2.74
2.73
2.68
2.73
2.75
2.77
2.75
2.73
2.76
2.75
2.72
2.74
2.71
2.7
2.72
2.72
2.74
2.76
2.73
2.72
2.71
2.72
2.73
2.73
2.73
2.73
2.73
2.73
2.74
2.71
2.71
2.75
2.73
2.72
2.74
2.72
2.7
2.73
2.73
2.72
2.74
2.72
2.73
2.71
2.75
2.73
2.7
2.7
2.74
2.71
2.71
2.73
2.7
2.69
2.72
2.72
2.75
2.74
2.7
2.72
2.7
2.72
2.66
2.66
2.67
2.7
2.67
2.72
2.71
2.68
2.7
2.7
2.7
2.7
2.71
2.7
2.73
2.7
2.7
2.65
2.7
2.64
2.64
2.71
2.71
2.71
2.7
2.69
2.69
2.71
2.67
2.68
2.68
2.71
2.68
2.65
2.71
2.7
2.68
2.71
2.68
2.68
2.68
2.71
2.63
2.66
2.66
2.64
2.66
2.66
2.67
2.7
2.67
2.67
2.7
2.69
2.7
2.67
2.7
2.67
2.69
2.7
2.69
2.67
2.66
2.7
2.71
2.67
2.7
2.72
2.71
2.75
2.73
2.67
2.69
2.68
2.69
2.69
2.66
2.67
2.68
2.64
2.64
2.67
2.65
2.65
2.64
2.65
2.64
2.67
2.63
2.67
2.68
2.68
2.66
2.66
2.66
2.65
2.65
2.65
2.65
2.65
2.66
2.67
2.69
2.67
2.68
2.65
2.66
2.65
2.66
2.65
2.65
2.68
2.65
2.69
2.68
2.65
2.66
2.66
2.67
2.67
2.66
2.68
2.67
2.67
2.67
2.66
2.66
2.67
2.66
2.66
2.67
2.66
2.66
2.68
2.66
2.66
2.66
2.65
2.65
2.71
2.69
2.68
2.69
2.72
2.75
2.71
2.72
2.7
2.7
2.71
2.74
2.74
2.75
3.08
3.05
3.09
3.02
3.01
3.0
2.95
3.05
3.07
3.01
2.97
3.0
3.0
2.96
2.88
2.94
2.94
2.9
2.92
2.95
2.97
2.96
2.95
2.94
2.91
2.91
2.84
2.87
2.81
2.84
2.86
2.89
2.79
2.83
2.83
2.83
2.82
2.78
2.81
2.8
2.81
2.78
2.79
2.81
2.81
2.86
2.87
2.82
2.86
2.77
2.81
2.81
2.82
2.81
2.81
2.84
2.82
2.81
2.84
2.82
2.84
2.85
2.82
2.85
2.85
2.85
2.82
2.84
2.85
2.82
2.84
2.85
2.83
2.84
2.84
2.8
2.8
2.83
2.83
2.83
2.83
2.88
2.84
2.86
2.9
2.88
2.9
2.89
2.85
2.83
2.82
2.82
2.82
2.84
2.83
2.86
2.87
2.87
2.87
2.87
2.86
2.93
2.93
2.91
2.93
2.92
2.93
2.89
2.9
3.0
2.94
3.03
3.02
3.0
2.95
2.94
2.93
2.94
2.97
2.97
2.93
2.96
2.95
3.0
3.12
3.25
3.12
3.15
3.15
3.1
3.13
3.04
3.09
3.05
3.03
2.98
2.98
2.99
2.96
2.99
2.95
2.99
2.99
2.99
2.96
2.97
2.98
2.94
2.94
2.93
2.94
2.93
2.98
3.01
3.0
2.96
2.92
2.91
2.93
2.93
2.94
2.94
2.92
2.95
2.85
2.88
2.88
2.91
2.92
2.92
2.94
2.95
2.95
2.95
2.92
2.92
2.93
2.93
2.93
2.93
2.93
2.93
2.9
2.94
2.86
2.87
2.85
2.87
2.84
2.88
2.88
2.92
2.93
2.9
2.87
2.88
2.89
2.86
2.85
2.89
2.87
2.83
2.88
2.89
2.87
2.86
2.88
2.86
2.86
2.88
2.82
2.82
2.82
2.82
2.83
2.82
2.85
2.85
2.85
2.83
2.86
2.85
2.85
2.85
2.85
2.81
2.81
2.82
2.83
2.8
2.83
2.82
2.7
2.74
2.7
2.72
2.73
2.75
2.75
2.76
2.75
2.75
2.74
2.74
2.74
2.73
2.75
2.75
2.74
2.72
2.72
2.7
2.72
2.74
2.7
2.72
2.73
2.72
2.73
2.74
2.73
2.71
2.72
2.72
2.73
2.73
2.74
2.74
2.72
2.72
2.72
2.71
2.72
2.73
2.74
2.74
2.73
2.73
2.71
2.73
2.73
2.71
2.72
2.71
2.72
2.79
2.76
2.76
2.74
2.73
2.72
2.72
2.74
2.76
2.75
2.78
2.72
2.74
2.78
2.76
2.76
2.72
2.7
2.7
2.7
2.71
2.73
2.71
2.7
2.72
2.72
2.72
2.74
2.73
2.72
2.71
2.71
2.72
2.74
2.74
2.75
2.7
2.73
2.74
2.78
2.78
2.74
2.77
2.73
2.75
2.73
2.76
2.76
2.76
2.75
2.75
2.77
2.73
2.76
2.76
2.76
2.74
2.77
2.72
2.75
2.72
2.72
2.72
2.73
2.74
2.74
2.75
2.73
2.74
2.72
2.74
2.74
2.75
2.75
2.74
2.74
2.71
2.73
2.74
2.75
2.72
2.73
2.72
2.72
2.71
2.72
2.72
2.7
2.72
2.75
2.69
2.68
2.68
2.7
2.7
2.68
2.69
2.69
2.7
2.7
2.72
2.71
2.69
2.7
2.7
2.7
2.69
2.69
2.68
2.7
2.69
2.73
2.74
2.7
2.7
2.7
2.73
2.75
2.74
2.73
2.73
2.73
2.74
2.75
2.75
2.74
2.77
2.77
2.76
2.76
2.78
2.77
2.77
2.73
2.76
2.77
2.75
2.79
2.79
2.79
2.77
2.77
2.79
2.77
2.78
2.8
2.84
2.84
2.83
2.83
2.77
2.8
2.78
2.78
2.78
2.75
2.78
2.8
2.79
2.81
2.79
2.77
2.8
2.82
2.84
2.82
2.82
2.82
2.82
2.83
2.83
2.84
2.78
2.82
2.8
2.76
2.78
2.78
2.75
2.71
2.72
2.72
2.71
2.73
2.71
2.73
2.72
2.74
2.76
2.76
2.75
2.75
2.75
2.75
2.75
2.74
2.77
2.75
2.77
2.74
2.74
2.76
2.73
2.77
2.74
2.76
2.76
2.78
2.79
2.79
2.79
2.78
2.78
2.79
2.78
2.78
2.78
2.77
2.73
2.77
2.75
2.81
2.77
2.76
2.77
2.75
2.77
2.78
2.75
2.75
2.73
2.76
2.75
2.72
2.74
2.76
2.78
2.77
2.77
2.74
2.75
2.76
2.75
2.73
2.76
2.77
2.74
2.73
2.73
2.77
2.75
2.73
2.77
2.75
2.76
2.72
2.72
2.72
2.71
2.71
2.72
2.72
2.72
2.74
2.74
2.74
2.72
2.73
2.74
2.74
2.7
2.71
2.71
2.66
2.7
2.7
2.71
2.71
2.72
2.73
2.71
2.71
2.73
2.73
2.73
2.73
2.74
2.73
2.71
2.73
2.73
2.72
2.73
2.73
2.71
2.72
2.73
2.74
2.75
2.74
2.72
2.72
2.72
2.73
2.72
2.73
2.68
2.67
2.66
2.66
2.68
2.69
2.69
2.69
2.69
2.7
2.67
2.67
2.68
2.69
2.67
2.7
2.67
2.67
2.68
2.66
2.67
2.67
2.68
2.64
2.64
2.65
2.63
2.63
2.65
2.66
2.62
2.64
2.65
2.63
2.64
2.62
2.66
2.65
2.67
2.66
2.68
2.68
2.68
2.68
2.67
2.64
2.7
2.67
2.65
2.67
2.68
2.7
2.69
2.68
2.66
2.68
2.67
2.69
2.67
2.67
2.66
2.67
2.65
2.67
2.67
2.67
2.69
2.65
2.68
2.68
2.64
2.65
2.65
2.67
2.67
2.66
2.645
2.67
2.675
2.675
2.67
2.655
2.68
2.645
2.67
2.655
2.67
2.68
2.68
2.68
2.66
2.685
2.67
2.66
2.655
2.67
2.67
2.67
2.67
2.68
2.665
2.65
2.67
2.675
2.685
2.695
2.69
2.72
2.695
2.715
2.69
2.695
2.69
2.695
2.705
2.705
2.685
2.68
2.695
2.68
2.695
2.7
2.705
2.705
2.7
2.71
2.68
2.7
2.685
2.7
2.72
2.665
2.66
2.685
2.68
2.695
2.675
2.675
2.63
2.63
2.62
2.62
2.63
2.625
2.63
2.62
2.65
2.64
2.665
2.675
2.66
2.675
2.685
2.685
2.69
2.715
2.72
2.75
2.77
2.73
2.765
2.73
2.71
2.74
2.75
2.78
2.775
2.75
2.75
2.75
2.67
2.725
2.715
2.705
2.705
2.7
2.71
2.68
2.68
2.68
2.7
2.7
2.695
2.695
2.7
2.665
2.665
2.69
2.69
2.7
2.69
2.68
2.7
2.68
2.68
2.68
2.675
2.71
2.68
2.715
2.7
2.69
2.67
2.68
2.705
2.68
2.73
2.725
2.705
2.68
2.7
2.675
2.695
2.69
2.685
2.695
2.715
2.685
2.705
2.705
2.685
2.71
2.7
2.7
2.725
2.73
2.71
2.705
2.71
2.715
2.71
2.74
2.73
2.745
2.72
2.72
2.72
2.72
2.72
2.745
2.74
2.725
2.745
2.74
2.735
2.735
2.72
2.735
2.735
2.735
2.775
2.76
2.74
2.75
2.73
2.73
2.74
2.72
2.735
2.755
2.725
2.72
2.745
2.73
2.745
2.745
2.735
2.73
2.74
2.72
2.715
2.74
2.74
2.735
2.74
2.735
2.74
2.73
2.745
2.725
2.75
2.745
2.735
2.735
2.75
2.74
2.73
2.735
2.735
2.72
2.71
2.71
2.73
2.735
2.765
2.72
2.725
2.725
2.745
2.72
2.735
2.735
2.725
2.73
2.72
2.72
2.72
2.73
2.72
2.72
2.73
2.73
2.725
2.735
2.725
2.735
2.73
2.73
2.745
2.75
2.725
2.745
2.73
2.73
2.74
2.72
2.74
2.715
2.72
2.72
2.72
2.745
2.755
2.735
2.75
2.735
2.75
2.75
2.75
2.75
2.75
2.745
2.72
2.72
2.73
2.72
2.725
2.72
2.725
2.73
2.74
2.735
2.72
2.705
2.74
2.72
2.72
2.735
2.75
2.745
2.745
2.73
2.74
2.74
2.735
2.72
2.735
2.72
2.72
2.725
2.745
2.725
2.72
2.725
2.72
2.725
2.73
2.73
2.72
2.72
2.73
2.72
2.73
2.73
2.73
2.73
2.725
2.73
2.725
2.71
2.725
2.72
2.73
2.75
2.745
2.74
2.74
2.73
2.73
2.725
2.725
2.74
2.745
2.75
2.74
2.735
2.745
2.745
2.73
2.715
2.715
2.73
2.71
2.725
2.73
2.725
2.72
2.72
2.73
2.735
2.74
2.735
2.74
2.74
2.725
2.73
2.73
2.72
2.745
2.74
2.72
2.72
2.735
2.73
2.75
2.73
2.73
2.74
2.735
2.74
2.715
2.74
2.74
2.725
2.68
2.73
2.73
2.73
2.735
2.735
2.735
2.735
2.73
2.74
2.755
2.755
2.755
2.74
2.755
2.74
2.74
2.755
2.745
2.75
2.755
2.75
2.76
2.755
2.79
2.815
2.78
2.795
2.815
2.805
2.815
2.815
2.82
2.825
2.815
2.81
2.84
2.815
2.845
2.875
3.0
2.97
3.015
2.975
2.905
2.905
2.925
2.9
2.9
2.92
2.885
2.89
2.89
2.935
2.9
2.89
2.89
2.92
2.885
2.895
2.93
2.925
2.925
2.895
2.895
2.895
2.92
2.95
2.95
2.95
2.92
2.945
2.925
2.955
2.955
2.94
2.965
2.945
2.92
2.94
2.95
2.94
2.955
2.96
2.92
2.945
2.925
2.955
2.945
2.92
2.93
2.93
2.955
2.965
2.965
2.955
2.955
2.965
2.985
2.965
2.96
2.98
3.0
2.975
2.975
2.95
2.975
2.95
2.975
2.98
3.0
2.99
2.98
2.98
2.985
2.97
2.945
2.945
2.955
2.97
2.97
3.01
2.97
2.97
2.935
2.975
2.96
2.985
2.985
2.965
2.94
2.88
2.85
2.875
2.91
2.92
2.895
2.895
2.915
2.915
2.93
2.95
2.95
2.95
2.93
2.9
2.9
2.945
2.945
2.95
2.95
2.95
2.95
2.92
2.9
2.94
2.94
2.93
2.925
2.92
2.945
2.92
2.945
2.945
2.935
2.935
2.945
2.92
2.925
2.9
2.88
2.92
2.92
2.87
2.895
2.9
2.89
2.905
2.905
2.895
2.9
2.895
2.9
2.9
2.9
2.9
2.9
2.9
2.895
2.86
2.895
2.9
2.905
2.9
2.9
2.88
2.88
2.93
2.95
2.93
2.925
2.96
2.95
2.94
3.05
3.02
3.05
3.05
3.015
3.045
3.03
3.03
3.035
3.03
3.05
3.02
3.02
3.015
2.995
2.975
2.945
2.965
2.93
2.975
2.96
2.95
2.96
2.96
2.96
2.955
2.97
2.97
2.975
2.95
2.955
2.95
2.96
2.95
2.945
2.96
2.955
2.95
2.955
2.935
2.955
2.955
2.95
2.925
2.955
2.955
2.96
2.96
2.955
2.955
2.95
2.945
2.93
2.95
2.945
2.935
2.955
2.945
2.91
2.95
2.955
2.95
2.865
2.945
2.945
2.95
2.955
2.955
2.96
2.96
2.98
2.94
2.95
2.975
2.91
2.98
2.95
2.945
2.95
2.94
2.935
2.955
2.985
2.945
2.985
2.99
2.955
2.985
2.96
2.975
2.98
2.935
2.975
2.975
2.96
2.955
2.975
2.98
2.98
2.99
2.97
2.98
2.995
2.975
2.96
2.96
2.98
2.975
2.96
2.97
2.97
2.985
2.99
2.975
2.99
2.99
2.985
2.99
2.995
2.98
2.99
2.975
2.975
2.975
2.99
3.0
3.01
3.01
3.05
3.04
3.05
3.06
3.05
3.04
3.04
3.055
3.065
3.1
3.145
3.065
3.105
3.06
3.07
3.09
3.11
3.1
3.17
3.3
3.285
3.375
3.445
3.45
3.45
3.435
3.295
3.32
3.27
3.35
3.325
3.305
3.31
3.25
3.265
3.29
3.25
3.325
3.35
3.305
3.36
3.33
3.35
3.18
3.29
3.31
3.295
3.32
3.32
3.325
3.32
3.34
3.35
3.365
3.36
3.395
3.455
3.355
3.35
3.33
3.29
3.25
3.225
3.24
3.235
3.25
3.235
3.235
3.26
3.275
3.24
3.215
3.245
3.26
3.28
3.255
3.255
3.255
3.275
3.28
3.29
3.385
3.325
3.34
3.33
3.33
3.37
3.385
3.43
3.69
3.66
3.68
3.62
3.605
3.41
3.465
3.46
3.605
3.605
3.615
3.55
3.545
3.48
3.535
3.46
3.46
3.39
3.425
3.4
3.395
3.405
3.405
3.405
3.4
3.405
3.325
3.355
3.355
3.36
3.365
3.37
3.345
3.36
3.36
3.595
3.5
3.435
3.455
3.495
3.5
3.595
3.555
3.575
3.545
3.545
3.53
3.525
3.465
3.53
3.51
3.515
3.535
3.52
3.53
3.505
3.49
3.475
3.475
3.46
3.425
3.45
3.46
3.47
3.49
3.495
3.45
3.405
3.445
3.415
3.49
3.455
3.48
3.48
3.515
3.505
3.505
3.495
3.49
3.475
3.485
3.46
3.465
3.49
3.455
3.46
3.465
3.44
3.485
3.535
3.57
3.69
3.64
3.51
3.53
3.535
3.495
3.52
3.52
3.58
3.545
3.47
3.47
3.49
3.48
3.495
3.51
3.51
3.515
3.55
3.565
3.565
3.565
3.48
3.51
3.56
3.505
3.565
3.595
3.625
3.67
3.63
3.625
3.63
3.615
3.6
3.56
3.59
3.59
3.59
3.625
3.63
3.585
3.62
3.615
3.585
3.6
3.595
3.605
3.61
3.61
3.655
3.625
3.595
3.585
3.605
3.585
3.58
3.545
3.56
3.54
3.545
3.55
3.595
3.595
3.6
3.58
3.56
3.56
3.6
3.6
3.62
3.6
3.63
3.62
3.62
3.615
3.615
3.59
3.61
3.605
3.605
3.61
3.63
3.64
3.665
3.655
3.73
3.71
3.705
3.705
3.705
3.71
3.72
3.74
3.75
3.815
3.895
3.855
3.925
3.995
3.94
3.95
4.055
3.985
3.99
4.07
4.425
4.35
4.295
4.31
4.375
4.515
4.42
4.4
4.43
4.53
4.38
4.445
4.31
4.27
4.36
4.33
4.4
4.28
4.15
4.14
4.1
4.125
4.11
4.05
4.0
3.95
4.0
4.01
3.895
3.89
3.85
3.885
3.9
3.81
3.815
3.855
3.895
3.925
3.935
3.88
3.855
3.85
3.835
3.83
3.745
3.76
3.8
3.74
3.77
3.755
4.15
4.075
3.99
4.345
4.1
4.15
4.055
4.015
4.03
4.025
4.055
4.01
4.08
4.15
4.175
4.168
4.16
4.122
4.13
4.06
4.04
4.03
4.07
4.06
4.024
4.028
4.05
4.058
4.026
4.02
4.05
4.026
4.074
4.088
4.06
4.06
4.084
4.08
3.988
3.988
3.962
3.948
3.922
3.884
3.894
3.898
3.848
3.85
3.856
3.828
3.802
3.846
3.832
3.86
3.924
3.84
3.876
3.826
3.822
3.786
3.774
3.798
3.822
3.79
3.86
3.854
3.814
3.754
3.818
3.834
3.838
3.83
3.844
3.822
3.792
3.802
3.812
3.84
3.85
3.804
3.866
3.874
3.904
3.918
3.916
3.9
3.864
3.878
3.86
3.858
3.894
3.89
3.844
3.852
3.848
3.85
3.84
3.858
3.816
3.854
3.852
3.82
3.84
3.84
3.844
3.84
3.802
3.82
3.834
3.78
3.662
3.65
3.7
3.698
3.62
3.628
3.616
3.66
3.67
3.678
3.678
3.678
3.682
3.66
3.668
3.658
3.638
3.63
3.646
3.63
3.64
3.64
3.67
3.694
3.684
3.658
3.694
3.68
3.664
3.696
3.664
3.708
3.76
3.796
3.77
3.756
3.754
3.73
3.72
3.646
3.642
3.65
3.652
3.674
3.666
3.676
3.676
3.688
3.67
3.668
3.65
3.65
3.664
3.664
3.664
3.664
3.662
3.644
3.658
3.644
3.65
3.662
3.652
3.652
3.652
3.652
3.68
3.708
3.704
3.702
3.7
3.7
3.706
3.724
3.7
3.678
3.74
3.756
3.766
3.77
3.754
3.754
3.76
3.738
3.756
3.758
3.772
3.78
3.778
3.77
3.766
3.784
3.802
3.82
3.948
3.966
3.906
3.898
3.938
3.902
3.828
3.844
3.868
3.868
3.88
3.892
3.938
3.936
3.936
3.94
3.936
3.928
3.956
3.954
3.944
3.928
3.942
3.954
3.938
3.934
3.97
3.974
3.978
3.99
3.982
3.944
3.96
3.972
3.866
3.844
3.972
3.902
3.902
3.866
3.868
3.872
3.868
3.83
3.846
3.834
3.856
3.83
3.824
3.82
3.82
3.836
3.856
3.86
3.852
3.896
3.888
3.932
3.916
3.91
3.92
3.91
3.872
3.902
3.9
3.894
3.862
3.9
3.864
3.864
3.882
3.894
3.942
3.932
4.042
4.018
3.96
4.02
4.0
4.112
4.078
4.064
4.05
4.052
4.034
4.12
4.118
4.06
4.036
4.06
4.012
4.062
4.086
4.05
3.992
4.0
3.926
3.904
4.018
4.02
4.06
4.002
4.048
3.988
3.964
3.98
4.026
3.896
4.04
3.94
3.934
4.0
4.008
3.968
3.92
3.97
3.98
4.036
3.996
4.0
4.0
3.98
3.976
3.966
3.986
3.986
3.964
3.982
3.972
3.972
3.986
3.976
3.956
3.958
3.932
3.958
3.97
3.98
3.972
4.02
4.008
3.972
3.982
4.0
3.998
4.0
3.992
4.026
3.988
4.076
4.058
4.012
4.07
4.038
4.002
4.012
4.06
4.07
4.058
3.998
4.006
3.996
4.01
4.018
4.004
4.016
3.994
4.024
4.024
4.062
4.034
4.0
4.02
4.036
4.03
3.996
3.972
3.992
4.002
3.982
3.998
3.988
3.998
3.99
4.0
4.008
4.02
3.97
4.028
4.02
4.014
3.994
3.996
3.94
3.952
3.952
3.99
3.964
3.99
3.998
4.0
4.0
3.98
4.0
4.0
4.022
3.998
3.998
4.0
3.99
3.988
4.006
3.974
3.994
3.984
4.002
4.012
4.012
3.992
3.994
4.006
4.006
3.988
4.008
3.972
3.992
3.988
3.97
3.978
3.972
3.968
3.98
3.948
3.946
3.948
3.95
3.966
3.948
3.962
3.968
3.99
3.984
3.976
3.99
3.976
3.982
3.994
4.0
3.96
3.948
3.918
3.96
4.004
3.998
3.982
3.99
3.98
3.978
4.0
3.988
4.002
4.01
3.994
4.01
4.02
4.018
4.0
3.98
4.028
4.006
4.0
4.018
4.06
4.218
4.168
4.1
4.148
4.16
4.196
4.186
4.188
4.156
4.106
4.05
4.118
4.12
4.102
4.1
4.116
4.08
4.07
4.07
4.07
4.07
4.16
4.144
4.054
4.054
4.062
4.084
4.072
4.096
4.062
4.046
4.046
4.04
4.032
4.044
4.016
4.014
4.01
4.006
4.022
4.0
4.01
4.008
4.01
4.008
4.008
4.002
4.014
4.006
4.04
4.03
4.038
4.008
4.006
4.024
4.0
4.004
4.004
4.002
4.004
4.0
4.018
3.996
3.97
3.982
3.978
3.974
3.988
3.996
4.01
4.006
4.018
4.006
3.992
4.004
4.038
4.028
4.036
3.99
4.028
3.994
3.998
3.994
3.994
4.012
4.002
4.0
4.0
4.012
4.0
4.01
4.024
3.996
4.078
4.078
4.086
4.116
4.124
4.112
4.176
4.176
4.172
4.168
4.166
4.168
4.118
4.122
4.158
4.176
4.12
4.112
4.118
4.118
4.062
4.068
4.04
4.032
4.032
4.03
4.034
4.074
4.058
4.078
4.12
4.112
4.11
4.132
4.14
4.132
4.158
4.146
4.162
4.104
4.16
4.112
4.14
4.114
4.108
4.102
4.09
4.042
4.048
4.096
4.042
4.058
4.042
4.078
4.048
4.076
4.05
4.048
4.068
4.026
4.026
4.026
4.046
4.04
4.024
4.028
4.092
4.06
4.062
4.088
4.096
4.074
4.042
4.036
4.032
4.032
4.054
4.0
3.98
4.038
4.036
4.008
4.038
4.032
3.944
3.97
3.97
3.974
3.968
3.968
3.96
3.968
3.968
3.984
3.972
3.974
3.97
3.986
3.98
3.984
3.988
3.99
3.984
3.99
3.996
3.994
3.988
3.984
3.922
3.934
3.932
3.96
3.974
3.962
3.97
3.98
3.99
3.988
4.02
3.994
3.994
4.018
3.994
4.02
3.97
3.994
4.012
4.01
4.012
3.994
3.976
3.98
4.024
3.99
4.024
3.99
4.024
3.972
3.972
4.002
4.0
4.006
3.99
3.99
3.99
3.97
3.926
3.962
4.0
4.0
3.972
3.92
3.998
3.99
3.99
3.96
3.99
3.954
3.954
3.85
3.952
3.932
4.0
4.0
4.0
3.97
3.972
3.962
3.998
3.982
3.998
3.998
4.0
3.998
3.984
3.96
3.984
3.972
4.018
4.018
3.972
3.994
4.058
4.1
4.002
4.05
4.02
4.022
4.024
4.052
4.002
4.042
4.038
4.034
4.034
4.046
4.05
4.04
4.05
4.08
4.07
4.024
4.0
3.992
3.982
3.99
3.99
4.0
4.006
3.982
3.96
3.96
3.986
4.006
3.992
4.088
3.986
4.034
4.116
4.006
4.004
3.992
3.998
3.998
3.992
3.918
3.918
3.916
3.868
3.912
3.872
3.898
3.886
3.962
3.938
3.864
3.91
3.92
3.93
3.92
3.952
3.924
3.908
3.908
3.902
3.894
3.938
3.946
3.952
3.932
3.952
3.958
3.932
3.946
3.932
3.958
3.998
3.998
3.958
3.98
4.0
3.998
3.972
3.974
3.962
3.962
3.972
3.992
3.964
3.966
3.96
3.966
3.99
3.988
3.998
3.978
3.972
3.932
3.926
3.99
3.992
3.956
3.956
3.978
3.94
3.934
3.934
3.97
3.97
3.93
3.932
3.932
3.984
3.968
3.948
3.978
3.968
3.932
3.922
3.93
3.918
3.918
3.918
3.92
3.89
3.89
3.88
3.816
3.87
3.842
3.814
3.75
3.77
3.788
3.776
3.798
3.8
3.8
3.81
3.83
3.864
3.758
3.75
3.754
3.76
3.75
3.768
3.808
3.818
3.768
3.794
3.756
3.756
3.758
3.756
3.73
3.758
3.702
3.738
3.702
3.718
3.702
3.7
3.7
3.718
3.716
3.69
3.706
3.604
3.64
3.64
3.6
3.59
3.584
3.6
3.554
3.516
3.55
3.568
3.58
3.5
3.504
3.558
3.5
3.502
3.548
3.526
3.546
3.5
3.5
3.544
3.508
3.5
3.504
3.502
3.5
3.5
3.54
3.518
3.554
3.508
3.62
3.84
3.84
3.86
3.878
3.88
3.862
3.866
3.86
3.8
3.83
3.764
3.762
3.868
3.816
3.838
3.828
3.81
3.84
3.83
3.822
3.812
3.81
3.8
3.802
3.848
3.822
3.83
3.846
3.82
3.822
3.83
3.87
3.87
3.87
3.87
3.882
3.88
3.9
4.0
3.932
3.93
3.938
3.94
3.942
3.93
3.95
4.01
3.98
3.998
3.932
3.93
3.92
3.96
3.988
3.94
3.988
3.988
3.98
4.1
4.08
4.08
4.01
3.952
3.956
3.962
3.96
3.962
3.956
3.956
4.062
4.046
4.044
3.996
4.0
4.024
3.99
4.012
3.98
4.014
3.978
3.95
3.94
3.83
3.828
3.856
3.85
3.85
3.86
3.86
3.868
3.87
3.89
3.898
3.878
3.88
3.9
3.91
3.884
3.882
3.882
3.888
3.884
3.884
3.88
3.914
3.86
3.842
3.908
3.896
3.91
3.91
3.938
3.892
3.94
3.9
3.9
3.902
3.89
3.898
3.904
3.89
3.888
3.898
3.87
3.872
3.874
3.826
3.89
3.87
3.87
3.85
3.84
3.838
3.838
3.88
3.838
3.898
3.998
3.912
3.872
3.872
3.908
3.948
3.99
3.952
3.906
3.91
3.92
3.928
3.916
3.916
3.916
3.938
3.95
3.98
3.978
3.976
3.91
3.902
3.9
3.902
3.95
3.904
3.93
3.94
3.902
3.89
3.938
3.932
3.91
3.91
3.95
3.948
3.9
3.86
3.888
3.9
3.9
3.934
3.9
3.872
3.87
3.872
3.92
3.862
3.886
3.892
3.89
3.892
3.89
3.89
3.864
3.888
3.864
3.918
3.872
3.874
3.878
3.882
3.882
3.874
3.9
3.9
3.9
3.902
3.9
3.944
3.938
3.926
3.938
3.894
3.934
3.936
3.894
3.932
3.944
3.9
3.902
3.9
3.94
3.94
3.94
3.892
3.924
3.928
3.902
3.902
3.906
3.908
3.926
3.91
3.906
3.912
3.96
3.93
3.932
3.928
3.936
3.934
3.94
3.958
3.96
3.964
4.012
4.028
4.018
4.028
3.984
4.002
4.046
4.008
4.0
4.004
4.004
4.006
3.996
4.01
4.03
4.004
4.0
3.998
4.0
3.996
4.0
3.99
3.972
3.97
3.98
3.962
3.966
3.986
3.968
3.966
3.972
3.944
3.958
3.988
3.992
3.988
3.988
3.988
3.99
3.986
3.982
3.98
3.94
3.988
3.988
3.988
3.992
4.012
4.048
3.996
4.018
3.994
3.994
3.994
4.002
4.012
4.0
4.0
4.006
3.998
3.99
4.0
3.994
4.01
3.998
4.014
3.996
4.026
4.008
4.0
4.032
4.016
4.012
4.016
4.018
4.024
4.022
3.992
3.99
3.992
3.98
3.988
3.96
3.962
3.96
3.982
3.956
3.946
3.99
3.992
3.994
4.006
4.004
3.998
3.998
3.998
4.0
3.99
3.996
3.996
4.012
4.01
4.008
4.028
4.038
4.02
4.02
4.088
4.064
4.062
4.036
4.046
4.022
4.08
4.022
4.014
4.014
4.022
4.022
4.028
4.022
4.02
4.024
4.022
4.038
4.054
4.034
4.052
4.034
4.038
4.054
4.028
4.044
4.028
4.018
4.028
4.042
4.038
4.04
4.042
4.034
4.018
4.03
4.03
4.034
4.012
4.006
4.002
4.01
4.002
3.998
4.02
3.998
4.008
4.008
4.014
4.008
4.068
4.04
4.02
4.064
4.062
4.062
4.078
4.05
4.036
4.034
4.026
4.03
4.022
4.044
4.046
4.026
4.024
4.032
4.026
4.024
4.01
4.042
4.032
4.02
4.044
4.022
4.022
4.022
4.012
4.014
4.016
4.02
4.032
4.01
4.0
4.002
4.026
3.998
4.004
4.004
3.998
3.998
4.0
3.99
3.992
3.994
3.994
3.992
4.008
4.0
3.998
4.0
3.998
3.998
3.982
3.988
3.96
4.0
4.0
3.998
4.004
4.004
4.006
4.004
3.998
4.0
4.004
3.998
4.004
3.998
4.002
4.004
3.998
4.002
4.006
4.004
4.0
4.0
4.0
4.004
3.998
4.0
4.0
3.998
3.994
4.014
4.01
4.012
4.012
4.002
4.008
4.006
4.0
3.99
4.014
4.002
4.002
4.002
4.0
3.99
3.982
3.988
3.964
3.986
3.982
3.98
3.976
4.162
4.022
4.04
4.106
4.084
4.096
4.136
4.088
4.11
4.11
4.108
4.086
4.084
4.138
4.134
4.186
4.168
4.154
4.182
4.19
4.188
4.188
4.21
4.21
4.186
4.188
4.19
4.2
4.186
4.178
4.158
4.214
4.208
4.186
4.17
4.176
4.176
4.128
4.168
4.198
4.196
4.168
4.16
4.174
4.16
4.16
4.16
4.18
4.166
4.196
4.188
4.168
4.144
4.184
4.184
4.142
4.142
4.14
4.198
4.18
4.18
4.16
4.17
4.198
4.198
4.166
4.198
4.198
4.182
4.182
4.198
4.2
4.18
4.18
4.178
4.14
4.178
4.19
4.19
4.168
4.176
4.172
4.162
4.188
4.158
4.15
4.138
4.138
4.138
4.12
4.132
4.102
4.1
4.086
4.09
4.088
4.07
4.066
4.064
4.066
4.072
4.016
4.046
4.024
4.022
4.0
4.004
4.0
4.0
3.998
4.002
3.998
3.998
3.998
3.998
3.998
4.002
4.058
4.052
4.036
4.046
4.034
4.06
4.014
4.038
4.024
4.012
4.06
4.04
4.068
4.07
4.05
4.064
4.098
4.108
4.106
4.068
4.082
4.038
4.038
4.032
4.038
4.034
4.034
4.034
4.034
4.02
4.036
4.036
4.026
4.022
4.03
4.03
4.026
4.0
4.022
4.022
4.024
4.01
4.01
4.02
3.886
3.92
3.92
3.99
3.98
3.98
4.35
5.2
5.228
5.242
4.992
5.04
4.944
5.582
5.39
5.506
5.514
5.42
5.118
5.04
4.968
5.07
5.084
4.8
4.712
4.84
4.87
5.044
4.82
4.748
4.806
4.69
5.112
5.092
5.03
4.976
4.9
4.886
4.886
4.856
4.832
4.902
4.756
4.74
4.72
4.706
4.686
4.626
4.636
4.616
4.758
4.814
4.738
4.7
4.69
4.69
4.69
4.69
4.702
4.718
4.718
4.714
4.676
4.684
4.674
4.676
4.67
4.69
4.73
4.696
4.694
4.682
4.714
4.716
4.708
4.73
4.694
4.692
4.694
4.694
4.682
4.702
4.708
4.68
4.68
4.688
4.68
4.652
4.686
4.692
4.678
4.688
4.704
4.66
4.672
4.702
4.676
4.654
4.68
4.674
4.644
4.638
4.674
4.65
4.636
4.486
4.468
4.484
4.488
4.496
4.43
4.43
4.486
4.5
4.44
4.444
4.516
4.476
4.478
4.48
4.49
4.47
4.466
4.474
4.446
4.45
4.478
4.49
4.48
4.454
4.434
4.52
4.5
4.526
4.524
4.524
4.504
4.48
4.508
4.494
4.508
4.49
4.496
4.48
4.48
4.434
4.456
4.454
4.454
4.448
4.41
4.25
4.204
4.246
4.234
4.204
4.258
4.298
4.314
4.314
4.39
4.372
4.364
4.364
4.35
4.324
4.232
4.204
4.088
3.962
4.032
3.964
3.974
3.998
3.988
3.972
3.96
3.874
4.032
4.058
3.982
4.022
4.01
4.008
4.004
4.028
4.002
4.022
4.01
4.002
4.122
4.1
4.09
4.078
4.056
4.058
4.026
4.052
4.05
4.064
4.314
4.796
4.48
4.448
4.262
4.602
4.57
4.382
4.336
4.184
4.252
4.256
4.202
4.19
4.158
4.156
4.142
4.134
4.132
4.066
4.126
4.1
4.13
3.804
3.956
3.99
3.998
4.076
3.978
3.998
3.998
3.944
3.974
3.974
3.948
3.95
3.952
3.996
3.994
4.02
3.976
3.954
3.95
3.89
3.83
3.558
3.746
3.786
3.786
3.54
3.686
3.764
3.77
3.736
3.676
3.748
3.656
3.778
3.684
3.496
3.494
3.696
3.726
3.678
3.72
3.72
3.716
3.754
3.792
3.822
3.82
3.856
3.892
3.988
3.898
3.894
3.8
3.668
3.62
3.63
3.538
3.442
3.414
3.448
3.62
3.514
3.4
3.286
3.452
3.568
3.444
3.452
3.492
3.508
3.518
3.54
3.854
3.95
3.958
4.25
4.08
4.002
4.002
4.012
4.004
4.092
4.024
4.012
4.068
4.038
4.048
4.114
4.072
4.06
4.126
4.08
4.164
4.134
4.082
4.1
4.092
4.1
4.096
4.164
4.12
4.09
4.03
4.008
4.002
4.032
4.07
4.02
4.07
4.074
4.124
4.1
4.07
4.032
3.942
4.034
3.99
4.014
4.004
4.0
4.0
4.004
3.85
3.73
3.744
3.7
3.72
3.89
3.896
3.892
3.9
3.802
3.802
3.81
3.8
3.826
3.918
4.548
4.368
4.07
4.1
4.0
3.934
3.962
3.968
3.982
3.978
4.004
4.002
4.006
3.998
3.998
4.008
4.008
4.07
4.08
4.08
4.002
4.0
4.03
4.022
4.08
4.0
4.014
4.002
4.002
4.09
4.09
4.076
4.016
4.012
4.13
4.124
4.04
4.03
4.08
4.01
4.014
4.008
4.036
4.036
4.036
4.03
4.012
4.024
3.996
3.994
3.992
4.024
4.006
4.0
3.998
3.998
4.024
3.998
3.998
4.0
4.034
4.03
4.004
4.0
4.004
4.0
3.998
3.998
3.998
3.96
3.978
3.976
3.976
3.98
4.024
4.02
3.99
3.99
3.97
3.958
3.998
4.0
4.008
3.996
4.03
4.03
4.046
4.08
4.05
4.066
4.054
4.042
4.034
3.998
3.99
3.974
3.98
3.984
3.988
3.986
3.986
3.998
3.998
3.986
4.05
4.05
4.002
4.002
3.998
4.01
4.01
3.998
3.998
3.992
4.0
3.994
4.0
4.0
4.0
3.998
3.992
3.992
4.03
4.02
4.0
4.0
3.998
4.0
4.0
3.998
4.0
3.996
3.996
4.0
3.998
3.992
3.992
3.992
4.02
4.012
4.018
4.02
4.018
4.018
4.05
4.002
3.998
3.982
3.998
3.994
4.0
4.0
3.998
3.994
3.994
3.994
3.994
3.994
3.992
3.992
3.992
3.99
3.994
4.0
4.0
4.0
3.998
3.998
3.998
3.996
4.002
4.01
4.05
4.01
4.0
4.0
4.0
4.0
3.998
3.996
4.05
4.01
4.052
4.026
4.016
4.0
4.0
3.998
4.006
4.006
4.0
4.012
3.998
3.996
4.0
3.996
3.996
3.996
3.992
3.994
3.998
4.06
4.008
4.01
4.014
4.012
4.01
4.01
4.008
4.006
4.01
4.004
4.0
4.01
4.01
4.046
4.012
4.312
4.194
4.0
3.97
4.0
4.022
4.0
4.004
4.008
3.97
3.96
3.998
3.992
3.98
3.974
3.98
3.978
3.974
3.97
3.972
3.98
3.972
3.974
4.0
4.0
4.02
3.998
4.02
4.0
4.0
3.998
3.998
4.002
4.008
4.02
4.03
4.03
4.03
4.01
4.032
4.0
4.028
4.026
4.0
4.0
4.002
4.002
4.03
4.036
4.052
4.018
4.004
4.004
4.024
4.07
4.048
4.046
4.076
4.084
4.03
4.028
4.002
4.03
4.004
4.0
4.0
4.0
3.99
3.986
3.99
4.032
3.992
4.008
4.048
4.002
4.022
4.01
4.024
4.006
4.006
4.038
4.004
4.0
4.0
4.004
4.004
4.0
4.0
4.028
4.046
4.046
4.004
4.088
4.05
4.036
4.02
4.032
3.99
4.03
4.03
4.006
4.028
4.032
4.002
4.04
4.032
4.05
4.04
4.098
4.27
4.2
4.106
4.088
4.042
4.096
4.102
4.078
4.08
4.07
4.02
4.02
4.02
4.058
4.022
4.052
4.044
4.054
4.17
4.064
4.06
4.08
4.054
4.082
4.03
4.048
4.078
4.052
4.078
4.078
4.05
4.002
4.004
4.018
4.02
4.01
4.09
4.1
4.136
4.14
4.07
4.108
4.064
4.064
4.05
4.11
4.02
4.034
4.1
4.108
4.058
4.02
4.054
4.056
4.054
4.08
4.04
4.086
4.006
4.01
4.066
4.016
4.016
4.008
4.092
4.118
4.108
4.044
4.082
4.038
4.06
4.064
4.1
4.046
4.108
4.1
4.108
4.1
4.0
4.046
4.02
4.028
4.04
4.018
4.036
4.014
4.016
4.016
4.016
4.006
4.002
4.038
4.038
4.018
4.034
4.01
4.048
4.038
4.016
4.02
4.042
4.004
4.006
4.022
4.008
4.006
4.01
4.008
4.022
4.008
4.0
3.998
4.0
4.0
4.016
4.018
4.016
4.016
3.954
3.944
3.978
3.994
4.008
3.994
4.0
4.0
4.298
4.182
4.052
4.06
4.128
4.124
4.124
4.114
4.07
4.042
4.044
4.044
4.01
4.002
4.01
4.04
4.012
4.06
4.004
4.012
4.012
4.014
4.0
4.01
4.078
4.02
4.014
4.07
4.02
4.072
4.072
4.06
4.044
4.034
4.04
4.036
4.038
4.024
4.024
4.218
4.21
4.234
4.216
4.34
4.232
4.126
4.172
4.23
4.29
4.21
4.218
4.22
4.2
4.19
4.19
5.254
5.244
5.4
5.94
6.25
5.85
5.48
4.866
4.8
4.776
4.624
4.568
4.568
4.38
4.44
4.396
4.48
4.478
4.49
4.504
4.544
4.492
4.598
4.54
4.528
4.57
4.548
4.512
4.46
4.492
4.478
4.41
4.44
4.454
4.36
4.468
4.46
4.46
4.458
4.45
4.448
4.512
4.78
4.698
4.66
4.55
4.538
4.54
4.53
4.466
4.522
4.6
4.558
4.558
4.532
4.6
4.61
4.598
4.598
4.618
4.618
4.522
4.52
4.518
4.534
4.56
4.558
4.604
4.574
4.574
4.668
4.528
4.508
4.688
4.622
4.6
4.602
4.542
4.57
4.59
4.56
4.574
4.53
4.48
4.526
4.512
4.55
4.56
4.558
4.536
4.794
4.694
4.72
4.73
4.694
4.7
4.714
4.758
4.66
4.65
4.672
4.668
4.68
4.7
4.714
4.702
4.7
4.71
4.682
4.582
4.668
4.6
4.594
4.52
4.546
4.546
4.534
4.594
4.496
4.536
4.476
4.514
4.518
4.478
4.472
4.472
4.462
4.488
4.5
4.498
4.534
4.578
4.57
4.56
4.56
4.558
4.63
4.588
4.588
4.518
4.5
4.482
4.458
4.404
4.434
4.48
4.466
4.436
4.462
4.448
4.422
4.482
4.48
4.48
4.478
4.428
4.472
4.44
4.454
4.44
4.47
4.466
4.468
4.418
4.458
4.492
4.492
4.462
4.46
4.46
4.462
4.45
4.456
4.446
4.44
4.436
4.482
4.484
4.49
4.44
4.494
4.476
4.48
4.48
4.48
4.46
4.454
4.48
4.478
4.478
4.45
4.486
4.476
4.472
4.472
4.474
4.472
4.5
4.486
4.5
4.462
4.462
4.45
4.46
4.46
4.46
4.458
4.458
4.458
4.43
4.4
4.396
4.4
4.404
4.45
4.434
4.43
4.428
4.428
4.426
4.406
4.388
4.346
4.344
4.336
4.344
4.388
4.384
4.384
4.324
4.32
4.274
4.316
4.28
4.306
4.312
4.312
4.316
4.34
4.312
4.3
4.296
4.294
4.298
4.298
4.296
4.298
4.388
4.406
4.468
4.428
4.438
4.458
4.476
4.45
4.426
4.476
4.432
4.382
4.404
4.38
4.412
4.41
4.414
4.402
4.4
4.416
4.44
4.44
4.426
4.418
4.386
4.418
4.414
4.41
4.426
4.424
4.418
4.418
4.376
4.344
4.35
4.374
4.338
4.378
4.366
4.376
4.378
4.38
4.41
4.368
4.41
4.406
4.362
4.39
4.404
4.404
4.428
4.426
4.426
4.424
4.38
4.346
4.348
4.348
4.3
4.388
4.384
4.33
4.37
4.374
4.386
4.356
4.386
4.388
4.316
4.372
4.32
4.364
4.352
4.344
4.308
4.348
4.394
4.354
4.342
4.312
4.29
4.264
4.276
4.2
4.202
4.226
4.19
4.142
4.08
4.128
4.11
4.104
4.11
4.15
4.15
4.13
4.078
4.07
4.042
4.042
4.04
4.038
4.068
4.078
4.3
4.188
4.21
4.148
4.128
4.138
4.12
4.154
4.16
4.134
4.1
4.134
4.13
4.116
4.112
4.124
4.088
4.118
4.142
4.138
4.134
4.138
4.138
4.142
4.142
4.142
4.144
4.146
4.142
4.21
4.208
4.22
4.218
4.2
4.206
4.198
4.218
4.28
4.316
4.276
4.288
4.278
4.276
4.27
4.268
4.318
4.388
4.38
4.36
4.38
4.38
4.374
4.37
4.36
4.32
4.356
4.294
4.232
4.204
4.2
4.27
4.32
4.308
4.24
4.288
4.252
4.26
4.2
4.21
4.238
4.236
4.238
4.242
4.23
4.27
4.258
4.236
4.164
4.13
4.118
4.148
4.16
4.158
4.11
4.142
4.14
4.15
4.15
4.16
4.156
4.17
4.17
4.166
4.168
4.1
4.1
4.138
4.138
4.112
4.114
4.11
4.13
4.12
4.122
4.12
4.122
4.128
4.134
4.15
4.12
4.124
4.13
4.14
4.18
4.182
4.182
4.198
4.22
4.206
4.184
4.184
4.156
4.11
4.144
4.164
4.166
4.168
4.172
4.176
4.168
4.138
4.22
4.22
4.222
4.236
4.216
4.184
4.202
4.2
4.208
4.23
4.308
4.288
4.288
4.286
4.258
4.29
4.35
4.364
4.368
4.366
4.366
4.364
4.352
4.354
4.302
4.302
4.262
4.26
4.28
4.272
4.268
4.27
4.266
4.24
4.204
4.206
4.202
4.202
4.17
4.17
4.15
4.194
4.19
4.2
4.2
4.234
4.206
4.232
4.188
4.178
4.18
4.202
4.2
4.222
4.224
4.22
4.236
4.012
4.086
4.088
4.126
4.128
4.126
4.102
4.13
4.128
4.126
4.132
4.136
4.13
4.168
4.174
4.16
4.178
4.18
4.18
4.162
4.106
4.168
4.162
4.164
4.162
4.15
4.15
4.15
4.15
4.15
4.222
4.166
4.3
4.31
4.316
4.29
4.306
4.308
4.3
4.308
4.33
4.37
4.37
4.364
4.4
4.394
4.4
4.352
4.28
4.284
4.33
4.26
4.25
4.314
4.312
4.266
4.266
4.266
4.23
4.262
4.22
4.222
4.222
4.22
4.22
4.202
4.2
4.206
4.2
4.228
4.23
4.2
4.256
4.232
4.232
4.258
4.268
4.19
4.192
4.202
4.254
4.254
4.288
4.266
4.28
4.218
4.278
4.28
4.226
4.224
4.214
4.38
4.444
4.412
4.38
4.36
4.35
4.334
4.296
4.29
4.19
4.188
4.188
4.12
4.114
4.11
4.088
4.17
4.19
4.122
4.142
4.104
4.186
4.162
4.166
4.206
4.26
4.246
4.246
4.248
4.246
4.246
4.204
4.268
4.31
4.31
4.31
4.302
4.294
4.294
4.35
4.348
4.346
4.346
4.36
4.37
4.36
4.35
4.352
4.378
4.38
4.378
4.27
4.376
4.26
4.364
4.376
4.376
4.378
4.378
4.35
4.35
4.35
4.38
4.398
4.326
4.338
4.348
4.396
4.396
4.4
4.442
4.438
4.438
4.438
4.434
4.45
4.406
4.42
4.418
4.448
4.42
4.418
4.424
4.35
4.788
4.81
4.728
4.608
4.54
4.518
4.54
4.504
4.546
4.938
4.994
4.896
4.848
4.86
4.836
4.838
4.8
4.824
4.944
4.834
4.834
4.84
4.824
4.824
4.822
4.822
4.82
4.82
4.81
4.856
4.85
4.8
4.8
4.842
4.74
4.784
4.774
4.778
4.774
4.774
4.782
4.762
4.762
4.76
4.782
4.762
4.764
4.764
4.718
4.772
4.812
4.812
4.812
4.85
4.828
4.828
4.796
4.758
4.758
4.76
4.746
4.746
5.2
5.148
4.958
4.95
4.986
5.062
5.118
5.034
5.13
5.18
5.1
5.178
5.104
5.036
5.058
5.108
4.948
5.004
5.002
5.016
5.044
5.0
5.036
5.068
5.342
5.326
5.178
5.182
5.204
5.2
5.244
5.2
5.198
5.122
5.148
5.126
5.124
5.126
5.152
5.152
5.088
5.048
5.06
5.06
5.048
5.094
5.04
5.058
5.03
5.03
5.002
5.048
5.06
5.002
5.024
5.098
5.004
5.028
5.002
5.02
5.016
5.016
5.022
5.03
5.11
5.004
4.95
4.96
4.96
4.96
4.968
4.99
4.96
5.08
5.094
5.048
5.044
5.044
5.368
5.394
5.412
5.402
5.4
5.22
5.298
5.222
5.23
5.144
5.12
5.138
5.102
5.112
5.196
5.2
5.1
5.152
5.12
5.12
5.122
5.12
5.114
5.08
5.156
5.084
5.082
5.062
5.062
5.14
5.054
5.056
5.05
5.08
5.08
5.08
5.08
5.002
5.004
5.032
5.088
5.072
5.064
5.008
5.03
5.01
5.01
5.088
5.016
5.15
5.11
5.12
5.056
5.052
5.05
4.99
4.98
4.984
5.018
5.018
4.982
4.98
4.98
4.98
4.98
4.98
4.982
4.98
4.936
4.942
4.922
5.0
4.994
4.998
4.98
4.99
4.992
4.998
5.0
4.998
4.99
4.99
4.86
4.804
4.8
4.856
4.852
4.836
4.836
4.9
5.546
5.63
5.5
5.296
5.236
5.152
5.126
5.19
5.08
5.354
5.45
5.474
5.458
5.444
5.378
5.3
5.246
5.4
5.55
5.466
5.45
5.43
5.536
5.5
5.468
5.502
5.43
5.378
5.4
5.246
5.3
5.328
5.3
5.222
5.2
5.278
5.26
5.302
5.302
5.306
5.308
5.292
5.292
5.328
5.406
5.394
5.328
5.4
5.398
5.3
5.326
5.326
5.302
5.296
5.254
5.292
5.274
5.38
5.282
5.288
5.29
5.372
5.378
5.3
5.312
5.35
5.35
5.248
5.236
5.286
5.282
5.29
5.228
5.224
5.272
5.274
5.266
5.322
5.27
5.298
5.22
5.216
5.2
5.198
5.04
5.06
5.1
5.106
5.08
5.046
5.072
5.042
5.074
5.074
5.074
5.14
5.124
5.146
5.258
5.35
5.38
5.352
5.35
5.33
5.39
5.322
5.33
5.25
5.262
5.37
5.378
5.25
5.288
5.28
5.24
5.33
5.328
5.328
5.294
5.248
5.198
5.218
5.154
5.202
5.2
5.16
5.2
5.2
5.244
5.256
5.258
5.244
5.162
5.238
5.228
5.17
5.17
5.266
5.256
5.184
5.256
5.2
5.184
5.184
5.254
5.35
5.24
5.238
5.3
5.282
5.282
5.26
5.264
5.4
5.356
5.63
6.098
5.89
5.75
5.672
5.68
5.66
5.682
5.64
5.66
6.522
7.236
7.6
7.2
7.02
7.064
7.138
7.048
7.094
7.05
6.736
6.33
6.416
6.222
6.22
6.516
6.518
6.136
6.17
6.2
6.456
6.3
6.458
6.43
6.448
6.3
6.324
6.258
6.28
6.222
6.2
6.2
6.158
6.146
6.202
6.1
6.092
6.088
6.15
5.962
6.09
6.0
5.99
5.97
5.968
5.99
5.988
5.986
6.06
6.778
6.65
6.258
6.31
6.35
6.32
6.404
6.32
6.618
6.628
6.522
6.578
6.532
6.536
6.54
6.58
6.542
6.44
6.398
6.338
6.382
6.434
6.392
6.39
6.39
6.32
6.392
6.528
6.402
6.402
6.406
6.386
6.386
6.376
6.382
6.364
6.302
6.37
6.368
6.36
6.32
6.354
6.354
6.318
6.334
6.396
6.39
6.292
6.308
6.24
6.23
6.23
6.228
6.254
6.21
6.24
6.166
6.236
6.2
6.19
6.074
6.134
6.06
6.05
6.078
6.094
6.122
6.13
6.13
6.07
6.054
6.056
6.102
6.052
6.054
6.032
6.026
6.06
6.06
6.092
6.06
6.096
6.27
6.248
6.4
6.384
6.336
6.35
6.302
6.318
6.37
6.388
6.302
6.308
6.31
6.314
6.302
6.312
6.292
6.23
6.22
6.21
6.204
6.242
6.23
6.242
6.242
6.252
6.242
6.206
6.182
6.178
6.208
6.268
6.218
6.218
6.214
6.15
6.074
6.18
6.23
6.23
6.23
6.05
6.082
6.094
6.12
6.116
6.116
6.1
6.09
6.1
6.164
6.162
6.162
6.138
6.16
6.148
6.15
6.124
6.18
6.162
6.21
6.166
6.21
6.202
6.204
6.198
6.17
6.172
6.172
6.17
6.094
6.06
6.112
6.1
6.1
6.084
6.07
6.102
6.06
6.094
6.128
6.116
6.034
6.096
6.098
6.098
6.09
6.084
6.032
6.008
6.098
6.158
6.29
6.31
6.306
6.302
6.25
6.212
6.1
6.144
6.22
6.19
6.292
6.204
6.202
6.18
6.13
6.13
6.58
6.26
6.44
6.332
6.3
6.322
6.358
6.354
6.342
6.31
6.3
6.29
6.288
6.35
6.288
6.34
6.334
6.26
6.26
6.26
6.236
6.33
6.298
6.27
6.272
6.292
6.266
6.26
6.302
6.25
6.25
6.25
6.25
6.304
6.182
6.184
6.12
6.12
6.082
6.09
6.138
6.168
6.066
6.156
6.102
6.148
6.136
6.134
6.1
6.098
6.134
6.07
6.086
6.056
6.1
6.06
6.078
6.03
6.066
6.032
6.044
6.116
6.12
6.12
6.108
6.26
6.15
6.15
6.14
6.17
6.104
6.104
6.114
6.06
6.062
6.09
6.096
6.096
6.07
6.062
6.104
6.042
6.044
6.11
6.118
6.016
6.078
6.018
6.056
6.07
6.11
6.022
6.11
6.24
6.228
6.212
6.212
6.142
6.226
6.226
6.2
6.198
6.144
6.194
6.174
6.2
6.242
6.2
6.314
6.29
6.238
6.26
6.24
6.2
6.228
6.19
6.158
6.166
6.186
6.26
6.182
6.182
6.182
6.182
6.248
6.2
6.214
6.2
6.174
6.2
6.206
6.206
6.208
6.204
6.204
6.234
6.146
6.14
6.144
6.144
6.144
6.146
6.134
6.194
6.258
6.258
6.256
6.256
6.27
6.268
6.27
6.3
6.268
6.3
6.312
6.358
6.306
6.392
6.39
6.5
6.39
6.38
6.432
6.47
6.48
6.458
6.464
6.448
6.368
6.246
6.208
6.298
6.268
6.258
6.16
6.256
6.258
6.228
6.254
6.2
6.184
6.2
6.186
6.224
6.216
6.196
6.22
6.26
6.312
6.33
6.282
6.3
6.33
6.298
6.3
6.31
6.31
6.308
6.318
6.32
6.318
6.324
6.326
6.362
6.302
6.31
6.35
6.5
6.51
6.494
6.494
6.548
6.442
6.518
6.5
6.598
6.794
6.748
6.684
6.788
6.696
6.692
6.65
6.644
6.74
6.67
6.672
6.61
6.61
6.612
6.648
6.648
6.71
6.698
6.698
6.698
6.698
6.698
6.634
6.664
6.666
6.88
6.97
6.998
6.986
6.864
6.932
6.858
6.85
6.842
6.926
6.86
6.862
6.9
6.904
6.89
6.9
6.866
6.864
6.944
6.868
6.944
6.898
6.932
6.902
6.902
7.198
7.028
7.05
6.992
7.25
7.072
7.012
7.05
7.062
7.062
7.11
7.128
7.106
6.98
7.3
7.28
7.15
7.214
7.238
7.214
7.246
7.29
7.284
7.25
7.248
7.22
7.22
7.02
6.804
6.77
6.758
6.756
6.706
6.76
6.85
6.942
6.862
6.804
6.868
6.868
6.806
6.808
6.862
6.898
6.8
6.792
6.884
6.84
6.888
6.886
6.87
6.856
6.886
6.836
6.892
6.906
6.862
6.88
6.938
6.882
6.884
6.926
6.878
6.88
6.88
6.92
6.914
6.878
6.878
6.812
6.81
6.802
6.82
6.826
6.8
6.814
6.75
6.75
6.782
6.808
6.838
6.85
6.846
6.888
6.91
6.802
6.79
6.792
6.83
6.836
6.796
6.806
6.778
6.75
6.794
6.82
6.754
6.785
6.8
6.83
6.835
6.85
6.83
6.85
6.86
6.855
7.17
6.97
6.905
6.91
6.905
6.93
7.02
7.005
6.895
6.95
6.95
6.97
6.98
6.925
6.89
6.89
6.89
6.895
6.965
6.965
6.95
6.875
6.87
6.95
6.92
6.895
6.89
6.86
6.86
6.875
6.88
6.87
6.945
6.865
6.87
6.88
6.9
6.86
6.9
6.86
6.86
6.85
6.84
6.83
6.85
6.85
6.9
6.83
6.88
6.89
6.83
6.83
6.87
6.895
6.93
6.915
6.875
6.9
6.915
6.92
6.92
6.965
6.97
7.0
6.97
6.995
7.0
6.97
6.97
7.01
6.965
6.965
6.95
6.95
6.93
6.93
6.91
6.91
7.01
6.915
6.91
6.91
6.905
6.9
6.91
6.89
6.84
6.89
6.865
6.9
6.85
6.85
6.855
6.86
6.84
6.84
6.84
6.855
6.85
6.835
6.82
6.815
6.87
6.87
6.87
6.87
6.815
6.895
6.895
6.895
6.88
6.865
6.85
6.83
6.91
6.81
6.805
6.82
6.73
6.725
6.715
6.725
6.77
6.77
6.725
6.72
6.7
6.705
6.72
6.785
6.735
6.74
6.75
6.79
6.785
6.71
6.795
6.795
6.83
6.82
6.735
6.74
6.75
6.83
6.805
6.805
6.8
6.885
6.895
6.855
6.855
6.86
6.855
6.9
6.855
7.39
7.42
7.26
7.3
7.135
7.18
7.2
7.2
7.31
7.31
7.745
8.13
7.655
8.18
7.645
7.645
7.47
7.445
7.43
7.485
7.43
7.47
7.4
7.37
7.375
7.375
7.465
7.5
7.465
7.345
7.41
7.465
7.375
7.4
7.4
7.36
7.35
7.365
7.21
7.23
7.15
7.215
7.21
7.215
7.19
7.155
7.195
7.2
7.2
7.195
7.195
7.195
7.195
7.25
7.195
7.14
7.135
7.14
7.14
7.145
7.0
6.86
7.0
7.03
7.025
7.01
7.03
7.135
7.09
6.95
7.04
7.04
7.045
7.06
7.06
7.045
7.07
6.98
6.96
7.0
6.94
6.96
6.94
7.03
7.015
6.905
6.905
6.925
6.945
6.945
6.925
6.865
6.94
6.95
6.95
6.85
6.845
6.85
6.835
6.88
6.875
6.87
6.9
6.875
6.88
6.89
6.88
6.88
6.885
6.855
6.74
6.7
6.67
6.76
6.765
7.055
7.29
7.155
7.02
7.03
7.0
6.96
6.955
6.85
6.85
6.85
6.85
6.94
6.93
6.865
6.865
6.87
6.87
6.8
6.78
6.78
6.77
6.81
6.815
6.78
6.86
6.86
6.86
6.86
6.88
6.885
6.89
6.89
6.82
6.9
6.875
6.9
6.92
6.98
7.005
7.015
7.015
7.005
7.02
7.03
7.015
7.04
7.005
6.95
7.01
7.12
7.13
7.035
7.04
7.04
7.09
7.005
6.97
6.93
6.975
6.925
6.92
6.98
6.95
6.95
6.95
6.99
6.9
6.88
6.88
6.875
6.945
6.97
6.82
6.815
6.935
6.94
6.95
6.93
6.95
6.96
6.895
6.895
6.96
6.96
6.97
6.97
6.91
6.97
6.96
6.97
6.905
6.91
6.91
6.96
7.01
7.01
7.06
7.07
7.005
7.15
7.07
7.06
7.095
6.985
7.045
7.0
7.03
7.065
7.06
7.0
7.0
7.04
6.965
6.88
6.975
6.895
6.9
6.945
6.875
6.865
6.795
6.8
6.82
6.805
6.79
6.95
7.0
6.95
6.92
6.945
6.91
7.01
6.95
6.95
6.93
6.93
6.945
6.93
7.01
7.0
6.945
7.005
6.945
6.875
6.87
6.84
6.84
6.82
6.92
6.89
6.94
6.93
6.85
6.94
6.855
6.95
6.945
6.96
6.97
6.86
6.925
6.86
6.88
6.89
6.95
6.83
6.865
6.825
6.935
6.94
6.87
6.91
6.86
6.86
7.0
6.94
6.915
6.945
6.875
6.945
6.87
6.915
6.935
6.89
6.88
6.915
6.86
6.865
6.86
6.855
6.86
6.86
6.87
6.87
6.95
6.95
6.88
6.86
6.865
7.115
7.135
7.13
7.13
7.185
7.12
7.145
7.1
7.155
7.1
7.28
7.25
7.185
7.15
7.15
7.16
7.15
7.17
7.19
7.19
7.24
7.16
7.24
7.275
7.25
7.28
7.3
7.405
7.475
7.4
7.215
7.215
7.3
7.3
7.295
7.11
7.1
7.17
7.1
7.1
7.11
7.13
7.08
7.13
7.055
7.095
7.095
7.135
7.07
7.1
7.1
7.145
7.17
7.165
7.06
7.115
7.065
7.06
7.05
7.18
7.17
7.175
7.195
7.2
7.22
7.15
7.15
7.215
7.125
7.28
7.2
7.225
7.245
7.215
7.17
7.22
7.245
7.25
7.25
7.265
7.265
7.16
7.16
7.16
7.16
7.16
7.16
7.14
7.145
7.12
7.03
7.12
7.12
7.09
7.19
7.495
7.275
7.4
9.095
8.5
8.335
8.21
8.84
8.24
8.42
8.42
8.3
8.035
8.09
8.055
8.21
8.0
7.99
7.795
7.78
7.795
7.835
7.865
7.845
7.735
7.645
7.67
7.675
7.7
7.75
7.75
7.775
7.88
8.29
8.025
8.055
8.145
8.145
8.145
8.505
8.49
9.4
9.045
8.815
8.6
8.625
8.67
8.575
8.65
8.35
8.35
8.825
8.85
8.48
8.855
8.955
9.6
9.45
9.5
9.3
9.47
9.455
9.64
9.595
9.595
9.55
9.625
9.6
9.2
9.14
9.095
9.25
9.12
9.18
9.15
9.045
8.945
8.875
9.2
9.12
9.2
9.205
9.2
9.17
9.175
9.1
9.145
9.17
9.1
9.17
9.1
9.15
9.075
9.11
9.015
9.0
8.97
8.97
9.035
8.915
8.965
8.84
8.88
9.0
8.915
8.89
8.7
8.83
8.95
9.78
9.765
9.65
10.885
10.74
10.84
11.385
11.45
11.005
11.005
11.04
11.17
11.18
10.81
10.845
10.86
10.935
10.935
11.775
11.59
12.85
13.3
13.08
12.405
12.485
13.095
12.91
13.22
16.355
17.3
17.025
16.6
15.39
15.56
15.32
16.265
15.8
16.535
16.8
14.8
14.2
14.9
16.3
15.605
15.5
15.485
15.485
16.0
14.815
15.075
15.175
15.525
15.42
15.245
15.35
15.0
14.405
14.57
13.8
12.92
13.045
12.835
12.58
12.815
12.675
12.52
12.455
12.455
14.245
13.8
13.71
13.34
12.935
13.72
13.56
13.54
13.04
13.285
13.65
13.4
13.34
13.3
13.225
13.435
13.32
13.3
13.64
13.8
13.375
13.175
13.14
13.105
13.02
13.14
12.99
12.98
13.09
13.09
13.125
13.005
12.8
12.73
12.71
12.73
12.66
12.69
12.485
12.5
12.81
12.81
12.835
12.85
12.895
12.85
12.84
12.815
12.81
12.83
12.83
12.695
12.69
12.69
12.86
12.965
12.865
12.89
12.995
12.96
12.93
12.96
12.91
13.015
12.95
13.1
13.3
13.36
12.99
12.995
13.0
13.025
12.975
12.88
13.06
12.93
13.045
12.955
13.2
13.045
13.03
13.075
12.995
13.04
13.21
13.28
14.025
14.415
14.21
14.11
13.855
13.895
14.05
13.705
13.995
14.2
14.0
14.04
14.25
14.18
14.065
14.01
13.965
14.18
14.1
14.195
14.42
14.265
14.33
14.67
15.1
14.91
14.4
14.65
14.89
14.655
14.305
14.53
14.58
14.66
14.55
14.545
14.595
14.77
15.37
15.715
16.29
16.195
16.11
16.035
16.09
16.08
16.16
16.235
16.585
16.5
15.725
15.795
16.27
16.05
16.23
16.03
16.095
16.62
15.775
15.5
15.735
15.75
15.65
15.62
15.575
15.58
15.51
16.0
15.81
15.405
15.17
15.135
15.12
15.19
15.185
15.195
15.345
14.87
15.15
15.02
14.99
14.945
14.915
14.955
14.945
15.04
15.21
15.345
15.37
15.31
15.42
15.495
15.515
15.79
15.655
15.65
16.105
16.18
16.0
15.745
15.85
15.935
15.99
15.88
16.04
15.825
15.61
15.74
15.525
15.815
15.78
15.775
15.91
15.89
15.61
15.59
15.405
15.5
15.42
15.545
15.55
15.43
15.45
15.29
15.225
15.21
15.14
15.2
15.29
15.15
15.185
14.995
15.26
15.555
15.56
15.775
15.465
15.3
15.08
15.095
15.145
15.175
15.3
15.12
15.02
15.045
15.1
15.13
15.07
15.075
15.005
15.005
14.86
14.9
14.89
14.915
15.035
15.005
14.92
14.865
14.92
14.985
14.71
14.64
14.585
14.675
14.86
14.8
14.68
14.7
14.7
14.545
14.605
14.685
14.7
14.58
14.54
14.58
14.62
14.555
14.555
14.615
14.54
14.565
14.61
14.605
14.635
14.535
14.535
14.59
14.255
14.24
14.24
14.23
14.285
14.205
14.205
14.195
14.0
13.28
13.7
13.64
13.29
13.405
13.4
13.6
13.66
13.7
13.31
13.245
13.3
13.28
13.3
13.275
13.095
13.185
13.075
12.725
12.75
12.955
12.905
12.725
12.755
12.72
12.79
12.79
13.23
13.3
13.36
13.505
13.4
13.855
14.29
14.895
14.475
14.2
13.9
13.86
13.89
14.065
13.905
13.895
13.895
13.775
13.785
14.31
14.25
14.105
14.0
13.92
13.735
13.65
13.745
13.725
13.725
13.3
13.6
13.33
13.355
13.3
13.325
13.285
13.24
13.29
13.1
13.295
13.28
13.18
13.16
13.195
13.235
13.235
13.23
13.17
13.1
13.07
13.09
13.255
13.11
13.12
13.2
13.17
13.115
13.225
13.2
13.11
13.07
13.085
12.9
12.85
12.8
12.85
12.85
12.845
12.8
12.775
12.9
12.9
12.94
12.83
12.785
12.75
12.88
13.8
12.81
12.93
12.805
12.895
12.905
12.995
12.995
13.05
12.825
12.975
12.955
12.885
12.885
12.96
12.96
12.955
13.035
12.895
12.925
12.855
12.995
13.0
12.905
12.965
12.905
13.49
13.145
13.13
13.09
13.1
13.21
12.9
13.015
12.965
13.3
13.145
12.9
12.995
12.975
13.0
12.985
13.015
12.715
12.97
13.1
12.86
12.93
13.0
12.91
12.83
12.785
12.67
12.77
12.74
12.75
12.6
12.415
11.68
11.995
11.96
12.0
11.985
11.985
12.8
12.245
12.185
12.305
12.26
11.785
12.06
11.95
12.04
12.55
12.465
12.49
12.41
12.43
12.355
12.305
12.25
12.355
12.635
12.5
12.36
12.29
12.245
12.215
12.33
12.265
12.32
12.15
12.215
12.1
12.0
11.9
11.91
12.0
11.915
11.995
11.915
12.0
11.98
11.895
11.865
12.15
12.01
12.005
12.175
11.88
11.925
11.865
11.8
11.815
11.795
11.7
11.725
11.72
11.82
11.895
12.1
12.03
12.01
11.925
11.855
11.895
11.865
11.885
11.825
12.62
12.45
12.58
12.37
12.16
12.255
12.17
11.875
11.9
11.86
11.81
11.72
11.885
11.78
11.82
11.85
11.86
11.65
11.825
11.775
11.7
11.71
11.625
11.6
11.6
11.655
11.7
11.55
11.58
11.73
11.725
11.585
11.58
11.6
11.58
11.64
11.665
11.55
11.535
11.595
11.595
11.51
11.5
11.19
11.25
11.215
11.38
11.3
11.375
11.3
11.3
11.305
11.25
11.39
11.37
11.375
11.385
11.16
11.215
11.155
11.16
11.165
11.155
10.87
10.86
10.6
10.665
10.69
10.4
10.4
10.365
10.365
10.3
10.005
9.965
10.0
10.0
10.0
9.97
10.025
9.85
9.7
9.695
11.21
10.985
10.525
10.61
10.325
10.16
10.115
10.305
10.59
10.9
10.45
10.455
10.4
10.72
10.595
10.595
10.5
10.56
10.51
10.7
10.67
10.57
10.68
10.655
10.625
10.515
10.5
10.43
10.375
10.375
10.415
10.25
10.25
10.25
10.195
10.24
10.055
10.13
10.33
11.25
11.03
11.11
10.995
10.8
10.945
10.895
10.945
10.995
10.995
11.16
11.27
11.285
11.29
11.2
11.215
11.295
11.35
11.395
11.45
11.215
11.265
11.37
11.385
11.34
11.325
11.275
11.195
11.15
11.25
11.22
11.2
10.995
10.955
10.945
11.03
10.945
10.895
11.35
11.49
11.625
11.615
12.275
11.71
11.61
11.555
11.79
11.74
11.555
11.625
11.625
11.555
11.51
11.54
11.17
11.22
11.35
11.395
11.31
11.27
11.345
11.275
11.275
11.24
11.22
11.45
11.275
11.325
11.39
11.28
11.335
11.275
11.37
11.405
11.495
11.5
11.445
11.65
11.72
11.64
11.695
11.69
11.615
11.6
11.58
11.6
11.715
12.0
12.02
12.19
11.805
11.81
11.855
12.095
12.165
12.17
12.115
12.06
12.045
12.11
12.11
12.05
11.83
11.815
11.86
11.875
11.85
11.9
11.935
11.995
11.855
12.455
12.6
12.85
12.52
12.45
12.325
12.36
12.345
12.46
12.715
13.265
13.375
13.355
13.29
13.215
13.38
13.39
13.615
13.715
15.27
14.65
14.44
14.395
14.64
14.69
14.795
14.85
14.9
15.1
14.465
14.37
14.275
14.4
13.99
14.06
13.84
13.57
13.565
13.565
13.83
13.99
13.635
13.07
12.71
12.97
12.94
13.145
13.25
13.455
13.01
12.76
12.705
12.725
12.45
12.1
12.32
12.355
12.39
12.36
12.065
11.83
11.655
11.91
11.615
11.615
11.385
10.9
10.875
11.14
11.055
11.62
11.6
11.71
11.72
11.57
11.72
11.45
11.35
11.925
11.895
11.78
12.02
11.965
11.89
11.905
12.085
11.97
12.06
12.06
11.89
11.745
11.73
11.67
11.7
11.84
11.765
11.795
11.66
11.91
11.215
11.585
11.585
12.145
11.75
11.765
11.49
11.58
11.49
11.33
11.18
11.25
11.305
11.265
11.16
11.065
11.1
11.0
11.315
11.115
11.4
11.42
11.39
11.45
11.385
11.655
11.515
11.5
11.5
11.44
11.3
11.425
11.425
11.525
11.465
11.635
11.705
11.52
12.07
11.66
11.525
11.735
11.62
11.66
11.575
11.58
11.5
11.5
11.695
11.69
11.97
11.795
11.86
11.845
11.795
11.84
11.835
11.78
11.9
11.715
11.835
11.815
11.83
11.75
11.69
11.705
11.775
11.4
11.495
11.935
11.75
11.72
11.69
11.625
11.605
11.6
11.56
11.63
11.6
11.57
11.5
11.3
11.285
11.35
11.4
11.27
11.28
11.4
11.46
11.395
11.5
11.425
11.405
11.405
11.45
11.4
11.42
11.565
11.495
11.24
11.3
11.365
11.35
11.35
11.355
11.305
11.31
11.32
11.34
11.55
11.505
11.485
11.44
11.58
11.875
12.23
12.275
12.02
12.17
12.36
12.49
12.14
12.35
12.535
12.115
12.565
12.305
12.2
12.38
12.245
12.385
12.315
12.015
11.84
11.89
11.975
12.005
12.02
11.945
11.935
12.195
12.135
11.675
11.87
11.84
11.81
11.9
11.925
11.66
11.765
12.1
12.0
12.085
11.99
11.9
12.1
12.055
12.005
11.95
12.195
12.205
12.17
12.17
12.175
12.155
12.19
12.185
12.27
12.245
11.96
11.8
11.79
11.89
11.93
11.995
11.825
11.53
11.685
11.685
11.77
11.84
11.92
12.055
12.075
12.0
11.335
11.425
11.775
11.445
11.42
11.13
10.695
10.865
10.2
9.755
9.785
9.79
8.99
8.745
8.725
9.13
9.105
9.69
9.95
10.095
10.22
10.445
6.5
6.15
7.58
7.505
6.98
6.95
6.875
7.02
7.15
8.98
8.535
8.455
8.44
8.41
8.25
8.52
8.735
8.665
9.295
8.5
8.685
9.075
9.195
9.2
9.465
10.025
10.115
9.92
10.35
9.715
9.825
9.825
9.955
10.175
10.045
9.975
10.105
10.115
10.045
10.07
10.0
10.005
10.195
10.11
10.335
10.435
10.4
10.335
10.47
10.415
10.29
10.21
10.29
10.24
10.055
10.045
10.175
10.115
10.24
10.23
10.2
10.12
10.25
10.085
9.79
9.51
9.3
9.665
9.745
10.27
9.9
9.85
9.655
9.725
9.775
9.825
9.815
9.81
9.77
9.715
9.55
9.69
12.335
12.6
12.245
12.855
12.855
12.62
13.355
13.355
13.355
14.69
13.2
12.055
12.14
12.34
11.98
12.145
11.945
12.17
12.125
12.25
12.85
13.32
13.515
13.35
13.395
13.4
13.22
12.81
13.03
13.38
12.195
12.495
12.985
12.685
12.765
13.23
12.8
12.975
12.785
12.71
12.705
12.815
12.775
12.77
12.82
12.815
12.79
12.915
12.775
13.2
13.175
12.9
12.91
12.945
12.99
12.85
12.75
12.85
12.84
12.75
12.395
12.665
12.66
12.475
12.415
12.505
12.345
12.375
12.475
12.59
12.21
12.325
12.465
12.64
12.56
12.56
12.505
12.485
12.695
11.97
11.9
12.025
11.86
11.5
11.76
11.53
12.2
12.17
12.285
12.05
11.87
12.015
12.14
12.06
11.865
11.705
11.86
11.835
11.845
11.695
11.67
11.74
11.74
11.7
11.655
11.64
11.64
11.645
11.5
11.58
11.5
11.505
11.485
11.415
11.215
11.155
11.535
10.87
10.97
10.865
10.98
10.845
10.88
10.905
10.92
10.93
11.05
10.965
11.065
11.13
11.99
11.79
11.535
11.545
11.29
11.38
11.79
11.595
11.525
11.465
11.355
11.435
11.375
11.495
11.455
11.7
11.46
11.6
11.685
11.51
11.375
11.48
11.38
11.45
11.37
11.395
11.32
11.3
11.395
11.385
11.305
11.305
11.29
11.29
11.32
11.305
11.175
11.17
11.09
11.09
10.93
10.925
10.68
10.865
10.9
10.715
10.84
10.8
10.82
10.79
10.795
10.78
10.825
10.83
10.58
10.7
10.71
10.73
10.7
10.65
10.635
10.62
10.64
10.645
10.83
10.96
11.08
11.795
11.14
11.055
11.045
11.17
11.075
11.2
11.05
10.95
10.97
10.98
10.8
10.805
10.755
10.685
10.7
10.77
10.775
10.72
10.7
10.91
10.755
10.765
10.78
10.79
10.855
10.875
10.765
10.8
10.82
10.795
10.82
10.8
10.825
10.88
10.94
10.96
10.92
10.855
10.895
10.86
10.875
10.9
10.895
10.6
10.91
10.815
10.85
10.82
10.815
10.84
10.815
10.8
10.805
10.735
10.785
10.75
10.755
10.75
10.75
10.685
10.675
10.735
10.77
10.72
10.745
10.76
10.72
10.72
10.7
10.61
10.505
10.635
10.615
10.44
10.415
10.545
10.45
10.45
10.43
10.42
10.4
10.205
10.185
10.09
10.085
10.09
10.135
10.13
10.15
10.35
10.29
10.25
10.25
10.295
10.4
10.27
10.295
10.2
10.205
10.25
10.295
10.3
10.325
10.3
10.36
10.355
10.305
10.305
10.3
10.22
10.2
10.215
10.16
10.115
10.125
10.125
10.15
10.18
10.115
10.17
10.2
10.135
10.135
10.135
10.18
10.2
10.15
10.15
10.195
10.195
10.185
10.145
10.145
10.145
10.065
10.005
10.16
10.08
10.05
10.075
10.04
10.07
10.07
10.015
10.015
10.015
10.03
10.02
10.01
10.01
9.985
9.8
9.9
11.505
11.59
11.49
11.485
11.235
10.74
10.395
10.18
10.52
10.595
10.2
10.3
10.335
10.385
10.105
10.235
10.165
10.185
10.075
10.025
10.04
10.065
9.98
10.02
10.025
10.065
10.035
10.32
10.2
10.205
10.235
10.145
10.215
10.285
10.4
10.32
10.76
10.53
10.88
10.83
10.68
10.5
10.74
10.57
10.38
10.635
10.405
10.405
10.43
10.39
10.435
10.28
10.47
10.435
10.37
10.26
10.42
10.48
10.535
10.57
10.525
10.465
10.355
10.355
10.365
10.475
10.5
10.3
10.44
10.305
10.33
10.35
10.285
10.285
10.145
10.13
10.195
10.2
10.185
10.19
10.245
10.25
10.265
10.265
10.435
10.275
10.27
10.265
10.26
10.22
10.215
10.2
10.2
10.105
10.36
10.29
10.345
10.2
10.205
10.215
10.23
10.185
10.16
10.105
10.275
10.25
10.215
10.205
10.225
10.225
10.215
10.21
10.195
10.165
10.085
10.14
10.17
10.195
10.215
10.14
10.15
10.225
10.19
10.22
10.195
10.215
10.16
10.175
10.18
10.22
10.22
10.21
10.205
10.21
10.24
10.26
10.22
10.29
10.3
10.3
10.11
10.4
10.37
10.285
10.265
10.265
10.26
10.265
10.26
10.25
10.4
10.255
10.23
10.255
10.4
10.525
10.49
10.41
10.385
10.36
10.3
10.3
10.31
10.27
10.26
10.27
10.29
10.325
10.325
10.21
10.115
10.02
