close
330.0
344.9
320.0
320.0
320.0
315.5
311.0
361.5
355.0
311.8
315.0
306.6
305.3
339.2
339.2
339.2
309.8
309.9
310.0
306.0
354.4
335.0
348.9
307.5
324.6
325.0
335.0
300.5
300.0
326.9
292.7
320.0
320.0
320.0
300.0
314.5
295.0
286.0
314.8
342.1
315.0
300.6
317.0
315.0
308.0
301.5
301.0
347.1
329.8
329.9
296.6
319.9
328.8
304.0
305.0
320.0
325.0
325.0
320.0
310.0
301.0
310.0
310.0
337.0
335.0
340.0
355.0
369.0
388.0
380.0
380.0
360.0
387.0
395.0
361.0
361.0
383.0
395.0
359.0
390.0
390.0
390.0
352.0
420.0
435.0
470.0
489.0
470.0
430.0
432.0
410.0
410.0
410.0
410.0
410.0
415.0
477.0
475.0
420.0
391.0
431.0
450.0
490.0
490.0
490.0
480.0
453.0
455.0
420.0
415.0
450.0
485.0
456.0
457.0
456.0
527.0
500.0
483.0
509.0
509.0
524.0
440.0
499.0
500.0
333.0
360.0
399.0
399.0
473.0
400.0
402.0
430.0
411.0
490.0
430.0
492.0
356.0
493.0
470.0
422.0
450.0
449.0
450.0
425.0
431.0
474.0
425.0
498.0
497.0
499.0
499.0
451.0
519.0
500.0
500.0
459.0
480.0
431.0
478.0
426.0
476.0
457.0
495.0
495.0
490.0
505.0
475.0
510.0
454.0
451.0
450.0
530.0
530.0
525.0
530.0
530.0
529.0
490.0
635.0
599.0
565.0
570.0
565.0
599.0
598.0
598.0
590.0
570.0
570.0
589.0
571.0
594.0
531.0
565.0
564.0
565.0
565.0
552.0
570.0
570.0
595.0
597.0
620.0
600.0
597.0
620.0
638.0
650.0
660.0
660.0
650.0
650.0
667.0
667.0
650.0
700.0
667.0
670.0
651.0
699.0
730.0
730.0
700.0
730.0
734.0
730.0
735.0
734.0
785.0
799.0
640.0
800.0
793.0
750.0
730.0
750.0
750.0
760.0
795.0
701.0
789.0
730.0
730.0
740.0
704.0
749.0
730.0
710.0
750.0
750.0
800.0
800.0
814.0
815.0
800.0
820.0
830.0
815.0
700.0
890.0
889.0
889.0
889.0
889.0
800.0
850.0
805.0
877.0
1000.0
925.0
920.0
800.0
945.0
964.0
960.0
965.0
940.0
947.0
945.0
940.0
941.0
952.0
1070.0
1050.0
963.0
985.0
940.0
930.0
930.0
920.0
920.0
920.0
900.0
850.0
885.0
885.0
881.0
935.0
925.0
920.0
910.0
900.0
880.0
919.0
900.0
875.0
880.0
890.0
1000.0
880.0
809.0
860.0
870.0
865.0
865.0
800.0
835.0
800.0
800.0
801.0
832.0
810.0
830.0
828.0
829.0
830.0
850.0
950.0
830.0
999.0
900.0
900.0
807.0
810.0
813.0
801.0
850.0
999.0
801.0
810.0
816.0
870.0
899.0
897.0
897.0
900.0
818.0
830.0
899.0
899.0
895.0
821.0
987.0
978.0
993.0
995.0
869.0
877.0
880.0
880.0
946.0
880.0
880.0
880.0
899.0
827.0
986.0
980.0
970.0
995.0
970.0
1049.0
1070.0
1070.0
914.0
1166.0
1249.0
960.0
1000.0
1001.0
1100.0
1199.0
1005.0
1005.0
999.0
999.0
888.0
999.0
999.0
887.0
1180.0
1130.0
1014.0
1000.0
1015.0
1116.0
1116.0
1020.0
1000.0
1000.0
1000.0
1100.0
1030.0
1000.0
960.0
1056.0
962.0
1237.0
962.0
1051.0
1000.0
1000.0
1000.0
1028.0
1000.0
1000.0
1176.0
1000.0
1000.0
1000.0
1000.0
1000.0
1045.0
1044.0
1045.0
1045.0
1021.0
966.0
1008.0
1000.0
991.0
1017.0
965.0
994.0
975.0
975.0
985.0
997.0
1000.0
1000.0
1000.0
981.0
959.0
983.0
979.0
974.0
951.0
950.0
950.0
980.0
941.0
954.0
950.0
900.0
949.0
949.0
1000.0
971.0
951.0
1098.0
970.0
952.0
1049.0
1050.0
1000.0
1000.0
1001.0
1074.0
1050.0
1020.0
1040.0
1000.0
1010.0
1020.0
1020.0
1050.0
1015.0
1039.0
1089.0
1055.0
1075.0
1172.0
1072.0
1046.0
1045.0
1150.0
1115.0
1125.0
1102.0
1188.0
1090.0
1030.0
1030.0
1098.0
1090.0
1081.0
1127.0
1105.0
1105.0
1077.0
1094.0
1075.0
1050.0
1055.0
1065.0
1235.0
1125.0
1165.0
1165.0
1200.0
1045.0
1170.0
1145.0
1140.0
1110.0
1115.0
1110.0
1070.0
1165.0
1080.0
1075.0
1040.0
1060.0
1130.0
1130.0
1125.0
1085.0
1145.0
1105.0
1060.0
1075.0
1000.0
1035.0
1020.0
995.0
1010.0
985.0
1015.0
900.0
995.0
1000.0
1000.0
1000.0
1000.0
1070.0
1070.0
1065.0
1065.0
1020.0
970.0
1040.0
1020.0
1070.0
1070.0
980.0
980.0
980.0
980.0
980.0
1000.0
995.0
1005.0
990.0
945.0
945.0
945.0
945.0
935.0
960.0
960.0
950.0
950.0
950.0
950.0
950.0
950.0
960.0
985.0
1055.0
1070.0
965.0
1055.0
1060.0
1050.0
1045.0
1050.0
1045.0
1045.0
1035.0
1050.0
1040.0
1030.0
985.0
1040.0
1015.0
1050.0
1020.0
1060.0
1050.0
1070.0
1075.0
1045.0
1045.0
1100.0
1120.0
1120.0
1135.0
1195.0
1155.0
1170.0
1140.0
1145.0
1160.0
1185.0
1185.0
1150.0
1200.0
1145.0
1185.0
1150.0
1180.0
1180.0
1200.0
1155.0
1160.0
1180.0
1195.0
1155.0
1245.0
1230.0
1245.0
1190.0
1185.0
1185.0
1185.0
1185.0
1250.0
1200.0
1170.0
1195.0
1200.0
1180.0
1195.0
1260.0
1250.0
1250.0
1250.0
1250.0
1270.0
1295.0
1295.0
1260.0
1270.0
1250.0
1215.0
1180.0
1195.0
1220.0
1200.0
1190.0
1155.0
1150.0
1165.0
1185.0
1190.0
1185.0
1165.0
1160.0
1170.0
1155.0
1155.0
1150.0
1150.0
1150.0
1200.0
1150.0
1145.0
1165.0
1145.0
1200.0
1110.0
1140.0
1175.0
1150.0
1175.0
1175.0
1210.0
1230.0
1230.0
1205.0
1115.0
1185.0
1185.0
1155.0
1185.0
1170.0
1200.0
1170.0
1155.0
1160.0
1180.0
1200.0
1200.0
1215.0
1210.0
1205.0
1200.0
1205.0
1200.0
1210.0
1170.0
1205.0
1205.0
1190.0
1210.0
1205.0
1200.0
1160.0
1205.0
1220.0
1220.0
1220.0
1220.0
1220.0
1200.0
1200.0
1200.0
1210.0
1245.0
1235.0
1200.0
1210.0
1210.0
1225.0
1200.0
1200.0
1200.0
1210.0
1235.0
1260.0
1265.0
1240.0
1260.0
1210.0
1230.0
1210.0
1200.0
1260.0
1285.0
1290.0
1300.0
1300.0
1295.0
1320.0
1350.0
1350.0
1350.0
1305.0
1245.0
1270.0
1265.0
1230.0
1250.0
1275.0
1290.0
1280.0
1235.0
1235.0
1180.0
1210.0
1220.0
1200.0
1200.0
1210.0
1230.0
1230.0
1250.0
1250.0
1245.0
1245.0
1215.0
1215.0
1215.0
1215.0
1215.0
1215.0
1295.0
1280.0
1330.0
1240.0
1200.0
1215.0
1215.0
1210.0
1205.0
1190.0
1170.0
1185.0
1210.0
1220.0
1225.0
1205.0
1180.0
1180.0
1185.0
1195.0
1230.0
1220.0
1220.0
1215.0
1220.0
1145.0
1180.0
1210.0
1180.0
1180.0
1195.0
1200.0
1190.0
1185.0
1200.0
1200.0
1265.0
1235.0
1235.0
1240.0
1280.0
1240.0
1240.0
1200.0
1250.0
1215.0
1230.0
1185.0
1280.0
1270.0
1215.0
1215.0
1240.0
1215.0
1240.0
1300.0
1300.0
1290.0
1300.0
1275.0
1300.0
1300.0
1300.0
1300.0
1150.0
1200.0
1200.0
1200.0
1200.0
1200.0
1200.0
1220.0
1190.0
1175.0
1195.0
1195.0
1185.0
1170.0
1175.0
1175.0
1155.0
1150.0
1170.0
1175.0
1170.0
1175.0
1160.0
1175.0
1190.0
1180.0
1180.0
1190.0
1195.0
1195.0
1205.0
1200.0
1200.0
1225.0
1200.0
1225.0
1210.0
1210.0
1200.0
1215.0
1205.0
1195.0
1195.0
1200.0
1210.0
1210.0
1230.0
1240.0
1210.0
1195.0
1210.0
1205.0
1160.0
1210.0
1235.0
1240.0
1220.0
1210.0
1210.0
1200.0
1200.0
1285.0
1205.0
1220.0
1210.0
1230.0
1240.0
1225.0
1200.0
1220.0
1225.0
1225.0
1210.0
1200.0
1200.0
1255.0
1240.0
1205.0
1230.0
1235.0
1200.0
1240.0
1230.0
1225.0
1250.0
1260.0
1260.0
1245.0
1240.0
1225.0
1225.0
1215.0
1225.0
1225.0
1225.0
1235.0
1265.0
1290.0
1250.0
1300.0
1275.0
1300.0
1305.0
1305.0
1290.0
1280.0
1290.0
1275.0
1275.0
1345.0
1325.0
1320.0
1280.0
1315.0
1315.0
1315.0
1340.0
1330.0
1310.0
1290.0
1310.0
1310.0
1310.0
1340.0
1320.0
1315.0
1310.0
1340.0
1335.0
1315.0
1340.0
1320.0
1315.0
1315.0
1335.0
1310.0
1300.0
1295.0
1330.0
1320.0
1340.0
1340.0
1330.0
1330.0
1325.0
1330.0
1325.0
1345.0
1350.0
1350.0
1350.0
1350.0
1350.0
1390.0
1380.0
1375.0
1370.0
1380.0
1380.0
1385.0
1375.0
1385.0
1400.0
1400.0
1385.0
1380.0
1390.0
1390.0
1380.0
1400.0
1420.0
1420.0
1420.0
1395.0
1450.0
1380.0
1410.0
1390.0
1400.0
1390.0
1390.0
1395.0
1405.0
1405.0
1405.0
1420.0
1440.0
1440.0
1390.0
1380.0
1395.0
1405.0
1415.0
1415.0
1400.0
1410.0
1425.0
1430.0
1440.0
1445.0
1450.0
1430.0
1425.0
1425.0
1440.0
1450.0
1415.0
1395.0
1400.0
1400.0
1400.0
1440.0
1440.0
1445.0
1435.0
1435.0
1440.0
1445.0
1450.0
1450.0
1430.0
1435.0
1425.0
1420.0
1450.0
1430.0
1435.0
1450.0
1450.0
1450.0
1445.0
1440.0
1460.0
1465.0
1465.0
1455.0
1460.0
1430.0
1415.0
1415.0
1430.0
1450.0
1435.0
1450.0
1425.0
1410.0
1395.0
1400.0
1395.0
1400.0
1395.0
1410.0
1415.0
1395.0
1395.0
1400.0
1400.0
1395.0
1395.0
1390.0
1390.0
1385.0
1380.0
1370.0
1350.0
1350.0
1345.0
1345.0
1335.0
1345.0
1320.0
1335.0
1330.0
1345.0
1350.0
1350.0
1365.0
1335.0
1345.0
1340.0
1330.0
1355.0
1360.0
1355.0
1340.0
1360.0
1360.0
1335.0
1335.0
1330.0
1325.0
1325.0
1340.0
1420.0
1405.0
1375.0
1340.0
1340.0
1340.0
1340.0
1335.0
1340.0
1330.0
1325.0
1310.0
1325.0
1325.0
1330.0
1310.0
1330.0
1345.0
1345.0
1350.0
1350.0
1320.0
1315.0
1330.0
1300.0
1330.0
1315.0
1315.0
1315.0
1320.0
1285.0
1320.0
1320.0
1290.0
1305.0
1350.0
1335.0
1325.0
1315.0
1305.0
1325.0
1340.0
1350.0
1350.0
1350.0
1320.0
1315.0
1325.0
1340.0
1335.0
1325.0
1320.0
1315.0
1310.0
1310.0
1315.0
1305.0
1305.0
1305.0
1300.0
1300.0
1305.0
1295.0
1290.0
1305.0
1315.0
1335.0
1350.0
1325.0
1325.0
1345.0
1305.0
1325.0
1325.0
1300.0
1310.0
1295.0
1310.0
1300.0
1300.0
1295.0
1315.0
1300.0
1300.0
1290.0
1290.0
1290.0
1290.0
1300.0
1295.0
1295.0
1295.0
1300.0
1305.0
1300.0
1295.0
1300.0
1300.0
1285.0
1285.0
1295.0
1295.0
1300.0
1270.0
1265.0
1250.0
1260.0
1255.0
1250.0
1250.0
1265.0
1275.0
1295.0
1275.0
1285.0
1300.0
1280.0
1280.0
1275.0
1275.0
1280.0
1280.0
1265.0
1260.0
1260.0
1260.0
1260.0
1255.0
1255.0
1250.0
1250.0
1250.0
1250.0
1210.0
1245.0
1235.0
1230.0
1250.0
1240.0
1230.0
1245.0
1225.0
1215.0
1200.0
1200.0
1215.0
1220.0
1210.0
1210.0
1210.0
1210.0
1225.0
1205.0
1225.0
1220.0
1220.0
1220.0
1230.0
1235.0
1240.0
1245.0
1245.0
1250.0
1245.0
1215.0
1225.0
1230.0
1230.0
1215.0
1250.0
1300.0
1280.0
1280.0
1280.0
1270.0
1275.0
1275.0
1275.0
1280.0
1300.0
1300.0
1285.0
1300.0
1300.0
1285.0
1295.0
1305.0
1290.0
1305.0
1315.0
1315.0
1315.0
1285.0
1290.0
1290.0
1280.0
1280.0
1280.0
1250.0
1265.0
1265.0
1270.0
1260.0
1260.0
1255.0
1270.0
1250.0
1255.0
1265.0
1265.0
1285.0
1280.0
1295.0
1300.0
1285.0
1300.0
1275.0
1280.0
1260.0
1275.0
1305.0
1300.0
1255.0
1285.0
1290.0
1290.0
1285.0
1285.0
1285.0
1290.0
1295.0
1300.0
1295.0
1295.0
1270.0
1290.0
1280.0
1260.0
1255.0
1250.0
1250.0
1250.0
1250.0
1245.0
1245.0
1250.0
1300.0
1280.0
1275.0
1275.0
1270.0
1250.0
1265.0
1310.0
1300.0
1310.0
1310.0
1315.0
1300.0
1300.0
1295.0
1320.0
1265.0
1305.0
1290.0
1305.0
1320.0
1310.0
1330.0
1340.0
1320.0
1320.0
1320.0
1315.0
1340.0
1330.0
1315.0
1315.0
1320.0
1305.0
1320.0
1300.0
1320.0
1315.0
1325.0
1330.0
1305.0
1325.0
1340.0
1340.0
1335.0
1345.0
1335.0
1350.0
1350.0
1345.0
1350.0
1335.0
1335.0
1350.0
1335.0
1330.0
1350.0
1350.0
1350.0
1335.0
1350.0
1340.0
1350.0
1350.0
1340.0
1335.0
1345.0
1345.0
1330.0
1335.0
1330.0
1350.0
1350.0
1350.0
1345.0
1345.0
1300.0
1325.0
1350.0
1340.0
1335.0
1335.0
1325.0
1340.0
1335.0
1340.0
1320.0
1315.0
1305.0
1300.0
1300.0
1315.0
1320.0
1300.0
1300.0
1295.0
1315.0
1300.0
1315.0
1295.0
1300.0
1300.0
1295.0
1310.0
1315.0
1295.0
1295.0
1310.0
1310.0
1300.0
1300.0
1295.0
1290.0
1310.0
1295.0
1290.0
1290.0
1285.0
1300.0
1290.0
1310.0
1325.0
1315.0
1320.0
1300.0
1310.0
1325.0
1305.0
1305.0
1305.0
1290.0
1290.0
1285.0
1300.0
1300.0
1300.0
1300.0
1280.0
1275.0
1300.0
1300.0
1300.0
1275.0
1275.0
1295.0
1300.0
1295.0
1295.0
1295.0
1295.0
1300.0
1300.0
1300.0
1300.0
1300.0
1300.0
1300.0
1300.0
1295.0
1300.0
1315.0
1300.0
1315.0
1300.0
1295.0
1310.0
1310.0
1315.0
1320.0
1315.0
1315.0
1300.0
1320.0
1320.0
1300.0
1290.0
1290.0
1295.0
1295.0
1295.0
1285.0
1280.0
1275.0
1275.0
1285.0
1295.0
1300.0
1305.0
1310.0
1330.0
1315.0
1295.0
1305.0
1300.0
1300.0
1295.0
1300.0
1245.0
1250.0
1250.0
1245.0
1245.0
1235.0
1245.0
1250.0
1230.0
1225.0
1240.0
1230.0
1230.0
1255.0
1250.0
1230.0
1225.0
1240.0
1240.0
1260.0
1260.0
1260.0
1260.0
1250.0
1250.0
1250.0
1245.0
1245.0
1235.0
1230.0
1230.0
1245.0
1230.0
1250.0
1235.0
1240.0
1230.0
1225.0
1155.0
1140.0
1150.0
1160.0
1150.0
1160.0
1135.0
1145.0
1145.0
1145.0
1100.0
1120.0
1140.0
1140.0
1140.0
1140.0
1140.0
1155.0
1160.0
1155.0
1165.0
1165.0
1210.0
1195.0
1180.0
1190.0
1180.0
1205.0
1180.0
1190.0
1185.0
1190.0
1180.0
1175.0
1170.0
1160.0
1150.0
1155.0
1180.0
1185.0
1185.0
1150.0
1145.0
1145.0
1140.0
1130.0
1130.0
1120.0
1120.0
1115.0
1100.0
1100.0
1115.0
1125.0
1110.0
1135.0
1140.0
1145.0
1130.0
1130.0
1130.0
1130.0
1255.0
1210.0
1150.0
1165.0
1185.0
1160.0
1160.0
1150.0
1150.0
1160.0
1165.0
1185.0
1170.0
1170.0
1165.0
1170.0
1160.0
1160.0
1160.0
1160.0
1145.0
1160.0
1145.0
1130.0
1130.0
1145.0
1150.0
1135.0
1150.0
1150.0
1100.0
1100.0
1115.0
1150.0
1120.0
1175.0
1130.0
1190.0
1170.0
1165.0
1190.0
1150.0
1100.0
1120.0
1120.0
1160.0
1150.0
1130.0
1130.0
1145.0
1185.0
1120.0
1150.0
1140.0
1150.0
1150.0
1180.0
1175.0
1105.0
1105.0
1090.0
1090.0
1080.0
1075.0
1075.0
1180.0
1100.0
1135.0
1140.0
1180.0
1175.0
1185.0
1175.0
1175.0
1170.0
1090.0
1140.0
1170.0
1160.0
1155.0
1145.0
1135.0
1120.0
1180.0
1025.0
1065.0
1090.0
1070.0
1065.0
1020.0
1040.0
1040.0
1025.0
1025.0
1010.0
1010.0
1015.0
1060.0
1030.0
1025.0
1060.0
1075.0
1060.0
1040.0
1050.0
1040.0
1060.0
975.0
1035.0
1030.0
1025.0
1030.0
1030.0
1030.0
1050.0
1040.0
1035.0
1040.0
1035.0
1020.0
1030.0
1025.0
1030.0
1035.0
1030.0
1030.0
1035.0
1040.0
1045.0
1030.0
1030.0
1030.0
1035.0
1035.0
1030.0
1000.0
1010.0
1020.0
1050.0
1050.0
1050.0
1050.0
1045.0
1050.0
1050.0
1050.0
1055.0
1060.0
1065.0
1060.0
1070.0
1060.0
1060.0
1060.0
1050.0
1040.0
1055.0
1055.0
1075.0
1050.0
1050.0
1010.0
1040.0
1045.0
1025.0
1020.0
1035.0
1030.0
1020.0
1035.0
1000.0
1030.0
1015.0
1025.0
1035.0
1020.0
1035.0
1035.0
1020.0
1015.0
1005.0
1015.0
1030.0
1025.0
1025.0
1035.0
990.0
980.0
980.0
1010.0
1005.0
1015.0
1025.0
1040.0
1030.0
1025.0
1020.0
1025.0
1025.0
1000.0
1005.0
1025.0
1020.0
1015.0
1300.0
1190.0
1125.0
1160.0
1095.0
1025.0
1020.0
1030.0
1050.0
1070.0
1060.0
1055.0
1015.0
1020.0
1025.0
1025.0
1025.0
1060.0
1045.0
1040.0
1030.0
1030.0
1030.0
1060.0
1020.0
1020.0
1060.0
1080.0
1080.0
1085.0
1085.0
1085.0
1035.0
1080.0
1050.0
1050.0
1050.0
1080.0
1050.0
1065.0
1060.0
1085.0
1080.0
1080.0
1125.0
1090.0
985.0
1100.0
1115.0
1090.0
1090.0
1090.0
1090.0
1100.0
1090.0
1095.0
1100.0
1095.0
1090.0
1090.0
1075.0
1080.0
1055.0
1050.0
1095.0
1060.0
1100.0
1090.0
1070.0
1005.0
1050.0
1030.0
1040.0
1060.0
1050.0
1050.0
1070.0
1070.0
1060.0
1050.0
1050.0
1045.0
1050.0
1065.0
1050.0
1070.0
1070.0
1055.0
1065.0
1070.0
1065.0
1055.0
1065.0
1030.0
1030.0
1055.0
1045.0
1045.0
1050.0
1030.0
1040.0
1010.0
1020.0
1010.0
1030.0
1030.0
1005.0
1030.0
1035.0
1040.0
1040.0
1040.0
1020.0
1020.0
995.0
995.0
1000.0
1000.0
970.0
975.0
980.0
995.0
985.0
990.0
995.0
975.0
985.0
965.0
975.0
950.0
965.0
955.0
955.0
960.0
965.0
965.0
965.0
950.0
925.0
930.0
955.0
930.0
965.0
955.0
975.0
975.0
1000.0
985.0
985.0
985.0
985.0
990.0
960.0
1000.0
1015.0
1005.0
1005.0
1000.0
1020.0
960.0
965.0
995.0
965.0
965.0
970.0
970.0
960.0
970.0
980.0
955.0
970.0
980.0
950.0
915.0
940.0
935.0
935.0
945.0
935.0
945.0
930.0
945.0
935.0
930.0
955.0
935.0
930.0
945.0
930.0
940.0
920.0
920.0
910.0
920.0
920.0
900.0
915.0
910.0
900.0
905.0
910.0
920.0
910.0
915.0
940.0
940.0
925.0
925.0
910.0
925.0
925.0
915.0
910.0
915.0
905.0
880.0
885.0
895.0
895.0
885.0
885.0
895.0
895.0
900.0
895.0
895.0
895.0
890.0
900.0
905.0
905.0
905.0
905.0
910.0
910.0
910.0
915.0
900.0
895.0
900.0
905.0
900.0
900.0
900.0
910.0
900.0
895.0
885.0
890.0
880.0
895.0
890.0
885.0
885.0
890.0
895.0
885.0
885.0
885.0
885.0
890.0
885.0
890.0
885.0
885.0
885.0
880.0
880.0
880.0
880.0
880.0
885.0
885.0
885.0
885.0
890.0
890.0
900.0
890.0
890.0
890.0
900.0
900.0
890.0
900.0
895.0
900.0
895.0
900.0
900.0
900.0
900.0
900.0
900.0
900.0
900.0
900.0
900.0
895.0
895.0
885.0
905.0
900.0
900.0
905.0
905.0
900.0
890.0
900.0
900.0
890.0
890.0
900.0
900.0
870.0
850.0
850.0
850.0
860.0
860.0
860.0
880.0
880.0
890.0
890.0
890.0
880.0
855.0
855.0
870.0
860.0
865.0
860.0
885.0
885.0
870.0
865.0
875.0
860.0
890.0
865.0
865.0
880.0
865.0
860.0
865.0
865.0
865.0
850.0
865.0
865.0
865.0
860.0
860.0
865.0
840.0
840.0
850.0
850.0
835.0
845.0
855.0
855.0
855.0
865.0
850.0
850.0
850.0
860.0
865.0
845.0
850.0
835.0
830.0
840.0
840.0
845.0
850.0
855.0
850.0
850.0
855.0
845.0
855.0
845.0
830.0
840.0
840.0
835.0
840.0
845.0
830.0
825.0
835.0
830.0
835.0
835.0
835.0
840.0
840.0
835.0
840.0
820.0
825.0
835.0
835.0
830.0
835.0
835.0
840.0
830.0
825.0
830.0
820.0
820.0
830.0
825.0
825.0
825.0
835.0
835.0
820.0
830.0
830.0
830.0
830.0
835.0
840.0
840.0
830.0
845.0
840.0
840.0
840.0
830.0
845.0
840.0
835.0
845.0
845.0
840.0
840.0
830.0
835.0
830.0
835.0
850.0
855.0
840.0
855.0
855.0
855.0
850.0
855.0
855.0
855.0
845.0
855.0
850.0
835.0
835.0
850.0
845.0
850.0
850.0
835.0
835.0
845.0
850.0
845.0
845.0
850.0
840.0
850.0
850.0
830.0
840.0
845.0
845.0
845.0
850.0
845.0
845.0
840.0
840.0
840.0
840.0
835.0
835.0
840.0
835.0
845.0
835.0
840.0
835.0
840.0
850.0
850.0
840.0
840.0
845.0
855.0
855.0
845.0
850.0
860.0
855.0
855.0
855.0
860.0
870.0
865.0
865.0
870.0
870.0
860.0
860.0
860.0
855.0
860.0
860.0
850.0
850.0
850.0
850.0
860.0
865.0
860.0
865.0
870.0
870.0
890.0
890.0
910.0
900.0
895.0
905.0
890.0
895.0
890.0
910.0
880.0
895.0
880.0
880.0
890.0
895.0
890.0
890.0
880.0
885.0
890.0
880.0
870.0
875.0
865.0
880.0
890.0
900.0
895.0
890.0
880.0
880.0
880.0
895.0
890.0
885.0
880.0
895.0
890.0
890.0
895.0
890.0
885.0
890.0
880.0
875.0
870.0
875.0
875.0
875.0
875.0
885.0
875.0
875.0
885.0
885.0
880.0
875.0
870.0
875.0
875.0
865.0
865.0
865.0
870.0
860.0
850.0
865.0
875.0
865.0
875.0
865.0
860.0
860.0
870.0
870.0
870.0
870.0
875.0
875.0
880.0
870.0
870.0
860.0
870.0
870.0
875.0
870.0
870.0
865.0
860.0
870.0
860.0
870.0
865.0
860.0
855.0
850.0
850.0
855.0
850.0
845.0
850.0
845.0
840.0
855.0
850.0
860.0
845.0
855.0
855.0
845.0
855.0
855.0
850.0
845.0
840.0
850.0
850.0
850.0
850.0
855.0
845.0
845.0
840.0
825.0
825.0
835.0
830.0
835.0
830.0
830.0
830.0
845.0
835.0
830.0
825.0
825.0
825.0
810.0
810.0
825.0
850.0
840.0
840.0
835.0
835.0
840.0
845.0
840.0
845.0
840.0
850.0
840.0
850.0
840.0
840.0
840.0
845.0
840.0
840.0
850.0
855.0
855.0
850.0
845.0
840.0
840.0
840.0
840.0
840.0
830.0
825.0
820.0
825.0
830.0
840.0
830.0
840.0
825.0
825.0
825.0
820.0
830.0
835.0
830.0
845.0
835.0
825.0
825.0
825.0
830.0
830.0
825.0
815.0
820.0
810.0
815.0
815.0
810.0
810.0
810.0
810.0
805.0
810.0
810.0
815.0
805.0
815.0
805.0
805.0
805.0
820.0
810.0
810.0
815.0
805.0
810.0
815.0
815.0
810.0
810.0
810.0
810.0
805.0
815.0
810.0
810.0
820.0
820.0
820.0
825.0
815.0
815.0
810.0
805.0
810.0
805.0
810.0
810.0
805.0
820.0
820.0
810.0
805.0
800.0
800.0
810.0
800.0
810.0
810.0
815.0
810.0
810.0
800.0
795.0
805.0
810.0
810.0
820.0
800.0
805.0
805.0
790.0
790.0
805.0
800.0
795.0
795.0
800.0
805.0
795.0
790.0
790.0
800.0
795.0
795.0
795.0
805.0
800.0
800.0
805.0
790.0
790.0
785.0
795.0
795.0
800.0
800.0
800.0
800.0
790.0
790.0
800.0
790.0
800.0
790.0
795.0
780.0
790.0
790.0
785.0
780.0
780.0
775.0
790.0
785.0
790.0
785.0
780.0
785.0
785.0
780.0
785.0
775.0
770.0
770.0
770.0
770.0
780.0
775.0
775.0
770.0
780.0
790.0
780.0
780.0
795.0
770.0
770.0
770.0
770.0
770.0
770.0
795.0
775.0
775.0
770.0
775.0
765.0
775.0
775.0
770.0
775.0
760.0
770.0
770.0
760.0
760.0
760.0
760.0
760.0
755.0
760.0
760.0
760.0
765.0
765.0
755.0
755.0
735.0
730.0
730.0
730.0
725.0
725.0
750.0
760.0
750.0
755.0
750.0
760.0
755.0
775.0
795.0
780.0
780.0
760.0
770.0
770.0
780.0
770.0
770.0
760.0
775.0
765.0
770.0
765.0
760.0
775.0
790.0
760.0
765.0
765.0
770.0
780.0
775.0
775.0
785.0
770.0
775.0
770.0
765.0
765.0
765.0
765.0
780.0
775.0
775.0
780.0
780.0
780.0
780.0
800.0
800.0
790.0
800.0
795.0
800.0
790.0
800.0
800.0
800.0
795.0
795.0
795.0
785.0
780.0
790.0
790.0
795.0
795.0
790.0
795.0
790.0
800.0
800.0
800.0
800.0
800.0
805.0
800.0
825.0
825.0
825.0
815.0
815.0
840.0
850.0
860.0
850.0
860.0
865.0
855.0
865.0
850.0
850.0
850.0
850.0
850.0
850.0
860.0
850.0
880.0
870.0
850.0
865.0
855.0
850.0
850.0
840.0
850.0
850.0
850.0
850.0
850.0
850.0
850.0
855.0
850.0
850.0
850.0
850.0
850.0
860.0
855.0
855.0
860.0
860.0
875.0
875.0
875.0
875.0
860.0
855.0
880.0
900.0
895.0
880.0
880.0
865.0
865.0
860.0
860.0
835.0
845.0
830.0
825.0
840.0
810.0
810.0
820.0
810.0
810.0
815.0
815.0
810.0
815.0
815.0
815.0
820.0
820.0
830.0
820.0
830.0
835.0
830.0
845.0
865.0
865.0
895.0
890.0
895.0
890.0
850.0
890.0
865.0
895.0
870.0
855.0
865.0
890.0
900.0
875.0
860.0
890.0
895.0
885.0
895.0
895.0
865.0
890.0
865.0
880.0
865.0
870.0
860.0
850.0
835.0
840.0
835.0
840.0
825.0
830.0
800.0
820.0
820.0
820.0
815.0
800.0
780.0
820.0
795.0
820.0
795.0
795.0
800.0
815.0
785.0
790.0
810.0
815.0
815.0
820.0
820.0
820.0
810.0
810.0
810.0
800.0
800.0
835.0
825.0
810.0
805.0
805.0
805.0
820.0
810.0
810.0
815.0
810.0
815.0
815.0
800.0
815.0
805.0
820.0
800.0
800.0
800.0
800.0
800.0
810.0
800.0
805.0
805.0
810.0
815.0
815.0
815.0
820.0
815.0
820.0
805.0
800.0
805.0
815.0
815.0
820.0
820.0
820.0
850.0
870.0
850.0
860.0
850.0
820.0
855.0
855.0
860.0
860.0
850.0
865.0
855.0
875.0
875.0
870.0
825.0
865.0
825.0
865.0
840.0
870.0
860.0
845.0
855.0
865.0
850.0
855.0
845.0
865.0
830.0
860.0
860.0
875.0
865.0
830.0
830.0
870.0
825.0
835.0
850.0
850.0
865.0
840.0
860.0
835.0
855.0
840.0
840.0
840.0
850.0
850.0
855.0
830.0
845.0
845.0
855.0
855.0
850.0
850.0
850.0
825.0
830.0
850.0
825.0
825.0
835.0
845.0
845.0
855.0
825.0
825.0
835.0
835.0
830.0
830.0
830.0
830.0
835.0
840.0
835.0
840.0
825.0
840.0
825.0
825.0
825.0
840.0
830.0
835.0
835.0
825.0
825.0
825.0
825.0
835.0
825.0
830.0
835.0
830.0
840.0
835.0
835.0
835.0
835.0
830.0
830.0
840.0
840.0
835.0
835.0
835.0
835.0
840.0
840.0
845.0
845.0
875.0
845.0
835.0
850.0
845.0
840.0
840.0
840.0
835.0
840.0
850.0
860.0
855.0
855.0
835.0
845.0
830.0
840.0
835.0
850.0
850.0
850.0
850.0
850.0
850.0
860.0
855.0
845.0
855.0
850.0
850.0
850.0
850.0
850.0
850.0
850.0
860.0
850.0
860.0
850.0
860.0
850.0
850.0
855.0
855.0
865.0
850.0
860.0
850.0
850.0
850.0
850.0
860.0
850.0
850.0
850.0
850.0
850.0
860.0
855.0
850.0
860.0
850.0
860.0
850.0
855.0
850.0
850.0
860.0
860.0
850.0
860.0
850.0
860.0
850.0
850.0
860.0
865.0
865.0
860.0
860.0
855.0
855.0
860.0
860.0
860.0
860.0
850.0
850.0
855.0
850.0
855.0
855.0
855.0
860.0
860.0
855.0
860.0
850.0
855.0
860.0
850.0
860.0
850.0
850.0
850.0
850.0
860.0
850.0
850.0
850.0
850.0
855.0
850.0
870.0
850.0
855.0
855.0
850.0
860.0
855.0
860.0
850.0
855.0
855.0
850.0
850.0
850.0
850.0
850.0
850.0
850.0
880.0
895.0
860.0
865.0
865.0
860.0
865.0
865.0
860.0
865.0
865.0
865.0
865.0
865.0
870.0
870.0
865.0
865.0
865.0
865.0
885.0
890.0
885.0
880.0
890.0
915.0
920.0
915.0
915.0
885.0
915.0
910.0
910.0
910.0
875.0
900.0
875.0
880.0
905.0
890.0
885.0
885.0
895.0
880.0
880.0
885.0
890.0
895.0
885.0
890.0
885.0
890.0
890.0
905.0
890.0
905.0
890.0
890.0
890.0
895.0
885.0
885.0
890.0
885.0
885.0
885.0
890.0
885.0
880.0
880.0
890.0
885.0
880.0
885.0
880.0
890.0
890.0
885.0
880.0
880.0
880.0
900.0
890.0
885.0
880.0
885.0
880.0
895.0
880.0
895.0
885.0
880.0
890.0
885.0
885.0
885.0
890.0
900.0
890.0
885.0
885.0
890.0
890.0
885.0
885.0
880.0
885.0
885.0
885.0
885.0
890.0
895.0
895.0
895.0
885.0
880.0
880.0
890.0
890.0
885.0
885.0
885.0
880.0
885.0
880.0
890.0
885.0
880.0
880.0
890.0
885.0
900.0
900.0
910.0
900.0
895.0
910.0
895.0
895.0
900.0
905.0
900.0
900.0
900.0
900.0
900.0
905.0
910.0
900.0
900.0
900.0
910.0
905.0
910.0
910.0
905.0
915.0
905.0
920.0
920.0
930.0
940.0
950.0
960.0
940.0
950.0
920.0
930.0
925.0
925.0
920.0
920.0
915.0
930.0
950.0
945.0
955.0
950.0
950.0
930.0
930.0
925.0
935.0
955.0
955.0
965.0
975.0
975.0
975.0
945.0
955.0
965.0
950.0
960.0
960.0
960.0
950.0
955.0
955.0
960.0
945.0
940.0
945.0
940.0
940.0
940.0
930.0
940.0
950.0
955.0
955.0
955.0
940.0
950.0
950.0
925.0
905.0
910.0
905.0
915.0
905.0
890.0
885.0
890.0
870.0
880.0
880.0
875.0
865.0
870.0
865.0
860.0
915.0
895.0
900.0
895.0
900.0
895.0
895.0
915.0
915.0
915.0
885.0
885.0
905.0
905.0
900.0
900.0
880.0
900.0
885.0
875.0
880.0
880.0
880.0
880.0
875.0
875.0
865.0
870.0
860.0
860.0
860.0
860.0
870.0
860.0
865.0
865.0
865.0
855.0
850.0
865.0
855.0
855.0
865.0
855.0
865.0
860.0
860.0
865.0
865.0
855.0
865.0
865.0
865.0
870.0
860.0
868.0
874.0
880.0
880.0
872.0
870.0
868.0
868.0
874.0
874.0
868.0
874.0
880.0
874.0
874.0
868.0
876.0
882.0
882.0
858.0
870.0
870.0
870.0
870.0
870.0
870.0
874.0
876.0
864.0
872.0
872.0
870.0
872.0
860.0
864.0
864.0
884.0
876.0
888.0
876.0
866.0
872.0
864.0
864.0
872.0
872.0
864.0
872.0
872.0
870.0
874.0
876.0
864.0
860.0
860.0
862.0
864.0
864.0
860.0
856.0
852.0
856.0
868.0
866.0
854.0
860.0
856.0
852.0
852.0
858.0
852.0
850.0
858.0
862.0
860.0
860.0
860.0
866.0
866.0
866.0
866.0
868.0
870.0
868.0
872.0
870.0
868.0
870.0
856.0
862.0
854.0
860.0
860.0
866.0
858.0
866.0
864.0
866.0
864.0
854.0
866.0
866.0
864.0
864.0
864.0
864.0
866.0
866.0
866.0
868.0
864.0
864.0
864.0
862.0
862.0
864.0
864.0
866.0
864.0
862.0
864.0
864.0
864.0
866.0
866.0
868.0
868.0
870.0
870.0
868.0
868.0
870.0
870.0
870.0
868.0
868.0
868.0
870.0
868.0
866.0
866.0
866.0
864.0
862.0
862.0
864.0
866.0
866.0
866.0
864.0
864.0
852.0
862.0
862.0
862.0
860.0
856.0
860.0
850.0
856.0
856.0
860.0
860.0
860.0
860.0
860.0
860.0
860.0
860.0
860.0
860.0
860.0
860.0
858.0
860.0
852.0
858.0
858.0
858.0
858.0
860.0
860.0
860.0
860.0
856.0
868.0
864.0
864.0
864.0
860.0
860.0
858.0
860.0
860.0
858.0
860.0
860.0
860.0
866.0
862.0
858.0
862.0
866.0
864.0
854.0
860.0
854.0
852.0
854.0
856.0
858.0
852.0
858.0
856.0
858.0
856.0
858.0
856.0
860.0
868.0
866.0
864.0
864.0
862.0
862.0
864.0
864.0
864.0
860.0
860.0
858.0
858.0
854.0
856.0
856.0
856.0
854.0
854.0
856.0
854.0
854.0
854.0
854.0
854.0
854.0
854.0
854.0
856.0
858.0
856.0
858.0
864.0
866.0
866.0
866.0
862.0
866.0
868.0
878.0
880.0
880.0
882.0
884.0
886.0
938.0
924.0
914.0
904.0
912.0
900.0
884.0
880.0
876.0
880.0
884.0
884.0
890.0
890.0
910.0
892.0
910.0
890.0
914.0
906.0
910.0
888.0
886.0
900.0
890.0
900.0
908.0
886.0
896.0
886.0
886.0
886.0
894.0
890.0
884.0
884.0
906.0
898.0
886.0
880.0
898.0
898.0
888.0
900.0
896.0
902.0
882.0
886.0
892.0
890.0
890.0
884.0
880.0
880.0
878.0
878.0
878.0
878.0
870.0
876.0
874.0
876.0
862.0
874.0
866.0
870.0
870.0
868.0
868.0
868.0
876.0
874.0
876.0
878.0
870.0
870.0
870.0
884.0
880.0
874.0
872.0
876.0
870.0
870.0
874.0
878.0
870.0
878.0
878.0
878.0
876.0
874.0
884.0
884.0
884.0
876.0
880.0
874.0
882.0
882.0
882.0
878.0
876.0
876.0
882.0
874.0
874.0
880.0
878.0
876.0
870.0
872.0
872.0
872.0
864.0
870.0
868.0
864.0
868.0
868.0
862.0
864.0
850.0
862.0
856.0
864.0
854.0
864.0
860.0
852.0
852.0
850.0
850.0
854.0
856.0
856.0
852.0
850.0
856.0
850.0
850.0
856.0
858.0
854.0
858.0
862.0
866.0
860.0
856.0
856.0
864.0
860.0
852.0
856.0
858.0
858.0
854.0
850.0
858.0
858.0
862.0
858.0
858.0
858.0
878.0
862.0
862.0
866.0
856.0
856.0
864.0
854.0
862.0
854.0
856.0
858.0
856.0
860.0
860.0
866.0
866.0
864.0
868.0
866.0
864.0
858.0
864.0
864.0
856.0
864.0
880.0
866.0
866.0
870.0
872.0
872.0
872.0
872.0
878.0
866.0
861.0
869.0
864.0
869.0
869.0
869.0
869.0
864.0
878.0
865.0
875.0
865.0
864.0
870.0
870.0
865.0
875.0
874.0
875.0
875.0
875.0
871.0
870.0
870.0
875.0
875.0
875.0
875.0
875.0
877.0
871.0
881.0
887.0
874.0
870.0
869.0
873.0
879.0
871.0
877.0
871.0
872.0
876.0
868.0
864.0
871.0
865.0
864.0
870.0
889.0
886.0
869.0
870.0
865.0
865.0
865.0
877.0
865.0
866.0
870.0
870.0
870.0
861.0
861.0
867.0
861.0
867.0
860.0
865.0
868.0
869.0
859.0
860.0
859.0
864.0
862.0
860.0
863.0
864.0
865.0
871.0
871.0
861.0
866.0
866.0
881.0
864.0
864.0
859.0
875.0
864.0
862.0
875.0
875.0
875.0
864.0
869.0
877.0
874.0
872.0
874.0
871.0
869.0
870.0
877.0
879.0
879.0
875.0
874.0
874.0
870.0
867.0
878.0
878.0
873.0
872.0
866.0
867.0
874.0
867.0
868.0
872.0
878.0
861.0
859.0
854.0
866.0
872.0
863.0
871.0
863.0
863.0
863.0
864.0
874.0
874.0
865.0
868.0
883.0
906.0
890.0
881.0
880.0
860.0
874.0
870.0
869.0
862.0
860.0
863.0
887.0
882.0
871.0
868.0
899.0
880.0
884.0
900.0
900.0
885.0
886.0
894.0
880.0
893.0
895.0
900.0
878.0
896.0
881.0
881.0
882.0
886.0
885.0
884.0
884.0
890.0
888.0
880.0
880.0
875.0
885.0
886.0
876.0
884.0
876.0
884.0
882.0
878.0
875.0
887.0
879.0
878.0
878.0
887.0
885.0
887.0
890.0
886.0
885.0
885.0
894.0
883.0
884.0
888.0
884.0
884.0
888.0
888.0
888.0
890.0
890.0
888.0
889.0
884.0
886.0
887.0
907.0
898.0
897.0
890.0
883.0
882.0
876.0
890.0
881.0
880.0
884.0
884.0
886.0
886.0
877.0
894.0
879.0
878.0
880.0
880.0
879.0
878.0
879.0
876.0
873.0
870.0
873.0
874.0
882.0
874.0
882.0
878.0
877.0
872.0
878.0
878.0
874.0
874.0
870.0
862.0
867.0
870.0
865.0
871.0
870.0
875.0
873.0
863.0
871.0
873.0
882.0
871.0
872.0
883.0
880.0
879.0
879.0
887.0
887.0
883.0
878.0
870.0
874.0
868.0
861.0
869.0
878.0
871.0
876.0
870.0
870.0
871.0
883.0
867.0
869.0
876.0
868.0
870.0
876.0
876.0
874.0
874.0
874.0
874.0
884.0
881.0
868.0
875.0
866.0
870.0
873.0
868.0
875.0
874.0
864.0
865.0
868.0
865.0
865.0
863.0
869.0
864.0
868.0
867.0
863.0
863.0
864.0
865.0
875.0
880.0
878.0
868.0
864.0
860.0
870.0
874.0
865.0
871.0
871.0
870.0
868.0
869.0
869.0
865.0
867.0
865.0
861.0
860.0
867.0
867.0
862.0
868.0
862.0
862.0
862.0
865.0
865.0
872.0
870.0
855.0
867.0
855.0
856.0
864.0
863.0
863.0
860.0
860.0
856.0
863.0
860.0
860.0
860.0
859.0
859.0
867.0
858.0
855.0
861.0
861.0
854.0
854.0
858.0
859.0
860.0
859.0
851.0
859.0
859.0
860.0
868.0
865.0
866.0
858.0
857.0
857.0
860.0
860.0
859.0
858.0
854.0
858.0
855.0
855.0
858.0
859.0
854.0
859.0
855.0
859.0
855.0
870.0
856.0
867.0
867.0
868.0
873.0
870.0
870.0
862.0
869.0
869.0
869.0
869.0
874.0
861.0
871.0
871.0
864.0
870.0
872.0
864.0
865.0
864.0
864.0
866.0
858.0
865.0
865.0
858.0
865.0
865.0
866.0
859.0
859.0
867.0
866.0
858.0
871.0
857.0
857.0
861.0
859.0
854.0
853.0
868.0
854.0
854.0
865.0
855.0
863.0
864.0
859.0
859.0
859.0
871.0
864.0
866.0
865.0
863.0
857.0
859.0
863.0
856.0
863.0
856.0
861.0
855.0
855.0
864.0
862.0
870.0
863.0
863.0
861.0
867.0
865.0
859.0
859.0
860.0
858.0
856.0
859.0
852.0
858.0
850.0
858.0
856.0
855.0
855.0
857.0
853.0
850.0
851.0
850.0
855.0
855.0
850.0
868.0
858.0
856.0
863.0
855.0
872.0
859.0
859.0
859.0
864.0
863.0
861.0
857.0
860.0
860.0
860.0
854.0
861.0
853.0
853.0
861.0
856.0
855.0
858.0
850.0
852.0
851.0
855.0
855.0
852.0
860.0
860.0
858.0
850.0
858.0
858.0
856.0
858.0
858.0
857.0
858.0
858.0
857.0
859.0
879.0
860.0
878.0
867.0
876.0
877.0
874.0
874.0
863.0
857.0
868.0
859.0
860.0
861.0
864.0
864.0
866.0
864.0
860.0
851.0
854.0
855.0
855.0
855.0
855.0
855.0
857.0
859.0
857.0
859.0
858.0
859.0
857.0
859.0
857.0
860.0
858.0
858.0
855.0
859.0
854.0
857.0
850.0
851.0
855.0
854.0
854.0
854.0
852.0
854.0
855.0
852.0
856.0
857.0
856.0
853.0
857.0
857.0
857.0
854.0
857.0
855.0
852.0
856.0
853.0
856.0
855.0
856.0
856.0
854.0
856.0
863.0
862.0
867.0
863.0
866.0
867.0
861.0
861.0
870.0
858.0
861.0
869.0
869.0
869.0
859.0
859.0
857.0
865.0
860.0
864.0
863.0
854.0
854.0
855.0
864.0
856.0
861.0
862.0
861.0
858.0
863.0
862.0
855.0
860.0
860.0
859.0
856.0
861.0
854.0
860.0
859.0
860.0
862.0
862.0
860.0
862.0
863.0
861.0
861.0
859.0
859.0
861.0
865.0
865.0
858.0
862.0
860.0
864.0
864.0
862.0
858.0
862.0
864.0
864.0
860.0
860.0
867.0
866.0
866.0
866.0
863.0
860.0
862.0
875.0
870.0
874.0
871.0
867.0
870.0
880.0
873.0
873.0
872.0
869.0
870.0
873.0
869.0
874.0
878.0
878.0
860.0
864.0
873.0
873.0
872.0
870.0
865.0
869.0
871.0
874.0
874.0
871.0
865.0
870.0
877.0
878.0
877.0
876.0
869.0
875.0
869.0
875.0
875.0
872.0
872.0
872.0
879.0
872.0
872.0
877.0
873.0
868.0
868.0
876.0
868.0
868.0
871.0
893.0
889.0
880.0
892.0
894.0
893.0
899.0
892.0
898.0
896.0
895.0
893.0
880.0
894.0
884.0
893.0
886.0
888.0
889.0
896.0
890.0
890.0
897.0
891.0
895.0
892.0
877.0
878.0
892.0
880.0
880.0
879.0
870.0
889.0
887.0
876.0
887.0
880.0
874.0
870.0
876.0
882.0
882.0
885.0
887.0
887.0
887.0
888.0
888.0
881.0
882.0
885.0
886.0
886.0
883.0
883.0
888.0
883.0
883.0
890.0
885.0
887.0
886.0
885.0
882.0
875.0
875.0
881.0
874.0
874.0
874.0
884.0
871.0
871.0
871.0
866.0
870.0
870.0
869.0
864.0
867.0
870.0
864.0
863.0
867.0
867.0
870.0
873.0
873.0
873.0
873.0
877.0
877.0
877.0
875.0
870.0
876.0
877.0
874.0
879.0
870.0
871.0
883.0
871.0
873.0
873.0
873.0
873.0
873.0
871.0
869.0
866.0
868.0
869.0
882.0
880.0
880.0
872.0
872.0
872.0
871.0
871.0
872.0
871.0
871.0
870.0
869.0
869.0
869.0
877.0
878.0
877.0
882.0
889.0
890.0
883.0
880.0
873.0
876.0
876.0
875.0
875.0
882.0
883.0
882.0
887.0
888.0
874.0
874.0
875.0
878.0
880.0
874.0
877.0
879.0
880.0
879.0
879.0
875.0
875.0
863.0
876.0
875.0
874.0
875.0
875.0
869.0
869.0
870.0
878.0
872.0
876.0
869.0
861.0
870.0
870.0
871.0
878.0
874.0
878.0
878.0
878.0
878.0
878.0
878.0
878.0
871.0
876.0
875.0
875.0
875.0
874.0
872.0
881.0
878.0
878.0
877.0
878.0
878.0
876.0
873.0
882.0
878.0
879.0
873.0
909.0
920.0
930.0
917.0
920.0
922.0
917.0
924.0
936.0
953.0
926.0
922.0
921.0
923.0
926.0
923.0
947.0
925.0
937.0
938.0
940.0
950.0
959.0
983.0
952.0
976.0
953.0
937.0
934.0
931.0
929.0
928.0
933.0
936.0
937.0
926.0
932.0
924.0
915.0
905.0
904.0
896.0
895.0
900.0
903.0
919.0
914.0
916.0
923.0
924.0
919.0
923.0
924.0
919.0
894.0
872.0
874.0
873.0
893.0
892.0
886.0
887.0
891.0
891.0
890.0
898.0
895.0
900.0
907.0
907.0
907.0
911.0
901.0
896.0
903.0
886.0
890.0
898.0
896.0
888.0
891.0
892.0
899.0
890.0
899.0
892.0
900.0
899.0
896.0
898.0
904.0
853.0
865.0
866.0
862.0
857.0
860.0
869.0
869.0
893.0
885.0
889.0
887.0
884.0
884.0
882.0
882.0
888.0
889.0
880.0
870.0
869.0
870.0
870.0
871.0
870.0
873.0
870.0
876.0
874.0
872.0
872.0
873.0
871.0
870.0
871.0
872.0
865.0
864.0
858.0
867.0
866.0
865.0
864.0
860.0
860.0
860.0
860.0
860.0
860.0
858.0
855.0
855.0
863.0
863.0
863.0
865.0
867.0
865.0
866.0
865.0
867.0
866.0
854.0
866.0
866.0
866.0
866.0
863.0
862.0
862.0
865.0
865.0
864.0
869.0
874.0
874.0
876.0
878.0
880.0
878.0
877.0
890.0
866.0
868.0
877.0
857.0
852.0
855.0
859.0
859.0
855.0
855.0
857.0
854.0
853.0
862.0
864.0
863.0
859.0
861.0
864.0
863.0
863.0
857.0
858.0
857.0
862.0
864.0
868.0
858.0
864.0
858.0
859.0
858.0
862.0
859.0
864.0
858.0
861.0
861.0
861.0
860.0
864.0
864.0
861.0
861.0
866.0
863.0
862.0
860.0
860.0
868.0
867.0
863.0
863.0
862.0
862.0
864.0
862.0
861.0
861.0
863.0
861.0
862.0
862.0
861.0
863.0
860.0
862.0
863.0
862.0
860.0
860.0
859.0
855.0
853.0
858.0
859.0
859.0
856.0
859.0
859.0
862.0
860.0
855.0
859.0
858.0
864.0
858.0
860.0
860.0
857.0
857.0
855.0
856.0
855.0
856.0
854.0
853.0
852.0
852.0
852.0
855.0
853.0
856.0
855.0
854.0
854.0
852.0
854.0
859.0
856.0
857.0
857.0
852.0
853.0
854.0
855.0
854.0
854.0
854.0
853.0
853.0
854.0
853.0
853.0
855.0
854.0
857.0
857.0
857.0
857.0
857.0
858.0
858.0
856.0
856.0
855.0
855.0
856.0
855.0
855.0
855.0
855.0
854.0
853.0
855.0
853.0
853.0
855.0
859.0
853.0
860.0
865.0
860.0
859.0
859.0
860.0
855.0
859.0
856.0
856.0
854.0
851.0
853.0
851.0
853.0
859.0
859.0
857.0
857.0
851.0
851.0
856.0
854.0
853.0
853.0
853.0
851.0
850.0
859.0
852.0
851.0
850.0
851.0
853.0
850.0
853.0
853.0
851.0
857.0
857.0
855.0
850.0
851.0
855.0
854.0
855.0
851.0
855.0
855.0
850.0
854.0
850.0
851.0
850.0
850.0
851.0
854.0
854.0
854.0
856.0
851.0
857.0
853.0
855.0
853.0
855.0
856.0
853.0
850.0
851.0
852.0
850.0
854.0
852.0
854.0
855.0
853.0
852.0
851.0
852.0
852.0
854.0
850.0
850.0
854.0
850.0
854.0
850.0
850.0
850.0
850.0
850.0
850.0
853.0
851.0
850.0
853.0
853.0
853.0
853.0
851.0
851.0
850.0
850.0
852.0
850.0
851.0
852.0
852.0
852.0
852.0
852.0
851.0
850.0
852.0
852.0
853.0
853.0
850.0
854.0
850.0
852.0
850.0
853.0
852.0
852.0
852.0
853.0
853.0
851.0
851.0
852.0
853.0
854.0
854.0
854.0
853.0
852.0
852.0
853.0
851.0
851.0
853.0
853.0
854.0
851.0
853.0
851.0
851.0
850.0
853.0
851.0
853.0
851.0
855.0
854.0
855.0
854.0
854.0
859.0
870.0
857.0
863.0
863.0
862.0
864.0
861.0
863.0
860.0
860.0
859.0
861.0
859.0
861.0
861.0
861.0
852.0
858.0
857.0
853.0
855.0
855.0
855.0
855.0
852.0
855.0
854.0
853.0
855.0
855.0
857.0
857.0
852.0
856.0
856.0
853.0
853.0
853.0
853.0
854.0
853.0
852.0
856.0
852.0
854.0
853.0
851.0
852.0
852.0
852.0
855.0
852.0
855.0
853.0
855.0
857.0
854.0
852.0
854.0
854.0
855.0
854.0
854.0
854.0
853.0
853.0
853.0
852.0
850.0
852.0
850.0
852.0
851.0
852.0
851.0
851.0
850.0
848.0
851.0
850.0
850.0
849.0
850.0
850.0
849.0
852.0
849.0
848.0
851.0
847.0
847.0
848.0
848.0
848.0
850.0
852.0
850.0
849.0
852.0
853.0
849.0
849.0
850.0
850.0
850.0
851.0
848.0
852.0
846.0
847.0
846.0
847.0
848.0
847.0
836.0
842.0
839.0
840.0
840.0
841.0
841.0
840.0
835.0
835.0
834.0
834.0
832.0
830.0
833.0
834.0
837.0
838.0
824.0
827.0
827.0
832.0
832.0
828.0
832.0
811.0
816.0
817.0
819.0
812.0
812.0
813.0
813.0
810.0
812.0
811.0
801.0
806.0
806.0
806.0
812.0
810.0
813.0
815.0
816.0
812.0
818.0
810.0
811.0
808.0
807.0
815.0
801.0
811.0
809.0
809.0
809.0
809.0
812.0
811.0
808.0
809.0
818.0
811.0
814.0
814.0
811.0
810.0
815.0
810.0
806.0
810.0
811.0
798.0
798.0
800.0
800.0
801.0
798.0
796.0
793.0
799.0
797.0
799.0
799.0
799.0
797.0
799.0
800.0
799.0
799.0
799.0
800.0
795.0
797.0
797.0
796.0
796.0
800.0
799.0
797.0
798.0
796.0
795.0
795.0
795.0
797.0
795.0
796.0
796.0
798.0
795.0
794.0
795.0
797.0
799.0
799.0
798.0
793.0
796.0
796.0
792.0
795.0
797.0
793.0
788.0
787.0
791.0
787.0
794.0
790.0
787.0
788.0
789.0
797.0
798.0
791.0
795.0
789.0
790.0
790.0
793.0
793.0
790.0
795.0
788.0
788.0
788.0
791.0
788.0
790.0
785.0
787.0
789.0
788.0
788.0
789.0
783.0
784.0
784.0
784.0
785.0
777.0
782.0
745.0
752.0
763.0
764.0
759.0
767.0
767.0
765.0
767.0
767.0
763.0
767.0
761.0
764.0
762.0
767.0
755.0
759.0
774.0
763.0
758.0
762.0
762.0
761.0
761.0
760.0
757.0
755.0
755.0
752.0
755.0
755.0
757.0
756.0
756.0
752.0
754.0
755.0
756.0
755.0
762.0
759.0
759.0
759.0
764.0
760.0
753.0
754.0
752.0
755.0
754.0
751.0
748.0
758.0
749.0
755.0
760.0
753.0
757.0
758.0
756.0
761.0
764.0
766.0
766.0
775.0
765.0
766.0
766.0
761.0
766.0
759.0
753.0
758.0
754.0
755.0
754.0
759.0
762.0
754.0
767.0
766.0
766.0
764.0
758.0
763.0
755.0
754.0
750.0
755.0
748.0
755.0
751.0
752.0
754.0
754.0
758.0
758.0
755.0
754.0
754.0
753.0
750.0
747.0
755.0
753.0
751.0
749.0
750.0
750.0
750.0
753.0
752.0
752.0
756.0
754.0
755.0
753.0
753.0
753.0
753.0
753.0
750.0
752.0
753.0
750.0
753.0
750.0
751.0
752.0
749.0
752.0
752.0
751.0
747.0
749.0
750.0
752.0
750.0
748.0
749.0
749.0
750.0
748.0
752.0
769.0
768.0
779.0
772.0
779.0
777.0
774.0
761.0
819.0
813.0
799.0
808.0
806.0
801.0
802.0
806.0
805.0
823.0
808.0
813.0
816.0
812.0
815.0
810.0
808.0
806.0
806.0
785.0
779.0
771.0
775.0
780.0
787.0
792.0
791.0
793.0
794.0
785.0
785.0
789.0
793.0
790.0
785.0
784.0
788.0
783.0
787.0
782.0
787.0
787.0
782.0
786.0
785.0
783.0
790.0
786.0
786.0
790.0
794.0
786.0
791.0
799.0
799.0
795.0
807.0
810.0
805.0
808.0
807.0
802.0
800.0
805.0
806.0
803.0
803.0
804.0
803.0
801.0
803.0
803.0
799.0
805.0
790.0
793.0
796.0
795.0
797.0
790.0
789.0
787.0
801.0
794.0
797.0
801.0
799.0
789.0
793.0
791.0
793.0
793.0
793.0
783.0
785.0
783.0
785.0
784.0
784.0
786.0
786.0
785.0
787.0
779.0
779.0
781.0
782.0
779.0
780.0
780.0
782.0
773.0
777.0
776.0
773.0
772.0
770.0
774.0
776.0
776.0
771.0
776.0
780.0
774.0
771.0
773.0
773.0
774.0
774.0
776.0
775.0
786.0
778.0
776.0
772.0
776.0
775.0
777.0
775.0
775.0
771.0
775.0
770.0
773.0
774.0
775.0
775.0
771.0
776.0
778.0
781.0
779.0
777.0
779.0
780.0
775.0
775.0
772.0
778.0
783.0
780.0
778.0
780.0
781.0
780.0
780.0
785.0
784.0
791.0
790.0
793.0
791.0
792.0
789.0
790.0
792.0
790.0
800.0
799.0
793.0
795.0
790.0
779.0
779.0
783.0
787.0
786.0
784.0
785.0
787.0
787.0
779.0
781.0
780.0
794.0
789.0
787.0
786.0
786.0
789.0
785.0
780.0
786.0
787.0
788.0
790.0
789.0
787.0
786.0
788.0
783.0
783.0
785.0
785.0
784.0
782.0
783.0
782.0
786.0
783.0
783.0
783.0
783.0
785.0
784.0
788.0
785.0
785.0
787.0
787.0
784.0
784.0
787.0
787.0
784.0
784.0
784.0
784.0
788.0
793.0
787.0
789.0
792.0
796.0
795.0
794.0
794.0
794.0
793.0
791.0
791.0
793.0
791.0
793.0
794.0
798.0
794.0
794.0
794.0
798.0
830.0
836.0
834.0
835.0
837.0
832.0
848.0
836.0
830.0
830.0
826.0
829.0
822.0
821.0
819.0
819.0
812.0
818.0
815.0
821.0
829.0
828.0
826.0
825.0
820.0
820.0
825.0
823.0
822.0
824.0
827.0
824.0
827.0
818.0
828.0
836.0
832.0
829.0
831.0
834.0
835.0
832.0
834.0
833.0
844.0
833.0
839.0
836.0
838.0
835.0
836.0
835.0
834.0
834.0
837.0
842.0
844.0
839.0
835.0
838.0
836.0
836.0
836.0
835.0
818.0
824.0
826.0
820.0
819.0
822.0
823.0
820.0
822.0
825.0
822.0
824.0
824.0
828.0
824.0
816.0
831.0
816.0
816.0
758.0
786.0
776.0
785.0
768.0
776.0
771.0
762.0
767.0
790.0
781.0
788.0
783.0
766.0
768.0
767.0
774.0
768.0
772.0
777.0
785.0
782.0
773.0
768.0
772.0
772.0
772.0
776.0
776.0
780.0
776.0
782.0
780.0
778.0
780.0
782.0
780.0
780.0
776.0
777.0
778.0
774.0
777.0
773.0
775.0
775.0
777.0
778.0
805.0
811.0
810.0
809.0
814.0
814.0
809.0
811.0
790.0
780.0
770.0
805.0
816.0
807.0
808.0
809.0
805.0
800.0
811.0
813.0
805.0
808.0
806.0
805.0
807.0
806.0
812.0
812.0
807.0
807.0
805.0
774.0
785.0
786.0
790.0
785.0
785.0
791.0
787.0
786.0
798.0
796.0
796.0
785.0
798.0
795.0
799.0
799.0
799.0
785.0
786.0
785.0
785.0
786.0
785.0
781.0
787.0
777.0
780.0
787.0
777.0
778.0
785.0
787.0
777.0
762.0
776.0
768.0
777.0
776.0
763.0
763.0
763.0
770.0
768.0
777.0
774.0
755.0
769.0
755.0
769.0
770.0
775.0
780.0
785.0
783.0
780.0
780.0
784.0
773.0
772.0
773.0
783.0
778.0
777.0
780.0
784.0
783.0
783.0
779.0
780.0
780.0
783.0
785.0
782.0
784.0
792.0
793.0
790.0
802.0
802.0
795.0
788.0
796.0
795.0
788.0
785.0
800.0
799.0
794.0
793.0
796.0
792.0
794.0
798.0
793.0
798.0
820.0
815.0
808.0
810.0
801.0
806.0
802.0
796.0
797.0
815.0
818.0
814.0
812.0
815.0
811.0
811.0
817.0
811.0
811.0
819.0
815.0
813.0
805.0
810.0
810.0
809.0
809.0
814.0
808.0
810.0
809.0
805.0
805.0
805.0
805.0
808.0
808.0
807.0
805.0
806.0
807.0
806.0
806.0
807.0
807.0
805.0
805.0
806.0
805.0
805.0
810.0
805.0
805.0
808.0
810.0
806.0
807.0
808.0
806.0
807.0
807.0
808.0
805.0
805.0
807.0
806.0
805.0
807.0
808.0
808.0
809.0
810.0
807.0
804.0
807.0
808.0
807.0
807.0
807.0
813.0
812.0
812.0
811.0
810.0
809.0
814.0
814.0
810.0
811.0
825.0
824.0
826.0
820.0
830.0
829.0
829.0
808.0
820.0
820.0
826.0
827.0
815.0
816.0
818.0
825.0
823.0
823.0
820.0
820.0
825.0
825.0
832.0
833.0
829.0
827.0
829.0
830.0
835.0
840.0
841.0
837.0
832.0
825.0
831.0
829.0
823.0
836.0
825.0
826.0
831.0
826.0
835.0
839.0
835.0
827.0
833.0
830.0
830.0
832.0
828.0
825.0
825.0
828.0
826.0
826.0
828.0
825.0
825.0
825.0
827.0
829.0
827.0
827.0
827.0
827.0
827.0
825.0
833.0
827.0
829.0
831.0
828.0
827.0
829.0
828.0
828.0
828.0
827.0
833.0
829.0
828.0
828.0
825.0
828.0
825.0
826.0
828.0
828.0
828.0
828.0
827.0
828.0
828.0
828.0
828.0
828.0
827.0
830.0
830.0
830.0
827.0
829.0
827.0
828.0
833.0
827.0
828.0
831.0
827.0
827.0
827.0
828.0
829.0
827.0
828.0
830.0
831.0
829.0
830.0
829.0
828.0
828.0
828.0
827.0
828.0
829.0
828.0
827.0
827.0
827.0
827.0
827.0
828.0
827.0
827.0
829.0
829.0
827.0
827.0
827.0
827.0
830.0
830.0
830.0
832.0
853.0
850.0
895.0
860.0
857.0
858.0
880.0
860.0
846.0
846.0
843.0
846.0
850.0
841.0
844.0
859.0
857.0
860.0
858.0
857.0
848.0
849.0
858.0
855.0
855.0
856.0
860.0
844.0
850.0
848.0
855.0
837.0
836.0
838.0
843.0
836.0
831.0
837.0
832.0
836.0
837.0
837.0
832.0
830.0
830.0
829.0
830.0
830.0
834.0
833.0
833.0
833.0
842.0
844.0
837.0
844.0
836.0
837.0
838.0
838.0
838.0
836.0
838.0
838.0
833.0
827.0
830.0
828.0
836.0
836.0
832.0
833.0
834.0
836.0
830.0
832.0
836.0
835.0
834.0
831.0
832.0
835.0
837.0
837.0
832.0
831.0
834.0
834.0
834.0
833.0
834.0
830.0
831.0
830.0
834.0
832.0
829.0
833.0
831.0
831.0
831.0
832.0
832.0
828.0
835.0
828.0
834.0
834.0
830.0
829.0
832.0
830.0
829.0
828.0
828.0
829.0
830.0
829.0
830.0
831.0
831.0
830.0
831.0
828.0
828.0
828.0
828.0
828.0
830.0
828.0
830.0
829.0
830.0
831.0
833.0
830.0
830.0
830.0
830.0
829.0
833.0
830.0
830.0
831.0
829.0
828.0
831.0
831.0
828.0
828.0
828.0
828.0
829.0
829.0
828.0
828.0
829.0
828.0
827.0
829.0
827.0
827.0
828.0
828.0
828.0
831.0
828.0
827.0
829.0
830.0
830.0
830.0
830.0
830.0
829.0
829.0
829.0
830.0
830.0
829.0
829.0
828.0
828.0
827.0
827.0
828.0
827.0
827.0
830.0
827.0
830.0
829.0
831.0
830.0
829.0
827.0
837.0
828.0
828.0
827.0
828.0
827.0
827.0
827.0
827.0
828.0
827.0
827.0
827.0
827.0
829.0
827.0
829.0
827.0
830.0
827.0
830.0
828.0
828.0
829.0
829.0
830.0
835.0
833.0
829.0
830.0
828.0
827.0
830.0
828.0
832.0
829.0
829.0
830.0
831.0
829.0
830.0
830.0
827.0
827.0
828.0
830.0
827.0
830.0
827.0
829.0
827.0
827.0
830.0
828.0
828.0
828.0
829.0
830.0
828.0
828.0
829.0
829.0
827.0
830.0
830.0
830.0
827.0
827.0
830.0
828.0
828.0
828.0
832.0
828.0
827.0
833.0
828.0
829.0
828.0
829.0
829.0
831.0
830.0
830.0
830.0
830.0
830.0
829.0
828.0
828.0
827.0
830.0
827.0
828.0
828.0
828.0
828.0
828.0
828.0
827.0
828.0
828.0
827.0
830.0
831.0
826.0
826.0
827.0
827.0
830.0
827.0
830.0
829.0
829.0
829.0
825.0
825.0
825.0
825.0
828.0
825.0
824.0
823.0
825.0
825.0
825.0
825.0
823.0
825.0
823.0
823.0
823.0
823.0
823.0
823.0
826.0
826.0
825.0
823.0
825.0
823.0
825.0
825.0
826.0
825.0
826.0
824.0
823.0
827.0
825.0
828.0
830.0
828.0
826.0
826.0
825.0
825.0
824.0
823.0
823.0
826.0
825.0
824.0
823.0
824.0
824.0
829.0
824.0
825.0
825.0
825.0
826.0
825.0
823.0
823.0
827.0
830.0
830.0
826.0
825.0
829.0
828.0
831.0
830.0
825.0
827.0
825.0
824.0
824.0
827.0
827.0
828.0
827.0
824.0
825.0
829.0
827.0
829.0
830.0
829.0
830.0
833.0
840.0
840.0
846.0
842.0
842.0
842.0
836.0
837.0
846.0
844.0
839.0
837.0
840.0
837.0
839.0
834.0
834.0
834.0
829.0
831.0
828.0
828.0
830.0
826.0
823.0
828.0
823.0
837.0
841.0
837.0
836.0
842.0
843.0
839.0
831.0
841.0
849.0
837.0
844.0
841.0
838.0
842.0
834.0
840.0
836.0
832.0
839.0
831.0
830.0
831.0
830.0
828.0
829.0
829.0
831.0
832.0
831.0
827.0
827.0
826.0
828.0
840.0
830.0
838.0
840.0
832.0
835.0
837.0
840.0
840.0
838.0
838.0
839.0
840.0
842.0
841.0
841.0
841.0
844.0
920.0
912.0
903.0
895.0
880.0
870.0
870.0
877.0
880.0
915.0
895.0
898.0
895.0
890.0
887.0
891.0
891.0
895.0
885.0
890.0
970.0
1176.0
1238.0
1195.0
1202.0
1189.0
1238.0
1238.0
1238.0
1220.0
1328.0
1296.0
1276.0
1212.0
1126.0
1171.0
1248.0
1231.0
1217.0
1250.0
1195.0
1187.0
1180.0
1180.0
1207.0
1200.0
1181.0
1191.0
1176.0
1185.0
1194.0
1185.0
1185.0
1178.0
1184.0
1185.0
1165.0
1140.0
1128.0
1168.0
1226.0
1203.0
1197.0
1182.0
1177.0
1185.0
1193.0
1199.0
1191.0
1212.0
1204.0
1195.0
1195.0
1194.0
1198.0
1184.0
1185.0
1193.0
1195.0
1190.0
1174.0
1180.0
1172.0
1173.0
1170.0
1170.0
1162.0
1189.0
1184.0
1250.0
1198.0
1215.0
1200.0
1201.0
1183.0
1186.0
1179.0
1188.0
1200.0
1191.0
1180.0
1179.0
1176.0
1179.0
1184.0
1209.0
1191.0
1192.0
1192.0
1200.0
1208.0
1207.0
1211.0
1201.0
1196.0
1190.0
1183.0
1184.0
1216.0
1210.0
1192.0
1190.0
1200.0
1195.0
1190.0
1189.0
1187.0
1157.0
1113.0
1105.0
1117.0
1110.0
1091.0
1077.0
1070.0
1082.0
1079.0
1051.0
1068.0
1060.0
1074.0
1070.0
1060.0
1074.0
1077.0
1071.0
1088.0
1091.0
1081.0
1080.0
1081.0
1086.0
1087.0
1099.0
1096.0
1079.0
1115.0
1101.0
1091.0
1089.0
1093.0
1094.0
1096.0
1100.0
1100.0
1096.0
1100.0
1139.0
1156.0
1140.0
1147.0
1149.0
1144.0
1158.0
1172.0
1195.0
1212.0
1221.0
1224.0
1210.0
1195.0
1190.0
1200.0
1206.0
1202.0
1202.0
1183.0
1192.0
1195.0
1199.0
1194.0
1182.0
1190.0
1180.0
1170.0
1169.0
1171.0
1160.0
1155.0
1164.0
1160.0
1163.0
1160.0
1172.0
1171.0
1160.0
1156.0
1145.0
1160.0
1162.0
1142.0
1144.0
1147.0
1162.0
1149.0
1167.0
1167.0
1158.0
1163.0
1169.0
1166.0
1164.0
1164.0
1164.0
1155.0
1143.0
1145.0
1154.0
1155.0
1160.0
1151.0
1139.0
1135.0
1145.0
1136.0
1125.0
1122.0
1127.0
1125.0
1140.0
1145.0
1162.0
1154.0
1150.0
1150.0
1152.0
1149.0
1141.0
1140.0
1145.0
1143.0
1141.0
1146.0
1150.0
1150.0
1156.0
1148.0
1163.0
1154.0
1159.0
1160.0
1160.0
1158.0
1150.0
1150.0
1157.0
1156.0
1150.0
1161.0
1161.0
1160.0
1167.0
1171.0
1156.0
1169.0
1164.0
1168.0
1170.0
1163.0
1159.0
1143.0
1142.0
1150.0
1148.0
1142.0
1146.0
1141.0
1146.0
1124.0
1109.0
1111.0
1120.0
1137.0
1141.0
1134.0
1131.0
1125.0
1121.0
1115.0
1110.0
1124.0
1122.0
1118.0
1116.0
1103.0
1097.0
1099.0
1114.0
1100.0
1117.0
1119.0
1111.0
1119.0
1112.0
1110.0
1135.0
1122.0
1119.0
1116.0
1114.0
1124.0
1113.0
1091.0
1091.0
1082.0
1086.0
1107.0
1102.0
1101.0
1100.0
1100.0
1101.0
1097.0
1110.0
1125.0
1120.0
1118.0
1110.0
1099.0
1083.0
1098.0
1107.0
1129.0
1117.0
1115.0
1115.0
1091.0
1098.0
1095.0
1097.0
1099.0
1099.0
1094.0
1089.0
1090.0
1101.0
1095.0
1098.0
1095.0
1097.0
1104.0
1098.0
1103.0
1103.0
1098.0
1092.0
1101.0
1101.0
1107.0
1104.0
1092.0
1095.0
1097.0
1097.0
1102.0
1104.0
1101.0
1098.0
1099.0
1100.0
1105.0
1102.0
1105.0
1101.0
1094.0
1093.0
1092.0
1091.0
1094.0
1088.0
1093.0
1096.0
1092.0
1092.0
1092.0
1099.0
1089.0
1094.0
1092.0
1092.0
1095.0
1091.0
1095.0
1096.0
1096.0
1095.0
1093.0
1088.0
1078.0
1077.0
1070.0
1072.0
1073.0
1073.0
1074.0
1074.0
1074.0
1079.0
1080.0
1079.0
1054.0
1056.0
1056.0
1057.0
1057.0
1054.0
1055.0
1054.0
1054.0
1024.0
1022.0
1023.0
1017.0
1023.0
1027.0
1029.0
1037.0
1041.0
1055.0
1058.0
1050.0
1049.0
1041.0
1037.0
1035.0
1035.0
1049.0
1049.0
1049.0
1045.0
1043.0
1040.0
1030.0
1036.0
1038.0
1040.0
1044.0
1044.0
1039.0
1039.0
1035.0
1041.0
1039.0
1033.0
1017.0
1012.0
1015.0
1009.0
1014.0
1019.0
1017.0
1018.0
1020.0
1020.0
1008.0
1014.0
1010.0
1011.0
1017.0
1017.0
1017.0
1016.0
1011.0
1020.0
1013.0
1014.0
1016.0
1001.0
1001.0
1000.0
1006.0
1009.0
1009.0
1008.0
997.0
998.0
998.0
998.0
999.0
997.0
985.0
982.0
965.0
984.0
984.0
984.0
984.0
979.0
976.0
976.0
970.0
969.0
971.0
970.0
966.0
967.0
970.0
971.0
971.0
966.0
975.0
970.0
970.0
966.0
968.0
966.0
965.0
949.0
948.0
952.0
941.0
941.0
975.0
1001.0
1017.0
1015.0
1010.0
1010.0
1017.0
1027.0
1019.0
1019.0
1014.0
1014.0
1014.0
1014.0
1010.0
1006.0
1006.0
995.0
997.0
999.0
999.0
991.0
991.0
992.0
1002.0
1000.0
1002.0
1000.0
1002.0
995.0
994.0
994.0
989.0
989.0
980.0
969.0
970.0
963.0
964.0
962.0
960.0
956.0
965.0
997.0
973.0
977.0
978.0
981.0
972.0
970.0
969.0
977.0
980.0
988.0
980.0
993.0
984.0
985.0
979.0
979.0
972.0
985.0
987.0
984.0
984.0
985.0
991.0
998.0
986.0
984.0
986.0
986.0
987.0
990.0
986.0
990.0
987.0
983.0
984.0
976.0
984.0
985.0
987.0
984.0
982.0
982.0
974.0
981.0
988.0
988.0
988.0
988.0
982.0
986.0
983.0
987.0
978.0
978.0
989.0
990.0
987.0
980.0
984.0
984.0
984.0
984.0
984.0
985.0
978.0
974.0
974.0
975.0
976.0
976.0
975.0
971.0
968.0
970.0
958.0
957.0
953.0
957.0
949.0
932.0
933.0
948.0
941.0
947.0
947.0
945.0
943.0
942.0
940.0
940.0
940.0
940.0
928.0
939.0
935.0
932.0
937.0
937.0
929.0
933.0
934.0
934.0
935.0
935.0
935.0
936.0
937.0
936.0
952.0
950.0
955.0
955.0
951.0
951.0
955.0
955.0
949.0
950.0
971.0
994.0
1004.0
998.0
992.0
1003.0
999.0
1000.0
996.0
1000.0
1000.0
992.0
994.0
999.0
999.0
1004.0
999.0
991.0
1003.0
996.0
1001.0
1001.0
997.0
995.0
993.0
982.0
966.0
969.0
971.0
996.0
968.0
970.0
977.0
972.0
965.0
975.0
976.0
970.0
970.0
970.0
970.0
970.0
963.0
964.0
965.0
965.0
969.0
977.0
980.0
980.0
975.0
983.0
979.0
976.0
976.0
981.0
981.0
981.0
981.0
982.0
981.0
985.0
989.0
990.0
991.0
993.0
993.0
995.0
996.0
996.0
992.0
992.0
993.0
996.0
996.0
996.0
993.0
991.0
989.0
990.0
989.0
989.0
990.0
990.0
990.0
990.0
989.0
990.0
989.0
990.0
990.0
995.0
992.0
990.0
990.0
990.0
989.0
990.0
989.0
989.0
989.0
989.0
989.0
990.0
994.0
989.0
993.0
992.0
991.0
990.0
993.0
993.0
989.0
986.0
984.0
984.0
984.0
981.0
985.0
978.0
978.0
979.0
981.0
979.0
981.0
978.0
978.0
978.0
978.0
979.0
977.0
978.0
975.0
975.0
976.0
956.0
960.0
961.0
968.0
977.0
977.0
979.0
979.0
975.0
978.0
978.0
975.0
971.0
978.0
974.0
971.0
975.0
979.0
977.0
979.0
976.0
975.0
981.0
979.0
975.0
972.0
971.0
971.0
971.0
974.0
975.0
971.0
979.0
982.0
985.0
985.0
985.0
987.0
988.0
990.0
997.0
994.0
992.0
993.0
992.0
992.0
960.0
960.0
965.0
965.0
970.0
957.0
961.0
953.0
958.0
955.0
954.0
953.0
951.0
954.0
964.0
960.0
960.0
965.0
966.0
965.0
965.0
960.0
961.0
960.0
962.0
958.0
959.0
959.0
957.0
959.0
963.0
961.0
960.0
960.0
958.0
954.0
955.0
955.0
953.0
953.0
958.0
952.0
951.0
953.0
951.0
946.0
955.0
950.0
947.0
948.0
951.0
951.0
952.0
946.0
945.0
945.0
955.0
950.0
947.0
951.0
951.0
950.0
943.0
950.0
948.0
944.0
944.0
944.0
942.0
942.0
939.0
935.0
939.0
935.0
936.0
938.0
936.0
939.0
938.0
937.0
938.0
936.0
938.0
935.0
934.0
936.0
943.0
940.0
944.0
943.0
940.0
942.0
940.0
940.0
943.0
949.0
952.0
950.0
944.0
946.0
938.0
954.0
946.0
951.0
952.0
948.0
951.0
955.0
958.0
955.0
959.0
958.0
955.0
959.0
960.0
1001.0
992.0
976.0
968.0
965.0
984.0
978.0
966.0
973.0
974.0
969.0
989.0
993.0
991.0
997.0
991.0
994.0
1000.0
1004.0
999.0
994.0
991.0
993.0
994.0
987.0
993.0
997.0
993.0
993.0
993.0
993.0
994.0
987.0
993.0
992.0
989.0
974.0
974.0
997.0
990.0
987.0
983.0
984.0
980.0
979.0
987.0
1000.0
982.0
992.0
990.0
991.0
984.0
985.0
995.0
992.0
992.0
989.0
984.0
980.0
981.0
986.0
980.0
985.0
980.0
985.0
984.0
969.0
975.0
985.0
977.0
976.0
975.0
999.0
1010.0
1019.0
1016.0
1014.0
1007.0
1013.0
1015.0
1013.0
1010.0
1006.0
1020.0
1020.0
1017.0
1022.0
1016.0
1014.0
1003.0
1008.0
1010.0
1010.0
1004.0
1001.0
1000.0
996.0
1001.0
996.0
1002.0
1004.0
1000.0
996.0
994.0
995.0
995.0
995.0
995.0
998.0
1003.0
1002.0
1000.0
1000.0
999.0
1001.0
1001.0
1000.0
1004.0
1002.0
999.0
1001.0
1005.0
1002.0
1005.0
998.0
995.0
995.0
996.0
997.0
995.0
995.0
992.0
992.0
991.0
991.0
991.0
990.0
996.0
992.0
990.0
995.0
994.0
993.0
988.0
994.0
989.0
989.0
989.0
988.0
988.0
988.0
982.0
977.0
990.0
995.0
991.0
991.0
993.0
991.0
992.0
992.0
992.0
993.0
987.0
993.0
987.0
987.0
986.0
985.0
985.0
981.0
989.0
985.0
989.0
989.0
985.0
985.0
989.0
986.0
989.0
989.0
1143.0
1124.0
1116.0
1131.0
1117.0
1147.0
1132.0
1123.0
1140.0
1165.0
1070.0
1077.0
1123.0
1107.0
1094.0
1102.0
1101.0
1090.0
1058.0
1050.0
1061.0
1126.0
1115.0
1092.0
1100.0
1099.0
1099.0
1082.0
1096.0
1069.0
1092.0
1089.0
1090.0
1086.0
1086.0
1095.0
1090.0
1088.0
1078.0
1075.0
1071.0
1070.0
1059.0
1060.0
1032.0
1024.0
1020.0
1020.0
1016.0
1023.0
1022.0
1031.0
1019.0
1014.0
1027.0
1019.0
1024.0
1080.0
1068.0
1075.0
1048.0
1069.0
1048.0
1033.0
1047.0
1034.0
1048.0
1073.0
1070.0
1064.0
1059.0
1068.0
1053.0
1059.0
1052.0
1048.0
1067.0
1059.0
1060.0
1058.0
1060.0
1053.0
1053.0
1053.0
1052.0
1063.0
1061.0
1062.0
1062.0
1062.0
1056.0
1055.0
1059.0
1059.0
1059.0
1045.0
1046.0
1043.0
1046.0
1040.0
1048.0
1040.0
1038.0
1040.0
1048.0
1053.0
1053.0
1046.0
1052.0
1051.0
1050.0
1043.0
1043.0
1051.0
1045.0
1047.0
1046.0
1045.0
1040.0
1035.0
1042.0
1043.0
1043.0
1040.0
1125.0
1078.0
1054.0
1055.0
1057.0
1051.0
1069.0
1071.0
1069.0
1070.0
1072.0
1072.0
1067.0
1077.0
1078.0
1067.0
1065.0
1066.0
1066.0
1070.0
1066.0
1061.0
1066.0
1068.0
1066.0
1065.0
1061.0
1057.0
1050.0
1056.0
1056.0
1070.0
1065.0
1067.0
1066.0
1074.0
1063.0
1070.0
1070.0
1067.0
1068.0
1069.0
1070.0
1070.0
1068.0
1067.0
1066.0
1066.0
1061.0
1062.0
1065.0
1071.0
1061.0
1072.0
1063.0
1065.0
1065.0
1060.0
1061.0
1061.0
1056.0
1053.0
1055.0
1054.0
1055.0
1067.0
1067.0
1048.0
1048.0
1048.0
1040.0
1045.0
1070.0
1070.0
1063.0
1055.0
1055.0
1053.0
1052.0
1067.0
1057.0
1053.0
1049.0
1065.0
1043.0
1061.0
1059.0
1059.0
1053.0
1056.0
1052.0
1062.0
1062.0
1063.0
1063.0
1065.0
1050.0
1050.0
1049.0
1047.0
1042.0
1045.0
1055.0
1040.0
1043.0
1034.0
1039.0
1035.0
1044.0
1040.0
1040.0
1043.0
1043.0
1041.0
1036.0
1031.0
1033.0
1032.0
1032.0
1030.0
1034.0
1026.0
1030.0
1028.0
1040.0
1033.0
1038.0
1042.0
1038.0
1028.0
1028.0
1022.0
1037.0
1037.0
1036.0
1035.0
1037.0
1032.0
1029.0
1022.0
1026.0
1029.0
1027.0
1042.0
1047.0
1049.0
1058.0
1061.0
1058.0
1045.0
1046.0
1047.0
1045.0
1045.0
1040.0
1055.0
1027.0
1043.0
1040.0
1039.0
1039.0
1026.0
1029.0
1031.0
1030.0
1030.0
1033.0
1030.0
1029.0
1028.0
1033.0
1030.0
1033.0
1034.0
1032.0
1025.0
1027.0
1029.0
1036.0
1040.0
1035.0
1035.0
1048.0
1036.0
1026.0
1025.0
1032.0
1034.0
1039.0
1043.0
1043.0
1048.0
1036.0
1044.0
1040.0
1036.0
1043.0
1029.0
1035.0
1035.0
1034.0
1030.0
1034.0
1037.0
1033.0
1031.0
1030.0
1031.0
1031.0
1032.0
1035.0
1032.0
1039.0
1034.0
1036.0
1029.0
1034.0
1032.0
1030.0
1027.0
1033.0
1030.0
1039.0
1038.0
1042.0
1033.0
1032.0
1033.0
1032.0
1030.0
1030.0
1030.0
1025.0
1021.0
1035.0
1021.0
1030.0
1032.0
1031.0
1031.0
1031.0
1032.0
1028.0
1050.0
1044.0
1046.0
1036.0
1038.0
1033.0
1033.0
1039.0
1039.0
1033.0
1034.0
1038.0
1035.0
1035.0
1035.0
1036.0
1035.0
1034.0
1039.0
1032.0
1034.0
1034.0
1039.0
1039.0
1035.0
1028.0
1029.0
1029.0
1027.0
1026.0
1027.0
1026.0
1026.0
1028.0
1029.0
1024.0
1024.0
1020.0
1025.0
1021.0
1021.0
1021.0
1021.0
1024.0
1021.0
1024.0
1021.0
1026.0
1026.0
1026.0
1025.0
1029.0
1030.0
1033.0
1024.0
1033.0
1032.0
1032.0
1034.0
1034.0
1031.0
1029.0
1034.0
1029.0
1023.0
1023.0
1020.0
1020.0
1019.0
1019.0
1020.0
1018.0
1016.0
1015.0
1016.0
1016.0
1018.0
1020.0
1020.0
1020.0
1030.0
1030.0
1025.0
1018.0
1020.0
1019.0
1032.0
1034.0
1034.0
1033.0
1032.0
1030.0
1031.0
1034.0
1034.0
1032.0
1036.0
1031.0
1034.0
1090.0
1072.0
1094.0
1100.0
1097.0
1078.0
1086.0
1071.0
1067.0
1081.0
1103.0
1096.0
1090.0
1100.0
1100.0
1085.0
1090.0
1094.0
1106.0
1141.0
1122.0
1125.0
1121.0
1135.0
1125.0
1123.0
1132.0
1110.0
1101.0
1110.0
1100.0
1101.0
1106.0
1094.0
1110.0
1117.0
1129.0
1127.0
1123.0
1120.0
1118.0
1114.0
1117.0
1117.0
1117.0
1115.0
1124.0
1124.0
1128.0
1124.0
1115.0
1115.0
1105.0
1097.0
1108.0
1114.0
1113.0
1113.0
1113.0
1113.0
1121.0
1120.0
1125.0
1112.0
1118.0
1111.0
1109.0
1102.0
1109.0
1109.0
1113.0
1114.0
1110.0
1104.0
1100.0
1110.0
1106.0
1111.0
1113.0
1114.0
1110.0
1110.0
1104.0
1101.0
1105.0
1109.0
1106.0
1110.0
1100.0
1113.0
1113.0
1120.0
1111.0
1112.0
1103.0
1125.0
1123.0
1122.0
1111.0
1111.0
1123.0
1118.0
1125.0
1121.0
1123.0
1116.0
1117.0
1120.0
1121.0
1125.0
1117.0
1123.0
1123.0
1114.0
1119.0
1120.0
1114.0
1120.0
1120.0
1134.0
1240.0
1192.0
1156.0
1158.0
1155.0
1166.0
1178.0
1170.0
1177.0
1188.0
1258.0
1225.0
1248.0
1364.0
1341.0
1315.0
1338.0
1338.0
1362.0
1330.0
1312.0
1316.0
1315.0
1325.0
1303.0
1302.0
1306.0
1318.0
1303.0
1310.0
1310.0
1316.0
1332.0
1330.0
1334.0
1319.0
1334.0
1319.0
1333.0
1317.0
1317.0
1316.0
1324.0
1322.0
1310.0
1306.0
1304.0
1313.0
1300.0
1307.0
1298.0
1298.0
1298.0
1300.0
1307.0
1306.0
1310.0
1312.0
1312.0
1314.0
1313.0
1314.0
1312.0
1315.0
1322.0
1321.0
1309.0
1309.0
1317.0
1309.0
1316.0
1316.0
1328.0
1319.0
1319.0
1315.0
1315.0
1320.0
1322.0
1321.0
1320.0
1323.0
1320.0
1318.0
1329.0
1339.0
1334.0
1331.0
1331.0
1335.0
1350.0
1351.0
1345.0
1332.0
1347.0
1336.0
1339.0
1340.0
1338.0
1324.0
1329.0
1329.0
1334.0
1328.0
1328.0
1327.0
1327.0
1321.0
1324.0
1323.0
1331.0
1334.0
1332.0
1331.0
1323.0
1323.0
1323.0
1344.0
1321.0
1311.0
1318.0
1311.0
1297.0
1299.0
1299.0
1306.0
1289.0
1284.0
1281.0
1281.0
1285.0
1283.0
1285.0
1284.0
1288.0
1285.0
1285.0
1288.0
1282.0
1282.0
1273.0
1275.0
1273.0
1271.0
1251.0
1222.0
1224.0
1223.0
1224.0
1233.0
1229.0
1238.0
1229.0
1248.0
1249.0
1272.0
1269.0
1261.0
1275.0
1270.0
1252.0
1264.0
1283.0
1266.0
1265.0
1264.0
1260.0
1232.0
1245.0
1251.0
1240.0
1240.0
1211.0
1209.0
1209.0
1212.0
1209.0
1211.0
1211.0
1240.0
1222.0
1200.0
1208.0
1207.0
1209.0
1209.0
1209.0
1202.0
1203.0
1199.0
1200.0
1186.0
1197.0
1195.0
1196.0
1197.0
1184.0
1194.0
1187.0
1188.0
1193.0
1194.0
1193.0
1200.0
1208.0
1214.0
1198.0
1219.0
1200.0
1232.0
1220.0
1221.0
1221.0
1218.0
1221.0
1225.0
1209.0
1214.0
1214.0
1213.0
1200.0
1198.0
1205.0
1200.0
1204.0
1195.0
1203.0
1197.0
1202.0
1188.0
1188.0
1188.0
1183.0
1193.0
1199.0
1198.0
1203.0
1200.0
1203.0
1204.0
1207.0
1209.0
1200.0
1194.0
1205.0
1196.0
1204.0
1203.0
1201.0
1215.0
1200.0
1212.0
1192.0
1192.0
1200.0
1240.0
1250.0
1236.0
1217.0
1234.0
1219.0
1220.0
1225.0
1235.0
1254.0
1266.0
1249.0
1248.0
1260.0
1279.0
1250.0
1222.0
1223.0
1260.0
1256.0
1311.0
1352.0
1349.0
1306.0
1348.0
1321.0
1339.0
1339.0
1333.0
1319.0
1317.0
1309.0
1304.0
1297.0
1296.0
1291.0
1314.0
1295.0
1302.0
1293.0
1291.0
1289.0
1316.0
1302.0
1299.0
1299.0
1299.0
1282.0
1278.0
1280.0
1278.0
1245.0
1253.0
1244.0
1265.0
1271.0
1290.0
1284.0
1288.0
1277.0
1285.0
1274.0
1277.0
1260.0
1271.0
1272.0
1273.0
1300.0
1295.0
1295.0
1304.0
1292.0
1291.0
1285.0
1285.0
1285.0
1297.0
1289.0
1294.0
1283.0
1283.0
1289.0
1280.0
1280.0
1283.0
1282.0
1266.0
1278.0
1277.0
1282.0
1274.0
1274.0
1277.0
1287.0
1275.0
1274.0
1288.0
1293.0
1293.0
1293.0
1303.0
1287.0
1285.0
1291.0
1300.0
1285.0
1278.0
1260.0
1264.0
1277.0
1270.0
1269.0
1272.0
1272.0
1253.0
1251.0
1255.0
1255.0
1254.0
1240.0
1257.0
1256.0
1256.0
1267.0
1270.0
1261.0
1260.0
1260.0
1260.0
1259.0
1258.0
1265.0
1265.0
1268.0
1237.0
1251.0
1248.0
1260.0
1260.0
1262.0
1250.0
1263.0
1232.0
1238.0
1241.0
1240.0
1247.0
1250.0
1241.0
1234.0
1241.0
1242.0
1249.0
1241.0
1224.0
1220.0
1230.0
1228.0
1236.0
1228.0
1232.0
1233.0
1225.0
1223.0
1223.0
1215.0
1216.0
1220.0
1218.0
1230.0
1222.0
1219.0
1215.0
1215.0
1214.0
1207.0
1207.0
1201.0
1202.0
1213.0
1196.0
1167.0
1167.0
1176.0
1179.0
1177.0
1180.0
1175.0
1152.0
1160.0
1159.0
1160.0
1159.0
1174.0
1192.0
1211.0
1207.0
1220.0
1226.0
1219.0
1214.0
1188.0
1192.0
1194.0
1211.0
1217.0
1222.0
1217.0
1200.0
1206.0
1200.0
1176.0
1187.0
1191.0
1194.0
1180.0
1166.0
1138.0
1159.0
1150.0
1150.0
1140.0
1145.0
1149.0
1155.0
1162.0
1160.0
1162.0
1170.0
1162.0
1155.0
1161.0
1165.0
1165.0
1153.0
1155.0
1154.0
1160.0
1170.0
1169.0
1165.0
1155.0
1165.0
1169.0
1170.0
1170.0
1148.0
1148.0
1160.0
1157.0
1154.0
1156.0
1155.0
1157.0
1157.0
1144.0
1155.0
1152.0
1151.0
1147.0
1154.0
1154.0
1154.0
1149.0
1149.0
1152.0
1133.0
1142.0
1131.0
1132.0
1132.0
1130.0
1133.0
1129.0
1125.0
1124.0
1113.0
1102.0
1107.0
1109.0
1106.0
1108.0
1106.0
1109.0
1126.0
1136.0
1130.0
1121.0
1130.0
1120.0
1125.0
1125.0
1117.0
1116.0
1125.0
1149.0
1097.0
1100.0
1097.0
1098.0
1095.0
1087.0
1109.0
1097.0
1087.0
1092.0
1086.0
1090.0
1091.0
1090.0
1086.0
1083.0
1062.0
1061.0
1056.0
1057.0
1032.0
1026.0
1024.0
1032.0
1020.0
1033.0
1036.0
1026.0
1040.0
1071.0
1249.0
1191.0
1169.0
1159.0
1150.0
1155.0
1093.0
1093.0
1093.0
1067.0
1074.0
1076.0
1093.0
1085.0
1092.0
1087.0
1083.0
1104.0
1092.0
1091.0
1088.0
1100.0
1097.0
1091.0
1106.0
1082.0
1110.0
1092.0
1083.0
1089.0
1090.0
1087.0
1085.0
1090.0
1089.0
1081.0
1081.0
1081.0
1081.0
1079.0
1074.0
1078.0
1080.0
1073.0
1066.0
1076.0
1073.0
1073.0
1081.0
1071.0
1074.0
1085.0
1094.0
1099.0
1090.0
1079.0
1073.0
1070.0
1071.0
1080.0
1080.0
1080.0
1094.0
1099.0
1092.0
1093.0
1096.0
1095.0
1102.0
1102.0
1104.0
1122.0
1093.0
1086.0
1091.0
1085.0
1082.0
1095.0
1087.0
1086.0
1086.0
1093.0
1095.0
1084.0
1075.0
1082.0
1084.0
1082.0
1081.0
1085.0
1077.0
1083.0
1080.0
1070.0
1076.0
1076.0
1071.0
1074.0
1076.0
1076.0
1125.0
1098.0
1084.0
1075.0
1085.0
1087.0
1090.0
1089.0
1100.0
1100.0
1081.0
1098.0
1100.0
1111.0
1097.0
1103.0
1096.0
1100.0
1109.0
1109.0
1104.0
1104.0
1100.0
1095.0
1100.0
1100.0
1088.0
1096.0
1092.0
1084.0
1094.0
1093.0
1089.0
1088.0
1082.0
1086.0
1082.0
1082.0
1081.0
1079.0
1081.0
1090.0
1090.0
1090.0
1091.0
1081.0
1081.0
1087.0
1087.0
1090.0
1081.0
1072.0
1085.0
1083.0
1075.0
1084.0
1084.0
1088.0
1087.0
1086.0
1086.0
1087.0
1083.0
1086.0
1088.0
1090.0
1085.0
1085.0
1089.0
1099.0
1095.0
1100.0
1100.0
1085.0
1094.0
1085.0
1094.0
1087.0
1090.0
1087.0
1090.0
1085.0
1089.0
1086.0
1088.0
1084.0
1090.0
1118.0
1108.0
1108.0
1174.0
1148.0
1125.0
1121.0
1132.0
1146.0
1155.0
1147.0
1163.0
1163.0
1186.0
1186.0
1190.0
1196.0
1188.0
1182.0
1179.0
1156.0
1178.0
1158.0
1174.0
1180.0
1171.0
1179.0
1180.0
1179.0
1157.0
1170.0
1173.0
1174.0
1179.0
1200.0
1183.0
1188.0
1183.0
1188.0
1191.0
1200.0
1230.0
1230.0
1238.0
1223.0
1202.0
1211.0
1201.0
1206.0
1222.0
1221.0
1199.0
1192.0
1191.0
1206.0
1196.0
1201.0
1194.0
1205.0
1206.0
1202.0
1191.0
1200.0
1194.0
1189.0
1189.0
1189.0
1170.0
1180.0
1180.0
1185.0
1159.0
1161.0
1161.0
1166.0
1170.0
1170.0
1160.0
1160.0
1163.0
1165.0
1172.0
1168.0
1167.0
1170.0
1172.0
1179.0
1178.0
1168.0
1162.0
1171.0
1178.0
1166.0
1165.0
1166.0
1170.0
1170.0
1161.0
1175.0
1170.0
1170.0
1170.0
1172.0
1170.0
1175.0
1179.0
1167.0
1159.0
1155.0
1155.0
1168.0
1165.0
1167.0
1166.0
1162.0
1175.0
1165.0
1168.0
1165.0
1167.0
1166.0
1174.0
1173.0
1187.0
1196.0
1226.0
1225.0
1231.0
1231.0
1244.0
1231.0
1249.0
1249.0
1236.0
1225.0
1231.0
1236.0
1240.0
1236.0
1243.0
1224.0
1226.0
1225.0
1237.0
1246.0
1250.0
1259.0
1250.0
1250.0
1227.0
1221.0
1265.0
1246.0
1246.0
1256.0
1236.0
1236.0
1232.0
1242.0
1245.0
1240.0
1249.0
1251.0
1251.0
1251.0
1251.0
1257.0
1263.0
1274.0
1275.0
1264.0
1269.0
1261.0
1263.0
1266.0
1264.0
1254.0
1252.0
1259.0
1251.0
1250.0
1255.0
1248.0
1251.0
1251.0
1251.0
1251.0
1250.0
1249.0
1249.0
1249.0
1240.0
1233.0
1233.0
1233.0
1235.0
1234.0
1233.0
1235.0
1234.0
1225.0
1223.0
1231.0
1228.0
1228.0
1214.0
1206.0
1207.0
1212.0
1204.0
1210.0
1214.0
1216.0
1225.0
1225.0
1217.0
1225.0
1223.0
1215.0
1226.0
1218.0
1217.0
1211.0
1189.0
1191.0
1192.0
1199.0
1207.0
1207.0
1211.0
1210.0
1201.0
1203.0
1209.0
1233.0
1233.0
1253.0
1247.0
1237.0
1250.0
1240.0
1243.0
1243.0
1236.0
1235.0
1235.0
1235.0
1226.0
1234.0
1223.0
1224.0
1217.0
1217.0
1217.0
1217.0
1228.0
1226.0
1215.0
1225.0
1219.0
1219.0
1220.0
1226.0
1225.0
1238.0
1222.0
1224.0
1204.0
1208.0
1207.0
1210.0
1207.0
1195.0
1193.0
1193.0
1200.0
1194.0
1196.0
1194.0
1194.0
1199.0
1199.0
1194.0
1194.0
1198.0
1198.0
1195.0
1204.0
1200.0
1198.0
1197.0
1252.0
1203.0
1195.0
1204.0
1204.0
1201.0
1190.0
1199.0
1200.0
1196.0
1211.0
1197.0
1195.0
1191.0
1201.0
1191.0
1195.0
1186.0
1180.0
1183.0
1200.0
1199.0
1198.0
1210.0
1199.0
1200.0
1199.0
1198.0
1192.0
1195.0
1195.0
1199.0
1200.0
1195.0
1195.0
1195.0
1190.0
1186.0
1189.0
1187.0
1187.0
1187.0
1185.0
1185.0
1185.0
1185.0
1199.0
1187.0
1197.0
1188.0
1187.0
1188.0
1198.0
1200.0
1198.0
1195.0
1198.0
1195.0
1200.0
1198.0
1202.0
1207.0
1210.0
1212.0
1211.0
1198.0
1204.0
1202.0
1195.0
1200.0
1203.0
1202.0
1195.0
1195.0
1199.0
1200.0
1205.0
1203.0
1205.0
1201.0
1202.0
1195.0
1195.0
1195.0
1211.0
1210.0
1219.0
1219.0
1209.0
1207.0
1218.0
1219.0
1225.0
1221.0
1220.0
1217.0
1217.0
1217.0
1217.0
1218.0
1220.0
1224.0
1238.0
1226.0
1244.0
1226.0
1220.0
1220.0
1228.0
1228.0
1217.0
1220.0
1217.0
1219.0
1220.0
1220.0
1221.0
1239.0
1237.0
1237.0
1228.0
1234.0
1244.0
1249.0
1240.0
1233.0
1238.0
1224.0
1224.0
1268.0
1260.0
1238.0
1256.0
1255.0
1252.0
1236.0
1248.0
1232.0
1230.0
1233.0
1233.0
1241.0
1244.0
1244.0
1257.0
1266.0
1245.0
1241.0
1253.0
1250.0
1250.0
1252.0
1255.0
1260.0
1258.0
1254.0
1241.0
1239.0
1219.0
1220.0
1226.0
1227.0
1227.0
1237.0
1223.0
1218.0
1237.0
1235.0
1235.0
1222.0
1222.0
1223.0
1232.0
1233.0
1236.0
1222.0
1239.0
1238.0
1226.0
1225.0
1225.0
1230.0
1225.0
1221.0
1213.0
1229.0
1216.0
1232.0
1229.0
1231.0
1244.0
1244.0
1250.0
1223.0
1242.0
1229.0
1229.0
1227.0
1226.0
1225.0
1229.0
1257.0
1250.0
1245.0
1245.0
1275.0
1256.0
1255.0
1266.0
1257.0
1253.0
1234.0
1244.0
1242.0
1234.0
1238.0
1246.0
1225.0
1223.0
1221.0
1221.0
1214.0
1219.0
1218.0
1218.0
1214.0
1220.0
1219.0
1225.0
1219.0
1219.0
1219.0
1224.0
1220.0
1225.0
1240.0
1240.0
1231.0
1228.0
1230.0
1229.0
1214.0
1219.0
1220.0
1210.0
1212.0
1224.0
1221.0
1236.0
1225.0
1222.0
1227.0
1239.0
1227.0
1224.0
1223.0
1235.0
1234.0
1221.0
1228.0
1220.0
1220.0
1241.0
1240.0
1240.0
1230.0
1237.0
1233.0
1249.0
1304.0
1342.0
1350.0
1314.0
1287.0
1276.0
1270.0
1251.0
1233.0
1264.0
1266.0
1300.0
1298.0
1302.0
1285.0
1288.0
1251.0
1255.0
1251.0
1251.0
1250.0
1262.0
1264.0
1264.0
1261.0
1266.0
1263.0
1248.0
1258.0
1250.0
1254.0
1270.0
1253.0
1254.0
1259.0
1252.0
1250.0
1246.0
1254.0
1260.0
1265.0
1255.0
1260.0
1247.0
1260.0
1256.0
1250.0
1246.0
1239.0
1246.0
1241.0
1250.0
1236.0
1238.0
1243.0
1243.0
1216.0
1223.0
1210.0
1220.0
1217.0
1214.0
1222.0
1207.0
1194.0
1210.0
1189.0
1182.0
1187.0
1192.0
1188.0
1199.0
1180.0
1167.0
1169.0
1159.0
1168.0
1180.0
1179.0
1161.0
1175.0
1181.0
1188.0
1190.0
1189.0
1170.0
1173.0
1169.0
1175.0
1168.0
1165.0
1162.0
1172.0
1164.0
1160.0
1168.0
1169.0
1172.0
1169.0
1169.0
1174.0
1168.0
1162.0
1230.0
1193.0
1184.0
1169.0
1158.0
1123.0
1169.0
1160.0
1157.0
1159.0
1164.0
1175.0
1170.0
1170.0
1174.0
1162.0
1174.0
1175.0
1169.0
1183.0
1170.0
1172.0
1176.0
1179.0
1179.0
1170.0
1186.0
1182.0
1177.0
1169.0
1176.0
1170.0
1171.0
1170.0
1165.0
1163.0
1158.0
1161.0
1160.0
1156.0
1163.0
1160.0
1157.0
1162.0
1158.0
1163.0
1160.0
1157.0
1162.0
1162.0
1156.0
1161.0
1155.0
1152.0
1151.0
1152.0
1152.0
1159.0
1159.0
1158.0
1156.0
1155.0
1150.0
1157.0
1157.0
1158.0
1154.0
1154.0
1151.0
1151.0
1147.0
1150.0
1139.0
1141.0
1145.0
1142.0
1142.0
1147.0
1143.0
1118.0
1122.0
1105.0
1123.0
1110.0
1120.0
1120.0
1120.0
1120.0
1120.0
1123.0
1123.0
1125.0
1125.0
1126.0
1112.0
1111.0
1114.0
1102.0
1101.0
1104.0
1097.0
1091.0
1076.0
1082.0
1080.0
1078.0
1076.0
1082.0
1076.0
1082.0
1076.0
1107.0
1089.0
1088.0
1095.0
1095.0
1096.0
1096.0
1097.0
1097.0
1100.0
1101.0
1115.0
1110.0
1110.0
1102.0
1103.0
1118.0
1118.0
1142.0
1117.0
1117.0
1119.0
1136.0
1127.0
1136.0
1138.0
1140.0
1143.0
1130.0
1129.0
1131.0
1136.0
1134.0
1110.0
1118.0
1118.0
1118.0
1118.0
1126.0
1125.0
1129.0
1129.0
1128.0
1108.0
1114.0
1117.0
1115.0
1107.0
1108.0
1107.0
1107.0
1105.0
1110.0
1118.0
1120.0
1118.0
1101.0
1112.0
1099.0
1099.0
1100.0
1096.0
1099.0
1105.0
1093.0
1099.0
1099.0
1099.0
1099.0
1082.0
1093.0
1093.0
1087.0
1078.0
1087.0
1088.0
1088.0
1085.0
1090.0
1092.0
1090.0
1092.0
1091.0
1115.0
1097.0
1098.0
1115.0
1106.0
1108.0
1087.0
1105.0
1094.0
1094.0
1094.0
1090.0
1080.0
1080.0
1098.0
1113.0
1113.0
1103.0
1100.0
1098.0
1080.0
1109.0
1100.0
1116.0
1102.0
1103.0
1103.0
1097.0
1106.0
1100.0
1102.0
1112.0
1108.0
1114.0
1112.0
1105.0
1117.0
1118.0
1109.0
1112.0
1114.0
1114.0
1119.0
1110.0
1117.0
1118.0
1114.0
1113.0
1124.0
1114.0
1115.0
1114.0
1122.0
1131.0
1126.0
1126.0
1125.0
1118.0
1117.0
1117.0
1117.0
1117.0
1121.0
1117.0
1121.0
1131.0
1125.0
1124.0
1130.0
1130.0
1134.0
1133.0
1133.0
1130.0
1133.0
1126.0
1125.0
1120.0
1120.0
1119.0
1130.0
1119.0
1115.0
1117.0
1117.0
1127.0
1110.0
1110.0
1118.0
1115.0
1115.0
1168.0
1160.0
1113.0
1106.0
1104.0
1106.0
1098.0
1100.0
1097.0
1113.0
1102.0
1100.0
1098.0
1086.0
1080.0
1077.0
1091.0
1078.0
1071.0
1056.0
1059.0
1042.0
1014.0
1011.0
1028.0
1025.0
1028.0
1049.0
1050.0
1030.0
1030.0
1065.0
1070.0
1070.0
1069.0
1062.0
1085.0
1075.0
1074.0
1072.0
1078.0
1076.0
1070.0
1070.0
1069.0
1069.0
1069.0
1070.0
1055.0
1059.0
1059.0
1070.0
1070.0
1066.0
1070.0
1045.0
1041.0
1029.0
1030.0
1020.0
1024.0
1024.0
1015.0
1024.0
1039.0
1039.0
1040.0
1066.0
1066.0
1066.0
1066.0
1067.0
1047.0
1073.0
1069.0
1070.0
1069.0
1078.0
1058.0
1058.0
1057.0
1051.0
1051.0
1044.0
1051.0
1046.0
1033.0
1046.0
1045.0
1060.0
1047.0
1044.0
1044.0
1051.0
1043.0
1049.0
1049.0
1055.0
1057.0
1055.0
1056.0
1059.0
1060.0
1059.0
1055.0
1055.0
1058.0
1057.0
1063.0
1063.0
1060.0
1056.0
1059.0
1073.0
1055.0
1055.0
1055.0
1055.0
1053.0
1051.0
1050.0
1053.0
1064.0
1053.0
1050.0
1052.0
1050.0
1045.0
1040.0
1033.0
1038.0
1057.0
1056.0
1050.0
1060.0
1059.0
1059.0
1059.0
1050.0
1055.0
1048.0
1048.0
1049.0
1048.0
1048.0
1048.0
1048.0
1048.0
1055.0
1055.0
1058.0
1054.0
1058.0
1060.0
1060.0
1058.0
1063.0
1065.0
1056.0
1057.0
1080.0
1100.0
1103.0
1106.0
1106.0
1106.0
1165.0
1121.0
1119.0
1110.0
1119.0
1127.0
1119.0
1130.0
1137.0
1128.0
1108.0
1092.0
1103.0
1100.0
1093.0
1102.0
1102.0
1101.0
1106.0
1102.0
1111.0
1112.0
1114.0
1146.0
1129.0
1131.0
1114.0
1130.0
1129.0
1130.0
1128.0
1106.0
1125.0
1131.0
1127.0
1144.0
1134.0
1144.0
1132.0
1132.0
1150.0
1132.0
1134.0
1135.0
1163.0
1137.0
1146.0
1161.0
1169.0
1151.0
1187.0
1190.0
1155.0
1156.0
1127.0
1149.0
1129.0
1134.0
1132.0
1144.0
1136.0
1133.0
1156.0
1163.0
1120.0
1121.0
1116.0
1098.0
1086.0
1086.0
1072.0
1053.0
1054.0
1041.0
973.0
990.0
990.0
982.0
1013.0
1028.0
1046.0
1050.0
1008.0
820.0
700.0
887.0
857.0
800.0
790.0
704.0
752.0
800.0
828.0
948.0
900.0
900.0
899.0
840.0
842.0
863.0
899.0
899.0
908.0
870.0
969.0
949.0
900.0
975.0
996.0
1000.0
998.0
997.0
967.0
962.0
979.0
979.0
980.0
1014.0
982.0
988.0
1019.0
997.0
991.0
999.0
1019.0
1004.0
995.0
995.0
1008.0
1016.0
997.0
1020.0
995.0
1050.0
1030.0
1000.0
1000.0
995.0
1000.0
990.0
1000.0
1000.0
1000.0
990.0
1010.0
1009.0
975.0
1005.0
1004.0
973.0
945.0
965.0
950.0
950.0
960.0
934.0
934.0
928.0
939.0
920.0
924.0
930.0
933.0
927.0
926.0
935.0
935.0
936.0
940.0
928.0
926.0
926.0
927.0
940.0
936.0
942.0
941.0
941.0
920.0
926.0
935.0
926.0
939.0
927.0
927.0
933.0
933.0
942.0
953.0
936.0
1000.0
990.0
989.0
970.0
951.0
964.0
979.0
987.0
1002.0
1018.0
968.0
1001.0
1010.0
1001.0
987.0
995.0
994.0
998.0
1007.0
1001.0
1001.0
982.0
978.0
977.0
999.0
998.0
986.0
989.0
988.0
980.0
970.0
987.0
1069.0
1044.0
1053.0
1052.0
990.0
982.0
957.0
957.0
963.0
981.0
987.0
992.0
989.0
984.0
1028.0
1019.0
1002.0
1035.0
1035.0
1099.0
1040.0
1025.0
1009.0
1024.0
1044.0
1026.0
1026.0
1039.0
1041.0
1005.0
1013.0
1000.0
992.0
1005.0
1011.0
1011.0
1009.0
972.0
1000.0
1003.0
1000.0
975.0
998.0
993.0
990.0
989.0
988.0
994.0
982.0
980.0
987.0
974.0
975.0
983.0
976.0
982.0
973.0
971.0
972.0
965.0
960.0
968.0
972.0
967.0
964.0
964.0
939.0
975.0
964.0
969.0
957.0
966.0
970.0
968.0
960.0
986.0
986.0
968.0
963.0
973.0
985.0
986.0
987.0
987.0
982.0
982.0
982.0
985.0
980.0
975.0
969.0
975.0
964.0
984.0
969.0
989.0
981.0
977.0
991.0
977.0
988.0
988.0
990.0
980.0
972.0
960.0
968.0
968.0
967.0
963.0
964.0
966.0
975.0
964.0
964.0
969.0
964.0
964.0
973.0
954.0
959.0
963.0
964.0
968.0
958.0
976.0
944.0
936.0
932.0
938.0
943.0
944.0
945.0
940.0
940.0
944.0
945.0
951.0
951.0
936.0
939.0
927.0
927.0
930.0
930.0
922.0
921.0
922.0
929.0
913.0
915.0
915.0
903.0
912.0
917.0
922.0
922.0
939.0
925.0
936.0
920.0
922.0
931.0
936.0
931.0
937.0
939.0
932.0
940.0
952.0
940.0
949.0
946.0
934.0
946.0
938.0
943.0
943.0
943.0
945.0
940.0
939.0
935.0
933.0
933.0
934.0
942.0
944.0
933.0
950.0
930.0
935.0
934.0
933.0
934.0
940.0
933.0
935.0
934.0
950.0
937.0
938.0
936.0
935.0
932.0
930.0
928.0
924.0
920.0
892.0
890.0
914.0
937.0
919.0
910.0
919.0
910.0
918.0
912.0
912.0
917.0
921.0
922.0
923.0
924.0
916.0
924.0
921.0
921.0
922.0
922.0
920.0
916.0
918.0
918.0
917.0
917.0
918.0
920.0
917.0
917.0
916.0
927.0
916.0
919.0
919.0
917.0
918.0
910.0
910.0
913.0
900.0
904.0
905.0
898.0
890.0
893.0
888.0
890.0
889.0
891.0
896.0
892.0
884.0
893.0
887.0
890.0
890.0
888.0
882.0
887.0
862.0
865.0
863.0
862.0
862.0
862.0
860.0
860.0
860.0
861.0
860.0
866.0
851.0
843.0
843.0
846.0
847.0
849.0
849.0
850.0
847.0
853.0
853.0
853.0
856.0
853.0
857.0
857.0
857.0
857.0
854.0
858.0
864.0
864.0
860.0
865.0
870.0
875.0
873.0
879.0
876.0
879.0
879.0
875.0
862.0
870.0
859.0
869.0
870.0
850.0
864.0
861.0
864.0
860.0
875.0
867.0
872.0
862.0
862.0
854.0
852.0
853.0
851.0
857.0
858.0
857.0
851.0
852.0
850.0
856.0
857.0
858.0
853.0
859.0
860.0
854.0
859.0
857.0
858.0
857.0
857.0
859.0
863.0
864.0
864.0
860.0
865.0
865.0
856.0
859.0
866.0
866.0
863.0
857.0
859.0
869.0
869.0
862.0
868.0
868.0
881.0
871.0
877.0
889.0
888.0
878.0
871.0
873.0
873.0
873.0
866.0
866.0
869.0
866.0
873.0
872.0
862.0
873.0
873.0
863.0
863.0
869.0
871.0
866.0
878.0
867.0
874.0
870.0
871.0
872.0
868.0
863.0
865.0
861.0
857.0
860.0
857.0
858.0
859.0
863.0
862.0
859.0
847.0
844.0
863.0
855.0
863.0
855.0
832.0
835.0
840.0
840.0
822.0
832.0
839.0
839.0
843.0
850.0
847.0
829.0
831.0
