close
0.01618
0.01637
0.01633
0.01628
0.01626
0.01555
0.0159
0.01598
0.0158
0.01594
0.01598
0.016
0.016
0.016
0.01599
0.016
0.0154
0.01539
0.01493
0.01492
0.01494
0.01481
0.01499
0.01499
0.01491
0.01437
0.01456
0.01399
0.01399
0.0143
0.01448
0.01475
0.01451
0.01479
0.01492
0.015
0.01508
0.01502
0.01522
0.01516
0.01465
0.015
0.01493
0.01469
0.01506
0.01475
0.01471
0.015
0.01523
0.01479
0.01467
0.01495
0.01489
0.01493
0.0149
0.01508
0.0149
0.0149
0.0149
0.0149
0.01519
0.01494
0.0152
0.01493
0.015
0.015
0.015
0.015
0.0152
0.0154
0.0153
0.01543
0.01545
0.01502
0.0154
0.01539
0.01548
0.0154
0.01539
0.0153
0.01528
0.01531
0.01521
0.01538
0.01636
0.0162
0.016
0.01569
0.01597
0.01616
0.01578
0.01614
0.01563
0.01611
0.01605
0.01604
0.01613
0.01614
0.016
0.01589
0.016
0.016
0.01643
0.0159
0.016
0.01569
0.0157
0.01596
0.01634
0.01635
0.01605
0.01643
0.01619
0.0161
0.016
0.01563
0.01596
0.0155
0.01531
0.01526
0.0152
0.01591
0.01505
0.01502
0.01508
0.01508
0.01496
0.01544
0.01542
0.01501
0.01501
0.01513
0.01501
0.01533
0.01485
0.01478
0.01474
0.01471
0.01508
0.015
0.01515
0.01499
0.015
0.01476
0.01496
0.01496
0.01497
0.01497
0.01479
0.0146
0.014
0.01411
0.014
0.01414
0.01413
0.01428
0.0139
0.01366
0.01391
0.01394
0.0135
0.01347
0.01373
0.01369
0.0137
0.01371
0.01374
0.0138
0.01382
0.0138
0.01303
0.01375
0.01363
0.01363
0.01351
0.0133
0.01358
0.01387
0.01356
0.01353
0.01396
0.01351
0.0139
0.01386
0.01383
0.01383
0.01383
0.01374
0.01383
0.01383
0.01352
0.01369
0.01348
0.01348
0.01394
0.01349
0.0136
0.01345
0.01345
0.01349
0.014
0.01397
0.01381
0.01399
0.01358
0.01331
0.01385
0.01351
0.01351
0.01352
0.01322
0.01311
0.01307
0.01329
0.01341
0.01351
0.01346
0.01348
0.01347
0.01302
0.01337
0.01329
0.0133
0.01327
0.0131
0.01302
0.01332
0.01312
0.01311
0.01326
0.01355
0.01378
0.01365
0.013
0.01306
0.01291
0.01295
0.01308
0.01315
0.01302
0.01305
0.01301
0.01325
0.0132
0.01329
0.01333
0.01309
0.01308
0.01325
0.01344
0.01343
0.01344
0.01391
0.01369
0.01361
0.01357
0.01333
0.01333
0.01343
0.01346
0.01332
0.0134
0.01346
0.01354
0.0134
0.01319
0.01315
0.01329
0.01375
0.01375
0.01373
0.0137
0.01369
0.0136
0.01369
0.01348
0.01348
0.01337
0.01348
0.01348
0.0135
0.01345
0.01354
0.0135
0.01375
0.01347
0.01365
0.01364
0.01363
0.0135
0.01346
0.01344
0.01325
0.01324
0.01317
0.01296
0.01323
0.013
0.01299
0.01287
0.01298
0.01299
0.01319
0.01309
0.01266
0.01303
0.01271
0.01276
0.01273
0.01274
0.01252
0.0129
0.01256
0.01279
0.01286
0.01283
0.01288
0.01287
0.0127
0.0127
0.01277
0.01284
0.01306
0.01309
0.01313
0.013
0.01312
0.0132
0.01331
0.01324
0.0131
0.0129
0.01309
0.01309
0.01288
0.01287
0.01295
0.01303
0.01313
0.01314
0.013
0.01275
0.01308
0.01297
0.01303
0.01305
0.01315
0.01302
0.01309
0.01308
0.01308
0.01304
0.01288
0.01306
0.01294
0.01297
0.01282
0.01282
0.01291
0.01289
0.0129
0.01291
0.0125
0.01251
0.01251
0.01247
0.0123
0.01231
0.01245
0.01248
0.01232
0.01245
0.01238
0.01245
0.0124
0.01244
0.01249
0.01254
0.01232
0.01216
0.0123
0.01215
0.0123
0.01221
0.01229
0.0123
0.0122
0.01231
0.01231
0.01229
0.01249
0.01239
0.01219
0.01223
0.01222
0.0125
0.01223
0.01223
0.01218
0.0122
0.0122
0.01223
0.01235
0.01233
0.01229
0.01232
0.0122
0.01231
0.01228
0.01206
0.01201
0.01207
0.0121
0.01212
0.01211
0.0121
0.01206
0.01218
0.01199
0.01205
0.012
0.0119
0.012
0.01197
0.01205
0.01198
0.01198
0.01198
0.01198
0.01193
0.01202
0.01202
0.01203
0.01199
0.01197
0.01198
0.01193
0.01193
0.01187
0.01151
0.01166
0.01185
0.01185
0.0118
0.01185
0.01188
0.0119
0.01187
0.01184
0.01192
0.01193
0.01199
0.0119
0.0119
0.0119
0.01194
0.01199
0.012
0.01201
0.01189
0.0119
0.0119
0.0119
0.01196
0.01209
0.01191
0.01194
0.01197
0.01194
0.01329
0.01301
0.01289
0.01307
0.01285
0.01304
0.01277
0.01314
0.01312
0.01337
0.01326
0.01364
0.01355
0.01345
0.01352
0.01323
0.01329
0.0133
0.01329
0.01387
0.0139
0.01322
0.01321
0.01377
0.0133
0.01315
0.013
0.01306
0.01272
0.01293
0.01313
0.01293
0.01315
0.01332
0.01331
0.0131
0.013
0.0129
0.01319
0.0129
0.01322
0.01256
0.01309
0.01298
0.01297
0.01273
0.01241
0.01245
0.01327
0.01382
0.01337
0.01366
0.01354
0.01354
0.01339
0.01346
0.01342
0.01338
0.01338
0.013
0.01302
0.01286
0.01263
0.01276
0.01269
0.01272
0.01264
0.01275
0.01264
0.01255
0.01241
0.01242
0.01243
0.01245
0.01251
0.01288
0.01252
0.01288
0.01268
0.01274
0.0128
0.01279
0.01279
0.01283
0.01281
0.01276
0.0122
0.01265
0.01269
0.01288
0.01299
0.01299
0.01275
0.01277
0.01313
0.01334
0.01327
0.01294
0.01317
0.01304
0.0133
0.01322
0.01303
0.0132
0.01331
0.01307
0.01307
0.01307
0.01305
0.013
0.01301
0.01281
0.013
0.01297
0.01294
0.01325
0.013
0.013
0.013
0.01298
0.01291
0.01285
0.0126
0.01276
0.01295
0.01299
0.01314
0.01309
0.01275
0.01306
0.0132
0.01279
0.01254
0.01254
0.01266
0.01276
0.01298
0.01306
0.01269
0.01274
0.01292
0.01293
0.01278
0.01293
0.01292
0.01342
0.01308
0.01301
0.01296
0.01315
0.01289
0.01304
0.01329
0.01326
0.01326
0.01304
0.01312
0.01283
0.01285
0.01285
0.01285
0.0127
0.01295
0.01253
0.01277
0.01262
0.01288
0.01281
0.01266
0.01284
0.0127
0.01259
0.01278
0.01267
0.01241
0.01248
0.01255
0.01228
0.01248
0.01257
0.01256
0.01257
0.01276
0.01257
0.01262
0.01265
0.01275
0.01275
0.01276
0.01279
0.01278
0.01279
0.01294
0.0128
0.0128
0.01267
0.01274
0.01254
0.01255
0.01246
0.01237
0.01254
0.01244
0.01244
0.01246
0.01379
0.014
0.01407
0.0141
0.01597
0.0152
0.0154
0.01405
0.01389
0.01548
0.0154
0.01462
0.01526
0.01573
0.01543
0.016
0.01596
0.0159
0.01799
0.02
0.01938
0.01862
0.01875
0.0185
0.01935
0.01935
0.01983
0.02463
0.02458
0.02522
0.02531
0.02479
0.02407
0.02376
0.02736
0.02741
0.0348
0.0355
0.03512
0.03572
0.03423
0.03559
0.0355
0.03481
0.0315
0.03617
0.03499
0.035
0.03695
0.04001
0.0405
0.0435
0.0421
0.044
0.051
0.05204
0.053
0.053
0.05199
0.04921
0.03851
0.04141
0.049
0.047
0.0495
0.04946
0.04959
0.04997
0.05
0.04951
0.0495
0.04761
0.047
0.0495
0.04463
0.04505
0.04547
0.04501
0.0449
0.041
0.043
0.04252
0.05
0.05
0.0515
0.0485
0.04595
0.04701
0.04901
0.04855
0.04949
0.04908
0.04749
0.05092
0.0476
0.04849
0.05225
0.05269
0.05339
0.0536
0.0539
0.0539
0.0539
0.06149
0.06377
0.06177
0.0575
0.05672
0.06467
0.06098
0.06057
0.059
0.056
0.0565
0.057
0.0506
0.05789
0.05799
0.0575
0.06164
0.0616
0.0569
0.056
0.0551
0.05499
0.05799
0.057
0.04998
0.05749
0.056
0.05688
0.0535
0.052
0.0559
0.05598
0.05995
0.06196
0.06
0.059
0.059
0.05998
0.056
0.05745
0.05235
0.059
0.055
0.056
0.057
0.053
0.058
0.058
0.05845
0.0538
0.05302
0.06
0.05151
0.058
0.0575
0.05401
0.05401
0.0579
0.05783
0.05988
0.05899
0.05959
0.058
0.059
0.057
0.05708
0.05999
0.061
0.06099
0.06999
0.068
0.067
0.0661
0.064
0.06301
0.06605
0.06201
0.066
0.065
0.06315
0.066
0.06699
0.06967
0.068
0.069
0.0675
0.06648
0.06003
0.064
0.061
0.0605
0.063
0.063
0.062
0.06539
0.062
0.0599
0.05972
0.05892
0.0647
0.0615
0.066
0.06761
0.06818
0.0665
0.06503
0.069
0.06684
0.065
0.06098
0.05902
0.06701
0.06999
0.06988
0.068
0.06979
0.069
0.06417
0.06884
0.07
0.0755
0.07303
0.07471
0.07467
0.07398
0.07495
0.0745
0.076
0.07974
0.07611
0.07381
0.07685
0.076
0.07684
0.077
0.07634
0.07627
0.07485
0.076
0.07619
0.075
0.07401
0.07547
0.07578
0.07564
0.074
0.073
0.0729
0.07499
0.07245
0.072
0.071
0.07322
0.07031
0.07
0.0665
0.07138
0.07092
0.07
0.0701
0.06776
0.06774
0.0679
0.069
0.06704
0.06701
0.067
0.066
0.06501
0.06354
0.06352
0.0604
0.06049
0.06186
0.06024
0.06023
0.05949
0.059
0.059
0.05965
0.0581
0.05791
0.05685
0.0558
0.0518
0.0518
0.05126
0.051
0.04851
0.05176
0.07086
0.07
0.07
0.07
0.07087
0.0682
0.07
0.07799
0.07789
0.07499
0.07377
0.07525
0.07463
0.074
0.078
0.0795
0.08798
0.081
0.08454
0.0793
0.08149
0.082
0.085
0.0825
0.083
0.08699
0.082
0.08118
0.0805
0.0819
0.07799
0.0815
0.0815
0.0828
0.08203
0.081
0.07803
0.07999
0.07811
0.08
0.08
0.08
0.08
0.08249
0.08
0.07903
0.0795
0.08185
0.077
0.07701
0.08088
0.08062
0.08196
0.082
0.08
0.08201
0.08
0.07999
0.07999
0.07909
0.07999
0.08
0.08001
0.081
0.0823
0.08158
0.08079
0.079
0.08152
0.08
0.08095
0.08099
0.07988
0.08
0.079
0.08
0.08085
0.07703
0.077
0.076
0.07952
0.0795
0.078
0.077
0.079
0.08
0.079
0.0751
0.075
0.07799
0.07606
0.07898
0.08095
0.0804
0.0765
0.07949
0.07521
0.075
0.076
0.075
0.07843
0.076
0.075
0.07698
0.07409
0.07614
0.06799
0.068
0.06353
0.06665
0.06301
0.06509
0.06447
0.062
0.0625
0.0625
0.059
0.06059
0.0559
0.057
0.0507
0.04865
0.04988
0.056
0.05328
0.05185
0.05325
0.05237
0.05737
0.05496
0.05588
0.05589
0.05503
0.0547
0.055
0.05412
0.05536
0.057
0.05589
0.05447
0.05599
0.05729
0.0547
0.0547
0.05319
0.05687
0.055
0.05679
0.05715
0.05513
0.055
0.055
0.054
0.05766
0.05555
0.05723
0.056
0.05531
0.05506
0.05574
0.0556
0.05643
0.05599
0.05541
0.0557
0.05501
0.05409
0.05502
0.0501
0.0538
0.05402
0.05582
0.0555
0.0555
0.05358
0.05483
0.05545
0.05566
0.05596
0.0556
0.06125
0.056
0.05771
0.05847
0.05601
0.05999
0.057
0.058
0.059
0.058
0.05651
0.0563
0.059
0.06076
0.05791
0.05911
0.05914
0.05918
0.05806
0.05802
0.06001
0.06001
0.06191
0.06187
0.06199
0.06189
0.06613
0.06818
0.06844
0.06501
0.0635
0.06499
0.06322
0.06163
0.067
0.066
0.065
0.065
0.06318
0.06319
0.06097
0.0634
0.06839
0.067
0.0665
0.0665
0.069
0.067
0.065
0.06501
0.0705
0.07
0.07448
0.07998
0.08
0.08
0.077
0.08
0.078
0.079
0.07999
0.0825
0.0825
0.08349
0.08385
0.08384
0.082
0.08102
0.0835
0.08301
0.08498
0.08999
0.08603
0.08997
0.08998
0.08701
0.08855
0.08998
0.0989
0.09752
0.09539
0.09363
0.09359
0.09504
0.09
0.0883
0.08348
0.08766
0.0884
0.08451
0.08845
0.08848
0.08869
0.085
0.0841
0.081
0.0934
0.091
0.07371
0.09
0.09289
0.0929
0.0928
0.09395
0.1
0.097
0.1
0.1
0.09999
0.1
0.10389
0.104
0.10392
0.10379
0.09951
0.10197
0.10241
0.106
0.1075
0.108
0.10601
0.10849
0.10046
0.0998
0.09666
0.096
0.101
0.10999
0.12
0.11699
0.1215
0.12101
0.12625
0.11126
0.115
0.11599
0.1159
0.1093
0.11
0.10998
0.11559
0.11446
0.11111
0.105
0.10317
0.11111
0.11
0.11
0.11
0.11499
0.11025
0.11106
0.11101
0.105
0.10018
0.11
0.11111
0.10838
0.112
0.112
0.10511
0.10563
0.11055
0.11001
0.11001
0.11379
0.11279
0.11259
0.11259
0.10999
0.10999
0.10711
0.1098
0.10986
0.10988
0.10308
0.1
0.095
0.094
0.09107
0.09107
0.09497
0.08723
0.088
0.087
0.10024
0.093
0.10389
0.09856
0.10001
0.09201
0.09677
0.10369
0.1
0.0999
0.095
0.09001
0.099
0.1001
0.098
0.09501
0.0915
0.0941
0.09906
0.09936
0.10001
0.099
0.10001
0.10499
0.10101
0.1048
0.105
0.102
0.0988
0.09899
0.1
0.105
0.10004
0.10502
0.1
0.10201
0.10016
0.10497
0.10399
0.101
0.10499
0.101
0.10749
0.1075
0.10749
0.10749
0.104
0.10749
0.104
0.10725
0.10728
0.1119
0.1119
0.107
0.10949
0.112
0.10855
0.1124
0.11239
0.11303
0.119
0.12499
0.12498
0.12399
0.122
0.11797
0.12488
0.12489
0.12501
0.125
0.12007
0.12
0.12405
0.113
0.11696
0.11995
0.12149
0.12135
0.116
0.11673
0.114
0.11496
0.11596
0.11295
0.11267
0.11129
0.10949
0.11235
0.10997
0.11
0.11496
0.10256
0.10568
0.11199
0.10682
0.11188
0.09627
0.10465
0.09901
0.09614
0.0896
0.09744
0.09499
0.09494
0.09201
0.0974
0.09694
0.095
0.0915
0.097
0.09944
0.096
0.09946
0.10959
0.10899
0.10145
0.11073
0.108
0.10531
0.1104
0.11
0.10503
0.10503
0.10508
0.1051
0.11
0.10501
0.10945
0.11
0.11
0.106
0.10895
0.10404
0.11099
0.11092
0.10729
0.1125
0.108
0.108
0.108
0.108
0.11
0.105
0.10999
0.108
0.11455
0.11049
0.11199
0.11
0.11002
0.11
0.11011
0.1125
0.11317
0.11354
0.11998
0.113
0.11458
0.11682
0.11606
0.11697
0.11859
0.11999
0.11802
0.118
0.11621
0.1191
0.11999
0.115
0.1195
0.1155
0.11998
0.111
0.11798
0.1196
0.1197
0.1199
0.1173
0.118
0.1197
0.119
0.1199
0.1152
0.1151
0.1161
0.1161
0.1166
0.1199
0.1167
0.1178
0.1182
0.1191
0.1192
0.117
0.1188
0.117
0.117
0.1191
0.1198
0.1172
0.116
0.1194
0.1194
0.1195
0.118
0.1199
0.119
0.118
0.1168
0.119
0.117
0.119
0.1199
0.1185
0.1197
0.12
0.12
0.1176
0.12
0.12
0.1175
0.117
0.116
0.1184
0.1184
0.1177
0.1181
0.1195
0.119
0.12
0.1199
0.1175
0.1185
0.1175
0.1162
0.116
0.108
0.1179
0.118
0.117
0.117
0.1199
0.12
0.1205
0.1205
0.119
0.119
0.1205
0.119
0.1185
0.119
0.1185
0.1185
0.1175
0.1185
0.1161
0.093
0.107
0.1069
0.107
0.107
0.11
0.122
0.122
0.122
0.122
0.122
0.1199
0.1199
0.1243
0.1241
0.122
0.1241
0.124
0.128
0.1284
0.127
0.1275
0.1295
0.1301
0.127
0.1302
0.131
0.1307
0.1281
0.1296
0.1308
0.1286
0.1315
0.138
0.137
0.1365
0.1365
0.1385
0.137
0.1403
0.1432
0.1405
0.1415
0.1383
0.1383
0.1419
0.1418
0.1416
0.1471
0.1472
0.1401
0.151
0.1502
0.151
0.15
0.1509
0.162
0.1599
0.1611
0.165
0.1649
0.1649
0.161
0.1648
0.1774
0.175
0.1739
0.1749
0.1749
0.1759
0.1773
0.181
0.1831
0.188
0.186
0.1831
0.1827
0.1841
0.1838
0.1885
0.1949
0.192
0.1948
0.1937
0.1911
0.1603
0.17
0.1868
0.1764
0.1856
0.191
0.194
0.183
0.1888
0.1801
0.1777
0.1815
0.1834
0.191
0.19
0.1849
0.1802
0.1811
0.1811
0.1829
0.187
0.1891
0.1867
0.1871
0.1871
0.1876
0.1876
0.191
0.1905
0.1905
0.1899
0.1915
0.1888
0.1914
0.1916
0.191
0.1906
0.1938
0.1907
0.1945
0.1916
0.1936
0.1953
0.1912
0.1999
0.1946
0.1946
0.1945
0.1991
0.1999
0.196
0.199
0.1994
0.1975
0.1971
0.1994
0.195
0.1995
0.2077
0.2054
0.2037
0.2037
0.2015
0.1962
0.1976
0.1965
0.1971
0.199
0.1971
0.1901
0.1815
0.1874
0.1984
0.1955
0.194
0.1994
0.1972
0.1942
0.1993
0.206
0.2099
0.21
0.207
0.2099
0.2094
0.205
0.2051
0.2061
0.2099
0.215
0.215
0.2106
0.2137
0.2134
0.2135
0.2242
0.215
0.2132
0.2062
0.2095
0.2036
0.209
0.215
0.219
0.2201
0.22
0.2232
0.2205
0.22
0.222
0.2218
0.22
0.21
0.229
0.2294
0.2265
0.227
0.2237
0.2224
0.2249
0.2249
0.225
0.2257
0.2245
0.2245
0.225
0.2244
0.221
0.2295
0.2149
0.2291
0.22
0.2181
0.215
0.22
0.2285
0.22
0.2382
0.2213
0.2362
0.2297
0.2295
0.225
0.2222
0.2245
0.2275
0.2271
0.2232
0.2225
0.23
0.2285
0.2303
0.2348
0.2384
0.2324
0.2382
0.2371
0.2345
0.238
0.2465
0.2374
0.234
0.245
0.236
0.236
0.2368
0.245
0.2406
0.2402
0.2455
0.2458
0.2457
0.2424
0.2459
0.246
0.2476
0.2428
0.243
0.2428
0.2462
0.2475
0.2428
0.2475
0.2479
0.2435
0.248
0.2499
0.2469
0.2463
0.2469
0.2468
0.2498
0.2498
0.2451
0.2499
0.2443
0.2498
0.2522
0.252
0.2485
0.2511
0.25
0.2508
0.2485
0.2508
0.2509
0.2539
0.2504
0.25
0.2522
0.2538
0.2497
0.2478
0.2497
0.2492
0.2441
0.2497
0.2495
0.2492
0.2509
0.2509
0.2485
0.2486
0.2485
0.2475
0.2454
0.2509
0.25
0.25
0.2501
0.2507
0.2502
0.2502
0.2499
0.2541
0.2532
0.2505
0.25
0.254
0.25
0.254
0.25
0.254
0.2525
0.254
0.255
0.255
0.254
0.2535
0.252
0.25
0.2515
0.2505
0.253
0.252
0.25
0.2505
0.25
0.25
0.25
0.2535
0.25
0.252
0.254
0.254
0.251
0.25
0.2495
0.2525
0.255
0.255
0.252
0.254
0.255
0.253
0.255
0.25
0.2545
0.251
0.251
0.2545
0.2515
0.25
0.248
0.25
0.2505
0.254
0.2555
0.25
0.2555
0.252
0.265
0.27
0.2695
0.27
0.27
0.269
0.2685
0.2805
0.283
0.283
0.2815
0.285
0.2825
0.2845
0.2845
0.285
0.286
0.2925
0.298
0.31
0.285
0.285
0.291
0.2995
0.299
0.2945
0.3035
0.313
0.3085
0.3075
0.31
0.31
0.306
0.31
0.3095
0.3155
0.3165
0.3135
0.3
0.3155
0.3105
0.31
0.31
0.316
0.3115
0.3075
0.3055
0.3175
0.3175
0.3175
0.3195
0.318
0.3155
0.318
0.3115
0.313
0.318
0.3175
0.317
0.318
0.318
0.318
0.3125
0.318
0.3185
0.317
0.3125
0.31
0.3135
0.313
0.318
0.3145
0.308
0.318
0.317
0.317
0.317
0.3125
0.308
0.3175
0.317
0.317
0.318
0.313
0.3175
0.3175
0.317
0.3105
0.3175
0.315
0.319
0.322
0.38
0.379
0.35
0.361
0.388
0.434
0.4295
0.4105
0.4165
0.419
0.4195
0.4205
0.43
0.4275
0.446
0.4385
0.421
0.435
0.447
0.45
0.438
0.449
0.441
0.442
0.439
0.439
0.4515
0.4465
0.4385
0.4215
0.4215
0.454
0.443
0.448
0.435
0.447
0.4435
0.4465
0.445
0.4695
0.465
0.4605
0.45
0.46
0.4605
0.479
0.469
0.4705
0.4785
0.451
0.47
0.471
0.4705
0.47
0.4755
0.4725
0.477
0.479
0.4795
0.4795
0.4795
0.4795
0.49
0.504
0.4995
0.5
0.503
0.503
0.503
0.4975
0.4885
0.483
0.51
0.5095
0.5055
0.509
0.509
0.5
0.506
0.5
0.5015
0.5055
0.4915
0.5
0.4905
0.5085
0.4925
0.497
0.5055
0.497
0.506
0.5005
0.5005
0.5005
0.5005
0.5
0.49
0.4985
0.4845
0.5
0.5
0.498
0.4985
0.499
0.49
0.5
0.499
0.499
0.498
0.48
0.4685
0.4805
0.4845
0.457
0.373
0.437
0.4
0.419
0.4185
0.429
0.426
0.386
0.3795
0.3395
0.335
0.3
0.263
0.2335
0.245
0.235
0.2535
0.25
0.2495
0.309
0.316
0.332
0.357
0.4195
0.3825
0.4
0.395
0.414
0.4065
0.4
0.387
0.382
0.37
0.355
0.37
0.3615
0.364
0.36
0.37
0.3695
0.37
0.352
0.367
0.367
0.366
0.3755
0.37
0.367
0.379
0.365
0.367
0.3515
0.3615
0.36
0.41
0.3995
0.3985
0.3925
0.3745
0.396
0.3995
0.383
0.398
0.389
0.397
0.3885
0.41
0.405
0.3955
0.4
0.4095
0.415
0.4
0.415
0.4145
0.4195
0.42
0.42
0.42
0.4345
0.41
0.4185
0.4295
0.4025
0.402
0.415
0.415
0.3925
0.4
0.3935
0.42
0.4205
0.41
0.405
0.4055
0.41
0.405
0.4095
0.3955
0.414
0.405
0.4195
0.419
0.4195
0.4105
0.4065
0.4055
0.4
0.4195
0.4075
0.41
0.4175
0.41
0.41
0.4195
0.425
0.41
0.41
0.41
0.41
0.41
0.42
0.41
0.42
0.4105
0.412
0.411
0.417
0.417
0.4
0.403
0.405
0.402
0.41
0.405
0.415
0.411
0.41
0.415
0.411
0.411
0.411
0.411
0.41
0.41
0.42
0.416
0.416
0.4395
0.44
0.44
0.421
0.4355
0.4495
0.44
0.4415
0.431
0.43
0.442
0.4455
0.4545
0.451
0.4485
0.449
0.45
0.45
0.441
0.45
0.47
0.4405
0.4525
0.45
0.468
0.4585
0.4525
0.45
0.461
0.474
0.4755
0.4665
0.4665
0.443
0.4395
0.455
0.4405
0.44
0.431
0.45
0.448
0.4485
0.4405
0.4485
0.4325
0.4405
0.4465
0.4405
0.448
0.455
0.452
0.452
0.441
0.4405
0.432
0.45
0.445
0.4455
0.45
0.45
0.44
0.449
0.45
0.45
0.4535
0.45
0.4495
0.46
0.459
0.44
0.4555
0.4525
0.449
0.45
0.465
0.448
0.45
0.465
0.453
0.465
0.454
0.441
0.45
0.46
0.45
0.45
0.455
0.457
0.465
0.45
0.458
0.44
0.456
0.442
0.45
0.445
0.448
0.45
0.44
0.438
0.45
0.448
0.44
0.449
0.45
0.45
0.446
0.445
0.448
0.437
0.435
0.447
0.449
0.45
0.45
0.437
0.441
0.445
0.456
0.45
0.458
0.46
0.45
0.442
0.452
0.442
0.449
0.449
0.442
0.44
0.43
0.44
0.432
0.447
0.447
0.437
0.435
0.435
0.45
0.435
0.441
0.433
0.435
0.435
0.447
0.435
0.437
0.43
0.442
0.435
0.439
0.445
0.438
0.42
0.434
0.43
0.425
0.418
0.438
0.438
0.43
0.417
0.42
0.41
0.4
0.41
0.417
0.413
0.438
0.416
0.419
0.435
0.415
0.435
0.417
0.417
0.432
0.435
0.422
0.431
0.41
0.41
0.417
0.419
0.426
0.43
0.414
0.401
0.41
0.403
0.407
0.407
0.42
0.426
0.421
0.414
0.405
0.411
0.409
0.418
0.402
0.41
0.4
0.4
0.41
0.401
0.402
0.401
0.401
0.401
0.41
0.41
0.405
0.39
0.38
0.383
0.406
0.407
0.4
0.395
0.4
0.4
0.389
0.407
0.396
0.402
0.4
0.408
0.407
0.399
0.401
0.394
0.41
0.405
0.407
0.415
0.405
0.414
0.4
0.388
0.399
0.393
0.397
0.4
0.405
0.403
0.398
0.409
0.4
0.395
0.395
0.405
0.398
0.393
0.397
0.401
0.395
0.401
0.398
0.395
0.397
0.396
0.402
0.402
0.396
0.402
0.423
0.415
0.35
0.401
0.4
0.402
0.405
0.39
0.404
0.399
0.39
0.406
0.4
0.4
0.408
0.404
0.408
0.404
0.403
0.41
0.414
0.401
0.402
0.397
0.403
0.404
0.405
0.4
0.4
0.39
0.407
0.405
0.416
0.415
0.418
0.41
0.41
0.415
0.41
0.41
0.4
0.409
0.4
0.395
0.403
0.41
0.406
0.4
0.401
0.408
0.41
0.42
0.415
0.421
0.421
0.43
0.394
0.423
0.437
0.45
0.421
0.467
0.467
0.431
0.437
0.485
0.473
0.495
0.497
0.505
0.514
0.504
0.491
0.514
0.5
0.514
0.496
0.5
0.475
0.473
0.51
0.5
0.5
0.486
0.49
0.49
0.508
0.506
0.497
0.5
0.5
0.5
0.499
0.5
0.495
0.463
0.466
0.499
0.498
0.498
0.486
0.48
0.454
0.49
0.498
0.416
0.43
0.426
0.426
0.455
0.433
0.439
0.475
0.461
0.415
0.42
0.426
0.417
0.431
0.43
0.43
0.427
0.429
0.423
0.432
0.432
0.434
0.421
0.432
0.425
0.434
0.426
0.425
0.426
0.426
0.41
0.427
0.424
0.424
0.403
0.42
0.425
0.42
0.405
0.412
0.42
0.424
0.41
0.41
0.4
0.41
0.41
0.41
0.418
0.415
0.416
0.418
0.41
0.407
0.41
0.42
0.415
0.415
0.41
0.4
0.41
0.405
0.415
0.41
0.402
0.41
0.41
0.415
0.41
0.415
0.407
0.394
0.4
0.41
0.405
0.405
0.406
0.408
0.41
0.408
0.4
0.401
0.4
0.398
0.395
0.394
0.4
0.404
0.392
0.4
0.401
0.399
0.399
0.4
0.391
0.39
0.381
0.384
0.385
0.388
0.374
0.377
0.378
0.388
0.378
0.382
0.37
0.383
0.375
0.375
0.373
0.371
0.4
0.44
0.398
0.425
0.401
0.405
0.409
0.4
0.401
0.399
0.391
0.387
0.391
0.391
0.391
0.38
0.369
0.374
0.37
0.359
0.377
0.377
0.37
0.372
0.37
0.367
0.367
0.4
0.373
0.372
0.378
0.362
0.381
0.37
0.362
0.362
0.35
0.365
0.36
0.346
0.363
0.367
0.335
0.332
0.321
0.311
0.307
0.31
0.319
0.32
0.32
0.32
0.327
0.323
0.317
0.302
0.302
0.304
0.307
0.308
0.306
0.309
0.309
0.303
0.33
0.325
0.308
0.306
0.301
0.302
0.309
0.308
0.309
0.311
0.311
0.307
0.311
0.314
0.314
0.317
0.32
0.333
0.349
0.332
0.332
0.336
0.33
0.326
0.325
0.323
0.329
0.33
0.339
0.32
0.331
0.32
0.33
0.33
0.338
0.332
0.33
0.333
0.323
0.323
0.338
0.326
0.343
0.33
0.334
0.339
0.324
0.318
0.317
0.316
0.31
0.315
0.316
0.312
0.32
0.316
0.315
0.319
0.322
0.322
0.322
0.32
0.317
0.31
0.308
0.309
0.345
0.331
0.33
0.336
0.328
0.333
0.33
0.34
0.342
0.368
0.368
0.366
0.376
0.41
0.401
0.403
0.412
0.401
0.4
0.395
0.395
0.439
0.44
0.428
0.44
0.42
0.434
0.425
0.413
0.432
0.434
0.43
0.433
0.427
0.381
0.408
0.37
0.392
0.42
0.412
0.396
0.385
0.394
0.39
0.407
0.39
0.402
0.404
0.401
0.389
0.398
0.4
0.391
0.398
0.399
0.4
0.383
0.399
0.4
0.394
0.389
0.397
0.398
0.398
0.4
0.388
0.4
0.391
0.4
0.401
0.4
0.384
0.387
0.38
0.372
0.372
0.385
0.393
0.394
0.395
0.394
0.395
0.375
0.379
0.382
0.374
0.38
0.392
0.366
0.372
0.377
0.373
0.375
0.381
0.37
0.37
0.381
0.382
0.377
0.383
0.382
0.385
0.378
0.382
0.383
0.375
0.381
0.39
0.415
0.43
0.419
0.418
0.41
0.394
0.407
0.419
0.416
0.391
0.39
0.4
0.39
0.4
0.409
0.4
0.407
0.415
0.385
0.39
0.387
0.39
0.381
0.379
0.374
0.368
0.366
0.365
0.365
0.364
0.361
0.383
0.39
0.385
0.371
0.38
0.366
0.367
0.362
0.363
0.37
0.361
0.359
0.361
0.361
0.364
0.386
0.384
0.374
0.408
0.39
0.408
0.394
0.392
0.391
0.394
0.409
0.407
0.394
0.402
0.421
0.4
0.413
0.399
0.409
0.401
0.405
0.401
0.406
0.399
0.4
0.414
0.407
0.4
0.395
0.405
0.395
0.403
0.407
0.397
0.406
0.376
0.372
0.375
0.378
0.375
0.375
0.352
0.36
0.37
0.36
0.36
0.36
0.361
0.362
0.364
0.365
0.405
0.384
0.386
0.385
0.386
0.386
0.393
0.385
0.397
0.39
0.391
0.39
0.388
0.386
0.385
0.389
0.384
0.388
0.384
0.382
0.372
0.36
0.356
0.381
0.389
0.385
0.384
0.394
0.394
0.381
0.38
0.387
0.398
0.385
0.372
0.39
0.38
0.388
0.39
0.389
0.397
0.385
0.363
0.385
0.38
0.39
0.38
0.388
0.381
0.4
0.386
0.39
0.37
0.396
0.396
0.395
0.4
0.4
0.395
0.4
0.443
0.435
0.445
0.439
0.444
0.435
0.44
0.435
0.431
0.473
0.43
0.435
0.432
0.43
0.43
0.433
0.411
0.45
0.45
0.431
0.42
0.433
0.433
0.478
0.45
0.433
0.443
0.425
0.443
0.426
0.443
0.451
0.455
0.441
0.44
0.468
0.45
0.451
0.474
0.475
0.453
0.45
0.475
0.455
0.45
0.455
0.465
0.469
0.455
0.469
0.451
0.465
0.479
0.478
0.47
0.458
0.468
0.478
0.452
0.472
0.451
0.478
0.475
0.467
0.477
0.465
0.475
0.479
0.473
0.475
0.475
0.477
0.466
0.472
0.476
0.475
0.478
0.465
0.477
0.477
0.478
0.49
0.495
0.504
0.495
0.495
0.5
0.5
0.5
0.5
0.5
0.498
0.5
0.494
0.492
0.486
0.487
0.488
0.492
0.495
0.493
0.5
0.5
0.514
0.515
0.53
0.515
0.519
0.51
0.531
0.559
0.559
0.559
0.558
0.558
0.69
0.699
0.684
0.695
0.755
0.753
0.75
0.74
0.775
0.8
0.8
0.775
0.75
0.76
0.746
0.92
0.826
0.864
0.85
0.92
0.93
0.925
0.92
0.92
0.958
0.95
0.942
0.945
0.921
0.91
0.91
0.943
0.983
0.983
0.982
0.982
0.995
1.024
0.991
0.987
1.0
0.985
0.974
1.015
1.014
0.95
0.95
0.973
0.988
1.05
1.13
1.135
1.16
1.15
1.191
1.192
1.22
1.236
1.251
1.21
1.198
1.22
1.17
1.165
1.176
1.15
1.279
1.198
1.275
1.231
1.288
1.27
1.279
1.261
1.25
1.251
1.349
1.28
1.25
1.177
1.247
1.285
1.248
1.201
1.18
1.3
1.224
1.296
1.3
1.3
1.3
1.214
1.38
1.379
1.38
1.35
1.48
1.49
1.48
1.441
1.441
1.48
1.479
1.48
1.747
1.656
1.65
1.65
1.715
1.666
1.65
1.68
1.69
1.458
1.698
1.679
1.7
1.68
1.655
1.7
1.6
1.745
1.611
1.65
1.678
1.65
1.449
1.495
1.495
1.52
1.72
1.71
1.701
1.68
1.769
1.75
1.798
1.683
1.681
1.737
1.7
1.699
1.77
1.885
1.884
1.645
1.8
1.884
1.85
1.949
1.865
1.825
1.9
1.97
1.926
2.0
2.015
1.93
1.94
1.97
2.11
2.0
1.999
2.0
1.982
2.023
1.99
1.9
1.973
1.903
1.954
1.9
1.98
1.709
1.85
1.816
1.9
1.96
1.91
1.901
1.9
1.882
2.04
1.926
2.04
1.907
1.97
1.9
1.816
1.95
1.895
1.829
1.903
1.929
1.88
1.779
1.883
1.861
1.871
1.868
1.949
1.94
1.871
1.905
1.83
1.781
1.832
1.837
1.795
1.828
1.89
1.752
1.869
1.866
1.818
1.85
1.894
1.87
1.885
1.89
1.781
1.8
1.885
1.899
1.898
1.823
1.815
1.898
1.91
1.858
1.81
1.885
1.888
1.822
1.84
1.88
1.828
1.7
1.78
1.769
1.735
1.7
1.687
1.616
1.693
1.673
1.62
1.57
1.502
1.57
1.56
1.56
1.502
1.53
1.5
1.481
1.426
1.24
1.7
1.55
1.595
1.7
1.605
1.628
1.731
1.624
1.699
1.657
1.631
1.69
1.686
1.682
1.685
1.74
1.68
1.729
1.721
1.6
1.684
1.7
1.71
1.749
1.75
1.7
1.75
1.748
1.695
1.744
1.695
1.725
1.7
1.651
1.699
1.613
1.69
1.65
1.631
1.694
1.65
1.601
1.609
1.637
1.6
1.651
1.63
1.898
1.948
2.009
2.0
2.1
2.029
2.0
2.053
2.022
2.07
2.071
1.92
1.9
1.948
1.946
1.994
1.994
1.934
1.95
1.9
1.881
1.95
1.93
1.921
1.91
1.85
1.83
1.9
1.9
1.883
1.9
1.897
1.83
1.85
1.844
1.888
1.878
1.831
1.848
1.807
1.813
1.8
1.813
1.677
1.738
1.73
1.723
1.76
1.711
1.735
1.715
1.711
1.724
1.724
1.704
1.737
1.734
1.776
1.735
1.73
1.751
1.746
1.701
1.7
1.729
1.722
1.685
1.703
1.7
1.651
1.641
1.606
1.6
1.622
1.55
1.545
1.456
1.39
1.362
1.439
1.415
1.4
1.384
1.382
1.377
1.381
1.376
1.338
1.332
1.371
1.386
1.378
1.387
1.387
1.435
1.452
1.45
1.403
1.431
1.431
1.42
1.41
1.399
1.399
1.6
1.55
1.57
1.575
1.572
1.625
1.8
1.756
1.76
1.903
1.882
1.831
1.832
1.85
1.831
1.851
1.851
1.81
1.88
1.88
1.891
1.8
1.83
1.86
1.833
1.83
1.82
1.884
1.8
1.825
1.83
1.8
1.801
1.8
1.84
1.893
1.83
1.821
1.8
1.79
1.8
1.818
1.8
1.795
1.8
1.79
1.805
1.77
1.75
1.795
1.77
1.75
1.793
1.77
1.617
1.685
1.728
1.71
1.651
1.65
1.65
1.616
1.616
1.6
1.611
1.58
1.58
1.58
1.571
1.555
1.55
1.55
1.631
1.63
1.698
1.66
1.659
1.754
1.755
1.656
1.622
1.62
1.636
1.63
1.649
1.627
1.562
1.606
1.6
1.583
1.679
1.77
1.767
1.711
1.72
1.756
1.72
1.748
1.749
1.72
1.75
1.68
1.749
1.749
1.7
1.744
1.68
1.68
1.724
1.69
1.699
1.702
1.732
1.7
1.66
1.66
1.661
1.72
1.65
1.641
1.648
1.645
1.62
1.64
1.615
1.6
1.609
1.6
1.619
1.601
1.6
1.609
1.6
1.6
1.59
1.595
1.58
1.592
1.568
1.58
1.59
1.585
1.567
1.575
1.582
1.561
1.55
1.561
1.56
1.559
1.55
1.53
1.53
1.525
1.513
1.534
1.555
1.525
1.533
1.56
1.55
1.552
1.52
1.56
1.54
1.531
1.56
1.54
1.65
1.632
1.634
1.649
1.65
1.716
1.66
1.696
1.63
1.62
1.63
1.63
1.601
1.63
1.63
1.551
1.593
1.546
1.55
1.556
1.544
1.564
1.543
1.491
1.499
1.495
1.506
1.5
1.496
1.5
1.45
1.475
1.475
1.449
1.51
1.5
1.467
1.53
1.517
1.502
1.5
1.502
1.499
1.497
1.49
1.46
1.46
1.461
1.486
1.463
1.474
1.462
1.461
1.46
1.46
1.47
1.472
1.468
1.47
1.451
1.45
1.487
1.475
1.477
1.495
1.495
1.44
1.417
1.48
1.53
1.545
1.545
1.526
1.503
1.55
1.55
1.589
1.56
1.67
1.62
1.652
1.66
1.7
1.7
1.7
1.72
1.68
1.7
1.71
1.7
1.7
1.699
1.697
1.63
1.678
1.697
1.61
1.629
1.65
1.68
1.677
1.639
1.673
1.635
1.63
1.6
1.629
1.622
1.647
1.601
1.6
1.62
1.581
1.62
1.62
1.62
1.62
1.62
1.43
1.477
1.5
1.5
1.479
1.494
1.465
1.492
1.47
1.445
1.462
1.477
1.5
1.548
1.635
1.55
1.53
1.55
1.497
1.579
1.501
1.525
1.476
1.545
1.53
1.617
1.53
1.54
1.522
1.577
1.542
1.599
1.531
1.54
1.532
1.5
1.5
1.52
1.486
1.461
1.472
1.49
1.433
1.47
1.4
1.403
1.432
1.429
1.427
1.429
1.437
1.4
1.36
1.38
1.335
1.33
1.36
1.375
1.395
1.36
1.335
1.36
1.34
1.32
1.33
1.33
1.305
1.3
1.27
1.305
1.3
1.295
1.3
1.225
1.225
1.265
1.265
1.23
1.25
1.235
1.215
1.2
1.08
1.095
1.025
1.05
1.05
1.05
1.065
1.055
1.045
1.075
1.06
1.085
1.095
1.185
1.12
1.14
1.135
1.155
1.135
1.135
1.1
1.1
1.09
1.095
1.085
1.08
1.09
1.095
1.18
1.175
1.185
1.27
1.215
1.215
1.205
1.23
1.23
1.21
1.175
1.175
1.14
1.17
1.165
1.125
1.235
1.295
1.28
1.21
1.21
1.21
1.28
1.17
1.15
1.205
1.175
1.19
1.19
1.145
1.145
1.14
1.14
1.13
1.12
1.12
1.11
1.12
1.11
1.105
1.095
1.08
1.07
1.085
1.07
1.055
1.08
1.035
1.025
0.98
0.825
0.89
0.85
0.855
0.865
0.855
0.89
0.86
0.855
0.86
0.85
0.845
0.845
0.87
0.84
0.825
0.84
0.84
0.85
0.835
0.845
0.83
0.745
0.74
0.745
0.73
0.745
0.745
0.74
0.725
0.62
0.655
0.695
0.71
0.74
0.75
0.7
0.705
0.74
0.715
0.74
0.745
0.725
0.735
0.74
0.77
0.77
0.77
0.755
0.775
0.745
0.785
0.78
0.76
0.78
0.755
0.75
0.75
0.755
0.745
0.74
0.74
0.74
0.73
0.7
0.67
0.69
0.695
0.665
0.64
0.645
0.635
0.62
0.575
0.565
0.565
0.59
0.59
0.585
0.585
0.585
0.6
0.61
0.64
0.61
0.63
0.63
0.655
0.67
0.66
0.665
0.63
0.645
0.645
0.645
0.63
0.63
0.66
0.62
0.56
0.565
0.57
0.56
0.56
0.62
0.67
0.67
0.68
0.68
0.67
0.68
0.675
0.7
0.675
0.67
0.655
0.65
0.56
0.54
0.55
0.54
0.55
0.525
0.53
0.525
0.395
0.39
0.395
0.38
0.365
0.365
0.365
0.375
0.4
0.4
0.395
0.415
0.415
0.42
0.42
0.43
0.455
0.44
0.405
0.435
0.41
0.41
0.405
0.405
0.405
0.245
0.275
0.27
0.25
0.245
0.245
0.255
0.245
0.23
0.245
0.255
0.28
0.27
0.265
0.26
0.265
0.25
0.255
0.26
0.245
0.255
0.26
0.26
0.255
0.25
0.245
0.25
0.25
0.255
0.25
0.245
0.25
0.25
0.255
0.255
0.255
0.255
0.25
0.25
0.255
0.245
0.24
0.245
0.24
0.235
0.24
0.22
0.225
0.23
0.23
0.24
0.24
0.25
0.245
0.25
0.27
0.315
0.32
0.335
0.33
0.345
0.345
0.345
0.345
0.375
0.38
0.395
0.435
0.42
0.41
0.43
0.41
0.415
0.39
0.415
0.415
0.415
0.425
0.435
0.425
0.43
0.475
0.465
0.535
0.555
0.595
0.555
0.495
0.295
0.285
0.3
0.28
0.285
0.29
0.28
0.28
0.275
0.29
0.29
0.29
0.28
0.285
0.285
0.335
0.325
0.33
0.325
0.32
0.335
0.325
0.325
0.335
0.34
0.355
0.34
0.34
0.335
0.335
0.31
0.315
0.315
0.33
0.325
0.32
0.315
0.31
0.31
0.305
0.315
0.315
0.305
0.31
0.325
0.32
0.32
0.32
0.315
0.32
0.31
0.31
0.315
0.31
0.315
0.315
0.31
0.31
0.31
0.305
0.305
0.305
0.305
0.29
0.29
0.29
0.285
0.285
0.285
0.29
0.295
0.29
0.28
0.285
0.285
0.285
0.28
0.285
0.29
0.29
0.29
0.29
0.28
0.28
0.29
0.285
0.28
0.295
0.28
0.28
0.28
0.28
0.28
0.285
0.28
0.275
0.275
0.28
0.28
0.28
0.28
0.28
0.28
0.28
0.285
0.28
0.28
0.275
0.28
0.275
0.275
0.275
0.27
0.27
0.275
0.27
0.27
0.275
0.275
0.285
0.275
0.28
0.28
0.27
0.27
0.28
0.275
0.285
0.275
0.315
0.305
0.32
0.315
0.315
0.315
0.315
0.31
0.315
0.315
0.3
0.305
0.305
0.31
0.3
0.305
0.3
0.305
0.3
0.3
0.295
0.295
0.29
0.29
0.29
0.29
0.29
0.265
0.265
0.27
0.265
0.275
0.26
0.255
0.26
0.26
0.255
0.265
0.26
0.255
0.255
0.25
0.25
0.255
0.245
0.25
0.255
0.255
0.25
0.245
0.26
0.26
0.26
0.25
0.25
0.255
0.25
0.255
0.27
0.265
0.275
0.275
0.28
0.275
0.27
0.275
0.275
0.27
0.265
0.265
0.265
0.265
0.265
0.27
0.265
0.27
0.265
0.265
0.26
0.265
0.265
0.26
0.26
0.26
0.27
0.26
0.26
0.26
0.26
0.26
0.26
0.265
0.26
0.255
0.26
0.255
0.255
0.26
0.255
0.235
0.2
0.205
0.2
0.205
0.2
0.205
0.205
0.205
0.205
0.205
0.205
0.2
0.2
0.185
0.18
0.19
0.185
0.19
0.185
0.185
0.18
0.185
0.185
0.185
0.19
0.195
0.19
0.19
0.195
0.195
0.195
0.2
0.2
0.205
0.205
0.22
0.245
0.25
0.24
0.235
0.24
0.235
0.24
0.235
0.23
0.225
0.22
0.255
0.23
0.23
0.225
0.23
0.225
0.225
0.23
0.23
0.205
0.22
0.22
0.235
0.23
0.235
0.235
0.23
0.23
0.235
0.23
0.23
0.225
0.225
0.23
0.23
0.225
0.225
0.22
0.215
0.215
0.215
0.215
0.215
0.215
0.21
0.215
0.215
0.22
0.215
0.21
0.21
0.21
0.21
0.21
0.21
0.21
0.21
0.21
0.205
0.2
0.195
0.2
0.205
0.2
0.21
0.195
0.195
0.195
0.195
0.195
0.195
0.2
0.2
0.2
0.195
0.2
0.2
0.195
0.195
0.2
0.195
0.2
0.2
0.2
0.2
0.205
0.2
0.2
0.2
0.195
0.195
0.195
0.195
0.195
0.195
0.19
0.195
0.195
0.2
0.195
0.19
0.195
0.195
0.195
0.205
0.2
0.215
0.205
0.21
0.205
0.205
0.205
0.205
0.205
0.2
0.2
0.205
0.215
0.21
0.21
0.205
0.205
0.21
0.205
0.21
0.21
0.21
0.215
0.22
0.22
0.225
0.245
0.235
0.245
0.23
0.23
0.23
0.225
0.225
0.22
0.225
0.22
0.21
0.21
0.21
0.21
0.21
0.215
0.21
0.215
0.21
0.22
0.21
0.22
0.215
0.215
0.22
0.22
0.22
0.22
0.22
0.22
0.22
0.215
0.22
0.225
0.22
0.225
0.225
0.22
0.215
0.215
0.215
0.215
0.22
0.22
0.22
0.225
0.225
0.225
0.225
0.22
0.225
0.225
0.225
0.23
0.225
0.225
0.22
0.22
0.225
0.22
0.22
0.22
0.215
0.22
0.22
0.225
0.215
0.22
0.225
0.215
0.22
0.215
0.22
0.22
0.22
0.225
0.23
0.225
0.22
0.225
0.22
0.22
0.225
0.225
0.225
0.22
0.22
0.225
0.225
0.23
0.23
0.225
0.23
0.23
0.23
0.225
0.225
0.225
0.225
0.22
0.22
0.22
0.225
0.215
0.215
0.215
0.225
0.225
0.22
0.225
0.22
0.225
0.22
0.25
0.25
0.24
0.235
0.23
0.23
0.235
0.235
0.24
0.235
0.23
0.235
0.235
0.235
0.235
0.235
0.235
0.235
0.235
0.24
0.24
0.245
0.24
0.25
0.25
0.255
0.24
0.27
0.29
0.265
0.275
0.28
0.29
0.315
0.31
0.31
0.315
0.315
0.32
0.305
0.31
0.315
0.305
0.305
0.3
0.3
0.295
0.305
0.295
0.29
0.285
0.285
0.285
0.3
0.3
0.29
0.295
0.29
0.295
0.3
0.3
0.305
0.3
0.3
0.3
0.29
0.29
0.3
0.285
0.295
0.29
0.29
0.285
0.28
0.285
0.285
0.29
0.285
0.285
0.285
0.28
0.285
0.28
0.285
0.285
0.285
0.28
0.275
0.285
0.26
0.26
0.255
0.26
0.255
0.255
0.25
0.25
0.25
0.25
0.245
0.25
0.245
0.25
0.25
0.245
0.255
0.25
0.245
0.25
0.25
0.25
0.25
0.245
0.245
0.245
0.25
0.24
0.23
0.23
0.22
0.22
0.22
0.215
0.22
0.22
0.215
0.22
0.22
0.215
0.22
0.22
0.225
0.22
0.22
0.215
0.22
0.22
0.22
0.22
0.23
0.225
0.225
0.22
0.225
0.225
0.225
0.21
0.205
0.205
0.215
0.205
0.21
0.21
0.215
0.215
0.21
0.21
0.205
0.21
0.21
0.21
0.21
0.21
0.21
0.21
0.215
0.22
0.225
0.225
0.225
0.225
0.215
0.22
0.225
0.22
0.23
0.27
0.26
0.265
0.255
0.25
0.245
0.235
0.245
0.245
0.245
0.24
0.24
0.24
0.239
0.236
0.239
0.233
0.234
0.235
0.24
0.252
0.24
0.256
0.253
0.267
0.253
0.257
0.259
0.258
0.257
0.259
0.26
0.25
0.249
0.258
0.259
0.253
0.256
0.258
0.257
0.255
0.255
0.259
0.274
0.266
0.265
0.266
0.264
0.275
0.275
0.267
0.267
0.266
0.266
0.264
0.263
0.263
0.261
0.265
0.267
0.267
0.258
0.257
0.256
0.257
0.255
0.254
0.257
0.259
0.249
0.245
0.249
0.242
0.242
0.242
0.244
0.247
0.246
0.25
0.254
0.252
0.252
0.249
0.246
0.244
0.24
0.243
0.243
0.242
0.24
0.242
0.24
0.24
0.24
0.241
0.238
0.24
0.24
0.24
0.242
0.242
0.247
0.245
0.245
0.243
0.242
0.242
0.241
0.241
0.243
0.243
0.241
0.239
0.242
0.242
0.247
0.245
0.245
0.242
0.241
0.242
0.244
0.241
0.242
0.242
0.241
0.24
0.241
0.241
0.242
0.241
0.241
0.239
0.24
0.235
0.236
0.237
0.235
0.236
0.237
0.168
0.185
0.183
0.186
0.185
0.185
0.181
0.183
0.185
0.187
0.193
0.196
0.19
0.184
0.184
0.184
0.187
0.184
0.184
0.185
0.179
0.179
0.179
0.177
0.178
0.179
0.178
0.177
0.179
0.175
0.183
0.186
0.185
0.186
0.186
0.188
0.191
0.19
0.191
0.19
0.189
0.187
0.2
0.199
0.197
0.2
0.197
0.207
0.2
0.198
0.2
0.2
0.198
0.202
0.2
0.2
0.196
0.204
0.198
0.202
0.202
0.201
0.198
0.203
0.202
0.199
0.197
0.198
0.198
0.199
0.199
0.198
0.198
0.199
0.195
0.195
0.193
0.174
0.177
0.153
0.157
0.156
0.159
0.159
0.152
0.15
0.143
0.147
0.149
0.145
0.145
0.143
0.144
0.145
0.094
0.094
0.094
0.094
0.093
0.09
0.09
0.089
0.087
0.088
0.09
0.088
0.098
0.094
0.093
0.094
0.094
0.094
0.093
0.091
0.093
0.093
0.093
0.089
0.092
0.092
0.092
0.092
0.091
0.089
0.088
0.09
0.09
0.09
0.089
0.089
0.089
0.09
0.091
0.09
0.09
0.089
0.09
0.089
0.089
0.089
0.089
0.09
0.09
0.091
0.091
0.091
0.101
0.099
0.1
0.101
0.106
0.109
0.106
0.107
0.107
0.111
0.113
0.114
0.112
0.105
0.106
0.107
0.105
0.102
0.102
0.104
0.103
0.105
0.102
0.103
0.102
0.102
0.108
0.106
0.105
0.106
0.107
0.106
0.105
0.105
0.106
0.107
0.107
0.106
0.107
0.107
0.107
0.107
0.106
0.107
0.107
0.105
0.106
0.106
0.105
0.106
0.105
0.105
0.105
0.105
0.105
0.104
0.105
0.104
0.103
0.103
0.103
0.103
0.102
0.102
0.104
0.103
0.102
0.102
0.102
0.103
0.103
0.103
0.103
0.103
0.103
0.103
0.103
0.102
0.102
0.102
0.102
0.103
0.103
0.102
0.103
0.102
0.103
0.103
0.101
0.102
0.102
0.115
0.114
0.112
0.119
0.119
0.119
0.114
0.115
0.117
0.118
0.119
0.12
0.118
0.119
0.119
0.12
0.118
0.119
0.118
0.117
0.117
0.118
0.116
0.115
0.114
0.115
0.117
0.115
0.115
0.11
0.111
0.113
0.114
0.114
0.112
0.112
0.114
0.114
0.113
0.113
0.112
0.113
0.113
0.113
0.112
0.112
0.112
0.109
0.109
0.11
0.109
0.109
0.107
0.109
0.107
0.107
0.107
0.107
0.107
0.106
0.106
0.105
0.105
0.106
0.107
0.107
0.108
0.107
0.111
0.109
0.11
0.11
0.108
0.107
0.108
0.115
0.114
0.115
0.116
0.113
0.113
0.112
0.114
0.113
0.116
0.116
0.118
0.117
0.117
0.116
0.117
0.116
0.115
0.116
0.116
0.115
0.116
0.115
0.114
0.116
0.115
0.115
0.116
0.111
0.112
0.112
0.113
0.112
0.111
0.112
0.112
0.112
0.113
0.11
0.111
0.11
0.11
0.112
0.114
0.114
0.114
0.114
0.112
0.113
0.113
0.114
0.113
0.114
0.112
0.114
0.115
0.114
0.113
0.112
0.113
0.112
0.113
0.112
0.114
0.112
0.114
0.111
0.111
0.112
0.112
0.112
0.112
0.112
0.111
0.112
0.111
0.112
0.117
0.116
0.116
0.116
0.116
0.116
0.114
0.114
0.116
0.115
0.116
0.114
0.116
0.115
0.115
0.114
0.116
0.116
0.115
0.114
0.115
0.115
0.112
0.112
0.112
0.113
0.112
0.113
0.113
0.113
0.111
0.111
0.111
0.112
0.111
0.112
0.111
0.112
0.114
0.113
0.113
0.113
0.112
0.112
0.111
0.112
0.112
0.112
0.111
0.111
0.112
0.111
0.11
0.111
0.11
0.109
0.11
0.111
0.112
0.113
0.112
0.112
0.112
0.111
0.111
0.112
0.111
0.111
0.111
0.11
0.11
0.11
0.11
0.112
0.112
0.111
0.111
0.111
0.111
0.112
0.111
0.111
0.111
0.1095
0.11
0.11
0.11
0.1105
0.11
0.109
0.109
0.109
0.1115
0.1105
0.11
0.11
0.109
0.11
0.1085
0.109
0.11
0.1115
0.109
0.1095
0.11
0.1095
0.109
0.1095
0.1085
0.108
0.108
0.108
0.108
0.107
0.107
0.106
0.1055
0.105
0.1055
0.1055
0.1055
0.1035
0.1035
0.103
0.1045
0.104
0.1045
0.104
0.1035
0.1045
0.105
0.105
0.104
0.1035
0.1035
0.104
0.1035
0.1035
0.1035
0.1025
0.1035
0.1035
0.103
0.1035
0.104
0.103
0.102
0.102
0.1015
0.101
0.1015
0.1015
0.1015
0.1005
0.1
0.1
0.099
0.1085
0.108
0.108
0.106
0.1065
0.106
0.105
0.1065
0.1055
0.1015
0.1015
0.101
0.101
0.1015
0.1015
0.1005
0.1005
0.101
0.1
0.1005
0.0995
0.098
0.0985
0.0975
0.098
0.0985
0.098
0.098
0.0975
0.097
0.097
0.0965
0.0965
0.0965
0.0965
0.097
0.0985
0.0975
0.096
0.096
0.096
0.094
0.094
0.094
0.0935
0.0925
0.094
0.0945
0.094
0.0945
0.0935
0.093
0.093
0.094
0.0945
0.094
0.0925
0.0915
0.091
0.0915
0.0915
0.0915
0.092
0.091
0.0955
0.094
0.0955
0.0935
0.0945
0.093
0.0935
0.0935
0.095
0.0935
0.094
0.092
0.093
0.0935
0.0935
0.094
0.0935
0.093
0.093
0.092
0.0925
0.093
0.0925
0.092
0.0925
0.093
0.0925
0.0915
0.092
0.0915
0.0915
0.092
0.0915
0.092
0.091
0.091
0.0915
0.091
0.0905
0.0905
0.09
0.0905
0.09
0.09
0.0895
0.0895
0.088
0.0885
0.088
0.087
0.085
0.0855
0.086
0.0855
0.0835
0.084
0.084
0.0835
0.083
0.0835
0.083
0.084
0.084
0.084
0.083
0.0825
0.084
0.084
0.084
0.083
0.0825
0.084
0.084
0.084
0.0845
0.084
0.083
0.084
0.083
0.083
0.084
0.084
0.085
0.0855
0.0915
0.09
0.0915
0.09
0.0885
0.086
0.0855
0.086
0.086
0.0845
0.0845
0.0845
0.0845
0.084
0.085
0.0855
0.0855
0.086
0.085
0.085
0.0855
0.086
0.085
0.086
0.085
0.0855
0.086
0.0855
0.086
0.086
0.087
0.087
0.088
0.089
0.089
0.0865
0.0865
0.087
0.0875
0.087
0.087
0.086
0.09
0.0885
0.0875
0.0885
0.088
0.086
0.086
0.0875
0.0865
0.0865
0.086
0.0855
0.086
0.088
0.088
0.087
0.0905
0.09
0.0905
0.0895
0.089
0.0915
0.091
0.0905
0.0915
0.0915
0.092
0.0915
0.091
0.0905
0.0905
0.0905
0.091
0.092
0.097
0.0985
0.099
0.099
0.0975
0.0975
0.1
0.104
0.1045
0.1045
0.1015
0.098
0.0985
0.0985
0.1
0.101
0.101
0.099
0.1
0.101
0.099
0.0965
0.099
0.0985
0.0975
0.097
0.099
0.0975
0.102
0.0995
0.1
0.101
0.1015
0.1035
0.1015
0.1045
0.104
0.117
0.117
0.133
0.1345
0.145
0.1345
0.137
0.141
0.145
0.15
0.1465
0.138
0.133
0.1385
0.1355
0.135
0.1335
0.1315
0.132
0.135
0.133
0.1295
0.126
0.125
0.1245
0.125
0.1235
0.122
0.1175
0.117
0.1265
0.1225
0.12
0.125
0.122
0.121
0.122
0.1205
0.1195
0.1225
0.12
0.122
0.12
0.1215
0.119
0.1215
0.121
0.12
0.13
0.127
0.1285
0.1275
0.127
0.1285
0.126
0.1275
0.1275
0.1225
0.1235
0.1395
0.138
0.1395
0.137
0.1365
0.134
0.1345
0.14
0.1395
0.133
0.1325
0.1335
0.133
0.13
0.132
0.134
0.1345
0.138
0.1365
0.1375
0.135
0.1355
0.1345
0.136
0.1345
0.1415
0.1535
0.1515
0.151
0.158
0.1725
0.1715
0.1705
0.165
0.1665
0.159
0.1585
0.1655
0.1665
0.1625
0.1645
0.1655
0.165
0.1665
0.1675
0.1585
0.1545
0.153
0.155
0.1545
0.154
0.157
0.1565
0.1645
0.161
0.1615
0.1645
0.173
0.173
0.172
0.17
0.1715
0.176
0.177
0.175
0.1745
0.175
0.1765
0.1725
0.1725
0.1745
0.177
0.1755
0.177
0.18
0.1775
0.177
0.1765
0.1775
0.1785
0.1815
0.186
0.1865
0.1865
0.1865
0.1855
0.1835
0.1835
0.184
0.185
0.189
0.187
0.1855
0.185
0.186
0.1855
0.185
0.183
0.1865
0.187
0.1825
0.1845
0.183
0.181
0.181
0.183
0.182
0.1825
0.173
0.174
0.174
0.17
0.1655
0.166
0.168
0.1675
0.164
0.1635
0.161
0.159
0.155
0.1565
0.156
0.161
0.1675
0.17
0.17
0.179
0.1775
0.174
0.1745
0.175
0.175
0.175
0.1745
0.1725
0.1735
0.175
0.168
0.169
0.168
0.1665
0.168
0.166
0.164
0.165
0.1635
0.164
0.1605
0.158
0.16
0.161
0.1595
0.159
0.159
0.159
0.152
0.153
0.1575
0.157
0.156
0.1555
0.1575
0.1545
0.1585
0.1555
0.154
0.156
0.154
0.1545
0.1555
0.1545
0.1535
0.153
0.164
0.1595
0.1595
0.1605
0.1615
0.1595
0.158
0.16
0.1605
0.164
0.161
0.1605
0.155
0.1575
0.1575
0.1575
0.1565
0.1595
0.157
0.157
0.1585
0.1595
0.1595
0.159
0.16
0.158
0.157
0.154
0.152
0.1525
0.1515
0.149
0.1455
0.1475
0.15
0.1495
0.1545
0.1505
0.1525
0.152
0.151
0.1505
0.152
0.15
0.1505
0.1465
0.145
0.1435
0.145
0.1465
0.1465
0.146
0.145
0.1445
0.145
0.1425
0.142
0.1405
0.1405
0.14
0.1385
0.1385
0.14
0.1325
0.1335
0.1355
0.1325
0.1345
0.1345
0.1355
0.136
0.1355
0.1405
0.138
0.1435
0.1425
0.1455
0.1445
0.1455
0.1425
0.143
0.146
0.1435
0.141
0.1405
0.138
0.139
0.1435
0.1465
0.146
0.1465
0.144
0.1465
0.1425
0.1425
0.142
0.141
0.145
0.141
0.1385
0.139
0.1395
0.14
0.14
0.14
0.1405
0.1375
0.137
0.135
0.1365
0.135
0.1365
0.14
0.14
0.1395
0.1395
0.1395
0.14
0.14
0.1385
0.1385
0.1395
0.139
0.1385
0.139
0.1395
0.138
0.14
0.1395
0.14
0.142
0.141
0.139
0.141
0.1385
0.1395
0.142
0.1395
0.1385
0.1385
0.132
0.134
0.1355
0.137
0.1345
0.139
0.136
0.1355
0.136
0.1345
0.1345
0.134
0.133
0.133
0.1325
0.1335
0.132
0.132
0.1305
0.128
0.127
0.127
0.1265
0.1245
0.1245
0.1245
0.1245
0.125
0.125
0.13
0.127
0.127
0.1275
0.1265
0.1255
0.1285
0.129
0.1255
0.126
0.126
0.1265
0.1285
0.1245
0.127
0.1265
0.1245
0.1245
0.1245
0.123
0.1235
0.1235
0.1245
0.126
0.125
0.1265
0.1265
0.125
0.1255
0.126
0.126
0.1235
0.123
0.122
0.1225
0.1235
0.1225
0.1225
0.123
0.1235
0.121
0.1195
0.12
0.122
0.1225
0.121
0.121
0.1205
0.121
0.12
0.1215
0.1205
0.1205
0.121
0.121
0.1215
0.12
0.1205
0.122
0.12
0.119
0.119
0.12
0.119
0.12
0.1205
0.12
0.1215
0.119
0.1195
0.12
0.119
0.1205
0.1205
0.12
0.12
0.121
0.138
0.142
0.139
0.1375
0.136
0.138
0.137
0.138
0.133
0.1325
0.134
0.133
0.1325
0.1285
0.127
0.1275
0.128
0.128
0.1245
0.126
0.125
0.134
0.13
0.1275
0.128
0.128
0.127
0.1305
0.1275
0.1285
0.13
0.127
0.126
0.126
0.126
0.127
0.126
0.125
0.1245
0.1245
0.124
0.1235
0.1225
0.1235
0.1235
0.1225
0.1225
0.123
0.125
0.125
0.1245
0.125
0.1245
0.126
0.1245
0.125
0.125
0.1245
0.1235
0.1235
0.124
0.1245
0.1245
0.1245
0.1225
0.1225
0.123
0.122
0.1225
0.123
0.1225
0.1225
0.1225
0.1225
0.1205
0.1205
0.12
0.121
0.1205
0.1205
0.12
0.1175
0.117
0.1175
0.116
0.114
0.1155
0.115
0.116
0.1155
0.116
0.116
0.1165
0.116
0.1175
0.116
0.117
0.116
0.1185
0.116
0.1175
0.1195
0.1175
0.117
0.1165
0.117
0.116
0.1165
0.116
0.1155
0.115
0.115
0.114
0.115
0.1145
0.115
0.1145
0.1145
0.1145
0.115
0.116
0.116
0.1145
0.1145
0.114
0.1135
0.1135
0.113
0.1135
0.113
0.1125
0.112
0.111
0.11
0.11
0.1095
0.1085
0.1085
0.109
0.1085
0.109
0.108
0.1085
0.108
0.107
0.1085
0.1095
0.1095
0.109
0.1085
0.1095
0.1085
0.109
0.1095
0.1095
0.1105
0.113
0.1175
0.1135
0.113
0.112
0.111
0.11
0.111
0.1065
0.108
0.098
0.1025
0.1015
0.1005
0.1
0.102
0.1005
0.0955
0.0955
0.1
0.0985
0.0985
0.099
0.1
0.1
0.101
0.098
0.1005
0.1
0.102
0.0995
0.0985
0.0985
0.098
0.0995
0.099
0.1005
0.102
0.103
0.103
0.1025
0.1025
0.103
0.101
0.103
0.104
0.102
0.105
0.103
0.1065
0.1065
0.104
0.104
0.1075
0.109
0.107
0.1075
0.11
0.108
0.1085
0.112
0.117
0.114
0.1125
0.12
0.1255
0.1225
0.123
0.124
0.1215
0.1275
0.1275
0.124
0.127
0.127
0.123
0.124
0.1225
0.1165
0.116
0.1195
0.12
0.1215
0.1185
0.117
0.116
0.1145
0.1165
0.1165
0.1185
0.117
0.114
0.116
0.117
0.1155
0.1175
0.12
0.118
0.1195
0.1185
0.119
0.12
0.1195
0.117
0.12
0.118
0.1175
0.1175
0.1175
0.1195
0.1185
0.117
0.112
0.112
0.115
0.113
0.113
0.114
0.1145
0.1135
0.1135
0.1115
0.112
0.1125
0.1115
0.1125
0.1115
0.1115
0.113
0.112
0.1125
0.111
0.1115
0.1115
0.111
0.111
0.1105
0.1125
0.1115
0.1105
0.112
0.1105
0.111
0.1105
0.11
0.1105
0.1095
0.1095
0.1095
0.109
0.1105
0.11
0.1105
0.109
0.109
0.108
0.1095
0.11
0.11
0.109
0.108
0.108
0.11
0.1075
0.108
0.1085
0.1085
0.107
0.108
0.107
0.106
0.108
0.108
0.114
0.1125
0.1095
0.109
0.1115
0.11
0.111
0.111
0.1105
0.11
0.11
0.1095
0.1105
0.11
0.109
0.109
0.1095
0.1095
0.1075
0.108
0.108
0.108
0.1075
0.108
0.1075
0.108
0.1075
0.1075
0.1075
0.108
0.109
0.1075
0.1075
0.1085
0.109
0.109
0.1085
0.109
0.11
0.1095
0.109
0.1095
0.1115
0.1135
0.117
0.1155
0.1135
0.1195
0.1185
0.1175
0.117
0.115
0.111
0.1125
0.1115
0.112
0.113
0.1115
0.113
0.113
0.113
0.113
0.1135
0.113
0.112
0.113
0.1135
0.1125
0.1125
0.1125
0.1125
0.112
0.1105
0.1115
0.111
0.1105
0.11
0.1105
0.1105
0.1105
0.1105
0.11
0.11
0.11
0.1095
0.1095
0.109
0.109
0.1095
0.108
0.108
0.107
0.107
0.107
0.1095
0.1085
0.1085
0.1085
0.1075
0.1055
0.108
0.1065
0.1075
0.1065
0.1075
0.107
0.107
0.107
0.1065
0.1065
0.1065
0.107
0.108
0.1085
0.1065
0.1065
0.1065
0.1075
0.108
0.108
0.108
0.1085
0.107
0.1075
0.1085
0.1085
0.1095
0.108
0.108
0.1105
0.108
0.1095
0.109
0.1085
0.1085
0.108
0.1075
0.1085
0.109
0.109
0.1085
0.108
0.1095
0.1075
0.1095
0.1095
0.1095
0.1095
0.1085
0.1085
0.109
0.11
0.1085
0.11
0.1135
0.1125
0.111
0.111
0.1115
0.1115
0.111
0.1115
0.111
0.1115
0.111
0.1115
0.111
0.1115
0.1115
0.11
0.1085
0.111
0.108
0.1095
0.1095
0.1085
0.1095
0.1095
0.109
0.1095
0.1095
0.1095
0.1095
0.109
0.109
0.109
0.1085
0.1085
0.1095
0.109
0.1085
0.109
0.1105
0.11
0.11
0.1115
0.112
0.112
0.1095
0.1095
0.109
0.11
0.11
0.11
0.1095
0.1095
0.109
0.1095
0.11
0.1105
0.109
0.1085
0.11
0.1075
0.1085
0.1095
0.108
0.109
0.109
0.108
0.1095
0.1085
0.108
0.109
0.109
0.11
0.1095
0.1095
0.1105
0.1105
0.11
0.11
0.1105
0.1095
0.1125
0.111
0.1115
0.111
0.1105
0.11
0.1125
0.111
0.11
0.11
0.111
0.109
0.109
0.109
0.1095
0.111
0.1105
0.1105
0.11
0.1095
0.1095
0.1095
0.1095
0.1095
0.1095
0.1095
0.1095
0.1095
0.1095
0.11
0.109
0.1085
0.1095
0.1085
0.108
0.108
0.109
0.108
0.108
0.109
0.109
0.107
0.107
0.108
0.108
0.1065
0.1065
0.1065
0.106
0.106
0.107
0.106
0.106
0.1045
0.1045
0.104
0.104
0.104
0.1045
0.1035
0.104
0.104
0.102
0.1
0.101
0.1025
0.1015
0.101
0.1015
0.1015
0.102
0.1015
0.1015
0.1015
0.099
0.099
0.098
0.0985
0.099
0.0965
0.097
0.0975
0.097
0.098
0.098
0.097
0.0975
0.098
0.097
0.096
0.096
0.0965
0.096
0.097
0.0955
0.0955
0.094
0.095
0.0955
0.0945
0.0945
0.0945
0.0955
0.095
0.0945
0.0955
0.095
0.0935
0.0915
0.0915
0.0915
0.092
0.092
0.0925
0.0935
0.094
0.0935
0.092
0.0915
0.093
0.092
0.0925
0.0925
0.0915
0.0915
0.092
0.0915
0.092
0.0915
0.0915
0.092
0.091
0.0925
0.0925
0.0925
0.0925
0.0915
0.091
0.092
0.092
0.0925
0.092
0.0925
0.0935
0.0925
0.097
0.0965
0.096
0.1045
0.1015
0.1
0.098
0.0995
0.1
0.097
0.0975
0.098
0.1005
0.0995
0.098
0.0985
0.0985
0.0975
0.0975
0.0975
0.0985
0.098
0.098
0.097
0.0965
0.0955
0.0935
0.094
0.095
0.0955
0.097
0.096
0.095
0.0955
0.0955
0.095
0.0965
0.0955
0.0955
0.095
0.0965
0.096
0.096
0.0945
0.0955
0.0955
0.095
0.0945
0.0955
0.0955
0.096
0.0955
0.095
0.0945
0.0955
0.0955
0.0955
0.095
0.096
0.0955
0.095
0.1095
0.108
0.1125
0.1105
0.1125
0.1135
0.116
0.1265
0.13
0.1525
0.1495
0.1395
0.1385
0.125
0.1265
0.1235
0.121
0.1255
0.1215
0.114
0.112
0.1165
0.1215
0.1235
0.12
0.1195
0.119
0.1175
0.1225
0.12
0.1205
0.1205
0.1225
0.12
0.1185
0.1195
0.117
0.118
0.1155
0.114
0.113
0.111
0.112
0.112
0.1115
0.1135
0.11
0.1095
0.11
0.109
0.1095
0.1105
0.109
0.1115
0.1105
0.1065
0.1075
0.1085
0.1085
0.109
0.1065
0.108
0.107
0.108
0.108
0.1085
0.1065
0.11
0.11
0.1095
0.108
0.1065
0.1065
0.106
0.1055
0.104
0.1045
0.104
0.1045
0.1045
0.1055
0.1035
0.1035
0.1035
0.104
0.103
0.1015
0.1015
0.1005
0.0995
0.1
0.098
0.098
0.098
0.096
0.094
0.0965
0.0965
0.096
0.0955
0.0945
0.0955
0.095
0.0945
0.096
0.097
0.0965
0.097
0.0965
0.099
0.098
0.0975
0.0975
0.098
0.0985
0.0975
0.098
0.0965
0.0965
0.096
0.0955
0.0945
0.095
0.0955
0.095
0.0945
0.0945
0.094
0.0915
0.0915
0.0925
0.0925
0.0925
0.092
0.092
0.0915
0.0885
0.092
0.0935
0.09
0.0905
0.092
0.092
0.089
0.091
0.0905
0.0905
0.0915
0.0905
0.09
0.0905
0.0895
0.088
0.088
0.091
0.09
0.088
0.0885
0.0885
0.0885
0.089
0.088
0.089
0.0895
0.088
0.088
0.087
0.088
0.0875
0.0875
0.087
0.087
0.087
0.087
0.087
0.0885
0.0875
0.087
0.086
0.086
0.0865
0.088
0.087
0.0875
0.085
0.085
0.0855
0.086
0.085
0.086
0.086
0.0865
0.087
0.0865
0.0875
0.088
0.0875
0.086
0.087
0.0865
0.087
0.088
0.0885
0.0875
0.088
0.089
0.0875
0.087
0.088
0.089
0.0875
0.088
0.088
0.087
0.088
0.088
0.088
0.0875
0.087
0.0865
0.087
0.086
0.0865
0.086
0.086
0.085
0.0845
0.084
0.085
0.0865
0.086
0.085
0.085
0.0855
0.085
0.086
0.086
0.086
0.086
0.086
0.085
0.085
0.0855
0.0855
0.085
0.085
0.086
0.086
0.09
0.0885
0.088
0.088
0.087
0.088
0.088
0.0875
0.088
0.0875
0.087
0.0865
0.088
0.088
0.0885
0.087
0.087
0.0865
0.0865
0.0875
0.0865
0.0895
0.089
0.087
0.087
0.087
0.087
0.087
0.0875
0.087
0.0875
0.087
0.0865
0.085
0.085
0.085
0.0855
0.086
0.0855
0.086
0.086
0.086
0.087
0.0865
0.086
0.0865
0.0865
0.0865
0.087
0.086
0.0865
0.086
0.086
0.0855
0.086
0.0855
0.086
0.0855
0.0855
0.086
0.085
0.085
0.0855
0.085
0.0855
0.085
0.0845
0.0845
0.0855
0.0855
0.084
0.0845
0.0845
0.085
0.0845
0.084
0.0855
0.085
0.0845
0.084
0.083
0.0835
0.0835
0.0835
0.0835
0.0835
0.084
0.0835
0.084
0.084
0.084
0.083
0.0835
0.083
0.083
0.082
0.082
0.0825
0.083
0.083
0.083
0.083
0.0835
0.0825
0.0835
0.083
0.083
0.0845
0.087
0.086
0.087
0.0875
0.086
0.086
0.0865
0.086
0.0865
0.086
0.0865
0.0875
0.0865
0.087
0.0865
0.0875
0.088
0.0875
0.0875
0.088
0.0885
0.088
0.092
0.091
0.092
0.091
0.091
0.092
0.0915
0.0925
0.092
0.091
0.091
0.0895
0.089
0.0885
0.0885
0.088
0.0885
0.088
0.088
0.088
0.088
0.0985
0.097
0.096
0.0995
0.0965
0.098
0.099
0.0965
0.0945
0.094
0.094
0.0945
0.0935
0.095
0.095
0.0965
0.0965
0.094
0.094
0.0945
0.0935
0.0935
0.0915
0.0925
0.0925
0.092
0.0925
0.0925
0.0935
0.093
0.0935
0.0925
0.0925
0.093
0.092
0.092
0.094
0.093
0.092
0.093
0.094
0.0925
0.0925
0.0925
0.093
0.092
0.0915
0.092
0.0925
0.0915
0.091
0.091
0.091
0.091
0.093
0.109
0.1
0.1015
0.102
0.1135
0.122
0.125
0.131
0.1575
0.1595
0.145
0.147
0.148
0.1495
0.155
0.171
0.169
0.1725
0.151
0.156
0.1585
0.1595
0.1525
0.1525
0.1535
0.144
0.136
0.1365
0.136
0.1355
0.1275
0.127
0.121
0.1205
0.1215
0.123
0.121
0.12
0.1265
0.126
0.1245
0.125
0.1275
0.1365
0.13
0.129
0.131
0.1335
0.143
0.1335
0.1345
0.133
0.1345
0.126
0.123
0.1245
0.1235
0.1255
0.124
0.1235
0.1235
0.1235
0.124
0.125
0.124
0.125
0.1245
0.128
0.129
0.132
0.13
0.1295
0.1285
0.129
0.127
0.1275
0.1285
0.1275
0.125
0.1275
0.127
0.1275
0.128
0.1245
0.1295
0.1345
0.127
0.128
0.127
0.1265
0.1275
0.126
0.1265
0.126
0.1265
0.1235
0.1205
0.114
0.1135
0.115
0.114
0.115
0.119
0.117
0.117
0.117
0.122
0.1185
0.12
0.12
0.1185
0.1175
0.117
0.1155
0.117
0.1175
0.117
0.1195
0.12
0.119
0.1185
0.13
0.1415
0.139
0.14
0.1405
0.149
0.1445
0.146
0.1445
0.144
0.146
0.1385
0.1455
0.141
0.1415
0.137
0.138
0.1345
0.1365
0.135
0.1355
0.131
0.1305
0.132
0.1315
0.136
0.136
0.137
0.137
0.1425
0.141
0.142
0.138
0.1385
0.1355
0.133
0.134
0.134
0.1335
0.133
0.1325
0.132
0.133
0.1325
0.1325
0.1305
0.13
0.13
0.131
0.1255
0.124
0.1245
0.122
0.121
0.1205
0.1205
0.1205
0.12
0.1195
0.12
0.121
0.122
0.121
0.12
0.1215
0.1385
0.1395
0.135
0.1375
0.1345
0.1315
0.1325
0.137
0.1315
0.131
0.13
0.13
0.1285
0.1265
0.1275
0.1255
0.125
0.124
0.1255
0.125
0.125
0.1245
0.124
0.124
0.124
0.13
0.129
0.13
0.133
0.13
0.128
0.13
0.1295
0.1285
0.127
0.1285
0.1285
0.1305
0.1295
0.129
0.1265
0.127
0.1285
0.1305
0.131
0.131
0.13
0.13
0.1295
0.1305
0.1295
0.1295
0.12805
0.13
0.1291
0.1285
0.1285
0.1283
0.1275
0.127
0.127
0.127
0.1262
0.12605
0.12445
0.1254
0.12495
0.12445
0.1248
0.12595
0.12585
0.12555
0.12655
0.12635
0.12755
0.12705
0.127
0.12645
0.1246
0.1248
0.12485
0.124
0.12435
0.1234
0.1234
0.12265
0.1223
0.12285
0.1245
0.1235
0.12305
0.12345
0.12325
0.12345
0.12255
0.1225
0.12345
0.1222
0.1222
0.1223
0.1225
0.1222
0.12205
0.1219
0.12175
0.11995
0.1206
0.1198
0.12035
0.121
0.12195
0.1193
0.11915
0.1197
0.1219
0.1215
0.1205
0.11985
0.1198
0.12
0.11935
0.119
0.11745
0.11775
0.1186
0.1181
0.1181
0.1189
0.1163
0.1157
0.1153
0.11525
0.1152
0.11555
0.1158
0.11555
0.1155
0.115
0.1128
0.113
0.1148
0.11405
0.1132
0.113
0.1126
0.1141
0.1121
0.11215
0.11075
0.109
0.1094
0.1109
0.11195
0.11015
0.11195
0.11155
0.11345
0.11245
0.11225
0.1127
0.11385
0.11325
0.1118
0.1122
0.1119
0.1123
0.11
0.11005
0.1087
0.10905
0.1084
0.10895
0.10845
0.109
0.11075
0.1107
0.1099
0.10915
0.10955
0.11
0.1101
0.11025
0.1095
0.1095
0.1091
0.10925
0.10935
0.109
0.1086
0.109
0.109
0.1091
0.1089
0.1088
0.1083
0.1095
0.1097
0.10895
0.10845
0.10825
0.10835
0.1087
0.10865
0.10865
0.10845
0.1083
0.1081
0.1081
0.10775
0.109
0.10855
0.108
0.1081
0.1067
0.1062
0.10625
0.1071
0.10695
0.1065
0.10625
0.1067
0.1067
0.1066
0.10695
0.10765
0.10755
0.1059
0.10645
0.1057
0.1061
0.10605
0.1061
0.1063
0.10995
0.10965
0.10935
0.10965
0.1101
0.1092
0.10835
0.1085
0.1081
0.10775
0.10825
0.1079
0.10825
0.1085
0.1086
0.10875
0.1092
0.11985
0.12215
0.1214
0.12185
0.1211
0.1217
0.1197
0.12015
0.11875
0.11615
0.117
0.1156
0.11445
0.114
0.1143
0.11285
0.1134
0.113
0.11275
0.11245
0.1129
0.114
0.113
0.11285
0.11415
0.1172
0.11665
0.1153
0.11705
0.117
0.11625
0.11645
0.11585
0.1159
0.11525
0.1143
0.1147
0.1159
0.11465
0.1144
0.1145
0.1146
0.1157
0.1163
0.11605
0.117
0.1173
0.11595
0.1152
0.1129
0.1138
0.11525
0.1144
0.11405
0.11405
0.11335
0.1134
0.113
0.1123
0.1106
0.1108
0.11095
0.11225
0.1122
0.1121
0.1121
0.1121
0.11215
0.1111
0.1123
0.112
0.112
0.11175
0.11175
0.111
0.1108
0.11155
0.11145
0.1105
0.1108
0.1116
0.11295
0.115
0.1156
0.1148
0.1169
0.12215
0.1173
0.11775
0.117
0.118
0.1171
0.1188
0.1172
0.1162
0.11595
0.12085
0.11995
0.1205
0.1204
0.1222
0.11995
0.11995
0.1214
0.125
0.12485
0.1241
0.12265
0.12385
0.12125
0.1218
0.1205
0.12195
0.119
0.11995
0.1198
0.123
0.1211
0.12065
0.12175
0.1212
0.1188
0.11725
0.1178
0.11815
0.11795
0.11885
0.119
0.11925
0.1176
0.11755
0.11795
0.11785
0.1157
0.11745
0.1171
0.1166
0.11715
0.117
0.117
0.11675
0.1158
0.1161
0.11605
0.1161
0.11685
0.11615
0.11715
0.1163
0.1165
0.11255
0.1135
0.11325
0.1124
0.1125
0.1135
0.11475
0.11295
0.11335
0.11315
0.11395
0.1186
0.11515
0.11675
0.1169
0.11615
0.1162
0.11555
0.1159
0.1161
0.11435
0.11405
0.1135
0.1116
0.1134
0.1135
0.11255
0.1116
0.11355
0.11315
0.1117
0.1137
0.1143
0.11435
0.11415
0.11315
0.11275
0.1132
0.1127
0.1134
0.11395
0.11315
0.11285
0.11365
0.11395
0.113
0.11345
0.11395
0.114
0.1143
0.11325
0.11295
0.113
0.1141
0.11395
0.11355
0.11335
0.11355
0.11355
0.11335
0.1124
0.113
0.11375
0.11375
0.1124
0.1124
0.11315
0.11315
0.11315
0.11285
0.11295
0.1132
0.113
0.114
0.11455
0.11675
0.1156
0.1153
0.11515
0.11505
0.1149
0.11495
0.1139
0.1141
0.1139
0.11385
0.11455
0.1156
0.11435
0.1146
0.11455
0.11525
0.11545
0.11485
0.11495
0.11505
0.11565
0.1177
0.1246
0.126
0.12845
0.1264
0.126
0.12775
0.12735
0.1269
0.1273
0.1258
0.1283
0.125
0.125
0.12515
0.1254
0.12385
0.12415
0.12425
0.124
0.1222
0.1235
0.1206
0.12065
0.12045
0.1201
0.12055
0.1194
0.12045
0.1201
0.12045
0.1215
0.1204
0.1202
0.11975
0.1204
0.12
0.1238
0.12245
0.1216
0.1204
0.1215
0.12075
0.12
0.12095
0.12045
0.1202
0.1194
0.1195
0.1204
0.12335
0.12395
0.1235
0.12335
0.1227
0.12195
0.12335
0.12375
0.12145
0.12065
0.1217
0.1206
0.12055
0.1201
0.1205
0.1199
0.1207
0.12145
0.1199
0.12055
0.121
0.1215
0.1225
0.1225
0.123
0.12355
0.12285
0.1215
0.1225
0.122
0.12745
0.1258
0.1306
0.1327
0.13145
0.13275
0.13025
0.1298
0.13025
0.129
0.12775
0.1287
0.1282
0.1283
0.1275
0.12535
0.1237
0.1246
0.12345
0.12395
0.12375
0.12125
0.1263
0.125
0.12455
0.1236
0.1228
0.1237
0.12355
0.1236
0.1242
0.1239
0.124
0.1249
0.12405
0.12455
0.1242
0.12395
0.1243
0.1243
0.1235
0.12435
0.1264
0.1238
0.1241
0.12495
0.1249
0.1252
0.12475
0.12415
0.12415
0.1239
0.1247
0.12365
0.1244
0.1244
0.12385
0.1245
0.1245
0.12465
0.1248
0.12495
0.12405
0.1245
0.1245
0.1246
0.1245
0.1244
0.12405
0.12455
0.124
0.12475
0.1247
0.1253
0.125
0.1248
0.1245
0.12535
0.1243
0.125
0.125
0.12485
0.1249
0.1246
0.1241
0.12425
0.1228
0.12345
0.1228
0.1228
0.1228
0.12275
0.12275
0.1226
0.12325
0.12265
0.1213
0.1209
0.1215
0.1239
0.123
0.12435
0.124
0.1239
0.1244
0.12455
0.1243
0.124
0.1241
0.1241
0.12305
0.12385
0.1237
0.1232
0.1233
0.12345
0.1225
0.12285
0.1227
0.1227
0.12275
0.1232
0.13295
0.131
0.128
0.12535
0.1264
0.1326
0.13275
0.1308
0.1306
0.1282
0.125
0.125
0.1242
0.123
0.12325
0.1231
0.1218
0.12275
0.1219
0.12255
0.122
0.1219
0.12115
0.12175
0.1219
0.12245
0.1227
0.12275
0.1226
0.1226
0.1223
0.12215
0.1219
0.1218
0.12105
0.1233
0.1223
0.12215
0.1215
0.1217
0.1207
0.1202
0.12035
0.1202
0.12
0.1207
0.1207
0.12095
0.1194
0.11995
0.12115
0.1196
0.1201
0.1201
0.11985
0.1208
0.1202
0.12085
0.12
0.11975
0.12085
0.1205
0.12
0.1206
0.1207
0.12035
0.12005
0.12005
0.11965
0.1194
0.1196
0.1197
0.11935
0.11965
0.122
0.121
0.12035
0.1201
0.1204
0.1203
0.1207
0.1202
0.1208
0.12085
0.12065
0.1204
0.12045
0.12005
0.11995
0.11995
0.1199
0.1198
0.1195
0.12
0.1201
0.1202
0.12055
0.12
0.1203
0.12005
0.12005
0.12
0.1201
0.1201
0.1199
0.12
0.12
0.12025
0.1205
0.12065
0.12075
0.12105
0.121
0.1212
0.12135
0.1214
0.1215
0.1213
0.12125
0.1218
0.12245
0.1225
0.12225
0.121
0.1213
0.12185
0.12125
0.12215
0.122
0.1206
0.1205
0.12005
0.12045
0.1202
0.11995
0.11965
0.12
0.1205
0.12145
0.12105
0.12025
0.12065
0.1203
0.1199
0.12035
0.11995
0.1199
0.11945
0.1198
0.12025
0.11975
0.12085
0.12075
0.1204
0.12025
0.1194
0.11935
0.1203
0.1194
0.1196
0.11945
0.1197
0.1191
0.1194
0.1193
0.11995
0.1194
0.11935
0.1197
0.11905
0.11925
0.11925
0.1193
0.1192
0.11905
0.11905
0.11865
0.1191
0.1187
0.1187
0.11865
0.119
0.119
0.119
0.11895
0.11895
0.11895
0.1186
0.1186
0.1189
0.1187
0.1193
0.1195
0.1218
0.1208
0.12065
0.1207
0.1221
0.12045
0.1209
0.12
0.12
0.1194
0.11945
0.12025
0.12
0.1197
0.1204
0.12115
0.12325
0.1215
0.12105
0.12225
0.12215
0.1212
0.12115
0.1211
0.1218
0.12235
0.1221
0.12205
0.1217
0.1222
0.1213
0.121
0.12135
0.12135
0.1222
0.12115
0.1223
0.1223
0.1226
0.1223
0.1225
0.1222
0.12195
0.12185
0.1212
0.12145
0.12005
0.1208
0.12055
0.121
0.12025
0.12045
0.1202
0.1206
0.1198
0.11985
0.12
0.12
0.1199
0.1198
0.1202
0.1202
0.12015
0.1203
0.1202
0.12
0.12
0.12
0.12045
0.12035
0.1197
0.11955
0.1196
0.11945
0.1199
0.11955
0.1194
0.11935
0.11935
0.11935
0.11955
0.1192
0.11925
0.11975
0.11955
0.11905
0.11945
0.11965
0.11965
0.11965
0.11975
0.11965
0.1194
0.11975
0.1197
0.1192
0.119
0.1191
0.11965
0.11925
0.1189
0.1189
0.1194
0.11895
0.119
0.11945
0.1193
0.11885
0.1188
0.11935
0.119
0.119
0.11925
0.1189
0.1186
0.11885
0.11795
0.11695
0.1177
0.1176
0.11765
0.1174
0.1175
0.11755
0.118
0.1172
0.117
0.1175
0.11775
0.11805
0.1182
0.11835
0.1184
0.11835
0.1179
0.1182
0.1181
0.1184
0.1182
0.1182
0.11785
0.1181
0.11775
0.1178
0.1177
0.1179
0.11725
0.11745
0.1175
0.1172
0.1175
0.1175
0.11705
0.1168
0.11695
0.1164
0.11685
0.11635
0.1167
0.1169
0.1166
0.11685
0.117
0.1164
0.1164
0.1161
0.116
0.11645
0.11575
0.11535
0.11565
0.11595
0.11585
0.1159
0.1159
0.1159
0.1152
0.1158
0.11525
0.1152
0.11505
0.115
0.11505
0.1153
0.115
0.115
0.11495
0.1147
0.11485
0.11485
0.11485
0.11495
0.11495
0.11495
0.1143
0.1152
0.11515
0.1151
0.1145
0.1149
0.1145
0.1149
0.11435
0.1141
0.1135
0.1142
0.114
0.1141
0.114
0.114
0.114
0.114
0.11495
0.11615
0.1159
0.1159
0.116
0.11625
0.1167
0.11675
0.117
0.1175
0.11695
0.11635
0.11795
0.1168
0.11635
0.11765
0.1161
0.1163
0.1174
0.11745
0.11685
0.1156
0.1166
0.11765
0.1178
0.11715
0.1168
0.1163
0.1168
0.11635
0.1163
0.11625
0.1159
0.1164
0.11655
0.11655
0.1158
0.1158
0.11565
0.1158
0.115
0.115
0.11505
0.115
0.11505
0.11575
0.1148
0.11555
0.1155
0.1157
0.11565
0.115
0.1156
0.1155
0.1154
0.1151
0.11515
0.1154
0.1154
0.11565
0.1151
0.11525
0.11495
0.1142
0.115
0.1149
0.1154
0.1179
0.1176
0.118
0.117
0.116
0.1161
0.116
0.1157
0.1157
0.1154
0.115
0.1149
0.1149
0.1146
0.1149
0.1149
0.1152
0.114
0.1142
0.1142
0.114
0.1141
0.1136
0.1152
0.1145
0.114
0.1147
0.1138
0.1131
0.1143
0.1133
0.1139
0.113
0.113
0.1135
0.1142
0.1137
0.1137
0.1128
0.113
0.1129
0.1128
0.1115
0.1103
0.1109
0.11
0.1106
0.1106
0.1108
0.1101
0.1105
0.1101
0.11
0.1099
0.1091
0.1095
0.1088
0.109
0.1089
0.11
0.1097
0.108
0.1079
0.1074
0.107
0.1072
0.1077
0.1076
0.1075
0.1077
0.106
0.1061
0.1061
0.106
0.106
0.1059
0.1067
0.1052
0.1051
0.1056
0.1055
0.1051
0.105
0.1042
0.1052
0.1045
0.1057
0.1055
0.1086
0.1052
0.105
0.105
0.1054
0.1053
0.1054
0.1053
0.1051
0.105
0.1045
0.1049
0.1041
0.1045
0.1049
0.1045
0.1043
0.105
0.1041
0.1041
0.1036
0.1035
0.1038
0.1034
0.1038
0.103
0.1023
0.1016
0.1016
0.1022
0.1014
0.1012
0.1007
0.1029
0.1014
0.1013
0.1012
0.1007
0.1016
0.1014
0.102
0.1017
0.1
0.0994
0.0994
0.0994
0.0997
0.0999
0.0985
0.099
0.0994
0.0991
0.1005
0.0991
0.0993
0.099
0.0989
0.0992
0.0985
0.0988
0.0985
0.1
0.0994
0.0991
0.0991
0.0988
0.0993
0.0989
0.0989
0.099
0.0995
0.0998
0.0994
0.0998
0.0997
0.099
0.0994
0.0995
0.0992
0.0988
0.0994
0.0996
0.0989
0.0998
0.0999
0.1009
0.0997
0.1009
0.1013
0.1019
0.1021
0.1014
0.1004
0.1005
0.1003
0.1003
0.1003
0.101
0.1007
0.0992
0.0991
0.0992
0.0999
0.0999
0.0993
0.1
0.1
0.0991
0.099
0.0988
0.0993
0.1006
0.1
0.0988
0.099
0.0998
0.0999
0.0998
0.0997
0.0997
0.0998
0.1001
0.101
0.1008
0.1013
0.1003
0.1002
0.1004
0.1
0.0998
0.1011
0.0997
0.1003
0.1007
0.1004
0.1004
0.101
0.1004
0.1004
0.101
0.1007
0.102
0.1021
0.101
0.102
0.1027
0.1041
0.1062
0.1061
0.1048
0.1062
0.1065
0.107
0.1076
0.1072
0.1088
0.1087
0.106
0.1069
0.1067
0.1071
0.1066
0.1067
0.1064
0.1061
0.1056
0.1057
0.1056
0.1049
0.1053
0.1054
0.1077
0.1051
0.1059
0.1059
0.1048
0.1052
0.1076
0.1075
0.107
0.1082
0.108
0.1082
0.11
0.1135
0.1139
0.1134
0.1136
0.1132
0.1153
0.1131
0.1136
0.1131
0.113
0.115
0.1128
0.1136
0.1122
0.1145
0.1153
0.1166
0.1165
0.113
0.1141
0.1121
0.1127
0.113
0.1132
0.1134
0.1128
0.1114
0.1114
0.1101
0.1104
0.1101
0.11
0.1106
0.1113
0.1113
0.1104
0.1109
0.1101
0.1101
0.1125
0.117
0.1285
0.1261
0.122
0.1238
0.1235
0.146
0.1404
0.1332
0.139
0.1341
0.13
0.1315
0.127
0.1269
0.1233
0.1219
0.1222
0.1211
0.122
0.1223
0.1227
0.1211
0.1207
0.1213
0.1189
0.1189
0.1181
0.1168
0.117
0.1167
0.1164
0.1168
0.117
0.1188
0.122
0.12
0.1206
0.1207
0.12
0.1209
0.1234
0.1228
0.1233
0.1226
0.1205
0.1201
0.1206
0.1215
0.1192
0.1202
0.1193
0.12
0.1203
0.1203
0.1196
0.1201
0.12
0.1201
0.1187
0.117
0.1177
0.1186
0.1185
0.1185
0.1175
0.1178
0.1175
0.1176
0.1176
0.1178
0.1197
0.1228
0.1206
0.1219
0.121
0.1204
0.121
0.1189
0.1192
0.1198
0.12
0.1195
0.1193
0.1195
0.1191
0.1194
0.1192
0.1189
0.1192
0.119
0.119
0.119
0.119
0.119
0.1194
0.1187
0.1225
0.121
0.1212
0.1211
0.1199
0.1198
0.1202
0.1206
0.1208
0.1216
0.1206
0.1205
0.1212
0.1197
0.12
0.1197
0.1188
0.12
0.1196
0.1194
0.118
0.1196
0.1199
0.1199
0.1187
0.1188
0.1195
0.119
0.1195
0.1188
0.1186
0.1187
0.1195
0.1199
0.1191
0.1191
0.1186
0.1184
0.1183
0.1191
0.1189
0.1186
0.1193
0.1187
0.1187
0.1187
0.1183
0.1184
0.1183
0.1183
0.1181
0.1195
0.1177
0.1179
0.1172
0.1183
0.117
0.1177
0.1171
0.1151
0.1167
0.1148
0.1151
0.114
0.1148
0.1149
0.1129
0.1121
0.1119
0.112
0.1116
0.1125
0.1118
0.1112
0.1062
0.1071
0.1075
0.1078
0.1076
0.1076
0.1072
0.1063
0.107
0.1071
0.1081
0.1087
0.1071
0.1077
0.1092
0.1094
0.108
0.1087
0.1075
0.108
0.1086
0.1086
0.1086
0.1088
0.1088
0.109
0.1078
0.1079
0.1084
0.1081
0.1089
0.1086
0.1078
0.1078
0.1083
0.1083
0.108
0.1083
0.1096
0.1133
0.1139
0.1182
0.1147
0.1147
0.1143
0.1134
0.1131
0.1129
0.114
0.1128
0.1133
0.1135
0.1134
0.113
0.1133
0.1149
0.1138
0.1145
0.1132
0.1129
0.1138
0.1136
0.1126
0.1137
0.1138
0.1128
0.1132
0.1132
0.1127
0.1135
0.1134
0.1127
0.1125
0.1124
0.1124
0.1108
0.1118
0.1106
0.1106
0.1095
0.11
0.11
0.11
0.1098
0.11
0.109
0.1099
0.112
0.1131
0.119
0.116
0.115
0.1117
0.1119
0.1129
0.1139
0.1132
0.1123
0.112
0.1119
0.1119
0.1121
0.113
0.1128
0.1126
0.1119
0.112
0.1127
0.1119
0.1119
0.1117
0.1114
0.1124
0.1128
0.1124
0.1121
0.1122
0.1121
0.1119
0.1119
0.1119
0.1117
0.1124
0.1105
0.1119
0.1122
0.1128
0.1114
0.1098
0.109
0.1092
0.1095
0.1095
0.1102
0.109
0.1089
0.1083
0.1099
0.1088
0.1089
0.1083
0.1084
0.108
0.1087
0.1063
0.1075
0.107
0.1089
0.1062
0.1068
0.101
0.1023
0.1017
0.1026
0.1009
0.1005
0.1011
0.1026
0.104
0.1036
0.1039
0.103
0.104
0.1034
0.1037
0.1044
0.103
0.1042
0.1035
0.1022
0.1035
0.1035
0.1026
0.103
0.1057
0.109
0.109
0.1071
0.109
0.107
0.106
0.1073
0.1073
0.1081
0.1041
0.1045
0.1078
0.1043
0.1043
0.1057
0.1063
0.106
0.1052
0.1055
0.1049
0.1054
0.1048
0.1055
0.105
0.1039
0.1053
0.1047
0.105
0.1042
0.1042
0.1037
0.1045
0.1026
0.1044
0.1045
0.1046
0.1045
0.1038
0.1038
0.1037
0.1045
0.105
0.104
0.104
0.105
0.1046
0.107
0.1056
0.1066
0.1072
0.1063
0.1065
0.1069
0.1069
0.1077
0.1071
0.1071
0.1078
0.1088
0.109
0.1095
0.1081
0.1077
0.1073
0.107
0.1085
0.1071
0.1088
0.1083
0.1082
0.1082
0.1093
0.1082
0.1081
0.1089
0.1094
0.1094
0.109
0.1089
0.1085
0.1086
0.1084
0.1083
0.1095
0.1071
0.108
0.1079
0.1081
0.1079
0.1073
0.1087
0.1083
0.1089
0.1089
0.109
0.109
0.1093
0.1091
0.1118
0.1115
0.1109
0.1118
0.1109
0.1107
0.1103
0.1103
0.1096
0.1105
0.1094
0.1092
0.1083
0.1083
0.1083
0.1084
0.1089
0.1088
0.1084
0.108
0.1087
0.1096
0.1085
0.1078
0.1087
0.108
0.1084
0.1089
0.1088
0.109
0.1082
0.1091
0.1102
0.1096
0.1109
0.1108
0.1095
0.1096
0.1096
0.1093
0.1096
0.1093
0.1096
0.1092
0.1098
0.1094
0.109
0.11
0.1088
0.1085
0.107
0.1078
0.108
0.107
0.107
0.1068
0.1077
0.1075
0.1086
0.1088
0.1088
0.1086
0.1092
0.1081
0.1096
0.1086
0.1097
0.1085
0.1085
0.1084
0.1083
0.1085
0.1084
0.1084
0.1089
0.1087
0.108
0.1087
0.1087
0.1085
0.1083
0.1091
0.1088
0.1095
0.1095
0.1097
0.1097
0.1095
0.1091
0.109
0.1089
0.1088
0.1085
0.1088
0.1085
0.108
0.1083
0.1077
0.1071
0.1087
0.1079
0.1084
0.108
0.1077
0.1082
0.1067
0.1065
0.1065
0.1066
0.1066
0.1066
0.1065
0.107
0.1066
0.1066
0.106
0.1064
0.1067
0.1065
0.1062
0.1062
0.1064
0.1069
0.1063
0.1057
0.1049
0.1059
0.1059
0.1052
0.1078
0.1079
0.1078
0.1077
0.1077
0.1066
0.1057
0.1069
0.1073
0.1064
0.1061
0.1061
0.1061
0.106
0.1066
0.1061
0.1083
0.1063
0.1059
0.1069
0.1065
0.1067
0.1059
0.1068
0.1067
0.1066
0.1061
0.1077
0.1062
0.1071
0.1061
0.1077
0.108
0.1079
0.1078
0.1068
0.1068
0.1066
0.1069
0.1061
0.1057
0.1058
0.106
0.1052
0.1068
0.1067
0.1055
0.1055
0.1073
0.1059
0.1059
0.1055
0.1055
0.1055
0.1052
0.1052
0.105
0.1047
0.1063
0.1061
0.106
0.1057
0.1043
0.1051
0.1051
0.1051
0.1047
0.1049
0.1043
0.105
0.1045
0.1045
0.106
0.1041
0.1031
0.104
0.105
0.1048
0.1051
0.1052
0.105
0.106
0.1048
0.1049
0.1051
0.1052
0.105
0.105
0.1058
0.1051
0.1066
0.1054
0.105
0.1042
0.1039
0.1041
0.104
0.1036
0.1053
0.1066
0.106
0.1064
0.1059
0.1047
0.1044
0.1056
0.1058
0.105
0.1044
0.1062
0.1058
0.1054
0.1058
0.1059
0.108
0.108
0.1065
0.1072
0.107
0.1065
0.1062
0.1065
0.1063
0.1067
0.106
0.1066
0.1064
0.1073
0.1063
0.1074
0.107
0.1073
0.1061
0.1064
0.1073
0.1073
0.1075
0.107
0.1069
0.1062
0.107
0.106
0.1069
0.1069
0.1065
0.1061
0.1059
0.107
0.107
0.107
0.1059
0.1071
0.1071
0.1071
0.107
0.1068
0.1068
0.1074
0.1075
0.1079
0.1085
0.1074
0.1068
0.1072
0.1065
0.1061
0.109
0.1086
0.1071
0.1085
0.1081
0.1083
0.108
0.1066
0.1078
0.1075
0.1068
0.1064
0.1075
0.1065
0.1074
0.1073
0.1074
0.107
0.1075
0.1075
0.1077
0.1073
0.1068
0.1067
0.1061
0.1067
0.1066
0.1068
0.1061
0.1057
0.1062
0.1067
0.1061
0.1062
0.1066
0.11
0.1079
0.1071
0.107
0.1073
0.109
0.1088
0.1074
0.108
0.1078
0.109
0.108
0.1085
0.1088
0.1084
0.1082
0.108
0.108
0.1083
0.1079
0.1084
0.1079
0.1084
0.1085
0.1092
0.1086
0.1085
0.1094
0.1086
0.1085
0.1091
0.1087
0.1077
0.1088
0.1079
0.1082
0.108
0.1091
0.1082
0.1071
0.1074
0.1078
0.1075
0.107
0.1068
0.107
0.1071
0.1067
0.107
0.1071
0.1068
0.1069
0.1071
0.107
0.1065
0.1065
0.1059
0.1055
0.106
0.106
0.106
0.1058
0.1054
0.1058
0.106
0.1057
0.1059
0.106
0.1057
0.105
0.1049
0.1048
0.1049
0.1049
0.1041
0.1041
0.1041
0.1041
0.104
0.1041
0.1034
0.1038
0.1038
0.1038
0.1038
0.1047
0.1049
0.1048
0.1043
0.1031
0.103
0.103
0.1033
0.1035
0.1036
0.1037
0.1044
0.1045
0.1045
0.1045
0.1045
0.1045
0.1044
0.1052
0.1061
0.1055
0.105
0.1055
0.1046
0.1045
0.1045
0.104
0.1039
0.1042
0.1042
0.1045
0.104
0.1042
0.1046
0.1042
0.1045
0.1036
0.1047
0.105
0.1045
0.1045
0.1046
0.1056
0.1052
0.1047
0.1049
0.1053
0.1046
0.1038
0.1039
0.1039
0.104
0.1039
0.1042
0.1041
0.1042
0.105
0.1046
0.104
0.1051
0.1044
0.1052
0.105
0.1047
0.1056
0.1049
0.1051
0.1056
0.1052
0.1051
0.1045
0.1042
0.1043
0.1044
0.1044
0.1043
0.105
0.1122
0.1081
0.1079
0.1074
0.108
0.1078
0.107
0.1076
0.1071
0.1062
0.1062
0.1063
0.1069
0.1074
0.1075
0.1076
0.107
0.1055
0.106
0.1056
0.1055
0.106
0.105
0.1063
0.1065
0.1064
0.1056
0.106
0.1056
0.1058
0.1056
0.1049
0.1053
0.1049
0.1047
0.1053
0.105
0.1054
0.1053
0.1045
0.1045
0.1046
0.1049
0.104
0.1047
0.1039
0.1044
0.1044
0.1049
0.1042
0.1042
0.1052
0.1067
0.1055
0.1055
0.1053
0.1052
0.1053
0.1051
0.1043
0.1051
0.1046
0.1045
0.105
0.1061
0.1055
0.106
0.1053
0.1054
0.1054
0.105
0.1049
0.1038
0.1035
0.1032
0.1043
0.1041
0.1034
0.104
0.1035
0.104
0.1039
0.1041
0.1034
0.1038
0.1038
0.104
0.103
0.1034
0.1038
0.1035
0.1028
0.103
0.1029
0.103
0.103
0.1031
0.1031
0.1031
0.1029
0.1025
0.1035
0.1033
0.1032
0.1038
0.1037
0.1037
0.1051
0.1045
0.104
0.1039
0.1041
0.104
0.1039
0.1042
0.1038
0.104
0.1045
0.1037
0.1042
0.1044
0.1046
0.1034
0.1033
0.1033
0.1033
0.1025
0.1035
0.1039
0.1037
0.1038
0.1039
0.1033
0.1034
0.1036
0.1038
0.1037
0.1035
0.1028
0.1031
0.1033
0.1033
0.1033
0.1034
0.1033
0.1034
0.1031
0.1038
0.1032
0.1031
0.1029
0.1028
0.1029
0.1029
0.1033
0.1028
0.1035
0.104
0.104
0.1037
0.1035
0.1034
0.1037
0.1038
0.1045
0.1037
0.1031
0.1035
0.1031
0.1036
0.1036
0.1031
0.1035
0.1027
0.103
0.1031
0.1028
0.1042
0.1037
0.1039
0.1039
0.1036
0.1034
0.1034
0.1034
0.1041
0.1039
0.1039
0.1038
0.104
0.1038
0.1042
0.1042
0.1049
0.1045
0.1042
0.1038
0.1039
0.1043
0.1043
0.1038
0.1044
0.1041
0.104
0.104
0.1047
0.1038
0.1046
0.1036
0.104
0.1041
0.104
0.1044
0.1044
0.1036
0.1036
0.1035
0.1036
0.1035
0.1036
0.1034
0.1036
0.1036
0.1053
0.1044
0.1037
0.1041
0.1041
0.1046
0.1046
0.1046
0.1054
0.1091
0.1072
0.1066
0.1083
0.108
0.1076
0.1079
0.1078
0.1078
0.1078
0.1081
0.1094
0.1077
0.1086
0.108
0.1093
0.1082
0.1082
0.1084
0.1085
0.1076
0.1108
0.1091
0.1099
0.11
0.1105
0.1103
0.1105
0.1103
0.1112
0.1092
0.1088
0.1083
0.108
0.1079
0.11
0.1092
0.1089
0.109
0.1077
0.1079
0.1074
0.1072
0.1088
0.1091
0.1089
0.1086
0.1095
0.1085
0.1083
0.1086
0.1084
0.1082
0.1075
0.1074
0.1078
0.1076
0.1086
0.108
0.1076
0.1112
0.11
0.1143
0.119
0.1161
0.1183
0.124
0.125
0.124
0.1246
0.1249
0.124
0.1226
0.1206
0.1194
0.1167
0.1182
0.1176
0.1163
0.1195
0.119
0.1171
0.1167
0.1161
0.1168
0.1204
0.12
0.1196
0.1198
0.12
0.1182
0.1184
0.118
0.1189
0.1194
0.1208
0.12
0.12
0.1198
0.1192
0.1189
0.1208
0.1195
0.1208
0.1214
0.1219
0.1199
0.1209
0.123
0.1228
0.1219
0.1217
0.1224
0.1186
0.1168
0.1143
0.1121
0.1137
0.1129
0.1138
0.1138
0.113
0.1127
0.1091
0.1106
0.111
0.111
0.1127
0.1131
0.117
0.1152
0.117
0.1177
0.115
0.1141
0.1154
0.1178
0.1171
0.1165
0.1179
0.1161
0.1139
0.1142
0.1139
0.1142
0.1118
0.1126
0.1136
0.112
0.1118
0.1119
0.1119
0.1119
0.1119
0.1118
0.1119
0.1115
0.1118
0.1109
0.1115
0.1106
0.1079
0.1092
0.1104
0.1105
0.1108
0.1102
0.1113
0.1108
0.1113
0.1106
0.1117
0.113
0.1127
0.1128
0.113
0.1112
0.1111
0.1109
0.1086
0.11
0.1104
0.1106
0.111
0.1116
0.1122
0.1115
0.1118
0.1118
0.1127
0.1115
0.113
0.1137
0.1135
0.112
0.1119
0.1126
0.1128
0.1119
0.1124
0.1125
0.1112
0.1118
0.1086
0.1098
0.1097
0.1099
0.1112
0.1103
0.1103
0.1094
0.1092
0.1103
0.11
0.11
0.1095
0.1099
0.1102
0.1102
0.1101
0.11
0.1107
0.1102
0.1102
0.11
0.1094
0.1101
0.1095
0.1099
0.1099
0.1095
0.1095
0.1099
0.1098
0.1095
0.1104
0.1105
0.1098
0.1094
0.1107
0.1103
0.11
0.11
0.1097
0.1095
0.11
0.1098
0.1105
0.1095
0.1125
0.1132
0.1126
0.1111
0.1116
0.1117
0.1136
0.1124
0.1123
0.1123
0.1127
0.114
0.112
0.1127
0.1125
0.1128
0.1127
0.1125
0.1126
0.1121
0.111
0.112
0.1132
0.1119
0.1129
0.1127
0.1125
0.1121
0.112
0.1113
0.112
0.1126
0.1123
0.1128
0.13
0.124
0.1267
0.126
0.1235
0.1201
0.1242
0.1243
0.1255
0.1251
0.1193
0.1205
0.1202
0.1204
0.1217
0.1245
0.123
0.1209
0.1197
0.1181
0.114
0.1139
0.1161
0.1155
0.1201
0.1176
0.1184
0.115
0.115
0.1103
0.1096
0.1068
0.1067
0.1087
0.1084
0.1097
0.109
0.1099
0.1077
0.1076
0.1067
0.1063
0.1062
0.1055
0.104
0.1045
0.1051
0.1048
0.0995
0.0995
0.0997
0.099
0.0997
0.1047
0.101
0.0997
0.1003
0.1054
0.106
0.1042
0.1035
0.1025
0.1029
0.1019
0.1025
0.1019
0.105
0.1064
0.104
0.1048
0.1045
0.1044
0.105
0.105
0.1045
0.105
0.1034
0.1039
0.104
0.105
0.105
0.104
0.1053
0.1034
0.1048
0.106
0.1046
0.1048
0.1036
0.1049
0.1049
0.1035
0.104
0.1037
0.0995
0.1006
0.0998
0.0993
0.0992
0.099
0.099
0.0991
0.0997
0.0949
0.0917
0.0937
0.092
0.0935
0.0955
0.0928
0.0927
0.0919
0.0929
0.0935
0.0937
0.0944
0.094
0.0938
0.0936
0.0922
0.0924
0.0947
0.0915
0.0844
0.0842
0.083
0.0821
0.0818
0.0849
0.0846
0.083
0.0837
0.0869
0.085
0.085
0.0844
0.085
0.0856
0.0845
0.0854
0.0852
0.0827
0.0799
0.0781
0.0764
0.0767
0.0769
0.0794
0.0763
0.0788
0.0789
0.0781
0.0786
0.0787
0.0775
0.0797
0.0776
0.0765
0.0782
0.0777
0.0768
0.0771
0.0749
0.0783
0.075
0.0756
0.0737
0.0749
0.072
0.0702
0.0733
0.0719
0.0739
0.0726
0.0724
0.072
0.0748
0.0749
0.078
0.0796
0.0788
0.079
0.0765
0.0765
0.0767
0.082
0.0826
0.0791
0.0784
0.0787
0.0801
0.0809
0.0818
0.0805
0.0792
0.0799
0.081
0.0862
0.0854
0.0881
0.0879
0.0897
0.0868
0.0842
0.0849
0.0872
0.0887
0.0867
0.0861
0.0815
0.0864
0.0854
0.0845
0.084
0.0848
0.0852
0.0825
0.0834
0.0834
0.0834
0.0834
0.0827
0.0837
0.0829
0.0842
0.0843
0.0837
0.0828
0.0837
0.0826
0.0821
0.0825
0.0816
0.0812
0.0801
0.0786
0.0777
0.0779
0.078
0.0785
0.0798
0.0798
0.0799
0.08
0.0808
0.0819
0.0822
0.0875
0.085
0.0841
0.0829
0.083
0.0825
0.0842
0.0851
0.0818
0.0844
0.0841
0.0835
0.0849
0.0838
0.0841
0.0842
0.0848
0.0847
0.0856
0.0873
0.0876
0.0895
0.0893
0.0882
0.0873
0.0862
0.086
0.0878
0.0886
0.0897
0.0897
0.089
0.089
0.0896
0.0885
0.088
0.0882
0.1045
0.0988
0.1052
0.11
0.1062
0.1068
0.1059
0.1055
0.1048
0.1048
0.102
0.1026
0.1033
0.1017
0.0993
0.0998
0.0997
0.1
0.1001
0.0999
0.0994
0.0994
0.0999
0.1001
0.1005
0.0995
0.0999
0.0996
0.1001
0.101
0.0988
0.0998
0.1
0.0984
0.0993
0.0983
0.0994
0.0983
0.0996
0.0987
0.0982
0.0983
0.0985
0.0986
0.0968
0.0978
0.0979
0.0974
0.1003
0.0992
0.0989
0.097
0.0976
0.098
0.0977
0.0995
0.0976
0.097
0.0973
0.0964
0.0964
0.096
0.0962
0.0964
0.0967
0.0975
0.0955
0.0943
0.094
0.0923
0.0924
0.0912
0.0929
0.0925
0.0911
0.0915
0.0897
0.0907
0.0904
0.091
0.0915
0.091
0.092
0.0922
0.0912
0.0931
0.0925
0.0927
0.0929
0.0928
0.092
0.0926
0.0939
0.0922
0.0921
0.0922
0.0927
0.0924
0.0924
0.0907
0.0901
0.0905
0.0908
0.09
0.09
0.0908
0.0905
0.0902
0.0964
0.0949
0.0961
0.0948
0.0964
0.0959
0.0957
0.0937
0.0939
0.0967
0.0949
0.095
0.0963
0.0955
0.0968
0.0964
0.0952
0.096
0.0952
0.0959
0.0959
0.0955
0.0949
0.0945
0.0938
0.0937
0.0944
0.094
0.0944
0.0936
0.0936
0.0928
0.0931
0.094
0.0941
0.096
0.095
0.096
0.0962
0.0977
0.0963
0.0965
0.0954
0.098
0.0962
0.0968
0.0968
0.0969
0.0966
0.0967
0.099
0.0975
0.1
0.0963
0.0964
0.0968
0.0957
0.0962
0.096
0.0963
0.0964
0.0959
0.0963
0.0958
0.0951
0.0948
0.0953
0.0951
0.0952
0.0946
0.0975
0.0962
0.0955
0.0956
0.0989
0.0966
0.097
0.0979
0.0976
0.0967
0.0973
0.098
0.0979
0.098
0.097
0.0965
0.0964
0.0966
0.0973
0.0974
0.0974
0.0966
0.0971
0.0969
0.097
0.0961
0.097
0.0975
0.0963
0.0962
0.0968
0.0965
0.0965
0.0964
0.0975
0.0962
0.0987
0.0968
0.096
0.0971
0.0968
0.0978
0.0971
0.0967
0.095
0.0979
0.0967
0.096
0.0958
0.0957
0.0956
0.0957
0.095
0.0959
0.0951
0.0959
0.0957
0.095
0.0946
0.0945
0.0949
0.096
0.0954
0.0954
0.0952
0.0957
0.0952
0.0952
0.0951
0.0954
0.0954
0.0959
0.0953
0.0953
0.0968
0.0967
0.096
0.0953
0.0957
0.0961
0.0959
0.096
0.096
0.0955
0.0955
0.096
0.0964
0.0964
0.0962
0.0962
0.0964
0.0962
0.0954
0.0962
0.0962
0.0954
0.0962
0.0962
0.0961
0.0956
0.0963
0.0963
0.0955
0.0956
0.0965
0.0965
0.0961
0.0951
0.0951
0.0955
0.0955
0.0955
0.0951
0.0956
0.0959
0.0961
0.0955
0.0955
0.0956
0.0964
0.0957
0.0967
0.0965
0.0965
0.0958
0.0962
0.0962
0.0972
0.097
0.0975
0.0977
0.0965
0.0969
0.0983
0.1053
0.0999
0.0992
0.0992
0.0989
0.0985
0.0992
0.0997
0.0998
0.099
0.099
0.0982
0.0984
0.0984
0.098
0.0981
0.0983
0.1004
0.098
0.0978
0.0978
0.0978
0.0973
0.0978
0.0978
0.0973
0.0981
0.0976
0.097
0.0969
0.097
0.0977
0.0969
0.0973
0.0971
0.0967
0.0972
0.0968
0.0967
0.0968
0.097
0.0971
0.0969
0.0973
0.0973
0.0974
0.0966
0.096
0.0966
0.0966
0.0959
0.0953
0.0953
0.095
0.096
0.0956
0.0964
0.0949
0.0955
0.0955
0.0961
0.0949
0.0953
0.0949
0.0955
0.0956
0.0958
0.0951
0.0945
0.0942
0.0947
0.0942
0.0944
0.094
0.0944
0.0944
0.0952
0.095
0.095
0.0949
0.0951
0.0951
0.0957
0.0943
0.094
0.0943
0.0949
0.095
0.0945
0.0947
0.0947
0.095
0.0955
0.0949
0.0948
0.0946
0.0952
0.0948
0.095
0.0949
0.0945
0.0945
0.0952
0.0947
0.0945
0.0947
0.0939
0.0949
0.0934
0.094
0.0938
0.0936
0.0938
0.0941
0.0944
0.0946
0.0946
0.0941
0.0948
0.0947
0.0949
0.0946
0.0943
0.0943
0.0945
0.0943
0.0947
0.0946
0.0941
0.0938
0.0941
0.0941
0.094
0.0938
0.0938
0.0938
0.0934
0.0937
0.0937
0.0937
0.0929
0.0939
0.0933
0.0937
0.0932
0.0932
0.0937
0.0934
0.0933
0.0931
0.0932
0.0938
0.0934
0.0932
0.0932
0.0931
0.0936
0.0938
0.0932
0.0938
0.0937
0.0936
0.0937
0.0938
0.0938
0.0938
0.0938
0.0933
0.0933
0.093
0.0925
0.0925
0.093
0.0928
0.0925
0.0923
0.0926
0.0924
0.0925
0.0932
0.0932
0.0932
0.0928
0.0926
0.0924
0.092
0.0922
0.0926
0.0919
0.0926
0.0925
0.0921
0.0922
0.0924
0.0924
0.092
0.0924
0.0918
0.0912
0.091
0.0907
0.0907
0.0911
0.0908
0.0912
0.0911
0.0916
0.0918
0.091
0.0913
0.0915
0.091
0.0907
0.0917
0.0908
0.0909
0.0907
0.0909
0.0911
0.0907
0.0907
0.0912
0.0913
0.0912
0.0915
0.0915
0.0914
0.0915
0.0915
0.0912
0.0913
0.0915
0.0912
0.0912
0.0918
0.0911
0.0911
0.0916
0.0915
0.0913
0.0914
0.0915
0.0913
0.0914
0.091
0.0911
0.0914
0.0911
0.0913
0.091
0.0914
0.0915
0.0912
0.0917
0.0911
0.0911
0.0906
0.091
0.091
0.091
0.0908
0.0908
0.0906
0.0905
0.0904
0.0909
0.0909
0.0907
0.0907
0.091
0.0908
0.0909
0.0912
0.0907
0.0912
0.0909
0.0907
0.0906
0.09
0.0902
0.0897
0.0894
0.0892
0.0893
0.0894
0.0893
0.0898
0.09
0.0896
0.0896
0.0895
0.0893
0.0898
0.0892
0.0893
0.09
0.0895
0.0895
0.0899
0.0893
0.0896
0.0899
0.0897
0.09
0.0899
0.0907
0.09
0.0891
0.0893
0.0905
0.0894
0.093
0.0942
0.0917
0.0907
0.0916
0.0909
0.0909
0.0906
0.091
0.091
0.091
0.0905
0.09
0.0907
0.0906
0.0904
0.091
0.091
0.0903
0.0901
0.0902
0.0905
0.0904
0.0904
0.09
0.0903
0.0902
0.0901
0.0902
0.0902
0.0905
0.09
0.0899
0.09
0.0898
0.0899
0.0901
0.0901
0.09
0.09
0.0903
0.0917
0.0905
0.0911
0.0911
0.0905
0.0913
0.0915
0.0917
0.0915
0.0907
0.091
0.0924
0.0916
0.0907
0.0906
0.0908
0.0912
0.0912
0.091
0.0907
0.0909
0.0907
0.0906
0.0908
0.0906
0.0913
0.0907
0.091
0.0912
0.0918
0.0914
0.0919
0.094
0.0922
0.0928
0.0924
0.0922
0.0921
0.0928
0.0924
0.0922
0.0917
0.0926
0.0925
0.0922
0.0921
0.0917
0.092
0.092
0.0916
0.0915
0.09
0.091
0.091
0.0914
0.0908
0.0908
0.0908
0.0912
0.0909
0.091
0.0908
0.091
0.0917
0.0916
0.0938
0.0938
0.0925
0.0921
0.0931
0.094
0.0937
0.0932
0.0941
0.0935
0.0939
0.0935
0.0937
0.094
0.0931
0.0932
0.0931
0.0936
0.094
0.0925
0.0926
0.0927
0.0933
0.0932
0.0935
0.0936
0.0934
0.093
0.0931
0.0923
0.093
0.0936
0.1104
0.1064
0.1092
0.1301
0.1301
0.1301
0.1301
0.1301
0.1301
0.143
0.138
0.1173
0.1174
0.1186
0.119
0.1202
0.1169
0.1177
0.1139
0.115
0.1209
0.1175
0.1181
0.1191
0.1192
0.1181
0.1152
0.1144
0.1151
0.1088
0.1095
0.1094
0.1088
0.109
0.1093
0.1094
0.107
0.1089
0.1085
0.1072
0.107
0.108
0.1083
0.108
0.1071
0.1067
0.1055
0.1061
0.1186
0.1191
0.1259
0.1256
0.1246
0.1225
0.122
0.1178
0.1122
0.1162
0.1147
0.1147
0.1164
0.116
0.1156
0.1148
0.1156
0.1151
0.1156
0.114
0.1129
0.1137
0.1135
0.1146
0.1133
0.1136
0.1144
0.1144
0.1124
0.1103
0.1107
0.1093
0.1094
0.1098
0.1093
0.1105
0.1095
0.1099
0.1087
0.1074
0.1079
0.1077
0.107
0.1069
0.107
0.107
0.1147
0.1106
0.1121
0.1121
0.1123
0.1123
0.1114
0.1121
0.1121
0.1112
0.1118
0.111
0.1111
0.1111
0.1111
0.1104
0.1111
0.1101
0.1112
0.1114
0.1114
0.1105
0.1105
0.1097
0.1098
0.1093
0.1097
0.109
0.1082
0.1081
0.1075
0.108
0.108
0.1079
0.1076
0.1078
0.1081
0.1078
0.1071
0.1075
0.1077
0.1075
0.1073
0.1073
0.1079
0.11
0.1087
0.1088
0.1088
0.109
0.1093
0.1092
0.1088
0.1083
0.107
0.1058
0.1067
0.1072
0.1066
0.1068
0.1062
0.1056
0.1062
0.106
0.1062
0.1063
0.1057
0.1055
0.1057
0.1053
0.1053
0.1052
0.1057
