close
0.8032
0.867
0.865
0.8111
0.8699
0.865
0.865
0.865
0.865
0.865
0.8552
0.87
0.8203
0.9
0.9
1.0002
1.0
1.099
1.0011
1.0
1.0
1.0
1.0
1.0
1.1
1.05
1.15
1.1746
1.12
1.125
1.1275
1.1111
1.135
1.125
1.1501
1.14
1.2
1.2345
1.24
1.2525
1.2997
1.25
1.25
1.25
1.25
1.24
1.24
1.1501
1.105
1.15
1.14
1.13
1.23
1.1438
1.2498
1.2028
1.2
1.2
1.23
1.23
1.23
1.23
1.23
1.25
1.25
1.2504
1.2
1.23
1.25
1.25
1.25
1.2
1.2
1.1503
1.1989
1.23
1.1529
1.1505
1.15
0.979
1.0548
1.0502
1.0501
1.0605
1.1
1.0805
1.0899
1.0501
1.01
1.01
1.0
1.0
1.0
0.99
0.96
1.0
1.0
1.04
1.0003
0.9702
0.9701
0.9701
0.9772
0.9734
0.9701
0.825
0.8399
0.8499
0.8301
0.83
0.8323
0.8
0.8
0.8983
0.8898
0.9
0.9185
0.9
0.9
0.9
0.9002
0.95
0.9356
0.9567
1.0
0.95
1.0
0.9999
1.0
0.9923
0.9972
0.999
0.99
0.99
0.985
0.9004
0.9851
0.985
0.985
0.983
0.9831
1.0
0.985
0.999
0.9832
0.9833
0.99
0.99
0.99
0.9006
0.96
0.9999
0.9
0.98
0.98
0.98
0.98
0.99
0.9901
1.0
0.99
0.95
0.93
0.98
0.9801
0.975
0.95
0.98
0.978
0.9006
0.99
0.99
0.975
0.9902
0.9903
0.98
0.98
0.98
0.98
0.99
0.95
0.98
0.98
0.98
0.96
0.96
0.96
0.9503
0.95
0.98
0.98
0.98
0.9999
1.0
1.0
0.96
0.9999
0.9701
0.9998
0.98
0.98
0.98
0.98
0.97
0.97
0.97
0.97
0.97
0.8639
0.99
0.97
0.9011
0.96
0.96
0.9004
0.9008
0.94
0.9701
0.9701
0.9169
0.965
0.965
0.9999
0.985
1.0
1.0
0.9999
0.9779
0.9251
1.0
0.988
0.987
0.975
1.0
1.0
0.9702
0.9702
0.9269
1.0
1.0
1.0
0.931
0.921
0.965
0.98
0.965
0.995
0.994
1.0
0.995
0.998
0.999
0.999
1.035
1.05
1.05
1.1
1.1
1.056
1.097
1.031
1.094
1.03
1.098
1.015
1.05
1.03
1.05
1.05
1.001
1.0
0.999
1.0
1.001
1.0
1.099
1.098
1.098
1.1
1.022
1.049
1.049
1.1
1.007
1.089
1.055
1.028
1.04
1.01
1.08
1.149
1.031
1.021
1.1
1.016
1.017
1.051
1.051
1.05
1.05
1.0
1.0
1.02
1.02
1.02
0.968
1.03
0.981
1.01
1.01
0.99
1.029
1.027
1.017
1.017
1.05
1.03
1.05
1.018
1.04
1.015
1.048
1.0
1.035
1.001
1.05
1.05
1.05
1.05
1.092
1.003
1.1
1.129
1.0
1.026
1.098
1.005
1.05
1.099
1.118
1.03
1.079
1.05
1.05
1.05
1.04
1.096
1.099
1.023
1.089
1.037
1.025
1.024
1.025
1.069
1.07
1.005
1.01
1.01
1.011
1.011
1.007
1.003
1.005
1.008
1.008
1.01
1.005
1.005
1.059
1.0
1.001
1.0
1.023
0.974
0.975
0.95
0.905
0.95
0.95
0.95
0.94
0.9
0.909
0.95
1.0
0.92
0.928
0.989
0.948
0.898
0.9
0.896
0.888
0.888
0.98
0.985
0.975
0.975
0.975
0.975
0.975
0.937
0.907
0.95
0.95
0.986
0.986
0.985
0.985
0.985
0.975
1.085
1.05
0.975
0.975
0.975
0.98
0.968
0.985
0.985
0.98
0.9
0.9
0.98
0.98
0.98
0.98
1.0
1.0
1.0
1.0
1.0
1.0
1.0
1.0
1.0
0.98
0.955
0.999
1.0
1.053
0.904
0.939
0.999
0.93
0.999
1.0
0.999
0.998
1.0
0.994
0.999
0.999
0.961
0.999
1.0
0.927
0.998
0.997
0.99
0.99
1.08
0.941
0.978
0.972
0.95
0.99
0.935
0.99
0.95
0.95
0.95
0.999
0.999
0.913
0.998
0.98
0.959
0.94
0.979
0.95
0.945
0.945
0.975
0.94
0.925
0.929
0.92
0.92
0.92
0.92
0.92
0.908
0.91
0.888
0.888
0.886
0.871
0.888
0.865
0.886
0.887
0.888
0.95
0.91
0.888
0.888
0.888
0.867
0.9
0.957
0.913
0.95
0.911
0.913
0.927
0.96
0.94
0.941
0.941
0.935
0.96
0.95
0.941
0.96
0.95
0.934
0.944
0.945
0.92
0.916
0.918
0.918
0.94
0.915
0.915
0.915
0.915
0.914
0.92
0.911
0.92
0.92
0.913
0.92
0.918
0.919
0.92
0.92
0.92
0.899
0.9
0.9
0.899
0.9
0.877
0.879
0.855
0.9
0.85
0.85
0.85
0.85
0.85
0.85
0.88
0.85
0.85
0.85
0.85
0.85
0.879
0.85
0.846
0.85
0.85
0.849
0.849
0.85
0.849
0.85
0.847
0.849
0.848
0.955
0.95
0.95
0.95
0.95
0.989
0.998
1.05
1.17
1.135
1.101
1.12
1.14
1.135
1.104
0.99
1.1
1.1
1.1
1.1
1.1
1.1
1.1
1.117
1.1
1.1
1.1
1.139
1.139
1.12
1.138
1.14
1.154
1.153
1.2
1.17
1.198
1.2
1.22
1.24
1.24
1.268
1.28
1.31
1.3
1.319
1.3
1.3
1.3
1.419
1.41
1.4
1.353
1.4
1.4
1.404
1.473
1.469
1.45
1.47
1.428
1.421
1.42
1.42
1.42
1.43
1.45
1.403
1.468
1.497
1.407
1.468
1.49
1.489
1.421
1.35
1.305
1.409
1.319
1.251
1.298
1.236
1.25
1.226
1.24
1.206
1.132
1.127
1.101
1.121
1.12
1.222
1.228
1.23
1.22
1.178
1.151
1.228
1.21
1.11
1.11
1.194
1.14
1.14
1.112
1.223
1.222
1.145
1.049
1.075
1.06
1.001
1.03
1.03
1.03
1.05
1.05
1.147
1.05
1.007
1.066
1.144
1.135
1.1
1.099
1.02
1.022
1.023
1.09
1.026
1.05
1.015
1.015
1.0
1.019
1.019
1.07
1.02
1.001
1.001
1.03
1.005
1.005
1.005
1.042
1.033
1.033
1.022
1.029
1.029
1.03
1.022
1.018
1.01
1.02
1.002
1.002
1.002
1.0
1.001
0.981
1.007
1.01
0.94
0.97
0.94
0.97
0.97
0.97
0.97
0.97
0.97
0.97
0.97
0.97
0.97
0.961
0.936
0.94
0.912
0.927
0.907
0.903
0.874
0.89
0.865
0.93
0.944
0.902
0.959
0.945
0.962
0.949
0.905
0.915
0.959
0.908
0.908
0.908
0.9
0.87
0.87
0.898
0.899
0.86
0.85
0.861
0.873
0.87
0.859
0.852
0.852
0.897
0.855
0.85
0.855
0.868
0.871
0.88
0.84
0.871
0.841
0.85
0.867
0.85
0.851
0.876
0.874
0.878
0.878
0.88
0.849
0.84
0.84
0.84
0.831
0.83
0.839
0.84
0.84
0.836
0.855
0.842
0.853
0.836
0.836
0.845
0.836
0.83
0.83
0.837
0.836
0.845
0.815
0.828
0.83
0.809
0.82
0.789
0.796
0.796
0.8
0.834
0.781
0.785
0.79
0.789
0.79
0.789
0.774
0.795
0.777
0.8
0.785
0.816
0.84
0.84
0.849
0.85
0.84
0.84
0.85
0.85
0.85
0.781
0.826
0.792
0.809
0.825
0.906
0.912
0.923
0.925
0.935
0.994
0.957
0.94
0.93
0.9
0.9
0.9
0.9
0.856
0.9
0.915
0.951
0.95
0.916
1.034
0.999
0.98
0.95
0.95
0.966
1.031
0.999
1.003
0.999
1.015
0.99
0.95
0.995
0.985
0.999
0.993
0.992
1.004
0.999
0.99
0.955
0.96
0.99
0.97
0.959
0.955
0.99
0.999
0.95
0.968
0.961
0.961
1.01
0.977
0.977
0.977
0.983
0.986
0.977
0.97
0.975
0.975
0.977
0.973
0.98
0.98
0.98
0.979
0.975
0.98
0.955
0.957
0.95
0.95
0.949
0.921
0.945
0.946
0.946
0.946
0.95
0.95
0.95
0.945
0.972
0.955
0.955
0.952
0.95
0.94
0.94
0.94
0.95
0.955
0.95
0.955
0.96
0.955
0.96
0.96
0.961
0.96
0.955
0.96
0.96
0.96
1.049
1.046
1.074
1.025
1.003
1.029
0.955
0.996
1.016
0.988
1.0
0.978
0.988
0.989
0.95
0.948
0.95
0.95
0.95
0.946
0.926
0.942
0.943
0.943
0.943
0.961
0.962
0.961
0.961
0.954
0.93
0.951
0.931
0.931
0.936
0.933
0.916
0.916
0.901
0.91
0.92
0.891
0.89
0.802
0.857
0.857
0.887
0.893
0.888
0.879
0.878
0.88
0.88
0.814
0.85
0.88
0.88
0.85
0.841
0.841
0.88
0.851
0.875
0.852
0.851
0.871
0.871
0.851
0.875
0.821
0.816
0.844
0.85
0.85
0.855
0.949
0.921
0.92
0.88
0.923
0.922
0.896
0.887
0.85
0.889
0.9
0.89
0.875
0.87
0.872
0.872
0.92
0.889
0.888
0.885
0.885
0.85
0.883
0.9
0.89
0.889
0.875
0.885
0.858
0.85
0.849
0.841
0.84
0.847
0.846
0.842
0.831
0.83
0.843
0.85
0.835
0.835
0.849
0.85
0.85
0.85
0.85
0.838
0.832
0.847
0.8
0.843
0.875
0.85
0.831
0.82
0.812
0.81
0.83
0.828
0.806
0.824
0.82
0.819
0.809
0.827
0.81
0.81
0.88
0.837
0.845
0.84
0.852
0.849
0.849
0.849
0.853
0.85
0.826
0.815
0.81
0.818
0.83
0.829
0.8
0.8
0.8
0.799
0.79
0.796
0.816
0.8
0.795
0.8
0.78
0.76
0.75
0.742
0.75
0.75
0.75
0.788
0.756
0.755
0.735
0.735
0.72
0.72
0.714
0.714
0.72
0.72
0.71
0.71
0.707
0.709
0.707
0.705
0.716
0.7
0.7
0.7
0.7
0.72
0.692
0.718
0.691
0.69
0.7
0.7
0.714
0.72
0.72
0.72
0.701
0.701
0.72
0.72
0.723
0.697
0.739
0.739
0.73
0.716
0.726
0.714
0.724
0.724
0.707
0.7
0.713
0.7
0.696
0.694
0.709
0.7
0.712
0.71
0.695
0.715
0.695
0.695
0.7
0.698
0.697
0.689
0.68
0.691
0.707
0.694
0.655
0.69
0.69
0.693
0.693
0.69
0.697
0.71
0.705
0.705
0.71
0.723
0.702
0.702
0.701
0.702
0.717
0.725
0.725
0.703
0.68
0.68
0.69
0.681
0.679
0.689
0.68
0.69
0.69
0.694
0.694
0.694
0.695
0.699
0.688
0.678
0.68
0.699
0.688
0.676
0.685
0.666
0.65
0.65
0.65
0.65
0.65
0.648
0.649
0.649
0.65
0.666
0.672
0.674
0.672
0.69
0.663
0.662
0.671
0.668
0.657
0.686
0.651
0.645
0.65
0.642
0.645
0.644
0.644
0.635
0.648
0.665
0.678
0.68
0.64
0.65
0.654
0.664
0.692
0.67
0.694
0.764
0.74
0.761
0.763
0.753
0.735
0.744
0.748
0.744
0.748
0.747
0.737
0.73
0.737
0.753
0.733
0.733
0.717
0.723
0.724
0.721
0.732
0.737
0.736
0.738
0.72
0.732
0.729
0.729
0.718
0.738
0.735
0.725
0.7
0.699
0.7
0.694
0.68
0.67
0.67
0.683
0.67
0.67
0.667
0.678
0.666
0.67
0.66
0.66
0.66
0.657
0.677
0.65
0.65
0.65
0.645
0.645
0.645
0.645
0.65
0.65
0.645
0.65
0.677
0.65
0.65
0.65
0.65
0.65
0.65
0.649
0.65
0.658
0.663
0.668
0.668
0.668
0.669
0.64
0.664
0.642
0.638
0.654
0.66
0.66
0.664
0.66
0.66
0.666
0.664
0.663
0.681
0.679
0.662
0.662
0.661
0.659
0.659
0.676
0.67
0.659
0.659
0.659
0.665
0.667
0.677
0.681
0.663
0.661
0.657
0.657
0.657
0.65
0.658
0.658
0.659
0.658
0.658
0.66
0.66
0.66
0.659
0.651
0.659
0.668
0.663
0.666
0.662
0.66
0.665
0.665
0.65
0.66
0.651
0.655
0.659
0.66
0.66
0.655
0.66
0.66
0.66
0.66
0.66
0.66
0.658
0.658
0.66
0.664
0.66
0.659
0.659
0.66
0.66
0.66
0.66
0.679
0.679
0.678
0.667
0.671
0.69
0.693
0.68
0.681
0.685
0.685
0.684
0.674
0.67
0.67
0.663
0.659
0.66
0.664
0.659
0.674
0.66
0.67
0.669
0.672
0.67
0.67
0.669
0.66
0.66
0.67
0.67
0.662
0.669
0.667
0.66
0.66
0.656
0.65
0.652
0.657
0.655
0.657
0.66
0.67
0.668
0.668
0.667
0.661
0.668
0.663
0.66
0.669
0.668
0.657
0.66
0.645
0.66
0.665
0.65
0.665
0.641
0.66
0.65
0.647
0.659
0.663
0.657
0.66
0.645
0.67
0.67
0.669
0.675
0.673
0.662
0.669
0.669
0.69
0.69
0.688
0.682
0.69
0.695
0.695
0.696
0.686
0.685
0.683
0.68
0.679
0.693
0.676
0.686
0.674
0.667
0.675
0.667
0.681
0.679
0.661
0.657
0.666
0.664
0.679
0.666
0.666
0.658
0.655
0.671
0.667
0.664
0.664
0.66
0.668
0.661
0.661
0.66
0.66
0.673
0.668
0.67
0.659
0.66
0.667
0.667
0.67
0.665
0.67
0.68
0.68
0.659
0.65
0.666
0.656
0.668
0.668
0.66
0.641
0.654
0.666
0.645
0.64
0.647
0.65
0.646
0.654
0.654
0.655
0.655
0.662
0.644
0.642
0.638
0.642
0.623
0.625
0.633
0.642
0.642
0.64
0.61
0.62
0.61
0.624
0.626
0.629
0.627
0.635
0.635
0.629
0.628
0.627
0.625
0.624
0.625
0.633
0.629
0.627
0.622
0.622
0.624
0.609
0.61
0.61
0.618
0.614
0.596
0.596
0.595
0.593
0.595
0.619
0.597
0.609
0.61
0.61
0.61
0.616
0.603
0.618
0.618
0.617
0.6
0.6
0.6
0.6
0.59
0.6
0.6
0.612
0.6
0.6
0.602
0.59
0.59
0.606
0.599
0.6
0.604
0.599
0.59
0.59
0.59
0.604
0.59
0.586
0.59
0.599
0.59
0.59
0.596
0.59
0.59
0.598
0.588
0.602
0.598
0.598
0.586
0.571
0.571
0.565
0.568
0.548
0.554
0.554
0.555
0.56
0.555
0.555
0.57
0.562
0.564
0.565
0.57
0.573
0.569
0.579
0.57
0.58
0.577
0.577
0.583
0.573
0.583
0.565
0.583
0.578
0.566
0.578
0.579
0.579
0.575
0.574
0.58
0.566
0.569
0.561
0.563
0.569
0.555
0.577
0.57
0.57
0.57
0.574
0.585
0.584
0.594
0.588
0.593
0.584
0.584
0.554
0.58
0.6
0.597
0.596
0.596
0.596
0.596
0.6
0.6
0.58
0.59
0.581
0.598
0.587
0.596
0.588
0.585
0.586
0.587
0.591
0.582
0.583
0.572
0.575
0.575
0.57
0.599
0.594
0.588
0.57
0.582
0.57
0.56
0.571
0.571
0.57
0.58
0.573
0.577
0.577
0.572
0.571
0.571
0.592
0.579
0.58
0.587
0.586
0.587
0.6
0.597
0.591
0.591
0.591
0.585
0.592
0.602
0.601
0.6
0.605
0.589
0.589
0.57
0.585
0.592
0.568
0.573
0.573
0.572
0.575
0.57
0.572
0.571
0.573
0.574
0.574
0.595
0.588
0.571
0.57
0.57
0.578
0.579
0.58
0.58
0.589
0.589
0.58
0.575
0.567
0.57
0.568
0.575
0.575
0.56
0.557
0.57
0.551
0.558
0.558
0.554
0.556
0.55
0.555
0.554
0.559
0.559
0.551
0.56
0.546
0.56
0.559
0.553
0.554
0.534
0.55
0.555
0.536
0.536
0.543
0.543
0.542
0.546
0.541
0.541
0.54
0.545
0.53
0.53
0.531
0.535
0.524
0.53
0.53
0.53
0.534
0.537
0.537
0.53
0.537
0.537
0.537
0.52
0.532
0.536
0.531
0.532
0.532
0.539
0.54
0.545
0.538
0.537
0.535
0.538
0.541
0.535
0.535
0.54
0.537
0.536
0.544
0.545
0.55
0.564
0.564
0.567
0.57
0.57
0.571
0.579
0.58
0.59
0.599
0.606
0.69
0.679
0.648
0.657
0.652
0.649
0.662
0.661
0.655
0.646
0.645
0.618
0.618
0.629
0.623
0.612
0.611
0.599
0.605
0.607
0.61
0.616
0.616
0.615
0.618
0.622
0.606
0.607
0.607
0.621
0.61
0.606
0.615
0.615
0.632
0.624
0.634
0.624
0.622
0.615
0.615
0.615
0.604
0.622
0.617
0.609
0.603
0.609
0.608
0.605
0.61
0.599
0.599
0.595
0.611
0.594
0.605
0.61
0.604
0.604
0.597
0.605
0.602
0.596
0.601
0.595
0.595
0.608
0.6
0.601
0.6
0.595
0.595
0.595
0.595
0.597
0.601
0.6
0.592
0.59
0.594
0.591
0.594
0.593
0.59
0.593
0.586
0.58
0.581
0.582
0.583
0.584
0.596
0.59
0.588
0.588
0.582
0.588
0.58
0.59
0.59
0.59
0.59
0.59
0.59
0.591
0.603
0.607
0.62
0.619
0.61
0.601
0.618
0.602
0.603
0.605
0.612
0.605
0.606
0.606
0.604
0.603
0.609
0.609
0.598
0.595
0.59
0.603
0.586
0.591
0.59
0.59
0.598
0.59
0.59
0.586
0.597
0.599
0.595
0.593
0.584
0.595
0.594
0.6
0.597
0.592
0.595
0.603
0.6
0.606
0.607
0.605
0.6
0.601
0.609
0.597
0.609
0.609
0.608
0.618
0.609
0.612
0.619
0.618
0.621
0.618
0.613
0.611
0.61
0.617
0.615
0.613
0.615
0.615
0.6
0.606
0.608
0.599
0.605
0.598
0.595
0.595
0.6
0.599
0.604
0.6
0.599
0.584
0.594
0.593
0.596
0.598
0.595
0.602
0.6
0.6
0.6
0.597
0.61
0.65
0.61
0.617
0.61
0.608
0.607
0.605
0.619
0.61
0.615
0.619
0.622
0.605
0.592
0.615
0.62
0.63
0.62
0.616
0.62
0.617
0.629
0.624
0.624
0.625
0.627
0.618
0.622
0.63
0.64
0.64
0.64
0.635
0.64
0.634
0.636
0.636
0.638
0.659
0.675
0.65
0.65
0.643
0.65
0.65
0.625
0.644
0.64
0.644
0.639
0.635
0.635
0.636
0.63
0.628
0.62
0.621
0.635
0.635
0.643
0.639
0.637
0.627
0.626
0.632
0.633
0.627
0.633
0.633
0.629
0.629
0.63
0.629
0.629
0.63
0.639
0.639
0.638
0.644
0.644
0.644
0.644
0.64
0.647
0.642
0.656
0.659
0.653
0.658
0.66
0.653
0.654
0.65
0.65
0.649
0.649
0.647
0.65
0.65
0.642
0.645
0.645
0.647
0.652
0.646
0.655
0.65
0.66
0.66
0.657
0.66
0.66
0.654
0.654
0.66
0.673
0.673
0.67
0.673
0.671
0.689
0.689
0.68
0.684
0.687
0.68
0.688
0.695
0.718
0.7
0.693
0.689
0.7
0.7
0.695
0.696
0.69
0.696
0.697
0.698
0.695
0.685
0.685
0.691
0.691
0.685
0.692
0.685
0.696
0.694
0.69
0.689
0.68
0.677
0.678
0.68
0.683
0.671
0.668
0.673
0.675
0.686
0.677
0.675
0.677
0.666
0.676
0.676
0.676
0.675
0.675
0.669
0.67
0.693
0.678
0.67
0.69
0.69
0.68
0.683
0.681
0.677
0.673
0.674
0.661
0.668
0.67
0.685
0.685
0.681
0.684
0.68
0.673
0.671
0.669
0.67
0.669
0.67
0.684
0.668
0.672
0.672
0.672
0.672
0.673
0.679
0.68
0.665
0.66
0.66
0.675
0.67
0.654
0.655
0.656
0.658
0.658
0.673
0.671
0.663
0.653
0.656
0.656
0.679
0.667
0.665
0.676
0.669
0.668
0.653
0.65
0.659
0.656
0.654
0.646
0.647
0.64
0.646
0.646
0.641
0.641
0.638
0.643
0.648
0.648
0.648
0.646
0.644
0.64
0.645
0.638
0.662
0.679
0.67
0.666
0.678
0.66
0.656
0.639
0.64
0.633
0.648
0.64
0.645
0.645
0.645
0.645
0.642
0.633
0.633
0.641
0.645
0.63
0.642
0.643
0.65
0.659
0.65
0.649
0.649
0.633
0.647
0.64
0.65
0.65
0.648
0.648
0.646
0.638
0.637
0.649
0.64
0.639
0.63
0.63
0.63
0.63
0.64
0.644
0.64
0.636
0.647
0.632
0.632
0.632
0.62
0.615
0.622
0.623
0.623
0.623
0.627
0.625
0.633
0.633
0.634
0.639
0.623
0.634
0.639
0.639
0.638
0.649
0.641
0.639
0.635
0.637
0.634
0.634
0.63
0.63
0.63
0.64
0.633
0.634
0.644
0.634
0.633
0.63
0.63
0.633
0.633
0.627
0.634
0.635
0.633
0.626
0.631
0.64
0.63
0.64
0.64
0.64
0.628
0.639
0.62
0.636
0.63
0.637
0.631
0.631
0.636
0.622
0.642
0.619
0.63
0.633
0.622
0.63
0.623
0.623
0.622
0.63
0.63
0.63
0.63
0.635
0.642
0.631
0.631
0.631
0.631
0.631
0.631
0.63
0.63
0.631
0.627
0.628
0.626
0.638
0.645
0.639
0.642
0.643
0.638
0.622
0.625
0.622
0.629
0.621
0.63
0.633
0.635
0.63
0.625
0.624
0.622
0.615
0.623
0.621
0.621
0.615
0.616
0.623
0.624
0.62
0.62
0.627
0.627
0.617
0.62
0.617
0.626
0.625
0.635
0.644
0.635
0.625
0.631
0.625
0.625
0.625
0.627
0.622
0.623
0.622
0.624
0.619
0.624
0.624
0.62
0.62
0.634
0.66
0.647
0.641
0.646
0.65
0.664
0.67
0.67
0.664
0.659
0.659
0.659
0.667
0.661
0.666
0.665
0.68
0.661
0.661
0.661
0.667
0.666
0.67
0.665
0.665
0.665
0.67
0.661
0.662
0.666
0.678
0.683
0.675
0.678
0.68
0.69
0.688
0.7
0.704
0.69
0.7
0.695
0.694
0.7
0.671
0.695
0.705
0.707
0.694
0.7
0.696
0.708
0.702
0.695
0.688
0.697
0.682
0.69
0.691
0.696
0.7
0.7
0.7
0.705
0.705
0.709
0.709
0.709
0.711
0.71
0.693
0.711
0.717
0.72
0.72
0.721
0.718
0.72
0.724
0.728
0.722
0.713
0.7
0.699
0.691
0.716
0.685
0.68
0.706
0.7
0.729
0.708
0.717
0.715
0.714
0.713
0.72
0.72
0.713
0.713
0.719
0.71
0.717
0.72
0.716
0.702
0.732
0.716
0.716
0.693
0.7
0.707
0.711
0.69
0.689
0.7
0.684
0.698
0.692
0.691
0.684
0.68
0.676
0.679
0.678
0.679
0.694
0.679
0.678
0.678
0.678
0.682
0.668
0.668
0.689
0.687
0.675
0.679
0.672
0.665
0.666
0.666
0.662
0.678
0.678
0.667
0.664
0.66
0.668
0.677
0.705
0.69
0.69
0.694
0.681
0.694
0.71
0.698
0.698
0.68
0.681
0.695
0.7
0.678
0.692
0.699
0.681
0.681
0.68
0.677
0.672
0.672
0.665
0.666
0.7
0.68
0.68
0.681
0.682
0.684
0.69
0.689
0.699
0.698
0.7
0.708
0.691
0.7
0.7
0.699
0.69
0.69
0.685
0.683
0.693
0.68
0.679
0.671
0.67
0.68
0.688
0.688
0.674
0.668
0.676
0.695
0.694
0.675
0.694
0.69
0.695
0.679
0.7
0.684
0.7
0.7
0.701
0.7
0.709
0.68
0.691
0.701
0.701
0.7
0.68
0.698
0.699
0.695
0.69
0.695
0.695
0.687
0.684
0.681
0.69
0.689
0.68
0.69
0.695
0.695
0.7
0.719
0.718
0.72
0.74
0.73
0.721
0.727
0.716
0.72
0.723
0.724
0.717
0.722
0.71
0.705
0.704
0.704
0.714
0.712
0.703
0.716
0.712
0.715
0.715
0.71
0.71
0.694
0.706
0.7
0.705
0.712
0.693
0.697
0.691
0.694
0.693
0.7
0.7
0.7
0.7
0.71
0.699
0.704
0.704
0.695
0.71
0.711
0.689
0.689
0.699
0.698
0.7
0.7
0.695
0.693
0.701
0.697
0.699
0.699
0.695
0.695
0.684
0.699
0.699
0.686
0.692
0.697
0.703
0.68
0.699
0.683
0.697
0.68
0.689
0.671
0.672
0.671
0.673
0.668
0.666
0.666
0.663
0.677
0.672
0.663
0.679
0.671
0.671
0.661
0.662
0.66
0.687
0.676
0.656
0.635
0.629
0.634
0.635
0.628
0.631
0.632
0.625
0.64
0.65
0.645
0.644
0.64
0.641
0.638
0.633
0.634
0.637
0.638
0.64
0.64
0.63
0.63
0.627
0.63
0.643
0.647
0.62
0.639
0.63
0.638
0.64
0.638
0.639
0.65
0.64
0.628
0.63
0.626
0.616
0.62
0.613
0.613
0.582
0.555
0.555
0.581
0.585
0.572
0.575
0.576
0.577
0.577
0.589
0.566
0.563
0.575
0.58
0.585
0.574
0.574
0.58
0.579
0.586
0.574
0.589
0.589
0.575
0.575
0.562
0.575
0.569
0.57
0.566
0.575
0.565
0.55
0.552
0.558
0.577
0.573
0.577
0.577
0.58
0.57
0.57
0.572
0.578
0.569
0.579
0.578
0.57
0.566
0.57
0.571
0.561
0.563
0.564
0.567
0.568
0.571
0.568
0.565
0.567
0.565
0.572
0.57
0.565
0.563
0.569
0.568
0.568
0.565
0.57
0.57
0.573
0.574
0.57
0.56
0.569
0.559
0.556
0.555
0.559
0.559
0.556
0.555
0.555
0.54
0.522
0.539
0.565
0.535
0.535
0.535
0.531
0.527
0.53
0.529
0.528
0.528
0.537
0.53
0.535
0.53
0.534
0.536
0.53
0.534
0.53
0.534
0.53
0.53
0.527
0.53
0.528
0.53
0.529
0.53
0.522
0.523
0.53
0.53
0.534
0.522
0.531
0.53
0.526
0.52
0.53
0.53
0.529
0.529
0.523
0.53
0.529
0.535
0.534
0.53
0.521
0.523
0.523
0.523
0.52
0.519
0.526
0.55
0.533
0.542
0.542
0.538
0.537
0.548
0.549
0.526
0.515
0.523
0.527
0.529
0.533
0.527
0.526
0.528
0.52
0.531
0.523
0.523
0.528
0.535
0.525
0.525
0.525
0.525
0.523
0.522
0.529
0.517
0.518
0.52
0.524
0.517
0.516
0.515
0.514
0.514
0.514
0.513
0.514
0.514
0.52
0.52
0.532
0.53
0.522
0.522
0.521
0.522
0.531
0.52
0.527
0.527
0.532
0.528
0.528
0.531
0.531
0.535
0.531
0.534
0.534
0.53
0.539
0.54
0.541
0.54
0.538
0.538
0.538
0.542
0.538
0.533
0.533
0.536
0.54
0.535
0.535
0.532
0.532
0.535
0.539
0.539
0.539
0.538
0.542
0.54
0.547
0.54
0.54
0.54
0.533
0.549
0.549
0.541
0.54
0.537
0.537
0.531
0.529
0.525
0.52
0.53
0.529
0.522
0.522
0.52
0.53
0.52
0.53
0.522
0.522
0.522
0.53
0.517
0.518
0.519
0.518
0.51
0.513
0.514
0.521
0.521
0.515
0.521
0.521
0.519
0.517
0.505
0.502
0.501
0.506
0.511
0.519
0.516
0.518
0.517
0.516
0.51
0.513
0.51
0.515
0.507
0.507
0.501
0.512
0.502
0.505
0.509
0.512
0.512
0.501
0.5
0.515
0.5
0.496
0.501
0.498
0.499
0.497
0.5
0.509
0.5
0.509
0.509
0.505
0.495
0.498
0.498
0.498
0.497
0.471
0.496
0.49
0.49
0.485
0.49
0.499
0.491
0.499
0.501
0.495
0.495
0.493
0.5
0.5
0.5
0.5
0.499
0.493
0.48
0.487
0.489
0.488
0.484
0.486
0.468
0.47
0.471
0.47
0.47
0.471
0.47
0.465
0.472
0.466
0.465
0.47
0.471
0.45
0.448
0.446
0.456
0.45
0.449
0.465
0.459
0.452
0.45
0.44
0.44
0.44
0.439
0.439
0.439
0.439
0.439
0.43
0.435
0.435
0.435
0.435
0.44
0.447
0.44
0.448
0.448
0.441
0.453
0.451
0.449
0.45
0.438
0.447
0.448
0.451
0.446
0.45
0.45
0.446
0.447
0.447
0.45
0.45
0.45
0.449
0.437
0.441
0.447
0.458
0.486
0.472
0.475
0.472
0.477
0.472
0.466
0.47
0.474
0.465
0.466
0.465
0.465
0.459
0.477
0.475
0.474
0.464
0.488
0.463
0.48
0.48
0.479
0.475
0.479
0.48
0.479
0.479
0.479
0.476
0.48
0.478
0.465
0.471
0.457
0.46
0.48
0.475
0.48
0.487
0.483
0.48
0.48
0.468
0.48
0.48
0.461
0.477
0.493
0.479
0.485
0.481
0.489
0.489
0.484
0.477
0.471
0.477
0.471
0.464
0.469
0.478
0.48
0.459
0.471
0.471
0.472
0.478
0.471
0.479
0.483
0.472
0.479
0.484
0.482
0.474
0.48
0.48
0.477
0.48
0.472
0.47
0.47
0.469
0.469
0.452
0.464
0.447
0.451
0.459
0.455
0.455
0.451
0.455
0.446
0.45
0.448
0.448
0.45
0.449
0.448
0.45
0.456
0.455
0.449
0.45
0.457
0.448
0.451
0.453
0.45
0.445
0.456
0.456
0.457
0.448
0.457
0.46
0.46
0.454
0.449
0.46
0.459
0.447
0.451
0.446
0.45
0.446
0.46
0.457
0.447
0.455
0.456
0.449
0.458
0.449
0.455
0.46
0.46
0.47
0.469
0.469
0.47
0.467
0.452
0.468
0.47
0.474
0.461
0.48
0.462
0.462
0.469
0.465
0.471
0.481
0.48
0.467
0.46
0.458
0.47
0.468
0.467
0.475
0.469
0.462
0.468
0.462
0.47
0.46
0.46
0.47
0.472
0.48
0.48
0.483
0.48
0.478
0.476
0.461
0.474
0.471
0.469
0.468
0.462
0.457
0.462
0.465
0.458
0.472
0.47
0.467
0.467
0.467
0.467
0.465
0.467
0.468
0.453
0.467
0.47
0.47
0.47
0.47
0.463
0.461
0.462
0.461
0.467
0.432
0.451
0.445
0.457
0.456
0.458
0.458
0.45
0.455
0.447
0.459
0.451
0.46
0.465
0.451
0.461
0.469
0.462
0.461
0.464
0.464
0.464
0.45
0.453
0.449
0.45
0.45
0.456
0.437
0.439
0.453
0.47
0.453
0.453
0.453
0.454
0.455
0.455
0.451
0.455
0.479
0.49
0.494
0.49
0.491
0.487
0.484
0.481
0.48
0.48
0.503
0.49
0.49
0.48
0.479
0.485
0.487
0.486
0.481
0.475
0.475
0.475
0.479
0.476
0.48
0.474
0.48
0.479
0.476
0.474
0.475
0.478
0.476
0.476
0.478
0.494
0.488
0.488
0.491
0.496
0.489
0.495
0.488
0.488
0.496
0.491
0.49
0.487
0.488
0.483
0.486
0.483
0.483
0.472
0.483
0.487
0.49
0.478
0.476
0.477
0.48
0.486
0.487
0.487
0.487
0.487
0.475
0.489
0.485
0.484
0.484
0.475
0.483
0.475
0.49
0.482
0.488
0.497
0.49
0.489
0.49
0.489
0.487
0.49
0.49
0.49
0.489
0.485
0.489
0.489
0.48
0.482
0.489
0.484
0.496
0.494
0.495
0.489
0.486
0.486
0.49
0.49
0.49
0.489
0.483
0.493
0.49
0.49
0.49
0.49
0.489
0.489
0.49
0.482
0.482
0.482
0.489
0.488
0.48
0.478
0.479
0.48
0.482
0.482
0.483
0.479
0.483
0.485
0.49
0.489
0.481
0.486
0.492
0.484
0.485
0.484
0.482
0.476
0.479
0.476
0.479
0.479
0.48
0.48
0.48
0.485
0.486
0.481
0.488
0.485
0.48
0.48
0.482
0.489
0.487
0.484
0.482
0.482
0.489
0.487
0.488
0.485
0.483
0.484
0.489
0.485
0.49
0.493
0.492
0.49
0.494
0.492
0.487
0.49
0.495
0.494
0.492
0.496
0.484
0.491
0.49
0.488
0.488
0.508
0.504
0.49
0.5
0.496
0.509
0.496
0.5
0.499
0.5
0.496
0.495
0.487
0.489
0.494
0.489
0.493
0.48
0.488
0.482
0.485
0.49
0.492
0.487
0.484
0.486
0.491
0.492
0.493
0.493
0.492
0.5
0.5
0.5
0.497
0.496
0.488
0.498
0.497
0.5
0.509
0.536
0.555
0.549
0.565
0.503
0.512
0.527
0.527
0.526
0.538
0.536
0.524
0.526
0.526
0.537
0.543
0.547
0.579
0.608
0.588
0.589
0.587
0.575
0.589
0.599
0.58
0.581
0.577
0.577
0.575
0.584
0.575
0.57
0.57
0.562
0.562
0.552
0.557
0.556
0.546
0.553
0.548
0.55
0.549
0.55
0.55
0.554
0.548
0.553
0.559
0.559
0.551
0.545
0.535
0.535
0.525
0.529
0.525
0.529
0.525
0.525
0.525
0.525
0.511
0.519
0.525
0.531
0.542
0.535
0.524
0.535
0.539
0.531
0.523
0.533
0.533
0.524
0.532
0.528
0.531
0.524
0.52
0.526
0.532
0.534
0.527
0.527
0.529
0.518
0.525
0.525
0.528
0.524
0.514
0.512
0.512
0.517
0.517
0.519
0.519
0.52
0.519
0.511
0.52
0.511
0.51
0.511
0.509
0.513
0.513
0.504
0.508
0.504
0.5
0.506
0.507
0.509
0.511
0.51
0.51
0.509
0.506
0.51
0.506
0.51
0.509
0.516
0.518
0.51
0.507
0.51
0.511
0.513
0.514
0.519
0.522
0.53
0.526
0.53
0.519
0.524
0.517
0.526
0.518
0.525
0.526
0.527
0.53
0.519
0.528
0.517
0.517
0.53
0.528
0.517
0.519
0.513
0.515
0.516
0.518
0.511
0.507
0.51
0.516
0.517
0.519
0.515
0.515
0.517
0.518
0.515
0.525
0.526
0.515
0.513
0.512
0.512
0.518
0.517
0.511
0.511
0.508
0.509
0.513
0.523
0.512
0.511
0.508
0.506
0.511
0.511
0.51
0.503
0.502
0.502
0.506
0.51
0.504
0.511
0.498
0.5
0.499
0.5
0.495
0.482
0.499
0.499
0.494
0.495
0.495
0.498
0.496
0.498
0.518
0.515
0.516
0.51
0.514
0.511
0.503
0.51
0.509
0.51
0.513
0.512
0.513
0.498
0.507
0.508
0.498
0.5
0.499
0.498
0.502
0.506
0.5
0.497
0.497
0.498
0.501
0.499
0.499
0.5
0.502
0.496
0.507
0.493
0.49
0.498
0.491
0.491
0.488
0.495
0.495
0.505
0.51
0.51
0.531
0.56
0.558
0.56
0.58
0.575
0.572
0.593
0.57
0.573
0.582
0.58
0.583
0.619
0.591
0.594
0.579
0.59
0.59
0.596
0.581
0.592
0.585
0.579
0.589
0.585
0.598
0.587
0.579
0.6
0.6
0.619
0.619
0.615
0.62
0.624
0.62
0.605
0.61
0.62
0.634
0.634
0.633
0.628
0.639
0.622
0.626
0.66
0.66
0.663
0.669
0.671
0.665
0.673
0.69
0.645
0.66
0.662
0.662
0.665
0.679
0.685
0.682
0.677
0.717
0.714
0.709
0.7
0.71
0.699
0.702
0.722
0.7
0.739
0.7
0.711
0.712
0.725
0.741
0.74
0.745
0.746
0.736
0.732
0.736
0.736
0.72
0.718
0.693
0.697
0.698
0.698
0.699
0.718
0.706
0.709
0.7
0.701
0.717
0.714
0.712
0.705
0.706
0.7
0.7
0.695
0.7
0.7
0.7
0.701
0.713
0.704
0.705
0.704
0.704
0.703
0.7
0.706
0.711
0.703
0.71
0.708
0.709
0.701
0.699
0.7
0.703
0.695
0.701
0.707
0.716
0.7
0.701
0.709
0.711
0.71
0.72
0.725
0.726
0.73
0.73
0.723
0.724
0.728
0.72
0.722
0.725
0.725
0.725
0.725
0.728
0.729
0.73
0.732
0.727
0.75
0.8
0.782
0.791
0.795
0.815
0.795
0.81
0.81
0.795
0.8
0.801
0.811
0.798
0.811
0.826
0.829
0.83
0.827
0.825
0.8
0.808
0.823
0.811
0.823
0.823
0.818
0.797
0.8
0.799
0.8
0.804
0.818
0.806
0.808
0.805
0.806
0.806
0.81
0.81
0.802
0.8
0.799
0.799
0.799
0.79
0.79
0.79
0.804
0.806
0.773
0.772
0.8
0.799
0.8
0.805
0.804
0.803
0.805
0.815
0.81
0.792
0.81
0.794
0.805
0.794
0.794
0.788
0.8
0.802
0.805
0.792
0.805
0.797
0.809
0.783
0.791
0.798
0.783
0.772
0.783
0.77
0.793
0.793
0.79
0.79
0.785
0.8
0.793
0.803
0.802
0.82
0.799
0.801
0.807
0.806
0.8
0.801
0.801
0.8
0.8
0.801
0.8
0.8
0.8
0.8
0.804
0.805
0.809
0.809
0.805
0.805
0.808
0.808
0.817
0.824
0.81
0.856
0.861
0.88
0.872
0.87
0.86
0.88
0.878
0.877
0.903
0.882
0.919
0.919
0.902
0.904
0.92
0.9
0.922
0.908
0.935
0.936
0.945
0.945
0.915
0.942
0.967
0.975
0.94
0.943
0.95
0.96
0.965
0.984
0.958
0.974
0.99
0.99
0.989
0.99
0.97
0.941
0.969
1.0
1.003
0.978
0.999
1.014
0.993
1.012
0.977
0.979
0.982
1.0
0.981
0.983
0.927
0.955
0.957
0.958
0.972
0.974
0.958
0.958
0.954
0.95
0.962
0.962
0.95
0.95
0.969
0.945
0.964
0.946
0.97
0.975
0.956
0.948
0.947
0.963
0.97
0.97
0.969
0.951
0.951
0.97
0.97
0.974
0.979
0.97
0.975
0.975
0.975
0.975
0.973
0.949
0.95
0.949
0.95
0.95
0.97
0.951
0.95
0.95
0.95
0.958
0.959
0.96
0.965
0.95
0.976
0.975
0.975
0.97
0.975
0.975
0.975
0.979
0.953
0.97
0.96
0.956
0.966
0.966
0.912
0.935
0.952
0.985
0.97
0.96
0.96
0.97
0.97
0.983
0.98
0.97
0.97
0.98
0.98
0.98
0.981
0.98
0.97
0.97
0.98
0.993
0.987
0.967
0.98
0.98
0.971
0.96
1.0
0.999
0.966
0.966
0.965
0.977
1.01
0.978
0.978
1.0
1.01
0.986
0.99
1.01
1.0
0.996
0.997
1.068
1.066
1.032
1.036
1.075
1.102
1.097
1.1
1.091
1.11
1.11
1.105
1.101
1.101
1.149
1.139
1.14
1.138
1.137
1.145
1.15
1.17
1.105
1.101
1.122
1.109
1.11
1.141
1.12
1.101
1.102
1.102
1.105
1.104
1.111
1.111
1.102
1.104
1.12
1.091
1.092
1.073
1.086
1.085
1.085
1.056
1.021
1.031
1.03
1.13
1.11
1.11
1.086
1.083
1.051
1.067
1.118
1.069
1.066
1.092
1.092
1.119
1.11
1.103
1.104
1.091
1.1
1.09
1.091
1.096
1.092
1.114
1.11
1.107
1.11
1.11
1.107
1.102
1.07
1.1
1.096
1.097
1.096
1.095
1.107
1.074
1.085
1.101
1.107
1.111
1.115
1.094
1.076
1.082
1.071
1.116
1.118
1.156
1.156
1.156
1.142
1.187
1.17
1.173
1.2
1.174
1.172
1.174
1.175
1.172
1.189
1.19
1.199
1.2
1.2
1.192
1.195
1.162
1.161
1.195
1.212
1.215
1.185
1.196
1.199
1.165
1.153
1.164
1.189
1.178
1.181
1.177
1.191
1.199
1.191
1.132
1.197
1.2
1.197
1.196
1.195
1.176
1.21
1.204
1.219
1.21
1.201
1.172
1.19
1.19
1.199
1.182
1.198
1.174
1.171
1.171
1.169
1.165
1.155
1.173
1.143
1.141
1.16
1.174
1.16
1.16
1.132
1.165
1.17
1.16
1.161
1.143
1.14
1.15
1.152
1.152
1.152
1.152
1.153
1.132
1.16
1.18
1.156
1.156
1.157
1.147
1.146
1.15
1.146
1.15
1.15
1.148
1.131
1.126
1.12
1.123
1.118
1.15
1.16
1.15
1.15
1.152
1.15
1.151
1.153
1.155
1.16
1.168
1.161
1.16
1.131
1.161
1.184
1.172
1.171
1.18
1.17
1.13
1.158
1.17
1.172
1.17
1.163
1.161
1.18
1.185
1.186
1.152
1.157
1.17
1.17
1.18
1.181
1.171
1.179
1.18
1.185
1.161
1.168
1.176
1.177
1.2
1.201
1.221
1.207
1.208
1.208
1.211
1.208
1.21
1.24
1.215
1.2
1.196
1.196
1.205
1.21
1.193
1.198
1.191
1.19
1.194
1.195
1.194
1.205
1.219
1.229
1.198
1.183
1.205
1.231
1.189
1.194
1.192
1.194
1.191
1.225
1.245
1.249
1.249
1.249
1.249
1.212
1.268
1.278
1.319
1.319
1.31
1.309
1.314
1.289
1.291
1.294
1.291
1.298
1.309
1.315
1.313
1.313
1.313
1.291
1.314
1.299
1.307
1.301
1.305
1.284
1.285
1.309
1.299
1.309
1.284
1.3
1.309
1.303
1.292
1.298
1.296
1.313
1.298
1.305
1.298
1.313
1.298
1.298
1.29
1.29
1.27
1.29
1.316
1.29
1.28
1.283
1.29
1.29
1.291
1.302
1.299
1.305
1.289
1.294
1.297
1.291
1.291
1.3
1.305
1.305
1.3
1.291
1.292
1.307
1.293
1.307
1.303
1.299
1.299
1.283
1.302
1.309
1.297
1.31
1.298
1.309
1.302
1.308
1.312
1.306
1.299
1.309
1.318
1.316
1.305
1.305
1.305
1.304
1.299
1.315
1.3
1.308
1.313
1.312
1.313
1.301
1.295
1.316
1.317
1.316
1.316
1.299
1.312
1.312
1.303
1.288
1.291
1.295
1.31
1.302
1.301
1.305
1.313
1.304
1.286
1.298
1.316
1.317
1.317
1.312
1.309
1.309
1.314
1.299
1.307
1.309
1.296
1.292
1.309
1.297
1.305
1.293
1.313
1.303
1.312
1.309
1.281
1.303
1.296
1.31
1.301
1.301
1.31
1.295
1.312
1.296
1.301
1.314
1.312
1.3
1.318
1.303
1.318
1.328
1.332
1.345
1.374
1.334
1.35
1.354
1.359
1.37
1.37
1.383
1.366
1.387
1.388
1.39
1.304
1.365
1.332
1.37
1.364
1.355
1.377
1.346
1.346
1.376
1.37
1.38
1.37
1.368
1.397
1.394
1.394
1.398
1.383
1.41
1.407
1.413
1.41
1.449
1.427
1.458
1.439
1.47
1.452
1.45
1.464
1.464
1.461
1.452
1.442
1.43
1.42
1.425
1.415
1.428
1.427
1.428
1.438
1.429
1.426
1.452
1.45
1.427
1.424
1.438
1.438
1.439
1.423
1.446
1.453
1.441
1.449
1.449
1.45
1.434
1.449
1.434
1.438
1.446
1.45
1.449
1.45
1.45
1.45
1.438
1.43
1.452
1.469
1.467
1.452
1.45
1.452
1.453
1.447
1.444
1.454
1.454
1.464
1.453
1.465
1.47
1.457
1.464
1.463
1.481
1.46
1.476
1.469
1.472
1.476
1.478
1.479
1.48
1.477
1.485
1.487
1.488
1.49
1.477
1.5
1.5
1.492
1.5
1.57
1.584
1.654
1.774
1.739
1.692
1.707
1.719
1.92
1.882
1.889
1.915
1.884
1.878
1.889
1.915
2.0
2.0
2.33
2.423
2.295
2.29
2.44
2.473
2.52
2.426
2.46
2.515
2.653
2.582
2.373
2.202
2.202
2.216
2.001
2.035
1.9
1.905
1.692
1.657
1.699
1.729
1.688
1.71
1.714
1.718
1.656
1.81
1.805
1.96
1.979
1.903
1.966
1.921
1.912
1.993
2.03
2.109
2.09
2.107
2.139
2.145
2.125
2.119
2.066
2.118
2.18
1.948
1.953
1.9
1.901
1.88
1.908
1.93
1.913
1.89
1.824
1.84
1.874
1.826
1.839
1.851
1.828
1.805
1.935
1.86
1.864
1.973
1.968
1.908
1.9
1.91
1.884
1.888
1.954
1.938
1.948
1.932
1.927
1.921
1.937
1.937
1.935
1.92
1.933
1.918
1.884
1.884
1.903
1.864
1.887
1.862
1.851
1.851
1.879
1.87
1.8
1.779
1.779
1.751
1.801
1.817
1.811
1.799
1.805
1.786
1.78
1.783
1.794
1.799
1.848
1.85
1.864
1.851
1.839
1.843
1.809
1.788
1.81
1.811
1.801
1.818
1.801
1.808
1.821
1.817
1.811
1.809
1.81
1.772
1.796
1.78
1.764
1.664
1.67
1.646
1.628
1.62
1.566
1.5
1.496
1.494
1.504
1.512
1.518
1.53
1.498
1.524
1.524
1.514
1.508
1.486
1.51
1.52
1.496
1.518
1.492
1.47
1.416
1.386
1.418
1.38
1.368
1.356
1.36
1.376
1.392
1.382
1.392
1.39
1.39
1.388
1.492
1.498
1.568
1.64
1.69
1.61
1.698
1.63
1.666
1.616
1.61
1.558
1.528
1.52
1.55
1.542
1.54
1.55
1.53
1.534
1.544
1.532
1.5
1.512
1.524
1.504
1.496
1.432
1.464
1.488
1.526
1.51
1.506
1.504
1.518
1.51
1.498
1.498
1.51
1.456
1.456
1.442
1.464
1.466
1.452
1.46
1.488
1.488
1.472
1.464
1.464
1.45
1.464
1.47
1.476
1.47
1.504
1.492
1.474
1.48
1.478
1.47
1.46
1.452
1.5
1.518
1.506
1.484
1.488
1.484
1.486
1.486
1.49
1.478
1.462
1.488
1.482
1.488
1.5
1.482
1.496
1.49
1.484
1.47
1.474
1.472
1.47
1.468
1.47
1.456
1.468
1.47
1.46
1.454
1.456
1.454
1.452
1.456
1.462
1.462
1.448
1.438
1.428
1.39
1.406
1.402
1.414
1.42
1.404
1.414
1.414
1.4
1.412
1.402
1.396
1.394
1.396
1.398
1.398
1.396
1.406
1.398
1.398
1.4
1.42
1.408
1.402
1.412
1.412
1.416
1.404
1.406
1.406
1.404
1.404
1.406
1.406
1.39
1.388
1.356
1.354
1.36
1.348
1.348
1.362
1.358
1.35
1.364
1.352
1.362
1.358
1.36
1.362
1.358
1.34
1.352
1.312
1.32
1.314
1.314
1.31
1.312
1.316
1.318
1.326
1.326
1.352
1.326
1.352
1.342
1.34
1.384
1.338
1.406
1.424
1.438
1.446
1.452
1.454
1.442
1.464
1.496
1.5
1.542
1.582
1.558
1.554
1.534
1.486
1.456
1.506
1.49
1.574
1.478
1.49
1.5
1.51
1.504
1.494
1.502
1.482
1.6
1.588
1.528
1.55
1.54
1.538
1.554
1.572
1.552
1.638
1.646
1.63
1.632
1.63
1.642
1.654
1.64
1.668
1.726
1.76
1.762
1.754
1.798
1.828
1.85
1.792
1.898
1.914
1.992
1.946
1.848
1.846
1.744
1.606
1.638
1.584
1.606
1.496
1.538
1.504
1.524
1.546
1.522
1.538
1.522
1.516
1.456
1.486
1.474
1.488
1.46
1.48
1.49
1.484
1.478
1.49
1.562
1.548
1.56
1.522
1.516
1.552
1.544
1.55
1.562
1.582
1.576
1.558
1.558
1.558
1.566
1.55
1.55
1.552
1.544
1.54
1.54
1.532
1.532
1.52
1.512
1.504
1.512
1.504
1.532
1.53
1.534
1.538
1.538
1.522
1.516
1.526
1.518
1.52
1.534
1.504
1.516
1.516
1.524
1.518
1.514
1.528
1.532
1.54
1.55
1.534
1.54
1.538
1.514
1.536
1.52
1.518
1.506
1.508
1.506
1.518
1.506
1.51
1.522
1.536
1.53
1.528
1.522
1.524
1.516
1.528
1.522
1.508
1.498
1.498
1.508
1.496
1.51
1.506
1.504
1.51
1.52
1.498
1.496
1.494
1.504
1.5
1.508
1.512
1.498
1.51
1.498
1.5
1.5
1.486
1.49
1.498
1.508
1.492
1.492
1.488
1.5
1.502
1.51
1.524
1.504
1.504
1.496
1.528
1.524
1.512
1.52
1.522
1.53
1.55
1.55
1.538
1.534
1.518
1.522
1.518
1.516
1.516
1.514
1.542
1.696
1.696
1.606
1.602
1.6
1.61
1.588
1.562
1.514
1.532
1.548
1.522
1.522
1.52
1.516
1.536
1.552
1.534
1.518
1.528
1.512
1.52
1.512
1.51
1.492
1.508
1.51
1.504
1.502
1.504
1.504
1.516
1.514
1.516
1.52
1.51
1.506
1.502
1.496
1.484
1.492
1.496
1.494
1.512
1.498
1.504
1.518
1.496
1.494
1.494
1.494
1.494
1.498
1.49
1.486
1.496
1.494
1.504
1.538
1.548
1.546
1.55
1.56
1.566
1.568
1.568
1.552
1.572
1.576
1.584
1.586
1.592
1.59
1.592
1.574
1.576
1.6
1.614
1.602
1.612
1.616
1.62
1.618
1.602
1.612
1.59
1.582
1.592
1.582
1.606
1.614
1.606
1.608
1.596
1.604
1.614
1.616
1.622
1.61
1.61
1.602
1.596
1.638
1.65
1.622
1.63
1.606
1.632
1.64
1.63
1.626
1.61
1.636
1.624
1.64
1.63
1.63
1.634
1.632
1.63
1.632
1.618
1.6
1.6
1.626
1.614
1.626
1.612
1.616
1.612
1.59
1.604
1.6
1.604
1.608
1.608
1.608
1.608
1.61
1.602
1.608
1.604
1.602
1.6
1.6
1.6
1.604
1.61
1.608
1.626
1.618
1.616
1.566
1.606
1.604
1.604
1.612
1.594
1.59
1.58
1.588
1.58
1.59
1.582
1.578
1.58
1.594
1.588
1.59
1.582
1.574
1.572
1.566
1.566
1.562
1.58
1.562
1.562
1.566
1.564
1.556
1.56
1.56
1.56
1.56
1.552
1.54
1.536
1.534
1.548
1.54
1.558
1.59
1.584
1.57
1.594
1.586
1.584
1.566
1.562
1.578
1.558
1.562
1.562
1.564
1.562
1.566
1.562
1.568
1.562
1.562
1.558
1.542
1.542
1.542
1.542
1.54
1.544
1.54
1.54
1.546
1.55
1.54
1.552
1.544
1.54
1.526
1.532
1.524
1.536
1.532
1.546
1.534
1.538
1.528
1.528
1.518
1.516
1.528
1.524
1.524
1.524
1.52
1.52
1.506
1.492
1.5
1.504
1.5
1.496
1.486
1.486
1.496
1.5
1.502
1.512
1.514
1.518
1.524
1.5
1.5
1.49
1.498
1.49
1.488
1.488
1.5
1.488
1.496
1.486
1.498
1.498
1.496
1.496
1.496
1.48
1.492
1.484
1.488
1.48
1.488
1.48
1.446
1.446
1.448
1.444
1.444
1.444
1.444
1.44
1.432
1.436
1.446
1.448
1.446
1.448
1.426
1.404
1.424
1.416
1.428
1.406
1.422
1.4
1.42
1.402
1.374
1.38
1.39
1.396
1.394
1.392
1.392
1.388
1.386
1.388
1.378
1.386
1.378
1.382
1.378
1.378
1.368
1.398
1.394
1.394
1.384
1.382
1.398
1.4
1.428
1.402
1.398
1.412
1.438
1.44
1.428
1.404
1.404
1.416
1.406
1.428
1.42
1.402
1.44
1.44
1.456
1.456
1.45
1.454
1.454
1.44
1.43
1.452
1.45
1.43
1.43
1.434
1.442
1.442
1.462
1.45
1.422
1.42
1.4
1.398
1.404
1.404
1.392
1.41
1.41
1.396
1.408
1.39
1.392
1.39
1.39
1.398
1.39
1.39
1.384
1.388
1.392
1.394
1.394
1.394
1.4
1.38
1.38
1.378
1.394
1.36
1.372
1.382
1.382
1.38
1.38
1.36
1.362
1.362
1.354
1.37
1.354
1.364
1.368
1.364
1.348
1.356
1.342
1.334
1.332
1.318
1.312
1.312
1.318
1.3
1.294
1.27
1.282
1.296
1.38
1.376
1.376
1.476
1.51
1.486
1.428
1.428
1.392
1.384
1.366
1.368
1.368
1.346
1.344
1.34
1.33
1.32
1.32
1.312
1.308
1.308
1.322
1.308
1.306
1.304
1.304
1.304
1.302
1.3
1.31
1.31
1.308
1.302
1.312
1.332
1.346
1.36
1.352
1.378
1.354
1.338
1.34
1.34
1.344
1.302
1.332
1.33
1.308
1.316
1.314
1.31
1.302
1.29
1.33
1.306
1.316
1.306
1.3
1.314
1.318
1.308
1.29
1.298
1.292
1.29
1.3
1.292
1.28
1.29
1.3
1.29
1.3
1.3
1.282
1.28
1.29
1.31
1.3
1.288
1.3
1.314
1.28
1.302
1.302
1.298
1.318
1.3
1.296
1.29
1.294
1.342
1.304
1.322
1.3
1.322
1.3
1.298
1.312
1.31
1.324
1.318
1.328
1.32
1.32
1.314
1.358
1.34
1.37
1.346
1.34
1.342
1.32
1.314
1.322
1.322
1.33
1.334
1.33
1.334
1.328
1.322
1.324
1.32
1.332
1.32
1.348
1.336
1.346
1.336
1.334
1.332
1.334
1.338
1.338
1.326
1.32
1.326
1.354
1.35
1.326
1.326
1.328
1.328
1.342
1.338
1.332
1.33
1.338
1.33
1.346
1.338
1.338
1.338
1.322
1.334
1.336
1.322
1.348
1.342
1.324
1.34
1.322
1.336
1.32
1.328
1.33
1.332
1.322
1.348
1.348
1.342
1.342
1.372
1.408
1.372
1.396
1.374
1.4
1.384
1.468
1.49
1.472
1.474
1.43
1.462
1.432
1.448
1.438
1.438
1.496
1.5
1.476
1.48
1.494
1.474
1.47
1.47
1.47
1.47
1.462
1.476
1.496
1.466
1.486
1.466
1.49
1.49
1.49
1.464
1.464
1.462
1.468
1.46
1.458
1.478
1.462
1.456
1.458
1.472
1.462
1.466
1.468
1.48
1.482
1.476
1.466
1.482
1.482
1.478
1.476
1.454
1.498
1.476
1.482
1.486
1.472
1.472
1.472
1.486
1.486
1.468
1.482
1.498
1.482
1.468
1.45
1.474
1.496
1.466
1.464
1.466
1.474
1.476
1.47
1.514
1.518
1.496
1.5
1.504
1.53
1.544
1.518
1.54
1.562
1.558
1.54
1.502
1.49
1.48
1.466
1.492
1.488
1.478
1.488
1.466
1.452
1.509
1.507
1.52
1.509
1.492
1.493
1.496
1.499
1.509
1.506
1.498
1.491
1.502
1.492
1.505
1.483
1.489
1.501
1.486
1.49
1.496
1.481
1.52
1.506
1.509
1.502
1.501
1.5
1.5
1.482
1.481
1.469
1.489
1.485
1.503
1.55
1.533
1.555
1.56
1.548
1.541
1.537
1.537
1.537
1.514
1.533
1.514
1.504
1.53
1.536
1.526
1.528
1.526
1.543
1.523
1.523
1.521
1.5
1.522
1.522
1.526
1.526
1.549
1.536
1.536
1.538
1.557
1.555
1.55
1.55
1.549
1.545
1.545
1.534
1.525
1.525
1.502
1.514
1.521
1.517
1.511
1.502
1.523
1.517
1.504
1.503
1.514
1.499
1.51
1.493
1.507
1.491
1.49
1.48
1.502
1.484
1.485
1.475
1.5
1.493
1.482
1.484
1.483
1.49
1.497
1.512
1.517
1.505
1.467
1.489
1.49
1.477
1.498
1.482
1.484
1.492
1.486
1.488
1.488
1.498
1.482
1.495
1.48
1.502
1.482
1.525
1.506
1.518
1.516
1.515
1.535
1.531
1.522
1.509
1.506
1.5
1.499
1.497
1.494
1.497
1.505
1.503
1.49
1.494
1.499
1.48
1.51
1.485
1.49
1.51
1.495
1.502
1.494
1.507
1.498
1.5
1.5
1.492
1.488
1.488
1.481
1.491
1.481
1.488
1.501
1.52
1.499
1.5
1.492
1.49
1.486
1.485
1.481
1.484
1.495
1.485
1.484
1.482
1.459
1.446
1.465
1.459
1.439
1.438
1.432
1.424
1.434
1.43
1.429
1.41
1.425
1.436
1.394
1.4
1.38
1.397
1.398
1.4
1.398
1.37
1.379
1.38
1.377
1.379
1.376
1.364
1.357
1.395
1.393
1.385
1.397
1.399
1.384
1.397
1.408
1.412
1.376
1.392
1.39
1.392
1.403
1.373
1.395
1.396
1.397
1.397
1.383
1.399
1.382
1.393
1.37
1.389
1.374
1.376
1.378
1.389
1.39
1.398
1.4
1.398
1.409
1.405
1.41
1.449
1.422
1.416
1.418
1.401
1.411
1.414
1.425
1.43
1.43
1.43
1.431
1.41
1.438
1.42
1.414
1.404
1.403
1.402
1.424
1.417
1.419
1.417
1.416
1.417
1.414
1.414
1.408
1.408
1.394
1.392
1.403
1.391
1.39
1.396
1.39
1.39
1.396
1.414
1.399
1.399
1.39
1.39
1.38
1.379
1.387
1.37
1.388
1.388
1.383
1.383
1.375
1.397
1.398
1.378
1.396
1.396
1.395
1.382
1.383
1.378
1.389
1.385
1.384
1.38
1.383
1.37
1.384
1.385
1.371
1.384
1.367
1.368
1.381
1.382
1.37
1.368
1.385
1.372
1.389
1.365
1.38
1.372
1.383
1.384
1.383
1.369
1.37
1.384
1.371
1.377
1.373
1.376
1.368
1.364
1.369
1.354
1.35
1.351
1.359
1.35
1.349
1.35
1.337
1.349
1.316
1.32
1.307
1.305
1.306
1.306
1.306
1.307
1.311
1.311
1.33
1.319
1.317
1.329
1.318
1.319
1.331
1.331
1.335
1.344
1.309
1.345
1.344
1.319
1.318
1.34
1.339
1.32
1.339
1.324
1.332
1.324
1.324
1.33
1.313
1.314
1.322
1.314
1.329
1.329
1.305
1.3
1.299
1.291
1.299
1.299
1.291
1.299
1.3
1.297
1.298
1.286
1.277
1.283
1.283
1.285
1.28
1.272
1.28
1.289
1.286
1.279
1.276
1.262
1.262
1.266
1.29
1.298
1.296
1.295
1.288
1.283
1.287
1.296
1.3
1.29
1.291
1.3
1.299
1.284
1.3
1.297
1.295
1.297
1.285
1.285
1.291
1.28
1.277
1.281
1.281
1.292
1.288
1.284
1.274
1.248
1.25
1.248
1.25
1.253
1.278
1.278
1.276
1.276
1.242
1.255
1.237
1.24
1.213
1.211
1.206
1.21
1.207
1.207
1.219
1.213
1.214
1.205
1.204
1.192
1.196
1.195
1.189
1.195
1.195
1.182
1.171
1.188
1.199
1.176
1.177
1.162
1.167
1.169
1.17
1.121
1.11
1.104
1.121
1.121
1.128
1.123
1.138
1.142
1.149
1.155
1.149
1.141
1.12
1.097
1.096
1.115
1.117
1.086
1.087
1.099
1.086
1.082
1.083
1.098
1.1
1.098
1.098
1.099
1.1
1.104
1.097
1.099
1.063
1.109
1.11
1.11
1.12
1.118
1.107
1.106
1.106
1.11
1.11
1.11
1.11
1.105
1.105
1.11
1.105
1.11
1.1
1.1
1.1
1.092
1.09
1.096
1.088
1.095
1.115
1.09
1.099
1.099
1.1
1.1
1.1
1.095
1.094
1.093
1.107
1.084
1.078
1.076
1.036
1.04
1.04
1.04
1.037
1.04
1.036
1.036
1.036
1.031
1.037
1.025
1.018
1.018
1.02
1.018
1.023
1.011
1.024
1.023
1.019
1.018
1.018
1.014
1.015
1.017
1.018
1.01
1.015
1.011
1.011
1.016
1.009
1.002
1.018
1.019
1.019
1.019
1.029
1.066
1.082
1.085
1.085
1.077
1.075
1.08
1.098
1.117
1.15
1.179
1.243
1.214
1.248
1.268
1.246
1.248
1.22
1.235
1.246
1.245
1.246
1.25
1.253
1.252
1.25
1.26
1.246
1.245
1.234
1.241
1.204
1.234
1.237
1.244
1.248
1.24
1.24
1.24
1.24
1.25
1.261
1.238
1.237
1.236
1.224
1.223
1.228
1.235
1.239
1.246
1.251
1.233
1.244
1.242
1.232
1.23
1.231
1.232
1.202
1.209
1.205
1.209
1.209
1.201
1.211
1.211
1.21
1.224
1.223
1.214
1.22
1.208
1.216
1.206
1.23
1.234
1.22
1.222
1.219
1.227
1.254
1.222
1.23
1.227
1.212
1.227
1.22
1.23
1.23
1.228
1.218
1.216
1.215
1.226
1.214
1.22
1.218
1.233
1.231
1.22
1.228
1.22
1.228
1.218
1.218
1.219
1.219
1.21
1.21
1.218
1.214
1.226
1.216
1.215
1.23
1.247
1.23
1.253
1.255
1.257
1.257
1.252
1.248
1.247
1.239
1.236
1.236
1.235
1.247
1.24
1.253
1.26
1.236
1.234
1.243
1.237
1.241
1.269
1.251
1.249
1.249
1.259
1.259
1.246
1.258
1.269
1.257
1.257
1.248
1.255
1.255
1.242
1.267
1.277
1.278
1.283
1.283
1.299
1.3
1.328
1.328
1.339
1.328
1.271
1.282
1.3
1.305
1.292
1.29
1.292
1.289
1.293
1.283
1.292
1.292
1.283
1.342
1.3
1.319
1.332
1.311
1.32
1.305
1.28
1.3
1.299
1.301
1.299
1.3
1.302
1.3
1.3
1.308
1.305
1.291
1.319
1.319
1.28
1.313
1.313
1.315
1.339
1.328
1.318
1.337
1.335
1.332
1.33
1.328
1.309
1.325
1.324
1.326
1.316
1.317
1.325
1.326
1.3
1.299
1.301
1.301
1.301
1.292
1.303
1.303
1.272
1.271
1.28
1.268
1.275
1.275
1.279
1.279
1.25
1.276
1.26
1.272
1.265
1.24
1.24
1.228
1.256
1.242
1.248
1.238
1.246
1.246
1.21
1.244
1.222
1.235
1.222
1.258
1.236
1.253
1.252
1.254
1.242
1.242
1.241
1.236
1.214
1.227
1.225
1.227
1.227
1.225
1.223
1.234
1.232
1.22
1.215
1.217
1.22
1.256
1.246
1.27
1.254
1.262
1.254
1.24
1.246
1.247
1.247
1.247
1.246
1.249
1.253
1.259
1.256
1.257
1.242
1.258
1.246
1.218
1.227
1.255
1.235
1.221
1.249
1.226
1.22
1.224
1.231
1.223
1.226
1.226
1.238
1.219
1.224
1.221
1.221
1.249
1.243
1.238
1.213
1.21
1.223
1.223
1.208
1.225
1.21
1.21
1.216
1.204
1.219
1.204
1.217
1.197
1.2
1.193
1.205
1.206
1.206
1.206
1.204
1.207
1.207
1.204
1.201
1.201
1.2
1.2
1.198
1.201
1.191
1.2
1.202
1.206
1.202
1.208
1.19
1.185
1.189
1.189
1.189
1.188
1.189
1.19
1.188
1.19
1.19
1.187
1.19
1.19
1.181
1.181
1.181
1.181
1.18
1.178
1.18
1.173
1.19
1.188
1.189
1.172
1.176
1.18
1.18
1.271
1.266
1.248
1.239
1.239
1.24
1.228
1.238
1.22
1.217
1.2
1.21
1.218
1.218
1.198
1.199
1.199
1.2
1.2
1.185
1.18
1.182
1.178
1.181
1.184
1.186
1.184
1.188
1.182
1.182
1.191
1.194
1.183
1.182
1.19
1.198
1.186
1.185
1.18
1.18
1.173
1.173
1.173
1.179
1.172
1.187
1.165
1.15
1.168
1.149
1.148
1.148
1.151
1.158
1.156
1.156
1.159
1.158
1.149
1.146
1.149
1.145
1.148
1.14
1.143
1.134
1.128
1.153
1.13
1.146
1.149
1.131
1.126
1.126
1.128
1.111
1.112
1.122
1.117
1.136
1.115
1.112
1.143
1.111
1.135
1.12
1.121
1.122
1.12
1.124
1.114
1.12
1.12
1.13
1.111
1.13
1.15
1.115
1.114
1.115
1.114
1.085
1.1
1.086
1.099
1.1
1.099
1.099
1.099
1.089
1.07
1.071
1.07
1.077
1.072
1.071
1.093
1.081
1.078
1.078
1.077
1.071
1.069
1.082
1.082
1.079
1.083
1.076
1.093
1.081
1.08
1.089
1.072
1.092
1.074
1.092
1.075
1.1
1.1
1.1
1.083
1.099
1.092
1.098
1.092
1.096
1.084
1.081
1.09
1.086
1.096
1.081
1.083
1.096
1.096
1.082
1.085
1.092
1.084
1.087
1.088
1.08
1.088
1.081
1.078
1.079
1.078
1.083
1.083
1.088
1.089
1.088
1.089
1.09
1.09
1.081
1.096
1.096
1.093
1.093
1.094
1.094
1.095
1.093
1.085
1.092
1.083
1.093
1.083
1.095
1.084
1.087
1.089
1.093
1.084
1.091
1.09
1.08
1.071
1.069
1.058
1.064
1.064
1.069
1.083
1.084
1.085
1.081
1.085
1.085
1.085
1.081
1.058
1.062
1.055
1.064
1.065
1.061
1.064
1.086
1.082
1.082
1.067
1.068
1.069
1.069
1.071
1.082
1.077
1.073
1.082
1.077
1.075
1.072
1.047
1.047
1.05
1.047
1.049
1.05
1.05
1.05
1.051
1.037
1.036
1.03
1.025
1.028
1.033
1.029
1.036
1.02
1.018
1.022
1.019
1.022
1.018
1.02
1.02
1.026
1.02
1.021
1.02
1.022
1.019
1.022
1.018
1.019
1.02
1.024
1.02
1.023
1.023
1.024
1.027
1.022
1.028
1.018
1.023
1.023
1.026
1.027
1.027
1.036
1.036
1.026
1.028
1.013
1.006
1.003
1.011
1.012
1.011
1.016
1.015
1.015
1.013
1.018
1.02
1.006
1.014
1.008
1.012
1.006
1.013
1.009
1.011
1.015
1.019
1.004
1.008
1.003
1.011
1.012
1.004
1.009
1.005
1.009
1.011
1.004
1.004
1.009
1.004
1.004
1.026
1.057
1.044
1.058
1.055
1.052
1.04
1.033
1.052
1.067
1.048
1.059
1.068
1.057
1.068
1.067
1.096
1.119
1.119
1.121
1.09
1.092
1.086
1.093
1.084
1.075
1.089
1.099
1.114
1.099
1.091
1.091
1.1
1.091
1.091
1.091
1.091
1.058
1.062
1.061
1.07
1.041
1.03
1.043
1.036
1.028
1.02
1.022
1.018
1.024
1.021
1.016
1.01
1.013
1.033
1.03
1.033
1.038
1.036
1.034
1.048
1.049
1.047
1.045
1.029
1.029
1.015
1.022
1.029
1.029
1.023
1.029
1.03
1.043
1.049
1.038
1.041
1.02
1.02
1.022
1.024
1.024
1.035
1.025
1.02
1.011
1.022
1.019
1.02
1.019
1.02
1.032
1.021
1.01
1.012
1.006
1.009
1.005
1.001
1.002
1.002
1.0
1.002
1.005
1.004
1.001
0.996
0.99
0.993
0.972
0.972
0.972
0.97
0.97
0.973
0.969
0.966
1.014
0.992
0.991
0.98
0.978
0.98
0.982
0.984
0.98
0.982
0.982
0.986
0.984
0.988
0.985
0.988
0.99
0.99
0.999
0.994
0.995
0.998
0.991
0.988
0.985
0.985
0.998
0.987
0.989
0.979
0.978
0.981
0.986
0.986
0.986
0.986
0.986
0.982
0.978
0.977
0.971
0.972
0.975
0.98
0.986
0.98
0.98
0.979
0.985
0.987
0.986
0.977
0.986
0.98
0.979
0.977
0.985
0.977
0.983
0.972
0.968
0.968
0.965
0.955
0.96
0.96
0.963
0.955
0.955
0.953
0.952
0.952
0.949
0.949
0.949
0.95
0.952
0.956
0.954
0.952
0.952
0.952
0.952
0.953
0.951
0.953
0.939
0.938
0.93
0.929
0.93
0.93
0.931
0.923
0.933
0.938
0.94
0.935
0.934
0.937
0.924
0.917
0.929
0.93
0.929
0.921
0.92
0.928
0.925
0.92
0.925
0.923
0.92
0.919
0.924
0.923
0.924
0.93
0.941
0.935
0.932
0.935
0.93
0.932
0.934
0.934
0.935
0.934
0.931
0.933
0.934
0.95
0.954
0.953
0.949
0.949
0.949
0.954
0.953
0.951
0.954
0.968
0.977
0.976
0.973
0.984
0.994
1.01
0.987
1.01
0.997
0.997
0.982
0.983
0.995
0.982
0.982
0.993
0.985
0.98
0.971
0.969
0.971
0.97
0.966
0.968
0.96
0.958
0.953
0.954
0.957
0.955
0.96
0.959
0.96
0.954
0.94
0.942
0.942
0.94
0.944
0.944
0.941
0.943
0.943
0.943
0.945
0.94
0.944
0.939
0.942
0.94
0.93
0.926
0.916
0.917
0.912
0.915
0.915
0.922
0.924
0.922
0.92
0.928
0.928
0.929
0.984
0.97
0.957
0.959
0.989
0.98
0.978
0.978
0.98
0.98
0.979
0.993
0.989
0.995
0.987
1.009
1.009
1.008
1.009
1.0
0.995
0.99
1.008
1.004
0.992
1.004
1.03
1.021
1.018
1.001
1.012
1.019
1.025
1.028
1.023
1.028
1.011
1.001
1.009
0.993
1.028
1.021
1.037
1.02
1.001
1.0
1.0
1.0
1.0
0.997
0.999
0.999
0.999
1.013
0.997
0.999
1.001
0.996
1.011
1.028
1.015
1.027
1.001
1.002
1.0
1.002
1.004
0.996
1.016
1.016
1.004
1.014
0.999
1.002
0.997
0.995
1.004
0.997
0.999
1.0
1.0
0.993
0.996
0.997
0.969
0.968
0.962
0.97
0.969
0.97
0.969
0.97
0.979
0.957
0.948
0.963
0.963
0.954
0.941
0.939
0.942
0.941
0.934
0.937
0.937
0.94
0.935
0.935
0.939
0.934
0.945
0.935
0.946
0.945
0.938
0.943
0.943
0.943
0.937
0.942
0.935
0.934
0.938
0.941
0.942
0.94
0.95
0.941
0.947
0.944
0.946
0.944
0.944
0.945
0.948
0.941
0.937
0.939
0.949
0.933
0.936
0.939
0.949
0.945
0.94
0.936
0.935
0.935
0.935
0.936
0.936
0.94
0.939
0.941
0.947
0.948
0.945
0.935
0.947
0.948
0.931
0.935
0.939
0.943
0.944
0.944
0.941
0.948
0.948
0.941
0.94
0.94
0.941
0.935
0.94
0.939
0.943
0.935
0.943
0.948
0.933
0.934
0.935
0.942
0.938
0.948
0.944
0.941
0.941
0.944
0.946
0.949
0.949
0.959
0.95
0.953
0.955
0.951
0.95
0.955
0.95
0.949
0.948
0.937
0.935
0.939
0.94
0.94
0.941
0.928
0.932
0.932
0.94
0.939
0.94
0.939
0.939
0.934
0.935
0.938
0.94
0.937
0.94
0.937
0.935
0.974
0.96
0.969
0.972
0.954
0.959
0.967
0.967
0.972
0.971
0.969
0.964
0.964
0.954
0.947
0.954
0.951
0.951
0.948
0.948
0.947
0.94
0.948
0.953
0.937
0.935
0.949
0.944
0.953
0.948
0.942
0.936
0.941
0.941
0.949
0.949
0.941
0.941
0.943
0.937
0.948
0.946
0.946
0.944
0.944
0.945
0.944
0.946
0.936
0.945
0.948
0.939
0.936
0.943
0.943
0.944
0.947
0.947
0.942
0.946
0.947
0.947
0.948
0.948
0.948
0.958
0.955
0.942
0.952
0.952
0.953
0.959
0.958
0.962
0.963
0.962
0.959
0.966
0.966
0.965
0.961
0.961
0.968
0.967
0.986
0.989
0.981
0.985
0.989
0.986
0.987
0.989
0.984
0.985
1.01
1.128
1.111
1.098
1.093
1.045
1.065
1.058
1.055
1.086
1.05
1.07
1.045
1.053
1.05
1.042
1.041
1.022
1.015
1.026
1.03
1.02
1.023
1.022
1.022
1.02
1.014
1.029
1.026
1.018
1.03
1.027
1.047
1.032
1.036
1.04
1.043
1.038
1.049
1.05
1.048
1.06
1.054
1.051
1.057
1.059
1.035
1.037
1.041
1.035
1.035
1.037
1.038
1.039
1.038
1.022
1.021
1.022
1.016
1.017
1.017
1.018
1.01
1.011
0.995
1.025
1.02
1.009
1.011
1.006
1.001
1.0
1.006
1.002
1.006
1.005
1.008
1.004
1.005
1.003
1.001
1.001
0.984
0.988
0.986
0.978
0.976
0.973
0.971
0.977
0.984
0.988
0.98
0.979
0.982
0.979
0.985
0.979
0.977
0.987
0.992
0.983
1.018
1.006
1.01
1.007
1.012
1.007
1.011
1.019
0.997
0.997
1.004
1.003
1.008
1.0
0.998
0.998
1.001
1.004
0.997
1.004
1.0
0.998
1.0
1.0
0.985
0.997
0.973
0.985
0.978
0.978
0.99
0.985
0.984
0.98
0.989
0.974
0.99
0.99
0.988
0.988
0.987
0.987
0.984
0.984
0.989
0.989
1.0
0.985
0.991
0.995
0.994
0.988
0.998
0.992
1.0
1.011
1.009
1.005
1.004
1.002
1.001
1.02
1.008
1.001
1.001
1.006
1.001
0.991
1.003
0.999
1.003
0.999
1.001
1.001
1.011
1.024
1.011
1.007
1.002
1.01
1.016
1.014
1.016
1.015
1.008
1.013
1.009
1.013
1.008
1.015
1.017
1.024
1.017
1.029
1.018
1.025
1.03
1.029
1.044
1.033
1.032
1.032
1.028
1.028
1.033
1.03
1.033
1.039
1.033
1.038
1.038
1.04
1.038
1.041
1.04
1.049
1.082
1.077
1.066
1.072
1.041
1.034
1.039
1.066
1.08
1.065
1.059
1.065
1.03
1.042
1.033
1.044
1.046
1.07
1.032
1.04
1.04
1.054
1.049
1.05
1.045
1.052
1.051
1.052
1.063
1.064
1.064
1.06
1.057
1.054
1.05
1.046
1.053
1.062
1.051
1.051
1.05
1.062
1.062
1.06
1.056
1.046
1.042
1.048
1.046
1.033
1.026
1.028
1.023
1.02
1.009
1.005
1.007
1.012
1.005
1.004
1.009
1.003
1.009
1.009
1.001
1.0
0.995
0.993
0.99
0.988
0.971
0.975
0.972
0.881
0.893
0.892
0.871
0.922
0.92
0.946
0.901
0.897
0.948
0.93
0.943
0.925
0.921
0.926
0.934
0.908
0.939
0.935
0.949
0.951
0.937
0.945
0.948
0.943
0.937
0.945
0.944
0.941
0.946
0.942
0.942
0.943
0.94
0.956
0.95
0.951
0.94
0.947
0.938
0.935
0.94
0.929
0.905
0.901
0.899
0.882
0.869
0.901
0.89
0.87
0.858
0.82
0.778
0.764
0.785
0.791
0.792
0.798
0.781
0.772
0.785
0.8
0.82
0.82
0.814
0.809
0.793
0.771
0.776
0.76
0.728
0.717
0.721
0.715
0.714
0.734
0.738
0.708
0.708
0.714
0.721
0.712
0.728
0.727
0.728
0.72
0.727
0.728
0.716
0.703
0.713
0.708
0.67
0.689
0.705
0.698
0.699
0.712
0.701
0.715
0.701
0.703
0.703
0.71
0.708
0.712
0.681
0.709
0.685
0.699
0.699
0.686
0.699
0.699
0.716
0.697
0.699
0.715
0.704
0.691
0.698
0.709
0.713
0.714
0.744
0.747
0.759
0.767
0.742
0.741
0.733
0.736
0.73
0.74
0.726
0.705
0.71
0.712
0.728
0.728
0.71
0.71
0.727
0.733
0.766
0.75
0.758
0.739
0.733
0.759
0.751
0.77
0.761
0.769
0.742
0.74
0.74
0.732
0.734
0.74
0.744
0.745
0.738
0.733
0.735
0.731
0.735
0.746
0.738
0.747
0.742
0.75
0.751
0.751
0.734
0.744
0.734
0.73
0.753
0.735
0.742
0.738
0.748
0.732
0.749
0.742
0.742
0.762
0.762
0.771
0.766
0.77
0.752
0.759
0.765
0.772
0.767
0.775
0.768
0.778
0.775
0.776
0.772
0.79
0.788
0.783
0.793
0.782
0.793
0.789
0.785
0.779
0.774
0.778
0.786
0.785
0.785
0.779
0.795
0.792
0.784
0.794
0.794
0.802
0.792
0.8
0.823
0.806
0.82
0.829
0.823
0.824
0.836
0.841
0.844
0.842
0.847
0.831
0.83
0.823
0.8
0.816
0.791
0.792
0.799
0.806
0.805
0.805
0.807
0.808
0.806
0.812
0.815
0.812
0.818
0.816
0.818
0.807
0.807
0.817
0.811
0.819
0.818
0.817
0.815
0.811
0.814
0.815
0.807
0.8
0.803
0.798
0.812
0.8
0.802
0.804
0.8
0.806
0.81
0.806
0.806
0.805
0.801
0.8
0.801
0.794
0.785
0.799
0.783
0.798
0.792
0.761
0.764
0.771
0.77
0.773
0.772
0.784
0.785
0.776
0.78
0.779
0.775
0.773
0.784
0.774
0.78
0.772
0.774
0.771
0.769
0.763
0.775
0.773
0.774
0.766
0.774
0.775
0.774
0.766
0.774
0.752
0.762
0.749
0.764
0.754
0.757
0.75
0.77
0.771
0.778
0.78
0.789
0.781
0.79
0.789
0.798
0.789
0.784
0.789
0.783
0.789
0.788
0.787
0.784
0.785
0.787
0.787
0.789
0.781
0.778
0.787
0.785
0.79
0.786
0.78
0.78
0.779
0.781
0.78
0.777
0.778
0.783
0.777
0.783
0.782
0.791
0.792
0.789
0.837
0.803
0.823
0.82
0.79
0.789
0.792
0.797
0.797
0.797
0.804
0.808
0.807
0.798
0.79
0.845
0.85
0.839
0.825
0.811
0.817
0.815
0.825
0.818
0.81
0.84
0.844
0.843
0.84
0.848
0.851
0.842
0.84
0.839
0.855
0.835
0.846
0.838
0.838
0.839
0.838
0.839
0.845
0.837
0.838
0.841
0.843
0.835
0.835
0.843
0.843
0.825
0.834
0.827
0.829
0.81
0.82
0.815
0.822
0.822
0.822
0.819
0.813
0.819
0.819
0.816
0.821
0.818
0.821
0.822
0.826
0.826
0.825
0.826
0.83
0.829
0.825
0.829
0.827
0.823
0.822
0.822
0.822
0.818
0.821
0.825
0.825
0.817
0.81
0.811
0.813
0.806
0.795
0.792
0.797
0.796
0.796
0.821
0.808
0.805
0.806
0.806
0.807
0.791
0.783
0.811
0.809
0.801
0.798
0.802
0.8
0.792
0.793
0.798
0.797
0.799
0.797
0.798
0.799
0.799
0.796
0.797
0.796
0.802
0.804
0.804
0.8
0.799
0.798
0.801
0.802
0.802
0.8
0.798
0.8
0.797
0.798
0.794
0.795
0.799
0.798
0.796
0.799
0.804
0.799
0.8
0.796
0.8
0.795
0.799
0.803
0.797
0.803
0.803
0.805
0.802
0.805
0.805
0.805
0.803
0.803
0.815
0.803
0.812
0.809
0.805
0.808
0.81
0.817
0.82
0.856
0.851
0.828
0.832
0.827
0.83
0.826
0.864
0.857
0.845
0.858
0.848
0.841
0.842
0.866
0.85
0.831
0.829
0.83
0.83
0.824
0.83
0.829
0.824
0.828
0.853
0.848
0.835
0.834
0.832
0.844
0.847
0.85
0.846
0.851
0.849
0.848
0.846
0.849
0.841
0.846
0.85
0.844
0.85
0.85
0.849
0.85
0.848
0.843
0.841
0.84
0.835
0.842
0.838
0.838
0.833
0.836
0.832
0.823
0.826
0.823
0.842
0.837
0.836
0.836
0.835
0.836
0.837
0.911
0.96
0.96
0.971
0.953
0.953
0.955
0.976
0.967
0.964
0.96
0.963
0.965
0.952
0.951
0.95
0.952
0.944
0.959
0.948
0.959
0.951
0.941
0.942
0.944
0.947
0.946
0.946
0.943
0.943
0.954
0.953
0.95
0.949
0.948
0.947
0.942
0.95
0.938
0.96
0.93
0.918
0.936
0.935
0.93
0.916
0.925
0.916
0.925
0.937
0.931
0.939
0.945
0.94
0.935
0.935
0.943
0.947
0.942
0.944
0.937
0.945
0.942
0.936
0.931
0.934
0.936
0.938
0.936
0.925
0.931
0.93
0.934
0.931
0.948
0.946
0.942
0.935
0.945
0.936
0.942
0.928
0.938
0.928
0.926
0.927
0.934
0.93
0.927
0.926
0.932
0.946
0.939
0.937
0.935
0.932
0.933
0.931
0.932
0.931
0.921
0.924
0.924
0.923
0.919
0.912
0.912
0.912
0.918
0.915
0.919
0.915
0.916
0.921
0.916
0.912
0.915
0.915
0.914
0.916
0.914
0.926
0.924
0.92
0.913
0.923
1.008
1.097
1.079
1.055
1.059
1.05
1.052
1.026
1.016
0.996
0.988
1.067
1.041
1.033
1.042
1.055
1.029
1.024
1.064
1.06
1.098
1.11
1.114
1.09
1.085
1.062
1.064
1.071
1.072
1.074
1.073
1.064
1.058
1.065
1.057
1.063
1.05
1.033
1.049
1.042
1.033
1.035
1.035
1.035
1.033
1.054
1.038
1.025
1.029
1.026
1.022
1.029
1.023
1.03
1.029
1.029
1.039
1.04
1.04
1.039
1.039
1.039
1.018
1.017
1.041
1.025
1.073
1.049
1.063
1.024
1.029
1.032
1.038
1.061
1.061
1.073
1.08
1.07
1.081
1.058
1.043
1.029
1.015
1.027
1.03
1.017
1.01
1.026
1.013
1.044
1.023
1.015
1.017
1.01
1.011
1.011
1.045
1.021
1.033
1.03
1.027
1.017
1.02
1.024
1.016
1.02
1.018
1.021
1.023
1.03
1.021
1.019
1.012
1.026
1.028
1.03
1.032
1.03
1.025
1.021
1.027
1.02
1.019
1.018
1.015
1.022
1.03
1.02
1.03
1.022
1.031
1.031
1.03
1.035
1.026
1.029
1.026
1.03
1.032
1.03
1.031
1.041
1.024
1.03
1.029
1.032
1.03
1.029
1.031
1.034
1.031
1.033
1.033
1.028
1.028
1.027
1.032
1.031
1.06
1.05
1.055
1.056
1.048
1.047
1.05
1.056
1.055
1.05
1.049
1.049
1.048
1.049
1.048
1.048
1.051
1.048
1.048
1.049
1.049
1.039
1.045
1.048
1.048
1.046
1.039
1.04
1.035
1.036
1.039
1.042
1.055
1.042
1.04
1.039
1.053
1.05
1.044
1.044
1.049
1.045
1.053
1.044
1.054
1.06
1.056
1.058
1.06
1.068
1.064
1.065
1.071
0.957
0.946
0.957
0.964
0.969
0.97
0.976
0.98
0.98
0.98
0.967
0.966
0.958
0.964
0.965
0.968
0.956
0.962
0.96
0.952
0.958
0.958
0.953
0.95
0.94
0.944
0.945
0.948
0.936
0.938
0.938
0.932
0.935
0.938
0.934
0.933
0.94
0.939
0.938
0.947
0.947
0.948
0.949
0.943
0.946
0.949
0.955
0.948
0.943
0.944
0.949
0.945
0.944
0.944
0.945
0.948
0.944
0.94
0.945
0.943
0.942
0.942
0.947
0.942
0.946
0.942
0.94
0.94
0.946
0.944
0.945
0.947
0.946
0.946
0.946
0.952
0.942
0.94
0.945
0.945
0.945
0.94
0.942
0.942
0.942
0.939
0.94
0.95
0.95
0.943
0.934
0.943
0.943
0.941
0.939
0.94
0.94
0.94
0.935
0.94
0.935
0.939
0.937
0.942
0.946
0.941
0.941
0.945
0.944
0.946
0.941
0.937
0.938
0.936
0.937
0.937
0.937
0.939
0.935
0.936
0.935
0.93
0.926
0.929
0.926
0.927
0.928
0.93
0.93
0.931
0.927
0.932
0.93
0.926
0.927
0.927
0.931
0.932
0.932
0.927
0.927
0.931
0.924
0.924
0.925
0.923
0.923
0.922
0.928
0.93
0.93
0.929
0.927
0.922
0.925
0.924
0.929
0.924
0.92
0.922
0.922
0.925
0.925
0.921
0.922
0.916
0.92
0.922
0.918
0.921
0.92
0.917
0.927
0.927
0.928
0.921
0.928
0.927
0.922
0.919
0.926
0.922
0.926
0.927
0.916
0.924
0.927
0.919
0.917
0.924
0.922
0.921
0.919
0.918
0.924
0.918
0.925
0.921
0.921
0.914
0.916
0.916
0.919
0.917
0.914
0.916
0.923
0.923
0.923
0.923
0.918
0.918
0.915
0.918
0.92
0.92
0.915
0.921
0.92
0.916
0.923
0.917
0.916
0.918
0.923
0.922
0.914
0.915
0.917
0.913
0.913
0.915
0.912
0.916
0.913
0.917
0.917
0.916
0.913
0.913
0.914
0.912
0.913
0.914
0.914
0.915
0.915
0.914
0.914
0.912
0.913
0.912
0.912
0.921
0.917
0.918
0.913
0.911
0.912
0.913
0.913
0.918
0.918
0.92
0.915
0.914
0.914
0.914
0.911
0.916
0.91
0.913
0.915
0.916
0.914
0.915
0.911
0.911
0.911
0.914
0.91
0.911
0.911
0.911
0.911
0.907
0.915
0.915
0.915
0.914
0.914
0.912
0.917
0.913
0.915
0.908
0.914
0.914
0.91
0.911
0.91
0.913
0.91
0.91
0.91
0.91
0.914
0.91
0.91
0.912
0.917
0.917
0.91
0.916
0.918
0.918
0.915
0.916
0.915
0.915
0.908
0.909
0.907
0.91
0.908
0.911
0.91
0.907
0.907
0.907
0.908
0.908
0.907
0.907
0.908
0.909
0.907
0.907
0.91
0.906
0.908
0.907
0.907
0.908
0.912
0.912
0.909
0.908
0.909
0.908
0.911
0.914
0.908
0.909
0.907
0.907
0.911
0.908
0.911
0.91
0.913
0.908
0.908
0.913
0.914
0.912
0.913
0.905
0.906
0.906
0.906
0.906
0.909
0.906
0.907
0.906
0.907
0.908
0.908
0.908
0.91
0.91
0.91
0.909
0.907
0.908
0.908
0.908
0.907
0.907
0.909
0.907
0.907
0.907
0.907
0.912
0.911
0.914
0.911
0.911
0.916
0.912
0.916
0.915
0.912
0.916
0.915
0.912
0.911
0.913
0.907
0.909
0.908
0.908
0.909
0.909
0.909
0.907
0.909
0.909
0.91
0.908
0.909
0.909
0.909
0.911
0.912
0.908
0.908
0.91
0.906
0.909
0.907
0.908
0.91
0.907
0.906
0.912
0.907
0.91
0.907
0.907
0.909
0.906
0.909
0.906
0.911
0.907
0.905
0.906
0.904
0.904
0.902
0.902
0.904
0.911
0.902
0.903
0.902
0.902
0.901
0.901
0.9
0.9
0.9
0.888
0.894
0.889
0.889
0.887
0.888
0.89
0.891
0.895
0.882
0.882
0.883
0.883
0.887
0.883
0.886
0.883
0.883
0.883
0.879
0.873
0.876
0.883
0.881
0.894
0.884
0.881
0.886
0.883
0.883
0.885
0.884
0.88
0.878
0.876
0.871
0.901
0.891
0.888
0.888
0.883
0.888
0.886
0.895
0.882
0.897
0.887
0.891
0.887
0.887
0.891
0.898
0.898
0.9
0.905
0.894
0.894
0.903
0.897
0.9
0.897
0.893
0.886
0.94
0.902
0.914
0.896
0.889
0.89
0.893
0.888
0.888
0.885
0.877
0.876
0.876
0.874
0.881
0.88
0.872
0.871
0.875
0.868
0.868
0.864
0.865
0.86
0.86
0.86
0.862
0.854
0.858
0.855
0.852
0.858
0.853
0.852
0.852
0.856
0.857
0.867
0.865
0.864
0.858
0.862
0.862
0.857
0.859
0.854
0.854
0.852
0.855
0.854
0.858
0.859
0.853
0.853
0.86
0.863
0.863
0.863
0.862
0.861
0.867
0.868
0.868
0.861
0.868
0.861
0.862
0.864
0.859
0.862
0.859
0.857
0.867
0.87
0.881
0.872
0.884
0.88
0.896
0.883
0.883
0.886
0.894
0.887
0.885
0.885
0.887
0.888
0.882
0.884
0.878
0.875
0.876
0.875
0.875
0.878
0.879
0.878
0.883
0.884
0.884
0.892
0.89
0.883
0.885
0.89
0.884
0.88
0.881
0.883
0.883
0.877
0.879
0.882
0.88
0.876
0.89
0.882
0.884
0.884
0.89
0.891
0.884
0.89
0.883
0.875
0.88
0.88
0.881
0.886
0.88
0.886
0.881
0.881
0.882
0.882
0.885
0.883
0.881
0.88
0.879
0.879
0.875
0.872
0.875
0.877
0.873
0.878
0.871
0.87
0.869
0.873
0.875
0.878
0.874
0.874
0.872
0.873
0.871
0.87
0.868
0.871
0.871
0.874
0.874
0.87
0.87
0.868
0.869
0.873
0.873
0.866
0.866
0.869
0.872
0.867
0.867
0.87
0.869
0.865
0.869
0.869
0.868
0.869
0.869
0.874
0.869
0.874
0.872
0.868
0.867
0.872
0.872
0.871
0.867
0.865
0.868
0.867
0.865
0.866
0.86
0.862
0.859
0.862
0.857
0.859
0.862
0.862
0.862
0.862
0.859
0.859
0.859
0.854
0.856
0.859
0.858
0.855
0.853
0.858
0.855
0.854
0.851
0.859
0.853
0.858
0.857
0.857
0.858
0.857
0.853
0.856
0.852
0.852
0.855
0.855
0.855
0.851
0.854
0.851
0.855
0.852
0.857
0.863
0.857
0.862
0.858
0.863
0.856
0.853
0.854
0.851
0.857
0.858
0.856
0.852
0.856
0.856
0.856
0.856
0.858
0.858
0.856
0.86
0.861
0.861
0.861
0.86
0.864
0.861
0.863
0.86
0.856
0.858
0.856
0.854
0.858
0.859
0.859
0.852
0.852
0.855
0.852
0.855
0.855
0.855
0.853
0.851
0.853
0.852
0.852
0.852
0.847
0.851
0.85
0.85
0.851
0.844
0.853
0.853
0.849
0.846
0.85
0.852
0.855
0.855
0.846
0.85
0.85
0.848
0.853
0.85
0.847
0.845
0.849
0.845
0.842
0.844
0.845
0.842
0.848
0.848
0.848
0.848
0.843
0.846
0.846
0.845
0.843
0.846
0.842
0.844
0.845
0.841
0.841
0.846
0.846
0.844
0.843
0.844
0.84
0.84
0.84
0.837
0.839
0.837
0.838
0.837
0.836
0.831
0.859
0.839
0.836
0.84
0.844
0.842
0.844
0.844
0.843
0.843
0.842
0.834
0.843
0.842
0.843
0.843
0.843
0.84
0.846
0.846
0.839
0.839
0.839
0.839
0.838
0.834
0.836
0.83
0.835
0.833
0.838
0.84
0.84
0.83
0.829
0.831
0.824
0.824
0.827
0.829
0.83
0.83
0.828
0.826
0.827
0.831
0.83
0.828
0.832
0.828
0.832
0.829
0.829
0.827
0.835
0.834
0.831
0.831
0.832
0.831
0.83
0.826
0.828
0.836
0.834
0.838
0.84
0.839
0.839
0.84
0.84
0.838
0.838
0.839
0.837
0.84
0.845
0.84
0.843
0.835
0.839
0.84
0.84
0.838
0.839
0.839
0.839
0.839
0.843
0.841
0.844
0.842
0.846
0.844
0.848
0.848
0.848
0.842
0.85
0.853
0.853
0.853
0.856
0.858
0.854
0.856
0.855
0.857
0.848
0.85
0.859
0.862
0.857
0.857
0.856
0.855
0.844
0.844
0.845
0.845
0.842
0.845
0.845
0.845
0.844
0.844
0.84
0.839
0.838
0.838
0.837
0.84
0.838
0.843
0.841
0.844
0.842
0.84
0.839
0.839
0.838
0.838
0.838
0.837
0.847
0.842
0.838
0.839
0.843
0.843
0.843
0.846
0.847
0.847
0.845
0.847
0.847
0.847
0.851
0.853
0.856
0.865
0.862
0.865
0.863
0.864
0.869
0.867
0.871
0.868
0.853
0.85
0.849
0.851
0.856
0.856
0.855
0.856
0.852
0.856
0.851
0.854
0.852
0.853
0.852
0.855
0.849
0.846
0.845
0.84
0.846
0.846
0.846
0.847
0.849
0.85
0.847
0.84
0.842
0.841
0.846
0.842
0.84
0.84
0.842
0.841
0.841
0.844
0.843
0.834
0.839
0.836
0.839
0.85
0.844
0.842
0.839
0.842
0.839
0.837
0.844
0.837
0.84
0.832
0.836
0.832
0.833
0.833
0.835
0.832
0.832
0.834
0.834
0.833
0.829
0.837
0.838
0.839
0.836
0.834
0.825
0.832
0.836
0.838
0.84
0.836
0.834
0.837
0.836
0.832
0.833
0.834
0.834
0.831
0.833
0.832
0.832
0.833
0.834
0.84
0.838
0.837
0.838
0.837
0.837
0.836
0.834
0.835
0.836
0.832
0.834
0.836
0.832
0.836
0.831
0.833
0.838
0.833
0.831
0.831
0.83
0.831
0.83
0.83
0.832
0.86
0.853
0.845
0.848
0.841
0.842
0.841
0.844
0.842
0.845
0.847
0.832
0.84
0.845
0.841
0.832
0.834
0.838
0.831
0.831
0.83
0.83
0.835
0.832
0.832
0.835
0.835
0.832
0.831
0.831
0.831
0.831
0.836
0.831
0.829
0.83
0.835
0.833
0.835
0.835
0.834
0.834
0.835
0.837
0.835
0.839
0.836
0.843
0.841
0.844
0.846
0.844
0.844
0.843
0.847
0.842
0.842
0.841
0.841
0.841
0.844
0.841
0.837
0.841
0.836
0.835
0.836
0.835
0.832
0.834
0.833
0.831
0.835
0.834
0.834
0.842
0.847
0.842
0.841
0.842
0.842
0.841
0.844
0.857
0.866
0.917
0.913
0.993
0.978
0.891
0.872
0.862
0.876
0.847
0.841
0.846
0.844
0.841
0.85
0.844
0.843
0.843
0.84
0.847
0.848
0.847
0.844
0.852
0.84
0.84
0.834
0.839
0.836
0.838
0.833
0.836
0.84
0.836
0.837
0.833
0.832
0.831
0.83
0.83
0.825
0.827
0.826
0.825
0.828
0.821
0.821
0.818
0.82
0.818
0.82
0.824
0.822
0.818
0.814
0.814
0.812
0.809
0.809
0.81
0.81
0.81
0.809
0.819
0.812
0.813
0.813
0.809
0.81
0.807
0.805
0.804
0.805
0.803
0.808
0.807
0.792
0.787
0.794
0.793
0.794
0.786
0.797
0.797
0.791
0.79
0.784
0.784
0.779
0.774
0.787
0.776
0.779
0.787
0.779
0.791
0.791
0.791
0.796
0.795
0.805
0.806
0.807
0.811
0.808
0.79
0.786
0.79
0.789
0.79
0.791
0.795
0.796
0.793
0.795
0.794
0.791
0.791
0.792
0.8
0.801
0.795
0.796
0.795
0.798
0.797
0.795
0.813
0.799
0.808
0.806
0.804
0.801
0.797
0.8
0.798
0.792
0.795
0.79
0.784
0.784
0.785
0.791
0.791
0.79
0.796
0.789
0.8
0.794
0.795
0.789
0.784
0.788
0.786
0.799
0.797
0.791
0.787
0.787
0.788
0.79
0.791
0.793
0.786
0.791
0.795
0.792
0.791
0.788
0.781
0.782
0.783
0.79
0.795
0.788
0.787
0.79
0.794
0.791
0.79
0.795
0.794
0.783
0.787
0.794
0.791
0.794
0.785
0.791
0.799
0.799
0.791
0.794
0.794
0.798
0.794
0.791
0.798
0.794
0.8
0.795
0.793
0.795
0.794
0.792
0.783
0.783
0.783
0.786
0.791
0.787
0.785
0.789
0.797
0.786
0.786
0.785
0.79
0.785
0.784
0.786
0.789
0.793
0.791
0.791
0.791
0.793
0.787
0.786
0.793
0.789
0.791
0.789
0.788
0.785
0.785
0.782
0.788
0.784
0.788
0.784
0.784
0.782
0.781
0.782
0.789
0.788
0.789
0.79
0.79
0.787
0.787
0.786
0.79
0.793
0.793
0.796
0.792
0.791
0.789
0.794
0.79
0.793
0.787
0.787
0.788
0.789
0.788
0.789
0.789
0.79
0.789
0.792
0.787
0.79
0.791
0.795
0.795
0.792
0.793
0.799
0.801
0.805
0.802
0.804
0.805
0.801
0.805
0.805
0.805
0.812
0.812
0.811
0.811
0.809
0.807
0.81
0.804
0.804
0.849
0.817
0.816
0.813
0.802
0.814
0.807
0.807
0.806
0.805
0.793
0.79
0.799
0.801
0.802
0.796
0.799
0.797
0.796
0.801
0.793
0.795
0.795
0.799
0.799
0.798
0.795
0.793
0.792
0.79
0.79
0.794
0.795
0.794
0.798
0.8
0.794
0.799
0.794
0.794
0.794
0.794
0.791
0.792
0.797
0.797
0.789
0.802
0.801
0.794
0.798
0.796
0.802
0.798
0.795
0.801
0.801
0.802
0.804
0.804
0.802
0.802
0.801
0.798
0.799
0.803
0.803
0.8
0.8
0.8
0.807
0.802
0.8
0.801
0.802
0.802
0.804
0.804
0.802
0.8
0.801
0.802
0.8
0.799
0.796
0.796
0.796
0.794
0.793
0.794
0.796
0.796
0.798
0.799
0.797
0.797
0.797
0.8
0.803
0.8
0.803
0.795
0.796
0.798
0.795
0.795
0.796
0.796
0.8
0.795
0.806
0.813
0.814
0.809
0.8
0.805
0.801
0.806
0.813
0.794
0.796
0.802
0.799
0.799
0.802
0.806
0.8
0.801
0.797
0.8
0.806
0.796
0.803
0.8
0.806
0.789
0.784
0.803
0.793
0.79
0.795
0.798
0.784
0.788
0.788
0.785
0.788
0.793
0.804
0.8
0.799
0.809
0.8
0.799
0.8
0.797
0.803
0.802
0.804
0.806
0.802
0.805
0.8
0.794
0.802
0.803
0.799
0.8
0.803
0.801
0.803
0.802
0.802
0.8
0.798
0.798
0.805
0.801
0.804
0.799
0.804
0.805
0.81
0.81
0.808
0.816
0.806
0.806
0.809
0.805
0.803
0.803
0.804
0.798
0.801
0.803
0.807
0.802
0.807
0.804
0.802
0.801
0.797
0.799
0.797
0.797
0.799
0.804
0.802
0.806
0.803
0.807
0.805
0.807
0.803
0.803
0.805
0.805
0.801
0.801
0.8
0.8
0.798
0.799
0.804
0.804
0.805
0.808
0.8
0.799
0.795
0.795
0.795
0.799
0.804
0.8
0.799
0.805
0.802
0.802
0.792
0.795
0.796
0.795
0.797
0.797
0.797
0.799
0.791
0.795
0.792
0.79
0.794
0.791
0.793
0.79
0.792
0.793
0.79
0.795
0.796
0.794
0.797
0.792
0.793
0.792
0.792
0.795
0.79
0.789
0.794
0.796
0.793
0.795
0.794
0.794
0.798
0.794
0.796
0.796
0.794
0.795
0.795
0.795
0.799
0.798
0.792
0.796
0.8
0.799
0.798
0.799
0.799
0.798
0.796
0.796
0.799
0.801
0.802
0.796
0.802
0.8
0.801
0.801
0.808
0.807
0.802
0.802
0.8
0.799
0.799
0.8
0.799
0.795
0.806
0.806
0.802
0.804
0.807
0.801
0.807
0.807
0.808
0.804
0.804
0.808
0.804
0.807
0.802
0.803
0.804
0.801
0.803
0.805
0.801
0.803
0.803
0.804
0.798
0.802
0.805
0.804
0.802
0.803
0.803
0.799
0.803
0.799
0.799
0.802
0.796
0.793
0.798
0.798
0.797
0.807
0.803
0.797
0.8
0.801
0.799
0.805
0.8
0.79
0.788
0.793
0.799
0.8
0.798
0.8
0.802
0.798
0.801
0.801
0.798
0.8
0.801
0.798
0.8
0.804
0.805
0.806
0.808
0.806
0.802
0.807
0.806
0.804
0.804
0.812
0.807
0.807
0.803
0.809
0.817
0.815
0.828
0.833
0.833
0.823
0.822
0.817
0.853
0.85
0.828
0.824
0.834
0.823
0.825
0.822
0.818
0.818
0.817
0.823
0.82
0.818
0.812
0.812
0.817
0.805
0.817
0.815
0.821
0.82
0.83
0.84
0.84
0.837
0.821
0.816
0.815
0.816
0.817
0.821
0.825
0.823
0.823
0.822
0.824
0.822
0.823
0.819
0.807
0.81
0.809
0.809
0.809
0.818
0.817
0.81
0.816
0.814
0.811
0.813
0.807
0.811
0.813
0.827
0.814
0.807
0.809
0.807
0.808
0.802
0.805
0.805
0.796
0.792
0.789
0.801
0.8
0.803
0.804
0.803
0.803
0.795
0.795
0.798
0.8
0.799
0.794
0.794
0.791
0.792
0.794
0.789
0.786
0.791
0.793
0.791
0.792
0.795
0.806
0.806
0.8
0.799
0.805
0.801
0.802
0.797
0.798
0.797
0.782
0.792
0.79
0.791
0.791
0.792
0.787
0.79
0.803
0.796
0.8
0.795
0.8
0.8
0.801
0.801
0.801
0.805
0.8
0.793
0.793
0.798
0.799
0.795
0.796
0.799
0.803
0.799
0.803
0.798
0.798
0.804
0.809
0.813
0.808
0.803
0.804
0.802
0.807
0.801
0.804
0.819
0.809
0.807
0.804
0.807
0.802
0.802
0.802
0.8
0.791
0.791
0.796
0.793
0.798
0.798
0.793
0.788
0.789
0.79
0.788
0.787
0.785
0.786
0.782
0.784
0.785
0.79
0.792
0.793
0.793
0.794
0.794
0.798
0.798
0.795
0.795
0.799
0.793
0.801
0.8
0.8
0.804
0.807
0.805
0.8
0.805
0.805
0.801
0.801
0.802
0.809
0.803
0.806
0.803
0.804
0.808
0.802
0.803
0.803
0.803
0.811
0.804
0.801
0.804
0.804
0.804
0.804
0.804
0.803
0.806
0.799
0.801
0.799
0.801
0.8
0.8
0.8
0.805
0.804
0.809
0.805
0.802
0.79
0.79
0.79
0.792
0.79
0.798
0.798
0.799
0.796
0.79
0.793
0.792
0.784
0.791
0.79
0.791
0.791
0.788
0.788
0.792
0.786
0.786
0.79
0.792
0.792
0.79
0.792
0.787
0.791
0.786
0.786
0.79
0.789
0.785
0.789
0.788
0.788
0.785
0.788
0.789
0.785
0.78
0.784
0.777
0.779
0.779
0.779
0.779
0.783
0.789
0.79
0.796
0.793
0.791
0.788
0.79
0.785
0.788
0.79
0.79
0.79
0.801
0.792
0.79
0.79
0.796
0.791
0.79
0.797
0.791
0.798
0.797
0.794
0.797
0.799
0.798
0.798
0.798
0.796
0.795
0.795
0.781
0.783
0.788
0.787
0.785
0.786
0.787
0.787
0.784
0.789
0.785
0.789
0.787
0.778
0.776
0.777
0.775
0.78
0.776
0.776
0.782
0.783
0.776
0.782
0.778
0.782
0.781
0.787
0.785
0.782
0.788
0.788
0.79
0.789
0.785
0.79
0.791
0.786
0.788
0.79
0.793
0.787
0.791
0.786
0.786
0.788
0.791
0.787
0.793
0.793
0.789
0.786
0.785
0.784
0.784
0.778
0.78
0.779
0.784
0.78
0.781
0.781
0.782
0.779
0.781
0.781
0.78
0.781
0.782
0.781
0.782
0.782
0.786
0.786
0.779
0.783
0.778
0.78
0.777
0.777
0.777
0.778
0.778
0.779
0.779
0.777
0.771
0.774
0.771
0.828
0.784
0.791
0.784
0.784
0.787
0.78
0.781
0.784
0.782
0.776
0.778
0.774
0.777
0.774
0.774
0.775
0.774
0.78
0.787
0.787
0.784
0.784
0.776
0.775
0.773
0.773
0.775
0.772
0.774
0.774
0.772
0.772
0.774
0.774
0.776
0.775
0.777
0.776
0.778
0.777
0.778
0.776
0.778
0.782
0.78
0.782
0.782
0.783
0.786
0.786
0.783
0.789
0.785
0.78
0.789
0.776
0.784
0.792
0.785
0.784
0.779
0.778
0.779
0.781
0.779
0.785
0.78
0.779
0.779
0.775
0.774
0.778
0.774
0.778
0.78
0.775
0.775
0.78
0.78
0.775
0.776
0.778
0.781
0.779
0.779
0.781
0.777
0.856
0.788
0.791
0.789
0.782
0.786
0.788
0.786
0.788
0.798
0.79
0.785
0.782
0.786
0.789
0.786
0.791
0.791
0.79
0.793
0.794
0.791
0.791
0.792
0.796
0.792
0.794
0.785
0.788
0.79
0.794
0.792
0.791
0.791
0.791
0.792
0.785
0.786
0.786
0.787
0.789
0.788
0.789
0.789
0.788
0.786
0.788
0.785
0.787
0.785
0.787
0.785
0.785
0.784
0.788
0.782
0.786
0.781
0.786
0.782
0.781
0.781
0.784
0.782
0.781
0.782
0.781
0.782
0.782
0.786
0.788
0.789
0.8
0.805
0.797
0.799
0.796
0.797
0.788
0.788
0.788
0.796
0.796
0.799
0.798
0.8
0.796
0.801
0.795
0.792
0.804
0.804
0.799
0.806
0.806
0.808
0.807
0.803
0.8
0.794
0.8
0.805
0.798
0.799
0.796
0.797
0.803
0.798
0.807
0.796
0.798
0.798
0.796
0.793
0.793
0.796
0.793
0.817
0.8
0.871
0.857
0.867
0.851
0.831
0.846
0.841
0.822
0.816
0.815
0.831
0.839
0.83
0.823
0.83
0.818
0.822
0.929
0.967
0.899
0.871
0.912
0.973
0.959
0.898
0.928
0.848
0.866
0.855
0.87
0.893
0.887
0.874
0.861
0.859
0.866
0.864
0.864
0.863
0.862
0.858
0.857
0.855
0.861
0.858
0.907
0.896
0.885
0.876
0.885
0.867
0.868
0.877
1.003
1.025
0.985
0.968
0.993
0.99
0.975
1.055
1.04
1.048
0.981
0.999
0.98
0.991
0.986
0.986
0.966
0.994
1.0
1.049
0.988
0.98
0.971
0.971
0.971
0.968
0.967
0.953
0.95
0.949
0.939
0.952
0.963
0.953
0.936
0.933
0.929
0.933
0.92
0.913
0.915
0.92
0.927
0.966
0.962
0.941
0.948
0.939
0.936
0.935
0.928
0.931
0.926
0.931
0.938
0.934
0.933
0.939
0.931
0.935
0.931
0.929
0.933
0.933
0.936
0.93
0.923
0.924
0.922
0.92
0.914
0.921
0.929
0.931
0.923
0.929
0.921
0.924
0.925
0.921
0.917
0.92
0.923
0.938
0.927
0.936
0.923
0.937
0.93
0.932
0.929
0.933
0.942
0.93
0.931
0.925
0.923
0.92
0.915
0.916
0.918
0.912
0.92
0.924
0.919
0.921
0.92
0.923
0.924
0.92
0.923
0.917
0.92
0.911
0.911
0.911
0.912
0.911
0.911
0.911
0.909
0.929
0.917
0.925
0.923
0.929
0.924
0.923
0.929
0.937
1.018
1.116
1.115
1.254
1.3
1.3
1.3
1.3
1.3
1.43
1.57
1.513
1.557
1.548
1.53
1.415
1.252
1.228
1.21
1.215
1.475
1.422
1.449
1.487
1.603
1.625
1.56
1.624
1.692
1.545
1.938
2.28
2.171
2.195
2.22
2.177
2.18
2.356
2.338
2.32
2.506
2.539
2.522
2.44
2.475
2.321
2.377
2.307
2.271
2.35
1.916
2.03
1.994
2.071
2.046
1.987
1.952
1.915
1.865
1.939
1.56
1.567
1.501
1.464
1.481
1.497
1.46
1.472
1.486
1.55
1.633
1.607
1.633
1.63
1.633
1.633
1.633
1.633
1.633
1.7
1.795
1.795
1.795
1.795
1.795
1.795
1.795
1.795
1.795
1.969
1.973
1.973
1.973
1.973
1.973
1.973
1.973
1.973
1.973
2.149
1.697
1.625
1.593
1.595
1.603
1.661
1.638
1.63
1.602
1.648
1.616
1.76
1.76
1.76
1.76
1.76
1.76
1.76
1.76
1.798
1.819
1.806
1.788
1.783
1.705
1.72
1.712
1.712
1.719
1.754
1.657
1.673
1.719
1.704
1.693
1.691
1.659
1.685
1.683
1.728
1.716
1.685
1.671
1.658
1.614
1.613
1.617
1.644
1.636
1.67
1.732
1.691
1.658
1.678
1.65
1.666
1.647
1.647
1.64
1.686
1.621
1.636
1.619
1.615
1.606
1.587
1.588
1.564
1.574
1.576
1.515
1.51
1.514
1.521
1.518
1.512
1.514
1.496
1.49
1.524
1.686
1.646
1.638
1.568
1.552
1.52
1.515
1.516
1.522
1.569
1.49
1.5
1.498
1.491
1.472
1.461
1.451
1.451
1.465
1.448
1.502
1.484
1.486
1.477
1.463
1.468
1.478
1.471
1.461
1.486
1.511
1.511
1.497
1.48
1.493
1.475
1.472
1.48
1.51
1.487
1.484
1.467
1.466
1.456
1.457
1.456
1.459
1.463
1.487
1.432
1.428
1.431
1.426
1.419
1.418
1.43
1.42
1.424
1.39
1.371
1.358
1.356
1.363
1.364
1.347
1.332
1.334
1.34
1.328
1.319
1.314
1.3
1.291
1.281
1.279
1.289
1.281
1.249
1.254
1.227
1.22
1.224
1.221
1.217
1.217
1.212
1.21
1.183
1.175
1.188
1.189
1.18
1.182
1.19
1.187
1.19
1.222
1.188
1.182
1.201
1.211
1.209
1.202
1.202
1.211
1.218
1.382
1.38
1.516
1.577
1.519
1.557
1.639
1.688
1.693
1.65
1.85
1.828
1.772
1.693
1.554
1.518
1.536
1.45
1.48
1.529
1.596
1.67
1.583
1.602
1.537
1.558
1.464
1.454
1.485
1.485
1.464
1.461
1.43
1.416
1.408
1.398
1.393
1.395
1.428
1.427
1.367
1.376
1.367
1.361
1.363
1.366
1.356
1.346
1.345
1.36
1.522
1.472
1.466
1.387
1.339
1.35
1.354
1.36
1.368
1.38
1.391
1.38
1.364
1.367
1.36
1.365
1.341
1.33
1.46
1.34
1.34
1.333
1.302
1.289
1.298
1.278
1.28
1.33
1.342
1.325
1.339
1.319
1.324
1.319
1.308
1.302
1.299
1.31
1.372
1.359
1.331
1.333
1.334
1.335
1.326
1.327
1.344
1.348
1.353
1.35
1.352
1.35
1.344
1.356
1.362
1.394
1.394
1.357
1.363
1.345
1.34
1.34
1.344
1.34
1.33
1.328
1.348
1.29
1.297
1.302
1.298
1.3
1.335
1.304
1.3
1.275
1.272
1.263
1.281
1.28
1.28
1.282
1.279
1.283
1.342
1.297
1.293
1.289
1.278
1.258
1.286
1.264
1.262
1.267
1.289
1.28
1.279
1.288
1.285
1.284
1.285
1.286
1.285
1.278
1.281
1.281
1.286
1.259
1.251
1.253
1.262
1.272
1.24
1.241
1.246
1.233
1.238
1.23
1.233
1.241
1.24
1.25
1.243
1.196
1.208
1.211
1.209
1.208
1.21
1.208
1.223
1.217
1.215
1.214
1.21
1.213
1.214
1.206
1.202
1.205
1.262
1.346
1.435
1.429
1.326
1.35
1.335
1.345
1.36
1.39
1.356
1.327
1.312
1.312
1.29
1.31
1.302
1.306
1.308
1.311
1.299
1.296
1.294
1.304
1.309
1.302
1.296
1.303
1.32
1.29
1.296
1.295
1.283
1.296
1.291
1.284
1.276
1.278
1.276
1.229
1.241
1.242
1.242
1.234
1.238
1.249
1.246
1.249
1.24
1.23
1.238
1.238
1.232
1.235
1.238
1.24
1.24
1.25
1.28
1.286
1.291
1.27
1.273
1.275
1.269
1.274
1.269
1.258
1.267
1.272
1.267
1.271
1.272
1.279
1.276
1.288
1.287
1.279
1.279
1.282
1.28
1.281
1.271
1.282
1.281
1.268
1.27
1.27
1.27
1.277
1.273
1.273
1.258
1.267
1.264
1.269
1.264
1.265
1.265
1.27
1.265
1.266
1.28
1.278
1.27
1.273
1.273
1.266
1.273
1.269
1.267
1.283
1.27
1.275
1.266
1.262
1.268
1.268
1.262
1.264
1.262
1.268
1.258
1.26
1.256
1.272
1.274
1.25
1.249
1.242
1.26
1.233
1.212
1.22
1.22
1.211
1.216
1.234
1.232
1.228
1.227
1.22
1.218
1.223
1.22
1.201
1.212
1.174
1.176
1.163
1.164
1.157
1.135
1.141
1.128
1.128
1.109
1.13
1.117
1.109
1.103
1.115
1.12
1.105
1.12
1.139
1.123
1.123
1.12
1.114
1.115
1.109
1.107
1.116
1.071
1.089
1.088
1.099
1.111
1.101
1.112
1.113
1.095
1.07
1.054
1.033
1.032
1.001
0.98
0.994
0.986
0.972
0.977
1.017
1.017
0.981
0.996
0.991
0.973
0.958
0.951
0.969
0.96
0.971
1.035
1.043
1.141
1.175
1.163
1.159
1.15
1.082
1.067
1.093
1.047
1.058
1.081
1.063
1.065
1.086
1.091
1.095
1.091
1.106
1.067
1.08
1.091
1.085
1.082
1.091
1.084
1.08
1.061
1.096
1.107
1.111
1.108
1.108
1.105
1.1
1.097
1.08
1.098
1.09
1.099
1.095
1.099
1.103
1.092
1.089
1.092
1.096
1.093
1.075
1.081
1.079
1.075
1.079
1.081
1.08
1.074
1.072
1.069
1.061
1.055
1.052
1.059
1.06
1.062
1.063
1.054
1.064
1.057
1.056
1.057
1.065
1.057
1.059
1.052
1.057
1.059
1.057
1.058
1.057
1.061
1.059
1.058
1.058
1.057
1.059
1.059
1.06
1.06
1.064
1.058
1.067
1.076
1.071
1.067
1.067
1.073
1.071
1.071
1.075
1.074
1.062
1.073
1.07
1.071
1.073
1.072
1.071
1.082
1.091
1.083
1.079
1.083
1.084
1.077
1.075
1.07
1.065
1.023
1.034
1.02
1.027
1.022
1.025
1.027
1.025
1.024
1.024
1.029
1.035
1.041
1.05
1.041
1.041
1.042
1.042
1.032
1.069
1.056
1.059
1.067
1.061
1.062
1.068
1.051
1.05
1.051
1.049
1.054
1.048
1.042
1.027
1.034
1.034
1.025
1.02
1.028
1.027
1.05
1.04
1.031
1.036
1.02
1.003
0.999
0.991
0.992
0.989
0.98
0.919
0.92
0.935
0.895
0.905
0.805
0.795
0.833
0.841
0.826
0.873
0.87
0.874
0.882
0.794
0.6
0.549
0.721
0.678
0.677
0.62
0.629
0.639
0.639
0.639
0.7
0.719
0.71
0.728
0.727
0.71
0.732
0.744
0.735
0.735
0.745
0.778
0.785
0.79
0.838
0.897
0.949
0.92
0.926
0.97
0.942
0.934
0.937
0.942
0.945
0.953
0.954
0.956
0.961
0.96
0.96
0.988
0.986
0.966
1.05
0.995
0.957
0.957
0.958
0.959
0.945
0.935
0.957
0.96
0.993
1.114
1.136
1.161
1.164
1.169
1.118
1.125
1.16
1.094
1.112
1.048
1.17
1.163
1.122
1.122
1.11
1.113
1.07
1.123
1.149
1.371
1.369
1.395
1.363
1.39
1.35
1.331
1.34
1.414
1.414
1.3
1.3
1.312
1.323
1.302
1.289
1.291
1.312
1.32
1.348
1.271
1.262
1.257
1.249
1.231
1.195
1.208
1.193
1.202
1.225
1.217
1.194
1.202
1.196
1.196
1.196
1.191
1.191
1.218
1.107
1.115
1.117
1.116
1.137
1.135
1.137
1.143
1.141
1.115
1.132
1.139
1.153
1.153
1.137
1.141
1.133
1.13
1.115
1.126
1.099
1.093
1.092
1.085
1.086
1.081
1.094
1.064
1.07
1.054
1.074
1.072
1.073
1.074
1.079
1.08
1.08
1.126
1.131
1.131
1.125
1.132
1.116
1.114
1.118
1.117
1.106
1.064
1.107
1.098
1.084
1.092
1.108
1.116
1.115
1.115
1.118
1.1
1.136
1.138
1.128
1.108
1.1
1.099
1.093
1.101
1.091
1.101
1.098
1.098
1.095
1.092
1.104
1.107
1.101
1.104
1.087
1.09
1.086
1.066
1.065
1.076
1.072
1.08
1.108
1.169
1.132
1.138
1.125
1.137
1.104
1.114
1.112
1.1
1.166
1.11
1.117
1.106
1.102
1.1
1.089
1.088
1.088
1.118
1.118
1.108
1.1
1.092
1.098
1.099
1.1
1.1
1.097
1.1
1.091
1.103
1.087
1.091
1.082
1.075
1.081
1.081
1.08
1.07
1.081
1.076
1.075
1.071
1.07
1.07
1.073
1.086
1.099
1.099
1.083
1.087
1.075
1.082
1.085
1.077
1.071
1.073
1.074
1.111
1.102
1.091
1.085
1.087
1.093
1.102
1.111
1.101
1.097
1.109
1.087
1.094
1.087
1.099
1.09
1.087
1.086
1.057
1.07
1.065
1.06
1.064
1.061
1.06
1.07
1.063
1.073
1.062
1.053
1.055
1.065
1.069
1.07
1.055
1.05
1.04
1.037
1.039
1.061
1.064
1.053
1.054
1.056
1.05
1.055
1.051
1.059
1.058
1.053
1.043
1.049
1.046
1.043
1.053
1.053
1.052
1.05
1.05
1.056
1.05
1.04
1.05
1.046
1.053
1.054
1.053
1.052
1.047
1.049
1.046
1.041
1.053
1.03
1.041
1.042
1.037
1.046
1.038
1.047
1.044
1.049
1.045
1.032
1.03
1.03
1.03
1.036
1.037
1.017
1.017
1.045
1.016
1.016
1.031
1.014
1.012
1.014
1.011
1.008
1.011
1.003
1.0
1.005
1.0
1.006
0.999
0.999
0.993
0.997
1.063
1.062
1.062
1.061
1.058
1.036
1.031
1.035
1.045
1.02
1.035
1.032
1.028
1.021
1.017
1.017
1.024
1.013
1.014
1.015
1.024
1.015
1.013
1.012
1.005
1.02
1.016
1.015
1.005
1.01
1.012
1.01
1.001
1.007
1.003
1.004
0.996
0.995
0.996
0.999
1.0
1.003
1.001
1.001
1.0
0.999
0.998
0.995
0.991
0.992
0.993
0.993
0.988
0.984
0.974
0.997
0.961
0.953
0.953
0.955
0.959
0.963
0.958
0.957
0.956
0.943
0.936
0.946
0.93
0.939
0.94
0.937
0.943
0.944
0.956
0.958
0.953
0.941
0.95
0.939
0.932
0.933
0.932
0.926
0.933
0.927
0.923
0.937
0.934
0.932
0.929
0.93
0.932
0.938
0.947
0.952
0.943
0.945
0.941
0.942
0.946
0.942
0.962
0.96
0.962
0.966
0.962
0.955
0.955
0.955
0.96
0.953
0.952
0.953
0.945
0.946
0.945
0.94
0.937
0.94
0.937
0.929
0.927
0.934
0.93
0.935
0.936
0.933
0.936
0.939
0.955
0.954
0.947
0.945
0.964
0.957
0.957
0.95
0.95
0.941
0.953
0.952
0.947
0.947
0.947
0.948
0.954
0.963
0.962
0.959
0.96
0.978
0.973
0.967
0.961
0.963
0.962
0.968
0.968
0.98
0.986
0.987
0.979
0.979
0.977
0.98
0.989
0.994
0.993
0.998
0.992
1.001
0.993
0.99
0.992
0.994
0.993
0.982
0.967
0.968
0.955
0.963
0.963
0.96
0.966
0.967
0.962
0.956
0.956
0.96
0.972
0.973
0.971
0.971
0.971
0.97
0.97
0.969
0.969
0.967
0.966
0.969
0.97
0.978
0.977
0.972
0.97
0.978
0.979
0.974
0.978
0.974
0.977
0.971
0.97
0.974
0.974
0.975
0.971
0.974
0.97
0.973
0.965
0.967
0.969
0.969
0.972
0.971
0.976
0.977
0.972
0.873
