close
850.0
850.0
910.0
910.0
944.2
944.2
1064.0
1072.0
1072.0
1082.1
1142.0
1080.0
1080.0
1130.0
1050.0
1142.0
1149.9
1150.0
1060.0
1111.1
1222.1
1199.9
900.0
1029.1
1000.0
900.0
850.0
967.0
968.0
999.0
877.0
877.5
999.9
900.1
1050.0
850.1
1105.1
1105.1
1105.1
1105.1
1105.1
1100.0
850.0
950.0
1000.0
1000.0
1000.0
850.0
840.1
820.0
850.0
850.0
1056.9
1057.0
1049.9
1099.0
1050.0
1050.0
950.0
951.0
950.0
831.0
1040.0
823.0
1034.0
1051.0
1051.0
750.0
800.0
776.0
771.0
900.0
900.0
899.0
900.0
900.0
900.0
900.0
900.0
900.0
900.0
900.0
900.0
900.0
900.0
949.0
949.0
949.0
945.0
905.0
905.0
910.0
900.0
900.0
900.0
800.0
880.0
880.0
880.0
1050.0
950.0
900.0
950.0
950.0
950.0
950.0
950.0
950.0
800.0
810.0
934.0
925.0
900.0
900.0
900.0
890.0
900.0
910.0
920.0
936.0
925.0
870.0
850.0
840.0
762.0
888.0
790.0
802.0
825.0
750.0
929.0
800.0
830.0
831.0
897.0
827.0
821.0
897.0
823.0
899.0
929.0
928.0
819.0
899.0
850.0
900.0
830.0
860.0
830.0
890.0
900.0
880.0
880.0
840.0
850.0
850.0
850.0
880.0
904.0
910.0
954.0
1065.0
1011.0
1040.0
1081.0
1126.0
1200.0
1198.0
1250.0
1250.0
1250.0
1598.0
1300.0
1201.0
1250.0
1250.0
1389.0
1252.0
1252.0
1200.0
1255.0
1300.0
1379.0
1385.0
1200.0
1400.0
1281.0
1286.0
1286.0
1300.0
1350.0
1365.0
1313.0
1350.0
1400.0
1330.0
1400.0
1428.0
1355.0
1450.0
1400.0
1400.0
1440.0
1440.0
1440.0
1440.0
1439.0
1472.0
1520.0
1480.0
1507.0
1449.0
1500.0
1510.0
1471.0
1455.0
1600.0
1480.0
1530.0
1650.0
1700.0
1700.0
1630.0
1645.0
1630.0
1611.0
1628.0
1640.0
1619.0
1570.0
1600.0
1615.0
1600.0
1600.0
1650.0
1600.0
1555.0
1555.0
1550.0
1550.0
1550.0
1550.0
1512.0
1500.0
1524.0
1540.0
1520.0
1300.0
1450.0
1450.0
1435.0
1450.0
1451.0
1420.0
1407.0
1216.0
1315.0
1250.0
1200.0
1194.0
1150.0
1125.0
1112.0
1140.0
1140.0
1110.0
1148.0
1148.0
1138.0
1150.0
1150.0
1151.0
1140.0
1160.0
1160.0
1160.0
1150.0
1160.0
1164.0
1174.0
1174.0
1165.0
1161.0
1160.0
1159.0
1137.0
1158.0
1131.0
1131.0
1148.0
1237.0
1225.0
1270.0
1231.0
1189.0
1211.0
1181.0
1163.0
1184.0
1170.0
1179.0
1194.0
1200.0
1211.0
1200.0
1200.0
1185.0
1214.0
1210.0
1200.0
1199.0
1210.0
1219.0
1331.0
1254.0
1291.0
1270.0
1260.0
1250.0
1240.0
1230.0
1220.0
1210.0
1200.0
1155.0
994.0
1188.0
1188.0
1200.0
1214.0
1090.0
1178.0
1187.0
1187.0
1200.0
1197.0
1190.0
1185.0
1198.0
1190.0
1185.0
1181.0
1194.0
1185.0
1184.0
1185.0
1185.0
1181.0
1214.0
1210.0
1180.0
1115.0
1137.0
1148.0
1125.0
1147.0
1151.0
1152.0
1174.0
1155.0
1170.0
1184.0
1218.0
1210.0
1200.0
1214.0
1323.0
1325.0
1459.0
1289.0
1300.0
1420.0
1300.0
1300.0
1300.0
1276.0
1300.0
1300.0
1224.0
1220.0
1247.0
1220.0
1211.0
1278.0
1248.0
1287.0
1300.0
1207.0
1294.0
1307.0
1287.0
1287.0
1298.0
1301.0
1292.0
1320.0
1320.0
1302.0
1301.0
1275.0
1281.0
1299.0
1359.0
1341.0
1303.0
1337.0
1321.0
1200.0
1308.0
1324.0
1324.0
1327.0
1311.0
1300.0
1324.0
1300.0
1324.0
1344.0
1350.0
1359.0
1340.0
1324.0
1325.0
1347.0
1350.0
1350.0
1350.0
1350.0
1350.0
1350.0
1355.0
1350.0
1350.0
1351.0
1350.0
1350.0
1350.0
1363.0
1379.0
1350.0
1355.0
1353.0
1353.0
1370.0
1387.0
1372.0
1371.0
1386.0
1361.0
1350.0
1403.0
1427.0
1400.0
1395.0
1390.0
1390.0
1430.0
1400.0
1380.0
1355.0
1355.0
1355.0
1335.0
1305.0
1285.0
1320.0
1330.0
1350.0
1365.0
1375.0
1395.0
1300.0
1460.0
1515.0
1540.0
1540.0
1505.0
1530.0
1600.0
1600.0
1640.0
1675.0
1750.0
1750.0
1860.0
1750.0
1760.0
1740.0
1800.0
1750.0
1745.0
1795.0
1790.0
1765.0
1800.0
1770.0
1750.0
1785.0
1780.0
1790.0
1890.0
1830.0
1800.0
1800.0
1770.0
1760.0
1815.0
1805.0
1840.0
1805.0
1805.0
2000.0
2000.0
1935.0
1920.0
1940.0
2000.0
1990.0
2005.0
2010.0
2000.0
2020.0
1985.0
2020.0
2035.0
2040.0
2035.0
2010.0
1980.0
2020.0
2045.0
2015.0
2015.0
1985.0
1955.0
1985.0
1920.0
1910.0
1970.0
1980.0
2050.0
2100.0
2055.0
2045.0
2030.0
2060.0
2055.0
2060.0
2090.0
2095.0
1955.0
2010.0
2095.0
2050.0
2040.0
2060.0
2030.0
2030.0
2025.0
1975.0
2000.0
2010.0
2040.0
2065.0
2195.0
2150.0
2290.0
2445.0
2410.0
2400.0
2640.0
2640.0
2740.0
2840.0
2900.0
3435.0
3680.0
3650.0
3675.0
3000.0
2950.0
2850.0
2790.0
2820.0
2985.0
2985.0
2950.0
2820.0
2855.0
2790.0
2825.0
2780.0
2775.0
2730.0
2885.0
2885.0
2945.0
2960.0
2915.0
2730.0
2665.0
2600.0
2400.0
2370.0
2470.0
2405.0
2470.0
2450.0
2520.0
2460.0
2520.0
2560.0
2615.0
2565.0
2570.0
2525.0
2530.0
2580.0
2590.0
2620.0
2700.0
2550.0
2515.0
2525.0
2525.0
2570.0
2580.0
2580.0
2565.0
2575.0
2675.0
2645.0
2535.0
2635.0
2745.0
2750.0
2685.0
2650.0
2600.0
2600.0
2565.0
2820.0
3030.0
3290.0
2880.0
2930.0
2935.0
2840.0
3100.0
2985.0
2925.0
2965.0
2805.0
2895.0
2805.0
2735.0
2620.0
2650.0
2630.0
2630.0
2580.0
2940.0
2940.0
3100.0
3090.0
2995.0
3200.0
3165.0
2850.0
2895.0
2850.0
2850.0
2895.0
2710.0
2830.0
2850.0
2800.0
2930.0
2800.0
2890.0
2800.0
2865.0
2870.0
2910.0
2940.0
2880.0
2800.0
2800.0
2910.0
3050.0
3100.0
3080.0
3060.0
3045.0
3090.0
3110.0
3350.0
3350.0
3210.0
3200.0
3105.0
3080.0
3000.0
2950.0
3055.0
3050.0
2970.0
2925.0
2840.0
2930.0
2930.0
2900.0
2975.0
3015.0
2980.0
2925.0
2985.0
3040.0
3085.0
3265.0
3350.0
3475.0
3325.0
3385.0
3385.0
3330.0
3280.0
3260.0
3100.0
2905.0
3000.0
2960.0
2960.0
2960.0
3050.0
3110.0
3245.0
2950.0
2950.0
2950.0
3030.0
3025.0
2950.0
2500.0
2500.0
2565.0
2450.0
2565.0
2585.0
2500.0
2500.0
2200.0
2195.0
2200.0
2175.0
2150.0
2150.0
2150.0
2135.0
2125.0
2100.0
2125.0
2100.0
2030.0
2125.0
2125.0
2125.0
2070.0
2125.0
2125.0
2280.0
2305.0
2305.0
2295.0
2250.0
2300.0
2335.0
2225.0
2275.0
2300.0
2300.0
2300.0
2285.0
2200.0
2270.0
2270.0
2275.0
2200.0
2150.0
2310.0
2300.0
2315.0
2315.0
2305.0
2295.0
2295.0
2220.0
2215.0
2220.0
2250.0
2230.0
2225.0
2250.0
2200.0
2155.0
2190.0
2210.0
2200.0
2100.0
2100.0
2080.0
2130.0
2085.0
2085.0
2100.0
2160.0
2120.0
2150.0
2010.0
2120.0
2330.0
2565.0
2545.0
2595.0
2515.0
2590.0
2595.0
2525.0
2625.0
2605.0
2580.0
2525.0
2430.0
2470.0
2425.0
2450.0
2450.0
2370.0
2395.0
2375.0
2355.0
2345.0
2300.0
2300.0
2300.0
2250.0
2250.0
2195.0
2195.0
2190.0
2150.0
2095.0
2080.0
2075.0
2095.0
2095.0
2095.0
2090.0
2095.0
2095.0
2095.0
2050.0
2050.0
2050.0
2045.0
2050.0
2050.0
2050.0
2050.0
2050.0
2050.0
2045.0
2045.0
2040.0
2045.0
2040.0
1990.0
1995.0
1995.0
1995.0
1995.0
1995.0
1995.0
1995.0
1995.0
2005.0
2005.0
2130.0
1995.0
1995.0
1995.0
1995.0
1990.0
1995.0
1995.0
1995.0
1995.0
1995.0
2060.0
1995.0
1990.0
1990.0
1990.0
2060.0
2100.0
1990.0
1990.0
1960.0
1950.0
1990.0
1950.0
1950.0
1940.0
2030.0
1950.0
1900.0
1890.0
1890.0
1890.0
1890.0
1890.0
1910.0
1950.0
1890.0
1910.0
1900.0
1910.0
1950.0
1950.0
1960.0
1960.0
1890.0
1890.0
1890.0
1930.0
1920.0
1890.0
1890.0
1890.0
1890.0
1890.0
1890.0
1890.0
1890.0
1890.0
1890.0
1890.0
1800.0
1800.0
1820.0
1870.0
1940.0
1870.0
1820.0
1880.0
1880.0
1880.0
1880.0
1940.0
1940.0
1930.0
1930.0
1920.0
1860.0
1870.0
1920.0
1900.0
1910.0
1930.0
1930.0
1880.0
1900.0
1910.0
1900.0
1920.0
1920.0
1910.0
1910.0
1920.0
1920.0
1920.0
1950.0
1900.0
1900.0
1900.0
1860.0
1900.0
1930.0
1930.0
1930.0
1930.0
1930.0
1920.0
1930.0
1930.0
1930.0
1930.0
1930.0
1930.0
1920.0
1930.0
1930.0
1870.0
1840.0
1800.0
1820.0
1830.0
1840.0
1820.0
1830.0
1820.0
1830.0
1830.0
1820.0
1810.0
1810.0
1810.0
1810.0
1810.0
1790.0
1810.0
1780.0
1800.0
1730.0
1660.0
1700.0
1700.0
1700.0
1710.0
1680.0
1710.0
1710.0
1700.0
1670.0
1700.0
1700.0
1670.0
1690.0
1680.0
1690.0
1700.0
1650.0
1660.0
1680.0
1650.0
1650.0
1780.0
1760.0
1780.0
1770.0
1740.0
1700.0
1720.0
1700.0
1720.0
1730.0
1720.0
1720.0
1720.0
1730.0
1670.0
1610.0
1670.0
1670.0
1680.0
1670.0
1700.0
1700.0
1700.0
1700.0
1720.0
1750.0
1750.0
1780.0
1800.0
1810.0
1770.0
1800.0
1830.0
1850.0
1820.0
1860.0
1770.0
1830.0
1840.0
1840.0
1900.0
1860.0
1860.0
1850.0
1720.0
1620.0
1550.0
1500.0
1470.0
1490.0
1470.0
1450.0
1460.0
1450.0
1440.0
1420.0
1360.0
1400.0
1430.0
1400.0
1400.0
1390.0
1390.0
1410.0
1310.0
1350.0
1360.0
1370.0
1360.0
1380.0
1400.0
1330.0
1330.0
1330.0
1330.0
1330.0
1330.0
1330.0
1250.0
1290.0
1300.0
1310.0
1320.0
1320.0
1240.0
1280.0
1290.0
1320.0
1300.0
1300.0
1310.0
1300.0
1300.0
1290.0
1300.0
1290.0
1300.0
1300.0
1300.0
1300.0
1300.0
1300.0
1280.0
1280.0
1240.0
1290.0
1280.0
1270.0
1260.0
1270.0
1290.0
1280.0
1290.0
1290.0
1330.0
1300.0
1300.0
1330.0
1330.0
1330.0
1330.0
1330.0
1300.0
1290.0
1300.0
1300.0
1300.0
1300.0
1300.0
1370.0
1350.0
1390.0
1330.0
1330.0
1340.0
1340.0
1340.0
1330.0
1340.0
1340.0
1340.0
1320.0
1320.0
1320.0
1320.0
1320.0
1320.0
1330.0
1330.0
1320.0
1300.0
1300.0
1300.0
1300.0
1300.0
1300.0
1300.0
1260.0
1260.0
1280.0
1270.0
1270.0
1280.0
1280.0
1270.0
1290.0
1240.0
1280.0
1280.0
1300.0
1300.0
1310.0
1300.0
1290.0
1300.0
1300.0
1320.0
1290.0
1310.0
1310.0
1310.0
1320.0
1350.0
1320.0
1360.0
1350.0
1350.0
1350.0
1320.0
1330.0
1350.0
1330.0
1360.0
1330.0
1320.0
1310.0
1310.0
1300.0
1300.0
1310.0
1310.0
1320.0
1310.0
1290.0
1240.0
1290.0
1290.0
1290.0
1290.0
1280.0
1290.0
1290.0
1300.0
1280.0
1310.0
1280.0
1290.0
1290.0
1290.0
1290.0
1260.0
1290.0
1300.0
1320.0
1330.0
1360.0
1300.0
1330.0
1330.0
1310.0
1310.0
1310.0
1330.0
1350.0
1340.0
1360.0
1350.0
1340.0
1350.0
1330.0
1340.0
1330.0
1340.0
1350.0
1350.0
1340.0
1330.0
1340.0
1320.0
1330.0
1330.0
1350.0
1340.0
1350.0
1350.0
1350.0
1340.0
1340.0
1340.0
1380.0
1370.0
1380.0
1360.0
1350.0
1370.0
1370.0
1370.0
1390.0
1390.0
1400.0
1400.0
1400.0
1410.0
1410.0
1420.0
1410.0
1390.0
1410.0
1410.0
1400.0
1430.0
1440.0
1440.0
1430.0
1450.0
1440.0
1450.0
1440.0
1450.0
1450.0
1440.0
1450.0
1450.0
1450.0
1450.0
1440.0
1450.0
1450.0
1450.0
1480.0
1470.0
1480.0
1470.0
1460.0
1450.0
1450.0
1450.0
1480.0
1450.0
1470.0
1460.0
1510.0
1540.0
1550.0
1520.0
1510.0
1560.0
1560.0
1580.0
1580.0
1610.0
1590.0
1590.0
1600.0
1590.0
1580.0
1620.0
1600.0
1740.0
1650.0
1730.0
1740.0
1750.0
1700.0
1830.0
1750.0
1790.0
1770.0
1790.0
1760.0
1760.0
1790.0
1740.0
1730.0
1730.0
1720.0
1720.0
1740.0
1740.0
1740.0
1720.0
1720.0
1710.0
1700.0
1700.0
1690.0
1680.0
1660.0
1630.0
1630.0
1640.0
1630.0
1630.0
1640.0
1650.0
1640.0
1640.0
1630.0
1640.0
1670.0
1650.0
1600.0
1560.0
1580.0
1710.0
1710.0
1680.0
1630.0
1630.0
1620.0
1650.0
1650.0
1630.0
1630.0
1620.0
1650.0
1620.0
1640.0
1640.0
1620.0
1610.0
1610.0
1600.0
1590.0
1600.0
1630.0
1640.0
1660.0
1640.0
1620.0
1560.0
1550.0
1550.0
1550.0
1550.0
1540.0
1560.0
1580.0
1550.0
1550.0
1540.0
1540.0
1550.0
1540.0
1570.0
1520.0
1540.0
1550.0
1550.0
1530.0
1490.0
1480.0
1520.0
1520.0
1540.0
1550.0
1530.0
1540.0
1510.0
1500.0
1500.0
1500.0
1490.0
1490.0
1490.0
1470.0
1460.0
1520.0
1520.0
1510.0
1510.0
1420.0
1450.0
1500.0
1500.0
1500.0
1500.0
1510.0
1500.0
1490.0
1500.0
1510.0
1520.0
1520.0
1520.0
1550.0
1530.0
1540.0
1550.0
1550.0
1570.0
1560.0
1560.0
1570.0
1570.0
1570.0
1560.0
1550.0
1550.0
1540.0
1550.0
1560.0
1580.0
1550.0
1550.0
1560.0
1560.0
1560.0
1530.0
1550.0
1580.0
1560.0
1550.0
1580.0
1560.0
1540.0
1550.0
1570.0
1590.0
1550.0
1520.0
1540.0
1510.0
1520.0
1530.0
1530.0
1570.0
1560.0
1590.0
1500.0
1540.0
1530.0
1530.0
1520.0
1510.0
1540.0
1550.0
1530.0
1520.0
1500.0
1480.0
1490.0
1490.0
1460.0
1440.0
1430.0
1460.0
1440.0
1420.0
1470.0
1440.0
1470.0
1470.0
1520.0
1510.0
1490.0
1500.0
1430.0
1430.0
1430.0
1450.0
1450.0
1420.0
1450.0
1460.0
1490.0
1460.0
1450.0
1450.0
1440.0
1460.0
1410.0
1440.0
1450.0
1450.0
1420.0
1410.0
1430.0
1450.0
1470.0
1470.0
1450.0
1480.0
1470.0
1460.0
1450.0
1450.0
1450.0
1440.0
1470.0
1470.0
1450.0
1450.0
1450.0
1400.0
1420.0
1420.0
1430.0
1440.0
1450.0
1470.0
1470.0
1470.0
1470.0
1460.0
1520.0
1550.0
1510.0
1510.0
1500.0
1500.0
1510.0
1500.0
1440.0
1450.0
1470.0
1440.0
1470.0
1420.0
1420.0
1400.0
1440.0
1470.0
1470.0
1460.0
1440.0
1430.0
1440.0
1470.0
1790.0
1620.0
1550.0
1560.0
1510.0
1530.0
1500.0
1530.0
1600.0
1780.0
1710.0
1720.0
1700.0
1690.0
1710.0
1720.0
1680.0
1650.0
1680.0
1620.0
1650.0
1630.0
1560.0
1580.0
1540.0
1610.0
1600.0
1610.0
1600.0
1610.0
1590.0
1630.0
1620.0
1580.0
1570.0
1580.0
1580.0
1560.0
1590.0
1570.0
1570.0
1570.0
1560.0
1590.0
1590.0
1550.0
1570.0
1590.0
1610.0
1630.0
1630.0
1610.0
1630.0
1600.0
1590.0
1580.0
1580.0
1570.0
1530.0
1540.0
1550.0
1540.0
1530.0
1570.0
1560.0
1550.0
1560.0
1560.0
1540.0
1500.0
1510.0
1530.0
1530.0
1520.0
1540.0
1520.0
1540.0
1540.0
1500.0
1470.0
1460.0
1470.0
1500.0
1500.0
1520.0
1510.0
1530.0
1530.0
1530.0
1530.0
1520.0
1520.0
1560.0
1550.0
1530.0
1550.0
1550.0
1550.0
1520.0
1510.0
1520.0
1530.0
1540.0
1530.0
1530.0
1540.0
1540.0
1540.0
1540.0
1520.0
1500.0
1510.0
1520.0
1520.0
1540.0
1540.0
1530.0
1530.0
1520.0
1530.0
1490.0
1500.0
1530.0
1560.0
1540.0
1510.0
1530.0
1520.0
1510.0
1530.0
1510.0
1510.0
1510.0
1500.0
1510.0
1540.0
1530.0
1570.0
1560.0
1540.0
1580.0
1570.0
1630.0
1630.0
1600.0
1580.0
1580.0
1570.0
1550.0
1530.0
1550.0
1560.0
1560.0
1570.0
1560.0
1590.0
1640.0
1650.0
1650.0
1650.0
1670.0
1660.0
1650.0
1680.0
1670.0
1660.0
1670.0
1670.0
1650.0
1660.0
1660.0
1670.0
1670.0
1650.0
1650.0
1680.0
1680.0
1670.0
1690.0
1680.0
1680.0
1700.0
1700.0
1700.0
1680.0
1650.0
1670.0
1700.0
1710.0
1700.0
1700.0
1700.0
1700.0
1690.0
1670.0
1680.0
1710.0
1710.0
1680.0
1680.0
1680.0
1670.0
1690.0
1680.0
1680.0
1700.0
1690.0
1650.0
1650.0
1700.0
1690.0
1700.0
1690.0
1690.0
1700.0
1690.0
1680.0
1700.0
1700.0
1700.0
1720.0
1710.0
1710.0
1690.0
1720.0
1710.0
1690.0
1690.0
1710.0
1660.0
1710.0
1690.0
1720.0
1690.0
1710.0
1690.0
1690.0
1720.0
1720.0
1690.0
1680.0
1700.0
1680.0
1680.0
1690.0
1690.0
1690.0
1700.0
1700.0
1710.0
1700.0
1730.0
1720.0
1700.0
1700.0
1700.0
1710.0
1720.0
1720.0
1720.0
1720.0
1700.0
1720.0
1720.0
1720.0
1690.0
1720.0
1720.0
1720.0
1710.0
1730.0
1700.0
1710.0
1700.0
1700.0
1700.0
1710.0
1700.0
1710.0
1710.0
1700.0
1700.0
1670.0
1700.0
1690.0
1700.0
1690.0
1680.0
1680.0
1700.0
1670.0
1700.0
1680.0
1690.0
1710.0
1710.0
1720.0
1720.0
1710.0
1720.0
1710.0
1690.0
1710.0
1690.0
1710.0
1710.0
1710.0
1700.0
1710.0
1700.0
1710.0
1710.0
1700.0
1700.0
1700.0
1660.0
1660.0
1640.0
1640.0
1660.0
1660.0
1640.0
1660.0
1650.0
1710.0
1690.0
1690.0
1590.0
1640.0
1610.0
1600.0
1630.0
1630.0
1630.0
1600.0
1590.0
1580.0
1600.0
1600.0
1610.0
1660.0
1640.0
1680.0
1670.0
1650.0
1650.0
1610.0
1630.0
1690.0
1690.0
1720.0
1670.0
1750.0
1770.0
1760.0
1770.0
1730.0
1630.0
1740.0
1620.0
1670.0
1650.0
1630.0
1620.0
1660.0
1710.0
1790.0
1690.0
1690.0
1680.0
1700.0
1750.0
1710.0
1780.0
1750.0
1670.0
1640.0
1690.0
1660.0
1680.0
1680.0
1690.0
1720.0
1740.0
1740.0
1690.0
1700.0
1730.0
1730.0
1690.0
1680.0
1720.0
1730.0
1700.0
1690.0
1710.0
1670.0
1670.0
1660.0
1690.0
1660.0
1670.0
1670.0
1690.0
1690.0
1660.0
1670.0
1680.0
1660.0
1680.0
1690.0
1660.0
1660.0
1650.0
1650.0
1650.0
1650.0
1650.0
1660.0
1650.0
1650.0
1650.0
1650.0
1640.0
1630.0
1630.0
1630.0
1660.0
1640.0
1630.0
1650.0
1630.0
1630.0
1610.0
1600.0
1600.0
1600.0
1600.0
1630.0
1630.0
1640.0
1650.0
1610.0
1610.0
1630.0
1610.0
1600.0
1600.0
1600.0
1590.0
1600.0
1600.0
1600.0
1610.0
1600.0
1600.0
1600.0
1600.0
1590.0
1590.0
1590.0
1580.0
1610.0
1590.0
1590.0
1580.0
1550.0
1540.0
1540.0
1550.0
1510.0
1570.0
1580.0
1600.0
1600.0
1620.0
1610.0
1620.0
1640.0
1620.0
1600.0
1590.0
1580.0
1580.0
1570.0
1620.0
1650.0
1590.0
1630.0
1630.0
1630.0
1610.0
1600.0
1610.0
1600.0
1600.0
1630.0
1600.0
1720.0
1720.0
1710.0
1700.0
1650.0
1650.0
1700.0
1750.0
1700.0
1690.0
1690.0
1680.0
1730.0
1680.0
1710.0
1680.0
1650.0
1680.0
1710.0
1700.0
1700.0
1700.0
1700.0
1670.0
1730.0
1690.0
1680.0
1710.0
1710.0
1700.0
1730.0
1730.0
1700.0
1700.0
1700.0
1700.0
1730.0
1730.0
1680.0
1680.0
1680.0
1650.0
1690.0
1690.0
1700.0
1710.0
1660.0
1670.0
1660.0
1690.0
1700.0
1700.0
1700.0
1660.0
1630.0
1650.0
1650.0
1610.0
1600.0
1590.0
1580.0
1650.0
1670.0
1670.0
1670.0
1660.0
1670.0
1660.0
1670.0
1650.0
1660.0
1660.0
1660.0
1650.0
1650.0
1640.0
1640.0
1650.0
1650.0
1660.0
1650.0
1650.0
1640.0
1630.0
1640.0
1640.0
1620.0
1620.0
1610.0
1610.0
1610.0
1620.0
1640.0
1640.0
1650.0
1650.0
1630.0
1630.0
1640.0
1640.0
1610.0
1610.0
1610.0
1640.0
1640.0
1650.0
1630.0
1650.0
1640.0
1650.0
1790.0
1660.0
1700.0
1710.0
1730.0
1740.0
1780.0
1690.0
1710.0
1680.0
1700.0
1690.0
1730.0
1690.0
1730.0
1650.0
1710.0
1700.0
1700.0
1700.0
1680.0
1700.0
1710.0
1700.0
1700.0
1700.0
1700.0
1670.0
1670.0
1690.0
1670.0
1700.0
1670.0
1660.0
1680.0
1670.0
1690.0
1700.0
1690.0
1690.0
1670.0
1660.0
1660.0
1660.0
1700.0
1660.0
1640.0
1670.0
1650.0
1650.0
1650.0
1650.0
1650.0
1650.0
1640.0
1640.0
1610.0
1550.0
1560.0
1580.0
1600.0
1610.0
1620.0
1590.0
1630.0
1630.0
1620.0
1620.0
1600.0
1620.0
1640.0
1620.0
1630.0
1610.0
1590.0
1620.0
1630.0
1650.0
1630.0
1610.0
1620.0
1640.0
1650.0
1610.0
1580.0
1610.0
1630.0
1500.0
1490.0
1360.0
1440.0
1450.0
1460.0
1470.0
1470.0
1510.0
1580.0
1560.0
1530.0
1510.0
1520.0
1510.0
1490.0
1450.0
1310.0
1320.0
1320.0
1310.0
1330.0
1340.0
1320.0
1320.0
1310.0
1250.0
1280.0
1310.0
1320.0
1320.0
1320.0
1320.0
1350.0
1350.0
1330.0
1350.0
1330.0
1320.0
1340.0
1330.0
1350.0
1350.0
1350.0
1360.0
1340.0
1340.0
1350.0
1330.0
1350.0
1330.0
1330.0
1340.0
1340.0
1350.0
1350.0
1350.0
1350.0
1360.0
1370.0
1340.0
1350.0
1350.0
1340.0
1370.0
1350.0
1340.0
1360.0
1360.0
1360.0
1280.0
1330.0
1330.0
1330.0
1350.0
1350.0
1330.0
1320.0
1320.0
1320.0
1320.0
1320.0
1320.0
1340.0
1340.0
1330.0
1330.0
1350.0
1320.0
1350.0
1330.0
1320.0
1350.0
1340.0
1340.0
1350.0
1330.0
1340.0
1350.0
1360.0
1360.0
1400.0
1370.0
1390.0
1370.0
1400.0
1400.0
1380.0
1380.0
1380.0
1370.0
1390.0
1380.0
1400.0
1380.0
1400.0
1400.0
1430.0
1430.0
1420.0
1390.0
1410.0
1440.0
1440.0
1420.0
1430.0
1430.0
1430.0
1430.0
1430.0
1430.0
1440.0
1450.0
1430.0
1430.0
1430.0
1420.0
1440.0
1430.0
1440.0
1450.0
1450.0
1460.0
1440.0
1430.0
1430.0
1430.0
1420.0
1510.0
1480.0
1500.0
1470.0
1470.0
1490.0
1470.0
1440.0
1450.0
1480.0
1490.0
1500.0
1500.0
1500.0
1480.0
1500.0
1500.0
1500.0
1500.0
1480.0
1490.0
1470.0
1450.0
1500.0
1510.0
1490.0
1510.0
1650.0
1620.0
1580.0
1580.0
1580.0
1600.0
1600.0
1580.0
1570.0
1600.0
1570.0
1560.0
1570.0
1550.0
1550.0
1540.0
1570.0
1550.0
1560.0
1560.0
1610.0
1610.0
1610.0
1600.0
1580.0
1610.0
1610.0
1600.0
1610.0
1590.0
1590.0
1590.0
1600.0
1620.0
1630.0
1620.0
1620.0
1620.0
1610.0
1620.0
1630.0
1670.0
1650.0
1630.0
1670.0
1670.0
1670.0
1670.0
1680.0
1630.0
1680.0
1670.0
1670.0
1660.0
1670.0
1660.0
1680.0
1680.0
1680.0
1670.0
1670.0
1680.0
1680.0
1680.0
1700.0
1710.0
1640.0
1700.0
1710.0
1710.0
1700.0
1700.0
1700.0
1700.0
1710.0
1690.0
1690.0
1700.0
1700.0
1690.0
1700.0
1680.0
1700.0
1700.0
1680.0
1690.0
1690.0
1660.0
1690.0
1690.0
1700.0
1670.0
1690.0
1700.0
1670.0
1670.0
1670.0
1670.0
1690.0
1690.0
1680.0
1690.0
1680.0
1710.0
1700.0
1700.0
1680.0
1690.0
1680.0
1700.0
1700.0
1680.0
1700.0
1690.0
1690.0
1680.0
1690.0
1690.0
1680.0
1720.0
1690.0
1710.0
1720.0
1700.0
1700.0
1710.0
1720.0
1710.0
1710.0
1700.0
1700.0
1710.0
1700.0
1720.0
1720.0
1710.0
1700.0
1710.0
1720.0
1720.0
1720.0
1730.0
1750.0
1740.0
1730.0
1740.0
1740.0
1740.0
1730.0
1750.0
1740.0
1750.0
1740.0
1740.0
1750.0
1750.0
1750.0
1750.0
1750.0
1750.0
1750.0
1750.0
1720.0
1700.0
1750.0
1750.0
1750.0
1700.0
1710.0
1710.0
1730.0
1700.0
1710.0
1720.0
1710.0
1710.0
1730.0
1720.0
1740.0
1740.0
1740.0
1750.0
1760.0
1760.0
1750.0
1760.0
1770.0
1850.0
1720.0
1840.0
1850.0
1830.0
1830.0
1830.0
1830.0
1830.0
1860.0
1840.0
1850.0
1860.0
1860.0
1860.0
1870.0
1960.0
1950.0
2000.0
2020.0
2010.0
2000.0
2000.0
2000.0
2020.0
2000.0
2000.0
1990.0
1990.0
2000.0
1960.0
1990.0
1960.0
1960.0
1950.0
1930.0
1950.0
2010.0
1990.0
1990.0
1990.0
2010.0
2010.0
2050.0
2050.0
2060.0
2060.0
2060.0
2080.0
2080.0
2080.0
2080.0
2080.0
2080.0
2070.0
2070.0
2010.0
2000.0
2070.0
2000.0
2070.0
2100.0
2110.0
2110.0
2120.0
2110.0
2110.0
2110.0
2120.0
2120.0
2120.0
2090.0
2080.0
2070.0
2050.0
2060.0
2100.0
2100.0
2110.0
2100.0
2060.0
2080.0
2060.0
2080.0
2090.0
2080.0
2090.0
2100.0
2100.0
2100.0
2110.0
2110.0
2100.0
2110.0
2110.0
2120.0
2120.0
2120.0
2120.0
2130.0
2130.0
2130.0
2130.0
2130.0
2120.0
2140.0
2140.0
2140.0
2140.0
2140.0
2150.0
2150.0
2150.0
2150.0
2150.0
2120.0
2150.0
2150.0
2120.0
2140.0
2140.0
2140.0
2150.0
2130.0
2140.0
2080.0
2110.0
2090.0
2100.0
2110.0
2080.0
2070.0
2070.0
2050.0
2050.0
2070.0
2000.0
2020.0
2000.0
1990.0
2020.0
2010.0
2000.0
2060.0
2050.0
2050.0
2060.0
2030.0
2020.0
2000.0
2000.0
1990.0
2080.0
2020.0
2060.0
2070.0
2080.0
2080.0
2120.0
2090.0
2080.0
2080.0
2090.0
2070.0
2090.0
2090.0
2100.0
2100.0
2100.0
2110.0
2100.0
2090.0
2100.0
2150.0
2130.0
2150.0
2150.0
2250.0
2190.0
2210.0
2180.0
2170.0
2310.0
2260.0
2220.0
2240.0
2270.0
2230.0
2230.0
2270.0
2280.0
2250.0
2260.0
2280.0
2280.0
2280.0
2280.0
2290.0
2280.0
2290.0
2310.0
2270.0
2300.0
2310.0
2300.0
2280.0
2310.0
2290.0
2290.0
2300.0
2300.0
2300.0
2250.0
2310.0
2310.0
2320.0
2350.0
2370.0
2340.0
2280.0
2280.0
2260.0
2300.0
2390.0
2360.0
2360.0
2350.0
2400.0
2400.0
2420.0
2440.0
2450.0
2450.0
2450.0
2440.0
2460.0
2460.0
2470.0
2470.0
2450.0
2460.0
2480.0
2450.0
2440.0
2400.0
2390.0
2350.0
2330.0
2340.0
2320.0
2310.0
2320.0
2400.0
2340.0
2330.0
2310.0
2360.0
2340.0
2320.0
2300.0
2370.0
2310.0
2350.0
2310.0
2330.0
2330.0
2330.0
2310.0
2290.0
2320.0
2300.0
2280.0
2200.0
2210.0
2210.0
2220.0
2230.0
2100.0
2040.0
2070.0
2100.0
2110.0
2070.0
2070.0
2100.0
2100.0
2150.0
2150.0
2150.0
2120.0
2120.0
2160.0
2490.0
2450.0
2410.0
2470.0
2500.0
2540.0
2500.0
2520.0
2480.0
2480.0
2450.0
2430.0
2490.0
2500.0
2500.0
2450.0
2490.0
2410.0
2430.0
2520.0
2510.0
2500.0
2530.0
2490.0
2500.0
2470.0
2510.0
2500.0
2470.0
2500.0
2490.0
2520.0
2530.0
2490.0
2520.0
2500.0
2530.0
2500.0
2530.0
2520.0
2510.0
2510.0
2490.0
2510.0
2510.0
2510.0
2510.0
2500.0
2520.0
2500.0
2490.0
2510.0
2510.0
2510.0
2500.0
2490.0
2490.0
2500.0
2480.0
2500.0
2350.0
2460.0
2450.0
2440.0
2500.0
2480.0
2500.0
2460.0
2490.0
2500.0
2460.0
2470.0
2480.0
2480.0
2480.0
2470.0
2500.0
2470.0
2470.0
2460.0
2460.0
2470.0
2470.0
2480.0
2450.0
2480.0
2470.0
2400.0
2300.0
2290.0
2360.0
2330.0
2300.0
2310.0
2300.0
2340.0
2290.0
2320.0
2310.0
2280.0
2320.0
2290.0
2280.0
2320.0
2290.0
2200.0
2190.0
2220.0
2220.0
2220.0
2230.0
2220.0
2240.0
2310.0
2320.0
2320.0
2320.0
2350.0
2360.0
2310.0
2310.0
2340.0
2340.0
2340.0
2350.0
2340.0
2350.0
2300.0
2300.0
2300.0
2300.0
2300.0
2330.0
2310.0
2250.0
2240.0
2240.0
2230.0
2220.0
2240.0
2240.0
2260.0
2260.0
2350.0
2390.0
2380.0
2450.0
2460.0
2430.0
2430.0
2440.0
2460.0
2460.0
2460.0
2470.0
2470.0
2470.0
2480.0
2250.0
2440.0
2460.0
2430.0
2460.0
2470.0
2440.0
2410.0
2440.0
2420.0
2460.0
2400.0
2460.0
2450.0
2450.0
2440.0
2450.0
2420.0
2420.0
2450.0
2450.0
2460.0
2450.0
2450.0
2500.0
2500.0
2500.0
2500.0
2500.0
2550.0
2550.0
2520.0
2480.0
2490.0
2550.0
2540.0
2520.0
2550.0
2550.0
2540.0
2550.0
2550.0
2550.0
2540.0
2540.0
2530.0
2520.0
2530.0
2510.0
2510.0
2500.0
2500.0
2490.0
2460.0
2450.0
2440.0
2460.0
2420.0
2450.0
2450.0
2440.0
2440.0
2450.0
2500.0
2490.0
2500.0
2510.0
2560.0
2570.0
2590.0
2550.0
2530.0
2570.0
2560.0
2580.0
2580.0
2600.0
2520.0
2590.0
2610.0
2570.0
2520.0
2600.0
2590.0
2590.0
2590.0
2570.0
2520.0
2530.0
2550.0
2530.0
2560.0
2600.0
2600.0
2590.0
2600.0
2520.0
2540.0
2540.0
2550.0
2600.0
2640.0
2600.0
2630.0
2640.0
2510.0
2520.0
2600.0
2560.0
2520.0
2510.0
2520.0
2530.0
2500.0
2500.0
2500.0
2500.0
2490.0
2500.0
2500.0
2580.0
2520.0
2500.0
2500.0
2600.0
2550.0
2490.0
2600.0
2600.0
2600.0
2600.0
2600.0
2600.0
2570.0
2500.0
2530.0
2520.0
2520.0
2510.0
2510.0
2500.0
2540.0
2550.0
2540.0
2610.0
2620.0
2580.0
2570.0
2560.0
2550.0
2580.0
2580.0
2570.0
2560.0
2560.0
2550.0
2530.0
2880.0
2830.0
2810.0
2730.0
2720.0
2730.0
2670.0
2600.0
2680.0
2680.0
2650.0
2650.0
2640.0
2630.0
2660.0
2670.0
2630.0
2630.0
2630.0
2650.0
2600.0
2620.0
2610.0
2600.0
2600.0
2630.0
2590.0
2620.0
2590.0
2590.0
2600.0
2610.0
2620.0
2690.0
2620.0
2690.0
2700.0
2660.0
2650.0
2690.0
2650.0
2650.0
2690.0
2690.0
2730.0
2710.0
2710.0
2690.0
2640.0
2640.0
2640.0
2640.0
2630.0
2650.0
2650.0
2620.0
2660.0
2690.0
2650.0
2650.0
2640.0
2610.0
2610.0
2610.0
2620.0
3190.0
3000.0
2950.0
2950.0
2940.0
2960.0
3000.0
2900.0
2850.0
2930.0
2920.0
2760.0
2730.0
2770.0
2780.0
2680.0
2720.0
2600.0
2610.0
2630.0
2610.0
2620.0
2680.0
2730.0
2720.0
2710.0
2750.0
2800.0
2810.0
2850.0
2900.0
3000.0
3000.0
2970.0
2920.0
2900.0
2920.0
2940.0
2800.0
2800.0
2810.0
2810.0
2860.0
2850.0
2850.0
2810.0
2800.0
2800.0
2770.0
2860.0
2760.0
2750.0
2760.0
2770.0
2780.0
2800.0
2810.0
2850.0
2880.0
2900.0
2850.0
2840.0
2800.0
2810.0
2810.0
2800.0
2800.0
2800.0
2780.0
2790.0
2800.0
2800.0
2750.0
2760.0
2750.0
2750.0
2750.0
2760.0
2760.0
2750.0
2760.0
2740.0
2760.0
2760.0
2740.0
2760.0
2760.0
2750.0
2740.0
2750.0
2750.0
2750.0
2770.0
2760.0
2740.0
2750.0
2860.0
2850.0
2810.0
2810.0
2850.0
2800.0
2800.0
2800.0
2770.0
2800.0
2800.0
2760.0
2770.0
2720.0
2720.0
2740.0
2740.0
2740.0
2700.0
2700.0
2720.0
2700.0
2720.0
2700.0
2700.0
2700.0
2720.0
2740.0
2740.0
2750.0
2740.0
2740.0
2740.0
2730.0
2710.0
2770.0
2870.0
2850.0
2800.0
2800.0
2820.0
2840.0
2800.0
2870.0
2840.0
2870.0
2830.0
2850.0
2850.0
2840.0
2870.0
2880.0
2880.0
2850.0
2860.0
2830.0
2850.0
2850.0
2840.0
2810.0
2820.0
2830.0
2780.0
2800.0
2810.0
2810.0
2820.0
2800.0
2820.0
2830.0
2820.0
2820.0
2830.0
2860.0
2870.0
2820.0
2880.0
2880.0
2880.0
2870.0
2860.0
2890.0
2880.0
2890.0
2920.0
2880.0
2890.0
2890.0
2890.0
2880.0
2890.0
2880.0
2900.0
2900.0
2900.0
2880.0
2880.0
2880.0
2750.0
2800.0
2750.0
2740.0
2600.0
2640.0
2650.0
2700.0
2720.0
2680.0
2700.0
2720.0
2730.0
2690.0
2680.0
2700.0
2710.0
2660.0
2610.0
2540.0
2550.0
2540.0
2540.0
2540.0
2540.0
2560.0
2560.0
2580.0
2450.0
2450.0
2480.0
2470.0
2460.0
2500.0
2540.0
2520.0
2570.0
2550.0
2570.0
2560.0
2550.0
2560.0
2550.0
2530.0
2550.0
2550.0
2460.0
2480.0
2500.0
2500.0
2510.0
2480.0
2380.0
2320.0
2350.0
2360.0
2340.0
2350.0
2210.0
2100.0
2180.0
2190.0
2100.0
2150.0
2160.0
2160.0
2100.0
2050.0
2070.0
2080.0
2000.0
1980.0
2020.0
1990.0
2010.0
2020.0
1990.0
1980.0
2010.0
2000.0
2000.0
2010.0
2010.0
2010.0
2050.0
2120.0
2130.0
2120.0
2110.0
2120.0
2120.0
2110.0
2100.0
2120.0
2100.0
2120.0
2100.0
2100.0
2110.0
2060.0
2010.0
2040.0
2010.0
2020.0
2010.0
2000.0
2000.0
2020.0
2000.0
1980.0
2000.0
2000.0
2020.0
2030.0
2030.0
2050.0
2050.0
2060.0
2100.0
2100.0
2100.0
2090.0
2100.0
2110.0
2070.0
2120.0
2140.0
2190.0
2190.0
2170.0
2170.0
2160.0
2160.0
2180.0
2160.0
2130.0
2150.0
2120.0
2110.0
2120.0
2110.0
2120.0
2100.0
2080.0
2070.0
2070.0
2070.0
2090.0
2060.0
2090.0
2090.0
1980.0
2020.0
2010.0
1950.0
1950.0
1950.0
1950.0
1970.0
1960.0
1950.0
1960.0
1940.0
1960.0
1930.0
1940.0
1940.0
1930.0
1950.0
1950.0
1950.0
1960.0
1960.0
1920.0
1950.0
1930.0
1960.0
1930.0
1950.0
1930.0
1940.0
1920.0
1920.0
1940.0
1920.0
1900.0
1980.0
1970.0
1960.0
1940.0
1940.0
1960.0
1960.0
1960.0
1960.0
1940.0
1930.0
1930.0
1940.0
1950.0
1940.0
1970.0
1970.0
1960.0
1960.0
1960.0
1970.0
1970.0
1970.0
1970.0
1950.0
1930.0
1970.0
1960.0
1960.0
1960.0
1950.0
1950.0
1970.0
1940.0
1940.0
1960.0
1980.0
1980.0
1980.0
1990.0
1990.0
1950.0
1970.0
1960.0
1950.0
1960.0
1960.0
1950.0
1960.0
1940.0
1940.0
1950.0
1950.0
1940.0
1930.0
1970.0
1990.0
1980.0
1960.0
1980.0
1980.0
1990.0
2000.0
1980.0
1980.0
1980.0
1970.0
2040.0
2050.0
2050.0
2050.0
2050.0
2040.0
2030.0
2050.0
2050.0
2040.0
2040.0
2050.0
2030.0
2040.0
2020.0
2000.0
2020.0
2000.0
2000.0
2000.0
2020.0
2020.0
2000.0
1990.0
1980.0
1970.0
1980.0
1980.0
1980.0
1990.0
1990.0
2000.0
1990.0
2000.0
1980.0
1970.0
1970.0
1950.0
1980.0
1960.0
1990.0
1980.0
1970.0
1970.0
1990.0
1960.0
1990.0
1980.0
1980.0
2010.0
2010.0
1990.0
2000.0
1990.0
1970.0
2020.0
2000.0
2020.0
2000.0
1980.0
1980.0
1990.0
1960.0
1990.0
2010.0
1980.0
1980.0
2000.0
1980.0
1980.0
1980.0
2000.0
2000.0
1990.0
1980.0
2000.0
1990.0
2000.0
1980.0
1940.0
1970.0
1970.0
1970.0
1970.0
2000.0
2000.0
1970.0
1980.0
1970.0
1970.0
1970.0
2000.0
1980.0
1980.0
1980.0
1980.0
1970.0
1970.0
1970.0
1950.0
1940.0
1950.0
1960.0
1940.0
1940.0
1940.0
1930.0
1960.0
1900.0
1930.0
1940.0
1940.0
1950.0
1930.0
1930.0
1930.0
1960.0
1940.0
1950.0
1930.0
1940.0
1950.0
1930.0
1910.0
1930.0
1930.0
1980.0
1960.0
1960.0
1970.0
1970.0
1970.0
1990.0
1980.0
1980.0
1990.0
1980.0
1960.0
1960.0
1950.0
1950.0
1960.0
1960.0
1940.0
1920.0
2090.0
2010.0
2030.0
2000.0
2040.0
2020.0
2070.0
1980.0
2080.0
2070.0
2070.0
2090.0
2100.0
2090.0
2090.0
2060.0
2060.0
2110.0
2110.0
2090.0
2110.0
2090.0
2120.0
2120.0
2130.0
2110.0
2120.0
2130.0
2120.0
2120.0
2130.0
2140.0
2130.0
2140.0
2130.0
2120.0
2130.0
2120.0
2090.0
2090.0
2100.0
2090.0
2060.0
2060.0
2030.0
2070.0
2070.0
2030.0
2060.0
2030.0
2030.0
2040.0
2070.0
2030.0
2040.0
2050.0
2030.0
2030.0
2020.0
2020.0
2020.0
2030.0
2010.0
2010.0
2010.0
2020.0
2010.0
1990.0
1990.0
2000.0
2000.0
2000.0
2010.0
2010.0
2000.0
2090.0
2100.0
2070.0
2100.0
2100.0
2070.0
2070.0
2090.0
2090.0
2090.0
2080.0
2070.0
2080.0
2070.0
2060.0
2050.0
2060.0
2060.0
2060.0
2070.0
2060.0
2060.0
2060.0
2050.0
2050.0
2030.0
2030.0
2000.0
2030.0
2010.0
2020.0
2010.0
2010.0
2010.0
2030.0
2030.0
2000.0
2000.0
2000.0
2000.0
2020.0
2070.0
2090.0
2050.0
2070.0
2050.0
2000.0
2050.0
2040.0
2040.0
2040.0
2040.0
2030.0
2030.0
2040.0
2020.0
2030.0
2020.0
2060.0
2060.0
2030.0
2040.0
2030.0
2020.0
2020.0
2020.0
2020.0
2020.0
2050.0
2030.0
2020.0
2020.0
2020.0
2040.0
2040.0
2040.0
2040.0
1980.0
2018.0
2020.0
2014.0
2020.0
2020.0
2040.0
2020.0
2014.0
2014.0
2014.0
2030.0
2026.0
2014.0
2018.0
2032.0
2020.0
2020.0
2020.0
2018.0
2006.0
2032.0
2032.0
2016.0
2032.0
2028.0
2022.0
2022.0
2028.0
2028.0
2038.0
2038.0
2038.0
2012.0
2016.0
2034.0
2034.0
2034.0
2032.0
2040.0
2048.0
2048.0
2048.0
2048.0
2044.0
2044.0
2048.0
2044.0
2038.0
2060.0
2058.0
2056.0
2050.0
2054.0
2022.0
2022.0
2038.0
2024.0
2024.0
2034.0
2050.0
2050.0
2050.0
2050.0
2048.0
2026.0
2022.0
2022.0
2010.0
2038.0
2038.0
2016.0
2030.0
2040.0
2020.0
2014.0
2012.0
2012.0
2016.0
2010.0
2010.0
2010.0
2028.0
2014.0
2038.0
2012.0
2014.0
2012.0
2010.0
2010.0
2016.0
2006.0
2016.0
2004.0
2006.0
1992.0
2000.0
1972.0
2014.0
2012.0
2030.0
2008.0
2008.0
2010.0
2004.0
2002.0
2050.0
2024.0
2026.0
2024.0
2022.0
2010.0
2010.0
2006.0
2006.0
2004.0
1980.0
1994.0
2000.0
2004.0
1992.0
2008.0
2008.0
2018.0
1994.0
1994.0
2018.0
2034.0
2028.0
2028.0
2020.0
2018.0
2010.0
2018.0
2000.0
2030.0
2032.0
2034.0
2030.0
2116.0
2166.0
2284.0
2226.0
2380.0
2418.0
2426.0
2450.0
2454.0
2508.0
2440.0
2468.0
2378.0
2278.0
2306.0
2346.0
2332.0
2366.0
2366.0
2376.0
2368.0
2376.0
2370.0
2404.0
2302.0
2348.0
2390.0
2434.0
2404.0
2406.0
2400.0
2416.0
2418.0
2452.0
2412.0
2382.0
2374.0
2374.0
2364.0
2342.0
2370.0
2366.0
2400.0
2406.0
2384.0
2380.0
2324.0
2328.0
2330.0
2324.0
2312.0
2314.0
2320.0
2320.0
2300.0
2290.0
2298.0
2314.0
2314.0
2288.0
2274.0
2270.0
2278.0
2284.0
2270.0
2272.0
2260.0
2254.0
2260.0
2268.0
2274.0
2274.0
2282.0
2258.0
2258.0
2264.0
2240.0
2250.0
2242.0
2248.0
2234.0
2234.0
2250.0
2250.0
2314.0
2350.0
2350.0
2320.0
2322.0
2314.0
2310.0
2310.0
2348.0
2320.0
2300.0
2300.0
2316.0
2318.0
2328.0
2302.0
2300.0
2290.0
2294.0
2298.0
2282.0
2290.0
2282.0
2280.0
2280.0
2314.0
2300.0
2318.0
2290.0
2300.0
2280.0
2270.0
2270.0
2260.0
2240.0
2260.0
2220.0
2230.0
2230.0
2220.0
2200.0
2200.0
2180.0
2200.0
2200.0
2230.0
2210.0
2200.0
2210.0
2190.0
2190.0
2200.0
2190.0
2190.0
2200.0
2180.0
2190.0
2190.0
2240.0
2200.0
2290.0
2260.0
2250.0
2250.0
2250.0
2240.0
2260.0
2250.0
2200.0
2240.0
2250.0
2250.0
2290.0
2290.0
2310.0
2310.0
2330.0
2330.0
2330.0
2330.0
2300.0
2300.0
2340.0
2320.0
2310.0
2300.0
2300.0
2290.0
2310.0
2270.0
2270.0
2270.0
2280.0
2260.0
2290.0
2260.0
2290.0
2330.0
2300.0
2290.0
2290.0
2290.0
2300.0
2290.0
2290.0
2280.0
2270.0
2280.0
2290.0
2270.0
2270.0
2290.0
2280.0
2270.0
2270.0
2280.0
2280.0
2280.0
2290.0
2290.0
2290.0
2260.0
2280.0
2280.0
2280.0
2260.0
2260.0
2250.0
2270.0
2280.0
2270.0
2280.0
2280.0
2270.0
2280.0
2280.0
2270.0
2280.0
2260.0
2280.0
2260.0
2250.0
2300.0
2280.0
2260.0
2300.0
2320.0
2410.0
2370.0
2390.0
2360.0
2350.0
2360.0
2360.0
2370.0
2350.0
2350.0
2350.0
2340.0
2370.0
2350.0
2350.0
2350.0
2340.0
2330.0
2320.0
2320.0
2310.0
2310.0
2300.0
2300.0
2300.0
2310.0
2300.0
2290.0
2310.0
2290.0
2290.0
2280.0
2290.0
2290.0
2290.0
2300.0
2300.0
2280.0
2290.0
2300.0
2300.0
2310.0
2310.0
2300.0
2310.0
2300.0
2280.0
2280.0
2290.0
2320.0
2300.0
2300.0
2310.0
2300.0
2300.0
2280.0
2310.0
2270.0
2280.0
2330.0
2290.0
2290.0
2310.0
2270.0
2280.0
2310.0
2280.0
2280.0
2280.0
2290.0
2290.0
2300.0
2260.0
2290.0
2290.0
2310.0
2270.0
2290.0
2290.0
2290.0
2280.0
2290.0
2300.0
2350.0
2310.0
2300.0
2350.0
2360.0
2360.0
2320.0
2340.0
2330.0
2330.0
2320.0
2320.0
2320.0
2310.0
2320.0
2320.0
2310.0
2320.0
2300.0
2340.0
2220.0
2210.0
2190.0
2190.0
2180.0
2170.0
2110.0
2110.0
2100.0
2140.0
2120.0
2110.0
2110.0
2110.0
2150.0
2140.0
2120.0
2130.0
2110.0
2100.0
2110.0
2110.0
2100.0
2110.0
2100.0
2100.0
2080.0
2090.0
2100.0
2100.0
2100.0
2100.0
2100.0
2100.0
2100.0
2090.0
2090.0
2080.0
2080.0
2080.0
2090.0
2110.0
2100.0
2110.0
2110.0
2090.0
2090.0
2090.0
2090.0
2080.0
2090.0
2110.0
2100.0
2120.0
2140.0
2150.0
2130.0
2130.0
2130.0
2140.0
2110.0
2110.0
2130.0
2130.0
2140.0
2160.0
2160.0
2160.0
2150.0
2140.0
2120.0
2190.0
2190.0
2180.0
2170.0
2150.0
2150.0
2130.0
2120.0
2120.0
2130.0
2110.0
2130.0
2130.0
2140.0
2130.0
2110.0
2100.0
2110.0
2130.0
2120.0
2120.0
2130.0
2110.0
2110.0
2110.0
2130.0
2150.0
2130.0
2120.0
2120.0
2130.0
2120.0
2120.0
2120.0
2120.0
2120.0
2120.0
2120.0
2120.0
2120.0
2120.0
2120.0
2130.0
2110.0
2110.0
2120.0
2120.0
2120.0
2120.0
2110.0
2120.0
2110.0
2110.0
2100.0
2100.0
2100.0
2100.0
2090.0
2090.0
2100.0
2080.0
2080.0
2080.0
2120.0
2100.0
2090.0
2080.0
2080.0
2100.0
2090.0
2090.0
2090.0
2080.0
2100.0
2100.0
2090.0
2090.0
2080.0
2080.0
2080.0
2080.0
2060.0
2100.0
2070.0
2070.0
2070.0
2080.0
2110.0
2100.0
2100.0
2070.0
2070.0
2060.0
2070.0
2060.0
2050.0
2040.0
2050.0
2060.0
2050.0
2040.0
2020.0
2010.0
2000.0
2000.0
2000.0
2010.0
2000.0
1990.0
2000.0
2000.0
2010.0
2010.0
2010.0
2000.0
2010.0
2020.0
2020.0
2010.0
2010.0
2020.0
2050.0
2040.0
2010.0
2040.0
2030.0
2030.0
2060.0
2060.0
2060.0
2060.0
2060.0
2070.0
2060.0
2070.0
2060.0
2060.0
2060.0
2060.0
2060.0
2050.0
2070.0
2050.0
2050.0
2050.0
2060.0
2070.0
2070.0
2050.0
2080.0
2080.0
2050.0
2050.0
2050.0
2050.0
2060.0
2050.0
2090.0
2050.0
2020.0
2000.0
2010.0
2020.0
2000.0
1990.0
2000.0
2010.0
2000.0
1990.0
1990.0
1960.0
1980.0
1970.0
1970.0
1960.0
1970.0
1970.0
1950.0
1950.0
1950.0
1950.0
1960.0
1950.0
1980.0
1950.0
1950.0
1950.0
1950.0
1940.0
1970.0
1940.0
1940.0
1930.0
1930.0
1950.0
1960.0
1970.0
1960.0
1970.0
1960.0
1940.0
1940.0
1940.0
1960.0
1950.0
1960.0
1950.0
1950.0
1960.0
1960.0
1950.0
1970.0
1940.0
1940.0
1940.0
1940.0
1940.0
1940.0
1940.0
1940.0
1940.0
1940.0
1940.0
1930.0
1930.0
1930.0
1940.0
1940.0
1940.0
1940.0
1950.0
1930.0
1920.0
1930.0
1930.0
1920.0
1930.0
1930.0
1930.0
1920.0
1920.0
1920.0
1930.0
1920.0
1910.0
1940.0
1950.0
1940.0
1940.0
1920.0
1920.0
1920.0
1940.0
1930.0
1920.0
1930.0
1920.0
1920.0
1920.0
1930.0
1940.0
1960.0
1940.0
1970.0
1960.0
1960.0
1960.0
1970.0
1950.0
1960.0
1970.0
1960.0
1970.0
1960.0
1960.0
1970.0
1960.0
1950.0
1950.0
1940.0
1900.0
1900.0
1940.0
1940.0
1950.0
1940.0
1940.0
1940.0
1940.0
1940.0
1930.0
1930.0
1960.0
1960.0
1960.0
1930.0
1930.0
1930.0
1950.0
1920.0
1950.0
1930.0
1950.0
1950.0
1950.0
1950.0
1950.0
1920.0
1920.0
1930.0
1910.0
1910.0
1930.0
1930.0
1940.0
1940.0
1900.0
1910.0
1930.0
1930.0
1910.0
1930.0
1910.0
1930.0
1910.0
1910.0
1920.0
1940.0
1890.0
1920.0
1920.0
1910.0
1890.0
1940.0
1930.0
1940.0
1910.0
1910.0
1920.0
1940.0
1940.0
1950.0
1960.0
1960.0
1960.0
1960.0
1960.0
1960.0
1960.0
1960.0
1950.0
1950.0
1950.0
1950.0
1950.0
1950.0
1950.0
1940.0
1940.0
1940.0
1920.0
1920.0
1940.0
1880.0
1900.0
1910.0
1910.0
1900.0
1900.0
1890.0
1950.0
1910.0
1920.0
1920.0
1940.0
1950.0
1930.0
1920.0
1910.0
1900.0
1910.0
1910.0
1910.0
1900.0
1890.0
1900.0
1890.0
1880.0
1890.0
1890.0
1910.0
1880.0
1910.0
1910.0
1900.0
1910.0
1910.0
1880.0
1880.0
1870.0
1890.0
1880.0
1870.0
1880.0
1880.0
1880.0
1870.0
1880.0
1880.0
1880.0
1880.0
1880.0
1920.0
1940.0
1960.0
1960.0
1960.0
1980.0
2010.0
2040.0
2040.0
2060.0
2090.0
2090.0
2090.0
2060.0
2100.0
2080.0
2010.0
2040.0
2040.0
2030.0
2040.0
2010.0
2030.0
2040.0
2030.0
2020.0
2020.0
2040.0
2020.0
2030.0
2040.0
2020.0
2020.0
2020.0
2020.0
2020.0
2020.0
2020.0
2010.0
2010.0
2010.0
2010.0
2000.0
2020.0
2020.0
2000.0
1990.0
1990.0
2000.0
1990.0
1980.0
1980.0
2000.0
1980.0
1980.0
1980.0
1980.0
2000.0
1990.0
1990.0
1990.0
2000.0
2000.0
2000.0
2000.0
1990.0
1990.0
1980.0
1980.0
1980.0
1990.0
1960.0
1970.0
1970.0
1970.0
1970.0
1970.0
1990.0
1990.0
2000.0
1980.0
1980.0
1970.0
1960.0
1960.0
1970.0
1960.0
1960.0
1960.0
1960.0
1960.0
1970.0
1950.0
1950.0
1950.0
1950.0
1950.0
1950.0
1950.0
1940.0
1940.0
1980.0
1950.0
1940.0
1990.0
1980.0
1980.0
1960.0
1950.0
1950.0
1950.0
1950.0
1920.0
1940.0
1950.0
1940.0
1940.0
1940.0
1980.0
1950.0
1950.0
1920.0
1940.0
1940.0
1930.0
1930.0
1930.0
1970.0
1930.0
1930.0
1930.0
1930.0
1920.0
1910.0
1910.0
1920.0
1920.0
1920.0
1900.0
1920.0
1910.0
1910.0
1910.0
1930.0
1930.0
1910.0
1910.0
1930.0
1930.0
1920.0
1940.0
1920.0
1920.0
1930.0
1960.0
1930.0
1940.0
1950.0
1960.0
1930.0
1930.0
1960.0
1940.0
1970.0
1960.0
1950.0
1960.0
1960.0
1980.0
1980.0
1960.0
1970.0
1960.0
1980.0
1980.0
2000.0
2000.0
1990.0
2000.0
2000.0
2000.0
1980.0
1980.0
1980.0
2020.0
2010.0
2000.0
1990.0
2010.0
2020.0
2020.0
2020.0
1990.0
1960.0
1970.0
1960.0
1970.0
1960.0
1960.0
1950.0
1950.0
1960.0
1970.0
1950.0
1940.0
1950.0
1960.0
1960.0
1960.0
1970.0
1950.0
1940.0
1940.0
1940.0
1940.0
1940.0
1940.0
1940.0
1940.0
1930.0
1930.0
1920.0
1890.0
1890.0
1880.0
1890.0
1890.0
1870.0
1840.0
1850.0
1860.0
1870.0
1870.0
1870.0
1860.0
1850.0
1810.0
1790.0
1810.0
1800.0
1800.0
1810.0
1810.0
1810.0
1840.0
1800.0
1810.0
1810.0
1810.0
1790.0
1800.0
1800.0
1810.0
1820.0
1830.0
1820.0
1800.0
1800.0
1790.0
1790.0
1820.0
1750.0
1800.0
1780.0
1780.0
1800.0
1820.0
1810.0
1810.0
1750.0
1780.0
1750.0
1770.0
1760.0
1760.0
1760.0
1790.0
1760.0
1760.0
1750.0
1780.0
1750.0
1740.0
1730.0
1750.0
1750.0
1730.0
1740.0
1730.0
1740.0
1720.0
1730.0
1710.0
1740.0
1710.0
1730.0
1730.0
1740.0
1740.0
1740.0
1720.0
1730.0
1740.0
1740.0
1740.0
1730.0
1730.0
1700.0
1700.0
1710.0
1710.0
1720.0
1720.0
1700.0
1710.0
1710.0
1710.0
1720.0
1720.0
1710.0
1720.0
1740.0
1750.0
1760.0
1770.0
1790.0
1760.0
1790.0
1780.0
1780.0
1770.0
1740.0
1740.0
1770.0
1780.0
1780.0
1750.0
1760.0
1760.0
1760.0
1760.0
1760.0
1770.0
1770.0
1750.0
1750.0
1780.0
1770.0
1800.0
1800.0
1770.0
1770.0
1780.0
1790.0
1790.0
1800.0
1800.0
1720.0
1790.0
1820.0
1800.0
1800.0
1830.0
1800.0
1800.0
1790.0
1790.0
1800.0
1790.0
1800.0
1790.0
1800.0
1790.0
1810.0
1780.0
1780.0
1790.0
1790.0
1790.0
1780.0
1800.0
1800.0
1800.0
1780.0
1800.0
1800.0
1810.0
1800.0
1770.0
1820.0
1810.0
1800.0
1780.0
1800.0
1810.0
1820.0
1820.0
1820.0
1820.0
1810.0
1830.0
1810.0
1820.0
1810.0
1800.0
1800.0
1790.0
1790.0
1770.0
1810.0
1800.0
1810.0
1810.0
1830.0
1810.0
1790.0
1790.0
1810.0
1820.0
1810.0
1810.0
1810.0
1840.0
1840.0
1820.0
1840.0
1840.0
1850.0
1850.0
1840.0
1840.0
1850.0
1840.0
1840.0
1820.0
1820.0
1840.0
1870.0
1850.0
1870.0
1870.0
1870.0
1860.0
1860.0
1870.0
1880.0
1870.0
1880.0
1880.0
1880.0
1880.0
1850.0
1870.0
1840.0
1850.0
1840.0
1860.0
1870.0
1860.0
1870.0
1870.0
1870.0
1870.0
1850.0
1870.0
1850.0
1870.0
1860.0
1870.0
1860.0
1870.0
1840.0
1860.0
1870.0
1850.0
1830.0
1850.0
1850.0
1860.0
1880.0
1860.0
1870.0
1880.0
1880.0
1880.0
1870.0
1880.0
1870.0
1870.0
1860.0
1870.0
1880.0
1860.0
1880.0
1850.0
1840.0
1880.0
1870.0
1880.0
1880.0
1860.0
1860.0
1870.0
1840.0
1850.0
1850.0
1830.0
1840.0
1860.0
1860.0
1870.0
1860.0
1830.0
1830.0
1830.0
1840.0
1770.0
1760.0
1780.0
1750.0
1750.0
1760.0
1760.0
1770.0
1800.0
1770.0
1790.0
1750.0
1750.0
1770.0
1780.0
1750.0
1750.0
1730.0
1730.0
1730.0
1730.0
1730.0
1730.0
1750.0
1750.0
1730.0
1730.0
1720.0
1730.0
1750.0
1720.0
1720.0
1720.0
1720.0
1720.0
1710.0
1700.0
1700.0
1650.0
1700.0
1510.0
1520.0
1570.0
1560.0
1570.0
1550.0
1560.0
1570.0
1590.0
1570.0
1560.0
1570.0
1560.0
1550.0
1560.0
1490.0
1480.0
1460.0
1460.0
1450.0
1530.0
1520.0
1520.0
1520.0
1510.0
1510.0
1520.0
1500.0
1440.0
1400.0
1400.0
1420.0
1420.0
1340.0
1400.0
1380.0
1370.0
1370.0
1390.0
1360.0
1220.0
1300.0
1320.0
1340.0
1360.0
1380.0
1380.0
1350.0
1370.0
1380.0
1360.0
1360.0
1360.0
1380.0
1370.0
1380.0
1360.0
1340.0
1360.0
1360.0
1330.0
1340.0
1340.0
1340.0
1370.0
1380.0
1380.0
1390.0
1400.0
1430.0
1420.0
1390.0
1420.0
1410.0
1410.0
1410.0
1410.0
1400.0
1400.0
1400.0
1390.0
1400.0
1370.0
1390.0
1400.0
1410.0
1410.0
1410.0
1420.0
1420.0
1400.0
1410.0
1420.0
1400.0
1400.0
1400.0
1400.0
1410.0
1410.0
1410.0
1440.0
1430.0
1430.0
1430.0
1430.0
1480.0
1460.0
1500.0
1500.0
1580.0
1540.0
1570.0
1540.0
1590.0
1590.0
1570.0
1590.0
1600.0
1610.0
1580.0
1580.0
1550.0
1540.0
1540.0
1590.0
1550.0
1530.0
1530.0
1560.0
1560.0
1560.0
1560.0
1550.0
1570.0
1570.0
1570.0
1570.0
1560.0
1570.0
1560.0
1570.0
1580.0
1590.0
1600.0
1590.0
1580.0
1580.0
1610.0
1550.0
1520.0
1530.0
1540.0
1540.0
1530.0
1550.0
1570.0
1580.0
1610.0
1600.0
1650.0
1680.0
1670.0
1660.0
1650.0
1660.0
1630.0
1640.0
1600.0
1610.0
1600.0
1620.0
1610.0
1620.0
1620.0
1590.0
1600.0
1600.0
1590.0
1560.0
1570.0
1570.0
1580.0
1590.0
1560.0
1580.0
1590.0
1600.0
1590.0
1600.0
1580.0
1570.0
1610.0
1610.0
1590.0
1630.0
1640.0
1640.0
1630.0
1640.0
1630.0
1630.0
1650.0
1640.0
1650.0
1690.0
1670.0
1680.0
1680.0
1660.0
1670.0
1680.0
1630.0
1660.0
1630.0
1650.0
1650.0
1630.0
1650.0
1670.0
1660.0
1660.0
1650.0
1650.0
1650.0
1630.0
1630.0
1620.0
1620.0
1620.0
1630.0
1630.0
1630.0
1610.0
1610.0
1610.0
1610.0
1600.0
1570.0
1620.0
1550.0
1550.0
1550.0
1540.0
1540.0
1550.0
1520.0
1540.0
1540.0
1560.0
1560.0
1570.0
1570.0
1540.0
1560.0
1560.0
1590.0
1610.0
1600.0
1600.0
1600.0
1590.0
1600.0
1610.0
1620.0
1610.0
1610.0
1610.0
1610.0
1610.0
1600.0
1610.0
1590.0
1590.0
1580.0
1580.0
1580.0
1590.0
1600.0
1580.0
1600.0
1590.0
1600.0
1600.0
1590.0
1600.0
1600.0
1610.0
1590.0
1600.0
1600.0
1600.0
1610.0
1580.0
1600.0
1600.0
1580.0
1580.0
1600.0
1590.0
1580.0
1580.0
1580.0
1580.0
1580.0
1580.0
1580.0
1580.0
1570.0
1570.0
1580.0
1580.0
1600.0
1750.0
1690.0
1660.0
1650.0
1620.0
1610.0
1630.0
1600.0
1600.0
1610.0
1590.0
1580.0
1590.0
1560.0
1570.0
1580.0
1580.0
1580.0
1570.0
1600.0
1580.0
1610.0
1660.0
1610.0
1590.0
1600.0
1600.0
1600.0
1590.0
1590.0
1610.0
1600.0
1590.0
1610.0
1580.0
1570.0
1590.0
1560.0
1560.0
1580.0
1590.0
1600.0
1600.0
1620.0
1610.0
1610.0
1610.0
1600.0
1620.0
1610.0
1610.0
1590.0
1590.0
1590.0
1600.0
1610.0
1610.0
1600.0
1600.0
1600.0
1600.0
1610.0
1600.0
1600.0
1620.0
1620.0
1620.0
1610.0
1600.0
1620.0
1600.0
1600.0
1600.0
1610.0
1600.0
1610.0
1610.0
1610.0
1620.0
1620.0
1650.0
1650.0
1620.0
1610.0
1610.0
1620.0
1640.0
1630.0
1630.0
1640.0
1640.0
1640.0
1630.0
1630.0
1610.0
1640.0
1610.0
1620.0
1630.0
1600.0
1620.0
1620.0
1610.0
1620.0
1620.0
1620.0
1620.0
1620.0
1600.0
1610.0
1600.0
1590.0
1590.0
1590.0
1610.0
1630.0
1590.0
1600.0
1590.0
1590.0
1590.0
1600.0
1570.0
1590.0
1600.0
1590.0
1600.0
1600.0
1600.0
1600.0
1580.0
1570.0
1570.0
1590.0
1590.0
1590.0
1600.0
1590.0
1600.0
1600.0
1590.0
1590.0
1590.0
1590.0
1600.0
1600.0
1600.0
1590.0
1600.0
1600.0
1570.0
1590.0
1590.0
1570.0
1590.0
1590.0
1590.0
1580.0
1580.0
1580.0
1580.0
1570.0
1590.0
1590.0
1600.0
1590.0
1590.0
1580.0
1570.0
1580.0
1570.0
1570.0
1590.0
1570.0
1590.0
1610.0
1700.0
1660.0
1660.0
1710.0
1900.0
1790.0
2020.0
2000.0
1800.0
1810.0
1800.0
1800.0
1810.0
1730.0
1730.0
1750.0
1760.0
1740.0
1700.0
1690.0
1700.0
1720.0
1690.0
1690.0
1710.0
1710.0
1710.0
1750.0
1790.0
1790.0
1780.0
1750.0
1770.0
1690.0
1700.0
1700.0
1730.0
1690.0
1680.0
1690.0
1680.0
1670.0
1690.0
1690.0
1690.0
1710.0
1710.0
1710.0
1730.0
1740.0
1830.0
1800.0
1820.0
1800.0
1800.0
1860.0
1880.0
1820.0
1860.0
1860.0
1850.0
1840.0
1800.0
1830.0
1840.0
1840.0
1830.0
1820.0
1810.0
1840.0
1840.0
1830.0
1830.0
1810.0
1840.0
1830.0
1840.0
1860.0
1840.0
1830.0
1830.0
1830.0
1850.0
1830.0
1830.0
1840.0
1850.0
1850.0
1840.0
1840.0
1830.0
1900.0
1860.0
1870.0
1850.0
1850.0
1880.0
1860.0
1850.0
1850.0
1890.0
1870.0
1870.0
1850.0
1870.0
1880.0
1870.0
1880.0
1890.0
1880.0
1890.0
1880.0
1880.0
1840.0
1870.0
1850.0
1850.0
1850.0
1840.0
1870.0
1880.0
1860.0
1870.0
1860.0
1850.0
1840.0
1850.0
1850.0
1870.0
1850.0
1850.0
1870.0
1870.0
1880.0
1870.0
1850.0
1890.0
1890.0
1890.0
1870.0
1860.0
1870.0
1860.0
1870.0
1880.0
1870.0
1870.0
1870.0
1860.0
1860.0
1850.0
1860.0
1890.0
1890.0
1900.0
1880.0
1890.0
1880.0
1870.0
1890.0
1900.0
1860.0
1880.0
1890.0
1890.0
1880.0
1890.0
1870.0
1890.0
1900.0
1900.0
1880.0
1880.0
1880.0
1880.0
1880.0
1900.0
1900.0
1890.0
1900.0
1880.0
1890.0
1890.0
1860.0
1880.0
1900.0
1900.0
1910.0
1910.0
1890.0
1890.0
1880.0
1890.0
1890.0
1900.0
1890.0
1900.0
1890.0
1900.0
1870.0
1890.0
1900.0
1880.0
1890.0
1890.0
1880.0
1880.0
1880.0
1880.0
1880.0
1890.0
1890.0
1880.0
1870.0
1800.0
1840.0
1820.0
1830.0
1840.0
1830.0
1820.0
1830.0
1820.0
1810.0
1840.0
1770.0
1780.0
1780.0
1790.0
1790.0
1790.0
1790.0
1770.0
1770.0
1800.0
1840.0
1840.0
1880.0
1850.0
1870.0
1870.0
1850.0
1860.0
1870.0
1860.0
1870.0
1870.0
1860.0
1850.0
1850.0
1880.0
1860.0
1870.0
1880.0
1870.0
1870.0
1880.0
1880.0
1880.0
1880.0
1890.0
1900.0
1890.0
1890.0
1880.0
1890.0
1890.0
1890.0
1890.0
1900.0
1900.0
1880.0
1890.0
1890.0
1890.0
1880.0
1890.0
1890.0
1880.0
1910.0
1920.0
1910.0
1910.0
1920.0
1920.0
1920.0
1950.0
1930.0
1960.0
1930.0
1940.0
1940.0
1940.0
1940.0
1940.0
1940.0
1950.0
1930.0
1920.0
1940.0
1930.0
1920.0
1910.0
1920.0
1910.0
1910.0
1940.0
1910.0
1910.0
1910.0
1920.0
1940.0
1950.0
1930.0
1930.0
1920.0
1930.0
1940.0
1920.0
1920.0
1930.0
1930.0
1900.0
1910.0
1930.0
1930.0
1910.0
1920.0
1890.0
1900.0
1870.0
1880.0
1880.0
1880.0
1890.0
1850.0
1840.0
1800.0
1810.0
1830.0
1850.0
1850.0
1850.0
1820.0
1820.0
1820.0
1800.0
1750.0
1790.0
1790.0
1780.0
1810.0
1810.0
1810.0
1800.0
1820.0
1670.0
1740.0
1720.0
1720.0
1710.0
1690.0
1700.0
1690.0
1700.0
1680.0
1700.0
1710.0
1710.0
1710.0
1690.0
1680.0
1690.0
1690.0
1680.0
1690.0
1680.0
1680.0
1670.0
1640.0
1650.0
1650.0
1630.0
1630.0
1620.0
1600.0
1610.0
1620.0
1580.0
1580.0
1590.0
1590.0
1520.0
1550.0
1530.0
1530.0
1540.0
1530.0
1540.0
1520.0
1530.0
1520.0
1540.0
1540.0
1540.0
1520.0
1530.0
1550.0
1530.0
1550.0
1550.0
1530.0
1550.0
1550.0
1520.0
1560.0
1570.0
1570.0
1560.0
1580.0
1590.0
1580.0
1600.0
1570.0
1560.0
1560.0
1580.0
1570.0
1550.0
1570.0
1560.0
1570.0
1570.0
1560.0
1570.0
1520.0
1530.0
1530.0
1530.0
1530.0
1530.0
1540.0
1540.0
1540.0
1550.0
1540.0
1540.0
1550.0
1530.0
1550.0
1560.0
1560.0
1560.0
1570.0
1570.0
1540.0
1530.0
1540.0
1540.0
1540.0
1520.0
1520.0
1520.0
1520.0
1520.0
1530.0
1530.0
1530.0
1510.0
1520.0
1520.0
1520.0
1510.0
1430.0
1440.0
1440.0
1440.0
1450.0
1480.0
1450.0
1420.0
1410.0
1420.0
1430.0
1430.0
1420.0
1420.0
1430.0
1430.0
1440.0
1440.0
1440.0
1440.0
1440.0
1450.0
1490.0
1470.0
1480.0
1480.0
1470.0
1460.0
1460.0
1480.0
1480.0
1480.0
1490.0
1490.0
1500.0
1480.0
1470.0
1480.0
1470.0
1490.0
1480.0
1470.0
1480.0
1470.0
1480.0
1490.0
1470.0
1470.0
1440.0
1420.0
1440.0
1420.0
1430.0
1430.0
1430.0
1430.0
1410.0
1410.0
1410.0
1420.0
1430.0
1430.0
1430.0
1410.0
1420.0
1420.0
1410.0
1410.0
1400.0
1410.0
1410.0
1390.0
1400.0
1410.0
1420.0
1430.0
1430.0
1430.0
1410.0
1430.0
1430.0
1410.0
1410.0
1410.0
1410.0
1410.0
1440.0
1420.0
1420.0
1420.0
1430.0
1430.0
1440.0
1460.0
1470.0
1440.0
1440.0
1450.0
1460.0
1470.0
1470.0
1460.0
1460.0
1440.0
1450.0
1450.0
1440.0
1470.0
1490.0
1480.0
1490.0
1480.0
1480.0
1490.0
1490.0
1500.0
1500.0
1490.0
1490.0
1490.0
1500.0
1500.0
1510.0
1500.0
1500.0
1500.0
1500.0
1500.0
1510.0
1500.0
1500.0
1500.0
1500.0
1500.0
1500.0
1500.0
1490.0
1510.0
1500.0
1500.0
1500.0
1490.0
1510.0
1490.0
1500.0
1480.0
1480.0
1470.0
1490.0
1480.0
1480.0
1550.0
1530.0
1520.0
1520.0
1530.0
1500.0
1520.0
1520.0
1520.0
1520.0
1520.0
1530.0
1520.0
1490.0
1530.0
1500.0
1520.0
1520.0
1520.0
1520.0
1520.0
1530.0
1530.0
1530.0
1520.0
1510.0
1510.0
1510.0
1530.0
1520.0
1530.0
1530.0
1530.0
1520.0
1500.0
1510.0
1520.0
1510.0
1520.0
1520.0
1510.0
1510.0
1510.0
1500.0
1510.0
1520.0
1510.0
1500.0
1500.0
1520.0
1540.0
1510.0
1520.0
1520.0
1520.0
1500.0
1520.0
1550.0
1530.0
1590.0
1580.0
1560.0
1560.0
1540.0
1540.0
1540.0
1550.0
1550.0
1560.0
1550.0
1550.0
1540.0
1550.0
1530.0
1550.0
1550.0
1520.0
1530.0
1540.0
1540.0
1530.0
1530.0
1540.0
1530.0
1520.0
1530.0
1530.0
1520.0
1520.0
1520.0
1540.0
1530.0
1510.0
1510.0
1520.0
1550.0
1530.0
1520.0
1530.0
1520.0
1520.0
1520.0
1520.0
1500.0
1520.0
1520.0
1520.0
1520.0
1510.0
1550.0
1520.0
1510.0
1540.0
1510.0
1540.0
1510.0
1510.0
1510.0
1530.0
1520.0
1530.0
1520.0
1520.0
1500.0
1520.0
1510.0
1510.0
1510.0
1520.0
1520.0
1530.0
1510.0
1540.0
1510.0
1510.0
1520.0
1500.0
1510.0
1510.0
1500.0
1540.0
1540.0
1540.0
1530.0
1520.0
1530.0
1540.0
1550.0
1540.0
1540.0
1540.0
1570.0
1540.0
1540.0
1540.0
1560.0
1550.0
1540.0
1540.0
1540.0
1530.0
1570.0
1540.0
1540.0
1540.0
1550.0
1550.0
1550.0
1550.0
1530.0
1540.0
1550.0
1550.0
1550.0
1560.0
1550.0
1560.0
1550.0
1560.0
1540.0
1540.0
1560.0
1540.0
1560.0
1560.0
1560.0
1570.0
1530.0
1550.0
1560.0
1560.0
1550.0
1540.0
1560.0
1590.0
1660.0
1670.0
1620.0
1620.0
1580.0
1570.0
1560.0
1580.0
1550.0
1550.0
1570.0
1560.0
1560.0
1550.0
1570.0
1570.0
1540.0
1540.0
1530.0
1540.0
1540.0
1550.0
1540.0
1540.0
1550.0
1570.0
1570.0
1560.0
1540.0
1560.0
1560.0
1550.0
1540.0
1530.0
1540.0
1560.0
1560.0
1510.0
1520.0
1530.0
1540.0
1540.0
1510.0
1520.0
1540.0
1530.0
1540.0
1530.0
1530.0
1550.0
1550.0
1550.0
1540.0
1520.0
1520.0
1520.0
1550.0
1530.0
1520.0
1560.0
1550.0
1540.0
1550.0
1560.0
1550.0
1550.0
1630.0
1620.0
1600.0
1590.0
1570.0
1590.0
1590.0
1590.0
1590.0
1600.0
1600.0
1600.0
1600.0
1610.0
1590.0
1600.0
1640.0
1620.0
1670.0
1640.0
1670.0
1620.0
1640.0
1670.0
1650.0
1620.0
1630.0
1620.0
1630.0
1630.0
1620.0
1610.0
1590.0
1620.0
1610.0
1590.0
1610.0
1610.0
1630.0
1630.0
1630.0
1640.0
1630.0
1640.0
1640.0
1620.0
1640.0
1630.0
1610.0
1630.0
1620.0
1610.0
1620.0
1640.0
1630.0
1620.0
1640.0
1600.0
1610.0
1650.0
1620.0
1620.0
1610.0
1630.0
1670.0
1660.0
1620.0
1620.0
1620.0
1650.0
1660.0
1660.0
1630.0
1610.0
1630.0
1610.0
1630.0
1670.0
1660.0
1660.0
1660.0
1680.0
1680.0
1630.0
1630.0
1650.0
1650.0
1670.0
1690.0
1660.0
1660.0
1660.0
1660.0
1660.0
1650.0
1650.0
1650.0
1660.0
1660.0
1640.0
1660.0
1660.0
1630.0
1630.0
1640.0
1630.0
1650.0
1650.0
1650.0
1660.0
1650.0
1650.0
1660.0
1660.0
1640.0
1660.0
1640.0
1710.0
1700.0
1680.0
1680.0
1680.0
1670.0
1670.0
1640.0
1650.0
1650.0
1650.0
1650.0
1650.0
1660.0
1640.0
1670.0
1640.0
1640.0
1650.0
1650.0
1640.0
1660.0
1670.0
1690.0
1660.0
1690.0
1690.0
1660.0
1660.0
1670.0
1650.0
1660.0
1650.0
1650.0
1630.0
1630.0
1620.0
1620.0
1620.0
1620.0
1620.0
1610.0
1630.0
1610.0
1610.0
1620.0
1610.0
1650.0
1650.0
1660.0
1660.0
1650.0
1600.0
1630.0
1650.0
1630.0
1610.0
1620.0
1600.0
1620.0
1620.0
1630.0
1610.0
1610.0
1600.0
1630.0
1610.0
1610.0
1610.0
1630.0
1630.0
1630.0
1610.0
1640.0
1620.0
1620.0
1600.0
1620.0
1630.0
1630.0
1640.0
1630.0
1620.0
1620.0
1650.0
1650.0
1640.0
1640.0
1660.0
1650.0
1640.0
1640.0
1660.0
1660.0
1660.0
1660.0
1640.0
1680.0
1690.0
1680.0
1690.0
1690.0
1680.0
1690.0
1680.0
1690.0
1650.0
1670.0
1660.0
1660.0
1670.0
1680.0
1690.0
1680.0
1700.0
1700.0
1700.0
1720.0
1690.0
1700.0
1710.0
1730.0
1710.0
1730.0
1740.0
1740.0
1740.0
1740.0
1740.0
1740.0
1750.0
1750.0
1770.0
1760.0
1740.0
1740.0
1750.0
1770.0
1750.0
1740.0
1880.0
1840.0
1840.0
1860.0
1880.0
1850.0
1840.0
1870.0
1910.0
1930.0
1920.0
1900.0
1850.0
1860.0
1880.0
1840.0
1850.0
1870.0
1910.0
1880.0
1900.0
1880.0
1900.0
1870.0
1880.0
1880.0
1860.0
1910.0
1880.0
1910.0
1920.0
1910.0
1910.0
1900.0
1900.0
1900.0
1900.0
1900.0
1900.0
1880.0
1890.0
1900.0
1890.0
1930.0
1920.0
1930.0
1940.0
1930.0
1930.0
1920.0
1930.0
1930.0
1910.0
1870.0
1880.0
1900.0
1900.0
1890.0
1900.0
1880.0
1850.0
1880.0
1900.0
1890.0
1890.0
1870.0
1880.0
1880.0
1900.0
1880.0
1890.0
1900.0
1880.0
1870.0
1880.0
1880.0
1880.0
1870.0
1860.0
1900.0
1900.0
1900.0
1910.0
1880.0
1880.0
1910.0
1910.0
1930.0
1910.0
1940.0
1910.0
1910.0
1910.0
1910.0
1910.0
1910.0
1900.0
1920.0
1910.0
1900.0
1910.0
1910.0
1910.0
1920.0
1930.0
1930.0
1930.0
1920.0
1940.0
1900.0
1900.0
1890.0
1910.0
1920.0
1920.0
1920.0
1910.0
1920.0
1900.0
1900.0
1910.0
1910.0
1920.0
1920.0
1940.0
1930.0
1920.0
1930.0
1980.0
1940.0
1990.0
1970.0
1970.0
1970.0
1970.0
1970.0
1970.0
1980.0
1970.0
1990.0
2030.0
1890.0
1940.0
1940.0
1990.0
1990.0
2000.0
2000.0
2020.0
2030.0
2030.0
2020.0
2020.0
2030.0
2040.0
2040.0
2050.0
2040.0
2050.0
2000.0
1990.0
1980.0
2010.0
1980.0
2020.0
2010.0
2010.0
2010.0
2020.0
2020.0
2020.0
2010.0
2010.0
2040.0
2040.0
1990.0
2030.0
2030.0
2010.0
2000.0
2000.0
2020.0
2010.0
2030.0
2020.0
2000.0
1990.0
2020.0
1990.0
1990.0
2000.0
1990.0
1970.0
1970.0
1940.0
1920.0
1920.0
1940.0
1930.0
1920.0
1990.0
1970.0
1920.0
1930.0
1910.0
1930.0
1950.0
1920.0
1940.0
1950.0
1940.0
1940.0
1930.0
1950.0
1920.0
1950.0
1950.0
1950.0
1970.0
1950.0
1950.0
1960.0
1960.0
1980.0
1970.0
1970.0
1950.0
1970.0
1960.0
1980.0
1980.0
1980.0
1980.0
1960.0
1950.0
1950.0
1940.0
1940.0
1930.0
1950.0
1940.0
1950.0
1910.0
1940.0
1950.0
1940.0
1940.0
1930.0
1920.0
1920.0
1910.0
1930.0
1900.0
1910.0
1910.0
1910.0
1920.0
1900.0
1930.0
1920.0
1930.0
1990.0
1990.0
2010.0
1990.0
1990.0
2000.0
2000.0
2000.0
2000.0
2020.0
2030.0
2000.0
2020.0
2030.0
2020.0
2030.0
2040.0
2020.0
2000.0
2030.0
2030.0
2030.0
2010.0
2030.0
2020.0
2010.0
2020.0
2020.0
2000.0
2000.0
2010.0
1990.0
1990.0
1990.0
2000.0
2000.0
1990.0
2020.0
2050.0
2030.0
2010.0
2020.0
2050.0
2020.0
2030.0
2020.0
2010.0
1860.0
1850.0
1850.0
1870.0
1860.0
1870.0
1860.0
1850.0
1860.0
1810.0
1780.0
1750.0
1770.0
1770.0
1750.0
1760.0
1740.0
1720.0
1720.0
1730.0
1730.0
1730.0
1730.0
1730.0
1730.0
1730.0
1750.0
1740.0
1740.0
1730.0
1750.0
1750.0
1750.0
1730.0
1730.0
1730.0
1740.0
1740.0
1740.0
1730.0
1730.0
1750.0
1730.0
1740.0
1740.0
1730.0
1730.0
1720.0
1720.0
1730.0
1720.0
1720.0
1730.0
1730.0
1730.0
1730.0
1730.0
1720.0
1730.0
1730.0
1710.0
1720.0
1720.0
1720.0
1720.0
1730.0
1730.0
1720.0
1720.0
1730.0
1730.0
1720.0
1720.0
1730.0
1730.0
1720.0
1710.0
1710.0
1710.0
1710.0
1710.0
1720.0
1720.0
1710.0
1710.0
1720.0
1730.0
1730.0
1710.0
1730.0
1710.0
1710.0
1710.0
1700.0
1720.0
1710.0
1710.0
1730.0
1730.0
1710.0
1720.0
1720.0
1720.0
1710.0
1740.0
1740.0
1740.0
1710.0
1730.0
1720.0
1710.0
1730.0
1710.0
1700.0
1710.0
1700.0
1700.0
1700.0
1720.0
1710.0
1700.0
1710.0
1710.0
1700.0
1710.0
1700.0
1700.0
1700.0
1710.0
1700.0
1710.0
1700.0
1700.0
1700.0
1700.0
1700.0
1700.0
1700.0
1700.0
1700.0
1710.0
1710.0
1710.0
1710.0
1710.0
1730.0
1710.0
1710.0
1710.0
1710.0
1710.0
1710.0
1720.0
1720.0
1710.0
1700.0
1700.0
1700.0
1700.0
1710.0
1710.0
1700.0
1700.0
1700.0
1700.0
1700.0
1700.0
1690.0
1690.0
1690.0
1700.0
1690.0
1690.0
1690.0
1690.0
1690.0
1700.0
1690.0
1690.0
1700.0
1690.0
1690.0
1690.0
1690.0
1690.0
1680.0
1690.0
1680.0
1690.0
1680.0
1680.0
1680.0
1680.0
1680.0
1680.0
1670.0
1680.0
1680.0
1680.0
1670.0
1670.0
1670.0
1670.0
1660.0
1670.0
1670.0
1670.0
1670.0
1670.0
1670.0
1670.0
1660.0
1670.0
1660.0
1650.0
1660.0
1660.0
1650.0
1650.0
1640.0
1650.0
1650.0
1650.0
1650.0
1640.0
1620.0
1620.0
1630.0
1640.0
1640.0
1630.0
1610.0
1630.0
1620.0
1610.0
1620.0
1610.0
1620.0
1630.0
1620.0
1630.0
1620.0
1630.0
1630.0
1610.0
1610.0
1630.0
1610.0
1620.0
1630.0
1640.0
1650.0
1640.0
1650.0
1640.0
1650.0
1630.0
1640.0
1650.0
1640.0
1630.0
1640.0
1630.0
1630.0
1620.0
1630.0
1630.0
1620.0
1620.0
1620.0
1630.0
1620.0
1630.0
1620.0
1630.0
1630.0
1630.0
1640.0
1640.0
1640.0
1630.0
1630.0
1620.0
1630.0
1610.0
1610.0
1610.0
1620.0
1610.0
1620.0
1620.0
1630.0
1630.0
1630.0
1630.0
1620.0
1630.0
1630.0
1630.0
1650.0
1630.0
1620.0
1640.0
1650.0
1650.0
1640.0
1650.0
1630.0
1630.0
1630.0
1670.0
1660.0
1630.0
1620.0
1620.0
1640.0
1660.0
1670.0
1690.0
1660.0
1680.0
1710.0
1710.0
1710.0
1680.0
1710.0
1700.0
1680.0
1680.0
1680.0
1680.0
1660.0
1660.0
1660.0
1680.0
1670.0
1660.0
1680.0
1680.0
1660.0
1680.0
1690.0
1690.0
1690.0
1700.0
1700.0
1710.0
1670.0
1690.0
1690.0
1680.0
1670.0
1690.0
1670.0
1670.0
1680.0
1690.0
1690.0
1710.0
1710.0
1690.0
1700.0
1700.0
1710.0
1700.0
1700.0
1680.0
1700.0
1710.0
1710.0
1720.0
1720.0
1690.0
1690.0
1710.0
1710.0
1710.0
1750.0
1740.0
1760.0
1740.0
1740.0
1740.0
1750.0
1710.0
1740.0
1750.0
1710.0
1730.0
1710.0
1730.0
1730.0
1710.0
1730.0
1740.0
1710.0
1730.0
1720.0
1720.0
1710.0
1710.0
1720.0
1720.0
1730.0
1730.0
1740.0
1720.0
1720.0
1720.0
1710.0
1710.0
1710.0
1730.0
1710.0
1730.0
1730.0
1710.0
1710.0
1730.0
1740.0
1720.0
1720.0
1720.0
1720.0
1700.0
1720.0
1730.0
1730.0
1750.0
1730.0
1740.0
1730.0
1730.0
1720.0
1730.0
1720.0
1740.0
1720.0
1710.0
1710.0
1730.0
1710.0
1720.0
1750.0
1750.0
1710.0
1710.0
1710.0
1710.0
1710.0
1710.0
1710.0
1730.0
1710.0
1710.0
1730.0
1700.0
1700.0
1720.0
1730.0
1730.0
1730.0
1710.0
1730.0
1730.0
1730.0
1710.0
1710.0
1730.0
1730.0
1730.0
1710.0
1730.0
1730.0
1730.0
1710.0
1730.0
1730.0
1740.0
1740.0
1750.0
1730.0
1750.0
1730.0
1740.0
1740.0
1740.0
1740.0
1750.0
1750.0
1750.0
1750.0
1730.0
1720.0
1720.0
1740.0
1720.0
1720.0
1720.0
1730.0
1760.0
1760.0
1760.0
1770.0
1770.0
1770.0
1780.0
1790.0
1780.0
1790.0
1800.0
1820.0
1810.0
1790.0
1820.0
1790.0
1790.0
1810.0
1820.0
1820.0
1790.0
1790.0
1810.0
1810.0
1830.0
1850.0
1850.0
1850.0
1840.0
1850.0
1860.0
1840.0
1860.0
1860.0
1830.0
1840.0
1840.0
1850.0
1860.0
1840.0
1830.0
1840.0
1860.0
1860.0
1830.0
1830.0
1830.0
1830.0
1810.0
1820.0
1840.0
1840.0
1830.0
1830.0
1830.0
1850.0
1840.0
1830.0
1830.0
1830.0
1820.0
1820.0
1830.0
1820.0
1820.0
1810.0
1800.0
1820.0
1810.0
1820.0
1840.0
1870.0
1860.0
1900.0
1870.0
1860.0
1870.0
1860.0
1870.0
1860.0
1860.0
1870.0
1860.0
1880.0
1860.0
1850.0
1840.0
1850.0
1850.0
1850.0
1860.0
1840.0
1850.0
1850.0
1850.0
1850.0
1840.0
1830.0
1840.0
1840.0
1830.0
1830.0
1830.0
1820.0
1850.0
1830.0
1830.0
1820.0
1840.0
1810.0
1830.0
1810.0
1810.0
1810.0
1810.0
1830.0
1800.0
1790.0
1790.0
1810.0
1810.0
1780.0
1770.0
1760.0
1770.0
1750.0
1760.0
1770.0
1770.0
1770.0
1770.0
1780.0
1770.0
1760.0
1760.0
1760.0
1770.0
1770.0
1770.0
1760.0
1760.0
1770.0
1770.0
1780.0
1790.0
1810.0
1790.0
1810.0
1780.0
1780.0
1780.0
1770.0
1770.0
1760.0
1770.0
1750.0
1750.0
1750.0
1740.0
1720.0
1730.0
1730.0
1750.0
1750.0
1760.0
1760.0
1730.0
1740.0
1760.0
1760.0
1730.0
1730.0
1740.0
1730.0
1750.0
1770.0
1770.0
1770.0
1740.0
1740.0
1740.0
1740.0
1760.0
1770.0
1770.0
1820.0
1810.0
1810.0
1790.0
1790.0
1780.0
1770.0
1770.0
1770.0
1770.0
1770.0
1760.0
1770.0
1770.0
1760.0
1760.0
1750.0
1740.0
1740.0
1740.0
1770.0
1740.0
1760.0
1740.0
1730.0
1730.0
1700.0
1680.0
1650.0
1670.0
1670.0
1660.0
1670.0
1670.0
1670.0
1670.0
1660.0
1660.0
1640.0
1660.0
1640.0
1650.0
1640.0
1640.0
1630.0
1640.0
1640.0
1630.0
1640.0
1620.0
1620.0
1630.0
1620.0
1630.0
1620.0
1640.0
1640.0
1650.0
1630.0
1630.0
1640.0
1650.0
1660.0
1660.0
1650.0
1670.0
1660.0
1660.0
1660.0
1660.0
1640.0
1640.0
1640.0
1670.0
1670.0
1660.0
1660.0
1670.0
1650.0
1680.0
1680.0
1680.0
1680.0
1700.0
1700.0
1690.0
1690.0
1670.0
1660.0
1660.0
1660.0
1680.0
1680.0
1680.0
1680.0
1680.0
1660.0
1680.0
1670.0
1690.0
1680.0
1690.0
1700.0
1700.0
1680.0
1680.0
1670.0
1620.0
1630.0
1630.0
1620.0
1630.0
1640.0
1620.0
1610.0
1630.0
1600.0
1590.0
1580.0
1600.0
1590.0
1640.0
1640.0
1610.0
1630.0
1620.0
1620.0
1640.0
1600.0
1620.0
1620.0
1620.0
1590.0
1610.0
1600.0
1590.0
1590.0
1580.0
1570.0
1570.0
1560.0
1580.0
1580.0
1560.0
1590.0
1590.0
1570.0
1560.0
1550.0
1570.0
1580.0
1550.0
1550.0
1550.0
1570.0
1570.0
1560.0
1550.0
1550.0
1580.0
1600.0
1590.0
1570.0
1600.0
1590.0
1590.0
1590.0
1570.0
1590.0
1570.0
1570.0
1560.0
1580.0
1590.0
1590.0
1560.0
1550.0
1500.0
1550.0
1550.0
1540.0
1550.0
1550.0
1530.0
1550.0
1530.0
1530.0
1540.0
1540.0
1550.0
1570.0
1550.0
1540.0
1560.0
1560.0
1540.0
1550.0
1570.0
1550.0
1550.0
1550.0
1550.0
1550.0
1550.0
1550.0
1550.0
1550.0
1550.0
1570.0
1570.0
1570.0
1580.0
1550.0
1550.0
1550.0
1600.0
1570.0
1540.0
1540.0
1540.0
1540.0
1540.0
1520.0
1510.0
1510.0
1460.0
1480.0
1440.0
1430.0
1430.0
1420.0
1440.0
1440.0
1450.0
1440.0
1340.0
1400.0
1160.0
1150.0
1150.0
960.0
960.0
960.0
1240.0
1220.0
1220.0
1130.0
1130.0
1150.0
1170.0
1180.0
1210.0
1080.0
1080.0
1080.0
1250.0
1340.0
1340.0
1340.0
1440.0
1440.0
1430.0
1500.0
1570.0
1570.0
1560.0
1550.0
1560.0
1550.0
1540.0
1530.0
1530.0
1540.0
1510.0
1500.0
1540.0
1520.0
1510.0
1550.0
1570.0
1580.0
1580.0
1560.0
1650.0
1650.0
1630.0
1650.0
1620.0
1610.0
1590.0
1580.0
1640.0
1650.0
1650.0
1690.0
1670.0
1690.0
1660.0
1690.0
1670.0
1640.0
1660.0
1630.0
1610.0
1620.0
1620.0
1620.0
1590.0
1610.0
1580.0
1580.0
1560.0
1560.0
1580.0
1590.0
1600.0
1600.0
1610.0
1560.0
1550.0
1550.0
1570.0
1530.0
1550.0
1450.0
1440.0
1410.0
1420.0
1360.0
1400.0
1410.0
1450.0
1500.0
1450.0
1440.0
1420.0
1420.0
1400.0
1410.0
1440.0
1820.0
1780.0
1750.0
1740.0
1820.0
1780.0
1900.0
1720.0
1650.0
1550.0
1580.0
1590.0
1590.0
1590.0
1570.0
1570.0
1580.0
1550.0
1610.0
1570.0
1580.0
1570.0
1610.0
1580.0
1580.0
1590.0
1570.0
1560.0
1540.0
1550.0
1550.0
1560.0
1550.0
1550.0
1520.0
1520.0
1550.0
1500.0
1520.0
1500.0
1510.0
1560.0
1520.0
1500.0
1500.0
1490.0
1510.0
1490.0
1520.0
1500.0
1490.0
1510.0
1510.0
1520.0
1510.0
1530.0
1540.0
1550.0
1510.0
1760.0
1650.0
1660.0
1730.0
1740.0
1710.0
1730.0
1680.0
1700.0
1730.0
1730.0
1730.0
1680.0
1710.0
1710.0
1720.0
1720.0
1690.0
1700.0
1690.0
1680.0
1720.0
1730.0
1730.0
1740.0
1720.0
1710.0
1700.0
1690.0
1710.0
1730.0
1700.0
1680.0
1670.0
1690.0
1710.0
1700.0
1690.0
1700.0
1670.0
1670.0
1660.0
1650.0
1670.0
1670.0
1650.0
1650.0
1670.0
1650.0
1650.0
1620.0
1630.0
1650.0
1640.0
1620.0
1640.0
1640.0
1680.0
1660.0
1680.0
1720.0
1660.0
1700.0
1670.0
1700.0
1690.0
1710.0
1700.0
1700.0
1720.0
1700.0
1700.0
1720.0
1700.0
1710.0
1710.0
1720.0
1720.0
1700.0
1700.0
1700.0
1700.0
1700.0
1700.0
1700.0
1690.0
1680.0
1680.0
1700.0
1700.0
1680.0
1700.0
1680.0
1680.0
1680.0
1680.0
1690.0
1700.0
1700.0
1700.0
1680.0
1670.0
1680.0
1650.0
1650.0
1660.0
1660.0
1670.0
1680.0
1710.0
1690.0
1660.0
1680.0
1680.0
1680.0
1680.0
1700.0
1690.0
1700.0
1690.0
1700.0
1700.0
1690.0
1690.0
1730.0
1700.0
1730.0
1710.0
1700.0
1700.0
1690.0
1700.0
1690.0
1680.0
1680.0
1710.0
1690.0
1700.0
1700.0
1700.0
1720.0
1740.0
1700.0
1720.0
1720.0
1710.0
1700.0
1700.0
1700.0
1720.0
1720.0
1710.0
1700.0
1730.0
1710.0
1700.0
1710.0
1710.0
1710.0
1690.0
1670.0
1680.0
1690.0
1690.0
1700.0
1670.0
1680.0
1680.0
1700.0
1700.0
1690.0
1680.0
1700.0
1660.0
1660.0
1680.0
1690.0
1660.0
1680.0
1700.0
1690.0
1670.0
1660.0
1660.0
1660.0
1680.0
1650.0
1660.0
1660.0
1650.0
1670.0
1670.0
1660.0
1660.0
1660.0
1680.0
1670.0
1660.0
1660.0
1680.0
1680.0
1690.0
1680.0
1680.0
1680.0
1700.0
1700.0
1700.0
1700.0
1680.0
1700.0
1700.0
1710.0
1720.0
1660.0
1680.0
1700.0
1750.0
1750.0
1740.0
1740.0
1720.0
1720.0
1720.0
1750.0
1740.0
1710.0
1720.0
1710.0
1720.0
1700.0
1740.0
1750.0
1720.0
1740.0
1730.0
1730.0
1710.0
1750.0
1730.0
1740.0
1740.0
1740.0
1770.0
1800.0
1860.0
1800.0
1820.0
1800.0
1800.0
1790.0
1760.0
1740.0
1750.0
1750.0
1760.0
1740.0
1740.0
1730.0
1730.0
1720.0
1710.0
1720.0
1730.0
1740.0
1730.0
1750.0
1760.0
1740.0
1760.0
1770.0
1740.0
1740.0
1760.0
1770.0
1770.0
1800.0
1790.0
1820.0
1830.0
1810.0
1770.0
1840.0
1840.0
1870.0
1790.0
1850.0
1850.0
1850.0
1820.0
1780.0
1790.0
1840.0
1860.0
1810.0
1830.0
1850.0
1830.0
1850.0
1840.0
1840.0
1840.0
1810.0
