close
755.1
782.0
800.3
878.0
921.0
947.8
840.0
800.0
814.0
849.9
847.9
820.0
840.6
811.0
828.0
864.9
847.7
843.0
800.0
799.9
790.0
797.7
791.5
781.6
775.3
770.4
784.0
783.8
763.2
740.0
746.1
739.1
744.6
752.8
750.1
754.2
754.2
755.0
750.0
751.0
751.6
749.0
758.7
750.0
743.6
745.0
736.3
709.9
702.0
700.1
710.0
727.2
730.2
743.8
740.0
721.0
728.2
728.3
732.0
732.0
720.0
727.0
720.0
728.0
731.0
753.0
735.0
744.9
739.9
741.0
750.0
753.8
741.0
739.7
730.0
745.0
745.0
744.6
744.9
735.1
736.2
735.3
736.0
747.0
732.5
725.2
730.0
730.0
727.9
727.0
727.6
720.3
704.8
699.8
689.1
689.5
675.0
681.9
681.7
678.3
679.9
638.9
636.8
636.9
632.0
636.9
640.0
639.9
635.0
636.0
648.9
638.0
648.7
646.0
646.0
640.0
636.0
625.5
641.4
608.8
604.0
550.0
573.9
572.1
575.4
573.6
576.0
582.0
598.9
582.9
588.0
585.3
585.3
586.9
595.0
581.0
589.9
580.0
559.3
589.9
580.0
566.1
565.8
567.0
566.2
566.3
566.6
590.0
569.9
589.0
588.7
577.9
574.0
550.0
567.2
566.3
560.0
564.9
540.1
550.1
550.1
546.5
540.0
540.0
540.8
540.3
549.0
548.9
544.3
535.9
534.1
526.1
540.1
542.3
564.6
563.2
565.0
565.0
565.0
562.4
563.2
562.8
564.6
558.2
557.2
555.4
556.0
556.0
557.0
561.2
558.8
560.2
568.0
567.6
567.9
567.1
570.8
572.8
574.6
576.7
580.0
607.0
613.1
593.8
572.2
577.3
576.2
566.8
571.6
590.0
587.2
588.1
586.0
581.4
580.1
580.0
582.3
583.5
581.7
574.4
573.5
568.7
568.4
567.1
564.2
563.2
562.3
561.7
560.8
549.6
552.7
552.6
550.1
552.3
552.4
552.9
553.0
549.0
550.5
554.6
550.0
549.3
550.0
550.7
550.6
552.2
550.0
550.5
551.4
551.6
551.7
551.5
550.0
551.9
551.9
557.0
550.8
550.0
550.0
550.6
550.0
549.0
549.1
550.5
550.5
550.5
550.9
549.9
549.4
548.0
548.7
548.0
547.9
548.0
550.1
551.8
550.6
551.9
552.0
550.5
549.6
550.4
550.7
554.1
555.2
554.0
554.0
555.9
555.0
554.0
554.0
555.7
559.9
555.4
555.5
556.0
557.0
557.3
557.4
557.6
557.0
568.8
569.8
557.5
555.5
558.3
557.6
558.5
558.0
561.9
562.2
559.7
564.8
562.7
563.7
563.0
562.0
561.6
562.0
556.0
555.1
553.8
551.1
550.1
550.0
551.4
552.0
552.5
550.6
550.0
549.5
550.4
550.4
550.4
555.8
562.7
562.0
561.0
555.6
557.0
555.7
556.1
551.5
549.0
549.7
545.0
545.8
558.0
561.0
557.4
558.2
560.0
560.0
564.1
570.6
571.6
568.4
572.1
568.0
563.6
563.4
561.0
561.5
561.5
563.9
566.1
572.0
571.2
570.9
569.1
569.1
566.6
568.9
568.9
568.8
568.9
563.7
561.2
553.6
554.2
555.2
553.0
552.4
554.1
553.9
555.3
556.4
561.0
560.8
560.7
560.1
569.8
573.1
577.0
584.7
582.5
588.4
590.2
585.8
590.4
593.2
598.4
597.4
602.2
600.0
600.0
601.2
605.0
613.0
620.0
625.6
618.8
624.9
640.5
664.8
640.0
654.4
649.2
663.9
660.0
663.0
660.0
648.1
648.6
647.6
647.5
649.1
648.0
647.9
640.7
636.0
635.1
640.2
643.9
640.4
637.0
637.0
634.4
633.8
633.5
628.5
626.6
626.1
624.8
625.9
626.0
624.6
624.5
624.1
624.6
620.0
644.5
632.0
638.0
642.0
652.0
658.5
658.5
647.0
648.0
655.0
664.5
652.0
650.5
650.5
651.0
650.0
650.0
650.0
648.5
648.0
646.0
646.0
647.0
647.5
647.0
647.0
646.0
645.5
644.0
640.0
641.0
640.0
640.0
640.0
637.0
635.0
636.5
637.0
634.0
633.5
637.0
634.5
633.0
633.0
632.5
630.0
629.0
625.5
626.5
626.0
622.5
623.0
623.0
622.0
620.5
615.0
615.0
615.0
614.0
614.0
614.0
610.0
608.0
615.0
614.0
609.0
609.0
609.0
608.0
610.5
607.0
604.5
607.0
605.0
605.0
605.0
605.0
605.0
604.5
598.0
604.5
605.0
605.0
604.5
605.0
605.0
604.5
605.0
606.0
605.0
613.0
605.0
600.0
599.5
600.0
600.0
600.0
600.0
598.0
600.0
615.0
598.0
601.0
600.0
600.0
612.0
612.0
612.0
605.5
605.0
606.0
602.0
601.0
601.5
601.0
600.0
601.0
599.5
601.0
599.0
599.5
599.5
598.5
597.0
596.5
591.0
593.0
594.0
604.5
609.0
616.0
618.0
616.0
614.5
613.0
615.0
616.0
617.0
623.0
622.0
618.5
617.5
617.5
617.5
615.5
613.0
612.0
612.0
610.0
609.0
609.0
609.0
610.0
612.0
612.5
612.5
613.0
615.0
617.5
618.5
618.0
616.5
619.0
620.0
620.0
620.0
615.0
617.0
617.0
617.5
618.0
617.0
617.5
618.0
619.0
616.0
617.5
617.0
616.0
618.0
618.0
618.0
622.0
622.0
624.5
626.0
625.0
626.0
626.5
626.5
627.0
626.5
626.5
625.0
628.0
627.0
626.5
628.0
621.0
623.5
621.0
624.0
622.5
620.5
619.5
615.5
585.5
604.0
608.0
606.0
604.0
607.5
593.0
604.5
607.0
608.0
606.5
607.0
608.5
607.0
610.5
609.0
613.5
616.5
616.0
615.5
614.5
615.5
614.0
612.0
611.0
602.5
606.5
609.5
614.0
614.5
617.5
618.0
619.0
618.0
619.0
619.0
616.5
616.5
619.5
620.0
618.5
619.5
621.0
611.0
602.5
603.0
603.5
600.5
601.5
603.0
602.5
603.0
595.0
595.5
597.5
595.0
597.5
595.5
595.5
598.0
598.5
604.0
607.0
605.0
605.5
605.0
607.5
607.0
603.0
605.5
608.0
606.5
605.0
609.5
608.0
608.0
608.0
606.5
604.5
602.0
603.5
601.0
600.0
599.0
600.0
600.0
605.0
604.5
606.5
608.0
607.5
607.0
607.5
607.0
607.0
605.5
605.0
600.0
600.0
600.0
600.0
600.0
601.5
600.0
597.0
598.0
600.0
600.0
600.0
600.5
597.5
594.5
595.0
595.5
599.5
584.5
587.5
587.5
588.0
586.0
585.5
584.5
585.0
585.0
586.5
591.5
596.5
596.0
596.0
595.0
592.0
592.0
592.0
585.5
587.0
587.5
586.0
588.5
591.5
591.0
594.5
595.0
597.0
596.0
595.0
594.0
592.0
585.5
583.5
591.0
585.5
590.5
593.5
593.5
593.5
593.0
593.5
593.0
591.0
590.0
592.0
591.5
591.5
592.5
592.0
592.0
593.5
593.0
592.0
601.5
601.0
599.5
599.0
597.0
597.0
597.0
597.0
587.5
594.0
592.5
593.5
593.0
592.5
589.0
588.0
588.5
588.5
588.5
588.0
587.5
588.0
590.0
587.0
587.5
588.0
587.5
586.5
586.0
586.0
585.0
586.0
584.0
585.5
582.5
583.5
585.5
585.5
585.0
585.5
585.5
586.0
586.5
586.5
585.5
587.0
586.0
585.0
583.0
584.0
583.0
583.0
580.0
580.5
584.0
585.0
586.5
583.5
582.5
584.0
587.0
588.5
590.5
589.5
593.5
595.0
595.5
591.0
589.5
587.5
587.0
587.5
585.5
587.0
588.0
586.5
586.0
587.0
587.5
589.5
590.0
589.5
591.0
595.5
596.0
597.0
597.0
594.5
595.0
597.5
598.5
601.5
594.5
596.5
597.0
599.5
595.5
592.5
591.5
598.0
594.5
596.0
596.0
598.5
592.5
592.0
592.5
592.5
594.5
595.5
599.0
606.0
607.0
607.0
614.0
612.0
620.5
632.0
632.0
647.5
640.0
649.0
655.0
665.0
660.0
662.5
661.5
662.5
660.5
653.0
667.0
668.0
670.0
681.5
680.0
690.0
683.5
686.0
686.0
684.5
709.0
713.0
712.0
730.5
730.0
735.0
732.5
731.5
744.0
709.0
714.5
720.0
722.0
727.5
719.0
724.5
739.5
747.5
754.5
742.5
742.0
743.0
744.5
745.0
749.0
749.0
746.0
744.0
760.0
736.0
741.5
747.0
747.0
746.0
750.5
748.0
745.0
751.0
759.5
761.5
761.5
761.0
754.0
754.0
752.5
754.5
751.5
753.5
752.0
749.5
750.0
747.0
748.5
749.0
739.0
735.0
733.5
731.0
725.0
720.0
710.0
709.0
709.0
705.5
703.5
704.5
715.0
708.0
702.5
703.0
703.5
705.0
709.5
711.0
706.0
704.0
702.5
700.0
700.0
699.5
698.0
687.5
688.0
687.5
692.0
690.0
689.0
690.0
690.0
691.0
690.0
690.0
693.0
693.5
698.0
698.5
699.0
699.0
699.0
690.0
689.5
687.5
685.5
690.0
690.0
690.0
689.0
686.5
686.5
686.5
689.0
688.5
685.0
683.0
683.0
684.0
681.0
684.0
683.0
678.0
679.0
680.0
678.0
673.5
668.5
669.5
670.0
673.0
673.0
670.0
668.5
667.0
667.5
669.5
669.5
670.0
671.5
670.0
670.0
677.5
678.0
678.0
676.0
671.5
670.5
669.5
669.5
668.5
674.0
672.5
671.0
670.0
669.5
666.0
667.0
666.0
662.0
664.5
663.0
663.0
664.0
667.5
668.0
668.0
670.0
670.0
669.0
670.5
670.5
671.0
670.5
671.0
667.0
671.0
666.0
665.5
678.0
677.5
679.0
679.5
676.5
671.5
673.5
673.0
672.0
678.0
686.0
702.5
701.0
700.5
700.5
701.0
704.0
705.5
700.0
704.0
699.0
700.0
700.0
700.0
704.0
702.0
700.0
702.5
700.0
700.5
699.5
696.5
697.0
697.0
698.0
698.0
696.5
694.5
697.5
695.0
695.5
691.5
692.0
690.5
685.0
680.5
684.5
676.0
678.5
681.0
683.5
685.5
687.5
688.5
687.0
687.5
686.0
693.5
698.0
696.5
695.0
694.5
694.0
690.0
690.0
691.0
691.0
690.0
685.0
685.5
683.0
685.0
690.0
688.0
687.5
685.0
682.5
682.5
682.0
681.0
683.5
683.0
682.5
674.0
669.0
670.0
679.0
669.0
674.5
670.5
669.5
666.0
665.5
669.0
667.5
667.5
665.5
666.0
664.0
660.5
660.5
659.5
660.5
661.0
659.0
659.0
663.5
662.5
661.0
661.0
661.5
662.0
661.0
661.5
662.0
660.5
657.5
659.5
658.0
653.0
651.0
650.0
651.0
650.5
648.0
646.0
645.0
646.0
643.0
646.0
646.0
645.0
644.0
640.5
638.5
638.5
638.0
638.0
640.0
641.5
641.5
642.0
639.5
641.0
641.5
641.0
643.0
642.5
643.0
643.0
645.0
647.0
656.0
654.0
653.5
653.5
650.0
651.5
652.0
653.0
650.5
653.0
656.0
662.5
663.0
664.0
671.5
670.0
667.5
671.0
669.5
670.5
666.0
667.0
666.0
667.0
667.0
668.0
668.0
663.0
667.0
665.5
664.5
665.0
669.0
667.0
668.5
669.5
674.5
665.5
663.0
654.5
657.5
658.5
657.5
661.0
661.0
661.0
655.5
652.5
651.5
650.5
652.5
650.0
653.0
652.0
651.0
655.5
658.5
662.0
664.5
676.5
680.0
683.0
683.0
687.0
688.5
686.0
686.5
688.0
687.0
688.5
686.5
689.5
688.5
690.0
684.0
689.5
690.0
692.5
694.0
691.5
691.5
692.0
697.5
697.5
694.0
698.5
698.0
699.5
698.5
697.0
696.0
695.5
697.5
702.5
705.5
701.5
701.0
700.0
700.5
701.5
700.0
704.5
701.5
700.0
700.5
701.0
700.5
700.0
700.5
701.5
701.5
701.0
703.0
704.0
706.0
708.0
709.5
710.5
710.0
710.0
707.0
708.0
707.0
707.5
706.5
708.0
706.0
705.0
703.0
702.5
699.0
699.0
700.0
704.0
701.5
702.5
706.0
707.0
705.5
706.0
707.0
707.5
707.0
707.0
708.5
707.0
708.0
712.0
716.5
715.5
714.5
715.0
707.0
707.0
707.5
707.0
705.0
700.5
704.5
703.0
702.5
699.5
700.5
701.0
701.0
700.5
705.0
707.0
705.5
706.5
704.0
702.5
701.0
700.5
701.0
700.0
700.0
695.0
691.5
692.5
693.0
694.5
694.0
695.0
695.0
695.5
695.5
699.5
696.5
697.0
696.5
696.5
695.0
695.0
696.0
695.0
698.0
698.0
696.0
696.0
696.5
697.0
696.5
697.5
697.5
705.0
702.5
705.0
704.0
705.0
702.5
703.0
705.5
703.0
701.0
700.5
701.0
701.0
700.5
700.5
700.5
702.5
704.5
700.5
701.0
698.0
699.0
702.0
701.0
705.0
703.0
706.5
705.5
705.5
706.0
705.5
707.0
706.5
705.5
718.0
720.0
718.5
716.0
714.0
715.0
715.0
715.0
713.5
713.5
713.0
713.0
714.0
715.0
712.5
713.0
710.5
709.0
708.0
714.5
708.0
705.0
705.0
705.0
704.0
705.0
702.0
692.0
700.0
697.0
697.0
697.0
698.0
697.0
696.5
697.0
697.0
693.5
696.0
695.0
699.5
700.0
700.5
700.5
699.5
700.0
697.0
704.5
697.5
692.0
690.0
693.0
692.0
690.0
689.0
686.5
686.5
683.0
672.0
668.5
656.0
637.0
633.5
649.0
642.0
639.0
650.5
649.5
652.5
653.5
653.0
652.5
655.5
657.5
656.5
655.0
659.0
658.5
659.0
657.5
658.0
659.0
656.5
660.0
660.0
667.0
662.0
666.0
668.5
669.5
669.0
670.0
668.0
671.0
674.5
676.0
679.0
680.0
679.0
679.5
680.0
679.0
680.5
677.5
685.5
686.5
687.0
686.0
691.0
691.5
692.0
692.5
692.5
690.5
694.0
688.5
691.5
695.0
694.0
696.5
698.5
698.0
699.5
700.0
698.5
697.5
703.5
703.5
705.0
702.5
701.0
699.5
700.0
704.5
699.0
699.0
699.5
699.0
698.0
692.0
697.5
698.0
699.5
699.0
699.0
696.0
697.5
695.5
693.5
690.5
694.0
694.5
696.5
697.5
698.5
693.5
695.5
697.0
698.5
697.5
699.0
701.5
701.0
699.5
700.0
696.0
696.0
695.0
699.5
705.0
706.0
704.5
703.5
704.0
699.0
702.0
703.0
703.5
701.5
701.5
701.5
699.5
700.5
700.0
696.0
694.0
694.0
701.0
703.5
704.0
698.0
696.5
697.5
699.0
698.5
699.0
710.5
706.0
709.0
705.0
706.0
707.0
705.5
707.0
705.5
710.5
709.5
709.5
708.5
711.0
707.0
708.0
707.0
705.5
710.0
724.5
721.0
721.5
717.5
715.5
714.0
713.0
709.5
709.0
712.0
704.0
705.5
710.0
710.0
710.0
713.0
715.0
716.5
722.0
720.5
724.5
719.0
719.0
717.0
717.0
717.0
720.0
735.5
739.0
732.5
730.0
730.0
731.5
731.5
732.0
735.0
732.0
731.5
731.0
730.5
730.5
731.0
729.5
728.0
727.0
727.0
727.0
728.5
730.5
727.0
724.0
721.0
723.5
725.0
723.0
723.5
729.5
727.5
730.5
730.5
733.5
734.0
742.0
753.5
754.5
755.0
756.0
755.0
757.5
768.0
771.5
772.0
774.5
776.0
776.0
778.0
764.0
762.5
758.0
763.0
764.5
763.5
765.5
765.5
763.5
766.0
766.0
766.0
765.0
766.0
767.0
765.5
772.5
774.0
771.0
770.5
770.0
772.5
770.5
772.0
770.5
770.5
770.0
770.0
765.5
771.0
771.5
771.0
769.5
768.5
769.0
768.0
767.0
767.0
771.0
770.0
774.5
783.0
781.5
780.5
782.0
781.0
776.0
775.0
774.5
783.5
780.5
781.0
780.0
778.0
789.0
784.0
788.0
784.5
784.5
784.5
789.5
788.0
791.0
789.0
788.5
793.5
793.5
793.5
792.5
792.5
792.5
795.5
792.5
790.5
790.0
788.5
787.5
786.0
784.5
781.0
785.0
782.5
790.0
789.0
784.0
785.0
784.0
785.0
783.5
782.5
781.0
777.0
782.0
781.5
781.0
775.5
779.5
779.0
773.5
752.5
758.0
751.0
751.0
751.5
745.5
745.5
741.0
740.0
741.5
741.5
739.5
731.0
734.5
734.0
730.0
712.5
701.5
703.5
701.5
701.0
699.0
696.0
695.5
698.5
711.5
721.5
721.5
725.5
731.0
731.5
731.0
735.0
731.5
730.0
728.5
728.5
729.0
730.0
729.0
729.0
730.0
727.5
733.5
735.5
746.5
753.5
753.0
756.5
755.5
755.0
754.5
753.0
754.0
754.0
755.5
754.5
755.5
756.0
756.0
748.5
748.0
746.0
745.0
746.0
745.0
745.5
750.0
748.0
759.0
761.5
764.5
763.5
776.0
771.5
773.5
776.0
778.0
771.0
774.5
773.5
774.0
775.0
773.5
773.5
774.5
770.0
768.0
772.0
771.0
771.0
769.5
771.0
771.0
769.5
770.5
766.5
772.0
775.5
780.0
786.0
783.0
783.0
785.0
783.0
800.0
800.5
799.0
800.0
800.5
800.0
801.0
800.5
800.0
810.5
821.5
819.0
816.0
816.5
819.5
826.0
825.0
827.5
825.0
825.0
836.5
836.5
838.0
848.5
842.5
837.0
836.0
837.0
850.0
850.0
847.0
847.0
848.5
848.0
841.0
838.0
839.0
835.0
827.0
827.5
819.0
818.5
818.0
815.5
813.0
813.5
816.0
820.5
821.0
822.5
822.0
823.0
821.0
812.0
812.5
812.5
811.5
814.0
802.5
802.5
801.0
800.5
802.5
794.0
813.5
813.5
814.5
817.0
818.0
820.0
819.5
818.5
816.0
817.5
814.0
811.5
811.0
811.0
808.0
809.0
804.5
795.5
799.5
802.0
802.5
800.5
804.0
801.0
800.0
799.5
797.0
800.0
800.0
787.0
781.5
784.5
782.5
782.5
783.0
782.0
780.5
767.0
764.5
762.0
752.0
758.5
752.5
756.5
760.5
755.5
762.0
771.0
769.5
770.0
770.0
772.5
773.0
769.5
773.0
774.0
767.0
768.0
768.5
768.5
770.0
770.0
769.5
769.5
771.0
773.5
774.5
779.5
785.5
777.5
775.0
775.5
772.0
772.0
765.5
765.0
765.0
766.0
768.0
772.0
774.0
774.5
772.0
769.5
765.0
763.0
762.5
763.5
763.5
762.0
763.5
762.5
753.5
758.5
758.0
758.5
759.5
761.5
760.0
759.0
759.5
760.5
756.5
757.5
757.0
753.0
754.0
755.0
748.5
743.0
749.5
748.0
747.0
748.0
747.5
748.0
748.5
745.5
741.0
747.0
748.5
748.5
748.0
748.5
748.0
744.5
744.0
744.5
748.0
749.0
749.0
749.5
750.0
749.0
748.5
747.0
747.0
752.0
760.0
758.0
756.5
757.0
759.5
761.0
762.5
760.5
763.0
769.5
756.0
747.5
761.0
764.0
762.0
751.0
752.5
760.0
762.0
765.0
768.0
775.0
777.0
779.5
779.0
781.5
779.5
781.0
780.0
781.0
781.0
780.0
778.0
777.0
779.0
775.0
784.0
770.0
762.0
762.0
766.0
765.0
767.0
766.5
765.0
769.0
779.0
779.0
782.5
781.0
779.0
774.5
774.0
770.0
772.0
775.0
768.0
770.0
765.0
761.0
761.0
759.5
759.0
755.5
755.0
775.0
775.0
769.5
766.0
767.5
768.5
770.0
769.5
760.0
760.5
767.5
771.0
769.5
762.0
761.0
764.0
763.0
762.0
759.5
755.5
758.0
761.5
762.5
761.5
763.0
761.0
765.5
761.5
770.5
765.0
769.5
772.0
769.0
767.0
768.0
769.0
768.0
766.5
766.0
766.0
771.0
771.0
771.0
771.0
770.5
770.5
766.0
762.0
753.0
755.5
756.5
755.0
751.5
750.5
747.0
752.0
752.5
759.5
756.0
756.5
758.0
757.5
758.0
758.0
758.5
759.0
750.0
747.5
747.0
744.5
743.5
743.0
744.0
741.5
743.0
744.0
746.0
749.0
748.5
745.5
746.0
745.5
749.5
750.5
749.5
749.0
746.5
749.0
750.0
749.5
750.0
753.0
751.0
745.0
745.5
749.0
750.5
754.5
751.0
753.5
750.0
749.0
750.5
751.0
745.5
743.0
740.0
742.5
742.0
742.0
742.0
742.5
744.5
740.5
740.0
741.5
744.5
744.5
744.5
743.5
744.0
748.0
748.0
748.0
749.5
751.0
753.5
751.5
753.5
754.0
752.5
755.0
757.5
750.5
750.0
751.0
756.0
759.5
762.0
772.0
775.0
791.0
789.0
791.5
789.5
790.0
792.5
792.5
791.5
799.0
800.0
795.0
794.5
799.0
800.5
800.5
798.5
794.0
798.0
794.5
804.0
809.5
816.0
819.0
820.0
817.5
822.5
819.0
820.5
828.0
812.0
804.0
809.0
810.5
797.0
792.0
792.0
801.5
801.0
795.0
792.0
796.5
795.5
795.5
787.0
789.0
790.0
788.0
788.5
795.0
793.0
790.0
789.5
793.5
799.5
795.0
794.0
794.5
786.0
790.5
797.0
796.5
800.5
801.5
800.5
797.5
798.5
797.5
810.0
805.5
806.0
807.0
806.5
807.0
808.5
806.5
808.5
807.0
807.0
824.5
822.0
821.0
820.0
831.5
841.0
841.0
833.5
832.0
810.0
810.0
813.5
812.0
807.0
805.0
805.0
805.5
800.0
780.0
773.0
771.0
778.0
778.5
773.5
774.0
774.0
770.0
781.0
796.0
793.0
791.0
791.5
787.5
792.0
795.0
794.5
792.5
807.5
810.0
808.5
813.0
809.0
813.0
813.0
811.0
808.0
808.5
814.0
814.5
824.5
825.0
825.0
826.5
826.0
822.0
820.5
829.5
827.5
830.0
827.5
819.0
820.0
819.5
817.0
818.5
825.0
823.0
819.5
819.0
816.5
819.5
818.0
814.0
809.5
814.5
823.5
827.0
826.5
830.5
829.0
826.5
826.0
829.5
826.5
832.5
840.0
842.5
847.0
844.5
842.0
840.0
836.0
838.0
840.0
828.0
830.5
830.5
829.0
829.5
824.5
831.0
815.0
818.0
826.5
828.5
835.0
848.0
848.5
850.5
859.5
854.0
852.0
842.0
851.0
850.5
849.5
849.0
852.0
851.5
848.0
846.0
847.5
852.0
850.0
849.0
842.0
846.5
845.5
841.5
842.0
838.5
835.0
831.0
841.5
844.0
834.5
834.0
834.0
854.0
856.0
860.0
868.0
870.0
865.0
859.0
858.5
849.0
849.5
849.0
848.5
854.5
855.0
871.0
870.5
868.5
871.5
876.5
878.0
881.0
879.0
881.5
870.0
879.5
889.5
886.5
895.0
885.5
879.0
879.5
870.5
861.5
882.5
889.0
891.5
899.0
898.5
897.0
900.5
908.0
905.0
912.5
923.0
929.5
931.5
934.5
933.0
929.5
920.0
908.0
906.5
906.5
918.0
923.0
912.5
908.5
907.5
903.5
901.0
900.0
900.5
917.5
920.0
922.5
922.0
923.0
920.0
918.0
921.0
920.0
910.0
915.0
916.5
914.5
913.0
915.0
911.5
903.0
901.0
900.0
900.5
909.0
905.5
907.5
905.0
907.0
904.5
904.5
904.0
906.5
910.0
907.0
905.5
905.0
904.5
904.0
904.0
901.0
904.0
904.5
900.5
900.5
900.5
900.0
900.0
900.0
893.5
893.0
890.5
892.5
887.0
881.5
882.5
882.5
882.5
882.0
886.5
885.0
879.5
885.0
888.0
890.5
887.5
887.0
887.5
887.0
884.0
879.0
879.0
894.5
888.0
886.5
886.0
884.0
873.0
872.0
869.0
867.0
860.0
872.0
884.0
887.5
888.0
891.0
895.5
894.5
887.5
888.0
884.0
889.5
898.0
899.0
896.0
894.5
894.5
897.0
897.5
894.5
893.5
902.5
905.0
906.0
901.0
903.5
906.0
907.5
916.0
920.5
923.0
920.0
927.5
930.5
930.0
934.0
936.0
935.5
933.0
924.5
936.5
941.0
945.5
946.5
947.5
952.5
950.0
954.0
962.0
960.0
947.5
950.5
954.5
952.5
951.0
946.0
946.0
950.0
947.5
964.5
963.0
962.0
958.5
959.0
959.0
956.5
955.5
955.5
951.5
947.5
949.0
935.5
934.0
934.0
938.5
938.5
945.0
945.0
941.0
960.0
971.0
963.5
963.5
962.5
961.5
961.5
964.0
950.5
950.0
948.0
941.5
942.0
943.5
943.0
947.5
950.5
959.0
979.5
980.0
980.0
974.5
958.0
955.0
949.5
935.0
935.0
936.0
929.0
915.0
917.5
918.5
915.0
908.0
901.5
890.0
891.0
901.5
890.0
888.5
889.5
893.0
898.0
900.0
898.5
897.5
895.0
902.5
900.0
903.0
899.5
902.0
902.5
901.0
899.0
899.0
894.0
886.5
894.0
893.5
895.0
893.0
894.5
890.5
889.5
888.5
893.5
902.5
901.5
899.0
897.0
898.0
897.0
890.5
891.0
901.0
892.5
887.0
881.5
877.5
879.5
881.5
883.0
881.0
882.0
879.0
880.0
880.5
881.0
881.0
880.0
879.5
880.0
883.0
882.5
881.0
884.5
882.5
883.5
884.0
885.5
882.5
892.0
899.5
907.5
909.0
910.5
907.0
910.0
906.5
907.5
905.0
898.5
900.0
900.5
900.0
899.0
899.0
898.5
893.0
893.5
898.0
901.0
900.0
896.0
895.5
895.0
891.5
892.0
901.5
895.0
896.0
890.0
890.0
891.0
889.0
887.5
889.0
886.0
891.0
889.0
891.0
886.0
888.0
888.0
890.0
890.0
876.0
877.0
886.5
882.5
891.0
887.0
887.5
887.5
887.5
888.5
889.0
887.0
894.5
901.5
903.5
901.5
894.0
891.0
891.0
889.5
888.5
893.5
900.0
893.0
895.5
887.5
886.0
887.5
881.0
880.0
882.0
882.0
895.0
883.5
884.0
883.5
886.0
888.0
888.0
887.5
887.0
886.0
886.5
891.0
892.0
892.0
890.0
890.5
890.5
887.0
886.5
885.0
885.0
892.5
890.5
892.0
889.5
886.0
886.0
887.5
887.5
887.0
885.0
886.0
882.0
881.0
882.5
880.5
879.5
882.0
880.5
878.0
877.0
880.5
878.0
877.5
877.5
878.5
881.0
881.0
877.5
877.5
871.0
869.0
864.5
864.0
857.5
866.0
869.5
869.5
870.0
876.5
862.0
865.0
865.0
865.0
860.0
860.0
860.0
862.0
860.5
852.0
852.0
852.0
852.0
853.0
855.5
858.0
859.0
867.0
888.0
871.5
870.5
873.0
872.5
879.0
879.5
880.0
878.5
877.5
883.0
882.5
885.5
885.0
881.5
890.0
880.5
892.0
890.0
895.0
884.5
884.0
849.0
850.5
847.0
847.5
845.0
851.0
855.0
860.0
855.0
848.0
852.5
851.5
845.5
840.0
842.5
843.0
840.5
847.5
847.5
849.5
849.0
848.5
843.5
820.0
824.5
825.0
819.0
814.0
804.5
800.0
797.5
797.0
799.0
795.0
795.0
795.0
795.0
780.0
773.0
780.0
789.5
784.5
790.0
790.0
788.5
790.0
805.0
784.5
789.5
791.5
800.5
795.5
790.5
790.5
788.5
790.0
795.5
800.0
793.0
804.5
812.0
815.0
811.0
810.0
807.0
817.5
818.5
830.5
826.5
828.5
827.5
826.0
829.0
830.0
830.0
830.5
822.0
825.0
824.0
821.5
822.0
809.0
800.0
814.0
813.0
813.5
813.5
813.0
807.5
807.0
805.0
804.5
801.5
802.0
802.5
799.0
800.0
801.0
798.0
790.0
793.5
799.5
802.0
804.5
804.5
802.0
800.0
798.5
799.0
797.5
807.0
799.0
799.0
800.0
801.5
801.5
801.0
799.0
799.0
800.0
801.5
801.0
801.5
801.0
803.5
800.0
800.0
794.5
793.0
798.0
792.0
796.5
794.5
795.5
796.0
795.0
794.5
793.0
795.5
793.5
791.0
787.0
784.5
786.0
786.0
783.5
780.0
780.0
784.5
782.5
785.0
789.5
784.5
783.0
782.5
791.5
789.0
791.0
774.0
770.0
755.0
755.0
752.0
759.5
758.0
759.5
757.5
762.0
762.0
760.0
759.5
759.0
760.0
756.0
755.0
754.5
766.5
764.0
761.0
763.0
762.0
759.0
760.0
760.0
759.5
765.0
760.0
761.0
762.0
763.5
761.5
761.5
760.0
756.5
757.0
759.5
763.0
763.5
765.5
768.5
767.5
765.5
766.0
761.0
762.0
757.0
763.0
760.5
759.0
761.5
762.5
762.0
758.5
750.0
750.0
750.0
745.0
744.0
745.0
745.0
744.0
739.5
739.0
739.5
738.0
740.0
743.5
740.5
745.0
737.5
734.5
729.5
730.0
729.5
730.0
734.0
735.0
734.0
734.5
730.0
729.5
731.5
734.0
735.0
736.5
738.0
740.0
739.0
738.5
739.0
738.5
741.0
743.0
739.5
742.5
750.0
758.5
752.0
751.0
739.5
749.0
745.0
746.5
738.0
740.0
741.0
741.0
741.5
736.5
738.0
734.0
732.5
735.0
733.0
742.5
735.5
735.5
738.0
737.0
734.0
730.0
732.0
735.5
735.5
734.5
736.5
739.0
738.0
735.0
735.5
734.0
735.5
735.0
742.0
741.0
740.0
739.0
740.0
737.0
736.0
736.0
734.0
722.0
729.0
737.5
738.0
735.0
733.5
732.5
729.5
731.0
730.0
729.0
729.0
730.5
733.0
730.0
730.5
731.0
730.5
729.5
730.0
729.0
730.0
728.0
730.0
727.0
725.5
725.0
721.0
726.0
726.5
723.5
723.5
727.0
724.0
725.0
725.0
726.0
726.0
725.0
724.5
724.5
722.5
722.5
720.5
726.0
721.5
727.5
746.0
728.5
733.5
732.5
726.0
729.0
728.0
728.0
727.5
728.0
727.5
730.5
731.5
728.0
728.5
727.0
726.0
727.5
725.0
727.0
727.0
727.5
723.5
724.5
717.5
717.0
718.0
720.0
719.0
718.0
726.0
738.0
739.0
740.0
734.0
730.0
729.0
727.0
727.5
729.0
728.0
729.0
725.0
730.0
726.0
726.5
723.0
721.0
721.0
719.5
720.5
722.0
721.5
728.5
728.5
730.0
724.5
730.0
724.0
725.5
727.5
725.0
728.0
728.0
736.0
731.0
726.5
725.5
727.5
727.5
727.5
729.0
727.0
725.0
729.0
728.5
728.5
727.5
732.0
729.5
729.5
728.0
732.5
727.5
730.0
730.0
730.0
729.5
729.0
728.5
727.5
727.5
736.0
729.0
730.0
729.0
728.0
728.5
729.5
729.5
731.5
731.0
726.0
727.5
732.0
733.0
731.5
731.0
732.5
738.5
737.5
740.0
750.0
749.5
747.5
748.0
750.5
746.5
743.5
746.0
740.0
749.5
747.5
746.5
748.0
747.0
746.5
747.5
744.5
745.0
745.0
749.5
753.0
746.5
784.5
759.5
760.0
763.0
760.0
760.0
755.0
760.0
763.0
760.5
760.0
763.5
766.5
762.5
775.0
775.0
770.5
788.5
790.5
790.5
784.0
787.5
794.5
789.5
791.5
783.0
780.5
785.0
806.0
806.0
813.0
819.5
815.0
818.0
812.5
815.0
814.0
824.0
830.0
839.5
844.0
849.0
855.0
859.5
853.0
837.5
852.0
878.0
843.5
834.5
832.0
845.0
843.5
840.0
837.5
842.5
838.0
827.0
840.5
837.5
835.0
837.0
837.0
836.5
847.0
844.0
842.5
857.0
846.5
849.5
845.5
848.5
848.0
848.0
838.5
839.0
835.5
836.0
813.0
826.0
825.5
824.0
814.0
811.5
805.5
809.0
805.5
806.5
818.5
811.0
805.0
806.0
807.0
793.0
800.0
800.0
796.0
802.0
791.5
785.0
784.0
783.0
788.0
789.5
786.5
773.5
775.0
775.0
785.0
794.0
805.0
799.0
810.0
806.5
799.5
798.0
801.0
786.5
781.0
780.5
783.5
782.5
780.5
778.0
785.0
784.0
781.0
781.0
797.0
799.0
802.0
807.0
805.5
807.5
802.0
795.0
794.5
801.0
821.0
819.0
818.0
818.5
819.5
816.5
816.0
818.0
815.0
829.5
820.0
820.0
819.5
813.0
818.5
817.0
815.5
817.5
815.0
810.5
799.5
797.0
798.0
797.5
796.0
792.0
795.0
795.5
793.5
800.0
792.5
795.0
790.0
797.5
818.0
818.0
819.5
818.5
818.5
825.0
820.5
822.0
820.5
822.0
825.0
824.0
821.0
814.5
813.5
815.0
819.5
825.0
820.0
823.5
824.5
821.5
825.0
824.5
823.5
829.5
828.0
829.5
829.5
834.0
834.0
832.0
825.0
828.5
826.0
826.0
818.0
821.0
822.0
822.0
821.0
825.5
825.0
825.5
827.0
837.0
828.0
828.5
839.0
839.5
838.5
839.0
839.0
836.0
836.0
848.5
841.0
839.0
842.0
844.5
845.0
844.0
844.0
840.0
834.5
845.0
842.0
840.5
834.5
836.0
832.0
833.5
833.5
834.5
832.0
839.5
835.0
833.5
833.0
834.5
834.5
834.0
832.0
830.0
833.0
837.0
833.5
833.0
833.0
832.0
833.5
833.0
833.5
831.0
830.0
838.0
853.5
852.0
849.0
848.0
847.5
859.0
854.5
853.0
857.0
856.0
862.5
874.0
892.5
887.5
888.5
891.0
897.0
903.5
907.5
917.5
903.5
905.5
894.0
898.5
898.0
891.0
897.0
893.0
892.0
895.0
912.0
925.5
923.0
925.0
929.0
935.0
943.5
962.0
945.0
959.5
955.0
948.0
957.0
957.0
962.0
961.5
961.5
959.0
967.5
977.0
972.0
976.0
981.5
983.5
972.5
962.0
963.5
962.0
967.0
971.0
938.0
959.0
955.5
951.0
953.0
954.5
953.0
955.5
930.0
930.0
955.0
967.5
965.5
969.0
960.0
961.5
965.5
967.0
973.5
976.0
961.0
955.0
948.5
955.5
951.5
955.5
955.0
940.0
935.5
930.0
926.0
930.5
927.0
930.0
935.0
935.0
935.0
943.5
936.5
948.0
938.5
956.5
951.0
961.0
965.5
966.0
966.5
970.0
969.5
969.5
967.0
960.0
956.0
952.5
965.0
965.5
965.5
965.0
960.0
955.0
938.0
931.0
924.0
932.0
922.0
919.5
924.5
925.0
922.5
861.5
898.0
892.0
878.5
880.5
880.5
889.5
895.5
905.0
891.5
894.5
880.5
881.0
885.5
888.0
889.5
879.5
879.5
872.5
870.0
880.0
897.0
893.5
900.0
903.5
919.5
912.5
911.0
914.0
910.5
915.5
915.0
902.5
893.5
892.5
887.5
886.0
880.5
871.5
867.5
865.0
849.0
872.5
861.5
863.5
854.5
848.0
849.5
849.5
850.0
841.5
826.5
833.0
829.5
821.5
824.0
830.5
823.5
823.0
821.0
822.5
842.5
844.5
845.0
844.0
835.0
833.5
842.0
843.0
841.0
832.0
838.0
839.0
835.0
839.5
860.5
858.0
869.5
860.5
858.0
863.0
866.0
869.5
874.0
884.0
894.5
892.0
896.5
898.5
896.0
880.0
890.0
901.0
898.0
893.5
890.0
893.0
899.5
884.0
880.0
883.0
898.0
890.5
876.5
874.0
871.5
876.5
878.0
887.0
894.5
892.5
881.5
879.5
887.5
893.0
886.5
886.0
888.5
881.5
879.5
884.0
881.0
880.0
880.0
878.0
879.5
886.5
889.0
880.5
884.5
881.5
885.5
882.0
881.5
883.0
882.0
880.0
882.0
876.0
874.5
854.0
864.0
861.0
856.0
857.0
858.0
851.5
849.0
845.5
850.0
859.0
859.5
849.0
828.0
822.0
811.0
809.5
814.5
813.5
815.5
802.0
790.5
764.0
774.0
780.0
781.0
773.5
780.5
789.5
783.5
810.0
810.0
821.5
823.0
829.5
821.0
821.5
826.0
824.5
844.5
838.0
838.5
831.0
838.5
832.0
829.5
829.0
829.0
820.5
844.0
841.5
843.0
838.5
839.0
833.5
833.0
837.5
843.5
827.0
815.0
811.0
806.5
810.5
814.0
814.5
814.0
817.5
810.0
829.0
833.5
815.5
816.0
821.0
830.5
835.5
839.0
830.0
833.0
827.5
831.0
831.5
849.0
849.5
853.0
852.0
848.0
840.5
840.5
866.0
866.0
863.0
865.0
877.0
881.5
879.0
882.0
882.0
865.5
867.5
873.5
880.5
879.5
879.0
855.5
855.0
871.0
872.5
879.5
874.0
865.0
868.0
864.0
861.0
858.5
859.5
853.0
853.5
843.5
841.0
831.0
840.0
827.5
835.0
839.0
842.5
832.5
829.0
817.0
844.0
848.5
848.0
849.5
852.5
842.5
832.0
843.5
853.0
855.0
849.0
850.0
864.0
855.0
854.5
834.5
834.5
833.0
830.0
830.5
838.0
840.0
838.0
842.5
844.5
841.0
840.0
825.5
827.0
827.0
814.0
811.0
811.0
809.0
814.0
814.5
812.0
811.5
812.0
815.0
819.5
806.5
805.0
805.0
800.0
796.0
792.5
797.5
787.0
775.0
787.5
806.0
793.5
805.5
801.5
796.0
798.5
785.5
787.0
804.5
789.5
795.0
795.0
791.0
789.5
790.5
792.5
793.0
796.0
802.0
813.0
799.0
798.5
800.0
801.0
798.0
800.5
816.0
835.0
816.5
822.5
820.5
820.0
821.0
830.5
827.0
831.0
838.0
836.5
831.0
818.0
821.5
833.5
834.5
831.5
832.0
836.0
836.5
832.0
840.0
842.5
860.0
858.5
850.0
839.0
825.5
825.0
828.0
830.0
835.5
836.5
828.0
830.5
829.0
837.0
829.5
829.5
829.5
828.5
830.5
830.0
836.5
840.0
837.5
837.5
837.0
837.5
831.0
829.0
829.0
829.0
829.5
833.0
835.0
833.5
830.5
833.5
836.5
831.0
830.0
833.0
834.5
831.0
830.5
832.0
836.5
835.0
833.5
831.5
830.5
829.5
835.0
830.0
831.0
831.0
831.0
837.0
833.0
838.0
844.5
843.0
845.5
842.0
840.0
840.0
840.0
844.0
841.5
840.0
842.0
840.0
840.0
843.0
841.0
847.0
857.0
849.5
850.5
858.5
860.0
867.0
869.0
866.0
866.5
860.0
864.0
870.0
868.0
875.0
875.0
864.0
872.0
866.0
869.0
868.0
862.0
859.0
860.0
860.0
863.5
868.0
871.0
872.0
871.0
868.5
872.0
869.0
880.0
882.0
890.0
883.0
886.0
885.0
884.5
885.5
885.0
885.0
884.0
886.5
887.0
890.0
888.0
889.0
885.5
905.0
917.0
909.0
916.0
913.0
918.5
911.0
912.0
912.0
913.0
910.0
913.0
912.0
910.5
913.0
915.0
918.0
911.0
904.0
912.5
914.5
915.0
927.0
932.0
927.0
922.5
917.5
915.5
913.0
912.0
913.5
913.0
915.5
915.5
912.5
908.0
913.0
916.0
915.0
920.0
916.5
910.0
914.5
913.0
932.0
926.0
915.0
918.5
906.0
887.0
896.0
899.5
902.0
900.5
907.0
915.0
907.0
907.0
910.0
917.5
917.5
920.0
921.5
923.5
922.0
921.5
924.0
925.5
930.0
939.0
955.0
950.5
956.5
957.5
958.5
960.5
957.5
943.5
952.5
945.5
947.5
946.5
951.0
950.0
950.5
946.5
956.0
937.0
930.5
942.0
945.5
948.5
949.5
953.5
950.0
950.0
943.5
943.0
949.0
950.0
950.5
957.0
958.5
954.5
951.5
949.0
951.5
952.5
962.0
962.5
964.0
972.0
964.5
967.5
968.0
969.0
964.0
966.5
969.0
966.0
965.5
969.5
962.0
964.0
960.0
970.5
974.0
974.0
950.5
950.5
954.5
939.5
933.5
939.0
938.0
942.0
941.0
942.0
950.5
939.5
945.5
937.5
930.5
906.0
961.5
919.0
922.5
906.5
919.0
920.0
928.0
927.0
910.5
918.0
922.0
940.0
925.0
920.5
928.0
927.0
924.5
931.5
923.0
902.5
901.5
902.0
895.0
911.5
916.0
912.5
916.5
915.0
915.5
919.5
913.0
912.0
910.0
876.0
890.0
880.5
883.5
862.5
863.0
862.5
864.5
858.5
862.0
869.0
864.5
870.5
868.0
833.0
807.5
828.5
882.0
883.5
884.0
879.5
907.0
908.5
908.0
914.0
913.0
913.0
914.5
909.5
908.0
911.5
921.0
923.0
932.5
926.5
924.5
918.5
902.5
912.5
912.5
915.0
929.0
925.0
910.5
918.5
915.5
913.5
905.0
903.0
896.0
901.0
913.0
911.5
909.0
909.0
909.5
914.5
920.5
919.0
909.5
916.0
915.0
908.0
911.5
903.0
907.0
901.5
891.0
881.5
871.5
871.0
870.5
824.5
855.5
854.0
853.5
868.5
865.5
861.5
847.5
863.0
864.0
879.5
880.0
868.0
858.0
881.5
863.5
859.0
864.0
864.0
863.5
858.5
856.5
860.5
858.0
861.5
875.0
887.5
888.0
882.5
880.0
875.0
878.0
873.0
888.5
894.5
900.5
901.5
897.0
902.5
896.0
893.0
876.0
868.0
879.0
876.0
871.0
875.0
853.0
853.0
847.5
869.0
899.0
904.0
914.5
909.5
914.0
914.5
899.5
890.0
902.0
904.0
900.5
901.5
908.0
907.5
918.5
920.0
922.5
916.0
916.0
914.5
913.0
908.5
904.5
906.5
905.0
905.5
908.0
907.5
897.0
899.0
904.0
909.5
918.5
913.0
919.5
912.5
909.0
905.0
898.5
898.5
899.0
898.5
895.0
898.0
899.0
902.0
904.5
907.5
920.0
905.0
903.0
900.0
898.0
898.0
893.0
890.0
890.0
887.5
888.5
885.0
882.0
885.0
882.0
884.0
880.0
887.0
890.0
889.5
894.0
899.0
885.5
887.0
883.5
884.0
880.0
875.0
872.0
875.5
873.5
871.0
875.5
876.0
877.0
868.5
861.0
871.5
872.0
872.5
867.0
869.0
856.5
850.5
858.5
864.5
867.0
860.5
865.5
857.5
864.5
866.0
861.0
863.5
865.5
867.0
871.5
870.0
870.0
871.0
862.0
860.0
862.0
855.5
866.0
868.0
864.5
864.0
866.5
866.5
867.0
867.5
873.5
872.5
869.0
869.5
867.5
866.0
868.0
867.5
869.5
866.5
869.0
869.0
869.0
869.0
867.0
870.0
871.0
873.5
881.0
886.5
889.5
898.5
898.5
890.5
900.0
900.0
899.5
916.0
917.0
918.5
916.5
913.5
915.5
920.0
920.0
928.5
936.5
934.0
921.0
930.0
938.0
935.0
938.5
945.0
944.0
951.0
958.0
952.5
950.0
953.0
950.5
955.0
951.0
951.0
936.0
948.5
946.5
937.0
956.0
955.5
967.5
971.5
963.0
977.0
966.0
985.0
980.0
977.0
973.0
969.0
946.0
941.5
937.0
936.5
960.0
954.5
935.0
937.5
927.0
934.0
935.0
931.0
923.0
928.0
914.5
910.0
914.0
902.0
907.0
947.0
915.5
931.5
904.5
921.0
923.0
928.0
955.0
950.5
954.0
959.0
951.5
950.5
946.5
949.0
957.0
955.0
956.0
960.0
955.0
984.5
981.5
972.0
970.5
973.0
972.0
969.0
971.0
976.5
979.0
977.5
973.5
975.0
987.0
997.0
996.0
997.0
1005.0
994.5
989.0
989.5
988.5
995.0
990.0
989.0
992.5
995.5
987.0
993.0
997.0
998.0
1000.0
981.5
968.5
972.0
991.0
971.0
965.5
980.0
972.5
972.5
964.5
951.5
956.5
968.0
969.5
968.0
956.5
959.0
981.0
981.5
988.0
988.0
981.5
969.5
971.0
969.5
971.5
944.0
948.5
946.0
918.0
925.0
924.5
931.0
927.0
925.0
949.0
949.5
950.0
934.0
921.5
902.0
884.5
896.0
879.0
861.0
820.0
832.0
849.5
820.0
751.5
826.5
816.0
812.5
785.5
804.0
756.0
792.5
780.5
781.5
801.5
776.5
785.0
805.5
827.5
849.5
806.0
801.5
798.5
851.0
850.5
762.5
651.0
635.5
360.0
554.0
511.0
494.5
519.0
484.5
514.5
498.5
504.0
620.0
697.0
675.0
650.0
548.0
690.5
687.0
690.0
663.5
627.5
665.0
687.5
644.0
628.0
667.5
658.0
636.0
651.0
641.0
654.0
743.5
729.0
680.5
658.0
661.5
625.0
627.5
614.5
606.5
620.0
596.5
612.5
596.5
600.0
600.0
607.0
630.0
585.0
590.5
625.5
639.0
643.0
670.0
679.0
724.5
738.5
730.0
794.5
788.5
797.0
784.5
781.0
777.0
782.0
795.0
810.0
774.5
776.0
779.0
784.5
786.0
779.0
788.0
787.0
809.0
780.5
801.0
808.0
807.0
802.5
803.5
802.5
799.5
799.5
780.5
790.0
785.0
780.5
772.5
776.0
791.5
784.0
778.0
781.0
783.5
782.0
784.0
794.0
792.5
790.5
787.5
785.5
789.0
788.0
790.0
788.0
795.5
791.5
788.0
786.0
788.0
779.5
779.5
779.0
785.0
783.0
784.5
788.0
780.0
766.5
753.5
751.5
761.5
761.5
765.0
780.0
774.5
773.0
773.0
772.0
771.5
761.5
760.5
758.5
756.0
738.5
725.5
729.0
728.0
730.0
740.5
765.0
754.5
762.0
757.0
756.0
752.0
750.5
753.0
752.5
750.5
752.5
751.0
751.0
741.5
738.0
734.0
732.5
727.0
722.0
721.0
728.0
723.5
721.0
716.0
722.0
721.5
717.5
724.0
725.0
723.5
738.0
741.5
742.0
731.0
725.5
726.0
727.5
722.0
719.5
724.0
719.0
717.0
715.0
691.0
688.5
685.0
676.0
667.0
676.5
684.0
694.5
695.5
696.0
679.0
712.5
720.0
719.0
707.0
709.5
698.0
691.5
691.5
710.0
692.5
699.0
702.5
695.5
698.5
698.0
697.0
695.5
700.5
681.5
709.0
700.5
690.5
694.5
694.5
695.0
693.0
690.5
688.0
689.0
663.0
657.0
661.0
653.0
655.0
661.0
655.5
658.0
651.0
653.0
676.0
681.5
680.5
681.5
694.5
698.5
700.5
702.0
702.5
705.5
727.5
723.0
722.0
721.5
720.0
724.0
723.0
723.5
724.0
742.5
741.5
746.0
748.0
725.0
721.0
705.5
706.0
710.5
709.0
722.0
722.0
724.0
714.0
718.5
718.5
717.5
714.0
713.5
715.0
700.0
694.5
688.0
693.5
690.5
690.0
693.0
693.0
689.5
685.0
685.0
689.0
688.0
690.0
691.0
690.0
691.5
692.5
689.0
685.0
685.0
679.5
678.5
679.5
677.5
676.0
676.5
673.5
676.0
674.0
667.5
682.0
672.5
667.5
663.5
660.0
657.0
648.0
649.5
645.0
645.0
639.5
643.5
640.5
641.0
641.5
641.0
635.0
635.0
630.5
631.0
617.0
621.5
627.0
632.0
628.0
625.0
623.0
626.0
626.0
630.0
638.5
631.5
635.0
631.5
631.5
631.0
626.5
629.0
630.0
631.0
639.5
648.5
630.5
625.0
632.0
629.0
631.0
633.0
650.0
648.0
679.5
675.0
673.0
675.0
672.0
674.0
671.5
668.5
665.0
667.0
655.0
658.0
663.0
664.5
663.0
655.0
656.5
657.5
655.0
662.0
638.5
634.0
643.0
640.5
636.5
643.0
643.5
643.5
643.5
641.0
635.0
631.0
629.5
623.0
623.5
618.0
615.0
613.0
611.5
613.5
601.0
591.0
583.5
591.5
589.0
606.0
615.5
608.0
608.5
620.0
611.5
601.0
598.0
599.5
594.0
601.0
602.5
604.5
604.5
604.5
616.0
617.5
639.0
628.5
625.0
619.0
623.5
624.0
625.0
631.5
647.5
643.0
637.5
631.0
628.0
627.5
639.5
638.5
636.5
639.0
638.0
625.5
627.0
621.5
621.5
625.0
634.0
630.5
632.5
632.5
620.5
616.0
616.0
616.0
615.5
617.5
613.5
615.0
614.5
610.0
620.0
619.0
618.5
622.0
621.0
619.0
617.5
614.0
613.0
620.0
618.0
615.5
615.0
617.5
617.0
615.0
615.5
607.5
609.5
613.5
605.0
605.5
608.5
603.5
601.5
602.5
593.0
593.5
594.5
590.0
593.5
591.5
591.0
590.5
591.0
586.0
580.0
580.0
576.0
579.5
556.5
555.5
567.0
565.5
573.0
577.5
577.0
582.5
572.0
575.0
592.0
592.5
588.0
586.0
579.0
586.0
586.5
580.5
588.0
586.0
572.5
572.0
571.0
569.5
566.0
569.0
570.0
570.5
568.0
568.0
577.0
571.0
571.0
565.5
555.0
552.5
560.0
555.5
556.5
556.5
543.0
541.5
542.0
541.5
541.0
541.5
537.5
540.0
538.0
540.0
539.5
535.0
536.5
534.0
534.5
534.5
535.0
535.5
535.0
538.0
540.5
534.0
537.5
534.5
538.0
538.0
537.0
535.0
536.0
537.0
536.0
535.0
527.0
531.0
532.0
530.5
530.0
529.0
531.0
532.0
520.0
519.0
518.0
518.5
524.0
525.5
523.0
521.0
524.5
525.5
529.5
527.5
527.5
525.0
525.5
525.0
525.5
528.0
524.5
521.0
518.0
515.5
517.0
518.0
518.5
517.0
513.0
514.5
514.0
517.0
508.5
509.5
507.5
508.0
509.0
510.5
512.0
512.5
514.0
514.5
509.0
512.0
509.5
504.0
509.0
507.0
510.0
509.0
509.5
510.5
524.0
526.0
526.0
520.5
522.0
521.5
518.0
519.5
521.0
525.0
536.0
530.0
531.0
529.5
529.0
527.0
527.0
523.0
524.5
530.0
514.5
517.0
514.0
516.0
516.0
513.5
510.0
511.0
512.0
513.0
499.0
478.5
