close
149.2
149.88
148.5
147.9
147.8
146.74
147.3
147.1
146.3
146.0
146.74
146.06
145.66
146.12
146.36
146.24
145.84
145.62
145.46
145.6
145.6
144.04
143.56
142.82
142.82
142.2
142.54
143.0
143.6
142.8
142.0
142.82
142.82
142.36
143.0
142.78
143.0
143.0
143.0
142.96
142.4
142.44
142.4
142.84
140.44
140.5
141.0
142.92
145.0
141.52
143.28
142.2
142.24
142.26
142.26
142.14
141.46
141.38
142.42
140.94
140.38
140.2
139.9
140.24
140.0
139.26
139.26
140.38
140.3
140.86
140.92
141.9
141.84
141.56
141.4
141.22
142.0
140.92
142.66
142.82
142.6
143.12
142.4
142.16
142.04
142.7
142.5
141.74
141.68
142.14
141.88
141.92
141.74
141.72
143.0
142.2
141.6
141.14
141.52
140.3
140.28
140.0
140.2
139.96
139.88
140.0
139.68
140.08
139.98
139.86
140.0
139.6
140.0
139.48
140.56
140.4
140.26
140.08
140.18
140.06
140.06
140.02
140.16
140.38
140.52
140.4
140.44
140.24
140.42
140.26
140.0
140.02
139.78
140.24
140.06
140.2
140.32
140.28
139.9
139.94
139.8
139.0
138.98
138.36
139.32
139.36
139.48
139.14
139.3
138.24
138.1
137.72
136.56
135.26
135.22
134.72
134.6
134.52
134.98
134.58
134.74
133.74
134.14
133.18
133.6
133.38
131.9
131.08
131.22
126.02
126.42
126.0
125.54
126.18
128.34
126.2
125.92
125.0
125.46
130.0
127.12
126.52
126.36
125.3
124.22
123.3
123.22
123.48
125.0
123.12
123.04
123.0
122.1
121.8
122.96
123.1
123.2
124.0
122.94
122.2
122.0
121.58
121.24
120.78
120.52
120.42
121.48
122.0
121.64
120.84
120.8
120.72
120.5
120.08
120.78
121.28
121.9
121.5
120.02
119.02
118.2
118.26
117.94
117.82
117.82
118.36
110.0
117.02
112.92
113.84
114.78
114.66
115.02
115.18
115.98
117.5
114.96
114.84
114.5
114.26
114.32
114.98
115.4
115.16
116.0
110.84
110.72
109.9
105.08
104.56
104.64
104.6
103.18
103.12
101.54
106.04
105.84
105.28
106.28
106.7
104.48
104.26
103.68
100.48
100.6
100.14
99.68
99.14
99.34
97.76
97.4
96.86
96.04
96.96
96.48
96.4
92.54
91.9
90.96
91.06
90.72
89.74
89.3
87.56
87.1
86.18
85.48
81.1
75.92
77.2
79.54
77.8
81.62
78.38
81.24
79.74
79.62
79.8
79.68
80.7
81.52
85.28
90.24
90.32
90.72
91.74
92.8
93.46
93.76
94.88
92.6
92.6
96.06
97.0
99.28
99.84
99.2
100.5
101.5
102.3
102.32
106.9
104.56
104.4
104.4
107.9
109.44
109.32
106.88
106.86
108.52
110.62
111.0
108.58
107.3
108.08
108.18
107.16
106.68
107.0
106.6
105.06
104.24
105.04
104.58
104.48
105.32
105.58
106.26
105.66
105.48
105.28
104.86
104.76
105.72
104.66
103.8
104.04
102.5
102.0
101.7
101.44
100.64
100.5
100.9
100.62
101.1
101.7
101.8
101.4
100.58
101.24
100.78
100.0
100.64
101.58
100.76
100.82
100.94
100.76
99.0
99.02
98.5
98.98
98.18
99.06
99.4
99.66
99.3
99.04
100.46
100.0
98.0
99.2
97.5
96.82
96.54
96.26
96.0
96.34
96.36
96.54
96.4
96.98
95.82
96.3
96.62
95.68
95.54
96.3
95.84
96.1
99.84
95.78
94.46
94.6
94.48
94.2
94.1
94.16
93.52
93.88
93.7
93.34
93.5
93.7
93.0
93.08
92.72
92.8
93.0
93.12
92.62
91.72
91.2
90.72
91.24
91.3
90.8
91.0
91.1
91.3
91.38
91.3
91.4
91.4
91.48
91.88
91.78
92.2
91.0
91.3
91.34
91.04
91.44
91.0
91.22
91.04
91.0
91.12
90.2
91.0
90.48
90.42
90.2
89.24
89.42
89.56
89.9
88.7
88.3
88.52
88.68
88.54
88.16
87.18
86.1
86.34
89.9
87.4
86.88
86.34
86.7
86.76
86.76
85.12
85.3
85.62
88.0
84.42
84.04
84.3
84.04
83.9
81.56
82.1
83.14
82.0
83.0
81.72
82.0
81.98
81.6
81.4
81.36
81.56
81.3
81.38
80.9
80.44
79.94
79.6
79.98
79.62
79.8
80.0
80.2
80.98
81.64
81.4
81.78
81.5
81.2
81.2
81.46
81.3
81.4
82.12
81.0
80.82
80.8
80.96
80.86
80.52
80.34
80.48
81.0
81.0
80.0
79.9
80.0
80.0
80.0
79.72
79.68
79.58
79.6
80.04
80.04
80.08
79.8
79.84
80.04
80.08
79.92
80.04
80.08
80.2
80.7
81.32
81.64
81.44
81.76
81.58
82.0
82.0
84.0
83.98
84.6
83.98
84.0
84.68
84.58
84.26
84.5
85.86
83.26
83.72
84.9
85.14
84.52
85.62
86.0
85.48
86.0
84.68
84.42
84.34
84.26
84.0
84.3
84.04
83.96
84.14
83.8
84.92
84.8
84.4
84.4
84.48
84.32
84.2
84.26
84.28
84.36
84.6
84.76
84.78
83.72
83.18
83.56
83.66
83.78
84.32
83.98
83.5
83.6
83.38
83.42
83.56
83.34
83.36
83.36
83.22
83.48
83.5
83.5
83.76
84.26
84.2
84.3
84.5
84.5
83.18
83.2
83.16
83.12
83.06
83.2
82.48
82.4
82.98
82.38
82.4
82.58
82.7
82.12
82.2
82.34
82.4
82.08
82.74
82.78
82.88
82.88
82.36
82.36
81.02
81.12
80.96
81.96
82.0
82.1
82.22
82.28
82.04
82.0
82.22
82.36
83.48
83.16
83.16
83.16
83.16
83.24
83.26
83.46
83.64
83.3
83.46
83.32
83.42
83.22
83.42
83.28
82.94
82.7
82.86
82.38
82.74
82.7
82.64
83.0
83.22
83.18
83.16
83.6
87.98
84.56
85.2
87.0
87.2
88.58
89.14
88.58
87.22
86.62
87.76
87.88
87.98
89.22
89.82
90.0
90.3
89.54
89.38
89.88
90.98
91.76
91.9
91.9
91.94
91.44
91.8
91.7
92.0
92.0
92.98
92.82
92.06
92.52
92.04
91.4
91.58
91.24
91.2
91.3
91.98
92.0
92.28
92.0
91.64
91.3
89.9
90.2
91.0
90.82
91.0
90.9
91.3
90.4
89.84
89.68
89.9
90.18
89.22
89.08
88.98
88.5
88.4
88.3
88.28
88.3
88.78
90.1
89.5
89.24
89.34
89.32
88.34
88.28
87.2
87.0
87.96
89.7
88.3
86.84
86.76
86.66
86.4
86.14
85.86
85.74
85.44
85.5
86.9
86.6
86.26
85.86
85.86
85.7
85.62
86.74
87.5
88.02
87.14
87.02
87.1
87.8
87.5
87.9
88.44
88.44
88.7
89.3
90.0
90.62
91.78
94.12
93.78
93.58
92.38
92.48
92.64
92.32
92.2
92.04
92.1
92.2
91.54
91.8
91.7
91.88
92.16
92.98
92.94
92.66
92.26
92.2
92.26
92.1
92.0
91.64
91.5
92.0
92.0
92.2
92.24
92.12
92.02
92.3
92.14
92.16
92.24
92.24
90.62
90.68
91.16
92.0
91.9
91.5
91.3
91.44
92.0
91.8
90.8
91.42
92.1
92.76
92.88
92.88
92.7
92.46
92.98
94.5
94.18
94.5
94.82
94.62
94.7
94.66
95.08
95.2
95.18
96.4
96.98
96.14
95.62
95.66
96.0
95.8
95.0
94.98
94.24
94.62
94.62
94.02
94.04
93.64
93.74
93.96
93.74
93.98
94.4
94.08
94.32
94.22
94.26
94.32
94.4
94.44
94.5
94.68
94.92
97.18
97.38
97.14
97.0
97.0
96.98
96.38
96.12
96.18
96.4
96.38
96.74
96.82
96.3
96.36
96.34
96.02
97.02
96.9
95.52
95.28
95.22
95.22
95.2
95.12
95.08
95.62
95.38
95.98
96.3
97.2
97.18
96.74
96.98
96.58
96.2
96.3
97.3
96.08
97.06
97.26
97.12
97.16
97.26
97.56
97.04
97.66
98.48
97.84
97.92
97.94
97.86
98.04
98.06
98.22
98.2
98.22
98.94
97.58
98.4
98.74
98.8
98.68
98.9
99.0
99.9
101.16
100.4
99.98
100.4
100.56
100.8
100.76
100.58
100.96
100.92
101.1
102.56
102.3
101.9
101.58
101.78
101.14
101.24
100.88
100.32
99.86
99.8
100.02
99.68
99.82
99.58
98.42
98.42
98.42
98.5
99.72
99.8
99.74
99.6
99.48
99.88
99.6
99.6
99.32
99.4
99.5
99.2
99.14
98.94
98.82
98.16
98.08
97.4
97.06
97.36
97.56
97.68
97.62
97.4
97.7
97.34
97.5
97.88
98.24
98.56
99.0
99.0
99.3
99.52
99.42
99.48
99.64
100.08
98.68
98.56
98.46
98.4
98.98
98.86
98.7
98.86
98.98
99.8
99.34
99.42
99.86
99.9
99.82
99.26
99.1
99.34
101.0
102.0
102.3
102.0
102.26
103.0
103.3
103.22
103.6
104.66
106.3
106.72
107.46
107.72
108.3
108.3
108.5
107.74
107.9
108.16
108.2
119.0
114.34
114.58
114.28
113.98
113.72
112.9
111.3
110.94
111.68
112.0
112.4
111.42
111.44
111.0
111.04
110.84
110.88
109.7
109.9
110.0
109.92
109.14
109.34
109.54
109.8
109.96
110.0
109.66
109.64
109.78
110.16
110.62
110.12
110.34
110.16
109.3
109.2
109.3
110.0
109.66
109.84
109.6
109.52
109.36
109.58
109.48
109.18
109.68
111.86
110.6
111.02
112.32
112.46
112.04
112.16
112.48
112.36
112.0
112.16
111.4
110.9
111.0
111.12
111.1
111.26
111.0
111.02
111.0
112.0
111.14
111.16
111.44
111.22
111.52
111.52
111.42
111.32
112.0
112.06
111.84
111.24
110.7
110.88
110.82
110.08
110.2
109.42
109.46
110.7
110.5
110.3
110.02
110.16
110.24
109.54
109.66
109.0
109.0
108.3
108.66
109.26
108.88
109.22
109.3
109.2
109.76
110.1
111.0
110.6
110.74
110.78
110.88
110.76
111.0
110.36
110.36
110.92
110.32
111.2
111.26
110.94
110.6
109.56
109.64
108.68
109.18
109.3
110.4
110.38
110.46
110.28
109.96
109.78
109.7
109.68
109.68
109.6
110.4
109.78
109.14
109.08
109.4
109.32
109.68
109.76
109.76
110.08
110.08
110.92
110.92
111.0
110.66
110.7
110.62
110.4
110.56
110.14
110.96
110.56
110.72
110.56
110.76
110.54
110.5
110.6
110.82
110.82
110.92
110.74
111.0
110.96
111.04
111.0
111.1
110.68
111.26
110.96
111.6
111.3
111.2
111.82
111.98
112.0
111.9
110.98
110.54
111.0
111.68
111.0
110.98
110.96
111.2
111.08
111.0
111.14
110.88
111.2
111.96
111.26
111.22
111.0
111.08
110.86
110.64
110.0
110.4
110.08
110.54
110.5
110.42
110.1
110.08
109.96
110.1
110.18
109.92
110.0
109.6
110.36
110.4
110.9
110.7
110.98
110.98
111.08
111.14
111.38
111.32
110.52
111.02
111.2
111.0
110.9
110.88
111.06
111.2
111.1
112.2
111.34
111.5
111.44
111.8
111.94
112.1
112.94
113.24
113.14
113.44
113.7
114.12
114.16
113.9
113.78
113.9
113.84
114.0
113.9
113.9
114.24
113.9
114.0
113.8
114.02
114.28
114.32
114.78
115.2
115.0
116.1
118.26
118.22
118.08
118.22
118.34
118.5
118.6
118.6
118.9
118.88
117.86
117.6
117.96
118.0
117.48
117.52
117.86
117.8
119.28
116.76
116.38
116.58
116.1
116.3
116.76
116.74
116.46
116.94
118.0
117.7
117.98
118.06
118.14
118.16
117.8
117.44
116.86
116.3
117.0
116.98
117.26
116.94
117.36
117.26
117.36
117.2
117.52
118.0
117.84
117.4
118.0
117.68
117.6
116.4
114.38
114.52
116.84
115.62
115.9
115.26
115.82
115.02
114.8
114.92
115.12
114.62
114.02
114.0
114.0
113.66
113.62
113.86
113.74
113.7
114.22
114.4
114.04
115.46
115.28
116.1
116.32
116.1
116.18
115.72
115.88
115.98
115.14
117.68
117.24
117.42
117.2
116.22
116.06
115.52
116.66
116.84
116.5
116.88
117.24
117.62
117.48
117.52
117.54
117.8
118.1
118.38
118.02
117.98
117.52
118.5
118.02
118.18
118.08
118.1
118.08
118.26
118.52
118.6
118.68
118.64
118.24
118.28
118.4
117.62
117.72
117.96
117.96
118.58
118.26
118.72
118.72
119.1
119.4
119.34
119.44
120.46
120.48
121.98
122.0
121.8
121.5
121.26
121.28
120.76
120.98
121.94
121.8
120.2
120.16
120.2
120.22
120.44
120.58
120.66
120.68
120.4
120.4
120.3
120.46
120.38
120.2
119.84
119.86
119.92
119.98
120.48
121.8
120.62
120.9
121.14
120.74
120.98
121.1
121.7
121.58
121.06
121.0
120.4
120.14
120.48
121.04
121.74
122.04
123.54
124.42
123.3
123.5
124.28
124.06
123.16
123.5
123.24
123.0
123.42
123.16
122.66
124.0
123.2
123.46
122.74
122.4
122.54
123.02
122.62
122.98
122.64
122.54
122.76
122.4
122.4
122.18
122.36
123.6
123.92
123.48
123.2
123.22
123.14
123.14
123.3
123.92
123.76
123.62
123.96
123.88
123.6
124.56
125.88
125.6
125.86
125.98
125.9
125.8
125.88
126.5
126.68
126.82
127.4
125.7
126.0
125.12
124.5
124.98
124.92
125.4
125.26
125.0
124.5
124.14
122.7
123.02
122.86
122.48
122.48
122.52
122.4
122.4
122.82
122.56
122.3
122.28
123.14
123.1
122.9
122.66
122.8
123.32
122.42
122.44
122.46
122.4
122.72
122.82
122.98
123.68
123.24
124.0
123.82
122.98
122.96
122.98
123.02
123.5
123.66
123.9
124.1
124.0
124.24
124.76
124.9
124.86
124.32
124.08
124.08
123.94
124.2
124.2
123.68
123.7
123.54
123.24
122.88
122.82
122.94
122.96
122.82
122.82
123.34
123.24
123.16
123.1
123.42
123.42
123.1
122.82
122.96
123.5
122.0
122.04
122.2
122.4
122.34
122.2
122.04
121.86
121.8
122.44
122.46
122.9
123.52
123.68
123.86
123.68
123.78
123.7
123.92
124.0
125.06
125.3
125.1
125.18
125.4
125.3
124.78
124.52
124.54
125.6
126.58
126.3
126.02
126.0
126.42
126.74
126.6
126.82
126.9
126.9
126.68
126.96
126.7
126.8
127.72
127.58
127.48
127.66
127.8
127.8
128.7
128.88
127.5
127.2
126.38
127.2
126.88
126.94
126.86
127.8
126.9
127.02
127.08
126.92
127.36
127.48
127.08
127.08
127.38
127.76
127.02
127.3
127.38
128.1
128.12
128.44
128.32
128.28
128.3
128.7
128.3
128.1
128.3
128.22
128.16
127.9
127.62
127.4
126.98
128.52
127.4
127.56
128.28
128.4
128.5
128.42
128.34
128.14
128.7
128.82
129.4
129.6
130.44
130.94
131.42
131.68
132.04
131.84
131.76
132.0
131.22
131.32
131.58
131.64
131.58
131.5
130.92
130.6
130.5
130.5
131.32
129.82
129.52
130.0
129.56
129.66
130.06
129.86
129.9
130.2
127.44
127.2
126.48
127.1
127.22
127.22
126.94
126.64
126.56
127.48
126.3
126.6
126.72
126.8
126.7
126.26
126.6
127.08
127.2
127.8
125.92
126.46
126.5
126.72
126.78
126.84
126.74
127.06
127.0
128.0
126.22
126.9
126.5
127.22
127.34
127.52
127.56
127.56
127.68
127.9
127.68
127.84
127.72
128.0
128.02
128.12
128.1
128.14
128.2
130.0
131.68
131.0
130.54
130.56
130.66
130.64
130.62
131.04
130.64
130.42
130.78
131.06
130.52
130.44
130.28
130.72
131.26
131.54
132.7
131.72
134.88
133.98
133.94
133.78
132.98
132.7
133.02
133.7
133.8
134.98
133.56
133.4
132.94
133.06
133.08
134.04
133.72
133.74
133.78
134.0
135.76
135.88
135.64
135.9
136.1
134.82
133.88
134.62
133.76
134.4
134.84
134.18
134.62
134.82
134.98
134.48
134.36
134.58
134.58
134.94
134.3
134.42
134.28
133.9
133.86
133.94
133.96
133.98
134.14
134.8
135.4
135.14
134.84
135.22
134.96
135.4
135.66
135.38
135.4
134.5
135.48
135.12
135.1
134.78
134.56
135.16
134.94
135.54
135.6
135.8
136.06
137.3
137.2
137.4
137.18
136.48
136.98
136.82
137.32
126.4
129.22
128.66
128.4
128.46
128.38
128.16
127.62
127.96
127.8
128.0
129.0
128.84
128.84
128.88
128.68
128.66
128.44
128.38
128.62
128.72
129.1
128.78
128.8
128.68
128.44
127.86
127.5
127.32
126.58
126.2
126.74
126.0
125.94
126.3
126.18
126.04
126.18
126.1
125.8
125.84
126.2
125.9
125.52
125.56
124.1
124.28
124.56
125.18
125.2
124.84
125.1
124.74
124.06
123.94
124.06
124.08
124.3
124.06
124.24
124.22
123.66
123.3
123.32
123.62
123.96
123.76
123.7
123.82
123.9
123.8
123.74
123.46
123.4
123.32
123.02
123.04
122.82
122.94
122.72
123.48
123.46
123.84
123.74
123.56
123.54
123.34
123.34
122.94
123.3
123.6
123.04
122.98
122.66
122.82
122.8
122.02
121.62
121.54
121.2
121.2
121.7
121.52
121.44
121.0
120.98
120.96
120.12
119.96
120.12
120.18
120.26
120.2
119.94
119.88
119.62
119.08
119.22
119.02
119.22
118.22
117.84
119.26
118.36
117.9
118.32
118.34
116.7
116.18
116.12
116.7
116.72
116.9
115.58
115.78
115.36
115.96
116.54
116.16
116.08
116.92
116.64
116.42
116.22
116.42
117.16
116.64
116.68
116.5
116.48
116.6
116.7
116.52
116.3
116.3
116.34
116.08
116.14
117.06
117.0
118.28
119.08
119.18
120.52
120.08
119.96
120.12
120.16
120.1
120.02
123.14
122.74
123.14
123.28
123.8
124.2
124.74
124.48
123.82
124.3
125.18
125.74
124.44
124.4
124.7
125.18
124.94
125.06
125.06
125.88
125.4
125.32
125.6
125.82
125.8
125.9
125.78
125.5
125.34
126.0
123.6
124.46
124.4
124.24
124.84
125.62
125.02
125.26
124.9
124.98
124.0
124.04
124.34
125.04
125.4
126.36
127.02
127.04
127.22
125.0
125.52
125.88
125.92
124.54
123.96
124.32
123.98
124.12
123.8
122.2
124.3
125.28
124.58
124.32
124.4
124.52
124.64
124.76
124.66
125.0
124.86
125.46
125.12
124.96
124.62
124.6
124.9
124.76
124.74
124.36
124.68
124.6
124.74
124.52
124.38
124.3
124.4
125.7
126.6
125.14
125.92
126.5
126.48
126.68
127.56
126.92
126.94
126.8
126.48
126.22
126.0
127.5
126.22
126.5
126.38
126.4
126.4
126.78
126.12
126.48
126.06
126.04
125.98
125.54
125.96
126.66
126.06
126.48
125.52
125.82
125.58
126.58
126.4
126.8
126.4
125.6
124.5
126.52
125.76
126.46
125.62
126.46
127.58
127.54
127.56
127.54
127.52
127.5
127.96
128.7
129.32
129.0
129.12
129.12
129.0
129.02
128.5
128.5
129.22
129.02
129.08
129.0
129.24
129.96
129.9
129.76
129.84
129.2
129.5
129.52
129.82
129.54
129.54
130.06
130.02
131.04
131.24
131.2
130.2
129.92
130.48
131.24
131.0
131.38
131.2
131.32
131.14
130.14
130.18
130.28
130.7
130.5
130.56
130.2
130.16
129.3
129.16
127.7
128.24
128.74
128.64
128.9
128.88
128.24
129.36
129.44
127.5
128.36
128.44
128.22
128.46
128.38
128.46
129.36
129.14
129.28
130.0
129.76
129.94
130.02
129.88
129.58
129.88
129.72
129.32
130.0
129.64
129.92
130.08
129.7
130.18
130.16
130.5
130.44
130.2
130.5
132.58
131.7
131.7
131.52
131.82
131.72
132.26
131.96
131.72
132.62
132.16
130.86
131.52
131.54
131.86
131.7
132.38
132.34
132.08
132.32
132.3
131.96
132.68
133.24
133.4
133.42
133.42
133.68
133.48
133.96
131.14
131.68
131.5
132.66
132.3
132.58
132.4
133.2
134.48
132.5
133.96
134.66
135.0
134.62
134.72
134.96
135.1
135.16
135.26
135.02
135.3
135.88
136.14
136.12
137.5
138.7
138.22
138.4
138.6
138.82
137.32
136.98
137.68
136.78
136.1
136.8
136.98
136.7
136.8
136.78
133.4
136.06
135.5
135.42
136.0
136.18
135.96
135.86
136.0
136.3
134.86
135.62
135.56
135.54
135.14
135.22
135.28
135.0
134.88
134.84
134.9
134.9
134.6
134.92
134.78
134.8
135.24
135.82
135.84
136.88
135.8
136.02
135.82
136.14
135.62
135.86
136.0
136.0
135.68
136.18
136.38
136.32
136.14
135.76
136.34
136.58
136.76
136.54
136.56
136.7
136.66
136.8
136.7
136.88
136.72
136.66
136.46
135.74
135.78
135.62
135.86
136.66
136.38
136.02
135.38
136.02
136.4
135.46
135.72
135.88
135.8
135.9
135.86
135.66
135.54
135.6
135.96
134.7
134.4
134.14
134.12
134.08
133.68
134.86
133.66
133.76
134.9
134.24
133.3
133.38
133.5
133.4
133.4
133.7
133.68
133.26
133.2
133.16
133.2
133.26
133.2
133.44
133.02
132.98
133.7
133.7
133.7
133.76
133.74
134.12
134.02
134.02
134.04
134.52
133.82
134.0
134.64
134.06
133.96
134.0
133.96
133.94
134.14
134.0
134.1
134.62
133.22
133.36
133.22
133.12
133.1
133.6
133.92
133.94
133.42
133.88
134.62
134.68
134.9
135.0
134.98
134.58
134.84
133.28
133.06
132.86
132.58
133.04
132.7
132.7
132.96
132.72
133.1
133.58
133.22
133.28
133.1
133.12
133.2
133.3
133.24
133.14
134.22
134.68
133.52
133.64
133.32
133.84
133.92
133.94
133.86
133.96
133.82
132.12
133.42
134.26
133.92
134.16
134.04
133.56
133.2
132.48
132.5
133.0
131.7
129.38
130.0
131.16
131.1
131.02
132.8
132.84
132.46
132.38
132.36
133.16
132.5
132.42
132.48
132.64
132.5
133.0
132.66
132.88
131.52
130.32
129.84
128.72
129.04
129.16
130.7
130.28
131.0
130.3
129.36
129.42
126.82
125.32
123.86
123.78
123.52
124.0
125.2
125.34
127.22
126.32
127.38
128.74
128.32
128.42
128.68
128.7
129.0
129.76
130.16
130.1
130.46
129.78
129.54
129.52
128.96
128.98
129.0
128.26
128.12
127.76
127.18
126.54
126.36
126.28
125.66
125.0
126.34
126.04
126.12
125.58
125.52
125.18
124.88
124.28
124.08
125.9
124.76
124.02
124.04
123.86
123.66
123.5
123.48
123.62
123.0
123.0
124.44
124.2
123.54
123.72
123.28
122.3
122.92
123.68
123.3
123.9
123.56
123.34
123.44
123.96
124.62
124.88
124.5
124.4
124.48
124.42
125.2
124.02
124.28
123.96
123.8
121.58
122.28
121.08
121.5
124.5
123.34
123.06
122.56
122.3
123.48
123.42
122.56
122.16
122.26
122.22
123.38
123.4
123.02
123.06
122.9
122.98
123.24
122.92
123.22
123.48
123.18
121.8
121.54
121.98
122.1
122.16
122.1
122.06
123.0
122.96
122.84
123.1
123.22
123.28
123.0
123.36
122.56
122.6
122.52
123.18
122.76
123.36
122.66
122.9
122.84
122.58
122.7
122.56
122.56
123.44
123.26
123.32
123.08
122.82
122.94
123.32
123.08
123.18
124.5
123.9
122.76
123.3
123.18
124.14
124.6
125.12
125.02
124.5
125.66
124.48
124.32
124.5
125.08
125.32
124.9
124.72
124.8
125.4
125.62
125.04
125.4
125.34
125.66
125.76
125.84
126.22
126.0
126.5
126.4
126.08
125.32
125.52
125.36
125.26
125.12
123.4
123.02
123.0
123.44
124.34
124.84
124.06
123.26
123.4
123.18
123.02
122.78
123.0
122.32
122.38
122.5
122.58
122.28
122.4
122.66
122.48
122.2
122.5
122.28
121.78
121.72
121.92
121.0
121.48
121.62
122.74
122.5
122.84
123.0
123.02
123.34
123.78
121.82
122.06
122.54
122.2
122.2
123.58
123.3
123.38
123.44
123.4
123.26
123.24
123.12
123.38
123.4
123.4
124.14
123.74
123.94
124.18
125.74
125.28
125.22
124.94
125.14
125.16
123.12
122.52
122.06
121.86
121.8
121.68
121.64
121.48
121.34
122.34
122.22
122.28
119.5
119.82
119.94
119.62
119.7
119.88
119.8
120.78
120.74
120.56
120.6
120.52
120.54
120.52
119.38
119.58
119.58
119.42
119.84
119.52
119.52
118.62
118.52
118.84
118.62
118.9
120.0
118.62
119.86
119.42
119.06
118.7
118.5
118.7
118.76
118.54
118.54
119.08
119.5
120.1
121.04
121.0
121.12
121.46
122.04
122.02
122.2
120.68
122.28
123.08
123.2
123.06
123.16
123.24
123.02
123.1
123.0
125.42
125.82
125.2
125.32
125.42
124.92
125.1
124.68
124.62
124.2
124.16
124.16
125.04
128.2
127.5
125.5
126.28
127.86
126.06
129.84
129.8
128.5
129.6
129.58
129.6
129.52
128.32
128.5
129.52
127.38
128.02
127.9
128.12
127.32
127.32
126.84
126.72
126.92
127.38
127.38
127.42
126.48
126.62
126.78
127.36
126.6
127.0
128.48
126.8
126.82
126.42
126.38
125.08
125.24
124.4
125.94
125.98
125.98
125.4
125.7
125.96
125.64
125.32
125.48
125.7
125.44
125.9
126.44
125.52
125.6
126.1
126.38
126.28
126.12
126.24
126.26
126.9
126.42
125.96
125.78
126.08
125.42
125.84
125.34
123.58
123.7
122.56
122.5
123.76
123.54
123.58
123.46
123.28
123.12
123.28
123.02
123.12
123.0
123.4
122.04
122.58
123.08
122.5
122.84
122.86
122.84
123.08
123.08
123.36
122.66
123.1
123.36
122.24
122.34
122.44
122.24
122.3
123.56
123.74
123.76
123.4
123.38
123.44
123.0
122.4
122.1
123.52
122.56
122.14
122.56
122.42
122.08
122.34
122.02
122.0
121.92
122.12
122.12
122.06
121.94
121.86
121.8
121.8
121.9
121.94
122.26
122.28
122.36
122.54
122.14
122.28
122.48
122.36
122.58
122.22
121.84
121.94
122.06
122.24
122.04
122.0
122.0
122.18
122.18
123.48
122.3
122.1
122.06
122.08
122.0
122.02
122.24
121.9
121.94
122.3
122.14
122.22
122.1
122.28
121.82
121.78
121.88
121.66
122.5
121.94
121.3
121.36
121.8
121.76
121.7
122.0
122.14
122.06
122.22
122.1
122.24
122.24
122.24
121.96
121.64
121.6
121.66
121.48
122.5
123.2
123.2
123.06
123.14
123.06
123.06
123.02
123.0
123.0
122.56
122.04
121.7
121.48
121.18
120.86
120.9
121.34
120.9
120.9
120.16
119.6
119.76
119.7
119.5
119.18
118.6
118.98
118.68
118.46
117.9
117.64
117.98
118.02
118.1
118.3
118.2
118.02
118.56
117.86
117.52
117.1
117.56
117.88
117.56
117.66
117.94
117.98
118.1
118.48
118.64
117.9
117.96
118.04
118.08
117.66
117.78
117.66
117.7
117.58
117.62
117.52
117.48
117.5
117.24
117.36
118.02
116.34
116.48
116.48
115.9
115.96
116.0
115.4
115.0
114.98
116.0
115.7
116.12
115.86
115.32
115.26
115.36
116.06
116.14
116.2
117.48
117.16
117.16
117.16
117.02
117.4
117.36
117.34
117.58
117.72
117.0
117.0
116.8
117.16
117.3
117.34
117.5
117.44
117.7
117.92
118.5
118.82
117.96
116.86
115.96
116.22
116.3
116.6
116.5
117.0
117.14
117.22
117.08
117.48
117.46
117.22
117.3
117.1
117.16
117.16
118.14
118.14
117.82
117.66
117.94
117.96
117.92
118.0
118.14
118.36
118.46
118.5
118.6
118.8
119.1
118.9
118.78
118.9
118.52
119.0
119.78
119.88
120.36
121.3
121.12
121.44
121.76
121.96
122.8
122.8
123.54
122.4
124.24
124.3
124.44
123.7
124.12
123.48
123.98
124.3
123.88
123.88
123.6
123.88
123.9
123.62
123.52
123.06
123.62
124.0
123.44
123.76
123.8
123.46
123.4
123.04
122.7
123.0
122.86
123.8
123.34
122.54
122.6
122.6
123.06
122.78
122.82
123.08
123.0
123.66
123.36
122.38
122.8
123.24
123.52
123.48
123.68
122.88
122.98
122.92
123.0
122.82
121.76
121.7
122.34
122.56
122.18
121.8
121.4
122.6
121.76
121.18
121.16
121.64
121.46
121.26
121.68
121.72
121.5
119.94
119.66
119.78
119.34
119.0
118.46
118.1
118.14
117.54
118.3
118.12
118.9
119.0
119.0
118.68
118.94
118.56
118.72
118.56
118.2
119.62
119.6
119.64
119.72
119.78
119.56
119.34
119.42
119.4
119.4
119.7
119.52
119.46
119.16
119.2
119.4
119.18
119.1
119.08
120.16
120.16
120.06
120.26
120.0
120.36
120.2
120.48
120.84
120.84
120.86
120.58
120.48
120.42
120.5
120.6
120.86
120.96
120.88
120.56
120.42
120.6
120.84
120.76
120.76
120.52
120.74
120.42
120.4
121.5
120.32
119.94
119.98
119.84
120.38
120.5
120.22
120.48
120.16
119.02
120.26
119.68
119.5
119.4
119.34
119.0
118.74
119.08
118.88
118.96
119.9
119.46
119.66
120.0
119.72
119.96
120.06
120.58
120.5
121.0
120.78
121.6
121.5
121.56
121.58
120.7
120.16
119.5
119.08
119.14
119.26
120.24
120.3
120.32
120.6
118.4
117.88
118.2
118.78
117.2
117.92
118.28
118.28
118.3
118.36
118.4
118.38
118.9
118.44
118.78
118.6
118.54
118.6
118.74
118.98
119.16
119.22
118.74
118.96
119.12
119.36
119.3
119.46
119.7
119.94
120.18
120.18
120.66
120.5
120.46
120.44
120.24
120.1
120.12
120.38
120.3
120.82
121.0
120.88
120.86
120.9
120.9
120.82
120.94
120.86
121.36
121.04
121.0
121.3
121.28
121.1
121.0
120.94
121.0
121.0
121.52
121.0
120.88
120.74
120.84
120.96
121.0
121.16
120.66
120.72
120.5
120.6
119.18
119.1
118.44
118.6
118.5
118.56
118.5
118.72
118.72
118.5
118.88
119.04
119.02
119.2
119.1
119.0
119.1
118.98
119.36
119.54
119.66
120.0
120.0
119.82
119.84
119.94
119.5
119.12
119.32
119.34
119.12
118.4
117.94
118.48
117.62
117.2
118.2
118.12
117.8
118.18
117.34
117.44
117.52
117.3
117.32
117.48
118.02
119.76
119.56
119.82
120.32
120.02
120.2
120.52
120.44
119.52
120.94
120.74
121.3
121.4
120.24
120.8
120.6
120.62
120.7
120.64
120.84
120.88
121.36
121.8
121.52
121.42
121.76
121.3
121.0
121.5
122.48
121.42
121.42
121.6
121.94
121.74
121.86
121.36
121.56
121.88
122.0
121.44
122.24
122.24
122.24
122.26
122.9
122.44
122.64
122.54
122.98
123.14
124.14
124.04
124.36
124.22
124.16
123.74
124.12
124.14
124.14
123.04
123.04
123.14
123.22
123.28
123.78
124.5
123.98
124.28
123.6
123.36
123.4
123.4
123.52
122.32
122.16
122.12
121.66
122.38
121.64
121.68
122.52
122.34
122.14
122.2
121.52
121.12
121.4
121.9
122.08
122.06
122.18
122.3
122.34
122.3
122.28
122.18
122.36
124.5
122.34
122.48
121.4
121.18
121.12
121.24
121.0
121.04
121.68
122.0
121.02
120.34
119.94
120.0
120.1
120.26
120.34
120.62
120.66
121.06
120.24
119.42
119.3
119.4
119.48
119.32
119.06
119.14
119.1
118.5
119.52
119.18
118.94
119.52
119.76
119.84
118.96
119.42
119.02
119.0
119.36
118.94
119.1
119.08
119.1
119.0
119.0
119.0
119.0
121.06
119.92
119.62
119.84
118.98
119.78
119.8
119.56
119.54
120.12
119.64
119.3
119.56
119.34
119.2
119.18
119.34
119.28
119.22
120.0
119.66
119.12
119.24
119.0
118.88
118.96
119.02
119.0
119.36
119.6
119.48
119.48
119.06
118.54
118.36
118.34
118.3
118.16
118.34
119.0
118.92
118.98
119.0
118.9
119.06
119.02
119.04
119.0
119.38
119.46
119.84
119.06
119.1
119.2
119.4
119.46
119.52
120.3
120.3
119.64
118.74
118.56
118.64
118.4
118.52
118.52
118.5
118.58
118.84
118.4
118.4
118.42
118.24
118.08
118.16
118.38
118.4
118.42
118.72
118.72
118.96
118.92
118.76
118.62
118.5
118.52
118.42
118.4
118.86
118.86
118.72
118.34
118.24
118.32
118.32
118.32
118.32
118.16
118.42
118.5
118.88
119.26
119.28
119.52
119.6
118.88
118.7
118.92
119.1
119.1
120.02
119.66
119.76
119.86
119.34
119.18
119.26
119.3
119.04
119.38
119.3
119.48
119.32
119.46
119.64
119.68
119.56
119.62
119.98
119.98
120.96
121.4
121.1
121.54
121.56
122.1
122.14
122.0
121.96
122.14
123.16
123.76
123.34
123.5
123.64
123.42
123.0
123.12
123.1
123.9
124.2
124.4
124.74
124.08
123.68
123.44
123.74
123.34
123.6
123.6
121.74
121.92
122.0
121.94
121.98
121.9
122.6
122.98
123.82
123.82
123.82
124.58
124.38
124.94
125.4
125.46
125.26
124.9
124.74
125.0
124.06
124.98
125.38
125.24
124.88
125.08
125.42
125.44
125.2
125.38
125.66
125.32
125.38
125.38
125.7
126.0
125.96
125.64
125.62
125.96
125.16
125.5
125.6
125.6
125.5
125.8
125.86
125.24
125.42
125.42
124.14
124.0
125.88
125.84
125.8
125.68
125.42
125.0
125.3
125.0
125.28
125.48
125.98
126.04
126.8
126.84
127.04
127.32
127.28
127.12
128.92
128.78
129.06
130.02
130.3
130.48
130.5
130.48
130.34
130.4
129.3
128.64
128.38
128.5
128.5
128.5
128.42
129.14
128.5
129.0
129.06
129.0
128.66
128.12
126.12
126.7
126.7
125.56
125.08
124.98
125.94
125.76
123.94
123.78
123.64
122.9
122.78
122.8
122.8
122.5
126.42
125.86
125.8
125.96
125.86
125.82
123.96
124.0
124.96
125.0
123.4
122.98
122.84
122.74
123.02
122.38
122.36
122.32
122.0
122.02
123.66
124.06
123.94
123.94
123.48
123.0
122.46
122.5
122.38
123.0
122.76
123.0
122.96
122.0
122.0
121.94
121.84
121.96
125.4
125.86
124.46
123.0
123.0
123.2
123.66
122.98
123.0
123.0
122.78
123.98
121.78
121.6
121.44
122.34
121.84
122.0
120.38
121.14
122.0
123.9
122.9
121.28
119.94
119.62
119.92
119.52
118.44
118.5
118.18
118.18
116.56
115.54
115.48
115.06
114.98
113.88
113.56
113.2
115.0
113.5
114.9
115.38
115.2
114.78
115.04
115.1
114.3
114.42
114.08
114.08
114.5
114.36
115.0
113.8
113.88
112.74
111.66
111.88
111.9
112.0
111.86
111.2
111.7
112.3
112.88
112.9
113.2
113.18
112.7
112.74
113.4
113.38
113.24
113.2
113.16
112.78
112.94
111.86
111.6
111.6
111.46
111.46
111.92
112.04
111.98
111.44
111.34
111.7
111.74
111.9
111.54
112.02
111.8
111.7
111.76
111.78
111.78
112.0
111.8
112.0
112.0
112.1
112.0
112.06
112.82
113.72
114.32
114.48
114.26
114.38
113.56
113.56
113.96
113.92
113.98
113.72
113.84
113.8
114.0
114.0
114.02
114.0
114.08
113.8
114.0
113.86
113.88
114.78
114.32
113.9
113.54
113.68
113.66
113.7
113.7
113.74
113.82
113.94
114.1
113.64
113.6
113.4
113.38
113.52
112.82
112.9
112.94
112.94
112.98
113.0
112.88
113.24
113.64
113.48
113.4
113.52
113.48
113.24
113.14
113.38
113.34
113.32
113.96
114.0
113.5
113.68
113.78
115.48
115.36
114.54
114.26
114.32
114.14
114.1
114.2
113.98
114.86
114.16
113.82
113.6
113.3
113.52
113.52
113.82
113.7
113.58
114.6
114.18
114.02
114.1
114.0
113.98
113.9
113.9
113.8
113.7
114.2
113.8
113.54
113.5
113.7
113.6
113.54
113.5
113.1
113.1
112.5
112.64
112.88
112.36
112.52
111.9
112.06
111.94
111.92
113.0
111.86
111.9
111.84
111.74
111.6
111.7
111.4
111.22
111.5
111.6
112.72
112.78
112.88
112.74
114.66
114.7
114.1
114.58
114.86
114.86
115.12
114.0
113.8
113.78
113.94
114.0
114.0
113.96
114.5
114.4
112.62
112.96
112.24
112.3
112.3
112.4
112.74
112.7
112.68
112.68
112.7
112.26
112.12
112.28
112.3
112.22
112.18
112.08
111.78
111.82
114.1
113.32
113.16
112.92
112.88
113.0
113.26
113.46
113.16
113.18
113.72
113.48
113.74
113.66
113.58
113.5
113.54
113.22
113.18
113.2
113.44
113.0
113.5
113.5
113.44
113.12
113.28
113.3
113.1
113.12
113.3
112.68
112.34
112.4
112.04
111.48
111.64
111.4
111.14
112.0
113.2
112.24
112.16
111.86
110.58
110.5
110.9
111.1
111.2
111.6
111.6
111.28
110.82
110.74
110.16
110.52
110.18
110.24
110.2
110.5
110.66
110.52
110.2
110.4
110.48
110.2
109.36
109.1
109.26
109.36
109.88
109.24
109.74
109.62
108.82
109.16
109.76
109.9
109.3
109.0
109.5
109.42
108.94
108.84
108.76
108.8
109.0
109.0
109.1
109.0
111.24
109.92
110.32
109.98
109.88
109.48
109.5
108.34
107.22
108.6
108.7
108.24
108.34
108.24
107.96
106.24
106.44
106.66
106.82
107.0
107.16
107.06
106.96
107.54
107.62
107.64
108.3
108.08
107.86
108.22
108.42
108.4
108.0
108.0
107.64
107.42
107.14
107.02
107.02
107.0
107.48
107.14
106.48
106.92
106.28
106.06
106.32
106.72
106.52
106.52
106.86
104.2
103.04
101.88
101.98
103.06
102.2
102.18
102.06
102.5
103.16
103.02
103.42
103.02
103.48
103.64
103.46
103.66
103.48
104.4
104.42
104.1
104.32
103.88
103.9
103.92
104.06
103.56
103.3
103.3
104.54
104.54
104.52
104.52
104.4
104.6
104.66
105.1
104.6
102.0
103.78
102.28
102.58
100.82
100.74
101.26
101.08
100.76
100.62
101.66
103.76
102.32
102.3
102.7
102.44
101.78
99.2
99.16
99.48
100.0
99.98
100.96
100.8
100.82
100.76
100.94
100.82
100.28
100.3
100.3
102.1
102.26
102.32
103.56
103.3
102.96
103.06
102.72
102.88
102.92
102.46
102.5
102.5
102.34
101.4
101.24
101.92
101.94
101.8
102.32
102.82
102.48
102.66
102.48
102.3
102.2
102.26
102.52
101.88
102.62
105.22
103.96
103.74
103.02
103.46
103.14
103.26
103.24
103.9
104.0
104.0
104.16
104.1
104.4
104.2
104.3
104.54
104.4
104.02
104.92
103.06
102.7
103.6
102.72
103.1
103.0
103.54
103.28
102.78
94.3
93.26
93.4
93.72
93.08
93.4
93.0
93.08
93.06
92.9
92.22
90.1
89.94
90.0
90.4
90.46
90.38
90.54
90.32
90.18
90.4
87.48
86.8
86.08
85.9
86.1
85.4
85.42
85.26
84.5
84.46
84.26
82.82
83.78
83.2
83.22
83.4
83.84
83.24
83.0
84.74
83.96
84.26
84.2
84.24
84.12
84.22
84.28
85.32
85.4
85.6
88.6
88.16
87.72
87.36
87.1
86.5
86.4
86.52
86.88
87.8
89.5
87.6
86.72
86.6
87.18
87.5
87.2
87.5
87.6
87.6
85.42
85.74
86.0
86.2
86.1
86.06
86.3
86.44
86.28
86.98
88.68
87.96
88.4
87.94
88.32
88.56
89.64
88.04
87.88
87.9
87.28
87.28
87.28
87.3
87.1
87.02
87.38
86.9
86.58
85.9
84.96
84.4
84.3
84.2
83.78
83.74
83.3
83.08
83.4
83.6
83.2
82.96
83.18
83.0
82.66
82.64
82.5
82.56
82.7
82.88
82.4
82.1
82.22
82.08
82.22
82.04
81.36
81.78
81.78
81.36
80.66
80.48
80.5
80.74
80.86
80.98
81.1
81.56
81.68
82.24
81.5
81.08
81.22
81.48
82.1
83.3
83.7
83.7
83.88
86.7
85.76
85.3
85.48
85.34
85.58
85.46
85.44
85.5
85.96
87.16
87.24
87.26
87.72
87.7
87.76
88.0
87.96
87.9
88.2
89.5
89.3
89.86
90.44
89.96
89.94
90.04
90.14
90.08
90.8
94.46
94.78
95.7
95.7
95.54
94.78
93.8
95.8
96.0
94.94
93.74
91.78
93.38
93.98
94.44
93.74
94.74
94.7
94.08
94.12
93.9
93.84
92.92
92.4
93.88
93.74
94.06
94.1
93.6
94.34
97.7
98.68
97.66
98.1
99.2
98.92
98.24
96.78
96.66
97.68
94.0
94.6
95.7
95.08
95.14
95.26
95.84
95.26
94.8
95.7
95.06
94.42
94.5
93.94
92.68
94.52
94.5
94.06
92.64
94.06
92.0
91.26
91.56
92.02
91.34
87.9
88.0
88.2
88.0
92.44
92.64
92.52
91.62
90.7
90.0
90.08
89.34
89.3
91.5
89.84
89.02
88.12
87.8
88.0
87.02
86.6
87.02
87.0
86.92
88.26
91.38
91.3
90.98
91.3
91.1
91.18
90.6
91.06
94.72
91.86
91.9
91.7
91.86
91.98
91.52
91.94
92.5
93.3
93.22
89.94
89.78
90.6
90.4
90.34
91.44
91.18
90.32
90.2
90.2
88.54
88.22
87.92
85.06
84.5
84.54
85.04
85.46
84.8
86.5
85.9
85.48
86.3
86.78
86.86
87.2
87.0
86.76
87.38
87.84
88.16
88.22
88.76
89.26
88.82
89.12
89.24
89.22
88.52
88.96
88.5
89.26
89.36
90.62
90.56
91.56
91.14
90.88
89.9
90.8
90.96
90.4
89.62
90.3
90.2
89.12
89.66
89.62
89.5
90.0
92.5
91.9
92.0
91.86
91.96
91.82
92.2
92.12
92.18
92.18
91.0
92.22
92.0
92.04
92.0
92.14
92.28
91.62
91.52
91.68
92.8
93.02
92.74
92.22
92.62
92.56
92.0
91.94
91.6
93.0
90.78
90.94
90.66
89.72
90.02
88.54
87.52
87.52
88.02
90.14
89.86
89.72
89.5
88.62
88.62
88.56
86.96
87.5
86.0
86.7
87.7
87.52
87.0
87.18
87.54
87.88
88.0
87.38
87.2
87.4
88.68
89.02
88.9
89.0
89.5
89.26
89.0
89.44
89.6
89.7
93.36
93.02
93.72
93.48
92.7
92.02
92.26
93.76
95.66
95.6
94.62
94.3
94.52
95.44
95.38
95.4
95.08
94.72
94.58
94.5
92.74
92.1
91.42
91.3
90.92
91.3
91.72
91.6
91.84
91.7
90.32
88.88
88.92
89.58
89.5
89.68
89.6
89.82
89.2
90.94
90.1
90.84
90.98
90.3
91.08
90.92
91.0
91.1
91.02
92.0
92.64
92.78
92.48
92.68
92.44
92.44
91.84
91.52
91.98
89.64
91.3
90.48
90.5
91.06
90.86
91.2
90.1
89.54
89.5
89.54
89.6
89.3
89.6
89.2
89.42
89.5
87.64
86.6
86.38
87.96
85.5
85.5
85.84
84.68
81.6
81.9
80.24
78.52
77.96
79.88
72.48
71.66
72.48
72.3
73.54
73.76
74.06
76.6
74.96
68.54
60.14
60.14
60.14
60.14
60.14
45.22
45.26
45.22
45.22
46.52
63.22
54.7
54.08
52.8
54.0
51.76
53.0
53.9
52.22
52.0
51.96
53.78
55.9
55.96
57.96
60.48
63.12
61.82
63.22
62.7
62.36
62.6
63.02
62.98
65.2
81.96
79.28
82.1
81.92
82.54
82.88
81.8
80.66
78.66
86.52
76.9
77.84
79.4
78.76
79.48
79.2
79.22
79.24
79.46
82.0
76.98
73.68
73.5
70.78
74.06
74.5
74.26
74.0
73.84
72.54
73.24
73.0
73.9
74.42
74.58
74.3
73.18
73.0
72.04
72.04
73.0
72.4
71.9
71.38
70.14
70.04
69.66
68.58
67.02
69.68
67.3
65.7
65.32
66.4
65.0
63.9
63.9
65.0
65.5
65.5
76.02
76.7
74.32
74.3
73.92
73.5
73.34
73.44
72.7
72.7
77.36
74.64
73.72
73.12
72.6
72.58
71.7
71.8
72.7
72.8
72.88
71.54
72.06
71.32
71.5
71.26
71.06
71.36
72.0
74.4
69.78
68.82
69.44
69.16
69.42
69.12
68.98
68.8
68.38
68.38
66.8
68.3
67.52
66.8
66.86
66.56
66.18
66.4
66.34
66.1
64.28
64.64
65.04
65.0
64.96
65.12
64.92
64.9
64.88
64.9
64.28
63.08
62.38
61.9
61.76
64.34
64.8
67.26
66.72
66.2
67.22
66.68
67.86
67.44
67.42
67.54
70.7
68.54
68.68
70.2
67.34
67.8
67.34
66.98
67.2
67.1
66.92
66.76
66.18
66.18
65.06
64.88
64.0
63.62
64.14
63.26
63.06
63.02
62.32
62.32
58.8
57.7
56.98
58.7
57.02
58.64
57.76
58.34
62.0
61.5
62.4
60.78
60.26
60.24
60.8
59.68
60.6
60.34
59.0
62.0
63.16
63.52
63.28
63.7
63.22
63.4
63.38
63.3
63.12
64.98
63.3
63.58
64.16
63.8
63.56
62.58
62.6
62.04
61.08
62.9
62.58
62.18
61.4
64.1
62.12
61.98
61.64
61.56
62.5
65.0
62.22
61.88
61.76
61.64
61.62
60.94
60.82
60.68
60.68
61.0
62.0
62.1
61.64
61.48
61.9
62.0
61.5
61.18
61.32
60.74
62.06
62.06
62.02
61.5
61.66
61.7
61.08
60.7
60.76
61.4
61.36
61.18
61.16
61.32
61.3
61.22
61.22
61.3
61.16
62.0
61.0
61.4
61.2
61.1
60.24
59.94
59.48
59.44
59.34
58.48
57.82
58.48
58.64
58.7
58.78
58.5
58.6
58.36
58.5
60.36
58.98
58.82
58.7
58.88
58.9
59.0
58.92
58.82
58.8
58.06
59.82
60.92
60.16
60.48
62.68
61.5
60.56
60.86
61.68
62.14
65.52
64.36
64.74
63.92
63.8
63.9
63.78
63.36
62.68
63.0
61.26
62.74
62.2
61.46
61.32
62.02
62.16
61.94
62.86
62.9
62.22
60.86
60.56
60.94
60.84
60.48
60.32
60.4
60.58
60.88
59.6
59.64
59.08
59.32
60.26
59.36
59.28
59.06
59.06
60.2
59.3
59.38
58.58
58.72
59.16
58.78
59.16
58.8
58.66
61.5
59.42
59.74
59.4
59.58
59.3
59.94
59.52
59.86
60.2
60.5
62.0
61.7
62.12
62.02
62.3
62.32
62.8
62.68
62.74
62.14
63.58
63.22
63.02
62.6
62.38
61.3
62.36
61.98
61.74
61.74
61.54
61.28
60.36
60.1
60.4
60.1
60.4
61.18
61.18
61.08
60.66
60.7
60.88
60.56
60.58
60.28
60.7
60.9
60.7
60.8
60.74
60.24
60.56
60.44
60.3
60.12
60.16
60.14
60.1
60.12
59.9
59.88
60.0
60.44
60.22
60.02
59.9
59.7
60.0
60.0
59.42
59.62
59.7
59.54
59.54
59.4
57.32
55.02
55.82
55.82
54.1
53.72
53.54
53.52
48.82
51.5
51.32
52.68
52.72
53.0
50.3
50.46
49.9
50.0
50.48
50.04
50.14
50.84
50.88
52.0
53.12
53.86
53.24
52.68
53.58
52.8
52.86
52.92
53.1
53.1
54.14
52.96
53.28
53.46
52.88
52.74
53.0
52.94
53.1
53.3
53.36
53.88
54.02
53.8
53.12
52.28
52.36
52.16
53.04
53.04
51.62
51.78
51.8
51.7
51.78
51.78
51.8
51.88
51.92
51.92
52.2
52.0
52.84
53.78
52.84
52.84
52.7
52.9
52.58
52.2
53.3
54.04
53.92
54.1
54.7
54.62
53.6
53.74
54.32
54.4
54.0
54.14
54.2
54.14
54.2
54.54
55.0
55.38
56.36
56.68
56.5
56.76
56.0
55.58
55.62
55.86
56.2
56.5
56.52
58.0
54.9
55.78
58.42
57.7
59.22
61.08
59.0
60.1
60.72
61.28
59.66
59.3
59.1
58.9
58.26
58.8
58.94
58.7
58.4
59.5
59.68
59.9
61.4
61.32
61.68
60.96
61.18
61.0
60.54
61.5
62.2
62.9
62.38
61.8
62.18
62.4
62.52
62.46
62.36
62.4
62.12
64.78
64.3
63.6
63.76
63.26
63.68
63.86
63.88
64.74
66.22
65.48
64.46
64.64
64.46
64.56
64.1
64.12
64.04
64.04
62.68
62.72
62.86
62.88
61.6
60.6
62.04
60.82
60.68
58.82
57.28
56.68
