close
3.486
3.484
3.305
3.418
3.411
3.409
3.301
3.345
3.35
3.34
3.4
3.421
3.39
3.415
3.4
3.343
3.396
3.458
3.399
3.434
3.344
3.432
3.4
3.4
3.467
3.503
3.494
3.49
3.475
3.464
3.421
3.376
3.377
3.543
3.52
3.453
3.4
3.436
3.428
3.435
3.361
3.367
3.485
3.375
3.37
3.373
3.489
3.371
3.372
3.437
3.485
3.403
3.442
3.433
3.469
3.456
3.46
3.404
3.404
3.403
3.404
3.45
3.45
3.485
3.489
3.443
3.397
3.418
3.432
3.405
3.41
3.42
3.41
3.409
3.355
3.36
3.36
3.36
3.352
3.352
3.475
3.329
3.329
3.43
3.336
3.333
3.341
3.341
3.333
3.34
3.32
3.396
3.35
3.389
3.388
3.355
3.355
3.392
3.301
3.315
3.42
3.312
3.324
3.3
3.3
3.334
3.337
3.306
3.336
3.368
3.32
3.372
3.338
3.345
3.35
3.345
3.336
3.337
3.332
3.33
3.282
3.326
3.3
3.299
3.283
3.295
3.279
3.267
3.26
3.204
3.176
3.224
3.129
3.14
3.168
3.157
3.127
3.193
3.167
3.135
3.192
3.152
3.114
3.119
3.181
3.108
3.147
3.09
3.089
3.088
3.069
3.087
3.1
3.1
3.05
3.093
3.06
3.056
3.0
3.004
3.012
3.019
2.927
2.99
3.0
3.0
3.0
2.993
2.993
2.91
2.913
2.91
2.911
2.923
2.916
2.886
2.921
2.926
3.05
3.067
3.05
3.061
3.07
3.075
3.09
3.15
3.14
3.165
3.15
3.1
3.12
3.155
3.17
3.12
3.15
3.155
3.112
3.152
3.18
3.18
3.125
3.1
3.15
3.15
3.15
3.102
3.133
3.02
3.021
3.05
3.021
3.04
3.076
3.08
3.08
3.08
3.08
3.15
3.12
3.119
3.16
3.16
3.16
3.16
3.16
3.16
3.16
3.121
3.2
3.18
3.18
3.18
3.18
3.18
3.181
3.18
3.181
3.19
3.18
3.18
3.18
3.151
3.185
3.19
3.185
3.185
3.185
3.185
3.19
3.19
3.19
3.196
3.196
3.19
3.19
3.19
3.196
3.19
3.19
3.19
3.19
3.112
3.112
3.17
3.16
3.16
3.1
3.065
3.119
3.12
3.139
3.16
3.16
3.16
3.12
3.121
3.16
3.16
3.17
3.179
3.16
3.142
3.15
3.165
3.164
3.165
3.19
3.19
3.104
3.163
3.15
3.15
3.147
3.144
3.145
3.1
3.15
3.118
3.15
3.103
3.134
3.13
3.14
3.156
3.172
3.172
3.165
3.222
3.25
3.181
3.25
3.2
3.193
3.246
3.232
3.171
3.171
3.159
3.1
3.183
3.236
3.196
3.123
3.193
3.15
3.169
3.179
3.15
3.168
3.1
3.173
3.17
3.143
3.109
3.136
3.147
3.13
3.133
3.07
3.067
3.15
3.15
3.15
3.076
3.08
3.055
3.061
3.155
3.155
3.155
3.02
3.082
3.095
3.089
3.05
3.1
3.129
3.12
3.023
3.02
2.999
3.048
3.002
3.037
3.037
3.035
3.05
3.1
3.115
3.03
3.1
3.11
3.115
3.111
3.111
3.111
3.102
3.1
3.1
3.09
3.1
3.1
3.1
3.1
3.1
3.12
3.1
3.1
3.09
3.11
3.0
3.007
3.009
3.02
3.0
3.017
3.017
3.025
3.025
3.001
3.039
3.025
3.025
3.037
3.05
3.05
3.069
3.05
3.05
3.05
3.06
3.06
3.1
3.1
3.1
3.101
3.1
3.1
3.09
3.09
3.03
3.061
3.0
3.019
3.014
3.013
3.014
3.015
3.025
3.058
3.048
3.009
3.014
3.011
2.996
2.991
3.04
3.049
3.066
3.066
3.096
3.09
3.022
3.024
3.0
3.0
3.0
3.0
2.99
3.0
3.001
3.019
3.019
2.952
2.985
3.0
2.99
3.022
3.005
3.009
3.009
3.01
3.019
2.968
3.0
2.965
3.0
2.951
3.09
3.03
3.0
2.996
2.994
3.03
2.941
2.996
2.99
2.989
2.951
2.975
2.997
2.929
2.971
2.964
2.958
2.94
2.885
2.93
2.81
2.88
2.87
2.87
2.87
2.89
2.89
2.8
2.8
2.81
2.79
2.84
2.86
2.86
2.85
2.86
2.85
3.0
3.01
3.0
3.05
3.01
3.01
3.0
3.01
3.0
3.01
3.01
3.02
2.97
2.97
2.97
2.9
2.9
2.9
2.95
2.85
2.84
2.84
2.82
2.83
2.85
2.9
2.87
2.88
2.87
2.88
2.88
2.9
2.9
2.89
2.85
2.87
2.88
2.88
2.88
2.92
2.9
2.9
2.85
2.9
2.86
2.86
2.85
2.9
2.88
2.85
2.8
2.8
2.8
2.8
2.8
2.78
2.82
2.82
2.83
2.8
2.82
2.75
2.8
2.8
2.8
2.83
2.83
2.8
2.8
2.8
2.85
2.84
2.8
2.85
2.85
2.82
2.87
2.86
2.83
2.82
2.89
2.88
2.87
2.83
2.87
2.85
2.8
2.83
2.82
2.9
2.87
2.84
2.84
2.82
2.82
2.82
2.81
2.82
2.82
2.82
2.8
2.78
2.78
2.78
2.79
2.84
2.85
2.81
2.8
2.79
2.83
2.83
2.8
2.83
2.81
2.82
2.82
2.83
2.84
2.84
2.84
2.84
2.81
2.82
2.8
2.79
2.8
2.84
2.81
2.8
2.8
2.8
2.79
2.81
2.82
2.81
2.9
2.86
2.88
2.91
2.91
2.92
2.95
2.94
2.95
2.97
3.0
3.0
3.0
3.0
3.0
2.91
3.08
3.08
3.08
3.03
3.03
3.01
3.06
3.08
3.1
3.1
3.12
3.1
3.12
3.1
3.1
3.12
3.1
3.13
3.12
3.15
3.17
3.1
3.03
3.02
3.04
3.06
3.02
2.9
2.97
3.05
3.04
3.0
3.0
3.04
3.01
3.01
3.08
3.09
3.1
3.04
3.11
3.1
3.12
3.12
3.1
3.1
3.13
3.07
3.1
3.04
3.1
3.13
3.05
3.11
3.1
3.05
3.13
3.04
3.05
3.11
3.07
3.09
3.09
3.07
3.09
3.04
3.05
3.02
3.01
3.04
3.02
3.01
3.05
3.02
3.0
3.03
3.05
3.03
3.03
3.02
3.02
3.02
3.1
3.09
3.01
3.0
2.99
2.99
3.05
2.99
2.95
3.06
3.07
3.01
3.06
3.03
3.01
3.06
3.06
3.06
3.06
3.01
3.06
3.06
3.14
3.08
3.15
3.2
3.2
3.21
3.02
3.15
3.19
3.2
3.2
3.23
3.22
3.21
3.11
3.19
3.26
3.08
3.08
3.08
3.08
3.08
2.98
3.01
3.19
3.1
3.0
2.98
2.95
2.99
2.97
2.95
2.84
2.99
2.99
3.0
2.94
2.9
2.89
2.89
2.89
2.75
2.86
3.0
2.93
2.94
2.94
2.94
2.86
3.0
3.05
3.01
3.01
3.01
2.99
2.98
2.97
2.98
2.9
2.74
2.77
2.7
2.83
2.81
2.7
2.7
2.7
2.72
2.75
2.76
2.85
2.9
2.75
2.9
2.85
2.84
2.85
2.94
2.85
2.93
2.93
2.91
2.89
2.9
2.9
2.88
2.9
2.9
2.9
2.83
2.89
2.94
2.9
2.94
2.8
2.94
2.87
2.87
2.92
2.88
2.87
2.88
2.88
2.81
2.9
2.82
2.88
2.89
2.77
2.88
2.84
2.9
2.85
2.9
2.79
2.8
2.8
2.9
2.8
2.88
2.9
2.81
2.77
2.76
2.76
2.76
2.81
2.79
2.71
2.77
2.74
2.81
2.75
2.91
2.9
2.91
2.81
2.8
2.89
2.84
2.84
2.8
2.89
2.9
2.85
2.88
2.85
2.85
2.9
2.91
2.91
2.88
2.91
2.85
2.74
2.73
2.73
2.73
2.74
2.72
2.73
2.73
2.66
2.65
2.66
2.63
2.65
2.65
2.74
2.84
2.8
2.73
2.81
2.82
2.82
2.8
2.8
2.82
2.85
2.9
2.91
2.9
2.9
2.89
2.9
2.92
2.93
2.9
2.91
2.89
2.86
2.86
2.87
2.92
2.8
2.9
2.83
2.93
2.88
2.93
2.86
2.89
2.85
2.86
2.85
2.85
2.92
2.94
2.91
2.89
2.9
2.91
2.82
2.89
2.9
2.88
2.78
2.81
2.77
2.76
2.77
2.78
2.78
2.78
2.78
2.8
2.81
2.85
2.78
2.8
2.74
2.79
2.8
2.81
2.8
2.8
2.79
2.81
2.77
2.77
2.79
2.78
2.78
2.8
2.83
2.81
2.8
2.8
2.8
2.8
2.81
2.8
2.79
2.8
2.8
2.8
2.78
2.78
2.8
2.78
2.8
2.8
2.8
2.79
2.8
2.78
2.8
2.8
2.76
2.79
2.79
2.77
2.76
2.78
2.76
2.8
2.8
2.81
2.77
2.77
2.8
2.8
2.8
2.79
2.79
2.79
2.81
2.8
2.76
2.78
2.8
2.81
2.82
2.81
2.82
2.8
2.81
2.78
2.81
2.83
2.84
2.95
2.94
2.91
2.91
2.79
2.79
2.79
2.79
2.8
2.81
2.82
2.78
2.78
2.8
2.82
2.81
2.83
2.94
2.92
2.92
2.89
2.82
2.82
2.87
2.87
2.89
2.86
2.89
2.96
2.9
2.9
2.84
2.85
2.85
2.87
2.89
2.86
2.86
2.86
2.91
2.84
2.8
2.88
3.0
2.98
3.5
3.6
3.5
3.54
3.4
3.45
3.43
3.31
3.43
3.36
3.47
3.48
3.4
3.45
3.46
3.44
3.27
3.29
3.34
3.39
3.33
3.39
3.3
3.36
3.24
3.26
3.21
3.2
3.2
3.21
3.2
3.21
3.17
3.2
3.27
3.21
3.25
3.24
3.23
3.27
3.27
3.21
3.22
3.26
3.3
3.22
3.24
3.21
3.21
3.2
3.19
3.22
3.2
3.19
3.2
3.24
3.29
3.29
3.3
3.31
3.33
3.35
3.39
3.37
3.42
3.41
3.32
3.39
3.36
3.35
3.32
3.3
3.3
3.33
3.33
3.34
3.36
3.35
3.36
3.5
3.46
3.46
3.39
3.4
3.37
3.38
3.39
3.4
3.34
3.33
3.34
3.33
3.38
3.44
3.43
3.4
3.36
3.35
3.4
3.39
3.35
3.33
3.34
3.35
3.34
3.31
3.33
3.34
3.3
3.31
3.31
3.32
3.28
3.29
3.28
3.26
3.28
3.25
3.22
3.18
3.24
3.25
3.2
3.24
3.22
3.25
3.25
3.26
3.31
3.47
3.51
3.36
3.5
3.45
3.35
3.35
3.3
3.3
3.3
3.27
3.3
3.25
3.27
3.28
3.28
3.23
3.3
3.32
3.32
3.31
3.27
3.26
3.19
3.16
3.17
3.21
3.14
3.16
3.17
3.16
3.16
3.15
3.11
3.1
3.16
3.07
3.12
3.1
3.14
3.15
3.14
3.11
3.15
3.16
3.2
3.18
3.16
3.16
3.16
3.12
3.12
3.2
3.0
3.0
3.03
3.03
3.04
3.07
3.03
3.04
3.04
3.06
3.06
3.03
3.03
3.06
3.02
3.1
3.02
2.98
3.04
2.99
3.0
3.0
3.02
3.02
2.98
3.05
3.0
3.06
3.06
3.01
2.93
2.95
2.95
2.95
2.96
2.93
2.97
2.97
2.93
2.93
2.96
2.99
2.99
2.96
2.99
3.0
2.92
2.88
2.94
2.9
2.9
2.91
2.91
2.94
3.0
2.99
3.03
2.98
2.94
2.94
2.98
3.0
3.01
3.1
3.07
3.04
3.08
3.05
3.1
3.03
3.02
3.09
3.09
3.19
3.08
3.14
3.13
3.12
3.11
3.19
3.18
3.19
3.3
3.22
3.25
3.22
3.17
3.15
3.15
3.14
3.15
3.11
3.18
3.08
3.08
3.07
3.02
3.01
2.97
2.97
2.97
2.98
2.97
3.0
2.99
3.0
3.05
3.0
2.99
2.99
3.0
3.02
2.99
3.04
2.99
3.0
3.0
2.98
2.99
2.99
2.99
2.99
3.05
3.3
3.2
3.2
3.2
3.2
3.19
3.2
3.15
3.15
3.19
3.11
3.18
3.08
3.1
3.15
3.0
3.03
3.01
3.02
3.05
3.06
3.05
3.06
3.08
3.07
3.06
3.05
3.05
3.05
3.05
3.06
3.07
3.08
3.15
3.1
3.1
3.1
3.18
3.08
3.05
3.03
3.0
3.03
3.03
3.06
3.05
3.04
3.06
3.07
3.04
3.01
3.01
3.01
3.04
3.02
3.0
3.0
3.01
3.01
2.97
2.99
2.94
2.94
2.97
2.97
2.97
2.98
3.0
3.0
3.0
2.98
3.02
3.03
3.04
2.99
3.0
3.1
3.03
3.0
3.03
2.87
2.9
2.95
2.99
2.98
3.02
3.02
3.0
2.98
2.93
2.98
2.96
3.03
2.98
2.97
2.96
2.92
2.97
2.97
2.92
2.94
2.92
2.97
2.99
2.95
2.95
2.96
2.98
2.99
3.0
2.97
2.96
2.96
2.96
3.26
3.25
3.09
3.15
3.12
3.14
3.14
3.2
3.11
3.16
3.14
3.12
3.11
3.13
3.09
3.09
3.05
3.06
3.09
3.06
3.09
3.06
3.04
3.05
3.06
3.05
3.1
3.1
3.0
3.04
3.0
3.0
3.0
3.02
3.03
3.0
3.0
3.0
2.99
2.99
3.0
2.99
3.0
3.04
2.97
2.95
2.98
3.04
2.97
3.0
3.0
2.99
2.95
2.96
2.98
2.96
2.97
3.0
3.0
2.99
3.0
2.99
3.0
2.95
2.99
2.96
2.96
2.98
2.96
2.95
2.94
2.97
2.99
2.99
2.98
2.95
2.95
2.99
2.95
2.98
2.98
2.94
2.97
2.93
2.94
3.09
3.02
2.97
3.0
3.05
3.05
3.0
3.0
2.98
2.9
2.9
2.93
2.97
2.86
2.88
2.9
2.92
2.92
2.91
2.92
2.92
2.95
2.95
2.94
2.98
2.98
2.95
2.98
2.95
3.0
3.0
3.01
2.94
2.93
2.9
2.87
2.97
2.96
2.95
2.94
2.9
2.92
2.91
2.92
2.9
2.97
2.91
2.95
2.98
2.96
2.93
2.91
2.94
2.9
2.95
2.93
2.93
2.95
2.9
2.9
2.92
2.92
2.92
2.96
2.95
2.95
2.95
2.95
2.9
2.95
2.96
2.98
3.14
3.06
3.03
3.06
2.98
3.0
3.03
3.0
3.07
3.05
2.99
3.0
2.98
3.0
3.08
3.04
3.03
3.04
2.98
2.97
2.97
2.95
2.96
2.99
2.95
2.94
2.94
2.95
2.92
2.92
2.92
2.96
2.9
2.9
2.98
2.95
2.95
2.96
2.93
2.96
2.93
2.91
2.93
2.97
2.98
3.43
3.39
3.33
3.13
3.14
3.19
3.2
3.25
3.29
3.33
3.21
3.2
3.25
3.24
3.2
3.28
3.36
3.29
3.35
3.3
3.31
3.28
3.31
3.23
3.27
3.28
3.25
3.24
3.26
3.27
3.27
3.27
3.27
3.25
3.2
3.2
3.21
3.2
3.16
3.21
3.09
3.16
3.2
3.2
3.2
3.17
3.06
3.05
3.06
3.05
3.14
3.14
3.1
3.1
3.07
3.24
3.13
3.12
3.15
3.16
3.14
3.15
3.15
3.12
3.08
3.08
3.12
3.23
3.11
3.15
3.19
3.08
3.1
3.11
3.05
3.05
3.05
3.05
3.08
3.05
3.04
3.04
3.04
3.04
2.99
2.98
2.99
2.99
2.99
3.0
3.0
3.04
3.0
3.04
3.0
3.03
3.03
3.03
3.03
3.03
2.96
3.02
3.07
3.08
3.07
3.02
3.03
3.02
3.0
3.01
3.0
3.0
3.0
3.0
2.9
2.96
2.93
2.95
2.92
2.96
2.93
2.95
2.96
2.97
2.97
3.01
3.02
3.02
3.02
3.0
3.0
3.02
3.02
3.03
3.01
3.0
2.97
2.97
3.01
3.01
3.0
3.05
3.05
3.01
3.06
3.09
3.09
3.06
3.19
3.14
3.13
3.08
3.12
3.12
3.12
3.11
3.2
3.13
3.2
3.2
3.17
3.14
3.16
3.15
2.9
2.92
2.98
2.98
2.98
2.92
2.94
2.94
2.94
2.96
2.92
2.94
2.94
2.96
2.96
2.95
2.96
2.98
2.97
2.97
2.98
2.97
2.96
2.98
2.98
2.9
2.91
2.91
2.92
2.93
2.92
2.92
2.93
2.91
2.95
2.93
2.92
2.92
2.94
2.94
2.83
2.82
2.81
2.81
2.83
2.83
2.83
2.82
2.84
2.8
2.83
2.81
2.8
2.83
2.84
2.81
2.8
2.82
2.84
2.82
2.8
2.8
2.82
2.8
2.82
2.77
2.79
2.82
2.83
2.74
2.7
2.7
2.73
2.73
2.73
2.71
2.73
2.68
2.69
2.69
2.71
2.71
2.7
2.71
2.73
2.74
2.65
2.66
2.67
2.69
2.65
2.66
2.69
2.65
2.67
2.67
2.65
2.64
2.64
2.66
2.7
2.67
2.7
2.74
2.6
2.6
2.6
2.6
2.6
2.62
2.63
2.64
2.65
2.53
2.55
2.55
2.56
2.55
2.55
2.56
2.59
2.57
2.6
2.52
2.56
2.58
2.58
2.55
2.58
2.58
2.57
2.61
2.44
2.42
2.45
2.4
2.43
2.47
2.52
2.49
2.47
2.5
2.6
2.71
2.68
2.71
2.79
2.78
2.76
2.77
2.74
2.82
2.71
2.7
2.76
2.7
2.72
2.71
2.74
2.73
2.72
2.68
2.67
2.66
2.7
2.69
2.68
2.65
2.66
2.67
2.62
2.65
2.64
2.62
2.62
2.58
2.57
2.6
2.6
2.61
2.61
2.66
2.61
2.63
2.62
2.62
2.6
2.84
2.7
2.71
2.77
2.84
2.8
2.77
2.77
2.77
2.79
2.76
2.73
2.74
2.74
2.69
2.71
2.74
2.7
2.72
2.75
2.73
2.73
2.73
2.72
2.74
2.73
2.7
2.7
2.68
2.68
2.67
2.68
2.72
2.67
2.66
2.64
2.6
2.62
2.6
2.59
2.62
2.6
2.63
2.61
2.59
2.62
2.6
2.61
2.63
2.6
2.6
2.61
2.61
2.64
2.59
2.59
2.55
2.5
2.52
2.48
2.5
2.45
2.47
2.44
2.5
2.51
2.49
2.48
2.52
2.5
2.52
2.52
2.53
2.55
2.54
2.54
2.58
2.57
2.62
2.62
2.6
2.63
2.59
2.58
2.61
2.62
2.59
2.55
2.56
2.56
2.6
2.62
2.61
2.62
2.71
2.67
2.67
2.65
2.65
2.7
2.67
2.66
2.69
2.64
2.64
2.66
2.66
2.67
2.69
2.69
2.69
2.68
2.69
2.69
2.71
2.63
2.62
2.61
2.55
2.59
2.62
2.6
2.61
2.61
2.62
2.6
2.62
2.65
2.64
2.63
2.64
2.65
2.65
2.63
2.66
2.66
2.65
2.69
2.67
2.68
2.69
2.67
2.64
2.64
2.65
2.67
2.66
2.63
2.66
2.73
2.69
2.67
2.67
2.67
2.68
2.69
2.65
2.65
2.7
2.71
2.67
2.7
2.65
2.68
2.67
2.66
2.66
2.68
2.66
2.63
2.65
2.65
2.66
2.63
2.63
2.65
2.65
2.63
2.63
2.63
2.64
2.64
2.64
2.65
2.65
2.61
2.65
2.62
2.65
2.66
2.64
2.7
2.69
2.66
2.67
2.66
2.7
2.68
2.68
2.7
2.71
2.73
2.7
2.69
2.67
2.68
2.68
2.7
2.71
2.86
3.01
3.03
2.94
2.84
2.86
2.93
2.93
2.95
2.89
2.87
2.86
2.85
2.86
2.85
2.85
2.83
2.81
2.84
2.83
2.89
2.87
2.86
2.86
2.89
2.85
2.83
2.88
2.88
2.87
2.86
2.83
2.84
2.83
2.81
2.79
2.79
2.7
2.69
2.69
2.71
2.71
2.7
2.68
2.68
2.68
2.67
2.66
2.67
2.65
2.66
2.67
2.65
2.67
2.67
2.7
2.67
2.68
2.67
2.62
2.64
2.65
2.65
2.65
2.67
2.66
2.69
2.67
2.67
2.68
2.64
2.63
2.68
2.61
2.63
2.64
2.64
2.64
2.62
2.64
2.6
2.65
2.67
2.66
2.64
2.69
2.68
2.68
2.69
2.7
2.69
2.69
2.68
2.69
2.67
2.67
2.67
2.68
2.69
2.69
2.67
2.67
2.69
2.67
2.66
2.65
2.67
2.66
2.63
2.64
2.65
2.66
2.63
2.66
2.65
2.66
2.66
2.71
2.7
2.7
2.7
2.68
2.69
2.68
2.69
2.68
2.7
2.7
2.7
2.68
2.68
2.66
2.65
2.69
2.69
2.7
2.67
2.7
2.69
2.68
2.69
2.68
2.67
2.68
2.69
2.64
2.68
2.7
2.69
2.69
2.69
2.7
2.71
2.75
2.73
2.76
2.77
2.74
2.73
2.78
2.72
2.73
2.75
2.79
2.71
2.7
2.77
2.76
2.77
2.74
2.76
2.79
2.74
2.73
2.7
2.69
2.7
2.76
2.81
2.8
2.84
2.76
2.75
2.75
2.75
2.79
2.77
2.74
2.75
2.75
2.74
2.75
2.75
2.74
2.74
2.72
2.72
2.7
2.69
2.71
2.71
2.72
2.78
2.77
2.74
2.7
2.75
2.75
2.77
2.73
2.76
2.75
2.7
2.75
2.75
2.7
2.71
2.7
2.72
2.74
2.77
2.73
2.72
2.72
2.72
2.72
2.73
2.68
2.68
2.7
2.71
2.74
2.7
2.71
2.71
2.7
2.71
2.71
2.68
2.71
2.71
2.7
2.71
2.7
2.7
2.7
2.66
2.73
2.73
2.72
2.74
2.73
2.69
2.69
2.7
2.69
2.7
2.64
2.68
2.68
2.67
2.66
2.65
2.65
2.66
2.65
2.64
2.65
2.67
2.68
2.68
2.66
2.66
2.68
2.69
2.65
2.67
2.67
2.65
2.66
2.67
2.67
2.63
2.66
2.65
2.64
2.64
2.66
2.66
2.66
2.66
2.65
2.64
2.64
2.64
2.64
2.65
2.64
2.65
2.65
2.66
2.65
2.66
2.64
2.66
2.66
2.65
2.65
2.67
2.69
2.65
2.68
2.68
2.68
2.69
2.68
2.67
2.7
2.7
2.71
2.71
2.7
2.7
2.67
2.67
2.66
2.67
2.64
2.66
2.68
2.66
2.69
2.67
2.69
2.69
2.67
2.66
2.67
2.66
2.65
2.67
2.66
2.67
2.67
2.69
2.7
2.68
2.68
2.67
2.67
2.66
2.67
2.68
2.67
2.67
2.67
2.68
2.69
2.65
2.68
2.69
2.67
2.69
2.69
2.68
2.68
2.69
2.69
2.69
2.69
2.69
2.69
2.66
2.68
2.65
2.65
2.65
2.69
2.69
3.19
3.1
2.95
3.03
3.0
3.0
2.93
2.97
2.96
2.99
2.86
2.89
2.87
2.86
2.92
2.95
2.87
2.95
2.93
2.86
2.89
2.87
2.84
2.86
2.84
2.85
2.84
2.85
2.86
2.89
2.86
2.86
2.85
2.95
2.92
3.0
2.96
2.99
3.02
3.09
3.04
3.05
3.05
2.96
3.06
3.04
3.06
3.06
3.02
3.01
2.97
2.98
2.94
2.97
2.95
2.97
2.92
2.91
2.9
2.88
2.88
2.88
2.86
2.87
2.87
2.85
2.88
2.88
2.88
2.86
2.87
2.86
2.94
2.9
2.92
2.79
2.78
2.78
2.81
2.8
2.81
2.77
2.78
2.79
2.78
2.76
2.78
2.75
2.76
2.75
2.76
2.75
2.78
2.78
2.78
2.74
2.78
2.79
2.78
2.78
2.75
2.75
2.78
2.78
2.78
2.78
2.77
2.76
2.78
2.79
2.78
2.77
2.78
2.78
2.78
2.8
2.83
2.83
2.82
2.82
2.81
2.81
2.82
2.8
2.81
2.81
2.81
2.8
2.8
2.81
2.83
2.82
2.85
2.81
2.82
2.82
2.83
2.8
2.82
2.82
2.84
2.8
2.79
2.81
2.82
2.79
2.8
2.79
2.79
2.76
2.75
2.74
2.75
2.75
2.77
2.74
2.74
2.73
2.73
2.73
2.74
2.73
2.72
2.73
2.73
2.72
2.71
2.74
2.75
2.75
2.75
2.78
2.76
2.77
2.76
2.75
2.76
2.77
2.76
2.75
2.76
2.76
2.75
2.75
2.74
2.73
2.74
2.74
2.74
2.73
2.72
2.73
2.72
2.73
2.72
2.74
2.7
2.71
2.7
2.7
2.68
2.69
2.69
2.7
2.7
2.69
2.69
2.69
2.67
2.67
2.68
2.69
2.69
2.69
2.7
2.69
2.68
2.7
2.7
2.69
2.71
2.69
2.7
2.67
2.68
2.69
2.67
2.67
2.67
2.68
2.69
2.69
2.69
2.69
2.65
2.66
2.67
2.66
2.67
2.67
2.67
2.67
2.66
2.67
2.66
2.67
2.67
2.66
2.66
2.67
2.67
2.65
2.67
2.67
2.67
2.67
2.68
2.69
2.68
2.66
2.66
2.67
2.68
2.76
2.76
2.76
2.77
2.74
2.73
2.75
2.73
2.73
2.73
2.71
2.72
2.71
2.67
2.67
2.68
2.69
2.69
2.7
2.7
2.7
2.69
2.68
2.71
2.69
2.71
2.72
2.72
2.71
2.71
2.7
2.73
2.73
2.72
2.73
2.72
2.71
2.71
2.71
2.7
2.71
2.77
2.72
2.7
2.71
2.7
2.7
2.7
2.7
2.71
2.7
2.7
2.7
2.68
2.69
2.7
2.7
2.72
2.7
2.73
2.72
2.71
2.7
2.71
2.74
2.72
2.74
2.73
2.75
2.7
2.69
2.7
2.69
2.7
2.69
2.69
2.7
2.69
2.71
2.7
2.7
2.7
2.71
2.71
2.71
2.71
2.72
2.72
2.71
2.72
2.72
2.69
2.69
2.69
2.69
2.7
2.7
2.69
2.69
2.69
2.69
2.68
2.69
2.69
2.7
2.69
2.67
2.65
2.64
2.63
2.64
2.61
2.62
2.63
2.6
2.63
2.62
2.62
2.62
2.62
2.63
2.6
2.63
2.64
2.66
2.65
2.67
2.63
2.63
2.64
2.63
2.64
2.61
2.61
2.62
2.61
2.62
2.61
2.62
2.61
2.63
2.61
2.63
2.6
2.6
2.58
2.57
2.58
2.6
2.6
2.61
2.62
2.61
2.62
2.61
2.62
2.61
2.61
2.61
2.62
2.62
2.59
2.59
2.61
2.62
2.61
2.6
2.61
2.62
2.58
2.59
2.6
2.6
2.6
2.6
2.61
2.59
2.59
2.6
2.62
2.62
2.63
2.62
2.62
2.62
2.61
2.62
2.63
2.72
2.83
2.77
2.75
2.73
2.77
2.75
2.76
2.73
2.75
2.71
2.7
2.68
2.67
2.68
2.68
2.68
2.69
2.69
2.695
2.675
2.675
2.655
2.645
2.645
2.645
2.645
2.61
2.61
2.61
2.595
2.6
2.6
2.6
2.6
2.6
2.595
2.595
2.585
2.595
2.6
2.6
2.595
2.595
2.6
2.605
2.6
2.585
2.61
2.65
2.64
2.625
2.615
2.605
2.6
2.6
2.61
2.605
2.615
2.62
2.595
2.585
2.6
2.605
2.6
2.595
2.595
2.615
2.61
2.61
2.6
2.615
2.61
2.6
2.585
2.595
2.6
2.605
2.605
2.6
2.59
2.595
2.595
2.59
2.6
2.6
2.6
2.585
2.57
2.575
2.56
2.555
2.53
2.545
2.54
2.53
2.53
2.53
2.525
2.535
2.52
2.54
2.535
2.525
2.52
2.545
2.545
2.55
2.55
2.545
2.545
2.545
2.585
2.6
2.585
2.585
2.585
2.6
2.58
2.59
2.59
2.56
2.595
2.565
2.585
2.565
2.56
2.585
2.585
2.59
2.59
2.575
2.565
2.58
2.58
2.57
2.575
2.58
2.575
2.58
2.59
2.565
2.565
2.565
2.565
2.565
2.565
2.56
2.54
2.56
2.565
2.565
2.565
2.56
2.565
2.555
2.555
2.565
2.56
2.56
2.56
2.565
2.565
2.545
2.535
2.545
2.545
2.545
2.54
2.535
2.535
2.525
2.555
2.555
2.56
2.555
2.555
2.54
2.53
2.53
2.535
2.535
2.51
2.495
2.51
2.52
2.51
2.495
2.5
2.5
2.5
2.495
2.495
2.49
2.48
2.475
2.465
2.48
2.475
2.48
2.49
2.49
2.495
2.5
2.49
2.495
2.495
2.495
2.51
2.505
2.485
2.485
2.475
2.465
2.47
2.47
2.475
2.475
2.485
2.5
2.495
2.485
2.475
2.48
2.485
2.495
2.48
2.495
2.49
2.495
2.49
2.49
2.49
2.48
2.485
2.49
2.49
2.5
2.495
2.495
2.495
2.495
2.49
2.5
2.5
2.49
2.495
2.5
2.49
2.495
2.5
2.495
2.49
2.485
2.48
2.485
2.495
2.48
2.48
2.49
2.49
2.495
2.495
2.495
2.485
2.49
2.495
2.5
2.5
2.475
2.465
2.475
2.495
2.5
2.5
2.5
2.5
2.49
2.59
2.555
2.53
2.58
2.53
2.545
2.535
2.595
2.67
2.575
2.57
2.595
2.565
2.6
2.58
2.585
2.575
2.685
2.67
2.655
2.64
2.625
2.64
2.625
2.625
2.635
2.615
2.57
2.565
2.565
2.57
2.56
2.575
2.57
2.57
2.545
2.545
2.55
2.515
2.505
2.505
2.52
2.5
2.505
2.51
2.505
2.5
2.495
2.5
2.505
2.51
2.515
2.525
2.54
2.54
2.515
2.52
2.525
2.52
2.52
2.515
2.525
2.53
2.55
2.545
2.55
2.55
2.545
2.55
2.55
2.565
2.565
2.575
2.55
2.565
2.565
2.565
2.61
2.59
2.615
2.6
2.61
2.625
2.61
2.6
2.595
2.6
2.61
2.615
2.845
2.77
2.805
2.695
2.7
2.7
2.735
2.7
2.73
2.79
2.8
2.755
2.745
2.755
2.75
2.745
2.735
2.73
2.71
2.64
2.645
2.66
2.68
2.655
2.645
2.66
2.645
2.61
2.63
2.63
2.62
2.66
2.67
2.695
2.67
2.7
2.7
2.725
2.71
2.705
2.69
2.695
2.69
2.7
2.7
2.71
2.715
2.725
2.72
2.7
2.71
2.695
2.66
2.685
2.695
2.66
2.65
2.685
2.685
2.68
2.68
2.7
2.7
2.71
2.7
2.71
2.73
2.705
2.7
2.665
2.665
2.665
2.67
2.67
2.66
2.655
2.655
2.68
2.66
2.675
2.7
2.725
2.75
2.705
2.7
2.7
2.67
2.685
2.7
2.695
2.665
2.695
2.71
2.68
2.68
2.68
2.695
2.685
2.715
2.74
2.705
2.71
2.675
2.65
2.675
2.67
2.7
2.68
2.665
2.67
2.67
2.66
2.655
2.66
2.665
2.66
2.655
2.655
2.665
2.69
2.69
2.685
2.685
2.68
2.68
2.67
2.685
2.685
2.675
2.695
2.69
2.685
2.69
2.695
2.68
2.67
2.68
2.68
2.69
2.64
2.695
2.67
2.675
2.69
2.66
2.65
2.68
2.69
2.67
2.675
2.67
2.66
2.66
2.65
2.65
2.64
2.67
2.63
2.65
2.67
2.63
2.63
2.615
2.6
2.6
2.62
2.61
2.61
2.6
2.585
2.585
2.57
2.59
2.595
2.6
2.595
2.61
2.595
2.6
2.615
2.62
2.61
2.615
2.615
2.65
2.62
2.66
2.665
2.685
2.685
2.68
2.725
2.715
2.74
2.66
2.69
2.685
2.66
2.665
2.675
2.67
2.685
2.695
2.675
2.71
2.72
2.7
2.68
2.7
2.71
2.705
2.7
2.73
2.685
2.67
2.65
2.625
2.59
2.575
2.57
2.57
2.58
2.6
2.565
2.56
2.54
2.52
2.52
2.52
2.52
2.52
2.54
2.515
2.515
2.52
2.52
2.515
2.5
2.505
2.52
2.505
2.485
2.46
2.405
2.33
2.35
2.355
2.36
2.375
2.38
2.395
2.37
2.41
2.37
2.39
2.395
2.385
2.39
2.385
2.385
2.4
2.405
2.37
2.4
2.4
2.395
2.39
2.4
2.395
2.385
2.43
2.4
2.39
2.4
2.39
2.4
2.39
2.395
2.4
2.38
2.4
2.4
2.4
2.4
2.4
2.405
2.4
2.41
2.4
2.43
2.39
2.4
2.395
2.4
2.415
2.435
2.435
2.41
2.43
2.415
2.385
2.4
2.39
2.39
2.39
2.395
2.38
2.4
2.37
2.365
2.375
2.39
2.39
2.385
2.39
2.37
2.375
2.36
2.35
2.35
2.35
2.355
2.35
2.34
2.35
2.335
2.34
2.32
2.335
2.33
2.325
2.325
2.31
2.315
2.305
2.31
2.32
2.305
2.275
2.28
2.285
2.27
2.275
2.28
2.26
2.26
2.235
2.255
2.26
2.255
2.25
2.265
2.28
2.27
2.28
2.29
2.26
2.265
2.27
2.275
2.265
2.27
2.265
2.27
2.28
2.26
2.26
2.27
2.27
2.275
2.265
2.265
2.27
2.28
2.28
2.28
2.295
2.305
2.3
2.3
2.285
2.3
2.295
2.31
2.33
2.28
2.27
2.27
2.265
2.265
2.27
2.265
2.265
2.27
2.27
2.27
2.26
2.255
2.265
2.265
2.265
2.26
2.25
2.275
2.255
2.25
2.26
2.245
2.255
2.25
2.25
2.24
2.26
2.23
2.235
2.24
2.24
2.235
2.23
2.215
2.235
2.23
2.23
2.22
2.225
2.225
2.225
2.23
2.23
2.235
2.22
2.18
2.175
2.155
2.135
2.14
2.145
2.16
2.165
2.145
2.115
2.12
2.11
2.095
2.11
2.11
2.09
2.09
2.09
2.105
2.095
2.105
2.09
2.08
2.08
2.085
2.085
2.095
2.11
2.085
2.075
2.065
2.055
2.07
2.09
2.075
2.075
2.05
1.995
1.99
1.95
1.925
1.91
1.925
1.92
1.92
1.905
1.845
1.845
1.85
1.855
1.865
1.865
1.87
1.865
1.85
1.845
1.85
1.855
1.85
1.82
1.81
1.77
1.785
1.775
1.765
1.73
1.745
1.74
1.74
1.735
1.73
1.73
1.725
1.825
1.84
1.805
1.785
1.78
1.77
1.8
1.785
1.77
1.78
1.79
1.755
1.76
1.76
1.76
1.76
1.755
1.75
1.75
1.785
1.755
1.76
1.74
1.75
1.75
1.75
1.74
1.74
1.73
1.745
1.735
1.75
1.745
1.74
1.73
1.71
1.715
1.725
1.74
1.735
1.715
1.74
1.7
1.7
1.69
1.69
1.67
1.665
1.68
1.68
1.67
1.675
1.68
1.67
1.67
1.665
1.69
1.675
1.68
1.68
1.675
1.675
1.68
1.67
1.67
1.665
1.63
1.665
1.7
1.715
1.725
1.725
1.735
1.725
1.72
1.71
1.76
1.73
1.72
1.735
1.76
1.75
1.745
1.745
1.745
1.725
1.735
1.74
1.74
1.745
1.745
1.77
1.76
1.795
1.8
1.805
1.795
1.81
1.795
1.815
1.79
1.79
1.815
1.81
1.775
1.83
1.8
1.775
1.795
1.785
1.775
1.8
1.95
1.9
1.885
1.885
1.885
1.85
1.82
1.855
1.875
1.875
1.88
1.89
1.885
1.85
1.885
1.88
1.905
1.9
1.9
1.905
1.89
1.89
1.895
1.895
1.85
1.8
1.815
1.845
1.815
1.845
1.83
1.83
1.8
1.79
1.785
1.785
1.775
1.805
1.785
1.8
1.81
1.79
1.81
1.79
1.805
1.795
1.805
1.795
1.78
1.765
1.765
1.765
1.76
1.755
1.75
1.755
1.755
1.78
1.81
1.785
1.83
1.82
1.81
1.805
1.795
1.805
1.81
1.81
1.83
1.825
1.865
1.87
1.885
1.895
1.935
1.955
1.93
1.895
1.905
1.87
1.91
1.94
1.92
1.92
1.915
1.925
1.92
1.88
1.885
1.855
1.86
1.865
1.855
1.845
1.85
1.835
1.845
1.84
1.835
1.84
1.845
1.845
1.835
1.975
1.855
1.81
1.855
1.845
1.855
1.86
1.815
1.83
1.83
1.8
1.785
1.77
1.775
1.775
1.765
1.76
1.755
1.755
1.755
1.765
1.765
1.77
1.765
1.76
1.765
1.765
1.785
1.785
1.785
1.765
1.75
1.765
1.765
1.775
1.77
1.74
1.77
1.765
1.77
1.77
1.755
1.765
1.765
1.78
1.78
1.815
1.8
1.81
1.81
1.825
1.825
1.83
1.845
1.83
1.825
1.84
1.845
1.84
1.85
1.84
1.835
1.82
1.82
1.81
1.865
1.82
1.835
1.815
1.835
1.835
1.83
1.835
1.84
1.84
1.83
1.835
1.83
1.82
1.83
1.83
1.8
1.81
1.82
1.82
1.82
1.82
1.805
1.8
1.815
1.8
1.795
1.79
1.795
1.77
1.775
1.78
1.775
1.77
1.78
1.775
1.775
1.775
1.765
1.775
1.79
1.77
1.77
1.77
1.74
1.735
1.725
1.715
1.705
1.705
1.705
1.71
1.7
1.7
1.695
1.705
1.71
1.7
1.7
1.7
1.7
1.7
1.695
1.695
1.705
1.695
1.7
1.7
1.7
1.7
1.69
1.69
1.69
1.69
1.735
1.74
1.74
1.745
1.735
1.74
1.735
1.74
1.725
1.74
1.74
1.73
1.72
1.725
1.72
1.73
1.73
1.725
1.715
1.725
1.745
1.745
1.73
1.72
1.72
1.72
1.72
1.7
1.7
1.695
1.71
1.71
1.71
1.705
1.71
1.7
1.695
1.7
1.71
1.715
1.71
1.705
1.705
1.7
1.695
1.695
1.7
1.695
1.72
1.72
1.7
1.695
1.695
1.695
1.7
1.7
1.7
1.705
1.69
1.695
1.69
1.69
1.69
1.69
1.69
1.69
1.695
1.685
1.685
1.695
1.69
1.695
1.695
1.695
1.72
1.705
1.71
1.74
1.73
1.725
1.725
1.73
1.72
1.7
1.705
1.715
1.695
1.695
1.7
1.7
1.7
1.7
1.7
1.7
1.69
1.685
1.71
1.705
1.705
1.695
1.695
1.695
1.695
1.69
1.7
1.7
1.695
1.695
1.7
1.7
1.7
1.725
1.7
1.7
1.7
1.725
1.705
1.71
1.705
1.715
1.735
1.74
1.74
1.76
1.745
1.74
1.755
1.76
1.755
1.745
1.745
1.745
1.75
1.745
1.77
1.77
1.765
1.76
1.75
1.735
1.735
1.74
1.745
1.73
1.75
1.745
1.735
1.74
1.735
1.72
1.77
1.815
1.795
1.76
1.745
1.74
1.735
1.735
1.735
1.725
1.72
1.72
1.715
1.715
1.72
1.72
1.72
1.72
1.715
1.725
1.73
1.785
1.795
1.785
1.78
1.79
1.75
1.75
1.76
1.8
1.85
1.85
1.865
1.835
1.83
1.815
1.825
1.8
1.8
1.8
1.815
1.81
1.795
1.795
1.8
1.795
1.775
1.795
1.805
1.8
1.8
1.775
1.775
1.755
1.75
1.745
1.74
1.76
1.76
1.76
1.76
1.76
1.76
1.745
1.745
1.74
1.75
1.77
1.765
1.745
1.765
1.75
1.74
1.74
1.755
1.78
1.785
1.77
1.82
1.79
1.785
1.78
1.78
1.765
1.785
1.77
1.78
1.76
1.765
1.76
1.75
1.75
1.75
1.76
1.77
1.765
1.76
1.755
1.76
1.745
1.74
1.74
1.745
1.745
1.745
1.74
1.735
1.73
1.73
1.735
1.73
1.74
1.74
1.765
1.75
1.76
1.755
1.765
1.75
1.745
1.74
1.72
1.73
1.745
1.745
1.74
1.77
1.75
1.75
1.73
1.755
1.75
1.73
1.725
1.725
1.725
1.72
1.72
1.72
1.72
1.72
1.72
1.72
1.72
1.72
1.72
1.72
1.72
1.725
1.715
1.705
1.7
1.705
1.705
1.705
1.705
1.7
1.7
1.72
1.705
1.72
1.725
1.72
1.715
1.715
1.715
1.715
1.725
1.725
1.72
1.72
1.72
1.72
1.79
1.76
1.77
1.805
1.85
1.925
1.88
1.85
1.86
1.825
1.82
1.825
1.845
1.875
1.9
1.9
1.88
1.885
1.915
1.88
1.85
1.82
1.78
1.78
1.765
1.75
1.745
1.74
1.76
1.77
1.765
1.79
1.795
1.82
1.84
1.83
1.9
1.89
1.835
1.81
1.84
1.86
1.87
1.845
1.85
1.84
1.855
1.84
1.855
1.88
1.88
1.875
1.86
1.9
1.9
1.88
1.875
1.915
1.92
1.905
1.91
1.905
1.9
1.9
1.88
1.865
1.855
1.835
1.825
1.825
1.825
1.82
1.835
1.84
1.835
1.835
1.825
1.84
1.84
1.83
1.825
1.825
1.835
1.84
1.84
1.815
1.825
1.8
1.785
1.8
1.785
1.81
1.825
1.825
1.825
1.815
1.825
1.815
1.825
1.83
1.845
1.83
1.815
1.81
1.805
1.815
1.815
1.8
1.81
1.81
1.815
1.8
1.845
1.84
1.855
1.87
1.875
1.845
1.84
1.84
1.82
1.825
1.835
1.81
1.82
1.815
1.815
1.805
1.815
1.825
1.825
1.845
1.845
1.83
1.83
1.83
1.83
1.83
1.83
1.83
1.805
1.835
1.82
1.83
1.83
1.815
1.815
1.82
1.82
1.84
1.83
1.82
1.825
1.825
1.825
1.815
1.825
1.815
1.835
1.81
1.85
1.835
1.83
1.825
1.84
1.84
1.83
1.835
1.835
1.845
1.835
1.85
1.875
1.865
1.865
1.86
1.855
1.865
1.86
1.86
1.83
1.8
1.81
1.81
1.8
1.805
1.805
1.835
1.81
1.805
1.81
1.84
1.825
1.815
1.82
1.825
1.83
1.83
1.9
1.9
1.895
1.895
1.885
1.875
1.88
1.87
1.88
1.895
1.86
1.855
1.87
1.885
1.895
1.905
1.925
1.935
1.94
1.98
1.985
2.02
2.045
2.04
2.025
2.1
2.125
2.51
2.6
2.52
2.61
2.635
2.565
2.505
2.475
2.435
2.465
2.335
2.36
2.41
2.39
2.42
2.48
2.5
2.485
2.505
2.509
2.445
2.487
2.423
2.427
2.401
2.4
2.4
2.329
2.316
2.268
2.229
2.205
2.199
2.189
2.215
2.21
2.27
2.267
2.195
2.207
2.224
2.225
2.251
2.308
2.358
2.379
2.364
2.38
2.45
2.468
2.544
2.689
2.6
2.554
2.569
2.5
2.555
2.58
2.499
2.482
2.502
2.495
2.497
2.491
2.499
2.5
2.498
2.48
2.506
2.495
2.498
2.496
2.5
2.557
2.566
2.546
2.568
2.598
2.565
2.58
2.625
2.607
2.63
2.643
2.66
2.702
2.728
2.774
2.65
2.65
2.607
2.675
2.632
2.66
2.675
2.688
2.737
2.739
2.74
2.753
2.769
2.698
2.702
2.676
2.723
2.79
2.83
2.874
2.951
2.958
2.991
2.97
2.95
2.991
3.299
3.26
3.05
3.108
3.19
3.151
3.151
3.118
3.144
3.101
3.1
3.129
3.134
3.124
3.118
2.974
3.027
3.019
2.985
3.049
2.98
2.997
3.003
3.019
3.013
3.05
3.046
3.142
3.2
3.2
3.18
3.29
3.29
3.23
3.219
3.23
3.249
3.24
3.2
3.232
3.195
3.16
3.189
3.123
3.08
3.136
3.206
3.157
3.165
3.052
3.102
3.1
3.062
3.097
3.054
3.07
3.069
3.068
3.066
3.009
3.043
3.058
3.129
3.151
3.171
3.215
3.171
3.199
3.24
3.209
3.494
3.41
3.376
3.366
3.359
3.361
3.358
3.384
3.366
3.361
3.299
3.3
3.22
3.279
3.253
3.256
3.252
3.194
3.209
3.165
3.105
3.135
3.109
3.099
3.085
3.084
3.065
3.076
3.06
3.001
3.0
3.027
3.039
3.1
3.1
3.054
3.07
3.055
3.066
3.07
3.076
3.071
3.07
3.059
3.06
3.1
3.07
3.066
3.022
3.028
3.023
3.033
3.031
3.027
3.042
2.995
3.012
3.07
3.152
3.277
3.359
3.45
3.419
3.452
3.369
3.327
3.305
3.266
3.288
3.3
3.257
3.278
3.244
3.152
3.196
3.178
3.178
3.161
3.15
3.287
3.25
3.247
3.219
3.222
3.156
3.219
3.22
3.188
3.186
3.196
3.19
3.218
3.199
3.199
3.196
3.205
3.211
3.215
3.196
3.356
3.165
3.18
3.16
3.177
3.167
3.137
3.159
3.156
3.14
3.125
3.152
3.15
3.13
3.12
3.074
3.128
3.144
3.1
3.109
3.081
3.083
3.033
3.029
3.035
3.014
3.013
3.025
3.01
3.033
3.033
3.053
3.023
3.017
3.02
3.017
3.012
3.058
3.024
3.028
3.025
3.02
3.027
3.045
3.059
3.042
3.063
3.026
3.018
3.025
3.022
3.015
3.019
3.024
3.014
2.999
2.995
3.004
2.995
2.987
2.983
2.993
2.98
2.999
3.024
3.007
3.006
3.027
3.003
3.003
3.005
3.017
3.004
2.961
2.917
2.95
2.922
2.869
2.855
2.843
2.86
2.852
2.9
2.815
2.842
2.857
2.901
2.949
2.999
2.987
2.97
3.007
3.007
2.998
2.998
2.993
2.988
2.99
2.99
2.995
3.0
2.999
2.983
2.977
2.992
2.99
2.982
2.987
3.022
3.045
3.1
3.104
3.118
3.15
3.16
3.15
3.1
3.074
3.029
3.15
3.134
3.12
3.061
3.097
3.126
3.122
3.102
3.115
3.1
3.097
3.101
3.133
3.132
3.107
3.085
3.13
3.117
3.127
3.121
3.114
3.127
3.139
3.137
3.15
3.155
3.157
3.157
3.147
3.2
3.199
3.183
3.209
3.2
3.206
3.178
3.189
3.192
3.208
3.196
3.19
3.207
3.206
3.188
3.239
3.221
3.206
3.235
3.222
3.234
3.244
3.224
3.245
3.243
3.243
3.256
3.265
3.255
3.279
3.269
3.268
3.26
3.25
3.277
3.308
3.301
3.309
3.319
3.317
3.32
3.319
3.314
3.314
3.345
3.34
3.349
3.4
3.408
3.365
3.368
3.369
3.212
3.4
3.358
3.393
3.394
3.319
3.314
3.31
3.314
3.331
3.478
3.418
3.45
3.413
3.44
3.432
3.439
3.446
3.417
3.471
3.489
3.474
3.465
3.494
3.479
3.5
3.509
3.515
3.477
3.473
3.455
3.497
3.499
3.5
3.519
3.501
3.503
3.535
3.587
3.797
3.724
3.774
3.777
3.78
3.8
3.879
3.83
3.765
3.802
3.75
3.767
3.723
3.718
3.71
3.728
3.724
3.719
3.72
3.714
3.693
3.691
3.638
3.693
3.699
3.712
3.64
3.571
3.58
3.567
3.577
3.55
3.554
3.554
3.597
3.554
3.599
3.601
3.62
3.62
3.662
3.695
3.888
3.806
3.928
3.905
3.92
3.753
3.82
3.815
3.812
3.819
3.864
3.83
3.877
3.881
3.9
3.902
3.902
3.91
3.9
3.909
3.863
3.811
3.815
3.895
3.89
3.841
3.842
3.839
3.837
3.945
3.818
3.843
3.865
3.84
3.8
3.729
3.72
3.725
3.72
3.639
3.609
3.624
3.642
3.653
3.699
3.726
3.724
3.705
3.51
3.749
3.663
3.676
3.668
3.616
3.599
3.587
3.581
3.595
3.611
3.612
3.588
3.593
3.559
3.596
3.537
3.539
3.517
3.601
3.689
3.693
3.661
3.674
3.698
3.664
3.661
3.685
3.66
3.621
3.699
3.667
3.71
3.7
3.759
3.751
3.75
3.7
3.701
3.672
3.773
3.769
3.752
3.75
3.793
3.799
3.75
3.777
3.722
3.749
3.736
3.742
3.735
3.685
3.741
3.655
3.709
3.688
3.652
3.681
3.638
3.636
3.681
3.659
3.659
3.635
3.636
3.673
3.638
3.612
3.61
3.702
3.676
3.665
3.65
3.682
3.643
3.623
3.67
3.666
3.648
3.65
3.68
3.61
3.621
3.62
3.62
3.62
3.659
3.648
3.641
3.68
3.561
3.615
3.65
3.629
3.629
3.629
3.626
3.667
3.65
3.65
3.64
3.601
3.648
3.647
3.62
3.621
3.668
3.69
3.639
3.644
3.629
3.642
3.621
3.644
3.75
3.655
3.65
3.67
3.637
3.693
3.704
3.744
3.754
3.771
3.732
3.719
3.781
3.75
3.749
3.701
3.73
3.72
3.7
3.667
3.72
3.71
3.663
3.699
3.663
3.706
3.7
3.678
3.67
3.652
3.662
3.66
3.66
3.67
3.653
3.677
3.661
3.673
3.664
3.675
3.69
3.67
3.665
3.655
3.66
3.65
3.65
3.685
3.4
3.627
3.63
3.68
3.601
3.649
3.62
3.6
3.616
3.501
3.649
3.643
3.64
3.646
3.645
3.5
3.531
3.545
3.601
3.606
3.6
3.527
3.528
3.527
3.461
3.457
3.4
3.387
3.399
3.4
3.353
3.352
3.458
3.51
3.486
3.5
3.504
3.455
3.45
3.449
3.435
3.349
3.449
3.39
3.299
3.347
3.499
3.485
3.448
3.361
3.401
3.39
3.33
3.298
3.241
3.331
3.243
3.24
3.24
3.268
3.24
3.24
3.333
3.346
3.284
3.274
3.253
3.254
3.264
3.279
3.279
3.299
3.259
3.25
3.262
3.228
3.297
3.276
3.3
3.236
3.307
3.339
3.225
3.23
3.246
3.23
3.208
3.245
3.235
3.216
3.202
3.217
3.205
3.23
3.209
3.211
3.238
3.202
3.219
3.219
3.202
3.199
3.171
3.195
3.194
3.175
3.179
3.166
3.169
3.178
3.2
3.198
3.176
3.139
3.15
3.14
3.155
3.15
3.151
3.163
3.199
3.183
3.2
3.185
3.161
3.196
3.197
3.168
3.17
3.165
3.151
3.124
3.199
3.266
3.181
3.194
3.19
3.19
3.18
3.184
3.189
3.18
3.174
3.174
3.152
3.152
3.172
3.161
3.159
3.179
3.184
3.18
3.18
3.179
3.165
3.17
3.149
3.123
3.17
3.165
3.152
3.15
3.135
3.164
3.185
3.172
3.132
3.154
3.15
3.15
3.185
3.188
3.164
3.189
3.15
3.18
3.15
3.163
3.189
3.2
3.173
3.16
3.163
3.173
3.176
3.165
3.178
3.21
3.182
3.181
3.18
3.182
3.15
3.15
3.17
3.176
3.152
3.2
3.182
3.182
3.182
3.18
3.179
3.189
3.216
3.23
3.226
3.226
3.266
3.25
3.2
3.249
3.25
3.25
3.236
3.235
3.234
3.235
3.235
3.22
3.235
3.275
3.251
3.289
3.3
3.292
3.28
3.275
3.297
3.272
3.24
3.2
3.207
3.207
3.196
3.208
3.193
3.188
3.191
3.111
3.133
3.101
3.059
3.119
3.128
3.1
3.121
3.101
3.117
3.118
3.092
3.1
3.082
3.102
3.11
3.087
3.06
2.857
2.866
2.879
2.879
2.862
2.877
2.878
2.865
2.837
2.86
2.836
2.915
2.885
2.92
2.881
2.83
2.827
2.84
2.831
2.849
2.835
2.835
2.826
2.813
2.826
2.825
2.854
2.83
2.829
2.823
2.829
2.815
2.801
2.8
2.81
2.831
2.831
2.85
2.849
2.831
2.801
2.828
2.82
2.828
2.839
2.863
2.814
2.839
2.826
2.847
2.841
2.84
2.821
2.82
2.83
2.84
2.84
2.83
2.826
2.839
2.845
2.86
2.86
2.884
2.884
2.923
2.98
2.949
2.899
2.835
2.829
2.818
2.81
2.811
2.831
2.827
2.864
2.774
2.77
2.78
2.775
2.786
2.754
2.757
2.779
2.765
2.907
2.848
2.88
2.865
2.847
2.86
2.84
2.859
2.858
2.804
2.815
2.855
2.854
2.86
2.83
2.849
2.858
2.788
2.94
2.881
2.888
2.95
3.05
3.021
3.079
3.1
3.15
3.09
3.05
3.005
3.01
3.0
3.0
2.805
2.835
2.855
2.87
2.83
2.825
2.82
2.82
2.75
2.8
2.755
2.755
2.75
2.795
2.77
2.76
2.735
2.765
2.725
2.575
2.695
2.665
2.69
2.745
2.805
2.85
2.86
2.9
2.91
2.95
2.95
2.955
2.95
2.98
2.95
2.98
2.935
3.0
2.975
2.95
2.955
2.95
2.95
2.99
2.955
2.955
2.95
2.925
2.94
2.935
2.935
2.89
2.91
2.84
2.835
2.885
2.855
2.77
2.82
2.77
2.78
2.775
2.75
2.78
2.775
2.78
2.75
2.825
2.805
2.95
2.955
2.955
3.0
3.025
3.01
3.0
3.0
3.0
3.0
3.0
3.0
3.01
3.0
3.01
3.0
2.955
3.05
3.02
3.06
3.06
3.02
3.03
2.99
2.915
2.985
3.0
3.025
3.0
3.005
3.01
2.915
3.0
3.0
3.0
2.96
3.0
2.93
2.935
3.01
3.015
3.07
3.035
3.03
3.0
3.03
3.065
3.01
3.09
3.04
3.03
2.98
3.0
3.005
3.0
2.805
3.0
3.0
3.015
3.325
3.37
3.905
3.75
3.795
3.655
3.695
3.6
3.545
4.075
3.9
3.795
3.745
4.2
3.87
4.13
3.94
3.81
3.86
3.92
3.88
3.85
3.75
3.745
3.74
3.7
3.64
3.79
3.65
3.61
3.66
3.6
3.575
3.535
3.6
3.63
3.62
4.0
4.135
4.135
4.135
4.41
4.4
4.235
4.345
4.105
4.105
4.0
3.95
4.0
4.17
4.2
4.2
4.1
4.12
4.1
4.1
4.1
4.17
4.28
4.26
4.15
4.1
4.195
4.1
4.1
4.15
4.16
4.12
4.12
4.1
4.1
4.1
4.1
4.105
4.22
4.22
4.11
4.17
4.2
4.29
4.27
4.245
4.305
4.4
4.505
4.47
4.48
4.4
4.45
4.46
4.5
4.46
4.495
4.485
4.5
4.495
4.425
4.475
4.425
4.43
4.425
4.42
4.305
4.315
4.21
4.23
4.24
4.295
4.245
4.255
4.285
4.26
4.125
4.235
4.245
4.195
4.145
4.005
4.175
4.2
4.2
4.3
4.205
4.13
4.205
4.26
4.195
4.2
4.195
4.2
4.07
4.16
4.265
4.205
4.34
4.225
4.335
4.335
4.335
4.205
4.19
4.19
4.18
4.2
4.155
4.105
4.11
4.1
4.14
4.28
4.275
4.15
4.22
4.285
4.14
4.1
4.18
4.17
4.25
4.23
4.15
4.18
4.175
4.17
4.055
4.12
4.115
4.115
4.1
4.1
4.18
4.15
4.165
4.14
4.125
4.26
4.165
4.155
4.145
3.98
4.1
4.0
4.025
3.99
4.0
3.985
3.975
4.1
3.915
4.02
4.16
4.15
4.06
4.0
3.97
3.995
4.09
4.0
3.97
3.875
3.865
3.86
3.825
3.855
3.84
3.85
3.88
3.945
3.905
3.885
3.89
3.8
3.83
3.83
3.85
3.775
3.82
3.83
3.77
3.78
3.755
3.805
3.8
3.805
3.78
3.78
3.8
3.78
3.725
3.77
3.785
3.83
3.85
3.85
3.86
3.87
3.85
3.825
3.85
3.84
3.835
3.84
3.8
3.8
3.8
3.8
3.8
3.84
3.77
3.615
3.68
3.715
3.745
3.79
4.0
3.92
3.95
3.975
3.965
3.97
3.93
3.94
3.945
3.945
3.82
3.835
3.85
3.825
3.84
3.825
3.795
3.78
3.765
3.845
3.76
3.81
3.84
3.805
3.83
3.75
3.75
3.74
3.74
3.735
3.735
3.735
3.735
3.785
3.68
3.7
3.71
3.71
3.72
3.725
3.725
3.745
3.745
3.725
3.72
3.75
3.79
3.71
3.735
3.725
3.69
3.7
3.68
3.655
3.69
3.7
3.67
3.665
3.53
3.595
3.545
3.55
3.605
3.605
3.63
3.58
3.5
3.595
3.48
3.505
3.6
3.6
3.61
3.52
3.5
3.515
3.48
3.48
3.525
3.525
3.465
3.505
3.445
3.48
3.46
3.48
3.42
3.5
3.465
3.5
3.505
3.54
3.53
3.5
3.5
3.48
3.545
3.505
3.53
3.53
3.535
3.68
3.75
3.855
3.84
3.815
3.84
3.8
3.8
3.76
3.8
3.7
3.625
3.83
3.73
3.67
3.75
3.68
3.78
3.7
3.7
3.67
3.7
3.67
3.695
3.695
3.63
3.67
3.69
3.69
3.685
3.68
3.67
3.625
3.665
3.69
3.68
3.66
3.665
3.69
3.645
3.69
3.79
3.79
3.79
3.81
3.825
3.79
3.785
3.78
3.78
3.775
3.78
3.78
3.725
3.825
3.755
3.7
3.69
3.695
3.795
3.77
3.72
3.755
3.715
3.71
3.745
3.7
3.725
3.73
3.745
3.745
3.74
3.74
3.7
3.69
3.695
3.695
3.64
3.65
3.64
3.67
3.695
3.67
3.67
3.635
3.6
3.67
3.79
3.755
3.775
3.79
3.79
3.77
3.73
3.855
3.735
3.735
3.735
3.735
3.735
3.735
3.77
3.8
3.775
3.775
3.805
3.83
3.84
3.815
3.855
3.845
3.865
3.905
3.86
3.85
3.82
3.895
3.895
3.9
3.9
3.915
4.1
4.09
4.05
4.095
4.215
4.21
4.2
4.37
4.26
4.215
4.32
4.325
4.4
4.445
4.79
4.59
4.75
4.6
4.62
4.61
4.57
4.59
4.7
4.575
4.58
4.56
4.46
4.405
4.445
4.4
4.4
4.435
4.35
4.39
4.46
4.425
4.4
4.395
4.42
4.455
4.525
4.455
4.495
4.4
4.48
4.39
4.33
4.315
4.37
4.39
4.4
4.42
4.46
4.465
4.425
4.43
4.44
4.43
4.58
4.5
4.595
4.49
4.495
4.46
4.465
4.49
4.48
4.475
4.49
4.36
4.45
4.45
4.45
4.395
4.445
4.39
4.405
4.445
4.435
4.44
4.44
4.45
4.495
4.435
4.445
4.5
4.45
4.5
4.46
4.5
4.52
4.505
4.47
4.465
4.39
4.265
4.39
4.405
4.365
4.365
4.425
4.45
4.45
4.47
4.46
4.41
4.42
4.425
4.405
4.4
4.43
4.43
4.35
4.395
4.44
4.4
4.575
4.475
4.515
4.57
4.455
4.45
4.45
4.45
4.495
4.47
4.5
4.495
4.495
4.45
4.89
5.16
5.055
5.035
4.905
5.14
5.0
4.955
5.0
5.04
5.035
5.01
5.22
5.29
5.5
5.685
5.655
5.6
5.565
5.52
5.55
5.5
5.615
5.625
5.355
5.285
5.33
5.4
5.35
5.225
5.15
5.2
5.22
5.39
5.32
5.385
5.4
5.34
5.405
5.385
5.3
5.315
5.33
5.34
5.23
5.28
5.27
5.275
5.35
5.245
5.25
5.34
5.4
5.275
5.22
5.375
5.25
5.24
5.23
5.29
5.215
5.25
5.235
5.37
5.345
5.35
5.455
5.44
5.47
5.5
5.65
5.62
5.75
5.68
5.705
5.75
5.77
5.72
5.71
5.64
5.685
5.77
5.705
5.705
5.725
5.7
5.695
5.735
5.71
5.7
5.795
5.765
5.69
5.785
5.86
5.74
5.8
5.85
5.8
5.8
5.8
5.885
5.85
5.845
5.8
5.8
5.8
5.76
5.895
5.65
5.725
5.735
5.77
5.715
5.76
5.825
5.85
5.855
5.94
5.8
5.815
5.815
5.93
6.02
5.935
5.995
6.05
6.05
6.035
6.165
6.2
6.265
6.23
6.39
6.395
6.42
6.5
6.47
6.58
6.65
6.8
6.82
6.83
6.87
6.89
6.97
6.98
6.81
6.815
6.87
6.9
6.875
6.995
6.99
6.91
6.875
6.88
6.895
6.885
6.885
6.8
6.99
6.82
6.895
6.99
6.99
7.085
7.15
7.12
7.07
7.25
7.095
7.08
7.115
7.105
7.105
6.95
7.005
6.96
7.0
7.05
7.05
7.04
7.02
6.96
6.985
6.95
7.005
7.14
7.15
7.2
7.215
6.865
6.45
6.305
6.695
6.7
6.665
6.7
6.74
6.765
6.83
6.8
6.55
6.695
6.65
6.585
6.59
6.595
6.535
6.505
6.5
6.5
6.695
6.76
6.855
6.94
6.875
7.1
7.025
7.015
7.04
7.0
7.19
7.23
7.3
7.25
7.39
7.3
7.26
7.32
7.5
7.405
7.52
7.5
7.52
7.53
7.65
7.685
7.505
7.5
7.55
7.28
7.28
7.25
7.25
7.325
7.375
7.37
7.3
7.3
7.445
7.295
7.29
7.345
7.455
7.395
7.37
7.4
7.29
7.4
7.3
7.33
7.3
7.3
7.31
7.27
7.26
7.21
7.39
7.245
7.15
7.205
7.31
7.31
7.25
7.24
7.22
7.18
7.1
7.01
7.01
7.195
7.105
7.18
7.18
7.18
7.37
7.5
7.5
7.715
7.685
7.605
7.6
7.635
7.6
7.7
7.65
7.69
7.51
7.655
7.63
7.66
7.61
7.66
7.665
7.635
7.73
7.85
7.91
7.8
7.895
7.895
7.86
7.815
7.8
7.795
7.755
7.75
7.72
7.895
7.825
7.8
7.8
7.795
7.7
7.615
7.61
7.5
7.45
7.415
7.64
7.65
7.65
7.6
7.645
7.55
7.57
7.455
7.35
7.325
7.375
7.37
7.32
7.295
7.25
7.22
7.2
7.23
7.18
7.23
7.15
7.16
7.23
7.32
7.225
7.165
7.21
7.19
7.16
7.16
7.2
7.14
7.24
7.18
7.165
7.155
7.095
6.925
6.945
6.96
6.87
6.85
7.005
7.01
7.055
7.015
7.1
7.245
7.13
7.14
7.18
7.145
7.24
7.24
7.24
7.24
7.22
7.245
7.23
7.23
7.24
7.35
7.34
7.335
7.245
7.25
7.25
7.245
7.235
7.23
7.16
7.02
7.06
6.915
6.955
7.02
7.04
7.005
6.955
6.98
6.92
6.9
6.89
6.88
6.875
6.9
6.895
6.91
6.895
6.89
6.965
6.915
6.85
6.865
6.805
6.81
6.81
6.8
6.835
6.8
6.705
6.735
6.88
6.88
6.8
6.9
6.85
6.9
6.92
6.89
6.805
6.83
6.805
6.815
6.97
6.95
6.865
6.845
6.91
6.91
6.91
6.88
6.93
6.93
6.93
7.06
6.87
6.85
6.83
6.845
6.8
6.81
6.825
6.785
6.8
6.67
6.6
6.22
6.425
6.47
6.415
6.48
6.47
6.395
6.39
6.385
6.295
6.3
6.345
6.295
6.25
6.245
6.32
6.2
6.305
6.4
6.38
6.3
6.18
6.2
6.185
6.285
6.245
6.31
6.26
6.295
6.3
6.38
6.3
6.55
6.755
6.76
6.745
6.6
6.64
6.605
6.5
6.295
6.31
6.34
6.545
6.335
6.305
6.385
6.395
6.45
6.53
6.65
6.555
6.685
6.62
6.54
6.795
6.785
6.795
6.9
6.795
6.795
6.81
6.7
6.725
6.745
6.745
6.72
6.72
6.715
6.715
6.72
6.69
6.805
6.81
6.78
6.77
6.77
6.8
6.77
6.76
6.675
6.6
6.525
6.485
6.515
6.545
6.515
6.48
6.48
6.45
6.375
6.375
6.375
6.365
6.405
6.67
6.56
6.565
6.695
6.575
6.495
6.42
6.47
6.49
6.495
6.23
6.455
6.45
6.79
6.385
6.355
6.395
6.205
6.22
6.21
6.575
6.48
6.45
6.51
6.67
6.775
6.72
6.7
6.705
6.905
6.805
6.81
6.83
6.83
6.8
6.96
6.9
6.9
6.91
7.015
6.955
6.78
6.68
6.695
6.715
6.95
6.95
6.945
6.9
7.0
6.95
7.0
6.95
7.0
6.995
6.94
6.99
7.0
6.995
6.97
6.9
6.865
6.855
6.79
6.725
6.76
6.81
6.84
6.895
6.795
6.77
6.755
6.72
6.92
6.92
6.805
6.78
6.65
6.65
6.71
6.775
6.8
6.78
6.69
6.53
6.6
6.465
6.46
6.485
6.48
6.5
6.51
6.55
6.485
6.485
6.49
6.48
6.385
6.45
6.495
6.495
6.6
6.635
6.47
6.565
6.565
6.45
6.345
6.445
6.39
6.445
6.45
6.47
6.4
6.455
6.455
6.325
6.325
6.32
6.265
6.175
6.13
6.295
6.19
6.275
6.21
6.26
6.27
6.2
6.235
6.215
6.2
6.205
6.195
6.195
6.19
6.135
6.145
6.115
6.27
6.245
6.03
6.09
6.075
6.06
5.885
6.01
6.045
5.995
6.04
6.04
6.0
5.995
5.935
6.01
6.0
6.02
6.01
6.01
5.955
5.95
6.01
5.94
6.015
6.015
6.01
6.01
6.045
6.185
6.15
6.11
6.155
6.1
6.165
6.3
6.33
6.32
6.25
6.22
6.22
6.225
6.055
6.005
6.08
6.04
6.05
6.13
6.02
6.015
6.05
5.995
6.12
6.12
6.075
6.0
6.0
5.995
6.07
6.04
6.115
6.0
6.06
6.05
6.05
6.06
6.0
6.0
6.06
6.015
6.065
6.13
6.13
6.2
6.165
6.17
6.17
6.195
6.225
6.25
6.24
6.25
6.225
6.255
6.26
6.22
6.255
6.265
6.26
6.265
6.26
6.3
6.31
6.255
6.28
6.335
6.645
6.61
6.6
6.61
6.635
6.62
6.635
6.665
6.635
6.655
6.625
6.6
6.695
6.7
6.7
6.64
6.68
6.645
6.645
6.665
6.585
6.555
6.635
6.565
6.56
6.7
6.7
6.72
6.725
6.76
6.76
6.79
6.755
6.84
7.04
7.01
7.055
7.055
6.97
7.015
7.01
7.0
7.095
7.105
7.04
7.075
6.965
7.0
7.005
7.005
7.015
7.055
7.065
7.065
7.06
7.18
7.14
7.29
7.23
7.3
7.335
7.3
7.38
7.3
7.345
7.545
7.47
7.515
7.46
7.54
7.525
7.515
7.53
7.535
7.65
7.76
7.685
7.685
7.685
7.705
7.8
7.865
7.84
7.9
7.9
7.99
8.0
7.995
7.9
7.855
7.6
7.74
7.68
7.605
7.6
7.57
7.765
7.76
7.665
7.61
7.67
7.575
7.605
7.515
7.65
7.65
7.6
7.495
7.555
7.555
7.56
7.55
7.395
7.45
7.405
7.5
7.525
7.68
7.8
7.685
7.77
7.81
7.795
7.83
7.915
7.925
7.87
7.82
7.75
7.795
7.81
7.835
7.84
7.84
7.76
7.705
7.715
7.71
7.73
7.69
7.755
7.5
7.685
7.68
7.675
7.62
7.61
7.695
7.565
7.58
7.655
7.655
7.595
7.68
7.615
7.74
7.68
7.605
7.505
7.57
7.565
7.535
7.53
7.56
7.56
7.54
7.25
7.265
7.085
7.05
7.05
6.97
6.715
6.92
7.09
7.03
7.005
7.0
7.13
7.13
7.135
7.1
7.08
7.115
7.09
7.19
7.175
7.15
7.08
7.07
7.07
7.025
7.07
7.0
6.935
6.93
6.875
7.0
7.1
7.0
7.0
6.935
7.035
7.09
7.03
7.0
7.0
7.0
6.98
7.0
7.0
7.0
7.0
7.0
6.995
7.0
6.9
6.925
7.0
6.95
6.96
6.9
6.88
6.89
6.895
6.88
6.98
6.985
6.985
7.0
7.0
7.08
7.08
7.08
7.09
7.0
6.935
6.805
6.795
6.71
6.79
6.815
6.895
6.895
6.95
6.95
6.895
7.005
7.175
7.125
7.14
7.105
7.145
7.13
7.12
7.12
7.14
7.12
7.065
7.07
7.085
7.135
7.135
7.135
7.14
7.135
7.13
7.13
7.18
7.115
7.1
7.15
7.14
7.15
7.2
7.19
7.18
7.23
6.995
6.955
6.965
7.055
7.06
7.005
7.0
7.055
7.0
7.08
7.07
7.0
7.0
6.955
6.95
6.96
6.935
7.045
7.0
7.085
6.955
6.95
6.995
7.0
6.995
6.995
6.94
6.895
6.985
6.865
6.92
7.0
7.0
6.995
6.96
6.945
6.945
6.945
6.945
6.995
6.905
6.955
6.955
7.095
6.955
6.96
6.95
7.005
6.97
7.045
7.04
7.045
7.075
7.065
7.02
7.0
7.0
7.0
7.0
6.995
6.995
6.96
6.955
6.94
6.94
6.895
6.99
6.875
6.905
6.955
6.975
6.975
6.93
6.965
6.97
6.92
6.905
6.9
6.93
6.955
6.94
6.945
6.94
6.895
6.89
6.9
6.96
6.97
6.895
6.865
6.925
6.865
6.925
6.915
6.85
6.85
6.87
6.805
6.8
6.825
6.83
6.83
6.81
6.73
6.735
6.765
6.455
6.51
6.505
6.535
6.535
6.56
6.555
6.465
6.47
6.45
6.535
7.0
6.86
6.85
6.795
6.88
6.605
6.755
6.905
6.865
6.875
6.83
6.8
6.87
6.755
6.735
6.65
6.705
6.7
6.735
6.865
6.7
6.71
6.7
6.705
6.7
6.73
6.725
6.4
6.625
6.525
6.54
6.6
6.56
6.53
6.435
6.45
6.46
6.475
6.455
6.45
6.495
6.435
6.43
6.48
6.4
6.405
6.405
6.44
6.41
6.405
6.46
6.415
6.4
6.415
7.0
6.73
6.555
6.645
6.625
6.5
6.525
6.545
6.525
6.675
6.675
6.795
6.79
6.76
6.765
6.615
6.75
6.75
6.7
6.03
5.335
5.35
5.425
5.55
5.44
5.435
5.345
5.31
5.245
5.285
5.165
5.18
5.035
5.15
5.265
5.265
5.11
5.24
5.3
5.205
5.185
5.285
5.23
5.23
5.225
5.23
5.225
5.225
5.22
5.225
5.2
5.2
5.2
5.23
5.3
5.265
5.245
5.2
5.27
5.22
5.21
5.22
5.2
5.225
5.205
5.215
5.2
4.755
4.79
4.5
4.5
4.515
4.625
4.535
4.475
4.44
4.4
4.33
4.375
4.38
4.39
4.4
4.46
4.5
4.445
4.52
4.55
4.61
4.8
4.645
4.535
4.5
4.54
4.505
4.5
4.715
4.61
4.625
4.555
4.62
5.035
5.0
5.0
5.095
5.005
5.04
5.055
4.965
4.92
4.995
4.955
4.995
5.03
5.035
5.23
5.185
5.23
5.11
5.115
5.14
5.175
5.24
5.275
5.28
5.26
5.255
5.26
5.205
5.225
5.2
5.245
5.225
5.22
5.22
5.25
5.235
5.345
5.315
5.315
5.35
5.3
5.3
5.24
5.28
5.22
5.22
5.225
5.195
5.28
5.28
5.28
5.265
5.19
5.195
5.19
5.215
5.15
5.09
5.065
5.055
5.07
5.07
5.065
5.105
5.145
5.205
5.165
5.115
5.11
5.15
5.14
5.135
5.1
5.1
5.08
5.1
5.135
5.1
5.065
5.1
5.1
5.1
5.13
5.135
5.12
5.08
5.1
5.135
5.115
5.105
5.105
5.1
5.1
5.1
5.1
5.1
5.1
5.1
5.095
5.1
5.1
5.245
5.245
5.25
5.25
5.24
5.15
5.1
5.2
5.21
5.235
5.13
5.12
5.175
5.17
5.165
5.15
5.235
5.24
5.205
5.235
5.23
5.24
5.235
5.225
5.21
5.2
5.24
5.23
5.2
5.2
5.2
5.23
5.2
5.19
5.18
5.25
5.24
5.2
5.2
5.2
5.2
5.2
5.2
5.21
5.2
5.2
5.2
5.21
5.22
5.22
5.23
5.24
5.3
5.28
5.27
5.2
5.27
5.31
5.3
5.31
5.31
5.36
5.42
5.38
5.45
5.58
5.5
5.55
5.6
5.48
5.54
5.6
5.62
5.64
5.76
5.89
5.86
5.9
5.86
5.98
5.9
5.86
5.9
5.84
5.8
5.82
5.8
5.81
5.74
5.75
5.86
5.86
5.8
5.8
5.8
5.73
5.76
5.71
5.76
5.76
5.77
5.74
5.76
5.73
5.73
5.72
5.7
5.7
5.7
5.72
5.7
5.68
5.68
5.68
5.68
5.73
5.79
5.9
5.89
5.9
5.9
5.9
5.8
5.8
5.87
5.87
5.88
5.74
5.77
5.69
5.64
5.69
5.64
5.71
5.8
5.78
5.87
5.8
5.9
5.92
5.92
5.92
5.91
5.9
5.9
5.9
5.9
5.93
5.92
5.92
5.97
5.9
5.9
5.78
5.89
5.87
5.8
5.79
5.79
5.8
5.81
5.85
5.78
5.81
5.79
5.79
5.74
5.72
5.74
5.74
5.68
5.73
5.68
5.65
5.5
5.64
5.78
5.82
5.75
5.75
5.8
5.76
5.76
5.7
5.67
5.68
5.62
5.67
5.65
5.6
5.71
5.7
5.7
5.71
5.76
5.75
5.7
5.76
5.71
5.74
5.74
5.74
5.75
5.74
5.7
5.74
5.74
5.71
5.7
5.6
5.7
5.7
5.7
5.7
5.6
5.65
5.75
5.71
5.72
5.71
5.7
5.77
5.79
5.78
5.74
5.77
5.72
5.78
5.79
5.73
5.73
5.8
5.72
5.71
5.69
5.68
5.75
5.75
5.76
5.75
5.78
5.69
5.69
5.69
5.64
5.62
5.64
5.56
5.73
5.7
5.66
5.61
5.63
5.65
5.65
5.68
5.69
5.7
5.66
5.7
5.69
5.64
5.63
5.67
5.67
5.7
5.72
5.71
5.69
5.63
5.59
5.61
5.6
5.57
5.56
5.56
5.55
5.54
5.51
5.52
5.51
5.52
5.51
5.47
5.5
5.48
5.47
5.5
5.5
5.5
5.5
5.5
5.47
5.4
5.53
5.52
5.53
5.51
5.4
5.37
5.27
5.24
5.45
5.4
5.42
5.36
5.4
5.4
5.39
5.5
5.39
5.39
5.39
5.35
5.35
5.35
5.35
5.32
5.42
5.36
5.37
5.33
5.2
5.21
5.27
5.34
5.29
5.29
5.27
5.33
5.25
5.38
5.38
5.36
5.35
5.31
5.3
5.3
5.3
5.32
5.24
5.23
5.35
5.12
5.21
5.36
5.21
5.21
5.2
5.26
5.26
5.28
5.3
5.68
5.43
5.48
5.41
5.4
5.38
5.36
5.37
5.45
5.39
5.46
5.39
5.46
5.55
5.6
5.6
5.47
5.66
5.54
5.6
5.62
5.64
5.66
5.66
5.65
5.79
5.63
5.47
5.74
5.57
5.43
5.48
5.47
5.59
5.58
5.53
5.53
5.43
5.47
5.54
5.44
5.44
5.48
5.44
5.43
5.42
5.36
5.37
5.37
5.46
5.46
5.49
5.48
5.49
5.38
5.46
5.38
5.44
5.39
5.34
5.49
5.39
5.45
5.48
5.51
5.51
5.5
5.46
5.59
5.43
5.49
5.49
5.55
5.4
5.49
5.47
5.4
5.4
5.44
5.38
5.34
5.31
5.37
5.41
5.31
5.3
5.31
5.31
5.32
5.32
5.32
5.32
5.35
5.35
5.35
5.42
5.43
5.36
5.37
5.37
5.42
5.41
5.43
5.42
5.42
5.38
5.4
5.38
5.38
5.31
5.36
5.38
5.35
5.35
5.35
5.36
5.36
5.36
5.39
5.37
5.36
5.36
5.41
5.44
5.45
5.38
5.38
5.45
5.36
5.36
5.39
5.4
5.3
5.3
5.4
5.32
5.33
5.3
5.32
5.35
5.3
5.3
5.33
5.3
5.3
5.36
5.35
5.37
5.37
5.36
5.36
5.38
5.41
5.3
5.25
5.3
5.3
5.35
5.35
5.37
5.31
5.27
5.27
5.15
5.23
5.2
5.2
5.23
5.2
5.12
5.2
5.05
5.12
5.05
5.13
5.13
5.25
5.29
5.18
5.2
5.24
5.13
5.1
5.1
5.11
5.01
5.05
5.02
4.95
4.9
4.89
5.2
5.15
5.03
4.96
4.9
4.95
4.94
4.92
4.87
4.84
4.69
4.6
4.57
4.55
4.7
4.78
4.8
4.8
4.7
4.8
4.85
4.85
4.8
4.8
4.75
4.77
4.76
4.61
4.57
4.58
4.67
4.59
4.67
4.65
4.6
4.57
4.6
4.4
4.39
4.43
4.46
4.44
4.29
4.32
4.32
4.31
4.3
4.3
4.31
4.31
4.3
4.28
4.28
4.27
4.25
4.26
4.25
4.29
4.26
4.24
4.28
4.21
4.2
4.2
4.19
4.24
4.21
4.2
4.23
4.17
4.14
4.15
4.15
4.16
4.14
4.15
4.15
4.2
4.2
4.12
4.22
4.25
4.15
4.24
4.16
4.24
4.27
4.24
4.27
4.21
4.29
4.29
4.14
4.19
4.06
4.14
4.19
4.17
4.19
4.18
4.11
4.15
4.12
4.17
4.18
4.15
4.21
4.2
4.19
4.11
4.18
4.1
4.1
4.09
4.16
4.15
4.08
4.13
4.13
4.15
4.12
4.15
4.15
4.14
4.12
4.12
4.13
4.2
4.12
4.17
4.11
4.26
4.24
4.27
4.22
4.2
4.17
4.16
4.19
4.16
4.19
4.18
4.29
4.25
4.21
4.19
4.15
4.2
4.19
4.17
4.2
4.2
4.17
4.18
4.23
4.18
4.23
4.17
4.19
4.19
4.2
4.3
4.24
4.28
4.2
4.21
4.21
4.11
4.23
4.22
4.2
4.2
4.2
4.23
4.25
4.3
4.29
4.34
4.3
4.34
4.69
4.77
4.58
4.65
4.64
4.59
4.63
4.6
4.5
4.69
4.77
4.78
4.8
4.83
4.8
4.8
4.8
4.79
4.8
4.78
4.73
4.8
4.83
4.85
4.8
4.79
4.62
4.55
4.6
4.75
4.74
4.75
4.74
4.57
4.51
4.52
4.52
4.55
4.55
4.6
4.57
4.56
4.5
4.52
4.51
4.57
4.53
4.47
4.47
4.47
4.48
4.5
4.52
4.52
4.56
4.56
4.52
4.5
4.44
4.51
4.47
4.48
4.51
4.48
4.45
4.5
4.48
4.51
4.51
4.55
4.6
4.67
4.72
4.71
4.9
5.12
5.2
5.33
5.4
5.55
5.54
5.44
5.34
5.4
5.35
5.24
5.45
5.52
5.49
5.3
5.46
5.5
5.72
5.51
5.52
5.51
5.45
5.49
5.4
5.4
5.41
5.41
5.39
5.38
5.33
5.38
5.38
5.47
5.31
5.29
5.29
5.1
5.1
5.01
5.05
5.03
5.0
4.99
5.01
4.92
5.01
4.99
4.9
4.92
4.93
4.85
4.89
4.89
4.95
5.0
5.03
4.9
4.91
4.95
4.98
4.96
4.96
4.98
4.94
4.95
4.9
4.88
4.9
4.87
4.89
4.8
4.77
4.81
4.8
4.8
4.83
4.8
4.81
4.82
4.8
4.82
4.82
4.84
4.84
4.99
5.21
5.25
5.26
5.2
5.24
5.2
5.2
5.2
5.2
5.15
5.21
5.2
5.2
5.25
5.25
5.22
5.2
5.01
5.11
5.0
5.01
4.91
4.9
5.02
5.02
5.08
5.09
5.15
5.05
5.12
5.12
5.11
5.15
5.08
5.05
5.05
5.05
5.08
5.08
5.09
5.11
5.1
5.11
5.12
5.11
5.11
5.11
5.09
5.1
5.14
5.35
5.18
5.24
5.2
5.22
5.18
5.22
5.2
5.19
5.16
5.24
5.18
5.18
5.18
5.14
5.15
5.13
5.13
5.12
5.07
5.08
5.07
5.07
5.09
5.03
5.09
5.1
5.09
5.09
5.08
5.08
5.08
5.06
5.18
5.11
5.07
5.12
5.13
5.15
5.19
5.1
5.15
5.15
5.15
5.15
5.12
5.04
5.09
5.01
5.02
5.06
5.07
5.04
5.07
5.07
5.06
5.05
5.09
5.04
5.05
5.05
5.1
5.09
5.0
4.85
4.96
4.99
4.95
4.98
4.98
4.97
5.0
5.04
4.96
4.9
4.95
4.95
5.02
5.01
5.0
5.0
5.0
4.96
4.96
4.99
5.02
5.115
5.115
5.055
5.09
5.055
5.07
5.055
5.055
5.075
5.1
5.1
5.045
5.095
5.1
5.18
5.17
5.11
5.085
5.13
5.08
5.115
5.12
5.125
5.07
5.075
5.09
5.09
5.045
5.085
5.09
5.09
5.085
5.07
5.065
5.08
5.075
5.08
5.06
5.005
5.0
5.025
5.07
5.02
5.01
5.025
5.015
5.06
5.01
5.045
5.055
5.035
5.065
5.04
5.055
5.04
5.015
5.005
5.02
5.015
5.065
5.065
5.015
5.025
5.005
4.955
5.015
5.065
5.015
5.025
5.005
5.0
4.995
5.06
4.995
4.995
5.0
4.965
5.01
5.02
5.005
5.005
4.96
4.955
4.955
4.99
4.995
4.995
4.97
4.905
4.855
4.9
4.975
4.84
4.905
4.905
4.935
4.9
4.975
4.9
4.82
4.855
4.84
5.0
5.0
5.0
5.0
4.955
4.95
4.995
4.95
4.95
4.91
4.915
4.9
4.95
4.86
4.855
4.82
4.82
4.91
4.9
4.84
4.83
4.9
4.825
4.825
4.825
4.885
4.905
4.91
4.985
4.985
4.95
4.9
4.86
4.93
4.85
4.85
4.925
4.925
4.925
4.835
4.865
4.915
4.915
4.865
4.95
4.9
4.945
4.95
4.95
4.955
4.95
4.95
4.97
4.98
4.95
4.985
4.95
4.975
4.98
5.0
5.0
5.0
5.005
5.04
4.97
4.995
5.05
4.925
4.995
5.0
5.005
5.0
5.005
4.99
5.01
5.01
4.98
5.01
5.01
5.01
5.015
5.01
5.0
5.0
4.955
4.955
5.02
5.005
5.005
5.005
5.005
5.01
5.0
5.005
4.935
4.975
4.97
4.94
4.93
4.925
4.915
4.96
4.98
4.905
4.94
4.92
4.955
4.92
4.925
4.91
4.905
4.94
4.995
4.985
4.975
4.96
4.91
4.86
4.88
4.845
4.89
4.8
4.805
4.8
4.78
4.765
4.74
4.71
4.78
4.8
4.81
4.78
4.765
4.57
4.6
4.595
4.6
4.6
4.58
4.57
4.695
4.515
4.61
4.62
4.55
4.505
4.565
4.5
4.505
4.56
4.525
4.54
4.54
4.545
4.515
4.595
4.68
4.67
4.56
4.675
4.575
4.55
4.6
4.6
4.64
4.615
4.61
4.555
4.605
4.695
4.715
4.62
4.67
4.71
4.76
4.705
4.695
4.695
4.695
4.695
4.79
4.795
4.7
4.785
4.79
4.795
4.785
4.785
4.9
5.005
4.925
4.92
4.915
4.92
4.995
5.005
4.995
5.0
4.93
5.02
4.945
5.005
5.02
5.01
5.05
5.04
5.08
5.145
5.18
5.16
5.18
5.205
5.32
5.345
5.26
5.35
5.33
5.32
5.205
5.165
5.205
5.255
5.315
5.325
5.345
5.3
5.325
5.33
5.32
5.23
5.285
5.165
5.195
5.135
5.15
5.15
5.15
5.235
5.235
5.3
5.45
5.41
5.405
5.35
5.465
5.405
5.445
5.435
5.435
5.475
5.46
5.465
5.465
5.35
5.27
5.335
5.325
5.38
5.385
5.335
5.36
5.465
5.405
5.41
5.5
5.555
5.6
5.68
5.55
5.55
5.555
5.55
5.49
5.625
5.57
5.575
5.565
5.5
5.5
5.49
5.57
5.42
5.52
5.6
5.605
5.595
5.5
5.585
5.49
5.5
5.505
5.7
5.7
5.735
5.7
5.655
5.715
5.7
5.65
5.615
5.625
5.625
5.67
5.62
5.62
5.655
5.65
5.66
5.62
5.625
5.68
5.77
5.76
5.75
5.77
5.75
5.75
5.69
5.65
5.5
5.49
5.54
5.54
5.51
5.495
5.495
5.495
5.54
5.55
5.485
5.48
5.47
5.555
5.6
5.605
5.61
5.58
5.58
5.59
5.505
5.585
5.585
5.59
5.575
5.57
5.57
5.59
5.48
5.545
5.535
5.57
5.445
5.47
5.49
5.465
5.46
5.49
5.465
5.42
5.455
5.385
5.4
5.39
5.39
5.36
5.35
5.345
5.435
5.31
5.36
5.315
5.345
5.295
5.395
5.375
5.375
5.38
5.31
5.31
5.425
5.4
5.62
5.535
5.57
5.525
5.575
5.635
5.715
5.685
5.74
5.75
5.55
5.61
5.685
5.695
5.56
5.57
5.58
5.62
5.535
5.64
5.63
5.65
5.59
5.51
5.465
5.42
5.475
5.415
5.415
5.5
5.5
5.56
5.57
5.585
5.525
5.545
5.48
5.2
5.195
5.22
5.24
5.19
5.175
5.06
5.17
5.17
5.23
5.24
5.265
5.195
5.04
5.04
5.055
5.06
5.05
5.07
5.025
5.02
5.0
5.035
4.955
5.0
5.035
5.0
5.02
5.025
5.0
4.98
4.985
4.99
5.0
5.0
5.045
5.04
5.03
5.06
5.08
5.02
5.065
5.0
5.0
4.995
5.0
5.0
5.015
4.96
4.89
4.98
4.995
4.935
4.95
5.01
5.075
5.065
5.075
5.085
5.045
5.01
5.0
4.975
4.995
4.995
5.0
4.975
4.975
4.995
5.0
4.95
4.95
4.97
4.915
4.915
5.005
5.0
4.95
4.995
4.995
4.99
5.0
4.975
4.98
5.05
5.095
5.15
5.2
5.3
5.36
5.45
5.43
5.51
5.53
5.535
5.5
5.5
5.455
5.435
5.4
5.37
5.31
5.35
5.295
5.295
5.295
5.225
5.265
5.27
5.26
5.33
5.255
5.33
5.465
5.52
5.435
5.42
5.41
5.45
5.45
5.5
5.54
5.525
5.53
5.54
5.525
5.46
5.475
5.5
5.5
5.53
5.515
5.42
5.415
5.42
5.41
5.4
5.445
5.45
5.46
5.525
5.455
5.395
5.46
5.415
5.46
5.49
5.43
5.535
5.43
5.475
5.525
5.515
5.505
5.53
5.54
5.51
5.535
5.53
5.535
5.48
5.5
5.48
5.48
5.415
5.5
5.5
5.52
5.52
5.5
5.5
5.52
5.47
5.52
5.52
5.5
5.54
5.505
5.54
5.5
5.425
5.535
5.5
5.505
5.505
5.525
5.465
5.56
5.5
5.495
5.505
5.49
6.075
6.055
6.075
6.1
6.235
6.28
6.32
6.21
6.27
6.4
6.175
6.2
6.34
6.725
6.645
6.4
6.405
6.4
6.485
6.64
6.6
6.6
6.525
6.58
6.555
6.33
6.6
6.54
6.455
6.515
6.52
6.55
6.42
6.485
6.485
6.53
6.6
6.7
6.73
6.765
6.775
6.705
6.755
6.75
6.755
6.805
6.87
6.835
7.04
7.105
7.225
7.2
7.18
6.94
6.895
7.015
7.04
7.04
7.035
7.025
7.06
7.025
7.025
7.025
6.97
6.94
6.935
6.95
6.93
6.915
6.91
7.0
6.92
7.005
6.99
6.94
6.94
6.94
6.94
6.95
6.935
6.93
6.895
6.9
6.715
6.7
6.74
6.69
6.68
6.695
6.71
6.7
6.64
6.705
6.68
6.62
6.675
6.67
6.66
6.71
6.745
6.86
6.88
6.85
6.88
6.965
6.97
6.86
6.93
6.99
6.925
6.945
6.91
6.965
6.895
6.9
6.9
6.945
6.88
6.835
6.8
6.8
6.805
6.82
6.85
6.85
6.835
6.82
6.845
6.815
6.85
6.85
6.805
6.845
6.845
6.81
6.795
6.8
6.71
6.74
6.785
6.73
6.73
6.73
6.69
6.73
6.73
6.73
6.73
6.875
6.8
6.795
6.81
6.79
6.785
6.8
6.81
6.84
6.795
6.72
6.69
6.795
6.8
6.765
6.895
6.82
6.815
6.82
6.815
6.82
6.795
6.75
6.785
6.705
6.75
6.66
6.67
6.67
6.675
6.65
6.67
6.78
6.655
6.74
6.725
6.685
6.595
6.695
6.695
6.69
6.625
6.69
6.625
6.58
6.6
6.595
6.595
6.595
6.385
6.595
6.505
6.46
6.3
6.3
6.3
6.33
6.395
6.13
6.24
6.22
6.29
6.31
6.34
6.34
6.37
6.35
6.29
6.37
6.38
6.36
6.38
6.44
6.45
6.45
6.45
6.45
6.44
6.15
6.12
6.12
6.12
6.12
6.15
6.19
6.25
6.28
6.12
6.22
6.22
6.22
6.21
6.21
6.11
6.13
6.26
6.28
6.21
6.21
6.26
6.25
6.31
6.33
6.26
6.17
6.39
6.4
6.37
6.37
6.38
6.36
6.14
6.23
6.23
6.21
6.16
6.15
6.18
6.14
6.14
6.16
6.17
6.1
6.0
5.9
5.99
5.86
5.89
5.98
6.07
6.01
6.05
6.0
6.08
6.18
6.13
6.14
6.14
6.07
6.14
6.2
6.29
6.25
6.24
6.28
6.26
6.26
6.25
6.23
6.29
6.27
6.23
6.24
6.28
6.24
6.27
6.26
6.2
6.2
6.2
6.2
6.22
6.22
6.23
6.21
6.26
6.25
6.25
6.21
6.25
6.28
6.35
6.46
6.38
6.49
6.46
6.47
6.31
6.33
6.43
6.31
6.38
6.46
6.31
6.51
6.55
6.55
6.75
6.56
6.5
6.42
6.42
6.44
6.36
6.35
6.41
6.43
6.25
6.25
6.25
6.21
6.27
6.24
6.35
6.25
6.25
6.27
6.23
6.21
6.33
6.34
6.33
6.33
6.33
6.33
6.29
6.28
6.37
6.39
6.39
6.39
6.39
6.4
6.39
6.33
6.38
6.3
6.3
6.39
6.32
6.3
6.29
6.29
6.29
6.29
6.29
6.35
6.34
6.29
6.29
6.27
6.3
6.41
6.36
6.36
6.35
6.42
6.34
6.37
6.39
6.3
6.38
6.31
6.35
6.35
6.37
6.38
6.31
6.3
6.3
6.32
6.32
6.31
6.42
6.41
6.41
6.42
6.35
6.4
6.4
6.34
6.37
6.51
6.5
6.4
6.48
6.41
6.45
6.47
6.41
6.37
6.39
6.37
6.38
6.36
6.38
6.36
6.43
6.42
6.4
6.36
6.4
6.4
6.41
6.4
6.4
6.38
6.38
6.42
6.49
6.49
6.49
6.45
6.41
6.4
6.44
6.43
6.43
6.39
6.4
6.39
6.45
6.51
6.69
6.64
6.73
6.88
6.71
6.74
6.68
6.66
6.69
6.66
6.66
6.73
6.66
6.66
6.7
6.67
6.61
6.68
6.72
6.79
6.81
6.81
6.8
6.82
6.81
6.81
6.77
6.79
6.68
6.6
6.62
6.85
6.75
6.72
6.75
6.53
6.74
6.6
6.66
6.67
6.55
6.54
6.48
6.55
6.54
6.51
6.51
6.51
6.5
6.5
6.51
6.4
6.39
6.37
6.39
6.24
6.24
6.19
6.16
6.19
6.14
6.15
6.13
6.18
6.16
6.17
6.18
6.17
6.2
6.21
6.16
6.18
6.17
6.15
6.2
6.17
6.15
6.15
6.17
6.17
6.16
6.14
6.16
6.17
6.19
6.19
6.08
6.07
6.08
6.13
6.13
6.11
6.11
6.12
6.13
6.08
6.1
6.11
6.1
6.07
6.07
6.1
6.14
6.06
6.07
6.07
6.01
5.94
5.93
5.9
5.9
5.9
5.88
5.88
5.92
5.89
5.91
5.91
5.9
5.91
5.88
5.91
5.85
5.86
5.9
5.89
5.88
5.85
5.88
5.91
5.83
5.87
5.88
5.88
5.88
5.89
5.88
5.91
5.87
6.08
5.94
5.91
5.9
5.9
5.89
5.9
5.94
5.94
5.93
5.91
5.89
5.88
5.89
5.89
5.87
5.94
5.89
5.9
5.9
5.9
5.89
5.88
5.84
5.72
5.64
5.68
5.72
5.72
5.74
5.7
5.76
5.84
5.85
5.88
5.88
5.93
5.96
5.91
5.93
5.89
5.9
5.97
5.96
5.9
5.93
5.91
5.87
5.91
5.96
5.94
5.94
5.89
5.86
5.85
5.9
5.85
5.81
5.85
5.89
5.9
5.89
5.97
5.89
5.93
5.92
5.91
5.99
5.88
5.91
6.0
6.0
5.95
5.97
5.97
5.94
5.89
5.94
5.93
5.93
5.89
5.96
5.94
5.99
5.99
5.98
5.95
5.9
5.9
5.89
5.91
5.89
5.89
5.88
5.87
5.89
5.84
5.76
5.83
5.82
5.8
5.87
5.81
5.79
5.83
5.72
5.72
5.75
5.8
5.8
5.77
5.73
5.75
5.78
5.76
5.73
5.69
5.69
5.65
5.68
5.67
5.63
5.67
5.66
5.66
5.69
5.66
5.66
5.67
5.6
5.6
5.59
5.62
5.6
5.61
5.67
5.72
5.68
5.64
5.65
5.6
5.56
5.63
5.6
5.56
5.58
5.58
5.57
5.55
5.52
5.52
5.54
5.57
5.56
5.55
5.5
5.45
5.49
5.46
5.48
5.55
5.51
5.55
5.54
5.46
5.48
5.5
5.48
5.49
5.51
5.5
5.46
5.46
5.45
5.45
5.43
5.45
5.46
5.5
5.48
5.49
5.53
5.48
5.47
5.45
5.49
5.48
5.46
5.46
5.48
5.54
5.53
5.59
5.54
5.51
5.52
5.5
5.45
5.46
5.48
5.46
5.49
5.48
5.5
5.56
5.57
5.59
5.6
5.63
5.6
5.61
5.62
5.64
5.65
5.62
5.63
5.64
5.63
5.63
5.67
5.6
5.66
5.65
5.65
5.62
5.52
5.59
5.51
5.55
5.54
5.45
5.54
5.46
5.46
5.45
5.47
5.47
5.46
5.48
5.45
5.45
5.45
5.45
5.46
5.45
5.5
5.5
5.5
5.51
5.5
5.48
5.49
5.51
5.49
5.5
5.5
5.47
5.48
5.48
5.54
5.47
5.49
5.48
5.48
5.45
5.45
5.41
5.49
5.49
5.44
5.43
5.43
5.45
5.5
5.52
5.55
5.52
5.51
5.5
5.5
5.48
5.49
5.52
5.52
5.51
5.53
5.54
5.51
5.56
5.56
5.53
5.53
5.53
5.52
5.53
5.52
5.53
5.6
5.54
5.62
5.54
5.53
5.6
5.61
5.57
5.55
5.55
5.58
5.54
5.56
5.56
5.56
5.57
5.59
5.57
5.57
5.57
5.58
5.55
5.56
5.58
5.52
5.57
5.55
5.55
5.53
5.56
5.57
5.6
5.59
5.45
5.48
5.48
5.47
5.48
5.43
5.46
5.5
5.45
5.46
5.46
5.5
5.49
5.52
5.52
5.5
5.6
5.57
5.57
5.57
5.57
5.62
5.55
5.58
5.55
5.63
5.6
5.59
5.58
5.62
5.59
5.61
5.55
5.6
5.66
5.59
5.57
5.57
5.56
5.57
5.57
5.55
5.55
5.58
5.6
5.57
5.59
5.6
5.57
5.59
5.59
5.59
5.59
5.57
5.61
5.57
5.55
5.56
5.56
5.55
5.58
5.59
5.58
5.58
5.62
5.62
5.58
5.58
5.6
5.59
5.54
5.58
5.59
5.59
5.59
5.57
5.56
5.57
5.58
5.59
5.56
5.55
5.59
5.59
5.6
5.56
5.57
5.6
5.6
5.56
5.59
5.58
5.57
5.58
5.56
5.58
5.5
5.54
5.55
5.55
5.54
5.54
5.54
5.53
5.52
5.52
5.52
5.52
5.52
5.54
5.53
5.53
5.52
5.51
5.53
5.52
5.51
5.5
5.53
5.5
5.52
5.52
5.5
5.51
5.5
5.56
5.53
5.54
5.54
5.56
5.56
5.55
5.51
5.53
5.55
5.51
5.54
5.52
5.54
5.54
5.54
5.56
5.62
5.6
5.6
5.58
5.59
5.6
5.6
5.59
5.6
5.57
5.58
5.62
5.62
5.59
5.56
5.56
5.63
5.63
5.6
5.64
5.63
5.6
5.57
5.6
5.6
5.6
5.58
5.59
5.57
5.57
5.59
5.55
5.56
5.58
5.58
5.56
5.67
5.66
5.66
5.66
5.64
5.65
5.6
5.6
5.57
5.59
5.64
5.73
5.69
5.74
5.71
5.69
5.64
5.7
5.65
5.65
5.62
5.6
5.64
5.62
5.59
5.59
5.55
5.58
5.57
5.58
5.59
5.61
5.61
5.59
5.6
5.63
5.66
5.68
5.69
5.76
5.58
5.6
5.63
5.6
5.62
5.63
5.77
5.73
5.72
5.67
5.71
5.73
5.73
5.81
5.76
5.82
5.86
5.89
5.78
5.77
5.79
5.79
5.72
5.76
5.77
5.76
5.77
5.79
5.77
5.77
5.79
5.8
5.77
5.77
5.77
5.74
5.72
5.74
5.75
5.72
5.72
5.72
5.71
5.7
5.7
5.72
5.69
5.66
5.66
5.69
5.65
5.65
5.68
5.67
5.68
5.63
5.7
5.7
5.7
5.71
5.69
5.67
5.69
5.68
5.69
5.69
5.68
5.7
5.69
5.67
5.67
5.69
5.7
5.7
5.72
5.72
5.69
5.7
5.65
5.68
5.69
5.69
5.68
5.68
5.69
5.67
5.67
5.69
5.68
5.65
5.63
5.6
5.6
5.6
5.6
5.6
5.62
5.61
5.58
5.6
5.62
5.58
5.58
5.58
5.59
5.58
5.6
5.6
5.59
5.62
5.59
5.61
5.6
5.61
5.61
5.61
5.59
5.56
5.57
5.56
5.58
5.58
5.58
5.58
5.59
5.56
5.56
5.54
5.54
5.56
5.54
5.52
5.52
5.5
5.5
5.52
6.7
6.69
6.75
6.64
6.44
6.41
6.28
6.21
6.38
6.4
6.25
6.15
6.15
6.12
5.99
6.07
6.03
5.96
5.95
6.01
6.02
6.24
6.3
6.24
6.47
6.48
6.45
6.45
6.49
6.4
6.32
6.33
6.4
6.41
6.49
6.4
6.4
6.35
6.36
6.37
6.45
6.64
6.59
6.5
6.5
6.48
6.45
6.47
6.47
6.66
6.61
6.6
6.54
6.62
6.64
6.5
6.48
6.53
6.6
6.68
6.7
6.63
6.61
6.64
6.63
6.64
6.67
6.7
6.66
6.65
6.65
6.65
6.65
6.67
6.71
6.78
6.92
6.87
7.4
7.13
7.1
7.11
7.13
7.24
7.24
7.24
7.68
7.85
7.85
7.93
7.93
7.94
7.95
7.94
7.95
7.97
8.36
8.3
8.15
7.71
7.76
7.7
7.67
7.87
7.79
7.81
7.73
7.75
7.72
7.62
7.58
7.55
7.56
7.68
7.69
7.7
7.59
7.61
7.58
7.56
7.45
7.42
7.48
7.65
7.65
7.68
7.56
7.55
7.6
7.55
7.58
7.52
7.51
7.52
7.64
7.62
7.61
7.65
7.65
7.57
7.7
7.63
7.6
7.6
7.62
7.63
7.6
7.6
7.6
7.69
7.7
7.7
7.65
7.65
7.64
7.64
7.68
7.69
7.65
7.64
7.72
7.71
7.72
7.69
7.71
7.61
7.66
7.65
7.6
7.66
7.64
7.63
7.6
7.61
7.62
7.62
7.6
7.65
7.63
7.7
7.69
8.0
7.96
7.8
7.78
7.88
7.89
8.0
7.88
7.83
7.84
7.84
7.85
7.81
7.81
7.87
7.92
8.0
7.94
7.89
7.92
7.94
7.95
7.99
7.93
7.93
7.86
7.86
7.89
7.82
7.79
7.85
7.75
7.82
7.8
7.7
7.75
7.77
7.75
7.77
7.72
7.76
7.73
7.77
7.7
7.76
7.72
7.71
7.71
7.77
7.75
7.76
7.83
7.77
7.72
7.74
7.78
7.76
7.77
7.76
7.57
7.63
7.69
7.61
7.69
7.65
7.64
7.65
7.63
7.65
7.62
7.69
7.6
7.56
7.58
7.59
7.6
7.66
7.61
7.58
7.63
7.67
7.64
7.7
7.66
7.67
7.7
7.77
7.76
7.77
7.86
7.8
7.8
7.8
7.8
7.8
7.79
7.8
7.85
7.84
7.81
7.85
7.75
7.75
7.75
7.83
7.77
7.76
7.79
7.8
7.79
7.73
7.78
7.83
7.79
7.8
7.74
7.79
7.74
7.78
7.76
7.77
7.75
7.78
7.79
7.78
7.74
7.79
7.84
7.83
7.86
7.87
7.78
7.75
7.76
7.8
7.76
7.83
7.95
7.9
8.0
8.2
8.21
8.28
8.0
8.1
8.03
8.28
8.3
8.26
8.3
8.31
8.33
8.27
8.32
8.31
8.27
8.14
8.4
8.4
8.59
8.65
8.64
8.64
8.7
8.72
8.74
9.33
9.3
9.49
9.54
9.37
9.25
9.19
9.27
9.36
9.48
9.53
9.44
9.16
9.15
9.17
9.18
9.03
9.15
9.14
9.15
9.31
9.4
9.4
9.38
9.35
9.45
9.4
9.39
9.3
9.44
9.38
9.3
9.39
9.35
9.33
9.3
9.35
9.3
9.22
9.2
9.13
9.1
9.12
9.14
9.11
9.14
9.07
9.2
9.27
9.29
9.42
9.37
9.34
9.28
9.29
9.25
9.23
9.31
9.29
9.29
9.29
9.28
9.29
9.22
9.25
9.28
9.48
9.0
8.78
8.8
8.99
8.94
8.82
8.84
8.88
8.81
8.8
8.86
8.94
8.9
8.95
8.9
8.87
8.9
8.93
8.88
9.03
8.92
8.9
8.88
8.86
8.83
8.83
8.86
8.81
8.82
8.83
8.41
8.47
8.37
8.42
8.36
8.42
8.43
8.37
8.36
8.21
8.23
8.22
8.24
8.25
8.28
8.35
8.37
8.38
8.37
8.34
8.32
8.34
8.38
8.36
8.3
8.3
8.31
8.31
8.27
8.29
8.27
8.28
8.29
8.3
8.27
8.28
8.83
8.99
8.7
8.69
8.76
8.67
8.63
8.64
8.65
8.61
8.6
8.49
8.6
8.59
8.55
8.63
8.6
8.5
8.47
8.45
8.4
8.41
8.47
8.52
8.52
8.47
8.45
8.42
8.46
8.4
8.41
8.47
8.41
8.42
8.42
8.43
8.45
8.44
8.45
8.36
8.4
8.39
8.38
8.38
8.39
8.35
8.37
8.38
8.39
8.39
8.4
8.35
8.34
8.38
8.34
8.35
8.32
8.37
8.26
8.2
8.18
8.17
8.17
8.14
8.15
8.16
8.19
8.3
8.28
8.45
8.46
8.53
8.55
8.59
8.43
8.39
8.39
8.66
8.73
8.65
8.63
8.65
8.64
8.94
8.97
8.8
8.79
8.65
8.68
8.35
8.44
8.53
8.64
8.55
8.58
8.5
8.5
8.58
8.4
8.38
8.53
8.51
8.47
8.44
8.46
8.59
8.68
8.57
8.54
8.58
8.58
8.73
8.63
8.62
8.62
8.69
8.65
8.55
8.56
8.64
8.67
8.59
8.6
8.56
8.59
8.58
8.6
8.61
8.62
8.6
8.59
8.57
8.64
8.6
8.6
8.62
8.6
8.56
8.55
8.55
8.56
8.52
8.55
8.53
8.47
8.5
8.53
8.58
8.58
8.59
8.6
8.57
8.58
8.6
8.58
8.66
8.63
8.64
8.64
8.64
8.62
8.64
8.61
8.66
8.62
8.64
8.65
8.63
8.63
8.61
8.64
8.64
8.63
9.03
9.12
9.1
9.11
9.05
9.03
9.06
8.88
9.09
8.97
8.9
8.99
9.0
8.94
9.04
9.01
9.0
8.99
9.0
8.99
8.95
8.94
8.99
8.98
8.94
8.95
8.96
8.97
8.98
8.96
8.98
8.93
8.94
8.94
8.94
8.9
8.96
8.99
8.95
8.95
8.9
8.89
8.88
8.86
8.8
8.85
8.88
8.89
8.92
8.98
9.01
8.96
8.94
8.88
8.9
9.02
9.04
9.0
9.04
9.03
8.97
9.0
9.0
8.98
8.95
8.95
8.91
8.93
8.88
8.87
8.84
8.83
8.81
8.88
8.88
8.85
8.82
8.84
8.89
8.89
8.87
8.87
8.88
8.88
8.87
8.87
8.88
8.88
8.89
8.88
8.87
8.84
8.8
8.74
8.74
8.76
8.76
8.79
8.74
8.79
8.83
8.7
8.69
8.68
8.69
8.66
8.63
8.7
8.68
8.63
8.6
8.58
8.08
8.37
8.16
8.08
8.11
8.23
8.39
8.4
8.38
8.38
8.25
8.19
8.31
8.24
8.17
8.05
8.2
8.03
8.0
8.0
7.12
7.58
7.0
7.18
7.26
7.39
7.2
7.11
7.07
7.2
7.39
7.35
7.2
7.27
7.04
7.04
6.96
7.06
7.0
7.3
7.31
7.34
7.32
7.43
7.37
7.35
7.41
7.26
7.37
7.3
7.24
7.22
7.22
7.27
7.26
7.33
7.3
7.19
7.24
7.25
7.18
7.19
7.18
7.22
7.22
7.24
7.18
7.14
7.17
7.18
7.02
7.0
6.98
6.96
6.95
6.98
6.9
6.97
6.99
6.48
6.43
6.57
6.9
6.94
6.87
6.84
6.84
6.69
6.7
6.83
6.88
6.69
6.73
6.6
6.6
6.51
6.62
6.56
6.59
6.04
5.98
6.0
5.8
5.8
5.99
6.1
5.79
5.89
5.66
5.61
6.11
5.88
5.86
5.84
5.83
6.0
5.81
5.92
5.66
5.86
5.29
5.28
5.41
5.34
5.08
5.07
5.14
5.3
5.4
5.48
5.26
5.22
5.25
5.13
5.1
5.15
5.04
5.09
5.08
4.91
4.91
4.87
4.82
4.8
4.83
4.83
4.73
4.72
4.71
4.61
4.9
4.95
4.84
4.84
4.8
4.74
4.75
4.81
4.88
5.05
5.29
5.58
5.2
5.03
5.16
5.07
4.94
5.14
4.9
4.77
4.77
4.74
4.76
5.25
5.05
5.03
5.07
5.15
5.13
5.15
5.34
5.8
5.73
5.66
5.44
5.46
5.47
5.5
5.51
5.6
5.98
5.86
5.75
5.35
5.56
5.53
5.6
5.53
5.64
5.5
5.4
5.71
5.64
5.68
5.8
5.7
5.74
5.63
5.73
5.75
5.63
5.61
5.61
5.65
5.66
5.62
5.62
5.68
5.64
5.51
5.5
5.57
5.64
5.63
5.65
5.69
5.72
5.64
5.59
5.69
5.73
5.76
5.82
5.8
5.78
5.77
5.79
5.78
5.74
5.72
5.74
5.99
5.94
6.02
6.13
6.23
6.18
5.98
5.97
6.03
6.58
6.75
6.62
6.56
6.6
6.51
6.21
6.36
6.54
6.76
6.83
6.76
6.74
6.68
6.8
6.72
6.67
6.74
6.76
6.77
6.7
6.73
6.76
6.73
6.76
6.75
6.74
6.75
6.84
6.77
6.75
6.71
6.71
6.7
6.61
6.54
6.58
6.6
6.56
6.5
6.49
6.52
6.59
6.51
6.51
6.54
6.55
6.66
6.69
6.76
6.7
6.67
6.69
6.74
6.7
6.65
6.67
6.67
6.72
6.75
6.77
6.96
7.05
6.95
6.93
7.05
7.08
6.94
6.81
6.85
6.9
6.82
6.91
6.89
6.75
6.77
6.8
6.75
6.71
6.7
6.69
6.67
6.65
6.68
6.59
6.56
6.55
6.41
6.22
6.18
6.18
6.14
6.08
6.13
6.17
6.12
6.2
6.18
6.15
6.12
6.13
6.16
6.12
6.26
6.21
6.31
6.26
6.24
6.26
6.28
6.22
6.21
6.28
6.24
6.22
6.2
6.29
6.22
6.26
6.24
6.22
6.26
6.28
6.26
6.35
6.19
6.23
6.24
6.22
6.2
6.19
6.16
6.18
6.15
6.18
6.19
6.16
6.2
6.19
6.13
6.22
6.18
6.1
6.16
6.28
6.12
6.23
6.19
6.2
6.19
6.2
6.19
6.2
6.22
6.16
6.22
6.3
6.29
6.52
6.4
6.5
6.43
6.33
6.32
6.35
6.33
6.36
6.3
6.32
6.24
6.26
6.39
6.38
6.27
6.28
6.32
6.34
6.38
6.35
6.34
6.28
6.24
6.3
6.3
6.3
6.29
6.32
6.3
6.37
6.35
6.35
6.45
6.44
6.41
6.36
6.37
6.36
6.36
6.38
6.44
6.3
6.31
6.32
6.42
6.4
6.4
6.43
6.41
6.42
6.36
6.31
6.34
6.39
6.45
6.44
6.41
6.49
6.51
6.52
6.54
6.57
6.55
6.57
6.59
6.57
6.59
6.61
6.61
6.58
6.54
6.57
6.58
6.59
6.56
6.57
6.59
6.53
6.6
6.48
6.54
6.55
6.48
6.48
6.51
6.49
6.5
6.51
6.51
6.46
6.42
6.49
6.46
6.45
6.46
6.47
6.42
6.5
6.41
6.38
6.4
6.39
6.4
6.42
6.49
6.44
6.41
6.38
6.39
6.42
6.42
6.38
6.35
6.31
6.3
6.36
6.4
6.35
6.34
6.33
6.35
6.32
6.32
6.32
6.31
6.31
6.31
6.38
6.44
6.68
6.67
6.65
6.71
6.64
6.59
6.6
6.7
6.64
6.66
6.67
6.63
6.64
6.66
6.63
6.63
6.65
6.53
6.55
6.61
6.62
6.62
6.64
6.64
6.68
6.65
6.66
6.65
6.63
6.66
6.63
6.63
6.68
6.71
6.68
6.61
6.67
6.72
6.79
6.78
6.72
6.78
6.8
6.75
6.79
6.94
6.94
7.0
7.08
7.1
6.99
7.01
7.1
7.14
7.07
7.25
7.15
7.17
7.08
7.13
7.08
7.0
7.0
7.0
7.07
7.13
7.11
7.1
7.13
7.03
6.97
7.0
7.1
7.15
7.08
7.08
7.2
7.13
7.25
7.17
7.14
7.19
7.22
7.12
7.15
7.16
7.17
7.2
7.22
7.16
7.16
7.17
7.2
7.21
7.14
7.14
7.18
7.21
7.28
7.27
7.33
7.36
7.55
7.59
7.77
7.61
7.7
7.57
7.48
7.6
7.59
7.61
7.55
7.61
7.8
7.72
7.7
7.68
7.72
7.75
7.66
7.7
7.69
7.66
7.7
7.66
7.65
7.68
7.65
7.56
7.56
7.64
7.57
7.57
7.6
7.65
7.62
7.77
7.76
7.95
7.97
7.95
7.89
7.9
7.9
7.88
7.9
7.93
7.81
7.7
7.75
7.76
7.72
7.69
7.6
7.57
7.65
7.56
7.53
7.49
7.35
7.42
7.35
7.35
7.38
7.24
7.0
6.99
6.98
7.15
6.94
6.88
6.98
6.97
7.0
6.82
6.92
6.97
7.0
7.07
7.08
7.08
7.11
7.11
7.06
7.31
7.32
7.3
7.3
7.3
7.31
7.25
7.25
7.3
7.47
7.19
7.21
7.04
7.13
7.11
7.16
7.17
7.15
7.11
7.11
7.15
7.1
7.14
7.11
7.1
7.13
7.18
7.13
7.24
7.31
7.23
7.3
7.25
7.23
7.21
7.21
7.26
7.21
7.23
7.22
7.23
7.26
7.26
7.22
7.23
7.27
7.26
7.26
7.27
7.27
7.27
7.27
7.23
7.22
7.27
7.21
7.17
7.18
7.2
7.2
7.2
7.2
7.17
7.2
7.2
7.22
7.24
7.25
7.22
7.24
7.26
7.25
7.21
7.25
7.2
7.23
7.29
7.25
7.3
7.26
7.28
7.25
7.31
7.39
7.32
7.31
7.28
7.27
7.25
7.25
7.31
7.26
7.33
7.27
7.26
7.24
7.24
7.24
7.25
7.25
7.25
7.27
7.25
7.29
7.26
7.24
7.3
7.27
7.27
7.29
7.3
7.3
7.35
7.36
7.35
7.32
7.26
7.32
7.31
7.32
7.34
7.32
7.3
7.36
7.37
7.37
7.35
7.36
7.38
7.39
7.35
7.35
7.34
7.37
7.38
7.38
7.4
7.39
7.46
7.47
7.43
7.42
7.44
7.46
7.45
7.44
7.48
7.45
7.49
7.36
7.45
7.4
7.43
7.47
7.5
7.52
7.51
7.5
7.58
7.65
7.58
7.58
7.58
7.74
7.74
7.79
7.78
7.77
7.77
7.62
7.61
7.65
7.56
7.56
7.49
7.48
7.47
7.56
7.57
7.6
7.58
7.54
7.55
7.56
7.57
7.55
7.58
7.6
7.58
7.6
7.61
7.61
7.54
7.59
7.59
7.58
7.57
7.54
7.58
7.55
7.54
7.57
7.58
7.58
7.59
7.6
7.54
7.58
7.58
7.6
7.57
7.59
7.6
7.62
7.68
7.69
7.7
7.75
7.79
7.82
7.77
7.76
7.76
7.79
7.78
7.82
7.82
7.84
7.79
7.78
7.77
7.78
7.8
7.79
7.79
7.83
7.86
7.83
7.8
7.72
7.72
7.7
7.7
7.7
7.65
7.67
7.78
7.63
7.61
7.62
7.62
7.62
7.64
7.65
7.69
7.72
7.57
7.69
7.62
7.64
7.63
7.62
7.66
7.67
7.72
7.72
7.67
7.79
7.75
7.76
7.77
7.71
7.73
7.77
7.76
7.73
7.67
7.78
7.77
7.77
7.78
7.77
7.77
7.75
7.74
7.77
7.68
7.68
7.65
7.69
7.71
7.68
7.67
7.65
7.69
7.69
7.69
7.7
7.68
7.68
7.68
7.66
7.64
7.61
7.73
7.63
7.62
7.64
7.67
7.66
7.66
7.68
7.69
7.66
7.6
7.6
7.66
7.63
7.64
7.66
7.68
7.68
7.69
7.62
7.68
7.69
7.66
7.69
7.65
7.61
7.63
7.64
7.62
7.57
7.63
7.66
7.65
7.63
7.63
7.63
7.62
7.67
7.68
7.67
7.62
7.65
7.63
7.64
7.63
7.63
7.63
7.62
7.61
7.66
7.65
7.65
7.63
7.63
7.61
7.56
7.57
7.58
7.66
7.58
7.61
7.57
7.6
7.59
7.62
7.6
7.62
7.56
7.53
7.51
7.52
7.54
7.54
7.56
7.57
7.54
7.53
7.49
7.52
7.53
7.55
7.56
7.55
7.62
7.66
7.61
7.59
7.63
7.53
7.57
7.63
7.59
7.62
7.63
7.6
7.62
7.58
7.56
7.52
7.54
7.63
7.6
7.61
7.59
7.6
7.64
7.62
7.66
7.63
7.64
7.63
7.63
7.62
7.65
7.61
7.6
7.61
7.6
7.59
7.66
7.65
7.67
7.66
7.64
7.63
7.58
7.56
7.58
7.58
7.57
7.58
7.57
7.6
7.56
7.68
7.68
7.6
7.61
7.5
7.57
7.55
7.54
7.56
7.65
7.64
7.59
7.62
7.65
7.6
7.6
7.64
7.61
7.65
7.64
7.61
7.64
7.63
7.67
7.64
7.62
7.67
7.63
7.62
7.64
7.62
7.61
7.61
7.63
7.62
7.63
7.63
7.62
7.59
7.6
7.57
7.57
7.56
7.57
7.6
7.61
7.62
7.57
7.58
7.62
7.58
7.57
7.58
7.6
7.59
7.58
7.58
7.55
7.58
7.57
7.59
7.61
7.57
7.57
7.58
7.59
7.56
7.58
7.55
7.58
7.55
7.58
7.58
7.56
7.52
7.54
7.53
7.55
7.99
7.83
7.88
7.86
7.62
7.67
7.67
7.86
7.8
7.75
7.85
7.8
7.74
7.83
7.69
7.69
7.79
7.67
7.66
7.69
7.66
7.65
7.64
7.64
7.59
7.6
7.6
7.58
7.58
7.5
7.59
7.59
7.59
7.6
7.62
7.59
7.6
7.61
7.6
7.59
7.56
7.53
7.5
7.41
7.39
7.45
7.5
7.48
7.6
7.61
7.61
7.58
7.67
7.61
7.62
7.65
7.69
7.75
7.79
7.78
7.84
8.04
8.04
7.97
7.98
8.03
8.08
8.38
8.32
8.37
8.3
8.29
8.26
8.26
8.4
8.22
8.18
8.2
8.22
8.25
8.23
8.17
8.09
8.12
8.14
8.15
8.14
8.27
8.23
8.28
8.39
8.34
8.14
8.5
8.84
8.69
8.8
8.68
8.59
8.67
8.71
8.58
8.65
8.65
8.75
8.8
8.96
9.3
9.4
9.63
9.5
9.63
9.88
9.9
9.5
9.33
9.18
9.19
9.15
9.14
9.21
9.59
9.56
9.5
9.18
9.3
9.25
9.18
9.17
9.22
9.18
9.09
9.0
9.01
9.24
9.22
9.24
9.4
9.29
9.33
9.31
9.35
9.3
9.33
9.16
9.06
9.04
9.09
9.09
9.07
9.12
9.06
9.05
9.09
8.69
8.66
8.8
8.82
8.77
8.67
8.74
8.78
8.8
8.8
8.76
8.71
8.64
8.66
8.5
8.58
8.56
8.56
8.5
8.63
8.5
8.41
8.39
8.68
8.73
8.75
8.75
8.72
8.71
8.75
8.97
9.33
9.17
9.17
9.13
9.1
9.23
9.3
9.25
9.07
9.31
9.4
9.43
9.44
9.45
9.45
9.53
9.5
9.34
9.22
9.3
9.23
9.34
9.48
9.51
9.61
9.53
9.54
9.45
9.16
9.22
9.25
9.3
9.33
9.3
9.26
9.21
9.25
9.43
9.43
9.66
9.74
9.78
9.94
9.83
9.91
9.98
10.15
11.02
10.68
10.66
10.71
10.68
10.43
10.26
10.56
10.65
10.79
10.34
10.36
10.4
10.37
10.3
10.3
10.3
10.29
10.31
10.35
10.32
10.38
10.36
10.36
10.39
10.34
10.31
10.18
10.24
10.14
10.29
10.03
10.03
10.05
10.09
10.26
10.25
10.2
10.21
10.17
10.1
10.15
10.02
10.06
10.22
10.33
10.34
10.53
10.52
10.52
10.41
10.5
10.46
10.4
10.4
10.4
10.35
10.3
10.31
10.36
10.26
10.4
10.31
10.36
10.38
10.38
10.35
10.41
10.43
10.36
10.1
10.13
10.11
10.05
10.1
10.07
10.09
10.13
10.06
10.07
10.07
10.01
10.12
10.17
10.17
10.2
10.21
10.19
10.2
10.23
10.16
10.12
10.18
10.25
10.22
10.19
10.27
10.13
10.29
10.33
10.22
10.19
10.23
10.27
10.2
10.22
10.2
10.17
10.11
10.13
10.11
10.11
10.12
10.13
10.18
10.1
10.13
9.76
9.8
9.89
9.91
9.9
9.95
9.91
9.91
9.81
9.89
9.79
9.81
9.77
9.79
9.89
9.82
9.83
9.83
9.7
9.66
9.58
9.55
9.5
9.61
9.7
9.79
9.84
9.74
9.79
9.75
9.78
9.82
9.76
9.73
9.81
9.8
9.56
9.58
9.52
9.54
9.51
9.46
9.36
9.06
9.1
9.28
9.09
9.01
9.09
9.11
9.11
9.14
9.17
9.28
9.1
9.11
9.17
9.24
9.31
9.48
9.68
9.43
9.54
9.36
9.52
9.57
9.59
9.53
9.45
9.43
9.48
9.44
9.55
9.57
9.66
9.66
9.64
9.77
9.77
9.86
9.77
10.06
10.1
10.04
10.09
10.02
9.99
9.98
9.99
10.0
9.91
9.99
10.09
10.11
10.06
10.1
10.13
10.05
10.0
10.12
10.12
10.36
10.3
10.39
10.34
10.34
10.25
10.18
10.04
10.01
10.09
10.03
10.01
10.0
10.03
10.14
10.14
10.1
10.14
10.13
10.18
10.3
10.18
10.31
10.32
10.3
10.35
10.29
10.33
10.3
10.35
10.34
10.33
10.38
10.32
10.21
10.14
10.19
10.32
10.28
10.19
10.14
10.2
10.23
10.24
10.29
10.33
10.38
10.35
10.38
10.34
10.34
10.26
10.24
10.25
10.25
10.3
10.33
10.66
10.87
10.69
10.45
10.46
10.59
10.51
10.52
10.62
10.72
10.71
10.7
10.78
10.85
10.78
10.85
10.91
10.98
11.06
11.32
11.71
11.54
11.65
11.56
11.65
11.65
11.67
11.76
12.45
12.15
12.24
12.28
12.19
12.16
12.02
12.08
12.15
12.19
11.9
11.88
11.94
11.79
11.78
11.78
11.75
11.75
11.78
11.79
11.73
11.7
11.78
11.8
11.78
11.73
11.73
11.68
11.73
11.74
11.77
11.69
11.74
11.69
11.67
11.66
11.68
11.68
11.79
11.43
11.54
11.55
11.5
11.43
11.46
11.41
11.41
11.25
11.31
11.31
11.5
11.49
11.6
11.58
11.56
11.65
11.73
11.79
11.92
11.94
11.94
11.85
11.73
11.74
11.78
11.74
11.61
11.96
12.18
12.09
12.0
12.06
12.18
12.13
12.14
12.29
12.3
12.27
12.07
12.15
12.15
12.18
12.26
12.17
12.16
12.16
12.15
11.92
12.01
12.15
12.24
12.25
12.24
12.24
12.25
12.24
12.21
12.26
12.14
12.17
12.16
12.12
12.11
12.14
12.0
12.0
12.01
11.93
11.93
11.97
12.16
12.18
12.23
12.17
12.12
12.19
11.97
12.08
12.0
12.09
12.05
12.05
12.06
12.05
12.19
12.01
12.16
12.15
12.12
12.08
12.05
12.04
11.98
11.95
12.0
12.2
11.97
12.0
11.99
11.95
11.8
11.8
11.87
11.87
11.99
11.87
11.84
11.86
11.75
11.81
11.83
11.79
11.83
11.86
11.8
11.65
11.49
11.46
11.6
11.62
11.58
11.56
11.42
11.49
11.65
11.58
11.65
11.68
11.61
11.64
11.6
11.65
11.68
11.7
11.81
11.84
11.72
11.8
11.8
11.76
11.77
11.78
11.69
11.83
11.78
11.79
11.76
11.76
11.79
11.8
11.8
11.76
11.65
11.73
11.72
11.7
11.67
11.57
11.6
11.63
11.58
11.58
11.6
11.33
11.21
11.12
10.98
11.14
11.2
11.09
11.2
11.15
11.44
11.47
11.4
11.43
11.43
11.48
11.62
11.69
11.66
11.93
11.87
11.9
11.88
11.92
11.88
11.95
11.95
11.87
11.88
11.77
11.83
11.76
11.83
11.79
11.78
11.71
11.79
11.65
11.7
11.65
11.55
11.53
11.63
11.62
11.67
11.74
11.73
11.67
11.62
11.58
11.6
11.6
11.6
11.56
11.58
11.65
11.6
11.51
11.54
11.51
11.37
11.47
11.44
11.43
11.42
11.5
11.5
11.5
11.5
11.49
11.47
11.52
11.55
11.72
11.72
11.74
11.64
11.6
11.64
11.74
11.8
11.79
11.75
11.78
11.76
11.77
11.74
11.73
11.67
11.71
11.69
11.74
11.73
11.69
11.64
11.63
11.61
11.61
11.67
11.64
11.66
11.64
11.6
11.64
11.62
11.59
11.6
11.62
11.55
11.61
11.62
11.62
11.6
11.64
11.64
11.63
11.61
11.65
11.7
11.66
11.63
12.0
11.9
11.95
11.96
11.86
11.9
12.05
11.92
12.0
12.05
11.95
12.0
12.0
11.93
11.95
11.86
11.87
11.84
11.85
11.82
11.83
11.83
11.82
11.86
11.84
11.81
11.87
11.9
11.86
11.86
11.76
11.77
11.74
11.73
11.64
11.7
11.75
11.73
11.72
11.7
11.7
11.68
11.69
11.68
11.8
11.65
11.69
11.64
11.62
11.63
11.63
11.59
11.63
11.69
11.6
11.7
11.69
11.7
11.7
11.66
11.6
11.64
11.6
11.7
11.5
11.37
11.47
11.59
11.62
11.31
11.45
11.51
11.25
11.25
11.3
11.37
11.41
11.38
11.58
11.54
11.49
11.52
11.39
11.42
11.45
11.54
11.5
11.44
11.41
11.45
11.41
11.44
11.39
11.4
11.47
11.41
11.43
11.38
11.42
11.16
11.42
11.35
11.32
11.4
11.36
11.36
11.37
11.33
11.37
11.31
11.21
11.37
11.32
11.3
11.28
11.18
11.23
11.19
11.17
11.18
10.93
10.96
10.99
10.94
10.99
10.98
10.89
10.89
10.99
10.63
10.59
10.68
10.74
10.73
10.76
10.8
10.66
10.7
10.81
10.8
10.79
10.81
10.8
10.88
10.87
10.85
10.73
10.8
10.71
10.73
10.76
10.74
10.78
10.7
10.7
10.69
10.66
10.7
10.7
10.69
10.71
10.62
10.65
10.7
10.67
10.69
11.12
11.05
11.04
11.02
11.04
11.0
10.99
11.15
11.05
11.09
11.29
11.27
11.2
11.2
11.14
11.2
11.29
11.22
11.14
11.05
11.34
11.4
11.46
11.14
11.14
11.14
11.33
11.39
11.39
11.29
11.18
11.32
11.31
11.17
11.19
11.16
11.13
11.14
11.08
11.1
11.33
11.1
11.1
10.99
10.99
11.0
11.0
10.87
10.82
10.89
10.91
10.99
11.0
10.95
11.08
11.09
11.2
11.1
10.9
10.91
10.94
11.0
11.14
11.2
11.29
11.29
11.24
11.36
11.28
11.27
11.43
11.36
11.35
11.33
11.45
11.51
11.74
11.69
11.58
11.35
11.35
11.42
11.51
11.4
11.48
11.6
11.56
11.54
11.57
11.55
11.8
11.79
11.6
11.6
11.6
11.61
11.82
11.9
11.84
11.87
12.0
11.95
12.0
12.0
12.0
12.07
12.29
12.39
12.34
12.24
12.16
12.06
12.01
12.05
11.9
11.91
11.9
11.96
11.95
11.98
12.13
12.35
12.14
12.2
12.16
12.19
12.26
12.16
12.16
12.08
12.06
12.11
12.09
12.18
12.17
12.19
12.2
12.13
12.1
12.15
12.15
12.16
12.13
12.01
12.07
12.06
12.01
11.92
12.08
12.1
12.05
12.06
12.29
12.25
12.16
12.07
12.07
12.1
12.15
12.13
12.15
12.07
12.15
12.16
12.18
12.15
12.21
12.15
12.19
12.19
12.17
12.23
12.22
12.2
12.2
12.17
12.19
12.21
12.3
12.23
12.22
12.31
12.31
12.31
12.25
12.23
12.24
12.25
12.24
12.19
12.1
12.11
12.03
12.11
12.08
12.07
12.1
12.1
12.1
12.21
12.09
12.15
12.18
12.31
12.24
12.24
12.25
12.22
12.24
12.21
12.29
12.34
11.9
12.0
12.05
12.0
12.08
12.04
12.13
12.12
12.14
12.1
12.08
12.06
12.03
12.08
12.08
12.16
12.07
12.1
12.1
12.02
12.06
12.07
12.06
12.1
12.05
12.18
12.07
12.11
12.11
12.1
12.06
12.08
12.11
12.05
12.2
12.13
12.05
11.96
11.97
12.03
12.01
12.01
12.03
12.0
12.1
12.07
12.05
12.08
12.07
12.05
12.07
12.02
12.03
12.01
11.97
12.04
11.95
12.0
11.94
11.98
11.98
12.0
11.91
12.0
11.97
11.85
11.86
11.88
11.9
11.85
11.87
11.88
12.03
12.02
12.01
12.02
12.0
12.03
12.07
12.04
12.04
12.0
11.96
11.99
12.0
11.96
11.96
12.0
12.0
11.96
12.11
12.1
12.06
12.05
12.02
12.0
12.01
12.05
12.04
12.06
11.98
12.0
12.0
12.01
12.0
12.02
12.03
12.0
12.01
12.24
12.18
12.18
12.16
12.15
12.17
12.19
12.2
12.19
12.26
12.3
12.4
13.81
13.05
13.16
12.93
12.7
12.68
12.81
12.99
12.91
12.78
12.56
12.88
12.86
12.81
12.83
12.84
12.84
12.89
12.72
12.75
12.67
12.66
12.67
12.88
12.95
12.96
12.93
12.96
13.18
12.97
13.0
13.08
13.13
13.16
13.14
13.24
13.06
13.19
13.35
13.43
13.7
13.52
13.67
13.75
13.45
13.56
13.6
13.8
13.22
13.24
13.32
13.33
13.34
13.37
13.4
13.37
13.38
13.22
13.23
13.26
13.22
13.15
13.14
13.14
13.05
12.96
13.05
12.95
12.94
12.98
13.28
13.14
13.18
13.17
13.11
13.18
13.15
13.14
13.14
13.19
13.15
13.13
13.11
13.2
13.28
13.24
13.2
13.23
13.24
13.23
13.16
13.2
13.24
12.99
13.06
13.05
13.08
13.09
13.18
13.13
13.2
13.16
13.1
13.16
13.2
13.34
13.25
13.27
13.27
13.25
13.25
13.4
13.38
13.39
13.35
13.35
13.4
13.5
13.42
13.5
13.26
13.35
13.3
13.43
13.4
13.4
13.38
13.39
13.4
13.33
13.38
13.35
13.31
13.34
13.32
13.35
13.45
13.45
13.31
13.38
13.39
13.4
13.57
13.75
13.83
13.87
13.94
14.0
14.0
14.13
14.41
14.29
14.34
14.28
14.27
14.16
14.14
14.1
14.26
14.39
14.41
14.61
14.9
15.08
15.19
15.16
15.43
15.52
14.8
15.37
15.35
15.51
15.41
15.63
15.56
15.4
15.16
15.02
14.81
15.01
14.87
14.9
15.03
14.89
14.96
14.96
14.56
14.82
14.8
14.71
14.72
15.06
14.9
14.98
15.5
14.92
14.89
14.8
15.0
15.17
15.01
15.07
15.05
14.95
14.85
14.99
15.0
14.96
15.0
15.04
15.13
15.25
15.15
14.82
14.93
14.93
15.08
15.08
15.07
15.25
15.01
15.35
15.2
15.17
15.25
15.24
15.12
15.12
15.2
15.21
15.15
15.3
14.58
14.62
14.8
14.87
14.8
14.84
14.53
14.69
14.71
14.91
14.83
14.77
14.69
14.47
14.5
14.54
14.47
14.36
14.57
14.6
14.63
14.58
14.83
14.79
14.81
14.86
14.87
14.76
14.8
14.8
14.82
14.79
14.77
14.74
14.83
14.86
14.82
14.84
14.83
15.1
14.56
14.6
14.5
14.51
14.48
14.66
14.55
14.63
14.55
14.7
14.59
14.31
14.39
14.5
14.43
14.43
14.54
14.58
14.58
14.6
14.4
14.48
14.72
14.55
14.58
14.58
14.67
14.63
14.54
14.28
14.48
14.7
14.65
14.63
14.61
14.62
14.63
14.7
14.61
14.85
14.79
14.79
14.71
14.79
14.99
15.24
15.25
15.04
15.04
15.27
15.27
15.23
15.21
15.39
15.3
15.32
15.42
15.29
15.38
15.29
15.28
15.29
15.39
15.35
15.32
15.38
15.23
15.02
14.97
14.94
14.91
14.95
14.93
14.85
14.96
15.15
14.65
14.55
14.7
14.86
14.9
14.9
14.95
14.93
14.94
14.99
14.85
14.91
14.77
14.8
14.8
14.65
14.8
14.8
14.74
14.94
14.69
14.69
14.68
14.7
14.89
14.8
14.85
14.77
14.78
14.89
14.79
14.66
14.96
14.9
14.91
14.96
14.91
14.85
14.85
14.88
14.99
14.93
14.89
14.86
14.85
14.82
14.99
14.97
14.95
14.99
15.09
15.04
15.0
14.97
14.99
14.99
14.98
14.94
14.88
14.86
14.89
15.02
14.96
15.03
15.0
15.0
15.32
15.41
15.22
15.29
15.34
15.35
15.21
15.4
15.49
15.4
15.6
15.43
15.47
15.5
15.6
15.5
15.49
15.47
15.5
15.4
15.43
15.47
15.43
15.5
15.43
15.48
15.5
15.58
15.7
15.5
15.42
15.3
15.38
15.38
15.34
15.37
15.43
15.45
15.43
15.47
15.45
15.44
15.46
15.45
15.47
15.47
15.45
15.41
15.3
15.29
15.35
15.43
15.43
15.45
15.49
15.47
15.49
15.5
15.47
15.4
15.46
15.49
15.41
15.47
15.44
15.45
15.45
15.48
15.4
15.39
15.18
15.34
15.34
15.4
15.36
15.3
15.32
15.31
15.4
15.3
15.34
15.4
15.46
15.39
15.46
15.45
15.26
15.44
15.39
15.49
15.39
15.4
15.4
15.4
15.41
15.43
15.49
15.39
15.41
15.46
15.47
15.48
15.48
15.42
15.47
15.51
15.43
15.44
15.46
15.49
15.48
15.48
15.49
15.45
15.45
16.8
16.32
16.76
16.66
16.78
16.56
16.79
17.19
17.45
17.5
18.21
17.32
17.24
17.26
16.91
16.53
16.75
16.8
16.84
17.08
17.13
17.4
17.31
17.37
17.18
17.0
17.23
17.27
17.16
17.17
17.17
17.0
17.05
16.88
16.71
16.88
16.76
16.82
16.95
16.69
16.8
16.9
16.79
16.71
16.7
16.68
16.51
16.62
16.79
16.57
16.64
16.72
16.65
17.08
17.1
17.07
17.16
17.16
17.56
17.85
17.2
17.28
17.5
17.71
17.36
17.44
17.44
17.31
16.95
17.09
17.03
17.06
17.06
17.06
17.06
17.08
17.09
16.95
17.33
17.14
17.09
17.31
17.39
17.58
17.2
16.9
16.96
16.71
16.71
16.65
16.58
16.61
16.31
16.26
16.15
16.44
16.42
16.74
16.55
16.9
16.98
16.86
16.84
16.98
16.95
16.97
16.85
16.72
16.67
16.84
16.69
16.39
16.48
16.41
16.52
16.51
16.16
16.28
16.31
16.28
16.27
16.3
16.36
16.68
16.86
16.75
16.73
16.64
16.76
16.69
16.87
16.87
16.8
16.8
16.78
16.72
16.73
16.74
16.69
16.71
16.65
16.58
16.6
16.59
16.55
16.42
16.6
16.65
16.6
16.73
16.59
16.61
16.67
16.74
16.84
16.51
16.63
16.71
16.8
16.84
17.14
16.98
16.86
16.86
16.81
17.08
16.94
17.25
17.15
17.26
17.22
17.31
17.23
17.21
17.15
16.98
17.12
16.94
16.97
17.02
16.98
16.94
16.91
16.94
16.93
16.64
16.75
16.86
16.7
16.74
16.87
16.8
16.76
16.6
16.55
16.62
16.84
16.92
16.98
16.88
16.8
16.78
16.69
16.56
16.79
16.7
16.8
16.8
16.75
16.71
16.7
16.71
16.77
16.75
16.78
16.73
16.69
16.62
16.83
16.78
17.07
16.82
16.63
16.67
16.58
16.61
16.75
16.63
16.6
16.38
16.19
16.55
16.71
16.58
16.58
16.45
16.42
16.64
16.69
16.75
16.76
16.69
16.75
16.7
16.72
16.74
16.88
16.86
16.75
16.79
16.71
16.71
16.7
16.67
16.53
16.59
16.63
16.5
16.56
16.54
16.53
16.76
16.74
16.69
16.64
16.65
16.61
16.61
16.72
16.63
16.7
16.63
16.84
16.78
16.73
16.63
16.68
16.63
16.6
16.66
16.8
16.87
16.95
16.97
16.97
16.97
17.65
17.48
17.49
17.37
17.6
17.64
17.62
17.6
17.75
17.89
17.51
17.56
17.55
17.57
17.58
17.59
17.85
17.8
17.8
17.8
17.84
17.92
18.07
18.0
17.92
17.99
17.99
18.04
18.01
18.05
17.98
17.88
17.76
17.76
17.93
17.89
17.89
17.86
17.9
17.68
17.67
17.75
17.75
17.77
17.78
17.75
17.7
17.75
17.7
17.7
17.63
17.63
17.79
17.94
18.0
17.9
17.9
17.99
17.81
17.77
17.76
17.83
17.71
17.77
17.82
17.82
17.56
18.1
17.95
17.92
17.91
17.97
17.96
17.98
17.98
17.97
18.03
18.02
18.06
18.02
18.06
18.0
17.97
17.98
17.98
17.96
17.99
18.0
17.97
17.99
17.98
17.99
17.96
17.98
17.98
17.99
18.08
18.09
18.21
18.2
18.16
18.19
18.18
18.23
18.1
17.81
18.14
18.08
18.09
18.01
18.07
18.1
18.25
18.3
18.29
18.49
18.29
18.29
18.25
18.22
18.27
18.22
18.29
18.25
18.25
18.28
18.11
18.16
18.12
18.09
18.06
18.1
18.15
18.06
18.0
17.91
17.82
17.83
17.8
17.81
17.7
17.62
17.79
17.6
17.84
17.78
17.85
17.91
17.9
17.9
17.96
17.93
17.92
17.93
17.35
17.4
17.41
17.54
17.67
17.38
17.54
17.7
17.65
17.54
17.78
17.5
17.79
17.82
17.93
17.9
17.94
17.95
17.99
18.0
17.9
17.78
17.84
17.84
18.03
18.05
18.09
17.91
17.96
18.04
17.86
17.92
17.95
17.95
18.0
18.0
17.93
18.03
18.01
18.02
18.02
18.01
18.04
18.0
18.02
18.13
18.03
18.02
17.98
17.9
18.02
18.06
18.03
18.0
18.16
18.18
18.19
18.08
18.12
18.12
18.12
18.1
18.15
18.29
18.18
18.3
18.07
18.21
18.2
18.21
18.24
18.26
18.4
19.6
19.95
19.8
19.9
20.18
20.73
20.35
20.35
20.71
20.54
20.83
20.07
20.01
20.04
20.13
20.38
20.3
20.3
20.26
20.01
20.37
20.2
20.4
20.34
20.15
20.17
19.96
20.0
19.95
19.97
20.29
20.2
20.07
20.03
20.2
20.25
20.15
20.16
20.25
21.31
22.1
21.75
21.85
22.08
22.1
21.38
21.43
21.46
21.24
21.8
21.91
22.02
21.97
21.93
21.84
21.86
21.91
21.96
22.09
21.77
21.96
22.1
22.23
22.33
22.4
22.36
22.3
22.28
22.11
22.0
22.03
22.17
22.22
22.3
22.28
22.19
22.2
22.1
22.41
22.43
22.36
22.3
22.36
22.39
22.35
22.31
22.11
22.1
22.4
22.41
22.45
22.24
22.32
22.31
22.3
22.37
22.35
22.59
22.78
23.61
23.22
23.25
23.36
23.4
23.36
23.29
23.18
24.06
23.7
23.89
23.89
23.76
23.8
23.93
23.74
23.66
23.92
24.18
24.5
24.54
24.66
24.8
24.89
25.27
24.96
24.97
25.5
26.44
26.92
27.0
26.94
27.98
28.88
28.69
27.18
27.71
27.69
28.37
29.27
28.18
28.42
28.49
28.3
27.7
26.85
27.2
27.0
27.14
26.34
26.19
26.04
26.46
26.65
26.34
26.25
26.7
26.94
26.33
26.17
26.37
26.46
26.51
26.56
26.4
26.44
26.42
26.01
26.41
26.89
26.73
26.62
26.72
26.58
26.7
26.66
26.57
26.79
26.62
26.67
26.67
26.65
26.53
26.61
26.87
27.36
27.87
27.75
28.7
28.75
28.86
28.91
28.9
28.96
28.96
29.0
29.0
28.71
28.73
28.75
28.57
28.5
28.61
28.58
28.5
28.51
28.79
28.7
28.95
29.2
28.81
28.62
28.55
28.71
28.69
28.68
29.0
28.62
28.85
28.72
29.02
29.11
29.0
29.11
29.44
29.35
29.65
29.52
29.77
29.8
29.51
29.57
29.12
29.1
28.92
28.99
29.01
29.0
28.65
28.3
28.32
28.36
28.36
28.4
27.98
28.2
28.4
28.72
28.73
28.89
28.7
28.58
28.5
28.42
28.4
28.5
28.94
28.43
28.36
28.6
28.38
28.36
28.43
28.56
28.5
28.6
28.9
28.44
28.59
28.57
28.62
28.63
28.64
28.61
28.65
29.05
29.22
28.7
28.59
28.63
28.6
28.67
28.74
28.74
28.69
28.47
28.72
28.73
28.73
28.56
28.7
28.69
28.54
28.54
28.52
28.04
28.25
28.33
28.4
28.54
28.57
28.58
28.62
28.61
28.36
28.87
28.65
28.66
28.43
28.47
28.66
28.66
28.7
28.7
28.66
28.99
28.6
28.61
28.7
28.75
29.06
29.07
29.01
29.0
28.84
28.75
28.54
28.65
28.45
28.45
28.45
28.5
28.45
28.45
28.5
28.49
28.4
28.4
28.2
28.36
28.25
28.1
28.29
28.33
28.5
28.53
28.44
28.4
28.46
28.34
28.21
28.47
28.41
28.34
28.15
28.3
28.34
28.65
28.71
28.6
28.63
28.82
29.27
28.75
28.88
29.28
29.14
29.12
28.95
28.99
28.88
29.0
28.83
28.92
28.93
28.79
28.87
28.82
28.63
28.75
28.74
28.81
28.48
28.64
28.64
28.65
28.63
28.6
28.65
28.66
28.69
28.97
28.59
28.59
28.6
28.38
28.33
28.4
28.48
28.44
28.5
28.35
28.3
28.28
28.11
27.71
27.76
28.0
28.06
28.0
28.1
27.68
27.3
27.4
26.76
26.51
26.64
27.18
27.25
27.35
27.47
27.12
26.7
27.04
27.01
26.88
26.88
26.76
26.8
26.73
26.88
26.61
26.88
26.82
26.9
26.95
26.83
26.74
26.72
27.01
26.71
27.25
26.86
26.88
26.76
26.29
26.21
26.46
26.46
25.58
25.35
24.97
25.21
25.42
25.81
25.84
25.78
25.79
25.4
25.54
25.5
25.65
25.53
25.67
25.5
25.61
25.85
25.74
26.42
26.52
26.84
27.91
27.74
27.31
27.59
27.42
27.48
27.65
27.43
27.75
28.63
28.85
28.57
28.52
28.66
28.4
29.17
28.65
28.9
28.73
28.73
28.42
28.43
28.41
28.39
27.0
28.0
27.96
27.92
27.91
27.9
27.8
27.89
27.7
27.9
28.02
27.76
27.06
27.07
27.07
27.22
27.24
27.33
27.23
27.24
27.29
27.22
27.28
27.24
27.22
27.2
27.1
27.11
26.75
27.07
27.2
27.22
27.28
26.78
26.99
27.0
27.09
26.8
27.0
27.23
27.34
27.26
27.25
27.29
27.24
27.2
27.2
27.05
27.1
27.1
27.06
26.92
26.93
26.24
25.96
25.73
25.9
26.72
26.56
26.4
26.01
25.83
25.77
25.96
26.01
26.09
25.85
25.7
25.5
25.65
25.87
26.01
25.86
25.96
26.01
25.51
26.7
26.49
26.74
26.63
26.44
26.38
26.32
26.39
26.21
26.4
26.64
26.4
26.41
26.41
26.53
27.0
26.61
26.8
27.39
27.68
27.5
27.71
27.74
27.55
27.69
27.6
27.55
27.54
26.71
26.42
26.4
26.41
26.66
26.63
26.44
26.65
26.47
27.05
27.22
26.93
26.97
26.64
26.63
26.83
26.82
26.74
26.7
26.36
26.33
26.4
26.37
26.31
26.3
26.39
26.36
26.25
26.29
26.5
26.59
26.55
26.5
26.5
26.7
26.7
26.52
26.4
26.66
26.78
26.69
26.68
26.56
26.51
26.51
26.81
26.51
26.8
27.0
27.0
27.01
27.01
27.0
26.88
27.0
27.0
26.93
26.48
26.46
26.5
26.5
26.65
26.5
26.93
26.91
26.9
27.4
26.73
26.97
26.86
26.79
26.85
26.81
26.73
26.85
26.91
26.9
26.9
26.84
26.84
26.8
26.7
26.71
26.61
26.58
26.49
26.35
26.54
26.47
26.58
26.48
26.48
26.4
26.17
26.71
26.9
26.99
26.74
26.99
26.95
26.79
26.7
26.64
28.0
26.63
26.94
27.05
27.05
26.71
26.77
26.5
26.64
26.68
26.1
26.31
26.37
26.74
26.75
27.29
27.15
26.85
26.85
26.85
26.92
26.95
26.79
26.63
26.63
26.57
26.89
26.71
26.82
26.95
27.14
27.09
27.1
27.06
27.04
27.1
27.22
27.17
27.1
27.05
27.1
26.92
27.0
26.88
27.23
27.04
27.08
28.34
28.3
27.57
27.27
27.03
27.06
27.04
26.97
26.8
26.81
26.72
26.96
26.82
26.68
26.8
26.9
26.7
26.64
26.7
26.69
26.77
26.5
26.89
26.81
26.98
26.88
26.91
26.86
26.8
26.84
26.86
26.89
26.82
26.89
26.93
26.9
26.77
26.8
26.8
26.8
26.68
26.55
26.7
26.81
26.86
26.85
26.84
26.71
26.71
26.62
26.66
26.81
26.8
26.8
26.95
26.94
26.95
26.8
26.84
26.85
26.85
26.89
26.89
26.94
26.94
26.9
26.81
27.17
26.86
26.81
26.9
26.88
26.88
26.89
26.79
26.9
26.93
27.0
26.84
27.2
27.2
27.2
27.16
27.16
27.15
27.26
27.59
27.34
27.19
27.12
27.52
27.41
27.58
27.55
27.66
27.7
27.99
27.77
27.65
28.2
27.99
27.97
28.1
28.15
28.19
28.1
28.05
28.12
28.3
29.2
28.99
29.3
29.22
29.4
29.81
29.7
29.26
29.37
28.76
28.33
28.29
28.29
28.4
28.66
28.62
29.08
29.01
28.84
28.64
28.74
28.74
28.74
28.68
28.02
28.32
28.13
28.14
28.0
28.45
27.97
27.79
28.13
28.43
28.93
28.61
28.59
28.47
28.98
28.62
28.9
28.92
28.9
28.93
29.0
28.86
29.28
29.39
29.82
29.39
29.41
29.69
29.78
29.51
29.09
29.47
28.93
28.9
28.7
28.93
28.18
28.04
28.6
28.62
27.87
28.38
28.3
28.31
28.75
28.84
30.1
30.48
30.38
30.29
31.15
31.36
31.5
29.8
31.3
30.77
30.81
28.94
30.8
29.5
29.32
29.07
29.07
29.5
29.27
29.67
30.0
30.5
30.21
30.44
30.14
30.29
32.0
29.69
29.45
29.71
29.02
29.47
29.43
29.23
29.3
29.54
31.0
28.81
28.96
28.93
28.93
28.65
28.97
28.96
28.92
28.95
28.71
28.54
27.93
27.82
27.8
27.77
27.62
27.73
27.85
28.0
27.65
27.42
27.43
27.83
27.18
26.94
26.97
26.89
26.13
26.57
26.62
26.88
27.08
27.2
27.16
27.19
27.31
27.18
27.63
27.58
27.67
27.96
28.08
28.09
27.61
27.6
27.5
27.52
27.77
27.72
27.9
27.76
27.88
27.73
27.72
27.32
27.86
27.72
27.87
27.92
27.9
27.91
27.96
27.88
27.75
27.88
28.38
28.27
28.15
27.84
27.77
27.87
28.11
27.87
27.87
27.79
28.02
28.24
28.24
28.0
27.91
28.01
28.07
27.92
27.88
27.79
27.43
27.32
27.38
27.43
27.49
27.49
27.43
27.3
27.34
27.63
27.5
27.39
27.23
27.05
27.06
27.28
27.21
27.28
27.46
27.92
27.37
27.3
27.36
27.34
27.39
27.39
27.7
27.86
27.59
27.88
27.67
28.01
28.14
28.28
28.21
28.24
28.6
28.69
28.71
28.98
29.26
29.2
28.91
28.77
28.8
29.04
29.15
29.14
29.04
29.28
29.31
29.16
29.38
29.36
29.46
29.74
29.7
29.74
29.8
30.28
29.92
29.82
29.75
29.59
29.5
29.16
28.95
29.06
28.71
28.23
28.02
28.01
28.1
28.13
28.11
28.23
28.51
28.2
28.0
28.46
28.39
29.56
28.58
29.01
29.0
29.74
29.45
29.69
29.95
30.49
30.42
29.59
29.45
29.5
29.47
29.42
29.41
29.36
29.35
28.98
29.0
28.94
28.98
28.96
28.92
28.89
29.0
29.0
28.96
28.65
28.31
28.71
29.06
28.61
28.31
28.03
28.13
27.72
27.85
26.95
26.02
25.84
25.51
24.5
25.47
24.0
24.48
24.79
24.82
24.68
24.61
24.82
24.91
24.45
22.03
17.8
15.35
18.64
17.93
17.1
17.54
16.4
16.07
16.13
19.33
18.5
19.68
20.1
21.95
21.99
22.0
21.57
20.5
20.61
18.79
20.99
21.3
21.2
22.98
25.8
26.89
26.0
25.2
27.5
27.95
26.53
26.8
26.92
27.78
26.72
27.27
27.24
27.06
27.0
26.89
26.5
26.67
26.88
26.22
26.48
27.0
27.08
27.1
27.0
27.0
27.1
27.0
27.05
28.99
28.35
28.96
29.25
29.68
29.9
29.92
29.43
29.76
29.83
30.99
29.28
31.8
31.81
29.33
30.37
30.35
30.01
29.73
29.78
29.8
31.31
30.85
32.75
34.72
34.16
35.35
34.6
34.08
33.78
35.03
36.67
36.5
36.6
36.35
36.5
36.71
35.4
34.86
35.93
36.43
35.6
35.14
34.6
33.66
34.05
33.18
33.51
33.92
34.11
36.34
34.51
33.34
33.11
32.86
33.41
33.19
32.84
32.33
32.19
32.69
31.2
31.12
30.6
31.0
31.0
31.55
31.8
31.5
31.1
31.09
31.89
32.97
32.5
32.72
32.5
31.84
32.5
33.6
33.88
34.1
33.55
35.32
35.89
36.3
35.49
35.6
35.44
36.43
36.17
36.17
35.2
35.94
35.8
36.23
36.97
37.22
37.0
36.54
36.37
36.82
38.97
38.45
38.0
37.8
37.82
38.11
38.19
37.77
38.24
38.49
36.07
36.92
36.1
36.08
35.08
36.26
37.21
37.2
36.41
37.39
36.6
36.76
36.98
37.17
36.93
36.61
35.9
35.52
36.03
36.1
35.2
35.64
35.94
35.83
35.61
35.53
35.2
34.7
34.6
35.17
35.1
34.9
34.73
34.43
34.15
34.35
34.35
34.31
34.4
34.13
33.16
32.86
33.07
33.06
33.09
33.08
33.1
32.4
32.72
33.11
35.02
35.07
34.97
35.33
34.92
35.65
35.78
35.39
35.0
35.89
35.5
36.2
36.2
36.49
36.24
36.44
36.09
35.77
35.65
35.77
36.9
36.9
37.02
36.78
35.7
35.18
35.8
35.67
35.38
35.49
35.48
36.12
36.21
36.57
36.65
36.36
36.5
35.84
35.98
36.48
35.92
35.78
35.22
35.02
35.28
35.57
35.44
35.35
35.01
35.5
34.79
34.4
34.33
34.3
34.21
34.56
34.38
34.18
34.41
34.68
33.57
33.51
33.11
33.27
33.08
33.21
33.26
33.46
33.65
34.28
33.65
33.7
33.86
34.16
34.51
34.44
34.4
34.2
34.05
34.06
33.6
33.6
33.54
33.89
33.7
33.53
33.36
33.42
33.39
33.14
33.17
33.35
33.42
33.1
32.91
32.9
33.1
32.76
33.0
32.5
34.2
34.32
33.88
34.31
34.05
33.97
33.92
34.18
34.1
34.86
35.04
35.35
35.23
35.29
35.3
34.61
34.86
34.65
34.65
34.47
34.26
34.32
34.37
34.39
34.33
34.34
34.29
34.22
34.05
33.31
33.61
33.51
33.43
33.69
33.5
33.33
33.22
33.3
33.3
33.39
32.91
32.7
32.95
32.97
32.79
32.96
32.64
32.8
32.43
33.0
33.13
33.47
32.85
32.58
32.56
32.59
32.52
32.5
32.5
32.24
31.72
31.52
31.51
31.67
31.93
32.05
32.17
32.02
32.38
32.0
32.1
32.0
31.97
31.21
31.47
31.5
31.44
31.77
31.48
31.06
31.15
31.24
31.23
31.29
31.36
31.08
30.92
30.83
30.86
30.51
30.33
30.32
30.47
30.29
30.21
30.3
30.49
30.47
30.66
31.99
32.8
32.54
32.0
32.49
32.08
32.37
32.4
32.23
31.92
32.75
32.38
32.31
32.18
31.85
31.73
31.39
31.79
31.55
31.55
31.43
31.6
31.51
31.47
31.46
31.48
31.16
31.32
31.28
31.27
30.41
30.65
30.63
32.3
31.82
32.0
31.83
32.17
32.7
32.7
32.15
32.31
32.37
32.94
31.82
31.66
31.46
31.69
31.49
31.21
31.3
31.18
31.0
30.95
31.15
31.1
30.67
30.73
30.82
30.57
30.73
30.93
30.9
30.97
31.19
31.03
31.19
31.15
31.35
31.41
31.76
31.8
32.08
31.77
31.32
31.52
31.51
31.54
31.32
31.33
31.34
31.35
31.36
31.28
31.25
31.25
31.16
31.77
31.0
31.08
31.02
31.8
31.98
31.98
32.3
32.04
31.81
31.98
33.54
33.41
32.4
32.77
32.46
32.69
32.37
31.85
32.01
32.7
32.36
31.9
31.65
31.66
32.0
31.9
31.89
31.86
31.5
31.94
31.4
31.9
31.67
31.6
31.45
31.65
31.51
31.48
31.68
31.74
31.59
31.56
31.5
31.52
31.5
31.45
31.58
31.51
31.34
31.9
31.8
31.79
31.82
31.73
31.82
31.78
32.0
32.05
32.3
32.89
32.69
32.66
32.37
32.46
32.23
32.03
31.71
31.76
31.7
31.89
31.77
31.6
31.52
31.58
31.55
31.54
31.86
31.5
31.43
32.12
31.74
31.98
32.0
31.84
31.5
31.55
31.53
31.88
31.98
32.0
31.75
31.63
31.65
31.64
31.73
31.63
31.45
31.53
31.42
31.68
31.61
31.67
31.87
31.6
31.53
31.43
31.48
31.55
31.53
31.42
31.31
31.26
31.34
31.34
31.24
31.09
30.93
30.86
30.86
30.81
30.6
30.45
30.52
30.66
30.72
30.89
30.75
30.99
30.0
29.99
