close
10.166
10.149
10.142999999999999
10.147
10.195
10.19
10.292
10.383
10.48
10.5
10.524000000000001
10.53
10.511
10.638
10.675999999999998
10.790999999999999
10.883
10.913
10.888
10.857999999999999
10.687999999999999
10.677
10.550999999999998
10.789000000000001
11.168
11.073
10.994000000000002
11.05
11.362
11.389000000000001
11.42
11.550999999999998
11.527999999999999
11.527999999999999
11.411
11.36
11.37
11.431
11.437000000000001
11.415
11.136
11.235
11.273
11.29
11.26
11.401
11.35
11.350999999999999
11.59
11.585999999999999
11.95
11.915999999999999
11.933
11.956
12.13
12.132
12.161
12.175999999999998
12.1
12.033
12.040999999999999
12.13
12.102
12.127
12.11
12.09
12.122
12.092
12.14
12.31
12.264000000000001
12.267000000000001
12.27
12.089
12.19
12.208
12.202
12.1
12.165999999999999
12.16
12.202
12.152000000000001
12.14
12.275
12.333
12.314
12.3
12.229000000000001
12.270999999999999
12.05
12.0
12.079
12.04
11.99
11.93
12.02
12.036
11.741
11.737
11.833
11.83
11.93
11.9
12.004000000000001
11.96
11.79
11.79
11.93
11.844000000000001
11.857000000000001
11.81
11.802999999999999
11.831
11.78
11.870999999999999
11.82
11.864
11.87
12.03
12.001
11.923
11.83
11.919
11.939
12.088
12.035
12.05
12.065
12.01
11.950999999999999
11.998
12.064
11.897
11.969000000000001
11.946
11.894
11.874
12.037
12.05
12.06
11.94
11.94
11.89
11.77
11.8
11.75
11.89
11.844000000000001
11.86
11.843
11.863
11.88
11.72
11.93
11.995999999999999
11.94
12.026
12.136
12.117
12.104000000000001
12.09
12.117
12.05
12.1
12.026
12.07
12.015999999999998
12.023
12.05
12.049000000000001
12.08
12.124
12.134
12.15
12.14
12.05
11.932
11.868
11.854000000000001
11.81
11.887
11.9
11.85
11.89
11.93
11.909
11.886
11.875
11.82
11.761
11.77
11.694
11.67
11.545
11.64
11.61
11.62
11.548
11.6
11.585
11.58
11.668
11.73
11.838
11.879000000000001
11.89
11.874
11.89
11.919
11.92
11.975999999999999
12.02
12.023
12.03
12.03
11.98
11.931
11.907
12.0
11.898
