close
988.9
987.3
999.0
1025.9
1031.0
1033.0
1045.2
1054.7
1058.2
1053.5
1059.2
1075.2
1077.5
1078.3
1083.9
1094.0
1094.5
1109.8
1120.5
1117.3
1131.9
1139.0
1136.4
1128.6
1125.9
1114.2
1112.0
1125.6
1123.0
1125.0
1121.0
1127.3
1140.0
1147.4
1159.5
1157.0
1157.0
1167.0
1183.9
1185.0
1184.0
1193.9
1191.9
1202.0
1202.8
1198.0
1199.0
1209.0
1208.7
1210.1
1208.5
1193.0
1193.0
1202.7
1202.0
1213.0
1220.0
1219.4
1228.0
1231.1
1231.7
1228.8
1229.0
1228.3
1225.0
1226.3
1229.4
1226.2
1230.5
1232.0
1237.2
1234.3
1236.0
1244.7
1250.7
1233.0
1236.0
1235.8
1244.0
1226.8
1227.3
1232.0
1232.2
1230.5
1222.5
1221.9
1227.3
1216.8
1231.4
1226.0
1233.6
1236.0
1227.4
1223.0
1230.2
1225.2
1243.0
1252.9
1246.0
1235.2
1224.0
1215.3
1217.5
1212.0
1213.0
1218.7
1200.0
1196.3
1196.0
1200.0
1205.0
1199.0
1191.6
1194.0
1190.0
1194.3
1211.0
1215.3
1217.1
1221.6
1203.3
1225.4
1213.0
1198.4
1181.0
1180.0
1178.6
1192.0
1208.0
1156.4
1180.2
1177.6
1172.1
1176.0
1185.1
1183.4
1189.8
1208.0
1199.9
1200.0
1195.0
1195.0
1176.7
1196.0
1198.0
1199.0
1201.3
1204.0
1200.0
1204.0
1206.8
1211.0
1213.6
1203.2
1211.0
1212.1
1208.5
1199.0
1207.0
1200.0
1204.5
1197.9
1203.7
1212.0
1218.6
1218.1
1214.7
1209.1
1212.0
1199.1
1188.0
1189.9
1173.8
1175.0
1175.5
1170.6
1189.8
1184.8
1193.0
1194.6
1195.0
1186.0
1185.4
1177.0
1176.4
1173.0
1171.9
1176.0
1181.0
1185.5
1183.9
1174.4
1175.0
1178.0
1179.0
1183.0
1188.5
1189.0
1199.6
1208.0
1210.4
1211.0
1224.0
1227.0
1223.9
1226.0
1230.0
1232.6
1232.6
1227.0
1218.3
1231.0
1233.0
