close
10.3
10.253
10.35
10.4
10.415
10.5
10.59
10.59
10.6
10.6
10.6
10.6
10.17
10.19
9.509
9.6
10.45
10.65
10.3
10.3
10.36
10.36
10.35
10.339
10.35
10.35
10.36
10.36
10.380999999999998
10.360999999999999
10.34
10.485
10.27
10.36
10.37
10.380999999999998
10.38
10.36
10.369000000000002
10.39
10.402000000000001
10.39
10.39
10.4
10.36
10.421
10.41
10.41
10.21
10.2
10.21
10.22
10.16
10.219
10.15
10.14
10.22
10.09
10.11
10.062999999999999
10.05
10.05
10.04
10.07
10.06
10.07
10.049
10.08
10.179
10.2
10.28
10.29
10.311
10.332
10.33
10.35
10.370999999999999
10.350999999999999
10.392000000000001
10.475
10.454
10.45
10.45
10.45
10.45
10.45
10.44
10.460999999999999
10.45
10.44
10.43
10.408
10.45
10.43
10.44
10.44
10.44
10.43
10.450999999999999
10.46
10.46
10.44
10.452
10.46
10.45
10.45
10.45
10.470999999999998
10.45
10.43
10.55
10.55
10.529000000000002
10.04
10.15
10.15
10.015
10.15
10.109
10.01
10.01
10.0
10.0
10.02
10.04
10.06
10.08
10.1
10.1
10.06
10.039
10.15
10.11
10.13
10.15
10.2
10.211
10.18
10.2
10.2
10.21
10.2
10.25
10.18
10.15
10.16
10.17
10.129
10.14
10.14
10.13
10.14
10.12
10.12
10.1
10.1
10.08
10.09
10.09
10.11
10.11
10.11
10.11
10.12
10.15
10.13
10.16
10.191
10.18
10.2
10.19
10.149
10.18
10.21
10.25
10.231
10.2
10.17
10.18
10.18
10.18
10.18
10.16
10.18
10.201
10.221
10.18
10.017999999999999
10.2
10.22
10.241
10.3
10.27
10.290999999999999
10.3
10.279000000000002
10.258
10.217
10.197000000000001
10.279000000000002
10.341
10.032
10.329
10.329
10.308
10.329
10.349
10.379000000000001
10.357999999999999
10.357999999999999
10.35
10.25
10.299000000000001
10.34
10.32
10.33
10.319
10.23
10.25
9.871
10.219
10.03
10.18
10.19
10.19
10.04
10.1
10.05
10.238
10.075
10.23
10.043
10.03
10.1
10.0
9.71
9.96
10.01
10.0
9.85
9.8
9.86
9.86
9.86
10.013
10.07
10.0
10.0
10.125
10.0
9.96
9.85
10.005
9.81
9.879
9.805
9.72
9.988999999999999
9.91
9.6
9.757
9.757
9.62
9.772
9.918
9.69
10.0
9.85
10.05
9.88
9.885
9.998
9.687999999999999
9.72
9.72
9.72
9.75
9.79
9.77
9.765
9.8
9.83
9.832
9.7
9.507
9.537
9.537
9.537
9.398
9.54
9.468
9.5
9.461
9.555
9.46
9.555
9.45
9.5
9.561
9.411
9.595
9.585
9.48
9.57
9.55
9.583
9.57
9.411
9.575
9.55
9.5
9.62
9.6
9.57
9.62
9.62
9.63
9.627
9.53
9.571
9.57
9.565
9.57
9.6
9.57
9.5
9.408999999999999
9.47
9.485
9.457
9.41
9.471
9.471
9.41
9.513
9.513
9.37
9.494
9.41
9.482000000000001
9.408999999999999
9.41
9.453
9.453
9.464
9.451
9.42
9.4
9.419
9.35
9.333
9.311
9.3
9.296
9.26
9.26
9.255
9.255
9.25
9.359
9.26
9.353
9.26
9.26
9.336
9.336
9.27
9.36
9.5
9.38
9.5
9.551
9.47
9.55
9.5
9.52
9.54
9.52
9.55
9.639
9.56
9.6
9.62
9.64
9.72
9.72
9.72
9.68
9.72
9.72
9.72
9.5
9.68
9.7
9.725
9.78
9.74
9.752
9.76
9.8
9.8
9.85
9.882
9.8
9.82
9.856
9.81
9.83
9.857999999999999
9.849
9.8
