close
33.554
33.244
33.348
32.932
33.641
33.923
34.568
34.35
34.959
34.769999999999996
35.1
35.2
35.35
35.335
35.336
35.55800000000001
35.62
35.633
35.55
35.888999999999996
35.4
35.489999999999995
35.79
35.8
35.868
36.05
36.299
36.17
36.35
36.269
35.887
34.980000000000004
34.989999999999995
35.269999999999996
35.3
35.674
35.35
35.921
35.44
35.876
35.839999999999996
35.4
35.230000000000004
35.21
34.8
34.7
34.650999999999996
34.510000000000005
34.35
34.783
34.425
34.410000000000004
34.55
35.0
35.073
35.129000000000005
34.019999999999996
34.2
34.086
34.087
34.034000000000006
33.7
34.1
34.2
33.299
33.38
33.205
33.6
34.21
33.844
33.7
33.6
33.8
33.702
33.8
33.67
33.9
34.136
33.81
34.089999999999996
34.081
34.174
34.2
34.312
34.196999999999996
34.1
34.0
34.0
34.149
33.8
33.882
33.2
33.5
33.5
33.893
33.6
33.761
33.6
33.7
33.6
33.5
33.4
33.2
32.89
33.010000000000005
33.3
33.25
33.352
33.12
33.1
33.0
32.8
32.9
32.724000000000004
33.2
33.028000000000006
33.3
33.0
33.1
33.235
33.158
33.1
33.242
33.1
33.283
33.239
33.1
33.0
33.0
33.173
33.0
32.7
33.007
32.93
32.8
32.961
32.864999999999995
32.88
33.073
33.009
32.9
33.2
33.169
33.5
33.8
33.8
34.0
34.15
33.9
34.15
34.114999999999995
33.7
