close
621.0
654.0
621.6
630.0
620.3
645.0
659.7
649.8
605.2
639.8
637.5
625.0
614.0
602.8
602.5
602.1
600.0
600.0
600.0
600.0
576.1
599.8
600.0
644.7
580.0
580.0
550.0
580.0
575.0
550.5
564.9
550.5
548.1
540.0
525.0
525.0
530.0
532.0
560.0
530.0
530.0
530.0
530.0
505.7
531.0
520.0
520.0
520.0
520.0
520.0
520.0
508.0
507.1
520.0
531.0
525.0
528.4
530.0
530.0
525.0
520.0
510.3
512.0
512.0
507.0
510.0
502.0
515.0
515.0
505.2
514.9
501.1
500.0
498.1
488.0
499.9
475.0
480.0
500.0
499.9
499.9
499.0
504.9
504.9
504.9
476.1
489.9
504.9
476.3
480.0
476.0
475.0
475.0
450.0
449.9
450.0
445.0
445.0
449.0
445.0
445.0
445.0
445.0
445.0
445.0
413.0
413.0
413.0
430.0
429.0
430.0
429.0
405.0
432.0
430.0
429.0
400.0
426.0
393.0
393.0
393.0
384.0
412.0
400.0
399.0
382.0
371.0
396.0
410.0
397.0
399.0
354.0
374.0
377.0
358.0
365.0
390.0
375.0
392.0
348.0
369.0
386.0
400.0
370.0
406.0
371.0
399.0
370.0
405.0
409.0
409.0
376.0
376.0
370.0
370.0
370.0
389.0
389.0
372.0
399.0
397.0
370.0
390.0
397.0
397.0
400.0
400.0
417.0
400.0
400.0
370.0
381.0
381.0
377.0
377.0
377.0
377.0
377.0
377.0
361.0
376.0
349.0
349.0
348.0
349.0
354.0
341.0
365.0
361.0
363.0
355.0
353.0
375.0
357.0
377.0
353.0
350.0
356.0
355.0
350.0
330.0
312.0
360.0
312.0
362.0
364.0
355.0
327.0
345.0
349.0
314.0
323.0
330.0
329.0
335.0
338.0
335.0
349.0
356.0
355.0
310.0
335.0
340.0
340.0
346.0
350.0
350.0
340.0
360.0
356.0
342.0
354.0
364.0
340.0
340.0
368.0
341.0
340.0
340.0
340.0
335.0
311.0
312.0
319.0
326.0
325.0
339.0
339.0
349.0
349.0
349.0
349.0
335.0
353.0
355.0
349.0
356.0
319.0
320.0
320.0
320.0
327.0
321.0
321.0
320.0
321.0
321.0
321.0
321.0
321.0
321.0
336.0
337.0
349.0
323.0
323.0
323.0
321.0
320.0
317.0
320.0
335.0
321.0
320.0
320.0
325.0
325.0
320.0
320.0
320.0
317.0
319.0
320.0
315.0
310.0
315.0
311.0
306.0
315.0
319.0
325.0
329.0
331.0
335.0
326.0
335.0
326.0
335.0
335.0
329.0
325.0
325.0
333.0
325.0
325.0
320.0
320.0
320.0
325.0
325.0
325.0
345.0
339.0
334.0
332.0
331.0
347.0
336.0
352.0
352.0
352.0
346.0
350.0
350.0
359.0
357.0
355.0
359.0
360.0
360.0
362.0
366.0
382.0
375.0
388.0
380.0
377.0
375.0
375.0
380.0
379.0
370.0
362.0
398.0
376.0
376.0
389.0
386.0
386.0
385.0
389.0
387.0
397.0
400.0
396.0
388.0
390.0
410.0
400.0
419.0
430.0
433.0
406.0
420.0
448.0
449.0
424.0
450.0
431.0
449.0
460.0
459.0
459.0
464.0
450.0
448.0
449.0
425.0
440.0
445.0
445.0
440.0
440.0
439.0
439.0
440.0
435.0
416.0
440.0
446.0
450.0
440.0
431.0
438.0
436.0
421.0
421.0
429.0
429.0
411.0
420.0
415.0
447.0
500.0
501.0
519.0
525.0
517.0
534.0
525.0
509.0
485.0
520.0
545.0
497.0
497.0
484.0
495.0
534.0
501.0
520.0
490.0
490.0
487.0
474.0
457.0
446.0
489.0
489.0
459.0
448.0
475.0
468.0
411.0
424.0
430.0
438.0
439.0
430.0
431.0
440.0
435.0
449.0
415.0
421.0
423.0
421.0
443.0
421.0
437.0
450.0
458.0
430.0
416.0
428.0
428.0
434.0
420.0
416.0
430.0
430.0
413.0
416.0
414.0
414.0
438.0
436.0
435.0
431.0
425.0
425.0
425.0
421.0
415.0
415.0
414.0
414.0
428.0
415.0
409.0
400.0
395.0
392.0
392.0
392.0
380.0
400.0
415.0
390.0
382.0
410.0
410.0
410.0
410.0
424.0
430.0
430.0
429.0
425.0
435.0
435.0
444.0
432.0
441.0
433.0
440.0
437.0
460.0
439.0
465.0
425.0
427.0
440.0
435.0
435.0
436.0
436.0
430.0
430.0
439.0
451.0
439.0
438.0
443.0
434.0
429.0
440.0
430.0
420.0
420.0
445.0
438.0
430.0
420.0
420.0
439.0
470.0
430.0
477.0
440.0
440.0
440.0
430.0
425.0
425.0
422.0
430.0
430.0
440.0
440.0
440.0
440.0
427.0
438.0
430.0
422.0
439.0
431.0
448.0
450.0
430.0
441.0
444.0
440.0
440.0
440.0
440.0
445.0
436.0
439.0
446.0
423.0
435.0
438.0
439.0
413.0
438.0
446.0
427.0
423.0
440.0
440.0
470.0
440.0
433.0
430.0
444.0
472.0
470.0
470.0
467.0
460.0
450.0
437.0
458.0
453.0
437.0
437.0
455.0
440.0
436.0
439.0
440.0
440.0
435.0
411.0
418.0
426.0
427.0
411.0
439.0
430.0
436.0
417.0
431.0
460.0
425.0
473.0
440.0
453.0
440.0
440.0
455.0
450.0
453.0
430.0
420.0
435.0
434.0
453.0
460.0
445.0
467.0
468.0
428.0
425.0
450.0
447.0
444.0
440.0
420.0
430.0
440.0
430.0
438.0
441.0
430.0
420.0
419.0
435.0
439.0
435.0
430.0
419.0
415.0
414.0
421.0
433.0
429.0
435.0
421.0
434.0
435.0
437.0
434.0
434.0
442.0
440.0
439.0
436.0
430.0
434.0
426.0
434.0
401.0
420.0
420.0
422.0
434.0
408.0
440.0
420.0
420.0
419.0
414.0
416.0
415.0
415.0
408.0
414.0
410.0
415.0
420.0
420.0
428.0
419.0
419.0
419.0
415.0
415.0
415.0
415.0
400.0
408.0
407.0
411.0
419.0
417.0
419.0
405.0
413.0
414.0
405.0
417.0
420.0
418.0
416.0
419.0
410.0
420.0
419.0
409.0
424.0
418.0
424.0
430.0
431.0
435.0
446.0
435.0
446.0
446.0
440.0
434.0
425.0
420.0
407.0
407.0
405.0
404.0
407.0
407.0
406.0
433.0
418.0
410.0
417.0
410.0
420.0
407.0
419.0
420.0
435.0
439.0
450.0
421.0
421.0
444.0
422.0
430.0
420.0
412.0
436.0
422.0
426.0
427.0
430.0
429.0
420.0
429.0
416.0
427.0
437.0
423.0
421.0
428.0
414.0
422.0
422.0
420.0
412.0
412.0
405.0
410.0
404.0
407.0
427.0
435.0
429.0
410.0
429.0
411.0
412.0
424.0
414.0
447.0
449.0
464.0
440.0
464.0
440.0
450.0
438.0
438.0
450.0
490.0
465.0
452.0
461.0
469.0
478.0
478.0
478.0
480.0
477.0
504.0
459.0
480.0
460.0
461.0
480.0
468.0
457.0
470.0
477.0
495.0
489.0
476.0
487.0
470.0
470.0
468.0
490.0
460.0
524.0
480.0
490.0
480.0
498.0
498.0
470.0
490.0
464.0
460.0
482.0
487.0
467.0
470.0
480.0
451.0
485.0
489.0
480.0
460.0
480.0
485.0
499.0
495.0
470.0
456.0
452.0
460.0
450.0
450.0
437.0
442.0
443.0
491.0
491.0
489.0
489.0
477.0
489.0
471.0
472.0
483.0
475.0
441.0
470.0
461.0
474.0
470.0
471.0
474.0
510.0
490.0
490.0
471.0
471.0
471.0
472.0
471.0
480.0
480.0
465.0
465.0
465.0
465.0
490.0
491.0
476.0
490.0
476.0
495.0
480.0
496.0
490.0
490.0
480.0
493.0
480.0
480.0
490.0
481.0
480.0
480.0
474.0
495.0
481.0
490.0
493.0
479.0
451.0
453.0
450.0
453.0
479.0
477.0
488.0
488.0
472.0
490.0
500.0
495.0
470.0
470.0
470.0
475.0
465.0
470.0
470.0
471.0
475.0
475.0
475.0
475.0
475.0
475.0
470.0
495.0
475.0
475.0
475.0
477.0
476.0
476.0
476.0
476.0
476.0
473.0
480.0
480.0
471.0
482.0
492.0
500.0
479.0
479.0
479.0
477.0
470.0
470.0
489.0
470.0
465.0
470.0
462.0
469.0
470.0
470.0
466.0
470.0
470.0
460.0
460.0
460.0
460.0
469.0
480.0
460.0
460.0
459.0
460.0
456.0
460.0
459.0
459.0
455.0
451.0
452.0
460.0
457.0
451.0
460.0
450.0
460.0
450.0
440.0
450.0
453.0
450.0
450.0
436.0
440.0
430.0
449.0
430.0
446.0
449.0
417.0
443.0
440.0
440.0
448.0
440.0
438.0
450.0
450.0
450.0
450.0
436.0
436.0
436.0
430.0
440.0
432.0
435.0
449.0
431.0
429.0
430.0
422.0
422.0
429.0
427.0
437.0
457.0
450.0
450.0
450.0
455.0
441.0
439.0
440.0
440.0
457.0
458.0
449.0
480.0
450.0
477.0
449.0
451.0
440.0
438.0
447.0
435.0
447.0
438.0
445.0
431.0
437.0
445.0
447.0
435.0
434.0
445.0
446.0
444.0
434.0
434.0
446.0
433.0
443.0
433.0
444.0
470.0
455.0
455.0
460.0
446.0
450.0
451.0
469.0
469.0
460.0
451.0
469.0
441.0
467.0
460.0
459.0
451.0
457.0
450.0
469.0
455.0
460.0
463.0
458.0
458.0
438.0
440.0
430.0
438.0
438.0
439.0
439.0
434.0
438.0
440.0
443.0
440.0
431.0
438.0
439.0
438.0
435.0
430.0
438.0
436.0
440.0
433.0
440.0
439.0
440.0
440.0
440.0
439.0
445.0
440.0
439.0
440.0
450.0
437.0
451.0
447.0
441.0
432.0
450.0
451.0
440.0
436.0
445.0
445.0
450.0
454.0
445.0
452.0
448.0
458.0
442.0
444.0
446.0
435.0
430.0
435.0
433.0
432.0
436.0
447.0
447.0
439.0
438.0
440.0
443.0
443.0
446.0
440.0
439.0
436.0
439.0
441.0
431.0
436.0
438.0
447.0
448.0
447.0
436.0
454.0
455.0
450.0
450.0
450.0
450.0
446.0
446.0
457.0
449.0
444.0
455.0
460.0
450.0
459.0
459.0
448.0
465.0
450.0
447.0
450.0
450.0
431.0
436.0
445.0
441.0
450.0
437.0
437.0
437.0
440.0
449.0
440.0
440.0
440.0
438.0
445.0
435.0
450.0
440.0
439.0
440.0
450.0
448.0
448.0
450.0
454.0
446.0
448.0
427.0
440.0
432.0
435.0
432.0
445.0
435.0
434.0
435.0
440.0
433.0
431.0
437.0
429.0
431.0
431.0
437.0
438.0
440.0
435.0
440.0
444.0
444.0
440.0
430.0
430.0
430.0
431.0
439.0
435.0
430.0
436.0
430.0
430.0
436.0
437.0
436.0
430.0
439.0
439.0
440.0
429.0
431.0
430.0
435.0
440.0
438.0
438.0
440.0
440.0
437.0
437.0
435.0
433.0
435.0
435.0
435.0
434.0
434.0
420.0
439.0
423.0
430.0
436.0
425.0
420.0
420.0
420.0
420.0
418.0
420.0
420.0
420.0
420.0
420.0
418.0
416.0
415.0
402.0
415.0
415.0
408.0
407.0
420.0
411.0
420.0
414.0
415.0
437.0
420.0
438.0
421.0
434.0
433.0
427.0
428.0
420.0
415.0
415.0
410.0
415.0
414.0
410.0
410.0
410.0
407.0
410.0
401.0
405.0
400.0
400.0
400.0
400.0
400.0
398.0
399.0
400.0
398.0
400.0
400.0
400.0
400.0
402.0
396.0
396.0
394.0
390.0
392.0
390.0
390.0
390.0
397.0
392.0
400.0
408.0
395.0
396.0
398.0
404.0
400.0
401.0
417.0
413.0
417.0
411.0
420.0
420.0
418.0
418.0
418.0
422.0
425.0
413.0
416.0
425.0
424.0
422.0
423.0
430.0
426.0
430.0
424.0
424.0
424.0
421.0
422.0
420.0
413.0
423.0
422.0
423.0
415.0
417.0
421.0
428.0
428.0
426.0
421.0
421.0
421.0
424.0
417.0
417.0
419.0
420.0
427.0
424.0
430.0
424.0
423.0
421.0
428.0
426.0
426.0
427.0
437.0
445.0
442.0
441.0
440.0
440.0
440.0
440.0
439.0
439.0
450.0
448.0
448.0
442.0
445.0
436.0
444.0
445.0
446.0
445.0
447.0
443.0
443.0
443.0
450.0
449.0
450.0
448.0
444.0
446.0
450.0
440.0
448.0
455.0
463.0
460.0
460.0
456.0
445.0
445.0
450.0
450.0
444.0
450.0
450.0
450.0
450.0
450.0
450.0
449.0
451.0
452.0
450.0
451.0
450.0
441.0
455.0
457.0
455.0
448.0
450.0
450.0
455.0
452.0
441.0
450.0
460.0
450.0
451.0
450.0
459.0
451.0
451.0
459.0
460.0
460.0
459.0
450.0
449.0
450.0
450.0
460.0
454.0
460.0
468.0
460.0
460.0
464.0
465.0
465.0
464.0
464.0
457.0
457.0
450.0
450.0
452.0
454.0
450.0
450.0
436.0
429.0
456.0
424.0
450.0
449.0
442.0
443.0
437.0
449.0
433.0
433.0
425.0
431.0
426.0
440.0
443.0
433.0
441.0
435.0
437.0
443.0
442.0
450.0
446.0
455.0
450.0
444.0
452.0
454.0
452.0
453.0
460.0
465.0
457.0
455.0
459.0
455.0
455.0
458.0
450.0
450.0
450.0
459.0
459.0
452.0
421.0
420.0
438.0
425.0
422.0
422.0
430.0
431.0
425.0
427.0
430.0
430.0
434.0
430.0
425.0
427.0
430.0
426.0
423.0
430.0
432.0
433.0
430.0
432.0
436.0
436.0
432.0
432.0
434.0
437.0
435.0
436.0
450.0
440.0
437.0
430.0
440.0
440.0
425.0
451.0
432.0
435.0
441.0
435.0
450.0
449.0
437.0
438.0
452.0
438.0
437.0
436.0
436.0
446.0
447.0
435.0
431.0
430.0
428.0
424.0
426.0
442.0
443.0
444.0
425.0
439.0
443.0
447.0
447.0
449.0
450.0
440.0
442.0
442.0
442.0
431.0
440.0
433.0
433.0
428.0
443.0
433.0
440.0
444.0
437.0
436.0
435.0
452.0
460.0
459.0
459.0
460.0
464.0
460.0
472.0
460.0
450.0
452.0
452.0
460.0
461.0
463.0
460.0
468.0
465.0
463.0
469.0
470.0
468.0
467.0
479.0
472.0
480.0
479.0
479.0
480.0
471.0
460.0
464.0
470.0
461.0
453.0
456.0
456.0
460.0
462.0
451.0
453.0
471.0
460.0
474.0
469.0
472.0
478.0
477.0
477.0
477.0
472.0
478.0
480.0
473.0
475.0
477.0
499.0
487.0
477.0
469.0
475.0
488.0
477.0
480.0
485.0
482.0
480.0
475.0
489.0
489.0
478.0
486.0
486.0
491.0
499.0
487.0
504.0
500.0
497.0
501.0
500.0
500.0
522.0
535.0
571.0
578.0
562.0
573.0
571.0
580.0
562.0
544.0
535.0
557.0
550.0
560.0
570.0
553.0
554.0
564.0
637.0
609.0
603.0
584.0
602.0
630.0
619.0
620.0
607.0
619.0
617.0
610.0
606.0
600.0
585.0
603.0
588.0
597.0
588.0
605.0
590.0
599.0
595.0
610.0
599.0
595.0
595.0
613.0
589.0
587.0
570.0
567.0
570.0
559.0
550.0
546.0
557.0
557.0
549.0
549.0
551.0
554.0
563.0
545.0
523.0
529.0
533.0
537.0
547.0
548.0
550.0
550.0
545.0
550.0
554.0
545.0
560.0
565.0
562.0
550.0
550.0
580.0
586.0
565.0
562.0
559.0
571.0
567.0
567.0
573.0
560.0
552.0
567.0
570.0
574.0
588.0
590.0
581.0
573.0
598.0
591.0
590.0
605.0
605.0
596.0
590.0
580.0
588.0
600.0
599.0
600.0
600.0
600.0
595.0
585.0
585.0
599.0
600.0
591.0
573.0
623.0
600.0
600.0
600.0
595.0
605.0
600.0
600.0
600.0
600.0
599.0
590.0
572.0
584.0
598.0
590.0
580.0
577.0
578.0
584.0
584.0
584.0
573.0
584.0
584.0
584.0
584.0
570.0
564.0
556.0
577.0
578.0
583.0
584.0
575.0
575.0
584.0
584.0
584.0
578.0
557.0
560.0
581.0
584.0
583.0
584.0
584.0
584.0
584.0
577.0
580.0
559.0
570.0
561.0
584.0
580.0
572.0
584.0
580.0
582.0
582.0
583.0
574.0
572.0
571.0
569.0
569.0
558.0
557.0
560.0
555.0
555.0
555.0
553.0
560.0
589.0
561.0
556.0
560.0
565.0
563.0
569.0
556.0
556.0
575.0
564.0
565.0
562.0
562.0
560.0
531.0
550.0
546.0
545.0
579.0
578.0
561.0
564.0
563.0
578.0
564.0
580.0
577.0
566.0
556.0
551.0
551.0
560.0
577.0
560.0
569.0
562.0
541.0
550.0
548.0
547.0
550.0
560.0
560.0
555.0
555.0
535.0
538.0
540.0
540.0
541.0
540.0
549.0
545.0
556.0
560.0
551.0
550.0
550.0
530.0
540.0
530.0
525.0
525.0
520.0
508.0
510.0
520.0
520.0
520.0
520.0
520.0
520.0
520.0
520.0
520.0
520.0
520.0
508.0
510.0
528.0
527.0
522.0
522.0
518.0
520.0
506.0
512.0
513.0
500.0
499.0
490.0
490.0
475.0
489.0
481.0
480.0
481.0
456.0
480.0
482.0
488.0
488.0
480.0
472.0
463.0
474.0
472.0
465.0
480.0
500.0
471.0
478.0
484.0
485.0
487.0
490.0
495.0
559.0
520.0
522.0
513.0
520.0
512.0
501.0
511.0
513.0
513.0
513.0
513.0
500.0
486.0
510.0
512.0
540.0
530.0
530.0
529.0
520.0
520.0
520.0
490.0
520.0
513.0
549.0
533.0
520.0
520.0
520.0
520.0
526.0
539.0
544.0
559.0
540.0
560.0
550.0
532.0
542.0
550.0
534.0
532.0
532.0
525.0
511.0
504.0
520.0
512.0
510.0
502.0
530.0
501.0
503.0
501.0
500.0
482.0
482.0
482.0
500.0
492.0
500.0
492.0
503.0
499.0
500.0
499.0
501.0
516.0
516.0
519.0
520.0
530.0
510.0
516.0
515.0
550.0
530.0
522.0
539.0
532.0
540.0
530.0
527.0
531.0
531.0
537.0
540.0
536.0
499.0
530.0
533.0
531.0
530.0
539.0
540.0
544.0
539.0
537.0
550.0
551.0
540.0
550.0
540.0
541.0
540.0
540.0
531.0
520.0
516.0
525.0
518.0
519.0
515.0
515.0
523.0
510.0
510.0
517.0
503.0
513.0
502.0
514.0
518.0
517.0
503.0
500.0
500.0
501.0
503.0
504.0
504.0
503.0
504.0
504.0
513.0
498.0
495.0
492.0
498.0
504.0
493.0
517.0
515.0
514.0
514.0
506.0
495.0
500.0
505.0
498.0
497.0
491.0
490.0
495.0
494.0
495.0
496.0
510.0
505.0
504.0
500.0
500.0
475.0
490.0
476.0
474.0
474.0
466.0
471.0
472.0
456.0
461.0
468.0
469.0
457.0
478.0
480.0
500.0
480.0
467.0
450.0
444.0
430.0
434.0
450.0
449.0
448.0
448.0
460.0
451.0
462.0
450.0
437.0
437.0
440.0
440.0
440.0
440.0
440.0
470.0
490.0
471.0
470.0
478.0
479.0
480.0
482.0
460.0
479.0
499.0
491.0
491.0
486.0
485.0
482.0
460.0
470.0
479.0
487.0
488.0
490.0
500.0
490.0
486.0
494.0
494.0
496.0
487.0
490.0
505.0
495.0
490.0
504.0
497.0
483.0
493.0
480.0
480.0
501.0
500.0
502.0
495.0
491.0
490.0
492.0
488.0
494.0
485.0
479.0
480.0
487.0
488.0
489.0
463.0
484.0
490.0
480.0
498.0
490.0
491.0
497.0
483.0
485.0
485.0
487.0
490.0
484.0
484.0
488.0
481.0
489.0
489.0
495.0
508.0
520.0
511.0
517.0
514.0
516.0
500.0
510.0
510.0
510.0
510.0
506.0
520.0
505.0
505.0
518.0
524.0
507.0
507.0
519.0
518.0
520.0
520.0
521.0
519.0
519.0
521.0
519.0
527.0
519.0
523.0
527.0
515.0
527.0
528.0
532.0
530.0
520.0
518.0
524.0
520.0
529.0
523.0
530.0
526.0
520.0
526.0
534.0
533.0
535.0
528.0
533.0
540.0
540.0
538.0
539.0
541.0
546.0
554.0
549.0
550.0
546.0
545.0
543.0
543.0
553.0
540.0
535.0
535.0
545.0
553.0
531.0
549.0
546.0
555.0
555.0
558.0
565.0
546.0
546.0
550.0
555.0
556.0
564.0
570.0
570.0
574.0
560.0
570.0
590.0
580.0
571.0
589.0
607.0
605.0
594.0
585.0
590.0
589.0
580.0
589.0
609.0
592.0
596.0
595.0
596.0
605.0
597.0
599.0
597.0
603.0
595.0
590.0
599.0
613.0
613.0
596.0
601.0
601.0
602.0
604.0
635.0
614.0
617.0
600.0
615.0
615.0
614.0
613.0
613.0
620.0
629.0
630.0
628.0
620.0
636.0
622.0
625.0
640.0
626.0
628.0
620.0
630.0
629.0
614.0
615.0
637.0
631.0
630.0
638.0
638.0
617.0
616.0
632.0
632.0
630.0
621.0
638.0
622.0
633.0
631.0
635.0
635.0
634.0
650.0
651.0
651.0
669.0
660.0
660.0
665.0
670.0
668.0
669.0
695.0
694.0
694.0
672.0
690.0
709.0
719.0
719.0
706.0
719.0
720.0
727.0
727.0
727.0
737.0
749.0
774.0
765.0
760.0
777.0
773.0
784.0
780.0
780.0
775.0
761.0
786.0
785.0
757.0
760.0
742.0
743.0
741.0
750.0
750.0
747.0
732.0
740.0
749.0
750.0
750.0
730.0
765.0
751.0
750.0
750.0
750.0
766.0
768.0
781.0
769.0
763.0
777.0
763.0
760.0
760.0
765.0
787.0
787.0
772.0
763.0
760.0
799.0
798.0
755.0
767.0
765.0
740.0
734.0
745.0
746.0
748.0
767.0
740.0
740.0
753.0
737.0
747.0
735.0
737.0
747.0
747.0
747.0
735.0
732.0
740.0
732.0
731.0
740.0
733.0
725.0
720.0
720.0
720.0
719.0
719.0
720.0
720.0
720.0
696.0
697.0
691.0
700.0
700.0
706.0
713.0
713.0
728.0
738.0
738.0
730.0
727.0
720.0
725.0
720.0
740.0
745.0
738.0
737.0
742.0
737.0
739.0
730.0
720.0
725.0
720.0
712.0
735.0
735.0
730.0
716.0
724.0
730.0
740.0
740.0
734.0
730.0
717.0
728.0
725.0
720.0
709.0
701.0
707.0
716.0
701.0
730.0
724.0
723.0
725.0
713.0
724.0
715.0
723.0
705.0
726.0
726.0
730.0
728.0
705.0
701.0
710.0
707.0
703.0
691.0
704.0
705.0
692.0
697.0
720.0
710.0
710.0
719.0
724.0
695.0
714.0
714.0
719.0
720.0
704.0
719.0
705.0
717.0
717.0
707.0
706.0
719.0
700.0
712.0
691.0
715.0
690.0
677.0
680.0
680.0
704.0
700.0
697.0
687.0
677.0
705.0
688.0
675.0
675.0
676.0
675.0
650.0
642.0
647.0
643.0
647.0
640.0
635.0
623.0
630.0
631.0
629.0
644.0
655.0
690.0
697.0
714.0
692.0
691.0
690.0
663.0
660.0
674.0
680.0
679.0
688.0
695.0
667.0
675.0
664.0
700.0
699.0
700.0
700.0
710.0
710.0
703.0
690.0
694.0
681.0
686.0
691.0
680.0
680.0
688.0
694.0
665.0
688.0
684.0
691.0
705.0
707.0
707.0
707.0
704.0
698.0
729.0
713.0
740.0
725.0
724.0
757.0
739.0
760.0
760.0
758.0
747.0
749.0
731.0
733.0
737.0
733.0
747.0
717.0
717.0
720.0
733.0
735.0
722.0
747.0
720.0
717.0
718.0
717.0
758.0
760.0
770.0
770.0
770.0
820.0
809.0
805.0
800.0
800.0
800.0
800.0
800.0
800.0
835.0
835.0
841.0
843.0
882.0
900.0
853.0
854.0
888.0
890.0
814.0
816.0
829.0
792.0
806.0
812.0
834.0
803.0
844.0
821.0
829.0
825.0
806.0
838.0
819.0
825.0
839.0
839.0
849.0
836.0
880.0
880.0
872.0
871.0
870.0
852.0
908.0
898.0
867.0
873.0
873.0
872.0
873.0
819.0
822.0
847.0
841.0
857.0
854.0
851.0
857.0
842.0
843.0
845.0
849.0
840.0
850.0
837.0
834.0
824.0
821.0
823.0
804.0
814.0
812.0
791.0
800.0
800.0
800.0
800.0
800.0
793.0
790.0
800.0
784.0
788.0
788.0
783.0
786.0
778.0
769.0
775.0
780.0
769.0
779.0
760.0
760.0
753.0
754.0
760.0
759.0
767.0
760.0
767.0
767.0
769.0
770.0
771.0
780.0
786.0
784.0
785.0
785.0
780.0
777.0
780.0
781.0
784.0
784.0
782.0
767.0
770.0
788.0
790.0
790.0
790.0
790.0
781.0
779.0
777.0
776.0
780.0
775.0
773.0
771.0
775.0
777.0
778.0
772.0
774.0
773.0
775.0
780.0
768.0
767.0
768.0
766.0
756.0
752.0
752.0
753.0
759.0
752.0
755.0
749.0
751.0
760.0
760.0
760.0
755.0
755.0
737.0
740.0
738.0
738.0
712.0
719.0
727.0
727.0
727.0
723.0
723.0
728.0
730.0
725.0
732.0
722.0
720.0
723.0
723.0
722.0
724.0
700.0
700.0
680.0
690.0
695.0
693.0
674.0
673.0
665.0
667.0
667.0
670.0
677.0
669.0
666.0
648.0
639.0
650.0
665.0
661.0
640.0
630.0
634.0
638.0
648.0
656.0
637.0
651.0
642.0
642.0
637.0
640.0
667.0
639.0
623.0
644.0
641.0
639.0
644.0
639.0
647.0
649.0
656.0
653.0
659.0
666.0
665.0
663.0
662.0
646.0
650.0
657.0
642.0
648.0
644.0
645.0
645.0
647.0
644.0
650.0
630.0
643.0
644.0
642.0
648.0
641.0
647.0
640.0
647.0
640.0
645.0
631.0
649.0
650.0
653.0
652.0
636.0
583.0
630.0
625.0
626.0
626.0
625.0
625.0
625.0
628.0
634.0
635.0
636.0
638.0
642.0
635.0
638.0
630.0
638.0
635.0
631.0
637.0
634.0
623.0
619.0
626.0
636.0
610.0
612.0
614.0
612.0
618.0
617.0
624.0
627.0
615.0
614.0
615.0
615.0
619.0
613.0
618.0
620.0
617.0
617.0
626.0
629.0
625.0
625.0
632.0
633.0
628.0
633.0
634.0
639.0
640.0
639.0
640.0
679.0
669.0
670.0
665.0
665.0
671.0
669.0
665.0
667.0
670.0
670.0
669.0
700.0
700.0
691.0
695.0
692.0
700.0
692.0
690.0
687.0
691.0
685.0
683.0
680.0
686.0
680.0
680.0
687.0
688.0
687.0
688.0
677.0
678.0
683.0
670.0
673.0
674.0
682.0
674.0
680.0
683.0
683.0
680.0
684.0
683.0
676.0
673.0
673.0
673.0
680.0
665.0
675.0
665.0
667.0
666.0
669.0
660.0
650.0
651.0
668.0
653.0
649.0
651.0
659.0
659.0
649.0
650.0
646.0
636.0
637.0
634.0
642.0
632.0
637.0
636.0
636.0
636.0
630.0
640.0
643.0
640.0
634.0
630.0
633.0
636.0
636.0
636.0
644.0
646.0
639.0
637.0
644.0
647.0
649.0
652.0
652.0
651.0
654.0
651.0
647.0
656.0
651.0
639.0
630.0
634.0
635.0
630.0
640.0
636.0
637.0
643.0
637.0
636.0
643.0
638.0
637.0
642.0
637.0
643.0
644.0
643.0
636.0
637.0
635.0
632.0
631.0
634.0
630.0
630.0
630.0
636.0
632.0
635.0
630.0
631.0
634.0
630.0
629.0
629.0
627.0
620.0
615.0
615.0
614.0
620.0
629.0
630.0
630.0
626.0
630.0
623.0
623.0
623.0
612.0
618.0
623.0
616.0
619.0
619.0
613.0
621.0
624.0
618.0
628.0
619.0
617.0
616.0
613.0
613.0
615.0
627.0
635.0
626.0
620.0
615.0
553.0
587.0
551.0
556.0
549.0
578.0
571.0
550.0
571.0
570.0
563.0
553.0
560.0
591.0
559.0
547.0
552.0
554.0
553.0
559.0
560.0
560.0
552.0
557.0
557.0
564.0
560.0
563.0
560.0
564.0
565.0
561.0
552.0
558.0
558.0
565.0
555.0
555.0
542.0
555.0
553.0
554.0
546.0
549.0
555.0
565.0
568.0
561.0
555.0
556.0
560.0
563.0
574.0
567.0
573.0
570.0
570.0
563.0
554.0
557.0
550.0
550.0
549.0
547.0
540.0
543.0
543.0
540.0
510.0
488.0
450.0
460.0
473.0
481.0
495.0
491.0
477.0
479.0
494.0
467.0
465.0
465.0
460.0
455.0
454.0
440.0
447.0
454.0
463.0
449.0
447.0
447.0
455.0
435.0
442.0
440.0
444.0
446.0
440.0
440.0
435.0
432.0
430.0
426.0
429.0
420.0
415.0
417.0
410.0
405.0
400.0
390.0
390.0
390.0
386.0
390.0
385.0
387.0
394.0
414.0
410.0
400.0
405.0
404.0
411.0
412.0
429.0
430.0
422.0
439.0
435.0
434.0
430.0
432.0
431.0
438.0
427.0
424.0
424.0
431.0
426.0
432.0
428.0
427.0
422.0
425.0
423.0
423.0
423.0
418.0
420.0
419.0
419.0
415.0
420.0
413.0
410.0
410.0
403.0
412.0
406.0
407.0
414.0
418.0
414.0
420.0
415.0
420.0
415.0
414.0
418.0
420.0
417.0
417.0
413.0
415.0
411.0
410.0
410.0
412.0
413.0
415.0
410.0
410.0
412.0
410.0
414.0
413.0
413.0
414.0
410.0
412.0
411.0
416.0
414.0
415.0
415.0
415.0
412.0
414.0
412.0
414.0
413.0
414.0
414.0
412.0
415.0
415.0
410.0
408.0
407.0
413.0
412.0
413.0
405.0
397.0
404.0
404.0
405.0
403.0
400.0
403.0
403.0
406.0
405.0
406.0
405.0
408.0
405.0
408.0
406.0
406.0
405.0
409.0
410.0
410.0
409.0
405.0
407.0
404.0
409.0
405.0
412.0
412.0
411.0
411.0
411.0
414.0
409.0
408.0
409.0
408.0
407.0
407.0
408.0
413.0
419.0
418.0
418.0
405.0
416.0
420.0
417.0
419.0
420.0
425.0
425.0
425.0
415.0
423.0
419.0
420.0
416.0
413.0
414.0
415.0
417.0
415.0
414.0
419.0
416.0
414.0
413.0
420.0
413.0
413.0
413.0
413.0
420.0
418.0
415.0
415.0
415.0
413.0
410.0
406.0
414.0
418.0
408.0
416.0
413.0
412.0
414.0
411.0
408.0
411.0
414.0
414.0
411.0
408.0
412.0
412.0
411.0
411.0
412.0
418.0
412.0
435.0
433.0
436.0
437.0
434.0
430.0
436.0
437.0
435.0
457.0
457.0
461.0
465.0
460.0
462.0
462.0
453.0
459.0
464.0
454.0
455.0
463.0
458.0
470.0
461.0
470.0
467.0
470.0
473.0
468.0
466.0
466.0
466.0
472.0
476.0
476.0
468.0
461.0
460.0
467.0
462.0
463.0
462.0
460.0
462.0
465.0
455.0
455.0
460.0
460.0
460.0
468.0
455.0
471.0
465.0
465.0
464.0
462.0
460.0
461.0
450.0
424.0
444.0
438.0
437.0
438.0
443.0
434.0
435.0
436.0
432.0
432.0
449.0
441.0
439.0
443.0
444.0
437.0
434.0
443.0
442.0
431.0
440.0
444.0
444.0
441.0
445.0
440.0
440.0
433.0
443.0
432.0
430.0
429.0
424.0
427.0
425.0
428.0
435.0
431.0
425.0
425.0
429.0
428.0
444.0
426.0
424.0
425.0
425.0
429.0
429.0
430.0
424.0
430.0
432.0
433.0
429.0
428.0
434.0
433.0
434.0
433.0
429.0
434.0
434.0
430.0
430.0
430.0
436.0
440.0
439.0
436.0
440.0
440.0
442.0
442.0
436.0
433.0
426.0
428.0
427.0
428.0
427.0
427.0
423.0
423.0
427.0
421.0
423.0
425.0
425.0
425.0
423.0
426.0
423.0
425.0
423.0
421.0
422.0
420.0
427.0
425.0
427.0
421.0
426.0
428.0
423.0
427.0
420.0
411.0
414.0
411.0
411.0
413.0
416.0
417.0
415.0
416.0
416.0
417.0
420.0
422.0
424.0
425.0
422.0
423.0
425.0
425.0
427.0
428.0
426.0
426.0
424.0
422.0
421.0
421.0
421.0
422.0
422.0
420.0
424.0
423.0
422.0
426.0
431.0
425.0
427.0
425.0
426.0
427.0
428.0
428.0
426.0
427.0
427.0
427.0
424.0
427.0
428.0
428.0
428.0
431.0
428.0
427.0
423.0
422.0
427.0
423.0
423.0
423.0
425.0
425.0
427.0
427.0
425.0
428.0
432.0
431.0
435.0
438.0
435.0
438.0
438.0
429.0
432.0
432.0
430.0
430.0
430.0
430.0
427.0
434.0
442.0
433.0
433.0
433.0
433.0
432.0
432.0
431.0
430.0
429.0
431.0
431.0
428.0
431.0
434.0
431.0
433.0
432.0
432.0
432.0
436.0
432.0
431.0
434.0
436.0
437.0
436.0
436.0
435.0
435.0
435.0
432.0
428.0
427.0
428.0
429.0
426.0
425.0
420.0
425.0
414.0
417.0
418.0
424.0
422.0
419.0
418.0
413.0
413.0
414.0
412.0
416.0
416.0
412.0
415.0
413.0
412.0
413.0
413.0
410.0
414.0
415.0
407.0
411.0
400.0
400.0
400.0
392.0
397.0
402.0
404.0
405.0
407.0
408.0
405.0
402.0
395.0
388.0
392.0
389.0
394.0
399.0
400.0
399.0
396.0
393.0
393.0
390.0
392.0
392.0
393.0
392.0
388.0
390.0
387.0
400.0
396.0
393.0
391.0
391.0
394.0
392.0
394.0
394.0
397.0
396.0
397.0
394.0
393.0
398.0
390.0
394.0
394.0
394.0
395.0
395.0
397.0
390.0
396.0
391.0
391.0
391.0
393.0
393.0
395.0
393.0
394.0
395.0
395.0
393.0
393.0
391.0
390.0
391.0
390.0
390.0
387.0
386.0
377.0
383.0
383.0
383.0
387.0
388.0
388.0
388.0
390.0
389.0
390.0
390.0
390.0
387.0
390.0
386.0
385.0
387.0
387.0
384.0
387.0
383.0
388.0
389.0
380.0
384.0
381.0
380.0
377.0
373.0
374.0
375.0
376.0
378.0
375.0
377.0
378.0
381.0
378.0
377.0
384.0
384.0
382.0
382.0
377.0
377.0
376.0
376.0
379.0
378.0
378.0
378.0
378.0
378.0
368.0
376.0
375.0
380.0
379.0
380.0
373.0
365.0
366.0
368.0
368.0
366.0
365.0
363.0
366.0
366.0
366.0
361.0
362.0
367.0
360.0
368.0
363.0
368.0
374.0
363.0
367.0
367.0
371.0
371.0
365.0
361.0
368.0
369.0
370.0
369.0
367.0
370.0
380.0
378.0
374.0
373.0
381.0
378.0
382.0
385.0
383.0
381.0
381.0
383.0
385.0
385.0
381.0
381.0
381.0
380.0
385.0
385.0
385.0
390.0
396.0
391.0
400.0
400.0
399.0
393.0
399.0
404.0
401.0
401.0
404.0
407.0
406.0
407.0
407.0
412.0
414.0
409.0
407.0
407.0
407.0
414.0
412.0
411.0
412.0
406.0
405.0
405.0
403.0
396.0
393.0
396.0
397.0
398.0
397.0
389.0
395.0
388.0
394.0
387.0
388.0
386.0
387.0
385.0
386.0
382.0
384.0
385.0
384.0
387.0
407.0
407.0
405.0
404.0
403.0
406.0
399.0
400.0
405.0
400.0
403.0
400.0
401.0
398.0
404.0
401.0
405.0
405.0
406.0
401.0
406.0
402.0
401.0
395.0
402.0
402.0
394.0
394.0
394.0
393.0
394.0
392.0
392.0
391.0
389.0
391.0
390.0
388.0
394.0
394.0
387.0
393.0
394.0
387.0
387.0
387.0
368.0
381.0
370.0
377.0
378.0
378.0
377.0
379.0
376.0
375.0
380.0
378.0
384.0
384.0
384.0
384.0
384.0
373.0
374.0
377.0
373.0
385.0
384.0
384.0
385.0
382.0
378.0
376.0
376.0
382.0
381.0
375.0
376.0
377.0
374.0
376.0
375.0
375.0
373.0
380.0
380.0
370.0
377.0
378.0
378.0
378.0
382.0
374.0
400.0
393.0
396.0
395.0
390.0
390.0
390.0
383.0
388.0
387.0
378.0
378.0
387.0
381.0
387.0
388.0
383.0
388.0
381.0
380.0
383.0
387.0
387.0
386.0
386.0
391.0
396.0
382.0
390.0
387.0
382.0
392.0
384.0
384.0
383.0
387.0
381.0
380.0
382.0
382.0
383.0
384.0
403.0
399.0
392.0
396.0
400.0
400.0
402.0
400.0
402.0
402.0
397.0
393.0
402.0
399.0
399.0
397.0
395.0
395.5
400.5
400.0
400.0
401.0
400.0
400.0
405.5
400.0
400.0
399.5
400.0
400.0
399.0
398.5
398.0
400.0
400.0
400.0
400.0
400.0
402.0
400.0
400.0
400.0
400.0
405.0
405.0
401.0
401.0
405.0
405.0
401.5
401.0
404.5
400.5
401.0
406.5
406.5
407.5
407.5
408.5
408.5
408.5
408.5
409.0
411.0
411.0
416.0
407.0
408.5
413.5
413.5
407.5
407.0
407.5
421.0
419.5
412.5
415.0
416.5
417.0
413.0
417.0
417.0
410.5
410.5
406.0
407.0
411.0
408.0
406.0
407.0
409.5
409.5
408.0
407.5
406.0
405.5
403.5
402.0
407.5
402.5
403.0
401.5
400.0
401.0
405.0
405.0
396.0
404.0
403.5
398.5
398.5
403.0
403.0
395.0
397.0
398.0
398.0
398.0
396.5
400.0
400.0
399.5
400.0
400.0
400.0
400.0
395.0
395.0
392.5
396.5
397.5
395.0
394.0
395.0
395.5
397.0
397.0
395.0
399.0
395.0
398.5
398.0
398.5
398.0
398.0
391.5
397.0
397.0
399.0
399.0
406.0
406.5
405.0
405.0
402.0
406.0
400.0
401.5
402.5
401.5
405.0
402.5
405.0
403.0
400.0
406.0
402.0
410.0
410.0
406.0
409.0
409.5
407.5
407.0
406.5
407.0
410.0
410.0
410.5
406.0
409.5
410.5
405.5
405.5
406.0
408.5
408.0
408.0
413.0
430.0
424.5
423.0
428.5
422.5
418.0
420.0
415.0
419.0
423.5
424.5
430.0
428.0
428.0
430.0
420.5
426.5
422.5
422.0
426.0
420.5
420.0
417.0
416.5
412.5
411.5
406.0
404.0
403.0
403.0
406.5
407.5
409.5
406.5
411.0
407.0
411.0
413.0
413.0
430.0
473.0
453.5
447.0
445.5
453.0
456.0
461.0
451.5
452.0
452.0
448.5
456.0
455.5
455.5
457.0
458.0
466.0
459.0
459.0
458.0
456.5
460.0
463.0
460.0
460.0
471.0
476.0
465.0
462.5
463.0
463.5
461.0
464.5
451.5
452.5
453.5
459.0
445.0
444.0
444.5
444.5
446.0
440.0
435.5
437.0
441.5
437.5
441.5
437.5
443.0
445.0
440.0
444.0
444.0
454.0
461.0
457.5
463.0
462.5
462.0
461.0
460.0
460.0
457.5
441.0
455.0
462.0
440.0
450.0
462.5
467.5
469.5
464.0
463.5
468.0
465.0
468.0
460.0
451.0
460.0
454.0
453.5
454.0
454.0
461.0
457.0
450.5
451.5
456.5
457.0
453.0
454.0
457.0
463.5
463.5
465.0
469.5
460.5
467.5
467.0
451.0
441.0
450.0
455.0
455.0
451.0
452.0
455.5
455.5
457.5
456.0
453.0
458.5
458.5
457.5
451.0
450.0
451.5
454.5
459.5
459.5
462.0
452.0
459.5
454.5
460.0
463.0
465.0
465.5
466.0
467.0
470.5
469.0
468.0
466.5
465.0
465.5
475.5
476.0
465.5
463.5
472.5
472.0
464.0
472.0
464.0
464.0
465.0
450.0
460.5
461.0
455.0
469.0
475.0
467.5
462.5
473.5
472.0
460.0
462.0
467.0
463.5
463.0
463.0
463.0
471.0
469.5
464.0
468.5
464.0
463.0
463.5
463.0
469.5
470.0
470.5
470.0
475.0
464.0
473.5
471.0
471.0
475.5
470.5
479.0
479.0
480.5
471.0
472.0
472.0
480.0
480.0
480.0
480.0
475.0
473.5
478.5
478.5
479.0
476.0
476.0
476.0
476.0
478.5
479.5
480.0
480.5
479.5
474.5
474.5
467.5
478.0
468.5
472.0
470.0
468.0
468.0
470.0
464.5
463.5
467.5
457.0
457.0
457.0
457.0
457.0
457.0
472.0
475.0
475.0
474.0
475.0
479.5
480.0
480.0
483.0
489.0
488.0
491.5
498.0
490.0
490.5
488.0
488.0
484.5
484.0
487.5
489.0
490.0
492.0
485.5
485.5
486.0
471.5
476.0
482.5
486.5
486.5
487.0
497.5
483.0
481.5
481.0
488.0
481.5
486.0
481.0
481.0
481.0
482.0
480.0
478.0
479.5
477.5
477.0
480.0
477.5
483.0
482.5
479.0
477.0
478.5
488.0
483.0
483.0
496.0
483.0
483.0
482.0
481.5
481.0
481.0
477.0
482.5
478.5
480.0
479.0
480.0
484.5
480.5
483.0
483.0
483.0
482.0
483.0
481.0
481.0
480.5
480.0
480.5
481.0
480.0
478.0
478.0
482.5
481.5
479.5
478.5
477.0
477.0
465.5
472.5
461.0
462.5
459.0
460.5
460.5
464.0
468.0
470.0
470.0
464.0
465.0
465.0
465.5
466.0
469.0
465.5
462.0
460.0
463.0
459.5
460.0
459.5
468.5
465.0
458.5
459.5
464.0
458.0
457.5
458.0
463.0
459.0
459.0
464.0
458.5
462.5
462.0
453.0
460.5
459.5
459.5
456.0
454.5
456.5
450.5
430.5
438.5
441.5
441.0
443.0
440.5
440.5
439.5
439.5
439.5
440.0
445.5
433.5
427.0
428.0
427.5
427.5
416.5
422.0
423.0
419.0
420.0
431.0
429.0
430.0
435.5
430.0
437.0
430.0
434.5
434.5
434.5
430.0
429.0
434.0
430.0
431.0
425.0
431.0
425.5
425.0
425.0
422.0
420.0
420.5
424.0
426.5
426.5
431.0
431.0
433.5
433.5
425.0
420.0
420.0
421.5
422.0
424.0
418.5
419.0
421.0
428.5
428.5
428.5
428.5
421.0
426.0
426.0
421.0
428.5
425.0
433.0
429.0
428.0
422.5
426.0
428.0
435.0
436.5
459.0
474.0
468.0
466.0
479.0
468.0
469.0
469.0
468.0
465.0
456.5
455.0
452.0
454.5
453.5
452.0
452.0
450.0
448.0
441.5
440.0
440.0
437.5
445.0
441.0
447.5
444.0
446.0
443.5
442.0
445.0
445.0
434.5
430.0
430.0
430.0
430.0
428.5
429.5
429.5
427.5
432.0
427.5
428.0
428.0
422.0
422.0
426.0
428.0
428.0
425.0
423.0
424.0
438.0
430.0
429.0
445.5
438.5
425.0
429.5
429.0
426.5
427.0
425.0
428.5
426.5
426.5
426.5
424.5
424.5
423.0
420.0
410.0
420.5
418.0
420.0
418.0
419.0
420.0
420.0
439.0
418.0
418.0
421.0
421.5
421.0
421.0
422.5
421.0
421.0
422.0
424.5
425.0
425.0
416.0
416.0
418.0
423.0
414.0
425.5
425.5
430.0
429.5
417.0
422.0
432.0
429.5
419.5
422.5
424.5
430.0
429.5
421.5
420.0
420.5
422.5
428.5
428.0
422.0
429.0
424.0
426.0
423.0
425.0
418.0
418.5
418.5
418.0
418.0
426.0
421.0
417.0
413.0
415.0
417.5
417.0
415.0
415.0
411.0
403.0
408.5
409.5
406.5
410.0
406.5
410.0
412.5
406.5
410.0
411.0
413.0
412.0
413.5
414.0
407.0
414.0
418.0
418.0
418.5
409.0
413.0
414.5
418.0
411.0
420.0
434.5
425.0
426.5
424.5
432.0
430.5
429.5
429.5
430.0
430.0
420.5
419.5
427.0
422.0
419.0
429.5
429.5
430.0
430.0
434.0
431.0
434.0
434.0
445.0
443.0
433.5
436.5
433.5
441.5
440.5
433.0
441.0
430.0
440.0
446.5
445.5
431.5
438.0
439.0
440.0
440.0
440.0
432.5
442.0
439.0
435.0
433.0
432.5
435.0
435.5
437.0
435.0
435.0
433.0
433.0
432.5
432.0
434.5
428.0
432.5
439.0
439.0
438.5
430.5
437.0
431.0
432.5
431.5
429.0
431.5
431.0
430.0
430.5
430.0
435.0
435.0
442.0
441.5
436.5
434.0
433.0
433.5
433.0
439.0
439.5
433.5
437.0
440.0
426.5
435.5
436.0
436.0
429.5
436.5
432.0
432.0
432.0
432.0
432.0
431.5
431.5
431.5
429.5
434.5
434.5
437.0
434.5
428.0
429.0
435.0
428.0
434.0
430.0
430.0
430.0
420.0
435.0
429.0
430.0
429.0
434.5
434.5
435.0
435.5
435.0
435.5
441.0
442.0
443.5
444.0
440.0
442.5
440.0
450.0
450.0
440.0
446.5
447.0
436.5
434.0
436.0
442.0
437.0
437.0
437.0
442.5
433.0
439.5
431.5
429.5
430.0
428.0
428.0
428.0
430.0
426.5
428.5
430.0
420.0
428.5
429.0
429.0
422.0
422.0
433.0
424.5
419.0
426.5
425.0
420.0
423.5
418.0
423.5
417.0
421.0
417.0
415.0
414.0
413.0
413.0
411.5
412.5
413.0
411.5
412.5
413.0
411.5
413.0
414.0
414.5
414.0
426.5
426.0
412.5
421.5
413.0
419.5
424.5
415.0
414.5
427.0
427.0
421.0
419.5
422.5
422.0
424.5
426.0
420.0
428.0
422.0
422.0
417.0
416.5
421.5
415.0
418.5
418.5
418.5
416.5
415.5
416.0
410.0
414.0
413.5
412.0
412.0
437.5
437.5
426.0
430.0
428.0
431.5
428.5
428.0
426.5
426.0
427.5
427.5
429.5
427.0
427.0
433.5
423.0
422.5
422.5
430.0
427.5
422.5
422.5
422.5
422.0
429.5
427.0
425.0
425.0
425.0
425.0
425.0
421.5
423.0
423.0
421.5
418.0
425.0
425.0
427.5
430.0
430.0
423.0
422.5
423.0
428.5
424.0
423.5
423.5
422.0
423.0
423.0
425.0
425.0
421.5
421.0
420.0
419.0
419.0
418.0
421.0
421.0
416.0
417.5
424.0
422.5
416.5
421.5
422.0
417.5
420.0
419.0
417.5
422.5
423.0
424.0
424.0
424.0
437.0
430.0
436.5
427.5
436.0
435.5
435.5
435.5
435.5
439.0
438.0
437.5
439.5
430.0
426.0
423.0
427.0
425.0
423.0
421.5
421.5
426.0
422.0
417.0
418.5
420.0
419.0
418.5
428.0
424.0
427.0
421.5
421.5
423.5
422.0
419.0
419.0
422.0
422.5
424.0
420.5
423.0
425.5
424.5
417.5
423.5
425.0
420.5
420.5
423.5
424.0
427.0
429.0
426.5
426.0
426.0
424.0
424.0
428.0
427.0
426.0
422.0
425.0
421.0
426.0
421.5
426.0
426.0
427.0
422.0
423.0
423.0
422.0
424.5
424.0
423.0
422.5
422.5
423.0
422.0
423.0
423.5
426.5
422.5
421.5
427.0
422.5
428.5
426.0
425.0
425.5
426.5
422.0
425.5
423.0
424.0
425.5
438.0
421.0
423.0
419.5
423.5
419.0
420.0
424.0
425.0
421.0
423.0
424.5
423.0
422.5
422.5
419.0
419.0
418.5
418.5
422.0
423.0
421.5
419.5
421.0
422.5
420.0
419.5
420.0
419.5
423.0
423.0
423.0
426.5
425.0
425.0
421.0
423.5
421.0
420.5
423.5
420.5
422.0
422.5
422.5
422.5
421.0
420.0
419.5
416.0
421.5
419.0
421.5
422.5
422.0
419.5
423.5
423.0
424.0
423.0
423.5
425.5
421.5
422.0
421.5
424.5
422.0
418.0
419.5
420.0
420.0
420.0
423.0
423.0
423.0
423.5
420.0
423.0
423.5
423.5
423.0
419.0
416.0
420.0
420.0
422.0
419.5
417.5
417.0
419.0
416.5
415.0
414.5
414.0
417.0
414.5
417.0
416.0
417.5
415.5
415.5
417.0
416.5
416.0
419.0
418.0
421.0
421.0
420.5
420.0
415.5
418.5
420.5
419.0
425.0
419.5
420.0
419.0
418.0
418.5
417.0
424.0
420.5
420.0
420.0
421.0
419.5
420.0
419.5
419.5
419.0
419.5
419.5
417.5
416.5
417.5
415.0
415.0
416.0
415.0
415.0
420.0
418.0
417.0
416.5
410.0
410.0
410.0
410.0
413.0
412.5
412.5
411.0
411.0
412.0
410.0
410.0
410.0
409.0
409.0
406.0
412.0
410.0
410.0
408.0
407.0
412.0
408.0
408.0
406.0
407.5
408.0
407.5
410.0
412.0
411.5
411.0
410.0
409.0
418.0
420.0
416.0
419.0
421.0
422.5
422.5
422.5
416.5
414.0
414.0
414.0
413.5
420.0
418.0
418.0
418.0
418.0
420.0
418.0
414.0
414.0
417.0
416.0
440.0
434.5
422.5
418.5
419.5
421.0
421.0
420.5
440.0
448.0
430.0
430.5
430.5
430.5
430.5
430.0
430.0
432.0
433.0
436.0
425.5
427.0
432.0
432.5
427.5
426.5
426.5
426.0
425.0
423.0
420.0
440.0
431.0
428.5
423.0
426.5
426.5
428.0
431.5
430.0
430.0
426.0
444.0
438.0
440.0
449.5
457.0
446.0
435.5
439.5
436.5
435.0
435.0
430.0
430.0
434.0
439.0
430.5
439.5
439.5
435.5
440.0
444.5
441.5
441.5
441.5
444.0
444.0
444.0
445.5
428.0
438.0
440.5
433.0
433.0
435.0
435.0
437.5
438.0
438.5
439.5
438.5
439.5
439.0
440.0
442.0
442.0
442.0
445.0
445.0
445.0
445.0
445.0
444.5
444.5
445.0
446.5
458.0
458.0
446.0
440.0
443.5
443.5
443.5
439.0
442.0
438.0
442.0
445.0
443.5
440.0
442.0
443.5
443.0
443.0
437.0
441.5
440.0
440.5
440.0
439.5
440.5
440.0
438.0
443.0
439.0
443.5
443.5
443.0
439.0
442.5
439.5
439.0
441.0
440.0
440.0
439.5
440.0
440.0
443.0
442.0
442.5
443.0
442.5
440.5
437.0
440.5
445.0
444.5
448.0
445.0
444.5
447.0
445.0
445.0
443.5
444.0
445.5
446.5
446.5
445.0
445.0
445.5
447.5
446.0
445.5
445.0
445.0
445.5
446.0
446.0
447.0
450.0
450.0
447.5
450.0
450.5
445.0
442.0
444.0
446.0
440.0
444.5
440.0
435.0
438.0
439.0
437.5
438.5
437.5
433.0
433.0
439.5
434.0
436.5
435.5
433.0
436.0
433.0
432.0
431.5
428.0
425.0
426.5
420.0
424.5
424.0
428.5
428.5
428.0
427.5
428.0
428.0
429.5
429.5
429.0
436.5
440.0
435.0
436.0
434.0
435.0
437.0
438.0
434.5
436.0
437.0
436.0
434.0
435.5
435.0
435.5
431.5
435.5
436.0
432.0
432.0
432.0
432.5
432.0
432.0
432.0
432.0
437.5
437.5
432.5
432.5
431.0
431.0
432.5
433.0
434.0
434.0
433.0
432.0
440.0
432.0
438.0
437.5
437.5
437.5
436.5
444.0
442.5
434.0
439.0
434.5
431.0
438.0
443.5
441.0
441.0
442.0
441.5
436.0
432.0
437.5
437.0
438.0
440.0
434.5
435.5
434.5
441.5
434.0
438.0
435.5
439.5
440.0
435.5
435.0
435.5
438.0
438.0
438.5
438.0
443.5
443.5
435.5
438.0
444.0
447.0
445.0
446.0
445.5
445.0
451.0
444.5
442.5
442.5
443.5
443.5
441.5
451.0
451.5
445.0
441.5
441.0
445.0
447.0
445.5
434.5
442.0
443.0
441.0
442.0
443.0
443.0
443.0
442.0
442.0
436.0
434.5
431.0
431.0
430.5
430.5
439.0
438.5
431.0
433.0
430.5
423.0
425.0
430.0
433.0
439.0
437.5
430.0
435.0
429.0
428.5
426.0
420.5
405.0
411.0
411.0
405.0
410.5
407.5
407.0
411.0
423.0
423.5
419.5
415.0
407.5
407.0
418.0
410.0
426.0
424.0
412.0
420.0
413.5
419.0
417.0
407.0
409.0
417.5
409.0
407.5
408.0
403.0
403.0
400.0
387.5
387.0
381.0
377.0
381.0
376.5
376.5
376.5
367.0
373.0
372.0
370.0
365.0
370.0
377.0
380.0
367.0
367.0
375.0
378.0
365.0
350.5
348.0
348.0
325.5
339.0
324.0
340.0
325.0
330.0
345.5
325.5
330.5
338.0
321.5
322.0
321.5
320.0
315.0
324.5
367.5
326.0
334.0
332.0
346.0
346.5
333.0
329.5
329.5
340.0
317.5
307.0
308.0
300.0
309.0
300.0
300.0
299.5
300.0
300.0
300.0
294.0
296.0
299.5
300.0
300.0
310.0
301.5
312.0
300.0
311.5
310.0
306.0
306.0
306.0
314.0
328.0
316.0
335.5
313.0
319.0
325.0
324.5
325.0
329.5
334.5
330.0
345.5
345.5
345.5
345.0
345.0
346.0
336.0
349.0
355.5
359.5
349.5
349.5
355.0
355.0
353.0
342.5
346.0
351.0
386.0
385.0
376.5
368.5
359.0
360.0
358.5
359.0
359.0
359.0
367.5
340.0
355.5
356.0
356.0
357.5
360.5
363.0
370.5
375.0
391.0
391.5
390.5
383.0
404.5
384.0
381.0
364.0
364.0
367.0
372.5
368.0
370.0
368.0
372.0
372.0
372.0
373.5
377.0
375.0
375.0
377.5
370.0
370.0
378.5
375.0
375.0
370.0
370.5
376.5
376.5
375.5
375.5
371.5
371.0
376.0
378.0
379.5
376.5
376.0
381.0
380.0
380.0
385.5
385.5
384.5
384.5
383.5
378.0
377.0
376.0
375.0
378.5
379.0
376.0
377.5
378.0
377.5
381.0
378.0
381.0
377.5
376.0
380.5
376.5
371.5
376.0
376.0
376.0
376.0
375.5
376.0
375.5
405.0
398.0
389.0
402.0
390.0
402.0
400.0
402.0
401.5
403.0
403.5
403.5
396.5
396.0
396.5
404.0
397.0
390.5
384.0
383.5
382.5
379.5
382.5
380.5
384.0
390.5
384.5
388.0
388.0
388.5
383.0
384.0
384.0
382.5
386.0
386.5
390.5
383.5
384.5
382.0
386.0
379.0
379.0
379.5
371.0
377.0
377.0
377.0
380.0
380.5
380.5
375.5
380.0
380.5
380.5
380.5
385.0
377.5
379.5
379.5
378.0
378.5
383.5
388.5
389.5
389.0
396.5
398.0
394.0
391.5
391.0
391.5
391.5
391.5
389.0
394.5
395.0
394.0
394.5
393.0
391.0
392.0
390.0
390.5
389.5
383.5
390.0
386.0
391.0
391.0
395.0
387.0
385.5
386.0
385.0
388.0
385.5
385.5
386.0
385.5
385.5
382.0
385.5
382.0
384.5
384.5
390.5
384.0
389.0
384.0
388.0
378.0
387.5
388.0
380.5
378.5
383.0
382.0
380.5
380.0
379.0
379.5
380.0
380.0
384.0
383.0
381.0
378.5
383.5
381.0
381.0
376.5
378.0
378.0
377.5
375.5
380.0
383.0
383.0
383.0
383.0
379.0
375.0
379.0
378.5
388.0
387.5
383.0
384.0
388.5
382.0
388.0
386.5
387.0
387.0
388.0
389.5
388.0
382.5
387.5
387.5
387.0
384.0
386.5
386.5
395.0
395.0
382.5
398.0
398.0
398.5
398.0
398.0
398.0
398.0
401.5
390.5
397.5
397.5
398.0
396.5
395.0
396.5
397.5
394.5
394.5
394.0
395.0
387.0
387.5
393.5
393.0
393.0
393.0
381.0
393.0
390.5
390.5
389.5
389.0
393.0
392.5
387.5
395.0
388.0
388.0
384.0
393.5
389.5
389.0
390.0
390.0
390.0
390.0
394.0
394.5
390.0
389.5
388.0
387.5
389.0
387.0
393.0
392.0
390.5
387.5
387.0
391.5
386.0
389.5
389.5
389.5
390.0
390.0
387.0
387.0
392.5
387.5
385.0
384.0
391.0
386.0
386.0
389.0
387.5
383.0
388.5
388.0
384.0
387.0
384.0
384.5
384.5
384.5
383.5
383.0
383.0
383.5
385.0
383.5
383.0
389.0
389.0
385.0
390.5
385.0
385.5
384.5
383.5
390.0
388.5
392.0
384.5
383.0
384.5
384.5
384.5
384.0
388.0
384.5
387.0
386.5
404.0
392.5
396.0
395.0
390.0
389.0
387.5
397.0
399.5
397.0
386.5
390.5
386.0
385.0
384.5
387.5
387.5
387.5
388.0
389.5
382.0
390.5
382.5
389.0
388.0
390.0
382.5
385.0
388.0
388.0
391.5
391.5
391.5
398.5
391.0
391.0
388.0
384.5
398.0
390.5
388.0
382.0
387.5
390.0
384.0
390.0
390.0
395.0
395.0
388.5
388.5
387.0
385.5
388.5
389.5
390.0
389.5
389.5
387.0
394.5
385.0
385.0
390.0
386.0
387.5
388.0
388.0
384.0
382.0
384.5
383.0
390.0
390.0
385.5
390.0
390.0
384.0
386.0
389.5
380.0
380.0
388.5
388.0
386.5
384.0
389.0
385.5
386.5
387.0
380.0
389.0
385.5
385.5
385.0
382.5
385.5
382.5
388.5
384.0
386.0
386.5
387.5
387.0
385.5
388.0
388.0
388.0
387.5
388.5
388.5
395.0
395.0
388.5
395.0
395.0
390.5
390.5
387.0
390.0
384.0
387.0
388.0
388.0
395.0
396.5
395.5
395.5
387.0
388.0
388.0
391.5
388.5
390.5
390.0
394.0
396.5
389.0
392.5
392.0
392.0
392.0
392.0
392.5
396.0
396.0
398.0
398.0
398.0
398.0
397.5
389.5
398.5
390.0
400.0
395.0
394.5
395.0
394.5
395.0
390.5
393.0
393.0
394.0
394.0
394.5
395.0
395.0
395.5
395.0
395.0
395.5
395.5
395.5
390.5
398.5
390.0
389.0
398.0
391.5
391.0
394.5
395.0
395.5
395.0
390.0
397.0
395.0
396.0
396.0
396.0
397.0
396.0
396.0
396.5
396.5
396.5
396.5
399.0
400.0
399.0
390.5
399.5
400.5
401.0
397.0
397.5
398.5
400.0
399.5
402.0
402.0
399.0
398.5
398.5
398.5
396.0
400.0
400.0
399.5
399.0
398.0
397.0
398.0
401.0
403.5
403.5
402.0
402.0
414.0
410.5
411.5
420.0
412.5
422.0
414.0
415.0
415.0
414.5
419.0
416.5
416.5
418.0
418.5
420.5
413.5
413.0
413.0
411.5
411.0
410.5
414.0
414.0
414.5
414.5
412.5
408.5
407.0
410.0
410.0
408.0
408.0
408.0
406.5
406.5
406.5
406.5
407.0
407.0
405.5
405.5
406.5
406.0
412.0
423.0
419.0
421.0
424.0
424.5
424.5
423.5
420.5
418.0
421.0
422.0
422.0
420.0
424.0
418.5
433.0
430.0
433.0
427.0
428.5
427.0
433.5
422.0
426.5
424.0
422.0
421.5
421.0
420.0
419.0
426.0
421.0
427.5
421.5
427.5
435.0
434.5
426.0
425.0
422.0
424.5
423.0
420.0
412.0
419.5
419.0
416.0
408.0
412.5
413.5
420.5
418.0
418.0
413.5
405.5
405.0
405.0
410.0
400.5
405.0
405.0
396.5
397.0
397.0
405.5
405.0
405.0
400.0
411.0
401.0
401.0
406.0
398.0
402.5
415.0
406.0
400.0
401.0
395.0
400.0
400.0
402.0
408.5
408.5
407.5
384.5
390.5
403.5
412.5
404.5
410.5
399.0
399.0
404.5
402.0
404.5
406.5
405.0
419.0
417.0
417.5
413.0
407.5
409.0
403.0
406.0
407.0
407.5
406.0
403.0
407.0
407.0
403.5
410.0
405.0
408.5
407.0
407.5
404.5
403.0
405.0
403.5
402.0
403.5
403.5
403.5
405.5
405.5
406.0
406.0
405.0
406.0
406.5
406.0
406.0
402.5
405.0
406.0
404.0
404.5
404.0
404.5
406.5
407.0
408.0
408.0
408.5
404.0
403.0
402.0
401.0
400.0
400.0
399.0
399.0
402.5
399.0
399.0
399.0
400.0
404.0
400.0
405.0
403.0
403.0
403.0
403.0
400.5
400.5
400.0
399.5
399.5
400.0
404.5
404.5
399.0
399.0
398.5
400.5
396.0
395.0
395.0
398.5
391.0
396.0
397.0
398.0
399.0
399.0
400.0
395.5
399.5
399.5
397.0
393.5
393.5
392.5
388.5
390.0
393.0
393.5
393.5
395.5
396.0
396.0
395.5
394.0
392.5
392.5
392.5
392.0
392.5
390.5
390.0
390.0
390.0
390.0
388.0
389.0
389.0
387.0
389.5
387.0
417.0
402.5
398.0
399.5
395.0
403.5
407.5
404.0
403.5
404.0
401.5
401.5
401.5
400.0
400.0
400.0
398.0
399.0
398.0
393.0
395.0
395.0
395.0
398.0
399.0
395.0
396.0
392.0
392.0
394.0
391.5
396.0
390.0
389.0
393.0
393.0
388.0
388.0
387.0
390.0
390.5
391.0
390.5
390.5
392.5
392.5
393.0
388.0
390.0
392.0
392.0
388.0
388.0
388.0
391.5
391.0
387.5
392.0
388.5
393.5
394.0
390.0
391.5
395.0
395.0
391.5
391.0
391.0
393.5
396.0
395.0
396.0
396.0
397.0
398.5
399.0
399.0
394.0
398.0
399.0
391.0
396.0
395.5
392.0
391.0
385.5
394.0
394.5
394.5
387.5
387.0
387.5
386.5
387.5
385.5
387.5
385.5
388.0
388.0
388.0
388.0
388.0
388.0
388.0
388.0
387.5
390.0
390.5
392.0
392.5
392.5
391.0
391.5
392.0
392.5
392.0
392.0
392.5
394.0
394.0
395.0
396.0
395.0
395.0
396.0
396.0
396.0
397.0
387.5
390.5
391.5
392.0
392.0
393.0
393.5
394.0
394.0
394.0
390.5
392.0
390.5
390.0
394.0
394.5
394.0
394.0
394.0
392.5
394.0
391.0
392.5
393.0
390.5
389.5
393.5
393.5
394.0
396.0
390.0
394.5
394.0
395.5
396.5
396.5
387.5
392.5
391.0
391.0
392.0
392.0
392.0
392.0
392.0
392.0
392.0
392.5
394.5
391.0
396.0
392.5
395.0
394.5
394.5
393.0
392.0
397.0
397.0
397.0
393.0
393.0
395.5
395.0
397.0
394.5
392.5
392.5
392.5
393.0
393.0
392.0
392.5
391.5
393.0
393.0
391.0
390.5
390.5
390.5
390.5
393.5
393.0
392.5
392.5
392.5
392.5
393.0
393.0
393.5
394.5
394.5
394.0
393.5
393.0
390.5
396.0
393.5
393.5
393.5
393.0
391.0
391.0
395.5
392.0
393.5
393.0
392.0
391.5
394.5
392.0
393.5
392.5
392.0
393.0
394.0
394.5
395.0
394.5
395.0
394.5
396.0
393.5
395.5
395.5
393.0
395.5
396.5
395.0
395.0
394.5
394.5
395.0
391.0
394.0
394.0
395.0
392.5
391.5
394.5
392.0
392.0
391.5
395.0
394.5
392.0
395.0
396.0
395.0
393.5
394.5
391.5
394.5
394.5
392.0
394.5
391.5
392.0
392.0
391.0
391.5
392.0
391.0
392.0
391.0
392.0
392.5
392.5
393.0
391.0
392.5
397.5
391.5
391.5
391.5
393.0
387.0
387.0
388.5
390.5
390.0
390.0
390.5
391.0
390.5
387.0
386.5
387.5
387.0
387.5
388.5
387.5
387.5
388.5
390.0
389.5
388.5
386.0
388.5
388.5
390.5
385.0
385.5
385.5
383.0
390.0
391.0
390.5
388.0
390.0
391.0
391.0
389.0
389.0
389.0
390.0
391.0
390.5
390.5
392.5
392.5
392.5
392.5
384.0
386.0
386.0
386.0
386.5
390.0
389.0
388.0
387.0
386.0
389.5
389.0
385.5
385.5
384.0
385.5
386.5
387.0
387.0
384.5
385.5
388.5
388.5
388.5
390.5
390.5
394.0
394.5
393.0
392.5
390.5
391.0
389.0
393.0
393.0
393.0
393.5
395.0
395.0
395.0
391.0
401.0
413.0
420.0
412.5
414.0
410.5
424.0
417.5
413.5
431.5
447.0
583.0
593.0
593.0
593.0
593.0
600.0
530.0
515.0
511.5
514.5
508.5
500.5
497.5
480.0
479.5
489.0
486.0
481.0
485.0
487.5
481.5
484.0
486.5
487.0
468.0
470.0
465.5
462.0
461.5
467.5
466.0
465.5
462.0
468.0
461.5
465.5
468.5
465.5
465.5
459.0
460.0
468.5
462.0
459.0
459.5
459.0
462.5
462.5
460.5
460.0
472.0
498.0
491.0
484.5
484.5
489.5
489.0
490.0
481.5
481.5
487.0
482.0
480.0
467.5
485.0
485.5
484.0
477.0
479.5
473.0
470.0
467.0
464.5
465.0
465.5
465.0
466.0
464.0
461.0
459.0
450.0
449.0
438.5
433.0
437.5
440.5
440.0
448.0
439.5
438.0
448.0
443.0
446.5
443.5
445.5
448.5
449.5
445.0
452.0
452.0
452.0
446.0
441.0
447.0
441.0
440.0
443.5
443.5
440.0
441.0
438.0
438.5
438.0
434.5
440.5
440.5
435.5
447.5
447.5
448.0
449.5
442.5
445.5
438.0
438.0
433.0
438.0
436.0
438.0
438.0
433.5
434.5
434.0
434.0
438.5
435.0
433.5
433.5
433.5
433.5
433.5
431.0
431.0
438.5
433.5
436.0
437.0
437.5
436.0
436.5
436.5
433.0
435.0
430.5
430.0
435.5
430.5
434.0
432.0
432.0
431.0
432.0
433.0
432.5
439.5
437.0
437.0
435.5
444.5
445.5
447.5
448.5
440.0
442.0
443.5
438.5
444.0
444.5
445.5
445.5
447.5
453.0
452.0
454.0
484.5
465.0
463.0
474.5
466.0
466.0
476.5
479.5
480.0
475.0
472.0
472.0
467.5
465.0
457.5
458.0
451.0
449.5
449.0
446.0
453.5
453.5
450.5
456.0
449.0
445.0
451.0
451.0
446.5
449.0
451.0
448.5
444.5
447.0
455.0
457.5
458.0
458.0
461.5
455.0
446.0
454.0
453.5
445.5
449.5
445.5
448.0
452.0
446.0
446.0
450.0
452.0
448.0
454.5
460.5
460.5
461.5
476.0
476.0
468.0
466.5
466.5
462.5
462.5
452.0
460.5
453.0
452.5
471.5
470.0
471.5
465.0
475.0
466.0
475.5
465.0
482.5
483.5
468.0
470.0
470.0
476.5
476.0
484.5
475.0
474.5
484.5
473.0
473.0
474.5
478.5
473.5
478.0
475.0
471.5
472.5
469.5
464.5
464.0
464.0
478.5
470.5
473.0
469.5
466.5
470.0
469.0
468.5
460.5
463.0
461.5
467.0
461.0
460.0
460.5
464.0
454.5
454.0
451.5
456.0
462.0
454.0
454.0
458.5
458.5
458.5
462.0
462.5
462.5
473.0
470.0
465.0
463.5
467.0
467.5
469.0
469.5
465.0
468.0
468.0
469.0
458.5
457.0
464.0
461.5
461.5
456.0
455.0
451.5
446.0
450.0
450.0
448.0
448.0
447.5
455.0
455.0
454.0
449.0
455.5
455.5
455.0
453.0
446.5
451.0
450.5
450.0
453.0
447.5
445.0
442.5
441.5
447.0
447.5
447.5
440.0
442.0
445.0
445.0
448.5
440.5
444.5
444.5
444.0
444.0
440.5
444.0
439.5
438.5
444.0
444.0
444.0
446.0
444.0
439.0
441.5
445.0
444.0
447.5
447.5
448.0
448.0
448.0
439.5
441.0
443.5
444.0
437.0
439.5
443.0
467.5
466.5
463.5
466.0
463.5
465.5
475.5
478.5
463.0
460.5
455.0
455.5
455.5
456.0
459.0
456.0
452.5
451.0
455.5
453.5
454.0
454.0
454.5
457.0
451.5
450.0
455.5
451.0
451.0
449.0
447.5
447.0
445.5
445.0
443.0
443.0
443.0
446.5
440.0
444.5
444.5
441.0
441.0
439.5
439.5
439.5
439.5
438.5
438.5
438.5
439.5
461.0
459.5
458.0
456.5
453.0
455.0
456.5
455.5
453.0
464.0
461.0
461.0
461.5
461.5
461.0
455.5
455.5
451.5
451.5
453.5
453.5
460.5
454.5
455.5
455.5
453.0
466.0
466.0
458.0
461.0
453.0
458.5
451.5
453.0
454.0
454.0
454.5
450.5
451.0
461.0
461.0
459.0
454.5
460.0
459.5
460.0
462.5
463.0
463.0
451.0
453.5
456.0
455.5
455.5
456.5
452.0
455.5
452.0
452.0
452.0
455.0
458.5
453.5
454.0
453.5
452.5
461.5
451.5
452.5
453.0
462.0
454.0
453.5
453.0
452.5
456.0
456.0
456.0
455.0
454.5
457.5
454.0
452.0
453.0
455.0
461.0
456.0
452.5
455.0
454.5
456.0
454.0
454.5
454.5
450.5
455.0
458.5
455.5
455.0
452.0
454.0
454.0
455.5
455.0
456.5
457.0
453.0
453.0
453.0
457.0
457.0
456.5
450.5
455.0
450.5
454.0
448.0
451.0
448.0
450.5
450.5
448.5
449.0
457.0
455.5
462.0
457.0
455.0
453.5
457.0
455.5
455.5
455.5
451.5
454.5
451.5
456.0
458.0
460.0
451.0
456.5
454.0
458.0
461.5
457.5
459.0
456.0
464.0
459.5
461.5
459.5
464.0
459.0
464.0
459.5
460.0
460.0
459.0
462.0
461.5
461.5
461.5
461.5
462.0
457.5
464.0
462.5
467.0
467.0
466.5
467.0
459.5
458.5
459.5
459.5
461.0
461.0
459.0
459.0
457.0
459.5
454.5
460.0
457.0
461.5
460.5
459.0
455.5
455.0
455.0
455.0
454.5
455.0
461.5
465.0
466.5
466.5
468.0
465.5
470.0
472.0
465.0
465.0
467.0
461.5
466.5
468.5
468.5
460.5
473.0
472.0
471.0
470.5
469.5
470.0
469.0
468.5
467.0
459.5
459.0
466.0
459.0
466.0
465.0
464.5
464.5
465.0
466.0
458.5
465.0
467.5
467.5
467.0
462.0
462.5
459.5
458.5
460.0
460.0
460.0
450.0
457.0
458.5
458.0
458.0
456.5
466.0
458.5
458.5
462.5
462.5
462.0
457.5
459.0
459.0
456.0
456.0
460.0
460.0
455.0
455.0
460.5
455.0
458.0
455.0
455.0
461.0
454.0
454.0
454.0
462.5
464.0
464.0
462.0
464.0
468.0
462.5
462.0
461.0
467.5
464.0
458.5
483.5
476.0
475.0
477.0
474.0
470.5
471.0
472.5
466.5
466.5
469.5
474.5
472.0
468.0
471.5
472.0
475.0
470.5
470.0
469.5
470.5
478.5
471.5
477.0
484.0
476.5
485.0
480.0
480.0
480.0
476.5
476.0
476.0
483.0
481.0
482.0
485.0
479.0
473.5
470.0
475.0
477.5
468.0
467.0
465.0
465.0
468.0
469.0
468.0
464.5
468.0
468.0
465.5
465.0
469.5
462.0
467.0
464.0
464.0
466.0
469.5
468.5
470.0
470.0
470.0
466.0
466.5
466.5
470.0
470.0
467.0
468.5
467.0
464.5
473.0
477.0
469.5
469.0
469.5
469.0
473.5
473.5
469.5
469.0
469.0
469.0
468.0
468.0
472.5
489.5
487.5
506.5
495.0
495.0
486.5
497.0
493.5
491.0
489.0
488.5
486.0
486.5
485.5
488.5
486.0
489.0
494.5
487.0
488.0
486.0
489.0
486.0
489.0
489.5
489.5
480.0
488.5
485.0
479.0
479.0
474.0
477.0
479.0
480.5
473.5
478.0
478.0
474.5
479.0
475.5
475.0
474.5
478.5
473.0
478.0
476.0
477.5
473.0
477.5
473.0
480.5
480.5
477.0
481.0
480.5
476.5
477.5
476.0
475.5
476.0
479.5
476.0
479.5
476.0
471.0
482.5
481.0
481.0
483.5
483.5
486.5
486.0
478.0
476.5
475.0
474.5
474.5
474.5
474.0
473.5
472.5
471.0
474.5
472.0
472.0
477.0
477.5
472.0
473.0
475.0
475.0
475.0
470.0
471.0
475.0
475.0
476.0
476.5
477.0
477.0
475.0
472.0
472.5
472.0
472.0
472.0
472.0
475.5
475.5
471.5
470.5
469.5
465.0
471.0
467.0
470.5
474.0
474.5
474.5
475.0
475.0
475.0
477.0
472.5
475.5
476.5
469.0
473.0
474.0
473.0
470.0
470.0
467.0
467.0
469.0
468.5
473.0
476.5
477.0
477.0
469.5
476.0
476.5
471.0
474.0
473.5
475.5
474.5
474.5
476.0
470.5
470.0
474.0
468.5
468.5
473.0
469.0
465.0
465.0
465.0
466.0
465.0
465.0
466.0
466.0
465.0
467.5
464.0
473.0
472.5
470.0
470.0
469.5
459.0
459.0
461.0
467.5
468.0
468.0
465.0
460.5
462.0
459.0
460.0
462.5
458.5
457.5
462.0
462.5
463.0
463.5
465.5
469.0
473.5
468.0
459.5
468.0
468.0
464.0
464.5
464.0
457.5
457.0
458.0
459.5
456.0
463.5
483.5
479.0
485.0
477.5
482.5
477.0
472.5
472.0
470.5
470.0
470.0
470.0
466.0
470.5
468.0
469.5
470.0
470.0
470.5
468.0
463.5
471.5
472.5
473.0
474.0
472.5
479.0
470.0
479.5
480.0
476.5
478.5
470.0
470.5
470.5
475.0
478.0
470.5
472.5
469.5
476.0
471.0
475.0
469.5
474.0
473.0
476.5
472.0
470.5
475.0
472.0
474.0
475.0
463.0
462.0
472.5
468.5
471.5
471.5
471.0
472.0
474.0
475.5
477.5
469.5
464.0
472.5
472.5
464.5
470.0
473.5
473.5
472.0
468.5
465.5
465.0
465.5
463.5
468.5
466.5
462.0
465.0
465.0
465.0
464.0
466.0
464.0
469.0
469.5
469.0
469.0
469.0
468.0
461.5
472.0
469.5
469.0
468.0
468.5
468.0
467.5
455.5
470.5
465.0
465.0
462.0
468.5
469.0
465.5
463.5
468.5
466.0
466.0
466.0
466.0
470.0
466.0
464.0
465.5
465.0
457.0
466.0
461.0
463.5
466.5
464.5
467.0
467.0
460.5
461.0
490.0
493.0
504.0
494.5
492.5
505.0
505.0
516.0
515.0
603.5
585.0
607.0
600.0
580.0
584.5
589.5
557.0
544.0
513.5
518.0
517.0
518.0
517.5
514.5
513.0
514.5
517.5
523.0
512.5
511.0
515.5
498.0
509.0
508.0
508.5
509.5
499.5
507.0
498.0
495.5
495.0
509.0
504.5
500.5
499.0
501.5
511.5
509.0
501.0
502.5
502.0
500.0
502.0
502.0
503.0
499.5
495.0
500.0
495.0
502.5
502.5
500.5
500.0
495.0
492.0
495.0
499.0
495.5
495.0
498.5
498.5
495.5
495.5
492.0
495.5
495.5
499.5
502.0
508.5
522.0
514.0
516.0
516.0
514.5
515.0
524.0
523.0
521.5
516.0
516.0
513.0
520.0
528.5
530.0
525.0
535.0
545.0
569.0
548.0
558.5
549.5
545.0
550.0
549.5
545.0
545.0
542.5
529.0
522.0
522.0
527.0
526.0
520.0
526.0
525.0
525.0
520.5
520.5
521.0
520.5
532.0
525.0
520.5
524.5
520.0
512.0
512.5
514.5
514.5
514.0
514.5
514.0
508.5
502.0
512.5
508.5
507.0
500.5
500.5
497.0
498.0
512.0
511.0
507.5
501.5
502.5
507.5
511.0
511.0
521.0
518.0
512.0
513.0
524.0
527.5
527.0
521.5
519.0
524.0
524.5
511.0
510.0
510.0
513.5
509.0
513.5
521.0
522.0
524.5
516.5
513.5
515.5
514.0
512.0
510.0
512.5
516.0
512.5
512.5
495.0
496.0
505.5
506.0
501.0
505.0
506.0
500.5
500.0
502.5
496.0
497.5
496.0
497.0
499.0
491.0
497.0
500.0
503.5
505.0
503.0
495.5
501.5
496.5
497.5
497.0
496.0
495.5
494.0
494.0
495.0
492.0
499.5
501.5
501.0
499.5
500.0
500.5
500.0
502.5
500.0
485.5
488.0
485.0
485.0
486.5
490.0
490.0
490.5
490.0
488.5
490.0
494.0
493.5
498.0
495.5
499.5
497.0
497.0
495.5
490.0
492.0
494.0
499.0
502.0
507.0
512.0
514.0
502.5
509.0
513.0
508.0
510.0
508.5
500.0
503.5
501.5
503.5
499.0
499.0
502.0
502.0
502.0
505.0
504.0
518.5
512.0
524.0
520.0
522.5
521.5
521.0
507.0
510.0
507.0
496.0
513.0
513.0
510.0
505.0
510.0
505.0
509.0
503.0
506.0
509.5
509.5
509.5
512.5
508.0
506.5
501.0
501.5
506.0
507.0
509.5
510.0
512.0
501.0
503.0
507.5
507.0
506.5
509.5
503.5
502.5
507.0
508.0
508.0
500.0
499.0
503.5
503.5
496.0
497.0
508.0
502.5
500.0
501.0
508.0
509.5
504.5
509.0
529.0
519.5
519.5
535.5
535.0
531.5
528.0
525.5
534.5
530.5
531.0
540.0
540.0
533.0
528.0
532.5
532.5
539.0
530.5
524.5
522.5
523.0
525.5
533.0
533.0
530.5
530.5
529.5
527.5
519.5
513.5
511.5
509.5
515.0
507.5
507.5
512.5
507.0
507.0
506.5
506.0
513.0
513.0
514.5
509.5
509.0
515.0
515.5
511.5
520.5
520.5
524.0
524.0
519.5
518.0
526.5
526.0
526.0
522.5
516.5
517.5
518.5
518.5
524.0
526.5
523.0
525.0
525.5
520.5
532.0
552.5
545.0
547.0
544.5
550.0
550.0
555.0
553.0
555.0
552.5
552.0
550.0
550.0
539.0
534.0
534.0
529.0
526.0
531.5
530.5
530.5
532.5
560.0
552.0
552.0
554.5
555.0
555.0
558.5
550.5
540.5
532.0
534.0
535.5
530.0
522.0
528.0
526.0
514.5
509.0
511.0
511.0
512.0
513.0
513.0
513.0
514.0
514.5
509.0
514.5
514.5
513.5
513.5
514.0
507.0
512.0
513.0
510.5
510.5
510.5
507.5
508.0
510.0
506.5
506.5
502.0
504.5
504.5
507.0
507.0
510.5
510.5
501.5
501.0
504.5
491.5
488.0
493.0
481.5
480.5
485.0
490.0
492.0
490.0
479.0
472.0
469.5
475.5
475.0
475.5
476.0
483.0
484.5
481.5
475.0
475.5
479.0
475.5
475.5
474.0
479.0
480.5
475.0
492.0
486.0
482.0
483.5
490.0
479.0
485.5
481.5
481.5
481.5
482.0
482.0
483.0
483.5
483.5
483.5
475.0
477.5
473.5
470.0
466.5
468.5
468.5
469.5
473.5
469.0
477.0
471.5
472.5
472.5
473.0
472.5
474.0
471.0
473.0
481.0
471.0
470.0
487.0
481.5
480.5
480.5
480.0
486.0
483.0
480.0
480.0
474.0
473.5
475.5
472.0
478.5
481.5
484.5
486.5
481.5
477.0
476.5
484.5
476.0
470.5
470.0
470.0
470.5
476.5
479.5
476.0
476.5
477.0
480.0
482.0
483.5
482.0
477.0
477.5
482.0
477.0
475.0
467.5
472.5
469.0
463.0
469.0
460.5
461.0
458.5
455.0
458.5
455.0
467.0
458.0
457.0
457.5
465.0
467.0
467.5
464.5
463.0
452.0
460.0
462.5
462.0
452.0
452.5
458.0
458.0
453.5
459.0
454.0
450.0
452.5
445.0
445.5
440.0
441.0
440.0
440.0
439.0
438.5
440.0
447.0
452.0
454.5
454.5
454.0
444.5
452.5
449.5
452.5
448.5
448.5
448.0
446.0
443.5
443.0
451.5
452.0
446.5
453.0
452.0
446.5
450.0
447.5
447.5
447.0
447.5
447.5
447.0
447.0
445.0
444.0
448.5
445.0
445.0
440.0
440.0
440.5
446.0
446.5
445.5
447.0
450.5
452.0
452.5
455.0
454.5
465.0
460.0
468.5
473.0
472.5
478.0
474.5
482.5
479.0
478.0
477.0
472.0
477.5
480.0
474.0
484.5
477.5
476.5
480.5
474.0
481.0
481.5
477.5
474.0
473.0
472.0
475.5
475.0
475.0
475.0
472.0
475.0
475.5
475.5
472.0
472.0
472.0
470.0
471.5
471.0
471.5
463.5
461.5
468.5
455.0
457.5
455.0
455.0
454.0
452.0
450.0
453.5
444.5
450.5
434.0
443.5
449.5
447.0
435.0
439.5
436.0
435.5
422.5
434.0
446.0
446.0
445.0
446.0
446.0
443.0
455.0
437.5
440.0
447.5
447.5
447.0
447.0
447.0
447.0
443.0
443.0
440.0
444.0
430.0
421.0
424.0
416.0
424.0
424.0
417.0
415.5
412.0
417.0
416.0
412.0
404.0
427.0
425.0
426.0
426.0
418.0
424.5
424.5
427.0
430.0
421.0
430.5
435.0
436.5
437.0
436.5
430.0
436.0
439.0
440.0
430.0
447.5
436.0
444.0
440.0
430.5
431.0
433.0
427.0
432.5
430.0
413.0
417.5
418.5
417.5
417.0
423.0
416.5
417.5
421.5
422.5
417.5
413.5
417.5
413.0
418.0
416.0
420.5
418.5
419.0
423.5
424.0
420.5
419.5
430.5
415.0
417.0
422.0
417.5
417.5
417.5
417.5
417.5
417.5
421.5
421.0
422.0
418.5
418.5
418.0
431.5
425.0
424.5
421.0
422.5
428.5
421.5
426.5
427.0
435.0
420.5
429.5
430.0
420.0
418.5
426.0
426.0
420.0
427.5
427.0
430.0
437.0
423.5
417.0
420.0
404.0
408.0
414.0
410.0
403.5
409.5
403.5
400.0
390.5
390.0
380.0
400.0
399.5
371.0
398.5
400.0
400.0
400.0
324.0
285.5
317.0
317.0
317.0
316.5
314.0
314.0
333.0
394.0
360.0
398.0
397.0
313.5
366.0
365.5
365.5
365.5
305.5
350.0
350.0
329.0
349.5
335.0
342.0
338.0
338.0
348.0
340.5
348.5
358.0
358.5
397.0
387.0
383.5
400.0
383.5
390.0
389.5
390.0
389.5
402.0
397.0
398.5
396.5
397.5
395.5
390.0
394.5
392.5
390.0
400.0
394.0
393.0
391.5
391.5
392.0
391.0
391.5
396.5
395.0
396.0
399.5
400.0
385.0
395.0
395.0
393.5
393.5
391.0
399.0
384.5
392.0
394.5
388.5
394.5
390.0
388.0
393.5
394.0
394.5
394.0
394.5
388.0
385.0
392.0
394.0
395.0
387.0
391.0
388.0
385.0
384.0
384.5
392.0
388.0
382.5
379.5
379.5
379.5
379.0
379.0
374.0
375.0
375.0
374.5
374.0
374.5
374.5
374.5
380.0
374.5
374.5
373.5
370.0
365.0
366.0
363.5
363.5
363.5
368.5
364.0
368.5
367.5
366.0
370.0
370.5
363.5
363.5
374.0
365.0
366.0
370.0
374.0
373.5
367.0
370.0
374.0
364.5
371.0
363.5
364.0
364.0
345.0
356.5
356.5
361.5
359.5
354.0
355.0
357.0
364.0
355.0
358.5
358.5
355.5
369.5
354.5
355.0
358.5
356.0
355.5
359.5
362.0
370.0
357.0
357.0
358.5
359.5
359.0
357.0
357.5
378.5
370.5
378.5
375.0
375.0
380.0
382.0
372.5
371.0
365.5
372.5
365.5
369.0
371.0
363.0
369.5
367.0
358.0
358.0
353.5
353.0
367.5
363.0
359.0
363.0
357.0
351.0
351.0
351.0
347.0
351.0
351.0
352.0
348.5
343.0
343.5
345.0
347.0
347.0
345.0
347.0
346.5
343.5
343.0
349.5
356.0
357.0
355.5
353.5
359.0
355.5
352.0
352.0
352.0
355.5
359.0
358.5
351.5
351.5
351.0
349.5
349.5
349.5
345.5
345.5
349.0
357.0
361.0
356.5
355.5
355.0
353.0
354.0
360.0
360.0
350.0
348.5
342.5
342.0
342.0
352.5
352.0
353.0
353.0
349.0
355.0
355.0
350.5
348.0
342.0
348.0
348.0
349.5
349.5
349.5
349.5
347.0
352.5
350.0
349.5
343.5
345.0
344.5
344.5
345.0
345.0
352.5
343.0
343.5
345.5
344.0
345.0
338.0
345.0
344.5
337.5
338.0
338.0
340.0
340.0
341.0
338.5
338.0
342.5
344.0
336.5
344.5
337.5
344.5
345.0
340.0
341.0
340.0
336.5
344.0
337.0
340.0
338.5
342.5
342.0
342.0
342.5
338.0
342.5
343.0
344.5
340.5
340.5
344.0
345.5
345.0
342.5
342.0
346.5
349.0
343.5
350.5
349.0
346.0
348.5
345.0
347.0
348.5
348.5
347.5
347.5
344.0
341.5
340.0
342.5
338.0
347.0
346.5
346.5
332.0
340.0
343.0
341.5
341.5
341.5
341.5
340.0
340.0
342.5
340.0
348.0
346.0
352.5
348.0
348.0
344.0
345.5
345.0
351.0
346.5
343.0
343.5
344.5
344.0
344.0
326.5
