close
0.15
0.1506
0.1496
0.15
0.15
0.15
0.1504
0.15
0.15
0.1487
0.144
0.144
0.135
0.1388
0.1388
0.141
0.1497
0.1499
0.1472
0.1453
0.1498
0.149
0.148
0.1476
0.1469
0.1468
0.1457
0.14
0.1406
0.1386
0.1431
0.1431
0.1426
0.1437
0.1426
0.149
0.1425
0.1442
0.1431
0.1435
0.1402
0.1409
0.1405
0.144
0.1429
0.14
0.1402
0.1402
0.1401
0.1402
0.1391
0.1395
0.1339
0.1355
0.134
0.134
0.134
0.1668
0.1595
0.1543
0.16
0.1702
0.1796
0.165
0.158
0.1537
0.1561
0.153
0.1609
0.156
0.1519
0.1515
0.148
0.1505
0.1495
0.1425
0.1445
0.1437
0.1405
0.1444
0.1364
0.146
0.148
0.1445
0.14
0.14
0.1413
0.141
0.1425
0.1405
0.142
0.137
0.14
0.1381
0.14
0.1422
0.1408
0.141
0.141
0.1448
0.1421
0.1393
0.1373
0.1414
0.139
0.1398
0.1392
0.1415
0.144
0.141
0.1401
0.1411
0.1417
0.14
0.133
0.1324
0.1326
0.1377
0.1392
0.138
0.1319
0.1317
0.1315
0.1325
0.1331
0.1308
0.131
0.1315
0.1307
0.13
0.1309
0.1303
0.1297
0.1283
0.1288
0.1283
0.1282
0.129
0.1287
0.1286
0.1287
0.129
0.1297
0.1297
0.134
0.132
0.1325
0.1316
0.1289
0.128
0.125
0.1262
0.1249
0.129
0.1298
0.1325
0.1311
0.1293
0.1326
0.1299
0.1271
0.1287
0.1279
0.129
0.1289
0.127
0.1259
0.127
0.1274
0.1275
0.1273
0.128
0.1273
0.1273
0.1277
0.127
0.1244
0.128
0.128
0.128
0.1279
0.1285
0.1284
0.1286
0.1281
0.1261
0.127
0.1259
0.126
0.1272
0.131
0.1324
0.1293
0.1251
0.1244
0.1262
0.1278
0.1264
0.1269
0.1242
0.1206
0.119
0.1148
0.1165
0.121
0.1233
0.124
0.1228
0.1345
0.1372
0.1366
0.1221
0.1237
0.119
0.1197
0.1189
0.1189
0.1201
0.1215
0.1208
0.1216
0.1209
0.1209
0.1222
0.1229
0.1226
0.1251
0.123
0.123
0.1249
0.1248
0.127
0.123
0.1239
0.1235
0.124
0.1235
0.1238
0.1235
0.123
0.122
0.1229
0.1233
0.1211
0.121
0.1213
0.121
0.1205
0.1175
0.1068
0.1065
0.1129
0.1134
0.1133
0.1118
0.1089
0.11
0.1117
0.1117
0.11
0.1059
0.1047
0.107
0.1072
0.1076
0.1073
0.1083
0.1083
0.118
0.1228
0.124
0.121
0.1232
0.1229
0.1225
0.1257
0.1226
0.123
0.119
0.1204
0.1199
0.1218
0.1199
0.12
0.1178
0.1178
0.124
0.1195
0.12
0.12
0.1168
0.1189
0.1205
0.1229
0.1219
0.1221
0.1163
0.1164
0.1185
0.1159
0.1136
0.1143
0.1119
0.1148
0.113
0.1139
0.1128
0.114
0.114
0.112
0.1259
0.1212
0.114
0.1159
0.1152
0.1164
0.12
0.1219
0.1203
0.1229
0.1229
0.1213
0.1192
0.1212
0.1234
0.1181
0.12
0.1202
0.1212
0.1222
0.1209
0.12
0.1211
0.1216
0.123
0.124
0.1232
0.1217
0.12
0.121
0.1119
0.113
0.1102
0.113
0.1102
0.11
0.113
0.1131
0.1133
0.1118
0.1075
0.106
0.1072
0.1079
0.1097
0.1082
0.1092
0.1097
0.11
0.1111
0.1103
0.11
0.1101
0.1096
0.1088
0.1111
0.1063
0.1041
0.104
0.1072
0.108
0.1093
0.108
0.1054
0.1064
0.1044
0.1072
0.1112
0.1097
0.1107
0.1095
0.106
0.107
0.1082
0.1082
0.1098
0.1069
0.1091
0.1069
0.109
0.1102
0.1095
0.1163
0.1149
0.1178
0.1145
0.119
0.1195
0.1168
0.1168
0.1075
0.1089
0.1053
0.1057
0.1069
0.107
0.1082
0.1073
0.1082
0.1092
0.1077
0.109
0.107
0.1087
0.1083
0.1097
0.108
0.1076
0.1054
0.1056
0.1058
0.1101
0.1052
0.1057
0.1035
0.1067
0.104
0.1064
0.104
0.1066
0.1056
0.1075
0.1075
0.105
0.105
0.1054
0.1067
0.104
0.1057
0.1036
0.1045
0.1045
0.1039
0.1058
0.102
0.1025
0.1
0.1063
0.1068
0.1053
0.1058
0.1098
0.105
0.1057
0.1058
0.1058
0.1057
0.1063
0.1057
0.1039
0.102
0.1011
0.0999
0.1011
0.1022
0.1027
0.1047
0.103
0.1039
0.1038
0.103
0.1038
0.104
0.1064
0.1007
0.0998
0.1002
0.1001
0.1
0.0995
0.0965
0.0972
0.0976
0.0998
0.0973
0.0979
0.099
0.0991
0.0935
0.0935
0.0923
0.0936
0.0917
0.092
0.0933
0.0918
0.0925
0.0944
0.0939
0.0941
0.091
0.0995
0.0991
0.0999
0.099
0.0999
0.0961
0.099
0.0961
0.0946
0.095
0.0945
0.092
0.0919
0.0923
0.0936
0.0933
0.0917
0.0932
0.0947
0.096
0.0961
0.0957
0.095
0.0953
0.096
0.091
0.09
0.09
0.088
0.09
0.09
0.0915
0.092
0.09
0.0905
0.09
0.09
0.085
0.0815
0.08
0.079
0.08
0.081
0.081
0.082
0.08
0.081
0.082
0.082
0.082
0.0835
0.0825
0.081
0.0825
0.0825
0.087
0.086
0.0845
0.0805
0.081
0.0825
0.0815
0.081
0.08
0.0775
0.0795
0.079
0.0795
0.08
0.0795
0.08
0.08
0.0775
0.0775
0.075
0.0755
0.0755
0.0765
0.0775
0.076
0.077
0.08
0.079
0.08
0.079
0.0805
0.0805
0.081
0.0845
0.0845
0.0845
0.084
0.082
0.08
0.08
0.0795
0.079
0.0795
0.0815
0.081
0.082
0.0825
0.083
0.0835
0.082
0.0815
0.082
0.081
0.0825
0.0825
0.082
0.0835
0.081
0.0805
0.0805
0.0805
0.089
0.107
0.098
0.1025
0.1
0.098
0.0985
0.104
0.1025
0.11
0.1195
0.12
0.119
0.109
0.1125
0.1125
0.112
0.1135
0.117
0.1095
0.1195
0.12
0.118
0.1165
0.1085
0.1145
0.1135
0.105
0.1095
0.1075
0.1075
0.1075
0.1075
0.085
0.089
0.0975
0.095
0.0885
0.0875
0.085
0.085
0.09
0.086
0.085
0.0845
0.084
0.0815
0.0825
0.08
0.081
0.0825
0.0775
0.077
0.0785
0.079
0.079
0.081
0.077
0.079
0.08
0.0785
0.0775
0.0765
0.0775
0.078
0.076
0.076
0.0785
0.078
0.076
0.076
0.0745
0.077
0.0795
0.078
0.076
0.0785
0.0785
0.0775
0.077
0.077
0.078
0.079
0.077
0.078
0.08
0.081
0.0785
0.0785
0.078
0.0795
0.0775
0.078
0.0775
0.078
0.077
0.0755
0.08
0.076
0.079
0.075
0.074
0.072
0.074
0.078
0.075
0.076
0.075
0.074
0.074
0.075
0.076
0.0795
0.0775
0.0795
0.0765
0.076
0.075
0.076
0.073
0.0765
0.075
0.0755
0.0755
0.075
0.075
0.074
0.072
0.0735
0.0775
0.075
0.075
0.0725
0.073
0.072
0.074
0.0735
0.075
0.08
0.0775
0.0765
0.0785
0.079
0.0785
0.0775
0.0775
0.0775
0.076
0.078
0.079
0.0755
0.0805
0.08
0.079
0.0775
0.084
0.08
0.079
0.077
0.077
0.0765
0.0775
0.077
0.0765
0.076
0.0775
0.0795
0.08
0.076
0.075
0.077
0.078
0.0785
0.079
0.0775
0.0785
0.0765
0.077
0.078
0.078
0.077
0.077
0.076
0.0775
0.0765
0.077
0.076
0.0765
0.0765
0.076
0.076
0.0755
0.076
0.0755
0.0755
0.076
0.076
0.0755
0.076
0.076
0.0755
0.0765
0.076
0.0765
0.076
0.077
0.0775
0.08
0.08
0.081
0.0825
0.085
0.086
0.082
0.08
0.081
0.0805
0.0815
0.08
0.079
0.0795
0.08
0.077
0.0785
0.076
0.0765
0.0785
0.078
0.078
0.0765
0.078
0.078
0.079
0.0785
0.0815
0.079
0.0795
0.08
0.0815
0.0815
0.085
0.085
0.0845
0.0855
0.0845
0.0815
0.081
0.08
0.078
0.08
0.0785
0.0795
0.075
0.0755
0.0735
0.0735
0.073
0.0775
0.08
0.0795
0.078
0.073
0.0725
0.0725
0.0715
0.0735
0.072
0.071
0.071
0.071
0.0725
0.069
0.0695
0.0695
0.07
0.071
0.0715
0.071
0.069
0.07
0.069
0.062
0.062
0.0635
0.064
0.0625
0.062
0.061
0.061
0.0575
0.0615
0.06
0.061
0.061
0.0605
0.061
0.0605
0.0655
0.065
0.064
0.066
0.066
0.066
0.0645
0.063
0.063
0.066
0.0665
0.062
0.061
0.0625
0.061
0.061
0.0615
0.062
0.064
0.062
0.0615
0.06
0.0595
0.059
0.0605
0.061
0.0605
0.06
0.059
0.0595
0.0595
0.0595
0.0595
0.0585
0.059
0.058
0.054
0.0535
0.0445
0.048
0.0425
0.0365
0.035
0.0385
0.042
0.04
0.0425
0.038
0.0365
0.038
0.038
0.038
0.039
0.0395
0.041
0.045
0.043
0.0435
0.044
0.0465
0.04
0.04
0.0405
0.0385
0.05
0.05
0.0445
0.046
0.046
0.0455
0.0445
0.045
0.047
0.0485
0.05
0.055
0.0575
0.057
0.0585
0.055
0.057
0.0575
0.058
0.055
0.055
0.0575
0.055
0.0575
0.0515
0.053
0.0465
0.046
0.0455
0.047
0.046
0.046
0.0475
0.047
0.046
0.0475
0.0455
0.0455
0.045
0.046
0.0465
0.046
0.046
0.047
0.047
0.047
0.047
0.0465
0.0455
0.0455
0.046
0.0455
0.0455
0.0455
0.0455
0.047
0.044
0.0425
0.043
0.0425
0.043
0.042
0.043
0.0435
0.043
0.045
0.0565
0.0505
0.06
0.06
0.06
0.06
0.06
0.065
0.0615
0.058
0.0595
0.058
0.0575
0.0555
0.056
0.054
0.0555
0.0565
0.0545
0.0545
0.055
0.055
0.0555
0.0555
0.056
0.0555
0.054
0.053
0.052
0.053
0.0525
0.0525
0.0535
0.0535
0.054
0.0535
0.054
0.054
0.0545
0.0545
0.0545
0.0545
0.054
0.05
0.052
0.0515
0.052
0.0515
0.051
0.052
0.0515
0.051
0.0505
0.0495
0.0495
0.0485
0.0505
0.05
0.0515
0.052
0.0495
0.0505
0.051
0.051
0.051
0.0505
0.0515
0.0515
0.052
0.052
0.052
0.0515
0.052
0.052
0.0505
0.0515
0.0515
0.0515
0.052
0.0525
0.052
0.052
0.052
0.0525
0.0505
0.0505
0.051
0.052
0.052
0.052
0.051
0.051
0.051
0.0525
0.052
0.052
0.0515
0.05
0.0515
0.0515
0.052
0.051
0.0515
0.0515
0.0515
0.052
0.0515
0.052
0.051
0.051
0.051
0.0515
0.0515
0.051
0.051
0.0505
0.0525
0.0515
0.0505
0.051
0.0505
0.0515
0.0505
0.0515
0.0515
0.0515
0.052
0.051
0.0515
0.059
0.0645
0.0715
0.0715
0.0715
0.0715
0.071
0.0715
0.0715
0.0665
0.062
0.067
0.0715
0.071
0.0805
0.077
0.071
0.07
0.0725
0.0615
0.062
0.0625
0.062
0.062
0.0615
0.0615
0.0615
0.061
0.0615
0.06
0.0615
0.06
0.06
0.0605
0.0605
0.061
0.0605
0.0605
0.0615
0.0615
0.062
0.0625
0.062
0.062
0.0615
0.0615
0.0615
0.06
0.0595
0.0615
0.0615
0.0615
0.0615
0.061
0.0605
0.059
0.0605
0.0605
0.061
0.061
0.0605
0.06
0.061
0.062
0.0605
0.0605
0.0625
0.062
0.06
0.0605
0.061
0.061
0.064
0.0605
0.061
0.0605
0.06
0.061
0.0605
0.0605
0.06
0.062
0.063
0.0625
0.0615
0.0615
0.062
0.0625
0.0615
0.063
0.061
0.0625
0.0615
0.0625
0.062
0.0615
0.062
0.063
0.0635
0.0645
0.0765
0.078
0.0715
0.073
0.071
0.07
0.079
0.0725
0.074
0.0725
0.0715
0.07
0.07
0.0695
0.069
0.0685
0.071
0.0695
0.069
0.07
0.0705
0.069
0.0685
0.069
0.07
0.07
0.0695
0.0695
0.0695
0.067
0.068
0.068
0.067
0.0685
0.066
0.067
0.0675
0.068
0.067
0.0665
0.067
0.0725
0.0695
0.07
0.071
0.071
0.0695
0.069
0.0685
0.069
0.0675
0.0685
0.068
0.068
0.07
0.069
0.068
0.067
0.0685
0.0685
0.0685
0.068
0.069
0.0695
0.0685
0.068
0.0685
0.069
0.068
0.0685
0.069
0.069
0.0695
0.0695
0.0695
0.07
0.0705
0.07
0.0705
0.07
0.071
0.069
0.066
0.0665
0.067
0.0675
0.0675
0.0675
0.0675
0.0675
0.069
0.07
0.0695
0.0695
0.069
0.0695
0.069
0.069
0.07
0.0705
0.0685
0.0685
0.0685
0.069
0.0695
0.0685
0.069
0.069
0.068
0.069
0.0685
0.0675
0.068
0.0685
0.068
0.068
0.068
0.0675
0.0705
0.0705
0.069
0.069
0.0695
0.07
0.0695
0.0695
0.069
0.068
0.0675
0.0675
0.066
0.0655
0.0655
0.066
0.0655
0.066
0.066
0.066
0.067
0.0665
0.0675
0.067
0.065
0.0655
0.065
0.065
0.065
0.065
0.0655
0.065
0.066
0.0655
0.065
0.064
0.064
0.065
0.065
0.065
0.0655
0.0645
0.064
0.064
0.063
0.062
0.062
0.0625
0.062
0.0625
0.06
0.059
0.06
0.061
0.0595
0.06
0.0595
0.0605
0.0605
0.0605
0.0615
0.062
0.0625
0.058
0.053
0.056
0.0555
0.0575
0.057
0.0585
0.06
0.0575
0.0535
0.056
0.0565
0.053
0.054
0.054
0.0555
0.056
0.056
0.0555
0.055
0.056
0.056
0.057
0.0565
0.0565
0.055
0.055
0.054
0.055
0.0545
0.054
0.054
0.054
0.054
0.0545
0.055
0.055
0.0545
0.0545
0.0555
0.054
0.0535
0.0535
0.053
0.053
0.054
0.052
0.0525
0.053
0.0525
0.0525
0.052
0.051
0.052
0.052
0.0505
0.054
0.052
0.0515
0.051
0.051
0.0515
0.0515
0.0515
0.0525
0.053
0.0525
0.0525
0.054
0.0515
0.055
0.0535
0.053
0.054
0.0545
0.054
0.0545
0.054
0.0545
0.0535
0.0535
0.0535
0.054
0.0535
0.054
0.054
0.053
0.054
0.054
0.055
0.0535
0.053
0.0535
0.054
0.0545
0.054
0.0535
0.0535
0.053
0.0535
0.0545
0.0605
0.0585
0.0565
0.0575
0.0615
0.0615
0.0635
0.0675
0.0715
0.07
0.0695
0.068
0.065
0.0665
0.0635
0.066
0.0645
0.065
0.0625
0.0635
0.0625
0.064
0.064
0.0625
0.0625
0.0635
0.062
0.064
0.061
0.0625
0.062
0.061
0.062
0.061
0.061
0.062
0.061
0.0535
0.055
0.0555
0.055
0.054
0.055
0.0565
0.0565
0.057
0.0565
0.062
0.0615
0.0595
0.061
0.0695
0.0705
0.069
0.068
0.0705
0.067
0.0635
0.064
0.0635
0.062
0.064
0.065
0.0665
0.069
0.0675
0.0675
0.0645
0.0655
0.0645
0.063
0.0655
0.0625
0.0625
0.062
0.062
0.0615
0.0615
0.063
0.061
0.0615
0.061
0.0605
0.061
0.0625
0.062
0.062
0.0615
0.06
0.06
0.0595
0.0585
0.0615
0.06
0.0595
0.0605
0.062
0.0615
0.062
0.062
0.062
0.0635
0.066
0.0645
0.0635
0.062
0.0625
0.0635
0.0655
0.064
0.063
0.063
0.0625
0.061
0.061
0.0615
0.062
0.062
0.0615
0.0605
0.0595
0.059
0.06
0.06
0.0595
0.0585
0.058
0.059
0.0585
0.059
0.0585
0.059
0.06
0.06
0.059
0.0595
0.06
0.059
0.0595
0.06
0.0605
0.0595
0.061
0.063
0.064
0.061
0.0605
0.06
0.0615
0.061
0.059
0.06
0.0575
0.0575
0.0595
0.0595
0.0595
0.0585
0.0595
0.0615
0.06
0.06
0.061
0.06
0.0595
0.06
0.0615
0.0605
0.061
0.0605
0.0605
0.0605
0.0605
0.0615
0.06
0.061
0.061
0.0615
0.06
0.06
0.06
0.06
0.06
0.0595
0.0595
0.059
0.0595
0.06
0.0585
0.059
0.0585
0.0585
0.059
0.0605
0.0605
0.0605
0.0605
0.06
0.06
0.06
0.0595
0.0605
0.06
0.059
0.0595
0.0595
0.059
0.0585
0.0585
0.0595
0.059
0.059
0.0575
0.058
0.0585
0.058
0.0585
0.0585
0.06
0.0595
0.059
0.0595
0.0585
0.0595
0.059
0.059
0.059
0.0595
0.0595
0.059
0.059
0.0595
0.0585
0.0585
0.0575
0.0585
0.0585
0.058
0.057
0.058
0.0575
0.0575
0.057
0.061
0.0615
0.0625
0.063
0.0625
0.061
0.0625
0.063
0.061
0.062
0.062
0.0605
0.06
0.063
0.061
0.06
0.062
0.062
0.061
0.0615
0.0615
0.0615
0.0615
0.0635
0.0615
0.061
0.0625
0.064
0.0615
0.0635
0.065
0.0645
0.063
0.064
0.063
0.063
0.064
0.064
0.0635
0.063
0.062
0.0615
0.0635
0.062
0.059
0.0605
0.0605
0.0605
0.0605
0.061
0.06
0.0605
0.0605
0.0605
0.0615
0.0615
0.0615
0.0615
0.061
0.061
0.0615
0.0615
0.061
0.06
0.061
0.0615
0.061
0.0615
0.063
0.0625
0.0615
0.0605
0.062
0.061
0.062
0.061
0.0585
0.0615
0.0615
0.0615
0.0605
0.061
0.0615
0.0605
0.0605
0.0615
0.0615
0.061
0.0585
0.0585
0.0595
0.0595
0.0595
0.059
0.06
0.06
0.061
0.059
0.059
0.0595
0.0595
0.06
0.0595
0.0595
0.06
0.06
0.061
0.061
0.061
0.0585
0.0575
0.058
0.0585
0.058
0.0575
0.0575
0.058
0.058
0.0575
0.057
0.0565
0.0585
0.059
0.0595
0.06
0.06
0.0595
0.0595
0.0595
0.058
0.0585
0.0585
0.058
0.058
0.059
0.059
0.059
0.058
0.059
0.058
0.0575
0.0575
0.0575
0.058
0.058
0.058
0.058
0.0565
0.0575
0.0555
0.0545
0.0545
0.057
0.0565
0.0555
0.0555
0.056
0.0585
0.059
0.0585
0.058
0.056
0.0565
0.056
0.0565
0.056
0.0565
0.057
0.055
0.055
0.0535
0.053
0.0555
0.0535
0.0535
0.054
0.053
0.054
0.0545
0.054
0.0525
0.0535
0.0525
0.0545
0.0545
0.0535
0.053
0.0535
0.054
0.0545
0.0535
0.0535
0.0535
0.053
0.053
0.0535
0.0535
0.0525
0.053
0.053
0.0525
0.054
0.0525
0.053
0.0535
0.053
0.053
0.053
0.0525
0.052
0.052
0.0525
0.0535
0.053
0.053
0.053
0.0525
0.053
0.0535
0.0545
0.054
0.0545
0.054
0.055
0.0545
0.0535
0.0535
0.0535
0.0535
0.053
0.053
0.053
0.0525
0.054
0.0535
0.0535
0.0545
0.051
0.0525
0.051
0.0525
0.0465
0.051
0.05
0.0505
0.0495
0.05
0.05
0.05
0.0505
0.05
0.0505
0.05
0.0505
0.051
0.049
0.0485
0.0475
0.049
0.048
0.048
0.0485
0.047
0.0475
0.048
0.048
0.0485
0.0485
0.0475
0.0475
0.0475
0.048
0.0465
0.0455
0.0445
0.0445
0.046
0.0455
0.0455
0.046
0.0455
0.045
0.0455
0.0435
0.0415
0.043
0.042
0.042
0.042
0.0415
0.0415
0.042
0.0415
0.043
0.0425
0.043
0.0445
0.0445
0.0435
0.044
0.044
0.0435
0.044
0.0435
0.044
0.045
0.0465
0.05
0.052
0.0515
0.0495
0.0495
0.0505
0.05
0.0485
0.0475
0.048
0.0475
0.0475
0.046
0.0475
0.0475
0.047
0.047
0.0475
0.048
0.048
0.05
0.05
0.049
0.049
0.049
0.048
0.048
0.048
0.0485
0.047
0.048
0.0475
0.0475
0.0475
0.048
0.047
0.048
0.049
0.049
0.0475
0.048
0.048
0.0505
0.0495
0.048
0.048
0.048
0.0475
0.048
0.048
0.0475
0.051
0.048
0.048
0.048
0.0485
0.0495
0.0495
0.0495
0.0485
0.048
0.048
0.048
0.049
0.049
0.048
0.049
0.049
0.0485
0.048
0.047
0.0495
0.049
0.0485
0.047
0.048
0.047
0.0475
0.0475
0.0465
0.0465
0.045
0.045
0.0445
0.045
0.045
0.0455
0.045
0.044
0.0445
0.044
0.044
0.0445
0.0455
0.0455
0.047
0.046
0.046
0.0455
0.0455
0.0455
0.045
0.0445
0.0435
0.0445
0.044
0.0445
0.0445
0.0445
0.044
0.0435
0.043
0.0435
0.0435
0.0425
0.0425
0.0435
0.043
0.0415
0.0415
0.042
0.0415
0.043
0.043
0.043
0.0435
0.043
0.042
0.042
0.0415
0.0425
0.0425
0.0425
0.042
0.0425
0.0425
0.042
0.0425
0.042
0.042
0.042
0.0425
0.042
0.0425
0.0425
0.042
0.0425
0.0425
0.043
0.0435
0.043
0.0425
0.0425
0.0425
0.0425
0.0425
0.042
0.042
0.0425
0.043
0.042
0.042
0.042
0.042
0.0415
0.042
0.043
0.0425
0.043
0.042
0.043
0.042
0.0425
0.0425
0.043
0.0425
0.042
0.0425
0.0425
0.042
0.042
0.042
0.042
0.042
0.042
0.042
0.042
0.042
0.0415
0.0415
0.0415
0.0415
0.0415
0.041
0.041
0.041
0.0415
0.041
0.0415
0.0415
0.0425
0.043
0.0435
0.0435
0.0435
0.0435
0.044
0.043
0.0435
0.044
0.044
0.044
0.044
0.044
0.044
0.043
0.0425
0.042
0.0425
0.0415
0.042
0.042
0.042
0.042
0.042
0.0425
0.042
0.042
0.0415
0.041
0.042
0.042
0.042
0.042
0.042
0.042
0.042
0.0415
0.042
0.0415
0.0415
0.0415
0.0415
0.0415
0.0415
0.0415
0.0415
0.0415
0.0415
0.041
0.0415
0.0415
0.041
0.041
0.041
0.041
0.041
0.041
0.041
0.041
0.04
0.039
0.039
0.0395
0.039
0.0395
0.04
0.04
0.0395
0.0405
0.04
0.04
0.04
0.04
0.0415
0.0415
0.0415
0.0415
0.0405
0.0405
0.04
0.0405
0.039
0.04
0.04
0.04
0.04
0.04
0.04
0.04
0.0405
0.0415
0.041
0.041
0.041
0.04
0.0405
0.0405
0.0405
0.0405
0.041
0.041
0.0405
0.041
0.041
0.0405
0.04
0.0405
0.041
0.041
0.041
0.0405
0.04
0.0405
0.0395
0.0395
0.04
0.04
0.0395
0.04
0.04
0.04
0.0405
0.0405
0.0405
0.0405
0.04
0.04
0.04
0.0405
0.0405
0.041
0.04
0.0405
0.04
0.0405
0.0405
0.04
0.0405
0.0405
0.0405
0.0405
0.0405
0.04
0.0405
0.04
0.0405
0.0405
0.0395
0.0405
0.0405
0.0405
0.0405
0.0405
0.0405
0.0405
0.0405
0.0405
0.0405
0.0405
0.0405
0.0405
0.0405
0.0405
0.0405
0.0405
0.0405
0.0405
0.0405
0.0405
0.0405
0.0405
0.0405
0.0405
0.0405
0.0405
0.0405
0.0405
0.0405
0.0405
0.0405
0.0405
0.0405
0.04
0.039
0.039
0.04
0.04
0.04
0.0395
0.039
0.0395
0.0395
0.0395
0.0395
0.04
0.04
0.04
0.04
0.04
0.0395
0.0395
0.04
0.04
0.0395
0.0395
0.04
0.0395
0.0395
0.0395
0.0395
0.0395
0.0395
0.0395
0.0395
0.04
0.039
0.0395
0.039
0.0395
0.0395
0.0395
0.039
0.0385
0.0395
0.0395
0.0395
0.0395
0.039
0.039
0.0395
0.039
0.039
0.039
0.039
0.039
0.0395
0.039
0.039
0.0385
0.038
0.0385
0.038
0.0385
0.0385
0.0385
0.0385
0.038
0.0375
0.039
0.039
0.0385
0.0385
0.0385
0.039
0.0385
0.0385
0.0395
0.039
0.04
0.04
0.0395
0.0395
0.039
0.039
0.0395
0.0395
0.0385
0.038
0.038
0.038
0.038
0.037
0.036
0.0385
0.039
0.0385
0.038
0.0385
0.037
0.0375
0.037
0.0375
0.038
0.039
0.04
0.04
0.0395
0.0395
0.0395
0.044
0.045
0.0465
0.0485
0.055
0.055
0.055
0.055
0.055
0.0545
0.049
0.047
0.0465
0.046
0.0495
0.051
0.045
0.046
0.046
0.046
0.059
0.059
0.0595
0.06
0.06
0.059
0.0575
0.063
0.064
0.064
0.0665
0.075
0.0735
0.0735
0.085
0.0805
0.0765
0.0825
0.0695
0.081
0.0855
0.086
0.0865
0.089
0.088
0.092
0.0955
0.0965
0.1
0.112
0.1135
0.1275
0.1325
0.13
0.133
0.135
0.135
0.135
0.1485
0.18
0.1885
0.1885
0.1885
0.1885
0.1885
0.1885
0.1885
0.1885
0.2635
0.2635
0.2635
0.2635
0.2635
0.2635
0.2635
0.2635
0.3685
0.3685
0.3685
0.3685
0.3685
0.3685
0.3685
0.3685
0.405
0.3085
0.3785
0.314
0.2945
0.331
0.3375
0.4115
0.3605
0.3775
0.3805
0.3295
0.325
0.3105
0.323
0.323
0.282
0.2815
0.3085
0.25
0.252
0.26
0.25
0.265
0.245
0.228
0.2485
0.243
0.25
0.271
0.298
0.315
0.3175
0.3785
0.349
0.364
0.365
0.365
0.3785
0.3785
0.401
0.438
0.45
0.4375
0.415
0.402
0.361
0.353
0.3375
0.303
0.3
0.3275
0.322
0.307
0.312
0.29
0.269
0.278
0.278
0.3
0.314
0.3105
0.3175
0.314
0.313
0.31
0.3115
0.3075
0.306
0.303
0.3065
0.293
0.29
0.2925
0.2945
0.299
0.2965
0.293
0.2895
0.292
0.283
0.286
0.272
0.275
0.2995
0.2855
0.285
0.29
0.282
0.2695
0.2675
0.268
0.2665
0.27
0.27
0.2665
0.2625
0.262
0.262
0.2445
0.2385
0.238
0.245
0.244
0.2395
0.2385
0.239
0.239
0.2385
0.248
0.305
0.3045
0.2845
0.2755
0.286
0.281
0.2785
0.2815
0.2885
0.273
0.276
0.2735
0.2715
0.269
0.268
0.2635
0.2645
0.256
0.273
0.27
0.2783
0.2768
0.2764
0.2788
0.2796
0.277
0.2724
0.2882
0.2969
0.2875
0.2918
0.3
0.3179
0.3047
0.305
0.305
0.3005
0.3138
0.3035
0.309
0.2921
0.2988
0.2923
0.2899
0.2875
0.287
0.287
0.275
0.2767
0.2727
0.2735
0.2742
0.285
0.29
0.2826
0.285
0.3139
0.2941
0.2913
0.2907
0.2934
0.2919
0.2905
0.2892
0.2895
0.2929
0.29
0.2879
0.2762
0.2747
0.2751
0.283
0.285
0.2854
0.2915
0.3
0.2951
0.2936
0.291
0.2881
0.294
0.2902
0.295
0.288
0.2806
0.2889
0.287
0.2869
0.283
0.2825
0.2805
0.2803
0.282
0.2844
0.277
0.2798
0.2747
0.2759
0.28
0.285
0.2805
0.2791
0.2833
0.278
0.2781
0.2749
0.2776
0.28
0.2797
0.2775
0.2797
0.2785
0.2798
0.2796
0.2735
0.2742
0.2716
0.2718
0.2742
0.2745
0.2732
0.2662
0.2663
0.2664
0.262
0.2638
0.263
0.2628
0.2616
0.2631
0.262
0.2651
0.2665
0.262
0.262
0.2598
0.2624
0.2512
0.273
0.272
0.265
0.2612
0.2625
0.2568
0.2535
0.2566
0.26
0.2649
0.2694
0.2703
0.2607
0.2625
0.259
0.2595
0.2618
0.263
0.2599
0.2629
0.263
0.266
0.26
0.257
0.2584
0.255
0.2514
0.2488
0.2462
0.248
0.2488
0.25
0.2433
0.2441
0.2829
0.297
0.2949
0.288
0.2826
0.2735
0.2843
0.285
0.274
0.2739
0.275
0.271
0.272
0.2696
0.2748
0.2724
0.2717
0.2655
0.2642
0.267
0.2601
0.2594
0.2622
0.2628
0.2645
0.2649
0.26
0.2629
0.2613
0.2615
0.2605
0.2596
0.2589
0.2611
0.2597
0.2614
0.26
0.2583
0.2595
0.2588
0.26
0.2598
0.26
0.2613
0.2604
0.2583
0.2603
0.2587
0.2617
0.2605
0.2589
0.2597
0.2575
0.258
0.2577
0.2542
0.2555
0.2539
0.2529
0.257
0.253
0.2547
0.252
0.2515
0.2549
0.2541
0.2569
0.2565
0.2574
0.254
0.2548
0.253
0.2536
0.2559
0.258
0.255
0.2548
0.2534
0.2531
0.2534
0.2523
0.252
0.2502
0.25
0.2494
0.2479
0.2528
0.2517
0.2498
0.2488
0.25
0.2499
0.2439
0.2407
0.2438
0.245
0.2459
0.242
0.2428
0.2396
0.2401
0.2417
0.2419
0.2449
0.245
0.2415
0.2395
0.2399
0.2394
0.2419
0.24
0.2427
0.2437
0.2445
0.2462
0.246
0.2445
0.2425
0.2439
0.2683
0.303
0.2999
0.2956
0.2853
0.2858
0.2893
0.2944
0.2944
0.2938
0.2899
0.2827
0.2858
0.2836
0.2827
0.283
0.2814
0.2801
0.2816
0.2784
0.282
0.2758
0.2766
0.2828
0.2824
0.2815
0.2848
0.2814
0.2806
0.2815
0.2824
0.2763
0.274
0.2759
0.2748
0.2793
0.2769
0.2768
0.2769
0.2768
0.2769
0.2788
0.2791
0.2797
0.28
0.277
0.2779
0.2794
0.285
0.285
0.2876
0.3098
0.2994
0.295
0.2937
0.2903
0.2893
0.2911
0.2889
0.2885
0.286
0.288
0.2888
0.2875
0.2856
0.2838
0.284
0.2817
0.2804
0.2838
0.2865
0.2845
0.2867
0.2869
0.2858
0.2849
0.2805
0.277
0.2876
0.295
0.3071
0.2999
0.282
0.2823
0.283
0.2827
0.2838
0.2804
0.281
0.28
0.2804
0.2805
0.2879
0.2853
0.283
0.2804
0.2841
0.28
0.2805
0.28
0.2798
0.2786
0.2779
0.277
0.28
0.2778
0.2802
0.2771
0.28
0.2824
0.28
0.2811
0.2814
0.2805
0.279
0.2778
0.2798
0.2799
0.2805
0.2768
0.282
0.282
0.2825
0.2879
0.2875
0.2857
0.2849
0.2845
0.285
0.2815
0.282
0.2845
0.2857
0.2884
0.278
0.2777
0.2782
0.281
0.2797
0.283
0.2786
0.2796
0.2798
0.284
0.278
0.2795
0.2816
0.3048
0.2825
0.283
0.2878
0.2893
0.286
0.284
0.2839
0.281
0.2837
0.2839
0.285
0.2837
0.2845
0.2928
0.2849
0.287
0.2823
0.2821
0.2825
0.283
0.283
0.2835
0.2844
0.2828
0.285
0.2875
0.2848
0.275
0.2797
0.2782
0.2842
0.2829
0.2828
0.2807
0.284
0.2864
0.2832
0.2845
0.2842
0.284
0.2858
0.2847
0.2846
0.2857
0.2847
0.286
0.2827
0.2836
0.284
0.2817
0.281
0.2832
0.2858
0.2899
0.2873
0.283
0.3285
0.3238
0.3238
0.322
0.3149
0.3194
0.316
0.321
0.3185
0.3067
0.3088
0.312
0.3084
0.3
0.3007
0.3073
0.3109
0.311
0.3084
0.3096
0.2996
0.3005
0.3
0.3028
0.3023
0.297
0.3039
0.3099
0.3045
0.3024
0.3041
0.3044
0.3044
0.304
0.3054
0.3064
0.3063
0.3079
0.308
0.3112
0.3135
0.332
0.3298
0.3368
0.3743
0.345
0.358
0.37
0.365
0.365
0.363
0.3616
0.359
0.3644
0.3616
0.3635
0.3564
0.3544
0.357
0.3627
0.3649
0.36
0.359
0.3532
0.3553
0.366
0.3512
0.352
0.3459
0.3467
0.3457
0.3462
0.3467
0.3483
0.3499
0.3486
0.3473
0.346
0.346
0.3462
0.35
0.351
0.3499
0.3522
0.355
0.359
0.3625
0.358
0.3589
0.36
0.36
0.355
0.3544
0.3599
0.3595
0.3455
0.3469
0.3478
0.341
0.341
0.344
0.3424
0.3414
0.34
0.34
0.331
0.328
0.3349
0.3339
0.3335
0.3302
0.3288
0.3254
0.3255
0.3323
0.3304
0.3265
0.3239
0.3199
0.302
0.3033
0.3042
0.303
0.3025
0.305
0.3081
0.3069
0.3015
0.302
0.3045
0.302
0.3013
0.3011
0.3147
0.3166
0.3184
0.312
0.3144
0.3114
0.312
0.3118
0.3118
0.3065
0.3092
0.3116
0.3145
0.3137
0.3101
0.3105
0.3097
0.3107
0.3085
0.3085
0.31
0.3063
0.3075
0.3052
0.3019
0.2986
0.3013
0.2982
0.3005
0.2998
0.3
0.3017
0.304
0.3042
0.3005
0.3001
0.3009
0.3009
0.3002
0.301
0.2982
0.2975
0.2957
0.2926
0.2959
0.2959
0.2946
0.2913
0.29
0.2946
0.2972
0.295
0.2966
0.2979
0.2951
0.295
0.295
0.2972
0.2963
0.3035
0.2999
0.2976
0.3003
0.3
0.3029
0.3023
0.3033
0.3035
0.307
0.3075
0.305
0.306
0.3035
0.3038
0.3063
0.3076
0.3041
0.3055
0.3055
0.3099
0.3068
0.3067
0.3039
0.3062
0.3047
0.3059
0.301
0.299
0.3
0.3005
0.3019
0.302
0.3025
0.302
0.302
0.301
0.3004
0.3011
0.3007
0.3014
0.3028
0.3007
0.3007
0.3004
0.3009
0.3028
0.3029
0.3001
0.3029
0.3045
0.3033
0.3032
0.304
0.305
0.309
0.3084
0.3059
0.3054
0.305
0.3051
0.3065
0.3072
0.3034
0.3052
0.3118
0.3081
0.3079
0.3171
0.3134
0.3117
0.3167
0.336
0.3586
0.3569
0.3509
0.36
0.361
0.3627
0.3557
0.3584
0.352
0.3505
0.3415
0.3632
0.3629
0.3662
0.3658
0.3581
0.3578
0.3562
0.35
0.35
0.3577
0.3513
0.353
0.3498
0.36
0.3829
0.3862
0.3801
0.3894
0.3989
0.3979
0.399
0.4
0.4049
0.39
0.391
0.3909
0.3961
0.4063
0.4063
0.41
0.4098
0.4093
0.44
0.442
0.4366
0.4362
0.4437
0.487
0.4764
0.5441
0.5499
0.559
0.58
0.5547
0.5369
0.541
0.565
0.6151
0.6648
0.6732
0.6408
0.66
0.6352
0.6487
0.6455
0.6479
0.644
0.643
0.5899
0.622
0.63
0.693
0.8496
0.821
0.8391
0.88
0.8638
0.8421
0.855
0.8577
0.8806
0.9128
1.17
1.1313
1.1509
1.14
1.1449
1.22
1.2318
1.2318
1.2318
1.35
1.608
1.663
1.6794
1.709
1.6999
1.7045
1.7234
1.7234
1.7234
1.8957
2.4099
2.4099
2.3559
2.4099
2.4099
2.4099
2.4099
2.4099
2.4099
2.6509
3.0
2.0999
1.7331
2.0
2.25
2.5178
2.5504
2.4701
2.148
1.9999
2.0526
2.013
2.029
2.0
1.7999
1.9402
1.965
1.9537
1.8
1.8
1.4199
1.3489
1.4348
1.4614
1.3598
1.3196
1.23
1.0798
1.0798
0.9718
1.022
0.9355
0.9235
0.9276
0.906
0.9045
0.6799
0.6475
0.6475
0.5828
0.69
0.72
0.8221
0.8877
0.8453
0.884
0.9053
0.9053
0.9053
