close
133.0
134.7
134.0
133.01
133.25
136.0
131.5
135.0
133.0
133.0
132.0
132.0
132.0
133.0
131.0
132.01
132.01
132.0
132.0
132.0
132.0
132.0
132.99
132.99
132.0
132.0
132.0
132.0
132.0
132.0
131.0
131.5
131.5
130.0
132.99
131.0
131.0
131.0
132.47
131.0
129.0
129.0
129.0
128.0
130.0
130.0
130.0
132.49
132.4
132.5
132.5
130.0
131.0
132.0
132.0
132.0
132.0
133.11
132.0
132.0
132.0
131.11
132.5
132.0
132.49
132.0
132.5
134.0
133.0
132.0
132.0
132.0
133.0
132.0
132.0
132.0
131.0
132.0
132.0
132.0
132.0
132.0
135.0
135.0
132.0
134.0
132.0
132.0
136.0
134.93
134.92
133.59
133.0
141.0
134.0
134.0
133.0
132.0
132.0
133.0
134.33
134.34
134.34
135.24
133.0
134.2
132.89
133.0
132.0
132.99
132.9
132.5
132.0
132.0
133.0
132.0
133.32
134.0
133.0
133.0
133.0
133.0
133.0
134.2
133.0
133.0
134.19
134.2
133.0
133.0
133.0
133.0
134.2
134.2
132.01
133.51
132.88
132.81
133.45
134.19
132.0
132.89
132.95
133.85
133.8
133.0
133.0
133.0
133.99
133.5
133.5
133.9
134.0
134.2
133.75
133.5
133.5
134.2
134.83
136.0
134.67
136.0
135.0
136.0
135.98
136.0
136.0
136.0
136.0
135.0
136.0
136.0
136.0
136.0
136.0
136.0
134.7
134.1
134.0
134.0
135.3
135.3
133.0
134.0
134.0
136.0
136.0
135.5
136.0
137.0
135.7
135.7
137.0
138.0
138.0
138.0
139.0
139.0
139.0
140.0
138.7
139.1
139.1
139.1
139.1
139.0
134.6
137.0
138.5
138.0
138.0
138.9
139.0
139.0
137.5
139.0
139.0
139.0
137.6
138.5
138.5
138.5
137.1
137.8
138.7
138.3
138.0
139.0
139.0
138.6
137.5
139.0
139.0
139.8
139.8
140.0
140.1
138.5
139.0
137.5
139.0
138.0
138.0
139.0
139.0
139.0
139.0
139.0
139.0
139.0
137.5
139.0
137.2
137.2
137.2
137.1
138.0
139.0
138.6
140.2
140.2
140.2
139.5
139.5
140.2
139.5
139.5
140.0
137.5
139.9
137.5
138.0
137.5
135.0
135.0
135.0
135.0
133.5
133.5
131.0
133.6
131.1
133.6
132.0
130.0
133.5
133.5
133.5
131.1
128.4
128.6
128.6
128.6
128.6
130.0
131.5
132.5
133.6
133.6
134.0
131.5
131.6
132.5
133.0
133.0
134.0
131.5
131.5
131.5
131.5
134.0
134.0
132.0
133.5
131.5
132.5
131.5
131.5
131.0
133.5
132.5
130.0
129.0
131.5
131.5
129.0
129.0
129.0
129.0
127.5
127.0
129.5
129.0
128.0
129.5
129.5
129.0
129.5
129.5
128.0
129.5
127.0
127.0
129.5
127.0
127.0
125.0
127.5
125.0
124.5
123.0
123.0
122.0
123.0
121.5
121.5
118.5
120.0
120.0
120.5
117.0
117.0
117.0
115.5
115.5
116.0
116.0
112.5
114.5
112.5
112.5
112.0
111.0
111.0
111.0
111.0
110.0
110.0
108.0
110.0
108.0
110.0
110.0
110.0
110.0
108.0
108.5
108.5
109.5
108.5
109.5
109.5
109.0
107.5
109.0
109.0
108.0
109.5
109.5
108.5
108.5
109.5
111.0
110.0
110.0
109.5
111.0
112.5
112.5
113.0
111.0
111.5
113.0
111.5
113.0
113.0
113.0
112.5
114.5
114.5
114.5
112.5
114.5
112.5
114.5
110.5
110.5
109.0
111.0
111.0
109.0
109.5
108.0
108.0
106.5
106.0
105.5
106.0
106.0
105.0
106.5
105.0
105.0
105.0
105.0
103.0
105.0
105.0
105.0
106.5
106.0
108.0
107.5
107.5
107.5
106.0
108.0
108.0
109.0
108.0
108.0
109.5
109.5
108.0
108.0
109.0
109.5
108.0
107.5
107.5
107.5
107.5
109.5
109.5
109.5
109.5
107.5
106.0
105.5
106.5
106.5
105.5
105.5
105.5
106.0
106.0
106.0
104.5
106.0
106.0
106.0
106.0
106.0
103.0
104.0
104.0
104.0
104.0
104.0
102.0
102.0
104.0
102.0
102.0
102.5
102.5
103.5
104.0
102.0
103.0
101.0
101.0
101.5
102.5
102.0
102.0
98.0
95.0
100.0
100.0
100.0
100.0
98.0
100.0
100.0
100.0
98.0
97.0
98.5
97.0
97.5
96.5
95.5
95.5
95.5
95.5
91.0
90.0
91.5
91.5
91.5
91.5
94.0
92.0
96.0
94.0
95.0
94.5
94.5
92.0
94.0
90.0
94.0
92.0
92.0
91.5
91.5
91.5
91.5
91.5
91.5
91.5
89.0
89.0
95.0
95.0
92.0
94.0
94.0
94.0
94.0
90.0
94.0
94.5
92.5
92.5
92.0
93.5
99.0
100.0
94.0
94.0
90.0
94.0
94.0
92.5
92.5
92.5
90.0
96.0
93.0
96.0
95.0
98.0
99.0
105.0
99.0
99.0
96.0
94.5
98.0
96.0
95.5
98.0
95.5
98.0
99.5
93.5
92.5
93.5
92.0
96.0
97.0
92.5
92.5
92.5
92.5
92.5
92.5
93.0
93.0
92.5
93.0
93.0
93.0
90.0
93.0
90.5
92.5
92.5
92.0
90.5
90.5
80.0
86.0
87.0
87.5
87.5
87.5
86.5
87.0
87.5
87.0
86.5
86.5
86.5
86.0
86.0
83.0
85.5
86.0
85.5
86.0
86.0
85.5
86.0
86.0
86.0
86.0
85.5
86.0
86.0
89.5
90.0
86.0
87.0
87.0
85.0
85.0
87.0
85.0
87.0
84.5
83.5
86.5
83.5
87.0
85.0
86.0
87.0
86.0
86.0
87.0
83.0
83.0
78.0
81.0
81.5
83.0
84.0
84.0
84.0
84.0
84.0
83.5
82.0
82.0
82.0
82.0
82.0
82.5
80.0
80.0
80.0
79.0
79.0
79.0
79.0
79.0
80.0
81.0
80.0
79.5
79.5
79.0
79.0
77.5
79.0
79.0
79.0
77.5
79.0
77.5
77.5
77.0
77.0
76.5
77.0
74.5
75.0
75.0
75.0
75.0
74.0
74.0
74.5
73.0
73.0
73.0
73.0
73.0
73.0
73.0
73.0
73.5
73.5
73.5
73.5
73.5
73.5
72.5
73.5
73.5
73.5
73.5
73.5
73.5
72.5
73.5
72.5
72.5
73.5
73.5
73.5
73.5
73.0
72.5
72.5
75.5
72.5
73.5
72.5
73.5
72.5
73.0
73.0
73.5
73.5
73.5
73.5
73.5
73.5
73.5
73.5
72.5
72.5
73.5
73.0
72.5
72.5
72.5
73.5
73.5
72.5
73.5
72.5
73.5
72.5
72.5
72.5
73.0
73.0
72.5
73.0
73.0
73.0
72.5
72.5
73.0
73.0
73.0
72.5
72.8
73.0
73.6
73.0
73.6
72.6
72.6
73.6
73.6
73.6
73.6
73.6
73.6
74.0
73.6
73.6
73.6
73.4
73.4
73.4
72.8
73.6
73.6
72.8
73.6
73.6
73.6
72.8
73.6
73.6
73.4
73.4
74.4
74.4
73.0
73.0
76.0
73.4
74.2
73.0
74.2
74.2
74.2
74.2
74.2
74.2
74.2
75.2
75.2
74.8
75.0
75.2
76.0
75.2
75.2
75.2
75.2
75.2
75.2
76.0
75.4
76.4
76.2
76.6
76.4
77.0
76.0
76.0
75.8
75.8
75.8
75.8
75.4
75.2
75.2
75.4
76.0
76.0
75.4
76.0
75.2
75.6
75.0
75.0
75.4
74.6
74.6
74.4
74.2
75.0
74.2
74.2
74.2
75.0
75.2
75.4
74.4
74.8
74.2
74.2
75.6
74.4
74.4
75.4
74.4
74.4
74.4
74.4
74.2
75.0
75.2
75.2
74.2
74.2
74.2
75.0
75.0
75.4
74.4
74.4
75.6
75.4
74.8
74.2
74.2
74.2
75.4
74.2
74.2
74.2
73.2
73.2
74.2
74.0
73.2
73.2
73.8
73.0
73.6
73.6
73.6
74.0
74.0
73.8
73.4
73.6
73.0
74.0
74.0
74.0
74.2
73.0
73.2
73.2
73.0
74.2
73.2
73.0
74.0
74.4
74.4
74.4
74.0
74.2
74.2
73.2
74.2
74.2
74.2
74.2
74.2
73.2
73.2
73.8
73.8
73.2
73.8
73.8
73.0
72.8
73.6
73.8
73.0
73.6
72.8
73.4
73.4
73.4
73.4
74.2
74.2
73.2
74.2
73.2
73.6
73.4
73.4
74.0
73.6
74.2
74.2
73.4
73.4
72.6
73.0
73.0
72.8
73.0
72.6
72.6
73.6
72.6
73.4
73.6
73.2
72.8
73.6
72.6
74.0
73.6
73.6
73.4
73.6
73.6
73.6
73.6
73.6
73.4
72.8
73.4
72.8
73.0
72.8
72.2
72.2
72.8
72.2
72.4
72.4
72.8
72.8
72.6
72.2
72.2
71.6
70.8
70.8
70.8
70.8
71.6
71.6
71.4
71.6
71.8
71.6
70.6
71.0
70.4
70.8
71.0
70.4
70.4
71.0
71.0
70.4
71.0
71.0
70.4
71.0
71.0
71.0
71.0
70.6
70.4
70.4
70.4
70.4
70.4
70.4
70.0
70.0
70.0
69.2
69.2
67.8
69.2
69.6
69.4
70.2
70.0
69.4
69.6
70.2
70.4
70.4
69.4
69.8
70.4
69.2
70.4
69.6
70.4
69.2
70.0
70.0
70.4
70.4
70.4
70.0
69.4
70.2
69.6
70.2
70.2
69.8
70.2
70.4
70.4
70.4
70.4
70.0
70.4
70.4
69.4
69.6
70.6
71.0
70.4
70.0
70.0
70.0
70.0
70.4
70.4
69.8
69.6
70.6
69.8
69.8
69.8
70.2
70.6
69.8
69.6
70.6
70.6
70.0
69.8
69.6
70.4
70.0
70.0
70.6
70.8
70.0
70.6
69.8
70.8
70.8
70.8
70.8
70.0
70.8
69.6
69.6
69.6
69.6
70.0
70.0
70.0
69.6
69.6
69.6
70.0
69.6
70.0
69.6
69.8
69.8
69.8
69.8
70.0
70.0
69.8
70.0
70.8
70.0
69.8
70.0
70.0
68.4
69.6
69.8
69.4
69.8
69.4
69.2
68.6
69.4
69.4
69.4
68.8
68.8
69.4
68.6
69.4
69.6
69.6
69.8
69.8
69.8
69.0
69.6
69.8
69.8
68.8
68.8
68.8
68.8
69.8
69.8
69.4
68.6
69.6
68.6
68.6
68.6
68.6
68.8
70.0
70.0
69.6
69.6
70.0
70.0
70.0
69.6
70.0
70.0
69.8
69.6
70.0
69.6
69.2
69.8
69.8
69.8
69.4
70.0
69.2
69.0
69.2
69.0
70.0
69.8
70.0
69.6
70.0
69.6
69.6
69.4
70.0
70.0
70.0
70.4
70.0
70.4
70.4
70.4
70.4
70.4
69.6
69.6
69.6
69.6
69.8
69.8
70.0
69.2
69.2
70.0
70.0
69.8
70.0
69.4
69.2
69.8
70.0
70.0
69.8
69.8
69.8
70.0
69.2
69.8
68.8
68.8
68.8
68.8
68.8
69.8
69.8
69.6
68.8
68.8
68.8
68.8
68.6
69.0
68.6
68.6
69.0
69.0
69.0
68.8
68.8
68.8
68.6
68.8
68.8
68.6
68.8
69.0
68.6
69.0
69.0
68.6
69.0
69.0
68.4
69.0
69.0
68.4
68.2
68.6
68.4
68.0
68.0
67.6
67.6
67.8
67.6
67.6
67.8
67.8
66.8
67.6
67.8
67.8
68.0
68.0
67.6
67.6
67.4
68.0
67.8
67.8
67.8
68.0
68.0
68.6
68.2
68.2
68.2
68.2
68.6
69.0
68.6
68.8
68.6
69.0
68.8
69.4
68.8
70.0
69.8
70.0
69.0
69.0
69.8
69.0
69.6
68.0
68.0
68.6
68.2
68.2
67.8
67.8
67.4
67.8
64.8
62.8
67.2
66.0
66.0
66.2
64.8
65.0
65.0
65.2
64.8
64.6
64.8
64.6
64.6
64.4
63.8
64.0
63.8
63.6
63.8
63.8
63.8
63.2
63.0
63.0
62.6
63.0
63.0
63.0
63.0
63.0
63.0
63.0
63.0
62.6
63.6
63.6
64.8
64.6
64.2
64.4
63.6
63.0
62.8
63.8
63.6
63.8
63.8
63.6
63.8
63.6
62.8
63.6
63.6
63.8
63.8
63.6
63.6
62.6
62.6
61.8
61.8
61.8
61.8
61.6
60.8
60.0
60.6
60.4
60.6
60.6
60.6
61.8
60.8
60.4
59.8
60.4
60.4
59.8
59.6
59.0
59.0
59.0
59.0
59.0
59.0
58.8
59.0
59.0
59.0
59.0
59.6
59.2
59.6
59.8
59.6
59.0
59.2
59.8
59.8
59.8
59.8
59.8
60.4
59.6
59.4
60.2
60.0
60.4
60.4
60.2
60.4
60.2
60.2
59.4
60.2
60.2
60.2
59.6
59.6
60.0
59.6
60.0
60.2
60.4
60.2
60.4
60.2
60.2
59.4
59.6
59.8
59.8
59.4
59.4
59.4
59.4
59.4
60.2
60.2
59.6
59.6
60.2
59.6
59.6
59.4
59.4
59.4
59.8
59.8
59.4
60.2
59.4
59.4
59.4
59.4
59.8
59.8
59.8
59.6
59.8
59.6
60.2
60.2
60.2
59.6
60.2
59.6
59.4
59.6
59.6
60.2
59.6
59.6
59.4
59.6
59.2
59.6
59.4
59.4
59.4
59.4
59.6
59.4
59.4
59.6
59.6
59.6
59.4
59.0
58.6
59.0
58.8
58.8
58.8
58.0
58.8
57.8
58.6
58.6
58.6
58.0
58.6
58.8
58.8
58.0
57.8
58.6
58.6
58.8
58.8
58.0
58.6
58.0
58.8
58.8
58.8
59.0
59.0
58.4
58.6
59.2
59.8
58.8
59.6
59.4
58.8
59.4
59.2
59.0
59.0
59.6
58.8
59.4
59.0
58.8
58.6
59.0
59.2
59.2
59.2
59.4
58.8
59.4
58.8
59.2
58.8
58.8
59.0
58.8
58.2
56.8
56.8
56.0
56.2
56.2
56.4
56.0
56.0
55.6
56.0
55.8
56.0
56.0
55.2
53.4
53.4
53.4
53.0
52.8
52.2
52.0
52.2
52.2
52.4
52.4
53.0
51.4
51.8
51.4
51.6
51.2
51.0
51.0
51.2
51.2
51.0
50.0
50.2
50.0
50.0
50.2
50.2
50.6
50.6
50.6
50.0
49.4
49.6
49.8
49.6
49.8
49.8
49.6
50.0
49.6
50.0
50.0
50.0
49.4
49.8
50.0
49.6
50.0
50.0
49.6
49.8
49.8
49.8
49.4
49.2
49.0
49.0
49.0
47.8
48.0
47.8
47.0
46.8
47.0
46.6
46.6
47.2
47.0
46.8
47.0
47.0
46.8
46.6
47.0
47.0
46.8
47.2
47.0
46.8
46.8
46.4
46.2
46.0
46.4
46.2
46.0
45.6
45.6
45.8
45.4
45.6
45.4
45.6
45.6
45.6
45.4
45.2
45.2
45.2
45.0
45.2
45.0
45.2
45.2
45.2
45.4
45.4
45.2
45.4
45.8
45.4
45.4
45.6
45.4
45.4
45.6
45.6
45.6
45.2
45.2
45.2
45.2
45.0
45.4
45.4
45.2
45.2
45.2
45.0
45.4
45.4
45.0
45.2
45.2
45.2
45.2
45.2
45.2
45.2
45.0
44.6
44.6
44.6
44.8
44.6
44.2
44.4
44.2
43.8
43.6
43.6
43.2
43.4
43.4
43.4
43.4
43.4
43.4
42.4
42.4
42.6
42.4
42.6
42.0
41.8
42.2
42.0
42.0
41.0
41.4
40.8
41.0
40.6
41.4
41.4
41.2
41.4
41.0
41.2
40.8
41.0
40.8
41.0
41.0
41.0
41.0
41.0
41.0
41.0
40.8
41.0
41.2
41.2
41.2
41.0
41.2
41.2
41.4
41.4
41.4
41.2
41.2
41.4
41.0
41.0
41.0
41.0
41.2
41.0
41.0
41.0
41.0
41.0
41.0
41.0
41.0
41.0
40.6
40.2
40.4
40.6
40.0
40.4
40.2
40.0
40.4
40.0
40.2
40.4
40.0
40.0
40.2
40.2
40.0
40.2
40.2
40.4
40.4
40.0
40.2
40.2
40.0
40.0
40.0
40.4
40.2
40.2
40.0
40.2
40.2
40.2
40.2
40.2
40.2
40.2
40.0
40.2
40.2
40.2
40.2
40.0
40.0
40.0
40.0
40.2
40.2
40.0
40.2
40.0
40.0
40.2
40.0
38.8
39.0
39.0
38.6
38.8
38.8
39.0
38.8
38.8
38.6
38.8
38.8
38.4
38.4
38.6
38.8
38.6
38.6
38.4
38.4
38.6
38.4
38.4
38.4
38.4
38.2
38.4
38.4
38.4
38.4
38.4
38.2
38.6
38.6
38.2
38.6
38.4
38.2
38.6
38.6
38.8
39.0
38.8
38.8
38.8
38.8
39.0
38.8
38.6
38.75
38.7
38.65
38.65
38.65
38.6
38.6
38.65
38.45
38.55
38.55
38.55
38.55
38.55
38.5
38.5
38.45
38.4
38.35
38.35
38.35
38.35
38.4
38.45
38.35
38.1
38.1
38.1
38.0
38.0
38.1
37.95
38.1
38.0
37.75
37.85
37.7
37.65
37.7
37.7
37.7
37.65
37.55
37.45
37.35
37.35
37.25
37.35
37.3
37.3
37.35
37.45
43.8
46.0
46.3
45.6
44.25
44.3
44.7
45.5
44.8
43.65
42.6
42.75
42.6
42.25
42.85
42.2
42.45
42.85
43.1
43.0
43.45
43.05
43.35
43.3
44.55
44.25
43.9
43.2
43.3
42.95
42.95
41.9
42.3
42.15
42.3
42.15
45.0
58.95
58.95
58.95
58.95
58.95
58.95
58.95
58.95
58.95
64.85
67.0
62.8
62.8
69.7
69.65
68.15
64.6
67.85
67.55
68.85
67.1
67.55
65.9
65.85
65.1
65.15
65.45
65.35
65.55
65.85
63.2
63.65
63.2
62.95
63.25
63.4
63.45
63.3
63.45
61.1
60.8
61.0
61.05
58.75
59.2
59.45
59.2
59.5
64.15
61.1
60.9
61.4
61.85
60.5
60.8
61.1
61.1
59.85
60.25
60.2
60.05
60.2
60.0
59.95
60.0
59.5
57.25
57.6
57.75
57.8
57.95
57.95
58.2
58.2
59.6
59.45
59.15
59.2
58.15
58.0
58.0
58.0
57.7
58.0
57.05
57.5
57.65
55.8
55.7
55.5
55.0
55.15
54.95
54.8
54.75
54.7
54.75
53.75
56.5
57.05
55.9
56.95
55.25
56.1
57.3
56.35
56.0
56.1
55.9
55.65
55.75
55.75
55.75
56.0
55.65
55.95
55.7
55.95
55.6
56.0
55.9
55.75
54.45
53.85
53.7
52.65
52.65
52.6
52.6
53.35
53.55
51.7
52.0
51.9
51.9
51.95
52.05
52.05
53.1
51.65
52.35
52.45
53.5
54.4
52.6
51.9
52.25
52.0
52.5
52.45
52.3
52.4
52.4
52.25
52.6
52.4
52.4
52.6
51.95
51.75
51.85
51.65
52.0
51.95
51.9
51.75
51.8
51.15
51.15
51.25
51.05
50.9
50.9
50.75
51.05
52.5
51.85
51.35
51.75
52.0
52.1
52.15
52.9
51.85
52.45
51.55
51.75
51.8
51.9
52.0
52.0
52.05
52.15
51.85
50.9
50.9
50.85
51.0
51.2
51.25
50.9
51.0
51.0
51.0
51.0
51.6
51.15
51.1
51.2
51.2
51.05
50.6
50.7
50.65
50.8
51.0
51.45
52.8
52.05
52.6
51.9
52.6
53.7
54.15
54.4
53.9
54.0
54.2
54.25
56.8
57.0
60.2
59.45
58.75
57.5
57.35
56.15
57.2
56.4
56.35
55.95
55.75
56.15
55.35
55.6
55.2
56.0
57.45
57.0
57.05
56.55
56.55
56.45
56.6
56.75
57.7
57.0
57.4
58.3
58.1
58.25
58.15
58.0
58.05
58.25
58.2
58.0
58.0
58.2
58.65
58.25
58.3
58.35
58.3
58.25
58.4
58.3
58.4
58.8
58.3
58.4
58.3
58.1
58.4
58.55
58.5
58.55
58.6
59.25
59.2
59.15
59.7
59.6
59.55
59.85
61.55
60.4
60.1
60.05
60.1
60.2
59.75
59.7
60.3
60.3
62.25
61.25
61.5
61.6
61.35
61.7
61.8
61.7
62.1
62.0
62.05
62.25
61.85
61.85
61.55
60.9
60.5
60.4
59.75
60.95
60.05
60.35
60.3
60.35
60.3
60.4
60.2
60.95
61.0
60.2
60.8
60.6
60.5
60.4
60.35
60.65
59.9
59.95
59.8
59.2
59.6
59.85
59.8
60.1
61.0
60.05
60.05
59.85
59.15
59.3
59.7
58.9
58.35
58.7
58.0
58.35
58.4
58.35
57.75
57.7
57.6
57.7
58.0
57.4
57.1
57.05
56.95
57.05
56.8
56.85
57.0
57.0
56.2
55.55
54.7
54.8
55.4
55.4
55.3
55.45
55.8
55.25
55.05
55.05
55.05
55.05
55.15
55.6
55.0
55.5
55.35
55.55
55.85
56.45
57.0
57.25
57.45
57.0
57.35
57.2
57.45
57.65
57.55
57.7
57.55
57.65
58.1
58.35
58.05
57.85
57.9
57.75
57.55
58.25
58.6
58.4
58.55
58.4
58.4
58.55
58.65
58.6
58.85
58.5
58.5
58.7
58.85
59.2
58.7
58.8
58.6
58.65
58.6
58.6
58.7
58.75
58.6
58.65
58.55
58.5
58.8
58.75
58.9
58.8
58.8
58.9
59.6
59.4
59.85
60.6
60.6
61.0
60.95
61.0
60.65
60.4
59.95
59.95
60.35
60.15
60.35
60.4
60.15
60.65
60.3
60.45
60.6
60.7
60.3
61.85
63.2
64.5
64.6
62.3
62.45
62.55
62.7
62.5
62.55
62.75
62.55
62.0
61.6
61.85
62.0
61.9
62.0
61.95
61.95
61.9
62.35
62.3
61.85
61.8
61.45
60.95
60.8
60.55
60.55
60.5
60.5
61.05
61.0
61.0
61.2
61.2
61.0
61.0
61.0
61.15
61.0
61.3
61.3
61.45
61.1
61.1
61.2
61.3
61.05
61.1
61.2
61.3
61.65
61.4
60.9
61.0
60.95
60.9
61.0
61.0
61.0
61.0
61.0
61.1
61.1
61.0
61.0
61.0
60.05
60.15
60.15
60.25
60.2
60.2
60.25
60.15
60.1
60.25
60.4
60.5
60.4
60.4
60.4
59.55
60.25
60.0
59.0
60.0
60.0
60.0
60.0
60.0
60.0
60.2
60.05
60.0
60.15
59.6
59.95
59.95
59.9
60.0
59.8
60.0
59.5
59.35
59.5
59.4
59.4
59.5
59.6
59.6
59.6
59.5
59.45
59.4
59.5
59.55
59.5
59.7
59.4
59.1
59.05
59.5
59.55
59.55
59.2
59.4
59.2
59.4
59.2
59.2
59.55
59.55
59.45
59.2
59.0
59.15
59.55
59.55
59.4
59.5
59.4
59.35
59.4
59.1
59.15
59.4
59.2
59.1
59.0
59.0
59.0
58.8
58.9
59.0
58.9
58.9
58.9
58.7
58.35
59.0
58.35
58.2
58.15
58.05
58.05
58.15
58.1
58.35
58.45
58.2
58.2
58.05
58.05
58.0
58.0
57.3
57.8
57.8
57.85
57.7
57.85
57.7
57.85
57.8
57.85
57.9
57.4
57.6
57.55
57.55
57.55
57.9
57.9
57.8
57.65
57.6
57.55
57.25
57.5
57.55
57.85
57.65
57.65
57.2
56.8
57.0
57.0
56.6
56.6
56.8
56.8
58.0
56.6
56.35
55.9
55.8
55.85
55.95
55.95
56.0
57.3
55.85
56.4
56.15
55.9
56.0
56.0
55.8
55.1
55.95
50.8
50.0
50.0
49.75
49.95
49.9
51.4
50.8
50.0
50.0
50.45
50.45
49.95
49.9
48.65
47.8
48.3
49.0
47.75
47.6
48.15
47.8
47.45
47.6
48.25
47.4
47.95
47.2
47.6
47.4
47.15
47.3
47.2
47.2
47.15
47.05
47.0
46.75
46.75
46.6
46.4
46.0
45.95
46.0
45.75
45.6
46.8
47.2
47.25
45.55
45.3
46.0
46.2
47.8
45.4
44.95
45.0
45.0
44.6
45.0
45.0
44.8
45.0
44.5
45.35
45.0
44.6
44.8
44.85
44.2
44.0
44.2
44.75
38.0
38.1
37.15
35.8
37.15
36.15
36.0
36.5
36.6
35.95
37.35
36.95
36.6
36.4
36.4
36.4
36.4
36.2
36.95
33.65
33.4
33.05
33.0
33.05
32.7
31.7
31.75
31.85
31.8
29.8
29.8
29.6
29.0
29.4
29.4
29.45
29.1
28.5
28.35
28.05
28.2
27.45
27.3
27.2
27.4
29.0
28.85
29.5
29.3
29.0
28.8
28.9
29.0
29.15
29.35
30.0
30.3
30.2
30.2
30.1
29.65
29.35
29.2
29.35
29.1
29.0
28.9
28.6
28.4
28.8
28.25
28.85
28.1
28.6
28.75
28.8
29.0
29.05
29.2
29.15
29.2
29.15
32.2
31.95
31.2
29.6
29.9
29.8
29.4
29.15
29.35
29.0
29.1
29.15
29.2
29.3
29.5
29.55
29.7
29.15
29.55
29.6
29.35
29.3
29.15
29.1
29.1
29.3
29.4
28.0
28.15
28.6
28.7
28.55
28.55
28.65
28.75
29.3
30.8
31.0
31.05
30.3
30.55
31.1
30.8
31.0
30.4
30.95
31.25
30.9
31.2
32.3
32.6
31.95
33.0
32.55
33.8
36.35
35.85
35.2
35.95
35.8
35.6
34.55
33.45
34.55
33.9
34.2
34.8
34.3
34.05
33.9
33.6
33.8
34.5
34.6
34.3
33.8
34.2
34.45
34.6
34.4
34.7
34.5
35.0
35.5
35.55
34.95
35.35
34.85
34.75
34.6
34.05
34.25
34.55
34.7
35.4
35.4
35.55
35.75
35.4
35.95
37.4
37.9
42.95
42.3
42.95
42.3
43.95
43.3
42.9
43.2
46.0
48.45
52.7
51.35
50.0
51.5
51.0
51.35
51.1
49.4
48.5
50.6
52.1
51.95
51.9
51.6
51.35
50.35
50.1
49.6
50.4
50.45
49.3
48.2
47.6
47.7
47.7
47.75
47.85
48.0
47.85
43.9
44.05
44.05
44.0
43.6
42.25
42.95
43.0
43.0
43.0
46.4
45.6
44.8
45.05
45.45
45.35
44.0
44.8
44.6
44.85
44.65
46.3
45.65
45.7
45.3
45.35
45.45
45.3
44.6
44.25
44.4
44.65
43.9
43.9
43.6
43.5
44.4
43.85
43.0
42.55
42.9
42.75
42.8
42.6
42.05
42.2
42.6
42.65
42.5
42.7
43.1
43.0
43.0
43.25
42.9
43.45
43.95
44.0
43.65
43.75
43.45
43.65
43.5
43.85
43.95
43.5
43.4
43.5
43.7
43.7
44.1
43.8
43.95
44.0
44.2
44.7
44.45
44.2
44.2
44.0
43.85
43.65
43.75
43.6
43.6
43.8
43.75
43.75
43.85
44.0
43.55
43.6
43.6
43.7
43.5
43.55
43.5
43.4
43.2
43.4
43.2
43.2
42.7
43.0
43.05
43.2
43.4
43.25
42.65
43.0
43.4
43.2
43.5
43.2
43.0
43.0
43.2
43.45
43.2
43.0
43.85
43.2
43.2
43.0
42.85
42.7
42.9
42.8
42.8
43.0
43.15
43.05
43.05
43.1
43.0
43.1
42.85
42.85
42.8
42.75
42.75
42.75
42.9
42.7
42.65
42.65
42.4
42.8
42.95
42.7
42.2
42.3
42.2
41.9
41.5
41.6
41.75
42.3
43.05
42.2
42.0
42.05
42.0
42.15
42.25
42.0
42.05
42.1
41.1
41.2
41.4
41.0
41.4
41.1
41.0
41.9
41.3
41.45
41.2
41.25
41.4
41.45
41.55
41.5
41.7
41.55
41.6
41.6
41.7
41.6
41.6
41.55
41.5
41.35
41.5
42.1
41.85
42.45
42.0
42.0
41.75
42.1
42.0
42.3
42.5
42.6
42.7
42.7
42.6
43.0
43.05
43.15
43.4
44.75
44.7
43.6
43.85
43.7
43.45
43.4
43.45
43.45
43.65
43.8
43.3
43.15
43.55
43.3
43.3
43.3
43.3
43.25
42.75
42.65
42.55
42.95
42.75
43.0
42.85
42.8
42.9
42.95
42.9
43.0
42.85
43.25
43.25
43.65
43.4
43.4
43.4
43.3
43.25
43.4
43.55
43.4
43.5
43.5
43.6
43.6
43.7
43.25
43.35
43.35
43.25
43.25
43.2
43.05
43.0
43.05
43.15
43.15
43.35
43.5
43.4
43.35
43.2
43.15
43.05
43.05
42.35
42.15
42.15
42.0
42.1
42.0
42.3
42.7
42.9
42.3
42.45
42.7
42.2
43.0
42.55
42.2
42.85
42.0
42.7
42.45
43.05
42.9
43.2
43.1
43.5
42.95
42.95
43.2
42.85
43.1
42.95
42.95
42.95
43.0
43.2
43.15
42.9
43.2
42.85
42.85
42.85
42.75
42.6
42.55
42.5
42.65
42.3
43.05
42.3
42.35
42.3
42.2
42.4
42.2
42.3
42.15
41.8
41.95
41.95
42.25
42.25
42.0
42.4
42.15
42.05
43.0
42.7
42.5
42.4
42.55
42.55
42.65
42.6
42.5
42.45
42.45
42.5
42.5
42.35
42.35
42.55
45.0
43.9
44.7
46.15
45.05
43.9
43.15
43.3
42.9
42.05
42.1
41.85
42.4
42.1
42.0
41.3
41.2
41.2
41.35
41.6
41.45
41.5
41.5
41.8
42.0
42.15
41.8
41.8
42.0
42.05
42.1
42.15
42.15
42.2
42.2
42.0
42.25
42.65
42.4
42.5
42.5
42.5
42.45
42.5
42.45
42.45
42.5
42.4
42.4
42.65
42.7
42.65
42.65
42.7
42.8
42.85
42.75
42.45
42.4
42.4
42.55
42.55
42.6
42.4
42.4
42.35
42.1
42.1
42.2
42.4
42.2
42.2
42.2
42.15
41.95
42.1
42.0
42.0
42.0
42.2
42.0
42.05
41.75
42.65
43.5
42.85
43.3
43.75
43.6
43.05
42.6
42.2
42.85
42.8
42.8
42.8
42.85
42.45
42.65
42.5
42.05
42.35
41.85
41.95
41.75
41.7
41.6
41.8
41.65
41.6
41.8
42.1
42.1
42.1
41.75
42.0
42.0
41.75
41.6
42.55
42.3
42.05
42.2
42.1
42.3
42.15
42.0
41.9
42.0
42.05
42.1
42.1
42.05
42.15
42.0
42.0
41.8
42.0
42.05
42.0
42.0
41.85
42.0
42.0
42.0
42.0
42.15
41.85
42.0
42.05
42.05
42.0
42.0
42.0
42.0
41.75
41.75
41.8
41.7
41.8
41.8
42.3
41.8
41.5
41.8
41.8
41.8
41.8
41.8
41.95
42.15
42.0
42.0
42.15
42.05
41.9
41.8
41.95
42.0
42.0
41.95
41.8
41.8
41.9
41.8
41.9
41.9
41.8
41.95
41.8
41.8
42.0
42.1
42.15
42.1
42.0
42.0
42.1
42.0
42.15
41.8
41.8
41.8
41.85
42.0
42.0
42.0
42.0
42.1
42.0
42.0
42.0
42.0
42.05
42.05
42.0
42.05
42.05
42.0
42.1
42.0
42.0
42.15
42.0
42.1
42.0
42.1
42.1
42.05
41.85
42.0
42.0
42.0
42.2
42.0
42.35
42.25
42.85
42.7
42.35
42.8
42.5
42.5
42.35
42.4
42.5
42.35
42.5
42.8
42.55
43.75
43.3
43.0
43.0
43.2
43.5
43.85
44.5
43.45
43.7
43.8
43.4
43.15
43.35
42.75
43.15
42.95
42.85
42.95
43.15
43.0
43.0
43.35
43.25
43.25
43.15
43.0
43.1
43.0
42.8
42.75
43.2
43.2
43.15
42.95
42.95
43.0
43.15
42.95
43.1
43.1
42.95
43.0
42.75
43.0
42.95
42.9
43.15
43.35
43.5
43.5
43.1
43.2
43.2
43.15
43.45
43.45
43.45
43.4
43.35
43.35
43.35
43.5
43.45
43.45
43.45
43.35
43.4
43.45
43.55
43.45
43.45
43.4
43.3
43.5
43.45
43.45
43.3
43.35
43.55
43.6
43.45
43.45
43.5
43.45
43.4
43.9
43.9
44.2
44.1
44.9
44.65
44.4
44.15
43.85
44.75
44.35
44.2
44.4
44.35
44.25
44.5
44.5
44.1
44.15
44.2
44.3
44.05
44.1
44.7
44.8
45.15
44.85
45.7
45.0
45.25
45.05
44.55
44.55
45.2
45.0
44.6
45.15
45.4
45.2
44.9
45.3
44.85
44.65
45.0
44.95
45.0
45.0
44.85
44.95
45.0
44.95
44.95
44.85
44.3
44.6
44.5
44.05
44.15
43.95
44.0
43.85
43.8
43.75
43.8
44.0
43.9
43.9
43.8
43.9
43.55
43.5
43.55
43.65
43.7
43.75
43.9
43.9
43.9
43.9
43.85
43.8
43.8
43.75
43.8
43.8
43.95
44.0
43.9
43.7
43.5
43.4
43.65
43.7
43.4
43.8
43.45
43.5
43.7
43.5
43.5
43.65
43.4
43.4
43.5
43.5
43.45
43.5
43.4
43.5
43.7
43.6
43.6
43.9
43.95
43.75
43.7
43.7
44.0
43.4
43.5
43.4
43.5
43.45
43.4
43.45
42.95
42.9
42.9
42.75
42.8
42.9
43.1
43.1
43.1
43.15
43.15
43.15
43.35
43.4
43.45
43.5
43.5
43.5
43.5
43.05
43.2
43.4
43.45
43.4
43.4
43.4
43.4
43.4
43.55
43.4
43.5
43.55
43.55
43.55
43.4
43.4
43.0
43.4
43.4
43.4
43.4
43.4
43.4
43.25
43.4
43.05
43.5
43.25
43.4
43.5
43.4
43.5
43.5
43.4
43.2
43.2
43.4
43.1
43.35
42.7
42.75
42.6
42.6
42.7
42.6
42.75
42.9
42.9
42.8
42.8
42.85
42.8
42.8
42.95
42.95
42.9
42.55
42.95
42.9
42.95
43.0
42.95
43.0
43.2
43.0
43.2
43.15
43.0
43.0
42.75
43.1
42.65
42.75
42.75
42.8
42.85
42.8
42.85
42.75
42.9
42.7
43.05
43.05
43.3
43.25
43.35
43.2
43.2
43.25
43.45
43.5
43.55
43.55
43.5
43.15
42.9
42.8
43.4
42.85
42.75
42.75
43.25
43.05
43.25
42.95
43.2
43.35
43.0
43.3
43.3
43.25
43.2
43.2
43.2
43.2
43.2
43.3
43.4
43.35
43.15
43.15
43.15
43.0
42.95
43.05
43.0
43.1
43.3
43.3
43.05
43.1
43.35
43.1
42.95
43.15
43.15
43.05
43.0
43.25
43.2
43.2
43.2
43.15
43.05
42.95
42.8
42.9
42.75
42.75
42.65
42.9
42.3
42.4
42.3
42.3
42.25
42.2
42.3
42.3
42.2
42.4
42.4
42.4
42.5
42.5
42.45
42.45
42.4
42.45
42.45
42.25
42.1
42.05
42.45
42.2
42.4
42.5
42.5
42.55
42.45
42.6
42.6
42.6
42.4
42.6
42.4
42.4
42.15
42.4
42.45
42.4
42.75
42.45
42.7
42.65
42.4
42.5
42.75
42.75
42.7
42.55
42.55
42.5
42.5
42.5
42.5
42.5
42.7
42.65
42.45
42.45
42.4
42.4
42.4
42.15
42.6
42.6
42.5
42.5
42.5
42.5
42.55
42.55
42.4
42.15
42.15
42.4
42.35
42.4
42.3
42.3
42.3
42.1
42.35
42.1
42.35
42.5
42.5
42.5
42.5
42.7
42.25
42.3
42.35
42.65
42.5
42.7
42.5
42.5
42.5
42.35
42.55
42.6
42.7
42.55
42.5
42.4
42.7
42.75
42.15
42.7
42.75
42.7
42.5
42.5
42.6
42.5
42.5
42.2
42.7
42.6
42.45
42.55
42.65
42.65
42.5
42.65
42.65
42.6
42.65
42.7
42.7
42.55
42.7
42.75
42.55
42.5
42.65
42.5
42.3
42.5
42.45
42.4
42.3
42.3
42.25
42.25
42.25
42.35
42.3
42.25
42.25
42.3
42.3
42.25
42.45
42.4
42.45
42.45
42.45
42.35
42.3
42.2
42.35
42.2
41.65
42.0
42.1
42.0
42.1
41.9
42.0
42.1
42.1
42.0
42.15
42.4
42.4
42.2
42.25
42.2
42.2
42.2
42.1
42.1
42.1
42.0
42.1
42.05
42.2
42.15
42.25
42.15
42.1
42.1
42.0
42.05
42.05
42.0
42.15
42.1
42.1
42.0
42.05
42.1
42.05
42.05
42.05
42.05
42.1
42.0
42.0
42.0
42.0
42.05
42.0
42.0
42.1
42.0
42.05
42.05
42.1
42.1
42.05
42.05
42.0
42.1
42.0
42.0
41.95
41.9
41.85
41.9
41.95
41.85
41.85
41.2
41.2
38.75
39.05
39.25
39.15
39.5
38.85
38.7
38.75
38.5
38.45
38.25
37.2
37.15
37.2
38.0
38.0
39.0
37.65
37.7
37.9
37.75
38.0
37.55
37.95
38.1
38.05
37.75
37.8
38.1
38.1
38.05
38.35
38.25
38.2
38.25
38.3
39.0
38.85
38.75
39.1
39.0
39.0
39.05
39.05
41.05
40.65
40.75
40.9
41.1
41.25
41.1
40.85
41.1
41.45
41.35
41.15
41.25
41.25
40.95
40.9
40.9
41.25
41.6
41.2
41.25
41.25
41.25
41.35
41.2
41.6
41.55
41.25
41.1
41.5
41.35
41.45
41.5
41.35
41.45
41.5
41.4
41.5
41.3
41.35
41.35
41.2
41.2
41.4
41.2
41.25
41.4
41.35
41.05
41.25
41.45
41.3
41.1
40.65
40.9
41.4
41.25
41.25
41.05
41.4
40.6
40.95
41.15
41.1
41.05
41.15
40.9
40.95
40.95
40.9
40.9
40.9
40.95
41.0
40.65
40.85
41.1
41.0
40.95
40.95
40.95
40.9
40.95
40.8
41.0
41.0
40.9
41.1
41.0
41.05
41.1
41.05
41.0
41.0
41.1
41.0
41.0
41.1
41.1
41.05
41.05
41.0
41.0
41.0
41.0
40.55
41.1
41.05
41.0
40.9
41.0
41.0
41.1
40.9
40.95
41.0
41.0
40.75
40.65
40.9
40.65
40.8
41.0
40.95
40.8
40.7
40.55
40.55
40.6
40.6
40.6
40.6
40.6
40.5
40.45
41.35
45.5
42.2
43.3
41.6
41.6
41.7
41.6
41.15
41.35
41.05
40.65
40.75
40.85
40.75
39.8
40.2
40.0
40.1
40.25
40.6
40.6
40.65
39.95
39.9
39.9
39.9
39.95
39.95
39.95
40.1
39.95
39.9
40.2
39.9
39.95
39.9
40.0
39.8
39.65
39.6
39.65
39.6
39.65
39.7
39.75
39.75
40.2
40.1
40.15
40.0
39.95
40.15
40.0
40.0
40.0
39.9
40.1
40.0
39.95
40.0
40.1
40.0
40.0
40.1
40.15
40.05
40.0
40.1
40.2
40.1
39.9
39.9
40.0
39.55
39.5
39.5
39.6
39.45
39.7
39.7
39.75
39.75
39.7
39.75
39.6
39.9
39.9
39.85
39.9
39.65
39.75
39.25
39.3
39.1
39.0
39.15
39.1
39.3
39.45
40.2
40.2
40.0
39.85
40.05
40.0
40.15
40.0
40.0
40.05
40.05
39.85
39.55
39.6
39.6
39.7
39.65
39.7
39.7
39.6
39.7
39.55
39.95
39.75
39.75
39.6
39.85
39.5
39.5
39.8
39.5
39.5
39.5
39.45
39.5
39.5
39.5
39.45
39.8
39.55
39.35
39.65
39.7
39.65
39.4
39.55
39.55
39.55
39.5
39.65
39.65
39.7
39.45
40.5
40.15
41.75
42.3
43.25
44.25
41.25
40.95
40.9
40.5
40.15
39.9
40.0
40.9
41.95
41.7
41.25
41.65
41.5
41.65
41.55
41.1
42.2
41.8
42.75
42.6
41.75
42.1
42.1
42.25
42.0
42.15
41.6
41.55
41.65
41.15
41.5
41.35
41.65
41.2
41.3
41.9
41.9
41.9
41.85
41.85
41.7
41.75
41.8
41.5
42.3
42.25
42.2
42.2
42.0
41.8
41.5
41.3
41.45
42.2
41.6
41.55
41.8
41.75
41.65
41.65
41.4
41.4
41.3
41.15
41.15
41.1
41.15
41.35
41.75
41.5
41.45
41.45
41.6
41.85
41.8
42.25
42.05
41.95
41.95
41.95
41.8
41.65
41.8
42.0
41.7
42.0
42.0
42.15
42.15
42.05
42.05
42.05
42.1
42.1
42.1
41.95
42.0
41.9
41.9
42.1
41.7
41.7
41.8
41.75
42.05
42.0
42.25
41.9
41.75
41.75
41.9
42.25
42.5
43.05
43.3
43.4
42.75
41.9
42.0
41.95
42.25
42.05
42.1
41.95
41.95
42.0
41.9
41.9
41.95
41.9
41.8
41.9
41.9
41.9
41.8
42.0
41.9
41.95
41.8
41.6
41.8
41.6
41.45
41.6
41.6
41.4
41.8
41.5
41.5
41.6
41.55
41.4
41.4
41.35
41.3
41.65
41.45
41.05
41.0
40.9
41.0
41.0
41.05
41.1
40.95
41.0
41.15
40.95
40.8
41.05
41.25
41.1
41.25
41.25
41.2
41.25
40.9
41.05
41.05
41.2
41.1
41.2
41.2
41.2
41.25
41.15
41.1
41.05
41.25
41.0
41.15
41.0
41.1
41.2
40.9
41.2
41.1
41.0
41.0
40.9
40.8
41.05
41.0
41.45
41.1
41.1
41.1
41.1
41.0
41.0
41.0
40.95
41.1
41.2
40.85
40.95
40.95
40.75
40.9
40.9
41.1
40.9
41.25
41.85
41.85
41.2
41.3
41.0
41.75
41.05
41.0
41.0
41.0
40.8
41.0
41.0
40.95
40.95
40.95
40.85
41.35
41.3
41.15
41.4
41.65
41.65
41.8
41.8
41.85
42.0
41.85
41.95
41.85
41.15
41.3
41.1
41.2
41.05
41.1
41.05
41.1
41.35
41.25
41.35
41.35
41.0
41.0
41.0
41.0
40.95
41.0
41.15
40.95
41.15
41.0
41.2
41.3
41.05
40.8
41.0
41.0
41.25
41.15
41.0
40.95
41.15
41.3
41.0
41.0
40.95
41.0
40.85
40.95
40.95
40.95
40.9
40.9
41.0
41.0
41.1
41.05
41.0
41.1
41.05
41.0
40.85
40.95
41.05
40.85
40.85
42.0
41.0
41.0
40.95
41.0
41.05
41.05
41.05
41.1
41.0
41.0
40.9
40.85
41.0
41.0
40.8
40.95
40.9
40.9
40.8
40.65
40.7
40.6
40.65
40.3
40.2
40.3
40.25
39.95
40.15
40.05
40.0
40.15
40.05
40.4
40.35
40.3
40.05
40.3
40.2
40.25
40.4
40.1
40.3
40.05
39.95
40.15
40.1
40.1
40.15
40.0
39.8
39.55
40.0
39.9
39.95
39.65
39.65
39.6
39.4
39.55
39.25
38.95
39.05
39.2
39.0
39.05
39.0
39.05
38.9
38.9
39.3
39.95
39.0
39.75
39.1
39.0
39.25
39.55
38.7
38.85
39.75
39.85
39.8
40.0
40.55
40.15
40.35
40.35
40.55
40.95
40.05
39.75
39.75
39.6
39.6
39.5
39.65
39.7
39.8
39.55
39.35
39.4
39.3
39.6
39.55
39.45
39.35
39.45
39.3
39.4
39.4
39.4
39.25
39.4
39.4
39.3
39.6
39.45
39.15
39.55
39.3
39.3
39.25
39.2
39.15
39.2
39.3
39.3
39.05
38.6
38.35
38.25
38.35
38.35
38.2
38.3
38.2
38.2
38.3
38.2
38.25
38.2
38.2
38.2
38.3
38.3
38.55
38.7
38.65
38.6
38.65
38.85
38.55
38.65
38.65
38.5
38.6
38.6
38.6
38.45
38.6
38.55
38.45
38.25
38.25
38.2
38.25
38.25
38.2
38.35
38.25
38.25
38.3
38.5
38.4
38.4
38.35
38.4
38.45
38.35
38.15
37.9
38.15
38.6
37.95
38.6
38.9
38.7
38.95
38.8
38.55
38.45
38.75
39.15
39.15
38.9
39.1
39.15
39.15
39.05
38.85
39.2
38.85
38.9
38.75
38.75
38.75
38.75
38.55
38.5
38.8
38.2
38.5
38.6
38.4
38.7
38.45
38.5
38.6
38.7
38.4
38.6
38.45
38.65
38.65
38.7
38.45
38.35
38.45
38.35
38.25
38.25
38.2
38.25
38.15
38.0
38.3
38.25
38.5
38.4
38.25
38.15
38.2
38.2
38.1
38.1
38.15
37.85
38.1
37.95
38.05
38.1
38.1
38.05
38.3
38.05
38.15
38.1
38.15
38.05
38.05
38.1
38.0
37.95
38.0
37.85
37.85
37.85
37.7
38.0
37.85
37.9
37.8
38.0
37.65
37.6
37.6
37.6
37.6
37.6
37.4
37.4
37.75
37.65
37.65
37.65
37.55
37.55
37.6
37.65
37.7
37.75
37.75
37.9
37.95
38.1
38.0
37.95
37.95
37.85
37.75
37.75
39.2
37.9
38.0
38.15
38.05
37.8
37.95
37.85
37.85
37.75
37.7
37.65
37.85
37.85
37.7
37.7
37.65
37.5
37.85
37.55
37.5
37.5
37.4
37.5
37.45
37.35
37.55
37.5
37.6
37.7
37.65
37.6
37.75
37.65
37.85
37.65
37.65
38.7
38.3
38.15
37.95
38.1
38.3
38.25
38.2
38.15
38.15
37.95
38.15
38.15
37.95
37.95
37.95
37.9
37.85
37.9
37.75
37.65
37.75
37.7
37.6
37.7
37.65
37.8
37.5
37.45
37.5
37.65
37.7
37.75
37.65
37.65
37.75
37.7
37.65
37.85
37.7
37.6
37.65
37.8
37.65
37.65
37.85
37.55
37.45
37.55
37.6
37.6
37.6
37.55
37.5
37.6
37.6
37.65
37.65
37.65
37.5
37.65
37.55
37.55
37.55
37.6
37.4
37.5
37.5
37.4
37.65
37.4
37.5
37.35
37.25
37.15
37.35
37.3
37.3
37.3
37.3
37.35
37.35
37.3
37.35
37.45
37.45
37.4
37.4
37.4
37.35
37.5
37.3
37.25
37.25
37.25
37.4
37.15
37.2
37.15
37.15
37.35
37.3
37.25
37.3
37.4
37.3
37.3
37.3
37.3
37.4
37.4
37.15
37.0
36.95
37.0
37.0
36.95
36.9
37.0
36.75
36.9
37.0
36.95
36.85
36.9
36.95
36.95
36.95
37.0
37.1
37.05
37.05
37.05
36.7
36.7
36.6
36.4
36.45
36.4
36.4
36.5
36.35
36.35
36.25
36.35
36.4
36.5
36.45
36.4
36.4
36.35
36.4
36.2
36.35
36.2
36.35
36.5
36.4
36.35
36.05
36.25
36.3
36.15
36.0
36.0
35.95
36.75
36.4
36.05
36.05
36.05
35.95
36.05
36.05
36.0
35.7
35.65
35.65
35.6
35.7
35.65
35.6
35.6
36.6
36.35
36.2
36.2
36.2
36.25
36.25
36.25
36.4
36.1
35.95
36.05
35.95
35.95
36.0
36.0
36.0
36.0
35.85
36.0
35.9
35.8
35.9
35.8
35.7
35.75
35.85
35.85
35.8
36.0
35.85
35.6
35.75
35.75
35.65
35.7
35.6
35.6
35.6
35.5
35.6
35.65
35.55
35.4
35.45
35.65
35.55
35.85
35.65
35.55
36.0
35.7
35.75
35.6
35.6
35.8
35.65
35.85
35.65
35.6
35.55
35.6
35.6
35.7
35.5
35.85
35.65
36.0
36.0
36.1
35.85
36.1
35.9
35.85
36.0
36.0
35.7
35.75
35.7
35.9
35.6
35.9
35.8
35.75
35.6
35.5
35.65
35.65
35.5
35.5
35.5
35.5
35.5
35.45
35.55
35.5
35.6
35.6
35.65
35.6
35.5
35.45
35.45
35.4
35.45
35.35
35.45
35.7
35.7
35.55
35.55
35.7
35.7
35.5
35.55
35.5
35.5
35.45
35.3
35.4
35.25
35.5
35.2
35.15
35.05
35.1
35.2
35.15
35.25
35.25
35.35
35.15
35.0
35.2
35.45
35.4
35.65
35.4
35.35
35.65
36.05
36.2
35.65
35.9
35.85
35.75
35.4
35.9
35.85
35.6
35.8
35.5
35.5
35.5
35.6
35.4
35.65
35.5
35.7
35.4
35.45
35.25
35.5
35.5
35.5
35.25
35.65
35.6
35.25
35.4
35.4
35.35
34.85
35.05
35.15
34.8
35.1
34.85
34.85
34.7
34.65
34.75
34.85
34.9
34.8
35.0
34.95
34.9
35.2
35.05
35.0
35.15
35.2
35.1
35.1
35.1
35.65
35.35
35.65
35.3
35.5
35.55
36.0
35.85
35.5
35.85
36.7
36.8
36.4
36.2
35.7
35.9
35.6
36.0
35.9
36.6
35.9
36.5
36.25
35.9
35.6
35.65
35.8
35.95
35.95
35.95
35.6
35.8
35.7
35.65
35.85
35.6
35.75
35.8
35.75
35.7
36.2
35.95
35.8
35.95
35.8
35.85
35.75
35.5
36.1
35.6
35.7
35.65
35.65
35.55
35.6
35.75
35.85
35.75
35.65
35.75
35.4
35.7
35.7
35.6
35.5
35.3
35.55
35.5
35.55
35.5
35.4
35.5
35.7
35.5
35.5
35.5
35.4
35.45
35.65
35.5
35.75
35.5
35.6
35.4
35.4
35.5
35.4
35.4
35.5
35.45
35.7
35.85
35.55
35.5
35.5
35.4
35.35
35.4
35.7
35.5
35.35
35.25
35.35
35.0
35.2
35.0
35.15
35.15
35.05
34.9
34.85
34.85
35.0
35.0
34.9
34.85
34.9
35.05
35.4
35.0
35.0
35.05
35.0
34.95
34.95
35.05
35.3
34.9
34.85
34.9
35.0
34.85
34.9
34.8
35.0
34.7
34.95
35.0
34.9
34.8
34.9
34.9
35.05
35.55
35.35
35.3
35.35
35.2
35.2
35.2
35.2
35.3
35.1
35.05
35.05
34.9
35.0
34.9
35.0
35.05
35.0
35.0
35.0
34.8
35.0
34.85
34.9
34.9
34.8
34.85
34.9
35.0
34.95
34.95
34.95
35.0
35.0
34.85
34.9
35.0
34.95
35.0
34.9
34.85
34.95
34.8
34.8
34.75
35.0
34.85
34.8
35.0
35.0
34.75
34.75
34.9
34.75
34.8
34.8
34.8
34.9
34.85
34.85
35.0
34.9
34.9
35.0
34.95
35.1
35.25
35.15
35.4
35.3
35.65
35.65
35.75
35.75
35.8
35.65
35.6
35.55
35.6
35.4
35.45
35.45
35.45
34.95
35.0
35.0
35.0
35.0
34.95
34.95
34.85
35.0
34.8
35.0
34.8
34.85
34.75
34.85
34.85
34.85
34.7
34.7
34.9
34.9
34.8
34.8
34.8
34.95
34.95
34.9
34.95
34.85
34.8
34.85
34.8
34.85
34.75
34.75
34.95
34.85
34.75
34.75
34.7
34.7
34.65
34.6
34.65
34.55
34.7
34.55
34.55
34.55
34.5
34.55
34.45
34.45
34.7
34.5
34.85
34.8
35.05
34.7
35.0
35.0
34.7
34.9
34.9
35.0
34.9
34.7
34.7
35.0
35.0
34.85
34.85
34.8
34.95
34.7
34.6
34.55
34.45
34.45
34.5
34.5
34.65
34.35
34.3
34.3
34.3
34.3
34.2
34.3
34.5
34.65
34.5
34.65
34.7
34.65
34.7
34.7
35.0
35.0
34.9
34.85
34.9
34.75
34.85
34.75
34.75
34.6
34.8
34.95
34.95
34.8
34.6
34.7
34.65
34.6
34.55
34.7
34.75
34.8
34.75
34.6
34.8
34.85
34.8
34.8
34.55
34.8
34.55
34.5
34.4
34.35
34.35
34.35
34.35
34.5
34.5
34.45
34.3
34.45
34.35
34.35
34.85
34.9
34.75
34.7
34.7
34.7
34.8
35.2
36.35
36.85
36.35
36.1
36.25
36.3
36.5
36.35
36.1
36.3
36.0
35.8
33.55
35.7
35.8
35.65
36.0
35.8
35.6
35.6
35.7
35.65
36.0
35.8
35.95
35.9
35.7
35.8
35.75
35.7
35.8
35.6
35.7
35.6
35.55
35.6
35.5
35.5
35.5
35.25
35.1
35.15
35.0
34.9
34.9
34.9
35.0
35.3
35.55
35.65
35.85
36.0
35.95
36.0
36.0
36.05
35.85
35.5
35.5
35.95
36.0
36.1
36.1
36.0
36.05
36.0
35.9
35.8
36.0
35.9
35.85
35.85
35.8
35.8
35.85
35.8
35.75
36.0
35.45
35.5
35.4
35.45
35.45
35.5
35.5
35.55
35.45
35.45
35.35
35.45
35.45
35.4
35.65
35.45
35.45
35.4
35.35
35.5
35.45
35.3
35.45
35.4
35.5
35.25
36.05
35.9
35.95
35.85
35.6
35.65
35.95
35.7
35.75
35.7
35.7
35.9
35.95
35.7
35.55
35.65
35.6
35.65
35.5
35.7
35.35
35.4
35.5
35.5
35.5
35.55
35.3
35.3
35.25
35.2
35.3
35.5
35.2
35.5
35.6
35.5
35.5
35.25
35.5
35.4
35.3
35.1
35.15
35.3
35.3
35.45
35.5
35.7
35.2
35.25
35.25
35.15
35.2
35.2
35.2
35.0
35.45
35.5
35.75
35.75
35.6
35.65
35.55
35.7
35.4
35.65
35.6
35.65
35.65
35.7
36.9
36.9
37.15
36.85
37.0
36.35
35.9
36.35
36.6
36.35
36.3
36.0
36.2
36.1
36.35
36.45
36.55
36.65
36.5
36.8
36.95
36.8
36.6
36.8
37.3
37.05
37.2
37.15
37.3
37.45
37.75
38.25
38.0
37.75
37.85
37.95
38.55
38.7
39.4
38.85
39.0
38.95
38.85
39.0
38.6
37.8
37.6
37.7
37.35
37.3
37.35
37.3
37.3
37.25
37.25
37.25
37.15
37.15
37.05
37.0
37.1
37.0
36.7
36.8
36.95
36.55
36.95
37.0
37.0
36.7
36.7
36.8
36.8
36.7
36.5
36.6
36.65
36.6
36.45
36.2
36.75
36.6
36.55
36.65
36.8
36.6
36.7
36.65
36.6
36.45
36.2
36.35
36.1
36.15
36.6
36.8
36.65
36.6
36.55
36.65
36.75
36.8
36.9
37.0
36.6
37.25
37.1
38.2
37.65
37.65
37.75
37.7
37.75
37.7
37.95
37.85
38.0
37.9
37.65
37.8
37.75
36.95
36.95
36.55
36.55
36.5
37.55
37.3
37.8
37.4
37.45
37.5
37.05
37.2
37.0
37.3
37.35
37.15
37.2
37.3
37.25
37.25
37.35
37.5
37.25
37.35
37.3
37.35
37.4
37.2
37.1
37.05
37.0
37.3
36.8
36.75
36.65
36.7
36.45
36.65
36.1
35.9
36.05
36.3
36.6
36.45
36.5
36.25
36.2
36.35
36.2
36.5
36.4
36.65
36.75
36.6
37.1
37.2
37.45
36.9
37.25
36.9
37.15
36.8
36.9
36.25
36.45
36.35
36.35
36.5
36.55
36.5
36.5
36.7
36.75
36.75
36.6
36.7
36.5
36.6
36.45
36.55
36.3
36.45
36.55
36.55
36.55
36.55
36.4
36.4
36.4
36.4
36.45
36.3
36.15
36.15
36.2
36.3
36.25
36.35
36.65
36.4
36.35
36.3
36.25
36.45
36.3
36.4
36.4
36.65
36.85
36.85
36.7
36.4
36.6
36.45
36.4
36.25
36.3
36.25
36.4
36.25
36.35
36.2
36.15
36.25
36.4
36.1
36.0
36.1
36.15
36.0
36.1
35.8
35.15
35.3
35.5
35.25
35.6
35.55
35.55
35.35
35.35
35.65
35.8
36.0
36.75
36.45
35.95
35.8
35.5
35.6
35.75
35.75
35.5
36.05
35.95
35.95
35.85
35.8
35.95
35.7
35.95
35.85
35.85
35.7
35.8
35.6
35.8
35.9
35.75
35.9
35.8
35.9
35.75
35.75
35.8
35.8
35.7
35.8
35.6
35.6
35.6
35.5
35.55
35.65
35.6
35.65
35.5
35.5
35.6
35.65
35.6
35.7
35.7
35.75
35.8
35.9
35.9
35.75
35.85
35.75
35.5
35.65
35.5
35.6
35.65
35.45
35.65
35.6
35.6
35.65
35.5
35.4
35.5
35.5
35.45
35.3
35.35
35.35
35.65
35.65
35.7
35.7
35.75
35.8
35.75
35.75
35.6
35.8
35.6
35.7
35.8
35.8
35.65
35.6
35.6
35.5
35.7
35.7
35.65
35.8
35.7
35.95
36.05
35.85
35.85
36.1
39.7
42.45
41.9
40.0
40.25
38.9
38.95
39.55
38.35
39.8
39.35
39.15
38.95
38.65
38.2
38.6
38.45
38.3
38.55
38.55
38.9
41.0
40.3
39.5
38.65
38.5
38.1
37.75
37.05
37.65
37.3
36.9
37.05
37.35
37.7
37.35
37.05
37.95
40.45
38.35
37.75
37.3
37.35
37.4
37.4
37.2
38.4
37.7
37.85
37.7
37.65
37.7
37.85
37.55
37.5
37.5
37.5
37.6
37.6
37.6
37.55
37.5
37.7
37.7
37.15
37.1
37.0
37.05
37.2
37.15
37.0
37.0
36.9
37.1
37.0
37.1
37.0
37.3
37.25
37.15
37.15
36.95
37.0
36.9
36.95
36.8
37.0
37.05
36.7
36.65
36.65
36.55
36.8
36.8
37.0
36.8
36.85
36.85
36.7
36.9
36.85
36.9
36.9
36.85
36.85
36.65
36.75
36.55
36.6
36.55
36.15
36.4
36.5
36.4
36.4
36.2
36.25
36.45
36.35
36.85
36.5
36.35
36.35
36.35
36.55
36.5
36.55
36.8
36.85
36.85
36.7
36.8
36.75
36.95
36.8
36.75
36.9
36.85
36.75
37.05
36.9
36.8
36.7
36.65
36.35
36.6
36.9
36.75
36.6
36.7
36.55
36.55
36.65
36.45
36.15
36.4
36.4
36.25
36.05
36.15
36.1
36.35
36.2
36.15
36.15
36.35
36.55
36.7
36.3
36.35
36.35
36.25
36.1
36.25
36.05
35.85
35.85
35.8
35.8
35.85
35.8
35.85
35.95
35.7
35.75
35.65
35.6
35.45
35.4
35.3
35.35
35.2
35.45
35.45
35.6
35.7
35.7
35.75
35.7
35.65
35.85
35.45
35.55
35.4
35.55
35.25
35.1
35.2
35.2
35.2
35.05
36.15
35.1
35.05
34.8
34.65
34.65
34.65
34.6
34.6
35.4
35.2
34.8
34.75
34.65
34.85
34.75
34.9
34.85
34.95
34.8
34.75
34.5
34.45
34.55
34.5
34.5
34.45
35.8
34.8
34.75
34.6
34.65
34.95
34.9
34.8
34.6
33.6
33.65
33.85
33.9
33.8
34.05
33.75
33.65
33.35
34.05
34.1
34.15
34.05
33.85
33.95
33.85
33.8
33.65
33.2
33.0
32.7
32.95
32.85
33.0
33.15
32.95
32.55
32.95
32.7
32.6
32.75
32.7
32.8
32.8
32.85
32.75
32.9
32.7
32.45
32.5
32.55
32.35
32.45
32.45
32.4
32.3
32.1
32.1
32.0
31.9
31.9
31.75
32.2
32.35
32.75
32.5
32.15
32.15
32.15
32.1
31.85
32.0
31.8
31.75
32.0
32.15
31.35
31.35
31.7
31.5
31.65
31.45
31.5
31.3
31.75
31.55
31.55
31.65
31.45
31.65
31.35
31.3
31.05
31.25
31.35
31.2
31.15
30.95
30.9
30.95
31.1
31.05
31.1
31.05
30.9
31.0
30.85
31.0
30.9
31.0
31.05
31.2
31.35
31.05
30.85
30.85
31.0
31.1
31.1
30.7
30.85
30.5
30.25
30.2
30.2
30.3
30.5
30.4
30.45
30.4
30.35
30.45
30.5
30.55
30.6
30.45
30.65
30.5
30.2
30.1
30.2
30.15
29.95
29.9
30.0
29.95
30.0
30.1
29.8
28.95
29.7
29.5
29.15
29.15
29.1
29.1
29.05
29.0
28.7
28.9
28.9
28.85
28.8
28.7
28.7
28.65
28.65
28.8
28.7
28.8
28.8
28.7
28.8
28.8
28.7
28.7
28.7
30.0
29.85
29.4
29.65
29.25
29.3
29.1
28.8
28.95
29.15
28.7
28.8
28.55
28.7
28.6
28.65
28.6
28.6
28.7
28.9
28.5
28.45
28.8
28.75
28.8
28.8
28.8
28.8
28.9
29.15
29.05
29.05
29.05
32.5
30.8
31.05
30.9
30.9
31.1
30.3
30.0
29.7
29.65
29.9
29.9
29.7
29.6
29.65
29.65
29.2
29.3
29.2
29.25
29.3
29.15
29.3
29.15
29.35
29.0
28.95
29.05
29.15
29.0
28.95
28.85
28.9
29.25
28.85
28.9
28.9
28.85
28.9
28.85
29.0
29.0
28.95
29.0
29.0
29.0
28.95
28.95
29.0
29.0
28.95
29.15
29.4
29.2
29.2
29.2
29.1
29.2
29.15
29.0
28.7
28.8
28.9
28.9
29.0
29.0
28.95
28.9
28.7
28.7
28.7
29.35
29.1
29.05
29.2
29.2
29.2
29.05
29.0
28.85
29.2
29.0
28.8
28.8
28.8
28.75
28.7
28.8
28.9
29.1
28.95
29.2
29.25
29.0
29.1
29.0
29.0
29.0
29.0
29.35
29.4
29.85
29.8
29.5
29.4
29.4
29.2
29.0
29.25
29.25
28.95
28.95
28.95
29.0
28.5
28.7
28.45
28.6
28.3
28.25
28.3
28.3
28.3
28.3
28.1
28.5
28.4
28.55
28.6
28.55
28.0
27.75
27.5
27.15
27.3
27.7
27.65
27.85
27.85
28.6
28.45
28.35
28.35
27.7
27.9
27.5
27.55
27.75
27.85
27.65
27.65
27.95
27.95
27.85
28.05
28.05
28.0
28.05
27.85
28.0
28.0
27.7
28.05
27.95
27.5
26.8
26.4
26.3
26.55
26.8
26.6
26.45
26.65
27.05
27.05
27.0
27.1
27.1
26.9
27.0
26.75
27.05
26.95
26.85
27.0
27.0
26.95
27.0
27.35
27.45
27.3
27.25
27.15
27.55
27.75
27.65
27.95
28.2
27.8
27.65
27.55
27.8
27.8
27.9
27.3
27.3
27.45
27.5
27.6
27.7
27.7
27.85
27.95
27.4
27.5
27.65
27.65
27.5
27.35
27.7
27.6
28.15
28.2
28.15
28.2
27.85
27.7
27.75
28.8
28.2
28.2
28.4
28.35
28.4
28.3
28.2
28.0
27.9
28.15
28.05
28.1
28.15
28.0
27.9
27.65
27.65
27.8
27.6
27.7
28.0
27.9
27.8
27.85
27.45
27.25
27.4
27.3
27.2
27.25
27.2
27.25
27.2
27.2
27.2
27.1
27.3
27.2
27.2
27.3
27.25
27.3
27.3
27.3
27.3
27.25
27.1
27.1
27.1
27.1
27.25
27.2
27.2
27.2
27.1
27.3
27.3
27.4
27.25
27.35
27.2
27.15
27.3
27.35
27.1
27.0
26.85
26.8
26.8
26.75
26.6
26.65
26.95
26.75
26.4
26.0
26.25
26.25
26.35
26.25
26.25
26.45
26.65
26.75
26.45
26.4
26.5
26.5
26.55
26.65
26.65
26.75
26.8
26.8
26.4
26.35
26.3
26.35
26.3
26.3
26.3
26.2
26.15
26.0
26.0
26.0
26.05
25.9
26.0
25.9
25.8
25.9
25.7
25.65
25.8
25.75
25.65
25.5
25.5
25.5
25.4
25.2
25.2
24.95
24.85
24.95
24.9
24.0
23.65
21.85
21.65
22.15
22.4
23.15
23.25
23.0
23.45
24.8
22.35
16.45
15.0
19.45
18.25
18.95
17.5
17.75
17.9
17.5
17.45
21.3
21.0
20.0
18.15
19.45
20.35
19.8
20.1
20.45
19.65
19.0
18.9
18.85
17.75
20.25
19.85
19.05
19.2
21.1
22.25
21.1
20.5
21.5
21.9
23.35
22.35
24.05
23.55
23.65
23.65
23.5
23.25
23.35
24.9
25.1
24.6
24.25
24.15
24.15
24.55
24.5
24.3
24.5
25.15
23.65
23.55
23.75
23.9
23.85
23.7
23.55
23.5
23.45
23.1
23.45
23.15
22.3
22.55
22.7
22.65
22.8
22.85
22.5
22.35
22.95
23.25
23.4
23.1
23.1
23.15
23.05
23.3
23.55
24.75
24.55
24.3
27.55
29.25
26.65
28.7
27.0
26.75
26.35
26.7
25.45
25.45
25.15
24.65
24.8
25.2
25.3
25.95
25.15
24.85
25.05
24.8
24.55
24.6
24.65
24.55
24.65
23.6
23.15
23.0
22.9
22.9
23.2
23.3
23.4
23.25
23.7
23.05
23.35
23.1
23.0
23.15
23.1
22.8
23.1
23.0
22.7
22.95
22.85
22.9
22.85
22.7
22.5
22.5
22.5
22.8
22.85
23.0
22.75
22.75
22.8
22.75
22.65
22.55
22.45
22.4
22.05
22.05
22.1
22.15
22.25
22.1
22.15
21.5
21.65
21.75
21.55
21.55
21.9
21.7
22.0
22.15
22.0
21.9
22.0
22.2
22.3
22.5
22.4
22.6
21.9
21.8
29.2
27.7
28.15
29.8
28.8
29.15
30.6
30.6
30.6
33.45
26.95
25.65
26.2
26.25
25.75
26.0
25.3
25.55
25.85
26.2
25.5
24.65
24.6
24.05
24.05
24.4
24.1
24.15
23.9
24.05
27.35
26.5
27.0
28.15
27.2
26.6
26.5
25.5
25.1
25.7
26.1
26.2
26.15
26.25
26.1
26.1
26.2
26.05
26.15
26.35
26.05
25.8
25.85
25.8
25.75
25.7
25.5
25.55
25.25
25.25
25.85
25.9
29.45
27.65
27.05
27.1
27.25
27.0
27.4
26.15
26.35
26.2
26.15
25.9
26.2
26.1
25.7
25.9
26.05
26.7
26.55
26.8
26.65
26.1
26.35
26.0
26.2
26.4
26.55
26.35
25.35
25.65
25.6
25.1
25.85
25.7
25.7
25.6
25.65
26.0
25.85
25.6
25.6
25.65
25.55
25.55
25.55
25.55
25.5
25.3
25.45
25.15
25.45
25.25
25.15
25.15
25.3
25.15
25.35
25.15
25.2
25.25
25.15
25.0
24.95
25.35
25.05
25.05
25.3
25.35
25.35
25.3
25.35
25.35
25.45
25.25
25.35
25.45
25.65
25.6
25.65
25.75
25.55
25.4
25.55
25.65
25.7
26.2
25.6
25.8
25.65
25.75
25.6
25.5
25.7
25.7
25.55
25.4
25.55
25.6
25.6
25.7
25.65
25.7
25.65
25.7
25.75
24.6
24.9
24.75
24.6
24.75
24.55
24.5
24.65
24.95
24.95
24.95
24.9
24.65
25.05
24.65
24.6
24.8
24.8
24.95
24.95
24.75
24.7
24.45
24.6
24.85
24.7
25.05
25.25
25.3
25.4
25.1
24.9
24.95
24.6
24.75
24.75
25.1
24.9
24.9
25.05
24.3
23.75
23.85
23.75
23.9
24.0
23.95
23.9
24.1
23.75
23.7
23.95
23.85
23.9
23.85
23.85
24.0
24.5
23.95
24.25
24.05
23.95
23.95
23.95
24.0
24.1
23.95
23.65
23.65
23.65
23.75
23.6
23.75
23.55
23.7
23.6
23.6
23.3
23.35
23.3
23.45
23.4
23.4
23.3
23.3
23.35
23.25
23.35
23.25
23.25
23.1
23.2
23.15
23.0
23.0
22.9
22.4
22.3
22.7
22.6
22.5
22.5
22.8
22.75
22.95
22.8
22.7
22.65
22.5
22.55
21.9
22.4
22.2
20.9
22.0
21.8
21.9
21.85
21.85
21.85
21.7
21.7
21.65
21.45
21.65
21.6
21.65
21.4
21.8
21.9
22.25
22.45
23.4
21.6
21.8
21.9
21.9
21.6
21.8
21.55
21.65
21.5
21.45
21.55
21.25
21.6
21.5
21.5
21.65
21.7
21.6
21.5
21.3
21.4
21.45
21.2
21.35
21.25
21.4
21.45
21.7
21.45
21.65
21.7
21.7
21.6
21.85
21.8
21.8
21.6
21.8
22.5
22.2
22.05
22.05
21.8
21.95
21.85
22.0
21.8
21.95
21.9
22.25
22.1
21.8
22.25
22.2
22.75
23.75
23.05
22.95
23.3
23.9
23.6
23.6
23.2
22.95
23.0
23.1
23.05
23.15
23.1
22.9
22.85
22.85
22.95
22.9
22.6
22.9
22.8
22.75
22.75
22.95
23.0
22.65
22.5
22.85
23.4
22.75
23.05
23.05
23.0
22.95
22.95
22.8
22.8
23.0
23.25
23.05
23.1
23.2
23.05
23.2
23.1
23.05
22.8
22.65
22.55
23.1
22.9
23.15
23.25
22.9
22.85
22.85
22.85
22.9
23.45
23.8
23.05
22.85
22.85
22.95
22.95
22.7
22.75
22.8
23.1
22.75
22.8
22.7
22.7
22.7
22.7
22.95
22.85
22.4
22.7
