close
940.0
912.1
939.8
910.2
929.5
930.0
910.0
929.6
910.0
919.6
915.0
901.1
901.1
911.6
917.0
914.0
905.1
905.1
910.0
909.8
909.0
905.0
918.7
918.6
899.9
899.9
888.0
890.0
909.4
881.1
889.2
885.2
895.8
885.5
885.5
893.8
888.1
888.1
889.0
894.3
920.0
936.0
940.0
944.9
943.0
942.9
921.1
942.6
944.9
945.0
940.0
948.8
962.9
941.2
977.0
1000.0
1000.0
1000.0
1000.0
1007.0
1005.1
1010.0
1020.0
1020.0
1020.0
1025.0
1030.0
1040.0
1035.0
1035.0
1045.0
1055.2
1045.0
1045.0
1060.0
1065.0
1075.0
1081.0
1085.1
1100.0
1070.0
1074.6
1080.0
1080.0
1089.0
1090.0
1095.0
1090.0
1105.0
1075.2
1085.0
1085.0
1078.3
1095.0
1165.0
1169.0
1175.0
1175.0
1244.8
1210.0
1201.0
1201.0
1247.0
1245.0
1264.8
1310.0
1374.7
1345.0
1354.2
1395.0
1395.0
1410.0
1360.0
1360.0
1400.0
1500.0
1400.0
1350.0
1355.0
1356.2
1355.0
1375.0
1370.1
1350.0
1332.7
1356.0
1329.0
1350.0
1339.9
1270.0
1299.0
1310.0
1340.0
1380.0
1330.0
1311.9
1305.0
1302.2
1300.0
1370.0
1390.0
1340.0
1390.0
1340.1
1379.9
1350.0
1339.0
1349.9
1374.8
1366.2
1299.8
1299.9
1280.6
1299.9
1296.8
1288.0
1290.0
1259.2
1277.9
1283.4
1250.0
1241.1
1298.0
1331.0
1338.7
1338.8
1331.1
1331.0
1263.0
1305.0
1305.6
1319.9
1300.0
1274.9
1270.0
1272.4
1250.0
1229.9
1250.0
1249.8
1245.0
1249.8
1240.0
1228.9
1200.0
1200.0
1240.0
1275.1
1250.0
1250.0
1250.0
1250.0
1219.9
1219.9
1202.2
1175.1
1210.0
1205.0
1177.0
1165.0
1205.0
1208.9
1202.0
1209.3
1209.6
1224.8
1205.1
1190.6
1191.1
1203.0
1203.0
1185.0
1207.0
1209.9
1185.0
1203.0
1199.9
1196.9
1197.0
1199.0
1183.4
1194.0
1192.0
1187.7
1190.0
1185.0
1182.0
1189.9
1175.2
1195.7
1185.0
1189.8
1184.1
1170.1
1182.3
1162.2
1171.2
1173.3
1169.2
1150.0
1170.0
1220.3
1185.1
1161.6
1174.9
1160.0
1190.0
1190.0
1175.1
1189.9
1175.1
1229.0
1229.0
1180.0
1175.0
1167.0
1252.1
1282.8
1220.0
1229.0
1202.3
1362.0
1349.7
1414.1
1375.0
1399.7
1399.3
1350.0
1357.0
1398.6
1350.0
1416.4
1409.9
1386.9
1397.0
1417.2
1410.1
1460.0
1415.1
1401.0
1433.9
1415.5
1415.1
1431.3
1416.5
1440.1
1420.0
1400.0
1455.0
1430.0
1401.1
1410.0
1410.0
1429.7
1429.8
1400.0
1355.3
1410.0
1424.0
1423.9
1404.9
1409.9
1409.9
1401.7
1419.9
1400.5
1410.0
1419.9
1550.0
1580.0
1580.0
1560.0
1525.0
1500.0
1500.0
1507.1
1511.0
1519.0
1518.0
1543.0
1543.0
1599.8
1543.0
1561.4
1543.0
1549.8
1543.0
1558.0
1544.8
1543.1
1501.6
1491.7
1492.1
1491.7
1490.0
1474.1
1535.1
1502.3
1464.2
1479.1
1482.1
1468.4
1474.1
1450.0
1460.0
1417.0
1432.3
1416.7
1423.0
1318.8
1289.9
1309.9
1314.7
1336.0
1327.7
1300.0
1333.0
1340.3
1340.8
1341.2
1344.9
1320.1
1338.0
1350.0
1342.1
1349.7
1340.1
1350.0
1330.0
1348.4
1343.6
1350.0
1334.9
1320.0
1320.4
1320.2
1340.0
1330.0
1330.0
1300.0
1300.0
1300.7
1312.0
1300.7
1318.7
1339.3
1329.7
1312.9
1338.7
1315.0
1310.0
1310.0
1295.0
1317.9
1300.0
1310.0
1300.0
1281.1
1300.0
1275.4
1258.3
1293.4
1313.1
1300.0
1309.8
1290.0
1293.5
1279.6
1275.0
1271.0
1283.9
1326.0
1323.6
1300.0
1289.7
1273.7
1293.9
1294.0
1300.0
1324.0
1300.1
1320.0
1309.9
1310.0
1310.0
1293.8
1300.0
1293.4
1304.8
1304.8
1309.5
1309.6
1291.0
1300.0
1304.0
1305.5
1306.3
1309.8
1308.0
1309.5
1308.9
1308.8
1319.6
1319.4
1318.0
1310.6
1319.9
1319.9
1319.9
1329.9
1338.8
1334.7
1339.6
1339.5
1339.6
1339.9
1349.3
1349.9
1349.0
1350.0
1359.2
1340.0
1349.4
1349.9
1349.9
1349.7
1349.6
1356.3
1340.1
1350.0
1340.0
1339.9
1350.0
1348.0
1345.0
1342.0
1359.3
1359.5
1353.5
1356.3
1355.3
1501.1
1492.0
1501.2
1503.3
1500.1
1500.0
1499.0
1502.0
1500.0
1500.0
1496.0
1502.9
1499.6
1495.0
1500.0
1496.9
1499.8
1500.0
1499.8
1500.0
1495.1
1495.1
1499.8
1495.1
1491.1
1499.7
1503.9
1495.1
1495.1
1492.0
1495.0
1495.5
1495.5
1495.5
1495.1
1495.1
1495.1
1495.1
1495.1
1499.3
1495.1
1495.2
1495.1
1495.1
1499.6
1500.0
1502.4
1501.1
1501.1
1501.1
1503.0
1501.2
1501.2
1503.0
1503.3
1503.0
1500.2
1500.2
1503.9
1502.0
1503.9
1501.0
1500.1
1504.9
1504.7
1502.0
1504.0
1501.6
1503.9
1501.7
1501.7
1501.7
1502.1
1501.0
1501.1
1501.2
1504.2
1501.1
1501.1
1501.1
1501.0
1501.0
1502.0
1502.0
1502.0
1502.0
1502.0
1502.0
1502.0
1502.0
1502.0
1502.0
1502.0
1502.0
1503.0
1503.0
1502.0
1502.0
1504.0
1502.0
1502.0
1502.0
1505.0
1503.0
1505.0
1503.0
1505.0
1503.0
1503.0
1504.0
1503.0
1503.0
1503.0
1504.0
1504.0
1503.0
1503.0
1503.0
1504.0
1504.0
1504.0
1504.0
1504.0
1504.0
1504.0
1511.0
1510.0
1513.0
1504.0
1497.0
1493.0
1493.0
1503.0
1503.0
1503.0
1504.0
1503.0
1504.0
1505.0
1505.0
1505.0
1505.0
1506.0
1505.0
1510.0
1511.0
1510.0
1510.0
1510.0
1513.0
1513.0
1517.0
1513.0
1513.0
1514.0
1514.0
1515.0
1517.0
1517.0
1515.0
1518.0
1519.0
1516.0
1519.0
1517.0
1520.0
1520.0
1521.0
1521.0
1522.0
1521.0
1522.0
1522.0
1521.0
1523.0
1523.0
1524.0
1524.0
1523.0
1523.0
1520.0
1523.0
1520.0
1523.0
1533.0
1529.0
1530.0
1530.0
1530.0
1533.0
1533.0
1532.0
1532.0
1531.0
1531.0
1533.0
1533.0
1533.0
1533.0
1534.0
1534.0
1534.0
1533.0
1534.0
1533.0
1533.0
1533.0
1532.0
1533.0
1533.0
1533.0
1533.0
1532.0
1533.0
1532.0
1532.0
1533.0
1533.0
1533.0
1534.0
1535.0
1538.0
1538.0
1538.0
1538.0
1534.0
1549.0
1530.0
1527.0
1539.0
1525.0
1550.0
1540.0
1532.0
1530.0
1545.0
1530.0
1525.0
1529.0
1536.0
1535.0
1525.0
1525.0
1525.0
1540.0
1537.0
1534.0
1534.0
1540.0
1537.0
1537.0
1538.0
1527.0
1527.0
1530.0
1530.0
1531.0
1530.0
1534.0
1530.0
1533.0
1530.0
1533.0
1533.0
1531.0
1540.0
1535.0
1536.0
1536.0
1535.0
1540.0
1536.0
1535.0
1505.0
1481.0
1504.0
1505.0
1469.0
1465.0
1494.0
1450.0
1423.0
1423.0
1438.0
1434.0
1413.0
1298.0
1319.0
1331.0
1319.0
1319.0
1380.0
1319.0
1350.0
1389.0
1346.0
1305.0
1310.0
1310.0
1319.0
1315.0
1316.0
1303.0
1344.0
1330.0
1284.0
1251.0
1269.0
1251.0
1234.0
1211.0
1202.0
1176.0
1143.0
1105.0
1274.0
1250.0
1245.0
1245.0
1223.0
1245.0
1279.0
1280.0
1300.0
1280.0
1280.0
1300.0
1287.0
1294.0
1294.0
1276.0
1300.0
1320.0
1300.0
1299.0
1394.0
1300.0
1240.0
1293.0
1341.0
1319.0
1301.0
1362.0
1415.0
1340.0
1261.0
1359.0
1287.0
1339.0
1220.0
1282.0
1104.0
1002.0
1016.0
1136.0
1007.0
1050.0
1079.0
1093.0
1050.0
1093.0
1078.0
1112.0
1112.0
1112.0
1050.0
1100.0
1086.0
1075.0
1075.0
1091.0
1197.0
1153.0
1210.0
1200.0
1020.0
1020.0
1100.0
1012.0
1008.0
986.0
990.0
1147.0
1115.0
1249.0
1200.0
1249.0
1175.0
1013.0
1060.0
1235.0
1222.0
1220.0
1110.0
1213.0
1198.0
1243.0
1243.0
1203.0
1225.0
1225.0
1202.0
1267.0
1247.0
1245.0
1246.0
1267.0
1312.0
1312.0
1318.0
1301.0
1317.0
1317.0
1310.0
1339.0
1334.0
1332.0
1339.0
1330.0
1334.0
1335.0
1335.0
1349.0
1348.0
1348.0
1358.0
1349.0
1318.0
1318.0
1316.0
1318.0
1327.0
1327.0
1318.0
1269.0
1236.0
1227.0
1238.0
1229.0
1239.0
1250.0
1248.0
1246.0
1250.0
1269.0
1260.0
1260.0
1251.0
1266.0
1270.0
1271.0
1270.0
1270.0
1260.0
1269.0
1260.0
1261.0
1246.0
1278.0
1236.0
1209.0
1218.0
1227.0
1160.0
1177.0
1178.0
1161.0
1182.0
1209.0
1209.0
1209.0
1201.0
1200.0
1201.0
1258.0
1258.0
1257.0
1250.0
1251.0
1250.0
1259.0
1259.0
1259.0
1221.0
1211.0
1218.0
1211.0
1229.0
1219.0
1218.0
1212.0
1220.0
1229.0
1226.0
1248.0
1249.0
1258.0
1259.0
1268.0
1269.0
1268.0
1268.0
1269.0
1265.0
1268.0
1255.0
1278.0
1273.0
1271.0
1289.0
1280.0
1274.0
1288.0
1288.0
1288.0
1309.0
1309.0
1330.0
1350.0
1349.0
1356.0
1488.0
1435.0
1425.0
1410.0
1479.0
1479.0
1405.0
1425.0
1475.0
1450.0
1410.0
1442.0
1378.0
1350.0
1354.0
1350.0
1358.0
1349.0
1349.0
1346.0
1316.0
1339.0
1315.0
1307.0
1300.0
1298.0
1291.0
1291.0
1282.0
1282.0
1301.0
1329.0
1319.0
1314.0
1312.0
1291.0
1291.0
1304.0
1359.0
1300.0
1325.0
1581.0
1419.0
1410.0
1401.0
1380.0
1800.0
1500.0
1504.0
1600.0
1505.0
1600.0
1505.0
1503.0
1451.0
1430.0
1410.0
1470.0
1501.0
1458.0
1810.0
2057.0
1836.0
1800.0
2095.0
1930.0
1950.0
1930.0
1900.0
1845.0
1845.0
1822.0
1950.0
1860.0
1890.0
2046.0
2019.0
2015.0
2007.0
2038.0
1969.0
1949.0
1949.0
1949.0
2030.0
1930.0
1999.0
1900.0
2047.0
1988.0
2000.0
2000.0
1982.0
2200.0
2450.0
2439.0
2419.0
2350.0
2700.0
2413.0
2350.0
2330.0
2340.0
2300.0
2492.0
2450.0
2399.0
2400.0
2350.0
2438.0
2431.0
2351.0
2350.0
2000.0
1975.0
1969.0
1915.0
1950.0
1940.0
1949.0
1950.0
1966.0
1950.0
1870.0
1908.0
1921.0
1898.0
1905.0
1905.0
1860.0
1802.0
1739.0
1747.0
1799.0
1812.0
1785.0
1751.0
1850.0
1815.0
1800.0
1800.0
1840.0
1800.0
1775.0
1796.0
1762.0
1734.0
1799.0
1750.0
1763.0
1745.0
1735.0
1741.0
1752.0
1865.0
1850.0
1847.0
1850.0
1850.0
1847.0
1845.0
1838.0
1860.0
2207.0
2573.0
2498.0
2573.0
2573.0
3139.0
3051.0
3142.0
2655.0
2547.0
2649.0
2518.0
2499.0
2709.0
3187.0
2881.0
2882.0
2731.0
2700.0
2300.0
2250.0
2225.0
2199.0
2120.0
2100.0
2040.0
2123.0
2099.0
2099.0
2077.0
2198.0
2144.0
2130.0
2120.0
2120.0
2124.0
2124.0
2121.0
2150.0
2100.0
2145.0
2100.0
2110.0
2190.0
2696.0
2593.0
2668.0
2600.0
2600.0
2500.0
2497.0
2450.0
2719.0
2617.0
2785.0
2898.0
3000.0
2837.0
2703.0
2500.0
2682.0
2563.0
2380.0
2300.0
2250.0
2221.0
2265.0
2300.0
2330.0
2300.0
2253.0
2322.0
2309.0
2389.0
2402.0
2449.0
2506.0
2400.0
2400.0
2490.0
2408.0
2306.0
2340.0
2324.0
2400.0
2448.0
2486.0
2440.0
2442.0
2401.0
2395.0
2342.0
2320.0
2383.0
2000.0
2096.0
2168.0
2160.0
2126.0
2186.0
2167.0
2135.0
2075.0
2100.0
2100.0
2127.0
2134.0
2157.0
2057.0
2100.0
2038.0
2084.0
2070.0
2058.0
2090.0
2100.0
2100.0
2090.0
2090.0
2062.0
2040.0
2087.0
2061.0
2130.0
2101.0
2101.0
2100.0
2050.0
2050.0
2050.0
2060.0
2068.0
2055.0
1909.0
1900.0
1887.0
1878.0
1856.0
1864.0
1854.0
1809.0
1834.0
1785.0
1823.0
1758.0
1760.0
1809.0
1801.0
1780.0
1850.0
1830.0
1780.0
2215.0
2111.0
2121.0
2040.0
2176.0
2176.0
2200.0
2200.0
2021.0
2222.0
2075.0
2110.0
2156.0
2074.0
2069.0
2020.0
2048.0
2049.0
2069.0
2009.0
1957.0
1935.0
1945.0
1944.0
1935.0
1959.0
1879.0
1916.0
1969.0
1969.0
1969.0
1930.0
1919.0
1930.0
1928.0
1890.0
1909.0
1919.0
1918.0
1920.0
1924.0
1919.0
1915.0
1893.0
1850.0
1901.0
1900.0
1901.0
1900.0
1900.0
1920.0
1848.0
1900.0
1909.0
1900.0
1905.0
1900.0
1900.0
1959.0
1959.0
1959.0
1997.0
1950.0
1969.0
1964.0
1965.0
1931.0
1900.0
2024.0
2095.0
2098.0
2065.0
2170.0
2165.0
2193.0
2228.0
2150.0
2154.0
2153.0
2180.0
2150.0
2065.0
2059.0
2049.0
2068.0
2005.0
1931.0
1999.0
1931.0
1976.0
2040.0
1950.0
1950.0
1995.0
1950.0
1955.0
1965.0
1955.0
1935.0
1880.0
1865.0
1865.0
1895.0
1850.0
1855.0
1820.0
1805.0
1830.0
1830.0
1835.0
1805.0
1845.0
1840.0
1815.0
1840.0
1830.0
1835.0
1835.0
1835.0
1845.0
1885.0
1850.0
1840.0
1835.0
1835.0
1830.0
1835.0
1830.0
1835.0
1790.0
1800.0
1800.0
1790.0
1790.0
1780.0
1785.0
1750.0
1750.0
1780.0
1785.0
1770.0
1775.0
1775.0
1780.0
1780.0
1785.0
1780.0
1780.0
1805.0
1765.0
1785.0
1780.0
1740.0
1760.0
1760.0
1790.0
1700.0
1690.0
1700.0
1710.0
1680.0
1620.0
1655.0
1715.0
1695.0
1690.0
1680.0
1675.0
1605.0
1595.0
1580.0
1565.0
1565.0
1565.0
1570.0
1575.0
1580.0
1550.0
1535.0
1525.0
1530.0
1545.0
1565.0
1505.0
1515.0
1545.0
1555.0
1510.0
1540.0
1555.0
1555.0
1560.0
1565.0
1530.0
1515.0
1515.0
1505.0
1525.0
1515.0
1510.0
1530.0
1545.0
1525.0
1535.0
1650.0
1620.0
1710.0
1670.0
1665.0
1645.0
1615.0
1625.0
1695.0
1690.0
1660.0
1610.0
1640.0
1570.0
1570.0
1600.0
1605.0
1600.0
1580.0
1570.0
1550.0
1560.0
1550.0
1570.0
1555.0
1600.0
1585.0
1585.0
1570.0
1580.0
1600.0
1595.0
1590.0
1580.0
1505.0
1540.0
1535.0
1515.0
1520.0
1485.0
1480.0
1495.0
1500.0
1425.0
1460.0
1435.0
1435.0
1460.0
1445.0
1460.0
1500.0
1470.0
1545.0
1550.0
1560.0
1565.0
1535.0
1495.0
1460.0
1470.0
1475.0
1485.0
1495.0
1505.0
1505.0
1505.0
1495.0
1475.0
1465.0
1470.0
1465.0
1490.0
1485.0
1475.0
1525.0
1500.0
1510.0
1525.0
1465.0
1480.0
1480.0
1490.0
1470.0
1500.0
1505.0
1635.0
1600.0
1530.0
1605.0
1585.0
1585.0
1620.0
1605.0
1580.0
1590.0
1640.0
1675.0
1675.0
1675.0
1740.0
1685.0
1645.0
1690.0
1695.0
1600.0
1600.0
1570.0
1570.0
1530.0
1555.0
1575.0
1525.0
1485.0
1515.0
1505.0
1440.0
1490.0
1425.0
1415.0
1400.0
1435.0
1420.0
1420.0
1445.0
1440.0
1435.0
1435.0
1440.0
1450.0
1445.0
1440.0
1430.0
1445.0
1430.0
1430.0
1400.0
1390.0
1400.0
1370.0
1375.0
1385.0
1320.0
1175.0
1195.0
1210.0
1240.0
1210.0
1220.0
1290.0
1315.0
1320.0
1315.0
1315.0
1315.0
1300.0
1290.0
1230.0
1220.0
1265.0
1205.0
1205.0
1230.0
1230.0
1275.0
1280.0
1295.0
1295.0
1295.0
1290.0
1295.0
1295.0
1335.0
1385.0
1345.0
1385.0
1465.0
1355.0
1380.0
1370.0
1390.0
1395.0
1380.0
1370.0
1365.0
1365.0
1360.0
1370.0
1360.0
1365.0
1360.0
1335.0
1390.0
1360.0
1375.0
1375.0
1370.0
1370.0
1390.0
1410.0
1410.0
1400.0
1410.0
1405.0
1400.0
1400.0
1425.0
1410.0
1400.0
1400.0
1400.0
1410.0
1400.0
1365.0
1405.0
1400.0
1400.0
1400.0
1400.0
1370.0
1390.0
1395.0
1400.0
1395.0
1390.0
1400.0
1395.0
1380.0
1375.0
1385.0
1390.0
1370.0
1370.0
1375.0
1385.0
1365.0
1365.0
1365.0
1375.0
1450.0
1440.0
1430.0
1430.0
1405.0
1400.0
1380.0
1385.0
1400.0
1390.0
1420.0
1395.0
1400.0
1410.0
1400.0
1400.0
1395.0
1400.0
1405.0
1400.0
1440.0
1400.0
1405.0
1405.0
1430.0
1450.0
1450.0
1485.0
1465.0
1465.0
1480.0
1500.0
1505.0
1495.0
1500.0
1495.0
1500.0
1505.0
1545.0
1495.0
1525.0
1505.0
1535.0
1585.0
1590.0
1620.0
1600.0
1590.0
1585.0
1565.0
1560.0
1545.0
1570.0
1550.0
1535.0
1570.0
1545.0
1585.0
1570.0
1570.0
1570.0
1580.0
1505.0
1560.0
1560.0
1600.0
1585.0
1570.0
1550.0
1525.0
1545.0
1585.0
1535.0
1605.0
1615.0
1645.0
1625.0
1625.0
1585.0
1650.0
1650.0
1650.0
1625.0
1625.0
1610.0
1625.0
1615.0
1615.0
1615.0
1635.0
1635.0
1635.0
1620.0
1635.0
1625.0
1650.0
1645.0
1640.0
1645.0
1645.0
1650.0
1635.0
1635.0
1635.0
1635.0
1635.0
1635.0
1635.0
1650.0
1670.0
1670.0
1675.0
1670.0
1665.0
1635.0
1705.0
1700.0
1705.0
1690.0
1705.0
1700.0
1695.0
1695.0
1675.0
1675.0
1645.0
1625.0
1635.0
1635.0
1730.0
1770.0
1750.0
1760.0
1730.0
1770.0
1745.0
1750.0
1730.0
1740.0
1740.0
1740.0
1735.0
1740.0
1740.0
1725.0
1725.0
1735.0
1730.0
1730.0
1745.0
1730.0
1735.0
1720.0
1720.0
1730.0
1740.0
1730.0
1730.0
1730.0
1730.0
1730.0
1735.0
1730.0
1730.0
1735.0
1710.0
1725.0
1715.0
1735.0
1735.0
1735.0
1735.0
1735.0
1735.0
1740.0
1735.0
1735.0
1735.0
1735.0
1735.0
1735.0
1740.0
1750.0
1750.0
1760.0
1760.0
1750.0
1760.0
1755.0
1745.0
1760.0
1740.0
1755.0
1755.0
1765.0
1750.0
1765.0
1750.0
1770.0
1750.0
1760.0
1765.0
1750.0
1755.0
1760.0
1765.0
1765.0
1755.0
1765.0
1765.0
1765.0
1760.0
1755.0
1755.0
1760.0
1765.0
1755.0
1740.0
1755.0
1755.0
1760.0
1750.0
1745.0
1760.0
1755.0
1755.0
1760.0
1765.0
1760.0
1765.0
1770.0
1765.0
1770.0
1760.0
1765.0
1765.0
1760.0
1760.0
1760.0
1765.0
1775.0
1760.0
1770.0
1760.0
1760.0
1765.0
1770.0
1765.0
1765.0
1765.0
1770.0
1770.0
1770.0
1770.0
1770.0
1770.0
1765.0
1775.0
1765.0
1765.0
1765.0
1755.0
1770.0
1770.0
1770.0
1770.0
1770.0
1770.0
1770.0
1785.0
1775.0
1770.0
1770.0
1770.0
1770.0
1780.0
1770.0
1770.0
1765.0
1770.0
1770.0
1765.0
1765.0
1765.0
1740.0
1765.0
1765.0
1775.0
1770.0
1770.0
1775.0
1770.0
1770.0
1780.0
1775.0
1780.0
1795.0
1770.0
1770.0
1770.0
1770.0
1775.0
1770.0
1770.0
1775.0
1775.0
1770.0
1770.0
1780.0
1770.0
1770.0
1775.0
1775.0
1775.0
1775.0
1775.0
1765.0
1770.0
1770.0
1770.0
1775.0
1780.0
1785.0
1755.0
1775.0
1775.0
1790.0
1775.0
1775.0
1775.0
1775.0
1775.0
1770.0
1775.0
1790.0
1780.0
1780.0
1775.0
1775.0
1775.0
1775.0
1780.0
1780.0
1775.0
1790.0
1775.0
1785.0
1780.0
1790.0
1775.0
1775.0
1780.0
1780.0
1780.0
1780.0
1780.0
1780.0
1780.0
1785.0
1785.0
1785.0
1785.0
1785.0
1790.0
1785.0
1780.0
1790.0
1780.0
1785.0
1785.0
1785.0
1785.0
1785.0
1790.0
1785.0
1785.0
1795.0
1785.0
1790.0
1785.0
1785.0
1810.0
1780.0
1785.0
1780.0
1780.0
1780.0
1785.0
1780.0
1785.0
1775.0
1775.0
1775.0
1775.0
1785.0
1775.0
1775.0
1775.0
1780.0
1780.0
1780.0
1870.0
1870.0
1810.0
1780.0
1780.0
1780.0
1785.0
1780.0
1780.0
1780.0
1780.0
1785.0
1780.0
1785.0
1780.0
1780.0
1780.0
1785.0
1780.0
1780.0
1780.0
1780.0
1780.0
1780.0
1780.0
1780.0
1785.0
1770.0
1780.0
1775.0
1775.0
1775.0
1790.0
1780.0
1775.0
1775.0
1770.0
1760.0
1790.0
1790.0
1780.0
1790.0
1775.0
1785.0
1780.0
1785.0
1785.0
1780.0
1790.0
1785.0
1780.0
1780.0
1780.0
1780.0
1780.0
1785.0
1785.0
1790.0
1775.0
1760.0
1670.0
1680.0
1685.0
1675.0
1690.0
1680.0
1720.0
1720.0
1720.0
1720.0
1740.0
1785.0
1745.0
1750.0
1770.0
1790.0
1780.0
1790.0
1790.0
1790.0
1800.0
1855.0
1825.0
1810.0
1785.0
1770.0
1770.0
1775.0
1745.0
1770.0
1780.0
1735.0
1780.0
1840.0
1805.0
1840.0
1825.0
1790.0
1765.0
1770.0
1770.0
1725.0
1785.0
1780.0
1780.0
1770.0
1770.0
1765.0
1700.0
1720.0
1755.0
1745.0
1725.0
1705.0
1710.0
1705.0
1710.0
1695.0
1705.0
1705.0
1705.0
1700.0
1695.0
1700.0
1695.0
1700.0
1690.0
1690.0
1685.0
1685.0
1700.0
1690.0
1685.0
1685.0
1705.0
1690.0
1690.0
1705.0
1685.0
1615.0
1655.0
1685.0
1660.0
1655.0
1645.0
1655.0
1630.0
1630.0
1680.0
1630.0
1600.0
1625.0
1625.0
1630.0
1600.0
1675.0
1620.0
1605.0
1605.0
1640.0
1595.0
1575.0
1545.0
1565.0
1580.0
1565.0
1545.0
1575.0
1535.0
1525.0
1500.0
1505.0
1505.0
1525.0
1515.0
1510.0
1505.0
1510.0
1495.0
1500.0
1520.0
1510.0
1500.0
1500.0
1500.0
1510.0
1505.0
1505.0
1480.0
1490.0
1470.0
1470.0
1470.0
1485.0
1465.0
1465.0
1470.0
1470.0
1470.0
1460.0
1465.0
1480.0
1485.0
1485.0
1510.0
1530.0
1520.0
1530.0
1510.0
1535.0
1530.0
1510.0
1525.0
1485.0
1510.0
1520.0
1510.0
1510.0
1505.0
1480.0
1490.0
1485.0
1470.0
1450.0
1480.0
1480.0
1485.0
1480.0
1450.0
1470.0
1450.0
1420.0
1465.0
1395.0
1390.0
1390.0
1450.0
1310.0
1270.0
1255.0
1260.0
1265.0
1240.0
1250.0
1250.0
1300.0
1260.0
1230.0
1280.0
1275.0
1295.0
1300.0
1255.0
1260.0
1300.0
1260.0
1295.0
1290.0
1290.0
1260.0
1275.0
1290.0
1280.0
1250.0
1255.0
1250.0
1260.0
1245.0
1255.0
1245.0
1250.0
1255.0
1245.0
1300.0
1270.0
1275.0
1280.0
1270.0
1295.0
1280.0
1310.0
1350.0
1320.0
1370.0
1490.0
1410.0
1410.0
1440.0
1425.0
1425.0
1495.0
1480.0
1390.0
1475.0
1410.0
1410.0
1410.0
1465.0
1425.0
1400.0
1435.0
1410.0
1440.0
1415.0
1430.0
1340.0
1395.0
1400.0
1410.0
1300.0
1355.0
1355.0
1415.0
1350.0
1350.0
1350.0
1370.0
1445.0
1420.0
1405.0
1435.0
1375.0
1415.0
1440.0
1430.0
1390.0
1440.0
1425.0
1425.0
1430.0
1445.0
1425.0
1400.0
1405.0
1415.0
1395.0
1400.0
1405.0
1390.0
1405.0
1230.0
1365.0
1380.0
1370.0
1355.0
1360.0
1360.0
1370.0
1375.0
1355.0
1380.0
1385.0
1380.0
1395.0
1380.0
1400.0
1315.0
1415.0
1435.0
1395.0
1400.0
1400.0
1400.0
1405.0
1410.0
1420.0
1425.0
1425.0
1420.0
1425.0
1420.0
1420.0
1420.0
1420.0
1435.0
1420.0
1415.0
1360.0
1400.0
1410.0
1440.0
1440.0
1425.0
1430.0
1420.0
1420.0
1420.0
1435.0
1425.0
1440.0
1435.0
1430.0
1440.0
1410.0
1425.0
1445.0
1445.0
1435.0
1465.0
1455.0
1460.0
1460.0
1480.0
1465.0
1475.0
1465.0
1460.0
1455.0
1465.0
1455.0
1450.0
1445.0
1440.0
1435.0
1425.0
1425.0
1425.0
1425.0
1420.0
1420.0
1410.0
1420.0
1435.0
1450.0
1405.0
1405.0
1420.0
1400.0
1415.0
1405.0
1390.0
1385.0
1395.0
1385.0
1375.0
1370.0
1370.0
1360.0
1375.0
1360.0
1360.0
1350.0
1310.0
1315.0
1300.0
1275.0
1270.0
1250.0
1245.0
1240.0
1240.0
1250.0
1240.0
1235.0
1235.0
1260.0
1240.0
1240.0
1245.0
1260.0
1215.0
1260.0
1240.0
1250.0
1255.0
1260.0
1245.0
1265.0
1235.0
1245.0
1255.0
1260.0
1265.0
1325.0
1360.0
1360.0
1325.0
1355.0
1265.0
1330.0
1325.0
1265.0
1240.0
1265.0
1265.0
1200.0
1250.0
1230.0
1235.0
1260.0
1215.0
1290.0
1285.0
1285.0
1310.0
1310.0
1305.0
1300.0
1270.0
1305.0
1295.0
1275.0
1295.0
1280.0
1285.0
1310.0
1310.0
1310.0
1320.0
1320.0
1295.0
1310.0
1285.0
1305.0
1290.0
1300.0
1235.0
1200.0
1170.0
1225.0
1250.0
1265.0
1280.0
1240.0
1250.0
1265.0
1290.0
1310.0
1300.0
1300.0
1320.0
1310.0
1320.0
1290.0
1315.0
1310.0
1310.0
1330.0
1320.0
1360.0
1390.0
1420.0
1390.0
1390.0
1385.0
1310.0
1355.0
1380.0
1345.0
1345.0
1345.0
1280.0
1330.0
1350.0
1310.0
1310.0
1250.0
1245.0
1250.0
1305.0
1230.0
1250.0
1250.0
1290.0
1270.0
1275.0
1265.0
1285.0
1215.0
1215.0
1255.0
1245.0
1250.0
1260.0
1255.0
1275.0
1240.0
1285.0
1225.0
1235.0
1245.0
1265.0
1235.0
1245.0
1260.0
1250.0
1290.0
1270.0
1285.0
1275.0
1255.0
1270.0
1280.0
1290.0
1260.0
1275.0
1275.0
1280.0
1270.0
1235.0
1200.0
1205.0
1245.0
1235.0
1230.0
1235.0
1245.0
1240.0
1250.0
1240.0
1240.0
1235.0
1235.0
1240.0
1245.0
1240.0
1240.0
1245.0
1245.0
1240.0
1245.0
1245.0
1240.0
1240.0
1240.0
1240.0
1245.0
1245.0
1250.0
1270.0
1270.0
1255.0
1265.0
1250.0
1270.0
1260.0
1200.0
1235.0
1240.0
1240.0
1250.0
1195.0
1190.0
1190.0
1190.0
1180.0
1175.0
1175.0
1165.0
1175.0
1175.0
1185.0
1185.0
1170.0
1175.0
1200.0
1195.0
1185.0
1190.0
1190.0
1190.0
1185.0
1190.0
1175.0
1495.0
1425.0
1380.0
1410.0
1440.0
1420.0
1450.0
1435.0
1475.0
1490.0
1480.0
1530.0
1500.0
1500.0
1530.0
1500.0
1470.0
1500.0
1490.0
1485.0
1520.0
1465.0
1500.0
1495.0
1490.0
1445.0
1375.0
1370.0
1375.0
1405.0
1390.0
1365.0
1360.0
1350.0
1360.0
1265.0
1270.0
1270.0
1280.0
1285.0
1270.0
1270.0
1275.0
1275.0
1270.0
1270.0
1265.0
1220.0
1235.0
1230.0
1230.0
1220.0
1235.0
1220.0
1210.0
1205.0
1215.0
1215.0
1210.0
1235.0
1220.0
1230.0
1235.0
1230.0
1240.0
1235.0
1225.0
1225.0
1220.0
1225.0
1225.0
1205.0
1215.0
1200.0
1165.0
1165.0
1170.0
1180.0
1170.0
1190.0
1200.0
1190.0
1200.0
1190.0
1200.0
1195.0
1190.0
1200.0
1165.0
1195.0
1195.0
1200.0
1190.0
1190.0
1200.0
1210.0
1195.0
1195.0
1195.0
1190.0
1195.0
1180.0
1180.0
1190.0
1180.0
1190.0
1180.0
1160.0
1195.0
1195.0
1190.0
1170.0
1180.0
1185.0
1200.0
1185.0
1185.0
1280.0
1275.0
1275.0
1235.0
1245.0
1200.0
1225.0
1180.0
1165.0
1150.0
1170.0
1170.0
1180.0
1170.0
1160.0
1180.0
1180.0
1155.0
1155.0
1160.0
1165.0
1165.0
1180.0
1160.0
1160.0
1175.0
1160.0
1105.0
1185.0
1145.0
1145.0
1205.0
1165.0
1160.0
1150.0
1150.0
1150.0
1150.0
1180.0
1260.0
1215.0
1215.0
1270.0
1185.0
1175.0
1180.0
1165.0
1185.0
1200.0
1155.0
1160.0
1160.0
1140.0
1165.0
1175.0
1170.0
1220.0
1150.0
1210.0
1195.0
1155.0
1195.0
1095.0
1125.0
1125.0
1075.0
1185.0
1180.0
1175.0
1095.0
1110.0
1095.0
1095.0
1075.0
1110.0
1045.0
1050.0
1065.0
1070.0
1025.0
1055.0
1050.0
1045.0
1045.0
1030.0
1040.0
1045.0
1050.0
1075.0
1165.0
1115.0
1110.0
1120.0
1130.0
1120.0
1115.0
1115.0
1120.0
1140.0
1145.0
1030.0
1025.0
1085.0
1105.0
1090.0
1065.0
1080.0
1100.0
1030.0
1010.0
1035.0
1030.0
1015.0
1005.0
1030.0
1010.0
1090.0
1040.0
1035.0
1035.0
1090.0
1050.0
1055.0
1095.0
1015.0
1020.0
1020.0
1010.0
1010.0
1025.0
1025.0
1025.0
1010.0
1020.0
1010.0
1010.0
1005.0
1010.0
945.0
945.0
980.0
975.0
1000.0
1000.0
965.0
965.0
965.0
975.0
975.0
995.0
995.0
960.0
985.0
990.0
960.0
960.0
960.0
960.0
950.0
950.0
975.0
975.0
975.0
970.0
940.0
945.0
870.0
905.0
920.0
920.0
915.0
945.0
920.0
915.0
915.0
960.0
950.0
950.0
940.0
920.0
915.0
915.0
915.0
935.0
965.0
965.0
965.0
985.0
920.0
930.0
910.0
910.0
955.0
910.0
915.0
910.0
910.0
940.0
930.0
910.0
930.0
855.0
825.0
790.0
815.0
820.0
800.0
795.0
800.0
815.0
810.0
820.0
810.0
810.0
780.0
785.0
800.0
810.0
810.0
800.0
800.0
825.0
825.0
810.0
795.0
790.0
790.0
780.0
780.0
775.0
780.0
795.0
775.0
795.0
790.0
785.0
780.0
775.0
755.0
740.0
755.0
755.0
755.0
760.0
760.0
770.0
775.0
760.0
760.0
760.0
755.0
770.0
750.0
765.0
760.0
770.0
775.0
775.0
790.0
780.0
770.0
775.0
780.0
775.0
775.0
775.0
780.0
770.0
770.0
780.0
775.0
815.0
800.0
805.0
800.0
805.0
800.0
775.0
800.0
795.0
800.0
800.0
810.0
805.0
790.0
790.0
800.0
815.0
790.0
800.0
790.0
790.0
790.0
790.0
775.0
780.0
770.0
780.0
775.0
775.0
780.0
755.0
760.0
760.0
760.0
765.0
765.0
770.0
780.0
780.0
740.0
755.0
745.0
730.0
730.0
750.0
760.0
745.0
735.0
730.0
700.0
710.0
710.0
710.0
705.0
710.0
685.0
680.0
680.0
680.0
670.0
670.0
680.0
695.0
695.0
690.0
690.0
695.0
690.0
705.0
685.0
700.0
705.0
700.0
705.0
710.0
705.0
700.0
700.0
725.0
720.0
710.0
700.0
725.0
730.0
715.0
700.0
690.0
700.0
695.0
695.0
695.0
720.0
720.0
700.0
710.0
690.0
670.0
685.0
695.0
695.0
700.0
715.0
695.0
700.0
700.0
695.0
700.0
700.0
695.0
690.0
690.0
700.0
690.0
690.0
690.0
695.0
705.0
715.0
700.0
710.0
705.0
715.0
720.0
720.0
700.0
720.0
695.0
690.0
695.0
695.0
705.0
700.0
700.0
700.0
695.0
685.0
735.0
750.0
755.0
715.0
725.0
720.0
720.0
720.0
730.0
725.0
725.0
735.0
735.0
730.0
730.0
730.0
730.0
725.0
730.0
735.0
740.0
745.0
730.0
730.0
735.0
735.0
735.0
730.0
730.0
730.0
735.0
730.0
730.0
725.0
725.0
700.0
710.0
720.0
730.0
740.0
740.0
715.0
710.0
715.0
725.0
735.0
705.0
700.0
710.0
705.0
700.0
700.0
695.0
695.0
705.0
710.0
700.0
705.0
705.0
700.0
700.0
705.0
715.0
720.0
715.0
720.0
720.0
725.0
725.0
730.0
725.0
745.0
740.0
740.0
740.0
730.0
740.0
740.0
740.0
725.0
740.0
730.0
735.0
740.0
730.0
745.0
740.0
740.0
730.0
730.0
735.0
725.0
730.0
730.0
725.0
735.0
765.0
765.0
760.0
760.0
745.0
730.0
740.0
745.0
720.0
720.0
715.0
720.0
715.0
715.0
725.0
750.0
750.0
730.0
745.0
750.0
745.0
725.0
755.0
745.0
745.0
745.0
740.0
740.0
740.0
735.0
730.0
725.0
740.0
760.0
840.0
865.0
870.0
960.0
990.0
950.0
925.0
915.0
955.0
900.0
880.0
885.0
840.0
820.0
810.0
800.0
850.0
825.0
815.0
820.0
815.0
805.0
810.0
800.0
805.0
805.0
800.0
780.0
745.0
745.0
755.0
740.0
740.0
735.0
735.0
740.0
740.0
745.0
715.0
720.0
700.0
710.0
715.0
710.0
700.0
695.0
690.0
695.0
695.0
700.0
700.0
690.0
695.0
695.0
695.0
700.0
700.0
695.0
695.0
690.0
690.0
695.0
695.0
700.0
705.0
700.0
705.0
700.0
680.0
685.0
685.0
695.0
695.0
695.0
690.0
690.0
700.0
690.0
690.0
705.0
690.0
690.0
685.0
685.0
685.0
720.0
715.0
715.0
725.0
720.0
720.0
705.0
705.0
700.0
700.0
695.0
710.0
725.0
730.0
725.0
725.0
725.0
690.0
700.0
695.0
700.0
700.0
690.0
705.0
710.0
705.0
700.0
700.0
695.0
695.0
700.0
700.0
695.0
690.0
700.0
685.0
695.0
685.0
685.0
695.0
680.0
695.0
695.0
700.0
700.0
685.0
695.0
695.0
695.0
725.0
725.0
730.0
730.0
745.0
740.0
740.0
735.0
745.0
740.0
740.0
745.0
740.0
730.0
740.0
750.0
745.0
765.0
745.0
740.0
740.0
755.0
740.0
770.0
745.0
745.0
770.0
775.0
765.0
775.0
785.0
770.0
765.0
775.0
810.0
770.0
765.0
775.0
760.0
760.0
770.0
770.0
775.0
775.0
760.0
755.0
760.0
760.0
775.0
775.0
775.0
770.0
765.0
760.0
730.0
750.0
750.0
750.0
750.0
765.0
760.0
755.0
750.0
745.0
745.0
740.0
725.0
740.0
735.0
725.0
725.0
705.0
725.0
730.0
750.0
770.0
760.0
760.0
760.0
755.0
745.0
725.0
685.0
695.0
695.0
715.0
710.0
720.0
710.0
710.0
720.0
710.0
715.0
715.0
710.0
705.0
695.0
710.0
705.0
705.0
700.0
715.0
700.0
700.0
700.0
705.0
705.0
705.0
715.0
715.0
720.0
705.0
710.0
710.0
720.0
710.0
705.0
705.0
700.0
695.0
700.0
695.0
705.0
710.0
710.0
690.0
690.0
700.0
705.0
685.0
700.0
705.0
700.0
700.0
710.0
690.0
705.0
700.0
700.0
715.0
715.0
710.0
705.0
705.0
715.0
705.0
700.0
705.0
710.0
705.0
705.0
720.0
720.0
705.0
710.0
710.0
715.0
705.0
710.0
710.0
710.0
715.0
715.0
715.0
715.0
685.0
700.0
700.0
710.0
700.0
700.0
705.0
705.0
710.0
715.0
710.0
700.0
700.0
690.0
700.0
705.0
705.0
790.0
785.0
770.0
775.0
775.0
750.0
765.0
765.0
765.0
765.0
770.0
765.0
770.0
770.0
775.0
775.0
780.0
770.0
750.0
750.0
740.0
735.0
735.0
740.0
770.0
785.0
810.0
790.0
750.0
770.0
815.0
780.0
790.0
790.0
790.0
800.0
775.0
780.0
785.0
785.0
775.0
785.0
770.0
755.0
760.0
755.0
760.0
760.0
750.0
750.0
725.0
745.0
745.0
745.0
735.0
745.0
750.0
780.0
760.0
740.0
760.0
760.0
765.0
775.0
810.0
810.0
805.0
800.0
820.0
835.0
835.0
1015.0
960.0
950.0
950.0
995.0
975.0
1035.0
990.0
1205.0
1260.0
1240.0
1215.0
1360.0
1335.0
1360.0
740.0
735.0
740.0
710.0
715.0
710.0
710.0
700.0
710.0
710.0
700.0
700.0
700.0
700.0
710.0
715.0
710.0
715.0
705.0
705.0
700.0
700.0
700.0
690.0
700.0
695.0
695.0
705.0
695.0
690.0
690.0
705.0
690.0
700.0
705.0
690.0
700.0
690.0
690.0
695.0
690.0
685.0
690.0
685.0
685.0
680.0
685.0
685.0
690.0
695.0
680.0
680.0
675.0
675.0
680.0
665.0
675.0
635.0
660.0
640.0
650.0
650.0
650.0
655.0
650.0
660.0
695.0
680.0
685.0
700.0
700.0
725.0
705.0
715.0
705.0
655.0
640.0
650.0
645.0
660.0
680.0
675.0
660.0
675.0
670.0
680.0
680.0
670.0
675.0
665.0
665.0
655.0
655.0
670.0
655.0
665.0
650.0
645.0
655.0
655.0
655.0
655.0
660.0
645.0
650.0
645.0
655.0
640.0
650.0
650.0
645.0
655.0
650.0
645.0
650.0
650.0
650.0
650.0
640.0
630.0
650.0
640.0
640.0
660.0
675.0
670.0
670.0
655.0
645.0
660.0
655.0
645.0
645.0
650.0
645.0
645.0
635.0
645.0
655.0
635.0
635.0
640.0
645.0
645.0
645.0
640.0
630.0
630.0
665.0
665.0
665.0
650.0
655.0
680.0
675.0
675.0
655.0
640.0
645.0
640.0
640.0
640.0
630.0
630.0
630.0
635.0
650.0
660.0
635.0
630.0
625.0
625.0
625.0
630.0
625.0
620.0
625.0
620.0
620.0
640.0
660.0
665.0
660.0
660.0
660.0
660.0
655.0
650.0
650.0
650.0
660.0
670.0
665.0
640.0
675.0
675.0
675.0
670.0
680.0
705.0
715.0
685.0
660.0
675.0
690.0
690.0
685.0
700.0
710.0
710.0
710.0
710.0
710.0
710.0
710.0
710.0
730.0
715.0
720.0
725.0
710.0
710.0
725.0
720.0
680.0
725.0
720.0
720.0
725.0
725.0
725.0
730.0
725.0
725.0
755.0
750.0
750.0
750.0
750.0
695.0
750.0
750.0
750.0
750.0
755.0
750.0
755.0
750.0
750.0
750.0
750.0
750.0
755.0
760.0
765.0
760.0
760.0
755.0
760.0
760.0
760.0
800.0
800.0
820.0
805.0
810.0
840.0
840.0
860.0
825.0
815.0
805.0
810.0
805.0
800.0
800.0
800.0
800.0
800.0
765.0
785.0
785.0
775.0
770.0
770.0
790.0
775.0
770.0
780.0
795.0
755.0
760.0
775.0
775.0
775.0
755.0
755.0
750.0
775.0
775.0
765.0
765.0
765.0
725.0
755.0
765.0
755.0
755.0
760.0
750.0
760.0
800.0
810.0
815.0
815.0
765.0
800.0
770.0
795.0
790.0
780.0
770.0
785.0
800.0
765.0
800.0
805.0
755.0
815.0
785.0
810.0
805.0
810.0
785.0
785.0
780.0
785.0
760.0
780.0
770.0
785.0
765.0
760.0
760.0
730.0
730.0
735.0
750.0
765.0
750.0
740.0
730.0
730.0
730.0
735.0
730.0
730.0
725.0
725.0
730.0
730.0
715.0
725.0
725.0
720.0
725.0
710.0
725.0
720.0
730.0
710.0
710.0
715.0
715.0
695.0
715.0
715.0
705.0
720.0
705.0
705.0
690.0
695.0
690.0
680.0
690.0
685.0
690.0
685.0
680.0
690.0
680.0
650.0
690.0
690.0
690.0
690.0
680.0
680.0
685.0
685.0
685.0
685.0
680.0
680.0
660.0
660.0
670.0
685.0
685.0
680.0
680.0
675.0
670.0
670.0
670.0
680.0
665.0
675.0
685.0
670.0
680.0
680.0
670.0
670.0
670.0
685.0
665.0
675.0
680.0
690.0
695.0
680.0
695.0
700.0
685.0
680.0
690.0
695.0
675.0
685.0
670.0
675.0
655.0
690.0
675.0
680.0
670.0
660.0
675.0
660.0
710.0
785.0
795.0
800.0
800.0
800.0
790.0
715.0
685.0
770.0
780.0
765.0
745.0
755.0
735.0
720.0
735.0
750.0
700.0
705.0
735.0
735.0
735.0
715.0
735.0
735.0
735.0
715.0
710.0
740.0
745.0
740.0
755.0
735.0
735.0
735.0
710.0
710.0
735.0
735.0
735.0
735.0
735.0
740.0
735.0
760.0
730.0
745.0
740.0
750.0
745.0
745.0
715.0
735.0
740.0
730.0
740.0
740.0
725.0
725.0
710.0
730.0
730.0
715.0
735.0
720.0
710.0
705.0
705.0
710.0
715.0
710.0
700.0
710.0
710.0
710.0
715.0
720.0
715.0
695.0
705.0
700.0
700.0
705.0
710.0
690.0
705.0
720.0
695.0
710.0
695.0
705.0
715.0
685.0
705.0
690.0
700.0
690.0
750.0
750.0
750.0
750.0
745.0
740.0
740.0
745.0
750.0
795.0
810.0
795.0
740.0
760.0
745.0
740.0
760.0
750.0
750.0
765.0
755.0
750.0
740.0
750.0
755.0
780.0
755.0
795.0
795.0
795.0
795.0
795.0
790.0
780.0
785.0
780.0
785.0
780.0
800.0
820.0
815.0
800.0
782.0
798.0
792.0
798.0
774.0
782.0
796.0
792.0
800.0
790.0
788.0
790.0
786.0
786.0
788.0
774.0
772.0
788.0
800.0
782.0
776.0
780.0
764.0
774.0
758.0
794.0
790.0
792.0
800.0
786.0
794.0
778.0
778.0
818.0
784.0
814.0
796.0
782.0
764.0
780.0
780.0
798.0
800.0
798.0
798.0
796.0
800.0
800.0
794.0
768.0
810.0
794.0
790.0
770.0
764.0
788.0
776.0
782.0
770.0
794.0
794.0
782.0
796.0
752.0
754.0
796.0
788.0
790.0
768.0
778.0
784.0
780.0
774.0
776.0
778.0
778.0
786.0
780.0
762.0
772.0
762.0
758.0
762.0
762.0
766.0
778.0
766.0
758.0
780.0
774.0
774.0
772.0
758.0
772.0
774.0
782.0
774.0
774.0
758.0
760.0
758.0
770.0
760.0
760.0
778.0
778.0
774.0
764.0
760.0
760.0
764.0
764.0
768.0
762.0
778.0
756.0
762.0
768.0
762.0
770.0
774.0
762.0
772.0
760.0
762.0
760.0
774.0
762.0
760.0
762.0
754.0
758.0
754.0
772.0
768.0
758.0
768.0
758.0
754.0
766.0
762.0
764.0
756.0
754.0
754.0
754.0
750.0
748.0
752.0
746.0
744.0
748.0
742.0
732.0
724.0
738.0
738.0
744.0
730.0
734.0
724.0
724.0
730.0
716.0
726.0
712.0
710.0
710.0
716.0
714.0
708.0
714.0
718.0
708.0
714.0
716.0
710.0
714.0
714.0
710.0
714.0
720.0
720.0
722.0
728.0
728.0
730.0
730.0
730.0
736.0
742.0
732.0
734.0
732.0
732.0
734.0
736.0
740.0
742.0
748.0
732.0
734.0
734.0
744.0
744.0
742.0
738.0
742.0
744.0
734.0
734.0
732.0
738.0
728.0
732.0
732.0
732.0
738.0
738.0
734.0
738.0
734.0
734.0
738.0
732.0
732.0
740.0
734.0
734.0
738.0
740.0
734.0
740.0
732.0
738.0
740.0
740.0
742.0
734.0
738.0
730.0
734.0
734.0
738.0
736.0
736.0
736.0
736.0
722.0
733.0
732.0
732.0
735.0
732.0
732.0
732.0
732.0
732.0
726.0
721.0
732.0
732.0
734.0
732.0
733.0
735.0
733.0
732.0
732.0
732.0
732.0
732.0
736.0
738.0
732.0
732.0
732.0
732.0
737.0
737.0
732.0
733.0
732.0
732.0
732.0
733.0
732.0
732.0
733.0
731.0
729.0
729.0
729.0
730.0
737.0
730.0
732.0
731.0
730.0
734.0
731.0
730.0
732.0
730.0
726.0
729.0
734.0
734.0
734.0
734.0
734.0
726.0
725.0
736.0
725.0
725.0
730.0
737.0
737.0
740.0
734.0
734.0
744.0
744.0
729.0
745.0
733.0
734.0
735.0
740.0
745.0
744.0
757.0
736.0
737.0
744.0
736.0
745.0
736.0
744.0
737.0
736.0
741.0
738.0
736.0
737.0
743.0
737.0
743.0
739.0
741.0
742.0
743.0
738.0
737.0
742.0
741.0
735.0
742.0
735.0
736.0
735.0
735.0
743.0
745.0
745.0
745.0
740.0
740.0
735.0
735.0
735.0
735.0
739.0
735.0
738.0
735.0
735.0
740.0
732.0
740.0
731.0
732.0
738.0
726.0
736.0
737.0
737.0
732.0
735.0
735.0
744.0
732.0
743.0
731.0
730.0
731.0
742.0
731.0
730.0
730.0
743.0
740.0
742.0
741.0
743.0
744.0
741.0
741.0
743.0
732.0
741.0
743.0
740.0
744.0
740.0
745.0
745.0
740.0
740.0
740.0
740.0
743.0
741.0
741.0
743.0
743.0
743.0
745.0
740.0
741.0
742.0
740.0
744.0
742.0
743.0
743.0
745.0
745.0
743.0
741.0
740.0
744.0
744.0
744.0
742.0
741.0
743.0
742.0
751.0
740.0
744.0
744.0
745.0
740.0
744.0
741.0
762.0
781.0
779.0
776.0
776.0
738.0
739.0
739.0
738.0
748.0
745.0
745.0
742.0
759.0
742.0
742.0
745.0
750.0
750.0
750.0
755.0
755.0
760.0
755.0
748.0
746.0
746.0
749.0
746.0
750.0
745.0
745.0
747.0
752.0
755.0
755.0
759.0
747.0
745.0
757.0
749.0
749.0
739.0
738.0
737.0
737.0
750.0
750.0
750.0
750.0
749.0
754.0
755.0
750.0
750.0
754.0
750.0
749.0
749.0
754.0
751.0
755.0
753.0
755.0
756.0
749.0
752.0
755.0
755.0
755.0
753.0
751.0
759.0
752.0
751.0
751.0
752.0
755.0
751.0
754.0
748.0
748.0
754.0
754.0
754.0
749.0
755.0
755.0
751.0
756.0
759.0
755.0
760.0
752.0
755.0
753.0
745.0
746.0
758.0
752.0
754.0
755.0
750.0
750.0
751.0
755.0
742.0
753.0
747.0
754.0
747.0
746.0
755.0
750.0
750.0
757.0
757.0
747.0
758.0
755.0
755.0
755.0
749.0
766.0
767.0
759.0
764.0
764.0
767.0
763.0
768.0
764.0
777.0
776.0
776.0
764.0
774.0
776.0
763.0
779.0
759.0
758.0
772.0
757.0
749.0
752.0
753.0
755.0
760.0
756.0
745.0
755.0
759.0
761.0
762.0
741.0
753.0
751.0
749.0
754.0
749.0
752.0
757.0
759.0
748.0
747.0
772.0
772.0
758.0
760.0
757.0
756.0
778.0
779.0
758.0
751.0
766.0
767.0
752.0
748.0
760.0
739.0
756.0
759.0
756.0
758.0
775.0
759.0
775.0
758.0
750.0
778.0
758.0
758.0
758.0
769.0
756.0
777.0
761.0
766.0
760.0
778.0
760.0
780.0
787.0
776.0
792.0
773.0
780.0
779.0
771.0
779.0
779.0
767.0
765.0
777.0
774.0
769.0
767.0
767.0
787.0
769.0
770.0
782.0
790.0
823.0
1073.0
1074.0
1074.0
1074.0
1181.0
1502.0
1502.0
1077.0
1162.0
1132.0
1110.0
1126.0
1101.0
1030.0
1001.0
975.0
938.0
925.0
935.0
938.0
946.0
960.0
909.0
928.0
882.0
844.0
879.0
885.0
885.0
883.0
860.0
887.0
887.0
871.0
869.0
982.0
1115.0
1220.0
1154.0
1177.0
1178.0
1035.0
1067.0
1185.0
1165.0
1151.0
1164.0
1160.0
1170.0
1155.0
1144.0
1192.0
1194.0
1165.0
1121.0
1168.0
1132.0
1142.0
1143.0
1150.0
1156.0
1128.0
1098.0
1126.0
1119.0
1122.0
1136.0
1111.0
1094.0
1094.0
1119.0
1037.0
1048.0
1042.0
1007.0
1018.0
1011.0
1036.0
1012.0
1015.0
1018.0
1010.0
1019.0
996.0
995.0
1000.0
1012.0
985.0
994.0
1038.0
1100.0
1090.0
1105.0
1120.0
1095.0
1080.0
1098.0
1095.0
1101.0
1067.0
1056.0
1055.0
1046.0
1053.0
1030.0
1032.0
1046.0
1070.0
1070.0
1074.0
1061.0
1068.0
1079.0
1060.0
1061.0
1050.0
1052.0
1053.0
1035.0
1045.0
1038.0
1026.0
1036.0
1030.0
1011.0
1007.0
1008.0
1008.0
1014.0
1015.0
1015.0
1009.0
1016.0
1006.0
990.0
1015.0
1001.0
1000.0
1072.0
1038.0
1038.0
1033.0
1039.0
1051.0
1004.0
1027.0
1040.0
1045.0
1044.0
1028.0
1045.0
1035.0
1036.0
1009.0
1020.0
1010.0
1023.0
1000.0
1010.0
1010.0
1000.0
1000.0
1006.0
1003.0
1002.0
1008.0
999.0
999.0
1010.0
1014.0
1022.0
997.0
988.0
980.0
993.0
985.0
976.0
968.0
966.0
966.0
981.0
969.0
966.0
962.0
962.0
968.0
954.0
950.0
955.0
951.0
943.0
942.0
930.0
933.0
933.0
936.0
926.0
919.0
914.0
921.0
908.0
903.0
900.0
900.0
888.0
873.0
880.0
875.0
874.0
864.0
860.0
851.0
846.0
847.0
851.0
827.0
824.0
779.0
800.0
794.0
799.0
832.0
810.0
817.0
817.0
829.0
818.0
818.0
818.0
817.0
814.0
813.0
818.0
825.0
834.0
826.0
832.0
839.0
835.0
816.0
812.0
825.0
815.0
824.0
817.0
808.0
818.0
815.0
801.0
813.0
808.0
801.0
801.0
808.0
809.0
817.0
817.0
817.0
817.0
807.0
807.0
825.0
979.0
965.0
983.0
977.0
950.0
924.0
985.0
960.0
956.0
980.0
974.0
973.0
971.0
968.0
967.0
974.0
977.0
1016.0
1009.0
942.0
942.0
919.0
920.0
919.0
919.0
930.0
933.0
930.0
931.0
940.0
932.0
920.0
916.0
915.0
911.0
917.0
908.0
917.0
925.0
925.0
926.0
909.0
915.0
913.0
915.0
915.0
913.0
919.0
918.0
916.0
916.0
916.0
938.0
930.0
947.0
935.0
977.0
952.0
943.0
915.0
926.0
925.0
930.0
934.0
930.0
920.0
948.0
946.0
940.0
938.0
918.0
923.0
936.0
934.0
920.0
931.0
945.0
929.0
940.0
933.0
930.0
937.0
930.0
927.0
935.0
940.0
945.0
936.0
935.0
937.0
940.0
945.0
940.0
945.0
945.0
932.0
931.0
932.0
946.0
931.0
931.0
932.0
934.0
932.0
929.0
931.0
927.0
930.0
927.0
925.0
921.0
923.0
917.0
902.0
909.0
900.0
900.0
900.0
911.0
912.0
911.0
900.0
919.0
918.0
901.0
903.0
903.0
919.0
904.0
890.0
897.0
898.0
909.0
902.0
908.0
895.0
897.0
897.0
894.0
902.0
896.0
904.0
909.0
907.0
905.0
904.0
904.0
896.0
915.0
899.0
899.0
895.0
890.0
886.0
880.0
880.0
880.0
900.0
905.0
900.0
900.0
902.0
905.0
906.0
900.0
900.0
900.0
894.0
900.0
894.0
894.0
889.0
888.0
881.0
855.0
857.0
859.0
860.0
863.0
857.0
863.0
862.0
870.0
859.0
869.0
852.0
857.0
870.0
881.0
870.0
880.0
877.0
877.0
899.0
900.0
891.0
890.0
888.0
888.0
888.0
878.0
883.0
890.0
900.0
894.0
884.0
878.0
871.0
885.0
884.0
890.0
887.0
874.0
870.0
886.0
860.0
862.0
880.0
865.0
864.0
870.0
885.0
865.0
868.0
864.0
869.0
865.0
890.0
880.0
889.0
875.0
876.0
863.0
867.0
871.0
877.0
862.0
877.0
883.0
863.0
862.0
863.0
878.0
862.0
870.0
860.0
878.0
851.0
852.0
850.0
849.0
861.0
850.0
857.0
850.0
849.0
849.0
840.0
840.0
841.0
830.0
826.0
824.0
829.0
828.0
820.0
820.0
818.0
825.0
955.0
902.0
897.0
891.0
893.0
873.0
867.0
862.0
863.0
861.0
867.0
860.0
857.0
862.0
857.0
852.0
858.0
843.0
847.0
848.0
849.0
849.0
851.0
848.0
854.0
860.0
860.0
860.0
859.0
856.0
858.0
850.0
857.0
857.0
857.0
850.0
841.0
857.0
873.0
867.0
851.0
851.0
861.0
860.0
859.0
851.0
858.0
859.0
858.0
850.0
856.0
860.0
861.0
860.0
859.0
870.0
854.0
851.0
857.0
852.0
856.0
855.0
850.0
851.0
854.0
853.0
851.0
863.0
864.0
851.0
855.0
853.0
863.0
856.0
853.0
853.0
856.0
853.0
840.0
841.0
842.0
842.0
850.0
835.0
843.0
843.0
843.0
842.0
842.0
849.0
856.0
856.0
842.0
856.0
856.0
855.0
842.0
851.0
844.0
845.0
841.0
842.0
844.0
842.0
842.0
848.0
840.0
842.0
841.0
850.0
841.0
840.0
840.0
840.0
840.0
835.0
830.0
829.0
828.0
835.0
836.0
830.0
830.0
830.0
840.0
857.0
833.0
833.0
836.0
833.0
834.0
832.0
831.0
831.0
828.0
844.0
826.0
822.0
827.0
856.0
848.0
844.0
844.0
834.0
834.0
842.0
842.0
841.0
837.0
834.0
830.0
838.0
838.0
829.0
835.0
829.0
838.0
829.0
830.0
840.0
839.0
830.0
839.0
829.0
827.0
835.0
826.0
824.0
824.0
825.0
824.0
834.0
827.0
825.0
823.0
832.0
827.0
827.0
828.0
822.0
826.0
823.0
829.0
821.0
828.0
826.0
830.0
837.0
825.0
829.0
825.0
830.0
855.0
841.0
828.0
839.0
836.0
840.0
838.0
840.0
835.0
827.0
830.0
831.0
838.0
831.0
832.0
833.0
833.0
833.0
833.0
832.0
840.0
832.0
829.0
829.0
830.0
838.0
831.0
830.0
837.0
821.0
825.0
824.0
826.0
821.0
820.0
820.0
816.0
819.0
820.0
822.0
822.0
821.0
823.0
829.0
818.0
816.0
823.0
812.0
831.0
816.0
819.0
817.0
816.0
816.0
812.0
811.0
811.0
812.0
815.0
813.0
813.0
813.0
818.0
816.0
816.0
813.0
811.0
814.0
815.0
827.0
820.0
820.0
819.0
815.0
817.0
815.0
815.0
815.0
815.0
809.0
804.0
804.0
802.0
802.0
806.0
804.0
806.0
802.0
802.0
801.0
802.0
804.0
798.0
808.0
809.0
807.0
802.0
802.0
802.0
803.0
808.0
796.0
802.0
805.0
802.0
801.0
804.0
797.0
797.0
796.0
795.0
793.0
790.0
790.0
790.0
789.0
789.0
791.0
790.0
783.0
782.0
784.0
789.0
789.0
788.0
786.0
786.0
786.0
786.0
791.0
789.0
788.0
786.0
783.0
789.0
785.0
787.0
788.0
788.0
787.0
788.0
785.0
785.0
785.0
781.0
786.0
784.0
784.0
781.0
779.0
782.0
779.0
782.0
779.0
784.0
782.0
780.0
779.0
780.0
780.0
780.0
779.0
778.0
777.0
779.0
768.0
769.0
769.0
767.0
772.0
770.0
769.0
767.0
768.0
769.0
767.0
766.0
768.0
769.0
762.0
768.0
771.0
772.0
772.0
772.0
772.0
772.0
760.0
761.0
760.0
759.0
758.0
766.0
767.0
765.0
766.0
768.0
771.0
771.0
779.0
790.0
771.0
767.0
789.0
777.0
783.0
871.0
907.0
883.0
866.0
852.0
880.0
880.0
846.0
845.0
844.0
841.0
839.0
906.0
858.0
854.0
861.0
849.0
872.0
880.0
873.0
860.0
850.0
856.0
860.0
863.0
865.0
859.0
852.0
849.0
848.0
854.0
826.0
864.0
842.0
845.0
839.0
848.0
848.0
836.0
834.0
856.0
861.0
859.0
860.0
850.0
855.0
844.0
842.0
841.0
856.0
816.0
824.0
833.0
833.0
821.0
821.0
839.0
821.0
821.0
822.0
809.0
809.0
815.0
819.0
818.0
800.0
803.0
813.0
815.0
812.0
814.0
814.0
804.0
815.0
821.0
821.0
818.0
828.0
823.0
823.0
822.0
822.0
820.0
832.0
825.0
843.0
848.0
857.0
856.0
857.0
850.0
844.0
845.0
841.0
841.0
842.0
857.0
846.0
845.0
842.0
842.0
858.0
847.0
848.0
847.0
848.0
848.0
848.0
849.0
841.0
840.0
833.0
831.0
830.0
830.0
821.0
829.0
830.0
835.0
828.0
847.0
842.0
842.0
841.0
814.0
839.0
826.0
827.0
825.0
840.0
821.0
821.0
823.0
937.0
970.0
980.0
1004.0
980.0
988.0
961.0
976.0
926.0
972.0
954.0
958.0
974.0
974.0
957.0
918.0
919.0
873.0
883.0
918.0
892.0
903.0
893.0
900.0
897.0
908.0
904.0
904.0
908.0
920.0
916.0
916.0
915.0
908.0
915.0
910.0
914.0
914.0
900.0
895.0
896.0
899.0
893.0
894.0
901.0
890.0
880.0
886.0
886.0
887.0
886.0
876.0
884.0
915.0
915.0
958.0
951.0
943.0
939.0
924.0
907.0
919.0
905.0
949.0
962.0
952.0
955.0
1024.0
1005.0
965.0
954.0
975.0
1036.0
1002.0
1030.0
1041.0
1049.0
1050.0
1034.0
1017.0
1016.0
1009.0
1031.0
1023.0
1000.0
1008.0
993.0
994.0
991.0
1000.0
1009.0
1010.0
1010.0
1002.0
1002.0
993.0
969.0
983.0
979.0
975.0
976.0
976.0
977.0
980.0
987.0
987.0
979.0
974.0
986.0
991.0
990.0
995.0
1000.0
989.0
996.0
986.0
985.0
977.0
980.0
983.0
994.0
990.0
989.0
983.0
981.0
981.0
994.0
987.0
986.0
996.0
996.0
1004.0
998.0
996.0
994.0
994.0
994.0
986.0
992.0
993.0
993.0
999.0
1002.0
998.0
995.0
997.0
989.0
997.0
992.0
990.0
990.0
990.0
996.0
994.0
998.0
1002.0
996.0
996.0
1000.0
1002.0
1028.0
1017.0
1002.0
997.0
1000.0
1009.0
1002.0
1004.0
1005.0
1012.0
1001.0
1000.0
992.0
990.0
1001.0
982.0
988.0
986.0
940.0
924.0
930.0
918.0
924.0
939.0
936.0
940.0
937.0
965.0
964.0
951.0
950.0
945.0
944.0
936.0
940.0
898.0
878.0
840.0
870.0
877.0
887.0
887.0
871.0
863.0
898.0
888.0
890.0
888.0
855.0
851.0
864.0
847.0
869.0
902.0
899.0
902.0
890.0
902.0
893.0
900.0
892.0
898.0
894.0
881.0
889.0
897.0
879.0
908.0
986.0
956.0
990.0
982.0
967.0
968.0
982.0
968.0
980.0
981.0
970.0
977.0
994.0
950.0
900.0
942.0
903.0
909.0
906.0
902.0
892.0
806.0
849.0
844.0
831.0
861.0
845.0
840.0
840.0
842.0
815.0
890.0
858.0
859.0
825.0
825.0
840.0
851.0
848.0
826.0
750.0
739.0
732.0
751.0
737.0
739.0
729.0
711.0
680.0
735.0
707.0
716.0
716.0
736.0
704.0
720.0
711.0
710.0
720.0
685.0
693.0
681.0
699.0
641.0
640.0
653.0
669.0
719.0
716.0
715.0
689.0
691.0
677.0
650.0
657.0
678.0
635.0
616.0
638.0
629.0
627.0
649.0
678.0
670.0
686.0
689.0
693.0
690.0
690.0
672.0
730.0
703.0
718.0
727.0
762.0
850.0
820.0
890.0
880.0
870.0
802.0
807.0
815.0
872.0
849.0
840.0
843.0
864.0
838.0
830.0
829.0
839.0
840.0
848.0
851.0
863.0
829.0
837.0
842.0
842.0
822.0
830.0
803.0
810.0
746.0
740.0
745.0
740.0
748.0
745.0
735.0
745.0
745.0
746.0
750.0
750.0
760.0
749.0
735.0
735.0
740.0
720.0
731.0
718.0
714.0
710.0
707.0
716.0
714.0
715.0
707.0
707.0
707.0
713.0
718.0
729.0
730.0
720.0
725.0
727.0
720.0
706.0
718.0
716.0
707.0
710.0
709.0
711.0
714.0
730.0
714.0
721.0
725.0
729.0
721.0
722.0
720.0
728.0
726.0
741.0
760.0
780.0
750.0
760.0
762.0
760.0
803.0
785.0
768.0
759.0
752.0
766.0
766.0
771.0
761.0
771.0
774.0
773.0
774.0
766.0
761.0
769.0
764.0
760.0
752.0
746.0
746.0
757.0
751.0
749.0
748.0
771.0
770.0
771.0
770.0
785.0
772.0
770.0
779.0
780.0
783.0
776.0
774.0
773.0
782.0
774.0
770.0
770.0
773.0
772.0
757.0
760.0
758.0
762.0
755.0
752.0
762.0
769.0
780.0
763.0
766.0
753.0
760.0
761.0
746.0
760.0
750.0
749.0
736.0
743.0
745.0
731.0
723.0
723.0
724.0
742.0
739.0
730.0
730.0
733.0
735.0
747.0
748.0
749.0
750.0
750.0
745.0
732.0
739.0
730.0
733.0
738.0
733.0
740.0
737.0
729.0
732.0
735.0
707.0
706.0
707.0
713.0
714.0
714.0
703.0
709.0
710.0
716.0
715.0
724.0
716.0
724.0
715.0
723.0
723.0
720.0
722.0
721.0
721.0
721.0
716.0
715.0
721.0
715.0
709.0
710.0
717.0
715.0
712.0
713.0
711.0
712.0
708.0
710.0
709.0
718.0
718.0
706.0
705.0
711.0
711.0
712.0
710.0
710.0
711.0
711.0
710.0
714.0
714.0
725.0
719.0
725.0
725.0
725.0
730.0
730.0
726.0
739.0
735.0
728.0
734.0
729.0
727.0
734.0
730.0
723.0
723.0
724.0
732.0
726.0
732.0
731.0
741.0
730.0
730.0
737.0
740.0
740.0
734.0
741.0
742.0
742.0
743.0
735.0
741.0
741.0
748.0
749.0
750.0
750.0
754.0
759.0
759.0
754.0
745.0
745.0
755.0
753.0
750.0
750.0
750.0
745.0
743.0
745.0
745.0
733.0
742.0
742.0
738.0
737.0
744.0
721.0
732.0
720.0
718.0
718.0
717.0
714.0
717.0
716.0
719.0
717.0
716.0
715.0
744.0
749.0
741.0
744.0
743.0
739.0
762.0
751.0
741.0
759.0
754.0
750.0
751.0
753.0
748.0
749.0
743.0
749.0
749.0
750.0
753.0
752.0
752.0
753.0
750.0
748.0
749.0
751.0
750.0
753.0
752.0
752.0
751.0
750.0
754.0
754.0
767.0
757.0
758.0
760.0
767.0
775.0
767.0
767.0
768.0
775.0
775.0
766.0
761.0
776.0
774.0
774.0
774.0
772.0
775.0
798.0
775.0
781.0
765.0
762.0
763.0
756.0
755.0
761.0
753.0
773.0
755.0
770.0
793.0
783.0
783.0
783.0
782.0
779.0
775.0
781.0
776.0
783.0
782.0
778.0
777.0
779.0
794.0
785.0
778.0
778.0
781.0
788.0
795.0
795.0
795.0
786.0
780.0
783.0
778.0
776.0
779.0
780.0
780.0
780.0
785.0
779.0
775.0
793.0
781.0
787.0
788.0
782.0
786.0
788.0
785.0
785.0
781.0
776.0
785.0
771.0
771.0
772.0
771.0
779.0
771.0
784.0
785.0
785.0
785.0
778.0
784.0
777.0
778.0
782.0
779.0
770.0
775.0
773.0
779.0
763.0
761.0
762.0
762.0
765.0
764.0
774.0
775.0
772.0
772.0
773.0
772.0
771.0
766.0
767.0
767.0
765.0
765.0
762.0
763.0
765.0
770.0
760.0
763.0
761.0
763.0
761.0
769.0
769.0
769.0
765.0
764.0
770.0
768.0
769.0
765.0
772.0
772.0
772.0
769.0
765.0
761.0
764.0
773.0
761.0
767.0
768.0
769.0
754.0
746.0
754.0
758.0
754.0
751.0
755.0
750.0
752.0
754.0
747.0
751.0
756.0
748.0
750.0
768.0
762.0
751.0
754.0
761.0
765.0
773.0
763.0
764.0
765.0
764.0
763.0
760.0
775.0
770.0
774.0
776.0
780.0
775.0
760.0
775.0
765.0
762.0
754.0
762.0
768.0
749.0
768.0
770.0
760.0
738.0
763.0
744.0
751.0
731.0
760.0
759.0
751.0
762.0
797.0
870.0
824.0
826.0
842.0
872.0
847.0
867.0
853.0
850.0
860.0
800.0
799.0
799.0
816.0
798.0
798.0
802.0
827.0
829.0
846.0
839.0
833.0
841.0
827.0
840.0
903.0
1160.0
1276.0
1380.0
1259.0
1264.0
1245.0
1250.0
1235.0
1106.0
1100.0
1083.0
1090.0
1128.0
1226.0
1168.0
1197.0
1160.0
1153.0
1174.0
1183.0
1115.0
1110.0
1129.0
1101.0
1092.0
1123.0
1106.0
1138.0
1108.0
1113.0
1101.0
1085.0
1130.0
1160.0
1134.0
1121.0
1121.0
1109.0
1103.0
1090.0
1082.0
1082.0
1073.0
1082.0
1071.0
1070.0
1057.0
1056.0
1058.0
1050.0
1028.0
1035.0
1044.0
1056.0
1056.0
1086.0
1120.0
1120.0
1110.0
1127.0
1097.0
1076.0
1081.0
1090.0
1100.0
1098.0
1147.0
1145.0
1121.0
1120.0
1093.0
1095.0
1095.0
1110.0
1276.0
1220.0
1203.0
1209.0
1195.0
1180.0
1185.0
1191.0
1192.0
1130.0
1154.0
1169.0
1184.0
1184.0
1184.0
1172.0
1180.0
1180.0
1190.0
1173.0
1168.0
1169.0
1161.0
1230.0
1293.0
1265.0
1236.0
1280.0
1234.0
1242.0
1243.0
1252.0
1243.0
1243.0
1250.0
1249.0
1242.0
1240.0
1200.0
1217.0
1181.0
1203.0
1202.0
1203.0
1204.0
1199.0
1174.0
1173.0
1169.0
1175.0
1155.0
1162.0
1162.0
1171.0
1171.0
1161.0
1168.0
1161.0
1170.0
1176.0
1170.0
1168.0
1172.0
1165.0
1178.0
1150.0
1154.0
1155.0
1160.0
1220.0
1180.0
1259.0
1281.0
1274.0
1240.0
1390.0
1372.0
1298.0
1292.0
1280.0
1250.0
1250.0
1241.0
1252.0
1279.0
1249.0
1241.0
1238.0
1250.0
1252.0
1230.0
1242.0
1255.0
1240.0
1249.0
1250.0
1249.0
1230.0
1261.0
1236.0
1237.0
1251.0
1259.0
1231.0
1230.0
1230.0
1242.0
1212.0
1208.0
1211.0
1240.0
1228.0
1243.0
1239.0
1254.0
1277.0
1266.0
1260.0
1272.0
1268.0
1380.0
1346.0
1445.0
1451.0
1467.0
1500.0
1406.0
1400.0
1347.0
1366.0
1379.0
1363.0
1342.0
1371.0
1383.0
1365.0
1344.0
1334.0
1331.0
1325.0
1324.0
1335.0
1345.0
1326.0
1309.0
1307.0
1314.0
1316.0
1310.0
1312.0
1313.0
1311.0
1303.0
1379.0
1370.0
1389.0
1388.0
1395.0
1389.0
1383.0
1380.0
1388.0
1365.0
1380.0
1386.0
1379.0
1343.0
1334.0
1340.0
1337.0
1331.0
1328.0
1320.0
1320.0
1321.0
1320.0
1318.0
1318.0
1328.0
1325.0
1310.0
1328.0
1327.0
1326.0
1313.0
1356.0
1348.0
1341.0
1355.0
1353.0
1320.0
1344.0
1335.0
1347.0
1311.0
1325.0
1320.0
1323.0
1334.0
1303.0
1318.0
1309.0
1309.0
1280.0
1310.0
1301.0
1302.0
1293.0
1312.0
1311.0
1305.0
1305.0
1305.0
1305.0
1318.0
1309.0
1314.0
1300.0
1300.0
1300.0
1296.0
1290.0
1290.0
1280.0
1250.0
1274.0
1246.0
1269.0
1267.0
1252.0
1265.0
1253.0
1238.0
1225.0
1275.0
1275.0
1253.0
1254.0
1252.0
1245.0
1243.0
1238.0
1260.0
1260.0
1265.0
1256.0
1229.0
1242.0
1231.0
1256.0
1242.0
1227.0
1242.0
1246.0
1246.0
1229.0
1228.0
1240.0
1239.0
1228.0
1207.0
1214.0
1235.0
1210.0
1221.0
1224.0
1221.0
1221.0
1223.0
1218.0
1237.0
1237.0
1221.0
1221.0
1233.0
1222.0
1225.0
1251.0
1235.0
1235.0
1232.0
1229.0
1212.0
1219.0
1231.0
1223.0
1213.0
1224.0
1233.0
1217.0
1231.0
1224.0
1210.0
1205.0
1205.0
1208.0
1205.0
1200.0
1209.0
1205.0
1216.0
1214.0
1214.0
1211.0
1210.0
1211.0
1211.0
1211.0
1201.0
1196.0
1197.0
1197.0
1208.0
1203.0
1200.0
1200.0
1197.0
1197.0
1186.0
1186.0
1166.0
1168.0
1168.0
1158.0
1162.0
1178.0
1177.0
1177.0
1163.0
1175.0
1165.0
1154.0
1157.0
1170.0
1157.0
1169.0
1159.0
1155.0
1168.0
1140.0
1129.0
1130.0
1130.0
1130.0
1134.0
1137.0
1137.0
1142.0
1139.0
1133.0
1134.0
1133.0
1128.0
1126.0
1127.0
1131.0
1131.0
1121.0
1126.0
1128.0
1137.0
1131.0
1125.0
1130.0
1122.0
1122.0
1123.0
1123.0
1124.0
1124.0
1100.0
1107.0
1098.0
1082.0
1069.0
1110.0
1097.0
1079.0
1020.0
1026.0
1032.0
1023.0
1029.0
1035.0
1049.0
1047.0
1026.0
1174.0
1250.0
1216.0
1232.0
1210.0
1200.0
1216.0
1261.0
1236.0
1193.0
1214.0
1203.0
1209.0
1216.0
1222.0
1219.0
1239.0
1219.0
1180.0
1198.0
1204.0
1167.0
1179.0
1188.0
1186.0
1169.0
1148.0
1161.0
1159.0
1145.0
1156.0
1159.0
1146.0
1140.0
1145.0
1112.0
1125.0
1125.0
1113.0
1138.0
1131.0
1175.0
1182.0
1170.0
1179.0
1153.0
1153.0
1155.0
1176.0
1175.0
1147.0
1175.0
1151.0
1145.0
1140.0
1135.0
1126.0
1126.0
1122.0
1125.0
1134.0
1134.0
1129.0
1110.0
1051.0
1051.0
1055.0
1056.0
1058.0
1066.0
1065.0
1061.0
1058.0
1063.0
1063.0
1063.0
1063.0
1054.0
1058.0
1050.0
1049.0
1047.0
1045.0
1042.0
1048.0
1029.0
1033.0
1018.0
1015.0
1015.0
1010.0
1021.0
1014.0
1015.0
1070.0
1068.0
1074.0
1056.0
1075.0
1039.0
1042.0
1047.0
1047.0
1048.0
1047.0
1020.0
1033.0
1028.0
1170.0
1179.0
1216.0
1206.0
1187.0
1185.0
1196.0
1196.0
1185.0
1182.0
1191.0
1178.0
1178.0
1195.0
1173.0
1170.0
1170.0
1178.0
1193.0
1196.0
1190.0
1187.0
1171.0
1175.0
1166.0
1167.0
1160.0
1178.0
1169.0
1169.0
1170.0
1165.0
1144.0
1160.0
1177.0
1179.0
1179.0
1179.0
1170.0
1159.0
1145.0
1146.0
1153.0
1165.0
1173.0
1175.0
1137.0
1136.0
1137.0
1144.0
1131.0
1137.0
1136.0
1120.0
1110.0
1115.0
1110.0
1116.0
1118.0
1130.0
1131.0
1111.0
1147.0
1146.0
1149.0
1138.0
1139.0
1152.0
1151.0
1151.0
1152.0
1152.0
1152.0
1162.0
1155.0
1169.0
1151.0
1150.0
1152.0
1150.0
1147.0
1149.0
1152.0
1139.0
1153.0
1152.0
1166.0
1165.0
1165.0
1141.0
1160.0
1157.0
1149.0
1169.0
1169.0
1168.0
1177.0
1185.0
1198.0
1175.0
1214.0
1188.0
1202.0
1190.0
1191.0
1185.0
1217.0
1211.0
1212.0
1208.0
1202.0
1201.0
1207.0
1220.0
1190.0
1207.0
1204.0
1187.0
1204.0
1212.0
1191.0
1190.0
1191.0
1195.0
1213.0
1209.0
1192.0
1201.0
1200.0
1198.0
1181.0
1179.0
1179.0
1179.0
1179.0
1177.0
1192.0
1168.0
1167.0
1172.0
1171.0
1172.0
1190.0
1188.0
1187.0
1187.0
1176.0
1188.0
1175.0
1170.0
1170.0
1158.0
1153.0
1145.0
1146.0
1166.0
1166.0
1186.0
1157.0
1169.0
1173.0
1165.0
1165.0
1181.0
1183.0
1149.0
1174.0
1175.0
1169.0
1170.0
1170.0
1160.0
1152.0
1154.0
1155.0
1160.0
1163.0
1147.0
1167.0
1147.0
1155.0
1169.0
1168.0
1177.0
1179.0
1177.0
1172.0
1177.0
1189.0
1169.0
1196.0
1197.0
1191.0
1190.0
1180.0
1179.0
1174.0
1174.0
1168.0
1168.0
1168.0
1171.0
1168.0
1168.0
1168.0
1167.0
1167.0
1167.0
1176.0
1160.0
1154.0
1152.0
1173.0
1173.0
1171.0
1150.0
1145.0
1150.0
1153.0
1141.0
1145.0
1144.0
1146.0
1159.0
1157.0
1157.0
1155.0
1167.0
1168.0
1175.0
1169.0
1167.0
1167.0
1141.0
1148.0
1174.0
1152.0
1172.0
1161.0
1156.0
1169.0
1152.0
1165.0
1135.0
1162.0
1161.0
1159.0
1165.0
1164.0
1151.0
1144.0
1174.0
1172.0
1147.0
1143.0
1142.0
1166.0
1176.0
1176.0
1151.0
1173.0
1172.0
1171.0
1173.0
1169.0
1170.0
1169.0
1176.0
1177.0
1155.0
1155.0
1154.0
1154.0
1146.0
1155.0
1154.0
1175.0
1165.0
1171.0
1171.0
1139.0
1165.0
1166.0
1172.0
1169.0
1169.0
1168.0
1170.0
1147.0
1155.0
1150.0
1156.0
1138.0
1167.0
1156.0
1158.0
1157.0
1151.0
1154.0
1141.0
1150.0
1136.0
1147.0
1153.0
1151.0
1150.0
1134.0
1149.0
1150.0
1150.0
1141.0
1148.0
1135.0
1144.0
1142.0
1146.0
1136.0
1146.0
1147.0
1134.0
1135.0
1145.0
1137.0
1144.0
1139.0
1138.0
1139.0
1153.0
1149.0
1136.0
1147.0
1155.0
1150.0
1146.0
1148.0
1125.0
1144.0
1125.0
1152.0
1151.0
1152.0
1152.0
1150.0
1149.0
1153.0
1129.0
1131.0
1137.0
1137.0
1142.0
1144.0
1142.0
1129.0
1140.0
1133.0
1134.0
1129.0
1115.0
1106.0
1114.0
1115.0
1112.0
1116.0
1131.0
1111.0
1111.0
1112.0
1109.0
1109.0
1113.0
1121.0
1123.0
1121.0
1121.0
1122.0
1134.0
1118.0
1116.0
1116.0
1102.0
1104.0
1114.0
1115.0
1083.0
1114.0
1115.0
1114.0
1103.0
1094.0
1101.0
1102.0
1098.0
1088.0
1088.0
1090.0
1092.0
1086.0
1096.0
1086.0
1080.0
1087.0
1100.0
1087.0
1076.0
1101.0
1098.0
1098.0
1091.0
1090.0
1091.0
1074.0
1080.0
1103.0
1100.0
1103.0
1102.0
1103.0
1083.0
1083.0
1080.0
1080.0
1098.0
1100.0
1086.0
1099.0
1099.0
1077.0
1098.0
1080.0
1091.0
1088.0
1096.0
1094.0
1077.0
1094.0
1072.0
1074.0
1076.0
1076.0
1080.0
1094.0
1077.0
1116.0
1113.0
1100.0
1083.0
1082.0
1097.0
1099.0
1090.0
1090.0
1090.0
1076.0
1082.0
1082.0
1082.0
1103.0
1089.0
1096.0
1098.0
1098.0
1090.0
1090.0
1119.0
1117.0
1118.0
1100.0
1104.0
1104.0
1103.0
1077.0
1087.0
1075.0
1074.0
1070.0
1065.0
1065.0
1065.0
1066.0
1065.0
1063.0
1063.0
1050.0
1048.0
1037.0
1049.0
1025.0
1054.0
1076.0
1088.0
1088.0
1083.0
1073.0
1046.0
1042.0
1025.0
1014.0
1056.0
1022.0
1031.0
1037.0
1036.0
1031.0
1031.0
1019.0
1036.0
1037.0
1040.0
1040.0
1039.0
1024.0
1024.0
1024.0
1025.0
1022.0
1016.0
1022.0
1023.0
1014.0
1015.0
1015.0
1015.0
1014.0
1006.0
1002.0
1002.0
999.0
998.0
997.0
997.0
992.0
990.0
970.0
958.0
964.0
970.0
970.0
970.0
970.0
972.0
980.0
952.0
977.0
953.0
960.0
984.0
980.0
988.0
989.0
998.0
989.0
1140.0
1116.0
1117.0
1072.0
1061.0
1116.0
1108.0
1081.0
1066.0
1067.0
1047.0
1043.0
1032.0
1032.0
1031.0
1027.0
1032.0
1035.0
1039.0
1063.0
1038.0
1035.0
1021.0
1034.0
1038.0
1021.0
1032.0
1025.0
1022.0
1017.0
1011.0
1021.0
1021.0
1010.0
1011.0
1006.0
1028.0
1007.0
1006.0
1044.0
1029.0
1025.0
1027.0
1031.0
1038.0
1023.0
1024.0
1012.0
1023.0
1039.0
1068.0
1022.0
1022.0
1023.0
1052.0
1028.0
1022.0
1020.0
1022.0
1015.0
1015.0
1011.0
1026.0
1030.0
1025.0
1012.0
1009.0
979.0
1027.0
1027.0
997.0
998.0
997.0
991.0
991.0
994.0
994.0
1014.0
1015.0
1015.0
1015.0
1015.0
998.0
1000.0
1025.0
1025.0
1003.0
1028.0
1002.0
1023.0
1005.0
1029.0
1028.0
1039.0
1030.0
1030.0
1030.0
1030.0
1039.0
1035.0
1013.0
1031.0
1031.0
1018.0
1012.0
1012.0
1028.0
1028.0
1030.0
1006.0
1013.0
1022.0
1035.0
1008.0
1016.0
997.0
997.0
997.0
1012.0
1010.0
1007.0
1000.0
1000.0
1009.0
1019.0
1016.0
1015.0
1006.0
1009.0
1016.0
990.0
992.0
997.0
990.0
999.0
995.0
999.0
1005.0
1000.0
1001.0
1001.0
992.0
1004.0
993.0
997.0
987.0
1000.0
1002.0
1005.0
997.0
1035.0
983.0
985.0
983.0
973.0
974.0
974.0
974.0
974.0
974.0
965.0
965.0
968.0
968.0
971.0
986.0
986.0
980.0
968.0
969.0
978.0
968.0
979.0
984.0
983.0
984.0
961.0
971.0
975.0
973.0
955.0
977.0
964.0
972.0
964.0
974.0
984.0
977.0
977.0
976.0
976.0
976.0
974.0
965.0
970.0
961.0
961.0
970.0
970.0
955.0
973.0
965.0
955.0
952.0
950.0
971.0
973.0
979.0
978.0
979.0
970.0
980.0
962.0
961.0
960.0
989.0
962.0
988.0
970.0
970.0
985.0
985.0
985.0
966.0
984.0
980.0
956.0
960.0
979.0
979.0
960.0
973.0
974.0
974.0
960.0
957.0
965.0
962.0
962.0
949.0
949.0
948.0
940.0
950.0
923.0
895.0
940.0
930.0
931.0
920.0
915.0
915.0
913.0
