close
1000
1000
1000
1000
1000
1000
1000
1000
620
880
880
880
1000
600
990
1255
999
1021
1089
1150
1200
1250
1280
1290
1300
1320
1350
1400
1450
1500
1600
2000
2050
2090
2850
2866
2866
2866
4000
4000
4005
5596
5596
5596
7770
4660
7700
6980
5000
7300
5370
5900
7790
7770
3900
4351
4770
3250
3000
2850
2210
2255
3000
3497
3497
4892
5600
5600
6844
9575
9575
9575
9575
13355
13400
12600
7251
5010
9654
7000
7000
6000
8394
11500
9200
11500
7500
7520
7520
8200
10200
9700
8880
11500
7770
7880
10800
9900
8200
8200
9700
8100
10000
11850
11990
13500
14000
14000
13650
13600
8000
11540
14800
14000
12500
10200
8990
9360
9590
9600
12600
14210
8700
12000
6720
6720
6000
6900
8950
8880
8840
8640
11250
10650
7500
8950
5650
7830
7850
7240
8750
7990
7950
8880
7190
6270
7770
7380
7230
6770
7770
8740
7740
7990
7560
7770
7960
7940
8000
8000
6800
9510
4300
4500
4500
5000
6800
9400
10200
6200
7000
6200
6400
8600
8400
11600
11600
16200
17800
21200
23200
32400
35600
39000
39000
26000
42800
39000
39000
23400
26200
26600
16200
26000
22600
22600
16000
16000
13600
15200
16600
22500
24500
26500
37500
58500
59500
59500
59500
58500
58500
59500
59500
63000
65000
39000
46500
51000
61500
67500
74000
81000
129000
