close
380.0
400.0
330.0
284.03
318.0
320.0
340.0
316.0
312.0
308.0
308.0
308.0
308.0
306.0
308.0
306.0
308.0
300.0
300.0
300.0
300.0
250.0
299.0
275.0
277.0
300.0
228.0
271.0
299.0
235.0
214.0
298.0
255.0
303.0
303.0
370.0
340.0
270.0
330.0
350.0
303.0
320.0
329.0
303.0
305.0
300.0
400.0
270.0
325.0
399.0
333.0
333.0
337.0
330.0
379.0
391.0
391.0
367.0
326.0
310.0
320.0
330.0
330.0
330.0
368.0
298.0
330.0
330.0
298.0
335.0
459.0
347.0
346.0
325.0
329.0
330.0
325.0
261.0
298.0
278.0
290.0
330.0
288.0
288.0
329.0
290.0
290.0
285.0
325.0
325.0
319.0
310.0
310.0
280.0
310.0
271.0
289.0
292.0
290.0
290.0
290.0
290.0
300.0
300.0
300.0
299.0
300.0
299.0
250.0
275.0
298.0
272.0
280.0
260.0
259.0
260.0
260.0
260.0
260.0
245.0
250.0
244.0
240.0
235.0
232.0
231.0
231.0
270.0
265.0
270.0
250.0
241.0
250.0
240.0
260.0
250.0
263.0
234.0
260.0
260.0
231.0
240.0
264.0
261.0
250.0
267.0
260.0
242.0
258.0
260.0
260.0
260.0
260.0
260.0
280.0
299.0
289.0
261.0
245.0
256.0
280.0
289.0
287.0
290.0
290.0
273.0
261.0
278.0
288.0
350.0
277.0
279.0
277.0
288.0
290.0
290.0
281.0
286.0
290.0
281.0
285.0
281.0
286.0
290.0
290.0
290.0
282.0
289.0
293.0
291.0
279.0
280.0
290.0
290.0
280.0
275.0
290.0
285.0
299.0
277.0
293.0
283.0
283.0
310.0
377.0
392.0
364.0
364.0
336.0
350.0
350.0
350.0
313.0
321.0
315.0
312.0
312.0
300.0
316.0
323.0
324.0
316.0
297.0
304.0
340.0
333.0
317.0
340.0
344.0
333.0
377.0
360.0
346.0
397.0
447.0
464.0
465.0
465.0
465.0
468.0
402.0
416.0
430.0
415.0
412.0
410.0
404.0
422.0
422.0
402.0
393.0
407.0
414.0
360.0
383.0
427.0
415.0
397.0
393.0
402.0
430.0
440.0
450.0
457.0
434.0
447.0
438.0
468.0
448.0
465.0
448.0
428.0
419.0
401.0
434.0
401.0
414.0
447.0
491.0
462.0
469.0
502.0
537.0
522.0
540.0
535.0
514.0
517.0
519.0
526.0
539.0
619.0
713.0
699.0
734.0
700.0
717.0
692.0
747.0
743.0
750.0
893.0
990.0
938.0
880.0
900.0
958.0
770.0
780.0
610.0
603.0
637.0
620.0
595.0
601.0
625.0
638.0
648.0
607.0
616.0
613.0
575.0
575.0
519.0
587.0
589.0
589.0
575.0
575.0
602.0
655.0
622.0
639.0
611.0
643.0
630.0
631.0
608.0
612.0
574.0
592.0
600.0
575.0
598.0
622.0
601.0
571.0
570.0
579.0
541.0
570.0
600.0
597.0
570.0
542.0
551.0
534.0
540.0
575.0
573.0
566.0
566.0
565.0
560.0
560.0
560.0
560.0
550.0
530.0
530.0
506.0
510.0
515.0
510.0
519.0
517.0
510.0
514.0
514.0
514.0
506.0
454.0
494.0
490.0
504.0
486.0
480.0
471.0
478.0
477.0
474.0
438.0
456.0
439.0
440.0
428.0
440.0
400.0
402.0
411.0
420.0
422.0
432.0
429.0
430.0
422.0
412.0
409.0
406.0
402.0
403.0
413.0
409.0
395.0
400.0
395.0
394.0
394.0
395.0
387.0
398.0
397.0
397.0
390.0
390.0
378.0
372.0
377.0
371.0
362.0
374.0
361.0
378.0
381.0
400.0
408.0
403.0
398.0
398.0
376.0
387.0
382.0
380.0
370.0
406.0
406.0
382.0
391.0
388.0
398.0
388.0
376.0
385.0
389.0
389.0
384.0
384.0
394.0
398.0
425.0
424.0
411.0
406.0
406.0
405.0
400.0
384.0
377.0
381.0
407.0
392.0
400.0
398.0
395.0
391.0
394.0
390.0
393.0
392.0
403.0
412.0
390.0
440.0
450.0
440.0
434.0
439.0
445.0
453.0
459.0
455.0
440.0
450.0
444.0
475.0
487.0
480.0
500.0
519.0
507.0
495.0
543.0
542.0
488.0
493.0
493.0
478.0
446.0
445.0
505.0
525.0
510.0
523.0
518.0
512.0
480.0
444.0
488.0
514.0
500.0
485.0
470.0
494.0
487.0
451.0
458.0
452.0
487.0
478.0
411.0
538.0
532.0
450.0
450.0
462.0
450.0
450.0
440.0
440.0
427.0
422.0
426.0
440.0
431.0
430.0
427.0
407.0
410.0
408.0
394.0
400.0
408.0
410.0
402.0
397.0
382.0
448.0
530.0
475.0
485.0
512.0
532.0
538.0
538.0
547.0
570.0
480.0
463.0
499.0
480.0
488.0
488.0
488.0
475.0
449.0
446.0
446.0
432.0
476.0
452.0
440.0
428.0
428.0
430.0
435.0
425.0
434.0
430.0
447.0
418.0
420.0
402.0
405.0
412.0
414.0
406.0
410.0
400.0
414.0
447.0
435.0
432.0
410.0
400.0
410.0
418.0
417.0
418.0
418.0
439.0
423.0
415.0
399.0
424.0
413.0
430.0
438.0
436.0
435.0
442.0
445.0
427.0
410.0
405.0
395.0
412.0
393.0
381.0
377.0
393.0
393.0
396.0
395.0
395.0
398.0
395.0
394.0
401.0
400.0
400.0
395.0
370.0
379.0
388.0
389.0
374.0
350.0
365.0
378.0
367.0
355.0
340.0
354.0
360.0
357.0
355.0
347.0
342.0
342.0
347.0
344.0
352.0
349.0
354.0
347.0
346.0
340.0
353.0
376.0
355.0
368.0
368.0
367.0
368.0
365.0
365.0
365.0
374.0
371.0
380.0
384.0
375.0
378.0
384.0
377.0
377.0
370.0
357.0
364.0
357.0
364.0
360.0
378.0
360.0
360.0
368.0
362.0
368.0
370.0
384.0
382.0
364.0
392.0
406.0
415.0
415.0
426.0
400.0
386.0
388.0
399.0
390.0
414.0
407.0
412.0
389.0
388.0
388.0
401.0
398.0
395.0
364.0
376.0
395.0
395.0
400.0
405.0
400.0
411.0
418.0
414.0
439.0
450.0
444.0
408.0
411.0
418.0
427.0
449.0
441.0
441.0
448.0
448.0
480.0
457.0
435.0
435.0
444.0
440.0
455.0
445.0
445.0
457.0
470.0
479.0
485.0
473.0
472.0
464.0
465.0
499.0
506.0
514.0
506.0
514.0
514.0
514.0
510.0
508.0
508.0
514.0
510.0
508.0
506.0
500.0
477.0
477.0
455.0
464.0
445.0
448.0
449.0
447.0
463.0
457.0
462.0
484.0
476.0
499.0
500.0
490.0
444.0
470.0
470.0
477.0
487.0
474.0
443.0
473.0
474.0
488.0
480.0
470.0
482.0
467.0
475.0
475.0
466.0
488.0
486.0
467.0
472.0
474.0
469.0
467.0
452.0
456.0
455.0
455.0
446.0
446.0
443.0
454.0
454.0
464.0
457.0
453.0
464.0
464.0
460.0
460.0
465.0
452.0
475.0
515.0
500.0
500.0
507.0
508.0
501.0
500.0
494.0
485.0
498.0
495.0
483.0
468.0
469.0
494.0
510.0
515.0
500.0
508.0
524.0
511.0
519.0
511.0
493.0
505.0
495.0
504.0
497.0
483.0
494.0
497.0
499.0
499.0
583.0
555.0
550.0
543.0
512.0
501.0
501.0
500.0
487.0
486.0
486.0
479.0
460.0
468.0
496.0
468.0
472.0
461.0
469.0
425.0
446.0
458.0
450.0
464.0
457.0
419.0
430.0
430.0
457.0
469.0
465.0
465.0
465.0
475.0
484.0
494.0
494.0
493.0
444.0
495.0
491.0
490.0
445.0
499.0
474.0
444.0
489.0
444.0
523.0
527.0
510.0
510.0
524.0
529.0
530.0
512.0
530.0
490.0
539.0
553.0
600.0
595.0
593.0
578.0
605.0
600.0
580.0
555.0
560.0
575.0
585.0
563.0
565.0
587.0
587.0
588.0
600.0
618.0
629.0
558.0
544.0
541.0
495.0
530.0
536.0
555.0
565.0
565.0
565.0
560.0
545.0
540.0
515.0
515.0
505.0
530.0
642.0
610.0
608.0
558.0
559.0
558.0
501.0
597.0
547.0
599.0
614.0
649.0
649.0
640.0
575.0
652.0
575.0
574.0
614.0
574.0
623.0
625.0
609.0
622.0
627.0
570.0
630.0
568.0
561.0
544.0
568.0
570.0
557.0
584.0
573.0
584.0
573.0
640.0
632.0
597.0
596.0
634.0
625.0
605.0
625.0
600.0
600.0
607.0
552.0
540.0
541.0
548.0
541.0
553.0
505.0
555.0
536.0
506.0
497.0
497.0
492.0
467.0
462.0
474.0
467.0
474.0
474.0
461.0
452.0
459.0
452.0
443.0
449.0
442.0
448.0
441.0
448.0
448.0
450.0
459.0
493.0
440.0
459.0
479.0
499.0
450.0
500.0
490.0
480.0
470.0
470.0
460.0
480.0
481.0
475.0
480.0
498.0
508.0
495.0
475.0
498.0
491.0
485.0
500.0
510.0
502.0
502.0
500.0
497.0
496.0
495.0
496.0
496.0
496.0
500.0
514.0
506.0
513.0
513.0
514.0
519.0
516.0
515.0
520.0
521.0
524.0
539.0
550.0
550.0
526.0
534.0
564.0
550.0
557.0
558.0
543.0
524.0
507.0
518.0
511.0
500.0
500.0
500.0
514.0
503.0
493.0
501.0
487.0
483.0
483.0
487.0
487.0
483.0
477.0
477.0
475.0
484.0
471.0
471.0
478.0
488.0
482.0
502.0
506.0
502.0
500.0
515.0
515.0
514.0
501.0
500.0
500.0
500.0
497.0
518.0
518.0
520.0
515.0
510.0
502.0
504.0
493.0
493.0
504.0
504.0
497.0
495.0
495.0
503.0
504.0
504.0
507.0
504.0
495.0
500.0
504.0
495.0
503.0
504.0
504.0
504.0
504.0
508.0
492.0
490.0
490.0
487.0
480.0
477.0
477.0
484.0
488.0
494.0
504.0
496.0
490.0
491.0
491.0
487.0
492.0
493.0
504.0
496.0
496.0
491.0
491.0
487.0
487.0
481.0
489.0
483.0
480.0
480.0
480.0
488.0
481.0
481.0
476.0
480.0
476.0
478.0
484.0
477.0
477.0
477.0
484.0
484.0
478.0
494.0
490.0
485.0
486.0
490.0
489.0
483.0
497.0
495.0
495.0
493.0
480.0
482.0
482.0
478.0
478.0
477.0
475.0
484.0
484.0
487.0
477.0
488.0
477.0
493.0
490.0
473.0
479.0
493.0
493.0
493.0
482.0
482.0
472.0
480.0
488.0
485.0
485.0
491.0
478.0
485.0
490.0
489.0
486.0
489.0
485.0
480.0
470.0
478.0
483.0
484.0
480.0
478.0
470.0
480.0
484.0
473.0
473.0
475.0
466.0
474.0
480.0
467.0
475.0
468.0
468.0
472.0
473.0
456.0
448.0
450.0
455.0
457.0
460.0
453.0
450.0
458.0
470.0
467.0
460.0
460.0
465.0
468.0
434.0
450.0
458.0
447.0
454.0
451.0
458.0
477.0
458.0
460.0
451.0
476.0
457.0
464.0
460.0
460.0
460.0
468.0
457.0
464.0
464.0
476.0
461.0
468.0
457.0
464.0
457.0
454.0
457.0
446.0
457.0
456.0
450.0
455.0
458.0
451.0
441.0
442.0
457.0
442.0
440.0
444.0
444.0
448.0
442.0
449.0
443.0
449.0
455.0
456.0
442.0
448.0
470.0
452.0
458.0
450.0
450.0
446.0
444.0
444.0
444.0
444.0
442.0
448.0
460.0
452.0
424.0
442.0
440.0
448.0
454.0
462.0
468.0
464.0
462.0
462.0
430.0
464.0
470.0
462.0
464.0
460.0
454.0
450.0
456.0
450.0
458.0
450.0
460.0
456.0
450.0
448.0
434.0
430.0
442.0
430.0
438.0
438.0
428.0
434.0
428.0
434.0
430.0
430.0
426.0
422.0
446.0
446.0
452.0
446.0
442.0
432.0
438.0
440.0
444.0
440.0
436.0
430.0
442.0
436.0
434.0
430.0
436.0
430.0
428.0
430.0
434.0
434.0
438.0
438.0
440.0
440.0
446.0
438.0
444.0
526.0
614.0
614.0
614.0
644.0
822.0
828.0
858.0
858.0
858.0
858.0
940.0
910.0
890.0
878.0
872.0
886.0
808.0
854.0
862.0
858.0
752.0
800.0
804.0
764.0
760.0
762.0
798.0
788.0
748.0
672.0
670.0
664.0
664.0
728.0
732.0
674.0
690.0
680.0
678.0
666.0
664.0
700.0
700.0
700.0
674.0
676.0
694.0
724.0
914.0
892.0
906.0
920.0
786.0
806.0
780.0
730.0
726.0
736.0
762.0
748.0
696.0
694.0
700.0
680.0
680.0
716.0
716.0
710.0
682.0
664.0
768.0
704.0
704.0
716.0
714.0
686.0
700.0
730.0
744.0
760.0
746.0
746.0
716.0
700.0
700.0
688.0
722.0
720.0
692.0
702.0
706.0
690.0
732.0
710.0
694.0
700.0
714.0
676.0
678.0
672.0
656.0
650.0
676.0
652.0
666.0
640.0
650.0
650.0
650.0
662.0
668.0
650.0
652.0
642.0
634.0
606.0
630.0
618.0
618.0
624.0
626.0
642.0
632.0
624.0
632.0
636.0
622.0
612.0
624.0
608.0
606.0
610.0
610.0
618.0
586.0
580.0
592.0
594.0
590.0
598.0
578.0
572.0
578.0
562.0
570.0
560.0
548.0
552.0
540.0
530.0
538.0
538.0
528.0
538.0
536.0
586.0
592.0
600.0
598.0
602.0
584.0
582.0
592.0
582.0
580.0
578.0
574.0
594.0
560.0
550.0
564.0
562.0
540.0
552.0
560.0
546.0
558.0
568.0
550.0
550.0
548.0
546.0
596.0
594.0
580.0
580.0
580.0
574.0
568.0
560.0
560.0
560.0
570.0
580.0
558.0
502.0
502.0
520.0
520.0
520.0
522.0
520.0
510.0
508.0
510.0
520.0
500.0
506.0
506.0
506.0
508.0
508.0
500.0
500.0
500.0
498.0
508.0
507.0
514.0
519.0
510.0
505.0
497.0
491.0
499.0
508.0
514.0
507.0
507.0
506.0
571.0
605.0
597.0
585.0
580.0
572.0
552.0
563.0
545.0
533.0
530.0
530.0
517.0
525.0
520.0
524.0
516.0
518.0
526.0
513.0
510.0
511.0
511.0
528.0
526.0
517.0
522.0
515.0
512.0
511.0
511.0
522.0
516.0
524.0
520.0
517.0
512.0
522.0
522.0
511.0
511.0
507.0
512.0
507.0
516.0
504.0
515.0
517.0
508.0
510.0
510.0
510.0
510.0
508.0
518.0
520.0
520.0
524.0
526.0
507.0
528.0
533.0
533.0
534.0
528.0
521.0
528.0
542.0
544.0
543.0
544.0
536.0
544.0
544.0
536.0
540.0
532.0
532.0
574.0
654.0
595.0
595.0
600.0
614.0
580.0
578.0
585.0
613.0
631.0
622.0
622.0
600.0
620.0
600.0
604.0
600.0
608.0
605.0
597.0
615.0
603.0
597.0
582.0
571.0
582.0
570.0
608.0
605.0
602.0
590.0
590.0
590.0
598.0
580.0
586.0
586.0
594.0
583.0
580.0
578.0
566.0
565.0
568.0
580.0
562.0
562.0
569.0
560.0
568.0
584.0
587.0
574.0
565.0
565.0
587.0
565.0
574.0
572.0
572.0
565.0
564.0
552.0
553.0
552.0
568.0
567.0
562.0
552.0
573.0
574.0
575.0
584.0
575.0
562.0
577.0
565.0
588.0
578.0
562.0
560.0
553.0
563.0
540.0
539.0
549.0
550.0
563.0
564.0
566.0
542.0
535.0
545.0
544.0
545.0
535.0
535.0
535.0
550.0
554.0
554.0
554.0
540.0
544.0
547.0
540.0
540.0
540.0
554.0
570.0
570.0
567.0
565.0
572.0
572.0
563.0
540.0
563.0
563.0
560.0
560.0
560.0
557.0
574.0
566.0
566.0
562.0
557.0
570.0
567.0
566.0
565.0
562.0
562.0
562.0
562.0
561.0
560.0
560.0
560.0
560.0
557.0
557.0
568.0
567.0
568.0
568.0
568.0
557.0
557.0
543.0
543.0
543.0
535.0
545.0
548.0
515.0
536.0
540.0
541.0
540.0
540.0
539.0
539.0
539.0
539.0
539.0
537.0
630.0
622.0
626.0
622.0
620.0
591.0
625.0
598.0
592.0
593.0
589.0
577.0
580.0
581.0
570.0
566.0
577.0
575.0
578.0
575.0
573.0
562.0
564.0
566.0
556.0
544.0
555.0
557.0
557.0
546.0
554.0
550.0
549.0
551.0
557.0
554.0
557.0
557.0
543.0
540.0
542.0
533.0
540.0
538.0
540.0
538.0
538.0
540.0
540.0
542.0
549.0
560.0
553.0
546.0
542.0
542.0
538.0
538.0
537.0
542.0
537.0
546.0
538.0
544.0
533.0
538.0
531.0
530.0
541.0
540.0
531.0
538.0
537.0
531.0
547.0
546.0
537.0
533.0
532.0
532.0
536.0
530.0
536.0
530.0
530.0
544.0
544.0
543.0
537.0
537.0
548.0
546.0
541.0
550.0
550.0
547.0
548.0
540.0
538.0
543.0
546.0
541.0
551.0
549.0
549.0
558.0
550.0
553.0
583.0
570.0
561.0
565.0
563.0
563.0
558.0
558.0
565.0
558.0
560.0
563.0
563.0
582.0
581.0
595.0
588.0
586.0
596.0
596.0
601.0
625.0
615.0
605.0
620.0
624.0
616.0
628.0
633.0
638.0
632.0
619.0
630.0
630.0
629.0
631.0
637.0
621.0
621.0
616.0
610.0
616.0
620.0
627.0
613.0
591.0
608.0
607.0
603.0
609.0
606.0
606.0
602.0
594.0
612.0
612.0
612.0
612.0
612.0
612.0
597.0
598.0
596.0
595.0
597.0
608.0
611.0
600.0
612.0
610.0
609.0
609.0
602.0
613.0
598.0
618.0
599.0
610.0
612.0
609.0
612.0
612.0
618.0
618.0
611.0
676.0
644.0
660.0
689.0
662.0
668.0
660.0
638.0
622.0
632.0
637.0
645.0
638.0
638.0
645.0
643.0
650.0
645.0
633.0
637.0
630.0
625.0
623.0
628.0
630.0
630.0
643.0
672.0
662.0
660.0
663.0
663.0
663.0
653.0
652.0
652.0
661.0
657.0
653.0
642.0
642.0
644.0
647.0
650.0
646.0
643.0
630.0
635.0
633.0
634.0
625.0
624.0
624.0
624.0
629.0
625.0
623.0
623.0
623.0
633.0
644.0
669.0
674.0
653.0
656.0
656.0
658.0
644.0
663.0
663.0
651.0
648.0
650.0
650.0
646.0
645.0
625.0
638.0
638.0
628.0
627.0
639.0
644.0
644.0
637.0
637.0
635.0
631.0
640.0
640.0
645.0
635.0
652.0
651.0
673.0
652.0
663.0
652.0
652.0
652.0
644.0
644.0
643.0
658.0
641.0
634.0
630.0
638.0
638.0
630.0
627.0
629.0
629.0
643.0
635.0
648.0
645.0
639.0
638.0
638.0
633.0
633.0
645.0
640.0
644.0
637.0
637.0
637.0
637.0
637.0
644.0
644.0
647.0
647.0
644.0
647.0
637.0
646.0
637.0
636.0
647.0
636.0
637.0
616.0
624.0
628.0
630.0
633.0
630.0
630.0
629.0
629.0
621.0
620.0
630.0
629.0
637.0
638.0
638.0
639.0
644.0
640.0
644.0
641.0
646.0
636.0
647.0
647.0
650.0
670.0
706.0
692.0
690.0
687.0
686.0
691.0
695.0
677.0
676.0
674.0
672.0
666.0
657.0
657.0
677.0
709.0
695.0
768.0
760.0
740.0
726.0
724.0
716.0
745.0
746.0
745.0
751.0
745.0
757.0
757.0
745.0
744.0
765.0
760.0
779.0
784.0
787.0
790.0
795.0
871.0
865.0
874.0
936.0
871.0
873.0
837.0
846.0
846.0
817.0
848.0
844.0
848.0
833.0
827.0
819.0
838.0
820.0
817.0
850.0
842.0
842.0
842.0
836.0
842.0
838.0
830.0
839.0
839.0
821.0
924.0
919.0
911.0
891.0
888.0
896.0
890.0
891.0
879.0
955.0
960.0
915.0
935.0
929.0
907.0
920.0
930.0
905.0
892.0
896.0
892.0
893.0
878.0
878.0
874.0
878.0
937.0
888.0
862.0
852.0
853.0
865.0
860.0
854.0
856.0
880.0
879.0
870.0
869.0
870.0
857.0
855.0
855.0
846.0
844.0
831.0
808.0
813.0
800.0
799.0
800.0
795.0
783.0
764.0
780.0
779.0
778.0
780.0
780.0
775.0
778.0
781.0
780.0
785.0
787.0
804.0
824.0
816.0
811.0
818.0
824.0
800.0
801.0
800.0
796.0
797.0
806.0
806.0
807.0
800.0
792.0
792.0
791.0
787.0
781.0
788.0
800.0
784.0
793.0
785.0
796.0
796.0
797.0
813.0
812.0
802.0
802.0
801.0
801.0
805.0
809.0
798.0
810.0
793.0
805.0
814.0
811.0
810.0
805.0
801.0
796.0
807.0
797.0
804.0
799.0
809.0
811.0
796.0
811.0
807.0
819.0
807.0
818.0
806.0
808.0
811.0
812.0
804.0
803.0
793.0
793.0
800.0
786.0
786.0
794.0
798.0
788.0
798.0
799.0
799.0
806.0
807.0
807.0
791.0
807.0
807.0
800.0
810.0
809.0
802.0
809.0
802.0
803.0
790.0
787.0
781.0
780.0
777.0
773.0
777.0
776.0
775.0
810.0
795.0
796.0
810.0
800.0
795.0
795.0
801.0
795.0
795.0
799.0
797.0
795.0
799.0
796.0
796.0
795.0
794.0
796.0
811.0
811.0
811.0
796.0
793.0
793.0
796.0
825.0
795.0
805.0
790.0
791.0
783.0
797.0
805.0
784.0
801.0
765.0
767.0
671.0
671.0
662.0
644.0
655.0
659.0
664.0
650.0
626.0
657.0
685.0
682.0
680.0
680.0
666.0
715.0
673.0
673.0
694.0
687.0
697.0
688.0
678.0
681.0
677.0
682.0
683.0
699.0
707.0
707.0
701.0
714.0
718.0
709.0
688.0
682.0
692.0
693.0
679.0
674.0
661.0
668.0
672.0
653.0
646.0
642.0
642.0
666.0
644.0
617.0
605.0
620.0
624.0
619.0
618.0
615.0
618.0
620.0
649.0
629.0
627.0
617.0
608.0
594.0
539.0
544.0
561.0
560.0
547.0
547.0
553.0
545.0
555.0
564.0
575.0
551.0
550.0
525.0
523.0
527.0
521.0
516.0
510.0
522.0
524.0
539.0
525.0
520.0
520.0
542.0
543.0
501.0
507.0
508.0
506.0
506.0
513.0
503.0
524.0
514.0
512.0
510.0
510.0
503.0
517.0
532.0
616.0
563.0
569.0
563.0
603.0
604.0
600.0
599.0
610.0
612.0
612.0
612.0
620.0
620.0
619.0
619.0
619.0
619.0
584.0
598.0
586.0
606.0
606.0
606.0
638.0
593.0
600.0
601.0
601.0
607.0
609.0
605.0
608.0
608.0
623.0
622.0
630.0
625.0
630.0
630.0
633.0
680.0
650.0
640.0
640.0
638.0
640.0
640.0
644.0
631.0
630.0
630.0
638.0
638.0
631.0
630.0
637.0
630.0
630.0
624.0
628.0
658.0
630.0
644.0
636.0
685.0
672.0
654.0
660.0
680.0
675.0
660.0
660.0
657.0
657.0
671.0
658.0
657.0
658.0
671.0
672.0
672.0
683.0
686.0
683.0
698.0
760.0
728.0
732.0
848.0
829.0
833.0
784.0
804.0
815.0
801.0
780.0
819.0
797.0
777.0
778.0
769.0
775.0
767.0
765.0
765.0
755.0
754.0
756.0
755.0
766.0
751.0
763.0
763.0
751.0
751.0
740.0
733.0
730.0
728.0
728.0
728.0
734.0
722.0
738.0
770.0
760.0
745.0
745.0
718.0
734.0
729.0
730.0
744.0
749.0
759.0
744.0
742.0
741.0
742.0
742.0
772.0
764.0
761.0
751.0
751.0
743.0
740.0
734.0
757.0
739.0
712.0
710.0
726.0
750.0
750.0
735.0
735.0
731.0
720.0
707.0
713.0
694.0
680.0
676.0
678.0
685.0
690.0
698.0
714.0
700.0
697.0
695.0
691.0
688.0
698.0
690.0
690.0
690.0
704.0
702.0
706.0
697.0
697.0
709.0
698.0
696.0
703.0
704.0
696.0
696.0
730.0
703.0
702.0
709.0
709.0
702.0
702.0
710.0
709.0
712.0
710.0
713.0
715.0
732.0
727.0
727.0
724.0
730.0
723.0
722.0
722.0
714.0
709.0
711.0
707.0
705.0
708.0
707.0
707.0
706.0
725.0
711.0
706.0
707.0
717.0
710.0
716.0
706.0
715.0
714.0
703.0
702.0
704.0
700.0
712.0
698.0
691.0
692.0
701.0
702.0
697.0
702.0
703.0
702.0
702.0
704.0
690.0
699.0
699.0
698.0
698.0
699.0
699.0
699.0
691.0
688.0
682.0
691.0
690.0
702.0
699.0
705.0
705.0
686.0
693.0
702.0
701.0
699.0
692.0
699.0
698.0
699.0
697.0
690.0
689.0
703.0
688.0
690.0
692.0
702.0
698.0
691.0
689.0
691.0
691.0
691.0
692.0
700.0
691.0
688.0
691.0
692.0
693.0
692.0
704.0
693.0
704.0
698.0
715.0
722.0
716.0
704.0
721.0
716.0
712.0
710.0
712.0
712.0
711.0
712.0
711.0
715.0
707.0
713.0
713.0
707.0
713.0
710.0
709.0
710.0
705.0
707.0
705.0
700.0
704.0
698.0
692.0
692.0
697.0
699.0
703.0
702.0
702.0
699.0
699.0
697.0
696.0
707.0
696.0
702.0
707.0
689.0
697.0
693.0
697.0
697.0
696.0
693.0
697.0
700.0
700.0
700.0
698.0
695.0
695.0
699.0
702.0
701.0
700.0
707.0
707.0
707.0
707.0
699.0
698.0
691.0
679.0
687.0
688.0
681.0
682.0
682.0
680.0
680.0
674.0
665.0
688.0
685.0
681.0
680.0
684.0
686.0
681.0
682.0
685.0
687.0
689.0
689.0
687.0
684.0
688.0
683.0
688.0
683.0
687.0
685.0
685.0
683.0
683.0
676.0
684.0
683.0
683.0
678.0
665.0
675.0
677.0
678.0
675.0
675.0
675.0
670.0
670.0
672.0
670.0
670.0
672.0
673.0
669.0
669.0
660.0
667.0
668.0
668.0
667.0
668.0
668.0
669.0
675.0
670.0
648.0
666.0
658.0
667.0
678.0
663.0
663.0
670.0
672.0
660.0
661.0
660.0
660.0
669.0
663.0
668.0
668.0
684.0
669.0
669.0
670.0
669.0
667.0
679.0
665.0
672.0
670.0
670.0
675.0
665.0
665.0
660.0
660.0
670.0
660.0
659.0
658.0
651.0
654.0
650.0
647.0
648.0
650.0
648.0
660.0
650.0
653.0
650.0
651.0
656.0
651.0
645.0
645.0
645.0
645.0
646.0
650.0
664.0
667.0
659.0
657.0
657.0
668.0
668.0
655.0
655.0
654.0
654.0
655.0
664.0
661.0
663.0
663.0
660.0
665.0
649.0
661.0
662.0
661.0
665.0
661.0
663.0
662.0
663.0
662.0
662.0
665.0
653.0
668.0
653.0
669.0
667.0
669.0
656.0
669.0
670.0
674.0
673.0
673.0
660.0
656.0
657.0
657.0
654.0
665.0
669.0
678.0
693.0
682.0
687.0
668.0
668.0
654.0
639.0
638.0
638.0
642.0
648.0
648.0
653.0
644.0
687.0
666.0
682.0
678.0
700.0
696.0
690.0
701.0
705.0
701.0
700.0
694.0
721.0
754.0
730.0
765.0
772.0
890.0
974.0
1190.0
1137.0
1016.0
990.0
929.0
877.0
848.0
846.0
836.0
820.0
818.0
804.0
793.0
806.0
814.0
800.0
788.0
788.0
819.0
792.0
796.0
805.0
804.0
802.0
800.0
802.0
793.0
813.0
801.0
800.0
800.0
809.0
815.0
812.0
796.0
808.0
811.0
799.0
793.0
798.0
792.0
784.0
798.0
790.0
797.0
777.0
785.0
775.0
761.0
767.0
773.0
775.0
775.0
779.0
768.0
760.0
767.0
752.0
755.0
750.0
765.0
764.0
760.0
755.0
795.0
777.0
776.0
858.0
886.0
859.0
854.0
862.0
885.0
1049.0
1022.0
1019.0
1022.0
1005.0
1003.0
1000.0
1056.0
1101.0
1099.0
1019.0
1016.0
1044.0
1075.0
1048.0
1045.0
1009.0
1019.0
1005.0
1000.0
1031.0
1033.0
1031.0
1031.0
1019.0
1016.0
1016.0
1017.0
1006.0
998.0
976.0
974.0
974.0
967.0
960.0
948.0
973.0
981.0
974.0
973.0
965.0
965.0
985.0
969.0
980.0
966.0
975.0
985.0
976.0
975.0
964.0
953.0
951.0
971.0
966.0
975.0
955.0
953.0
960.0
961.0
950.0
953.0
906.0
914.0
901.0
910.0
900.0
900.0
898.0
895.0
887.0
877.0
900.0
940.0
923.0
924.0
909.0
907.0
907.0
922.0
924.0
956.0
949.0
928.0
922.0
938.0
922.0
912.0
923.0
932.0
950.0
928.0
928.0
928.0
920.0
924.0
917.0
920.0
917.0
914.0
913.0
915.0
924.0
922.0
918.0
917.0
910.0
912.0
910.0
907.0
909.0
909.0
914.0
908.0
908.0
906.0
914.0
916.0
920.0
914.0
910.0
910.0
909.0
908.0
905.0
909.0
911.0
930.0
924.0
930.0
932.0
928.0
910.0
909.0
927.0
916.0
919.0
917.0
915.0
924.0
913.0
923.0
910.0
914.0
914.0
915.0
910.0
910.0
910.0
911.0
907.0
915.0
908.0
917.0
915.0
906.0
906.0
922.0
906.0
920.0
911.0
911.0
919.0
910.0
909.0
925.0
929.0
916.0
917.0
915.0
929.0
917.0
917.0
906.0
910.0
910.0
920.0
901.0
894.0
910.0
898.0
896.0
902.0
909.0
906.0
905.0
902.0
900.0
913.0
910.0
900.0
910.0
896.0
892.0
892.0
893.0
890.0
895.0
893.0
892.0
889.0
889.0
890.0
893.0
894.0
896.0
893.0
880.0
882.0
884.0
907.0
917.0
915.0
914.0
901.0
890.0
902.0
895.0
908.0
897.0
908.0
904.0
909.0
902.0
895.0
896.0
892.0
892.0
903.0
891.0
899.0
886.0
887.0
899.0
887.0
884.0
887.0
887.0
887.0
885.0
900.0
900.0
900.0
900.0
891.0
894.0
895.0
884.0
883.0
883.0
883.0
884.0
896.0
880.0
882.0
880.0
895.0
903.0
905.0
903.0
903.0
893.0
894.0
905.0
905.0
900.0
905.0
905.0
897.0
902.0
901.0
905.0
903.0
902.0
894.0
895.0
858.0
900.0
901.0
901.0
890.0
901.0
881.0
890.0
893.0
894.0
894.0
894.0
907.0
888.0
888.0
880.0
880.0
879.0
879.0
881.0
881.0
877.0
870.0
872.0
876.0
875.0
873.0
871.0
871.0
871.0
870.0
870.0
870.0
871.0
870.0
869.0
869.0
868.0
864.0
866.0
866.0
865.0
866.0
866.0
866.0
866.0
866.0
866.0
865.0
865.0
861.0
859.0
856.0
855.0
855.0
847.0
846.0
845.0
831.0
831.0
839.0
830.0
840.0
845.0
864.0
860.0
863.0
854.0
854.0
862.0
872.0
865.0
864.0
860.0
842.0
857.0
845.0
838.0
852.0
850.0
856.0
854.0
835.0
849.0
840.0
841.0
842.0
845.0
842.0
835.0
823.0
839.0
833.0
831.0
839.0
835.0
839.0
840.0
848.0
854.0
854.0
843.0
854.0
852.0
853.0
853.0
854.0
864.0
864.0
855.0
861.0
857.0
855.0
856.0
856.0
855.0
845.0
852.0
851.0
845.0
846.0
835.0
825.0
844.0
834.0
840.0
836.0
837.0
852.0
835.0
836.0
851.0
852.0
849.0
840.0
849.0
853.0
844.0
843.0
843.0
844.0
850.0
842.0
846.0
842.0
842.0
835.0
835.0
845.0
837.0
838.0
838.0
836.0
833.0
835.0
827.0
828.0
827.0
824.0
837.0
831.0
805.0
798.0
795.0
763.0
782.0
784.0
784.0
795.0
795.0
789.0
793.0
769.0
774.0
771.0
765.0
770.0
779.0
771.0
769.0
778.0
779.0
780.0
779.0
782.0
783.0
781.0
779.0
772.0
786.0
776.0
775.0
775.0
786.0
787.0
788.0
769.0
769.0
775.0
789.0
787.0
784.0
784.0
770.0
769.0
770.0
776.0
776.0
776.0
776.0
758.0
773.0
771.0
751.0
745.0
743.0
749.0
752.0
750.0
758.0
765.0
749.0
749.0
745.0
745.0
745.0
762.0
744.0
751.0
753.0
752.0
753.0
799.0
769.0
769.0
769.0
772.0
758.0
750.0
783.0
765.0
785.0
756.0
756.0
766.0
767.0
770.0
760.0
765.0
763.0
755.0
763.0
755.0
762.0
760.0
760.0
766.0
760.0
760.0
760.0
760.0
760.0
768.0
744.0
759.0
772.0
761.0
767.0
760.0
756.0
768.0
767.0
767.0
755.0
755.0
755.0
757.0
764.0
764.0
749.0
759.0
757.0
761.0
764.0
770.0
771.0
771.0
770.0
770.0
770.0
770.0
765.0
770.0
771.0
759.0
760.0
766.0
764.0
790.0
788.0
764.0
764.0
799.0
804.0
800.0
800.0
800.0
804.0
805.0
840.0
833.0
832.0
815.0
790.0
815.0
839.0
806.0
860.0
890.0
848.0
899.0
949.0
929.0
959.0
958.0
943.0
945.0
941.0
941.0
941.0
916.0
960.0
933.0
912.0
909.0
900.0
895.0
884.0
888.0
876.0
878.0
858.0
865.0
865.0
871.0
860.0
909.0
909.0
920.0
957.0
920.0
933.0
905.0
899.0
880.0
892.0
920.0
895.0
895.0
897.0
882.0
907.0
915.0
901.0
893.0
883.0
903.0
890.0
900.0
867.0
873.0
870.0
860.0
853.0
864.0
860.0
873.0
846.0
861.0
858.0
859.0
848.0
863.0
863.0
862.0
863.0
850.0
850.0
855.0
855.0
850.0
855.0
855.0
848.0
846.0
854.0
853.0
858.0
845.0
840.0
840.0
848.0
855.0
850.0
850.0
853.0
853.0
852.0
841.0
842.0
850.0
849.0
851.0
850.0
851.0
851.0
840.0
841.0
846.0
846.0
842.0
842.0
846.0
842.0
841.0
841.0
841.0
841.0
840.0
838.0
840.0
838.0
836.0
839.0
848.0
846.0
848.0
847.0
847.0
840.0
840.0
839.0
858.0
837.0
837.0
844.0
844.0
838.0
838.0
838.0
837.0
836.0
826.0
828.0
823.0
835.0
831.0
831.0
831.0
826.0
821.0
820.0
817.0
827.0
826.0
817.0
821.0
834.0
850.0
866.0
890.0
860.0
850.0
880.0
852.0
854.0
843.0
848.0
848.0
848.0
845.0
828.0
845.0
851.0
850.0
836.0
838.0
847.0
865.0
861.0
859.0
854.0
863.0
865.0
840.0
904.0
876.0
883.0
882.0
871.0
882.0
882.0
881.0
904.0
885.0
873.0
870.0
869.0
861.0
869.0
868.0
860.0
868.0
840.0
835.0
826.0
830.0
834.0
833.0
826.0
827.0
833.0
843.0
862.0
861.0
848.0
841.0
838.0
837.0
858.0
857.0
857.0
849.0
864.0
840.0
847.0
857.0
860.0
860.0
884.0
878.0
881.0
880.0
870.0
855.0
878.0
878.0
874.0
874.0
881.0
898.0
883.0
890.0
877.0
890.0
889.0
860.0
877.0
892.0
877.0
880.0
887.0
892.0
900.0
896.0
871.0
887.0
887.0
898.0
870.0
871.0
875.0
866.0
881.0
885.0
879.0
880.0
907.0
878.0
877.0
889.0
897.0
877.0
888.0
883.0
881.0
872.0
885.0
884.0
884.0
879.0
897.0
898.0
897.0
897.0
886.0
894.0
894.0
894.0
906.0
896.0
885.0
893.0
893.0
893.0
893.0
886.0
892.0
890.0
887.0
878.0
883.0
883.0
881.0
880.0
900.0
887.0
880.0
883.0
872.0
871.0
876.0
875.0
872.0
872.0
885.0
869.0
872.0
874.0
883.0
874.0
876.0
872.0
906.0
910.0
896.0
900.0
899.0
895.0
895.0
899.0
892.0
902.0
899.0
900.0
893.0
898.0
891.0
878.0
892.0
878.0
888.0
887.0
892.0
891.0
891.0
890.0
881.0
892.0
881.0
881.0
891.0
890.0
886.0
876.0
905.0
897.0
900.0
915.0
902.0
911.0
910.0
915.0
899.0
902.0
936.0
910.0
903.0
910.0
904.0
911.0
948.0
914.0
912.0
901.0
901.0
910.0
901.0
902.0
896.0
904.0
891.0
894.0
902.0
895.0
910.0
903.0
901.0
900.0
907.0
907.0
901.0
901.0
907.0
897.0
906.0
904.0
915.0
914.0
901.0
897.0
904.0
879.0
889.0
903.0
898.0
886.0
894.0
885.0
881.0
887.0
889.0
882.0
870.0
861.0
874.0
868.0
876.0
862.0
867.0
877.0
900.0
883.0
889.0
882.0
870.0
879.0
884.0
879.0
886.0
893.0
884.0
891.0
883.0
895.0
881.0
891.0
888.0
895.0
898.0
911.0
931.0
930.0
929.0
925.0
928.0
942.0
950.0
942.0
943.0
950.0
940.0
939.0
938.0
937.0
938.0
948.0
931.0
936.0
936.0
936.0
937.0
926.0
922.0
924.0
925.0
925.0
925.0
920.0
917.0
920.0
918.0
918.0
929.0
917.0
921.0
921.0
935.0
939.0
938.0
963.0
956.0
925.0
922.0
935.0
937.0
914.0
915.0
925.0
939.0
925.0
960.0
972.0
976.0
954.0
951.0
950.0
974.0
972.0
959.0
924.0
950.0
948.0
950.0
948.0
939.0
942.0
942.0
941.0
936.0
940.0
936.0
936.0
931.0
936.0
937.0
934.0
941.0
941.0
932.0
931.0
926.0
924.0
925.0
935.0
924.0
931.0
919.0
916.0
911.0
911.0
929.0
928.0
922.0
970.0
948.0
931.0
933.0
961.0
948.0
961.0
964.0
949.0
960.0
950.0
947.0
960.0
980.0
962.0
971.0
957.0
978.0
969.0
958.0
954.0
956.0
953.0
953.0
956.0
950.0
947.0
937.0
941.0
974.0
950.0
952.0
951.0
950.0
953.0
962.0
948.0
949.0
948.0
948.0
948.0
947.0
956.0
956.0
950.0
948.0
937.0
944.0
941.0
944.0
944.0
932.0
939.0
939.0
931.0
924.0
930.0
929.0
928.0
933.0
932.0
933.0
930.0
924.0
924.0
923.0
929.0
926.0
924.0
924.0
923.0
922.0
924.0
924.0
918.0
918.0
926.0
923.0
923.0
922.0
914.0
914.0
920.0
921.0
918.0
921.0
924.0
921.0
922.0
922.0
926.0
924.0
918.0
927.0
925.0
924.0
924.0
925.0
925.0
927.0
929.0
929.0
929.0
939.0
946.0
959.0
940.0
950.0
958.0
940.0
939.0
957.0
941.0
942.0
956.0
938.0
949.0
952.0
930.0
935.0
935.0
934.0
932.0
926.0
926.0
923.0
926.0
929.0
919.0
918.0
918.0
910.0
917.0
919.0
918.0
919.0
922.0
930.0
926.0
925.0
926.0
925.0
924.0
918.0
918.0
916.0
914.0
917.0
916.0
916.0
914.0
922.0
924.0
926.0
914.0
925.0
915.0
915.0
915.0
924.0
906.0
906.0
904.0
904.0
905.0
913.0
913.0
916.0
906.0
915.0
915.0
915.0
908.0
907.0
905.0
904.0
920.0
920.0
922.0
907.0
915.0
907.0
907.0
915.0
910.0
907.0
907.0
907.0
907.0
914.0
911.0
908.0
914.0
914.0
909.0
914.0
914.0
914.0
917.0
912.0
929.0
910.0
919.0
920.0
920.0
920.0
910.0
910.0
920.0
930.0
930.0
926.0
926.0
930.0
923.0
930.0
931.0
931.0
932.0
923.0
930.0
935.0
942.0
927.0
924.0
924.0
918.0
920.0
916.0
917.0
916.0
919.0
922.0
922.0
921.0
918.0
922.0
921.0
936.0
940.0
930.0
930.0
922.0
952.0
960.0
943.0
943.0
943.0
943.0
943.0
940.0
940.0
948.0
940.0
1003.0
1010.0
995.0
1019.0
994.0
980.0
990.0
980.0
978.0
1128.0
1146.0
1198.0
1255.0
1297.0
1225.0
1237.0
1203.0
1176.0
1195.0
1070.0
1118.0
1080.0
1084.0
1060.0
1054.0
1096.0
1050.0
1082.0
1127.0
1079.0
1063.0
1070.0
1078.0
1072.0
1065.0
1073.0
1078.0
1132.0
1100.0
1114.0
1113.0
1110.0
1105.0
1086.0
1109.0
1090.0
1100.0
1110.0
1080.0
1084.0
1115.0
1148.0
1128.0
1120.0
1146.0
1104.0
1143.0
1114.0
1112.0
1127.0
1112.0
1115.0
1112.0
1124.0
1110.0
1130.0
1123.0
1114.0
1113.0
1107.0
1112.0
1104.0
1111.0
1107.0
1105.0
1105.0
1106.0
1110.0
1083.0
1097.0
1110.0
1107.0
1077.0
1101.0
1101.0
1091.0
1093.0
1093.0
1091.0
1070.0
1084.0
1094.0
1095.0
1084.0
1090.0
1097.0
1088.0
1092.0
1116.0
1114.0
1112.0
1108.0
1108.0
1108.0
1108.0
1106.0
1101.0
1101.0
1075.0
1079.0
1080.0
1079.0
1115.0
1090.0
1092.0
1096.0
1066.0
1082.0
1082.0
1081.0
1081.0
1117.0
1090.0
1075.0
1075.0
1090.0
1115.0
1109.0
1109.0
1087.0
1086.0
1087.0
1103.0
1083.0
1083.0
1083.0
1082.0
1055.0
1060.0
1080.0
1080.0
1064.0
1074.0
1065.0
1073.0
1097.0
1076.0
1085.0
1080.0
1090.0
1090.0
1090.0
1105.0
1095.0
1068.0
1061.0
1067.0
1061.0
1065.0
1065.0
1065.0
1060.0
1070.0
1081.0
1077.0
1118.0
1084.0
1065.0
1075.0
1075.0
1067.0
1086.0
1068.0
1067.0
1067.0
1067.0
1067.0
1067.0
1089.0
1066.0
1067.0
1084.0
1066.0
1054.0
1059.0
1072.0
1059.0
1071.0
1070.0
1080.0
1078.0
1071.0
1060.0
1066.0
1070.0
1066.0
1065.0
1060.0
1060.0
1048.0
1048.0
1047.0
1048.0
1046.0
1045.0
1044.0
1045.0
1033.0
1035.0
1020.0
1033.0
1010.0
1033.0
1035.0
1018.0
1034.0
1004.0
998.0
999.0
999.0
998.0
1004.0
1004.0
1024.0
1012.0
1040.0
1040.0
1014.0
1012.0
1020.0
1038.0
1040.0
1040.0
1035.0
1030.0
1035.0
1036.0
1036.0
1035.0
1033.0
1033.0
1029.0
1029.0
1029.0
1029.0
1012.0
1010.0
1020.0
1029.0
1021.0
1025.0
1023.0
1023.0
1026.0
1027.0
1043.0
1019.0
1029.0
1026.0
1020.0
1029.0
1017.0
1019.0
1019.0
1032.0
1018.0
1030.0
1018.0
1016.0
1023.0
1022.0
1017.0
1023.0
1022.0
1018.0
1019.0
1011.0
1017.0
1017.0
1017.0
1017.0
1017.0
1018.0
1005.0
1021.0
1002.0
1005.0
1006.0
1019.0
1018.0
1006.0
1016.0
1008.0
1010.0
1017.0
1013.0
1015.0
1013.0
1020.0
1020.0
1013.0
1023.0
1011.0
1019.0
1018.0
1018.0
1024.0
1025.0
1020.0
1050.0
1038.0
1020.0
1020.0
1034.0
1034.0
1033.0
1033.0
1025.0
1025.0
1031.0
1029.0
1026.0
1025.0
1042.0
1026.0
1027.0
1024.0
1023.0
1024.0
1025.0
1022.0
1036.0
1020.0
1020.0
1019.0
1019.0
1017.0
1021.0
1021.0
1030.0
1029.0
1024.0
1024.0
1024.0
1011.0
1015.0
1026.0
1001.0
1010.0
1010.0
1010.0
1008.0
1009.0
1006.0
1007.0
1005.0
1001.0
1002.0
1010.0
1001.0
998.0
995.0
996.0
1000.0
1000.0
998.0
998.0
951.0
999.0
997.0
997.0
997.0
997.0
998.0
990.0
989.0
999.0
997.0
992.0
988.0
986.0
990.0
1000.0
999.0
999.0
998.0
999.0
988.0
989.0
989.0
990.0
988.0
988.0
985.0
990.0
982.0
996.0
999.0
984.0
999.0
998.0
1020.0
1015.0
1010.0
988.0
984.0
1000.0
985.0
985.0
1018.0
1017.0
985.0
983.0
984.0
980.0
995.0
990.0
988.0
985.0
980.0
984.0
985.0
990.0
970.0
970.0
972.0
979.0
970.0
979.0
986.0
966.0
965.0
966.0
963.0
978.0
978.0
966.0
967.0
980.0
980.0
970.0
977.0
977.0
978.0
967.0
968.0
976.0
966.0
965.0
965.0
969.0
970.0
969.0
970.0
962.0
986.0
986.0
960.0
960.0
959.0
955.0
956.0
959.0
980.0
966.0
965.0
960.0
960.0
955.0
959.0
959.0
952.0
957.0
968.0
973.0
973.0
968.0
958.0
963.0
994.0
990.0
978.0
986.0
977.0
977.0
951.0
1030.0
984.0
977.0
995.0
993.0
968.0
964.0
944.0
980.0
973.0
973.0
973.0
975.0
973.0
977.0
973.0
970.0
1023.0
985.0
979.0
988.0
993.0
979.0
980.0
976.0
980.0
989.0
974.0
975.0
977.0
969.0
965.0
960.0
958.0
945.0
953.0
950.0
940.0
940.0
940.0
940.0
949.0
933.0
938.0
938.0
942.0
939.0
943.0
948.0
948.0
941.0
937.0
937.0
937.0
936.0
939.0
949.0
960.0
957.0
957.0
960.0
960.0
955.0
954.0
963.0
963.0
962.0
963.0
963.0
952.0
956.0
951.0
950.0
955.0
955.0
961.0
955.0
958.0
961.0
960.0
970.0
977.0
955.0
956.0
981.0
984.0
989.0
988.0
1007.0
1010.0
1009.0
1011.0
1022.0
983.0
988.0
995.0
997.0
998.0
998.0
988.0
998.0
990.0
985.0
980.0
990.0
980.0
989.0
986.0
986.0
978.0
972.0
979.0
989.0
986.0
987.0
980.0
986.0
989.0
981.0
989.0
989.0
981.0
990.0
990.0
981.0
981.0
981.0
981.0
974.0
983.0
983.0
983.0
988.0
979.0
982.0
981.0
981.0
992.0
994.0
1007.0
995.0
995.0
989.0
981.0
987.0
996.0
996.0
997.0
989.0
989.0
983.0
986.0
974.0
971.0
990.0
990.0
981.0
975.0
975.0
968.0
976.0
978.0
978.0
978.0
966.0
965.0
983.0
984.0
962.0
985.0
962.0
985.0
992.0
989.0
968.0
967.0
973.0
969.0
974.0
975.0
963.0
978.0
980.0
980.0
977.0
985.0
990.0
990.0
1144.0
1114.0
1080.0
1055.0
1042.0
1027.0
1035.0
1026.0
1030.0
1040.0
1078.0
1054.0
1011.0
1035.0
1027.0
1027.0
1027.0
1002.0
1012.0
1009.0
1011.0
1009.0
1008.0
1008.0
1050.0
1032.0
1030.0
1025.0
1026.0
1037.0
1031.0
1110.0
1048.0
1035.0
1080.0
1168.0
1160.0
1118.0
1121.0
1118.0
1113.0
1119.0
1121.0
1106.0
1102.0
1079.0
1076.0
1072.0
1072.0
1068.0
1072.0
1074.0
1080.0
1118.0
1093.0
1075.0
1092.0
1069.0
1112.0
1040.0
1068.0
1068.0
1079.0
1080.0
1077.0
1078.0
1073.0
1087.0
1077.0
1077.0
1077.0
1062.0
1066.0
1060.0
1065.0
1064.0
1057.0
1057.0
1057.0
1044.0
1050.0
1045.0
1053.0
1053.0
1049.0
1044.0
1050.0
1052.0
1040.0
1049.0
1095.0
1061.0
1067.0
1067.0
1066.0
1095.0
1080.0
1081.0
1081.0
1079.0
1077.0
1077.0
1079.0
1073.0
1072.0
1048.0
1059.0
1064.0
1089.0
1085.0
1071.0
1096.0
1086.0
1106.0
1169.0
1206.0
1174.0
1162.0
1173.0
1190.0
1189.0
1299.0
1185.0
1169.0
1164.0
1207.0
1195.0
1197.0
1185.0
1191.0
1206.0
1181.0
1185.0
1183.0
1179.0
1172.0
1175.0
1195.0
1183.0
1163.0
1168.0
1161.0
1160.0
1172.0
1160.0
1160.0
1167.0
1167.0
1160.0
1155.0
1164.0
1174.0
1148.0
1146.0
1145.0
1143.0
1153.0
1141.0
1135.0
1141.0
1141.0
1143.0
1134.0
1134.0
1132.0
1123.0
1140.0
1125.0
1125.0
1120.0
1122.0
1121.0
1124.0
1117.0
1115.0
1108.0
1102.0
1103.0
1114.0
1102.0
1100.0
1113.0
1118.0
1109.0
1109.0
1101.0
1100.0
1101.0
1102.0
1102.0
1120.0
1085.0
1102.0
1100.0
1079.0
1060.0
1071.0
1070.0
1076.0
1075.0
1095.0
1093.0
1058.0
1055.0
1055.0
1062.0
1061.0
1069.0
1069.0
1097.0
1064.0
1065.0
1076.0
1061.0
1072.0
1073.0
1074.0
1062.0
1058.0
1070.0
1057.0
1054.0
1056.0
1053.0
1064.0
1076.0
1066.0
1074.0
1067.0
1065.0
1056.0
1065.0
1064.0
1068.0
1070.0
1058.0
1062.0
1070.0
1059.0
1070.0
1063.0
1082.0
1063.0
1063.0
1056.0
1053.0
1052.0
1052.0
1052.0
1046.0
1040.0
1051.0
1044.0
1054.0
1043.0
1043.0
1041.0
1045.0
1038.0
1090.0
1064.0
1051.0
1078.0
1078.0
1077.0
1073.0
1066.0
1050.0
1071.0
1092.0
1125.0
1118.0
1071.0
1085.0
1077.0
1070.0
1071.0
1063.0
1056.0
1067.0
1069.0
1052.0
1050.0
1064.0
1064.0
1068.0
1088.0
1080.0
1078.0
1076.0
1070.0
1069.0
1067.0
1077.0
1069.0
1079.0
1071.0
1071.0
1077.0
1067.0
1072.0
1070.0
1060.0
1074.0
1075.0
1064.0
1077.0
1075.0
1081.0
1070.0
1079.0
1095.0
1091.0
1100.0
1093.0
1099.0
1083.0
1090.0
1089.0
1085.0
1072.0
1075.0
1084.0
1084.0
1077.0
1087.0
1086.0
1083.0
1073.0
1082.0
1086.0
1086.0
1087.0
1089.0
1081.0
1075.0
1075.0
1098.0
1078.0
1080.0
1080.0
1087.0
1075.0
1070.0
1079.0
1077.0
1078.0
1078.0
1080.0
1075.0
1080.0
1077.0
1082.0
1107.0
1099.0
1080.0
1088.0
1075.0
1102.0
1145.0
1181.0
1260.0
1516.0
1516.0
1668.0
1468.0
1437.0
1409.0
1479.0
1430.0
1437.0
1405.0
1330.0
1369.0
1409.0
1855.0
1791.0
1817.0
1796.0
1729.0
1835.0
1891.0
1915.0
1915.0
1950.0
1812.0
2295.0
2513.0
2519.0
2471.0
2401.0
2294.0
2317.0
2389.0
2437.0
2235.0
2241.0
2247.0
2525.0
2595.0
2530.0
2455.0
2498.0
2445.0
2380.0
2380.0
2348.0
2148.0
2062.0
2140.0
2088.0
2133.0
2080.0
2052.0
2280.0
2220.0
2275.0
2229.0
2237.0
2273.0
2259.0
2286.0
2286.0
2479.0
2508.0
2510.0
2513.0
2489.0
2495.0
2512.0
2513.0
2513.0
2513.0
2514.0
2656.0
2684.0
2633.0
2670.0
2600.0
2520.0
2530.0
2608.0
2729.0
2762.0
2902.0
2830.0
2670.0
2653.0
2800.0
2688.0
2709.0
2703.0
2500.0
2745.0
2669.0
2607.0
2658.0
2602.0
2625.0
2672.0
2647.0
2603.0
2638.0
2611.0
2616.0
2675.0
2619.0
2622.0
2632.0
2610.0
2649.0
2660.0
2633.0
2636.0
2590.0
2578.0
2598.0
2591.0
2601.0
2613.0
2605.0
2620.0
2590.0
2570.0
2589.0
2627.0
2648.0
2566.0
2614.0
2614.0
2571.0
2630.0
2610.0
2625.0
2601.0
2613.0
2642.0
2585.0
2622.0
2594.0
2604.0
2617.0
2620.0
2634.0
2598.0
2585.0
2614.0
2601.0
2601.0
2613.0
2538.0
2440.0
2505.0
2518.0
2511.0
2518.0
2499.0
2457.0
2498.0
2491.0
2513.0
2514.0
2493.0
2494.0
2490.0
2470.0
2476.0
2448.0
2450.0
2450.0
2389.0
2355.0
2373.0
2385.0
2374.0
2420.0
2290.0
2270.0
2270.0
2270.0
2268.0
2242.0
2250.0
2220.0
2281.0
2213.0
2198.0
2189.0
2170.0
2180.0
2179.0
2150.0
2145.0
2145.0
2134.0
2130.0
2129.0
2063.0
2053.0
2061.0
2013.0
2022.0
1970.0
1996.0
1997.0
1953.0
1969.0
1950.0
1938.0
1908.0
1905.0
2085.0
2007.0
1978.0
1923.0
1934.0
1929.0
1950.0
1933.0
1946.0
2069.0
2136.0
2136.0
2136.0
2136.0
2136.0
2136.0
2136.0
2136.0
2335.0
2347.0
2347.0
2347.0
2347.0
2345.0
2347.0
2347.0
2347.0
2487.0
2580.0
2580.0
2580.0
2580.0
2580.0
2580.0
2580.0
2580.0
2580.0
2836.0
2836.0
2703.0
2444.0
2412.0
2433.0
2393.0
2420.0
2310.0
2349.0
2383.0
2580.0
2580.0
2580.0
2580.0
2580.0
2580.0
2580.0
2580.0
2503.0
2500.0
2500.0
2499.0
2450.0
2595.0
2570.0
2598.0
2490.0
2469.0
2459.0
2473.0
2434.0
2525.0
2518.0
2452.0
2445.0
2460.0
2304.0
2407.0
2432.0
2411.0
2325.0
2353.0
2298.0
2353.0
2404.0
2313.0
2346.0
2307.0
2308.0
2292.0
2314.0
2279.0
2301.0
2484.0
2302.0
2320.0
2294.0
2253.0
2315.0
2269.0
2271.0
2271.0
2272.0
2261.0
2223.0
2234.0
2248.0
2325.0
2281.0
2346.0
2287.0
2280.0
2254.0
2194.0
2286.0
2229.0
2250.0
2235.0
2244.0
2247.0
2320.0
2288.0
2300.0
2287.0
2288.0
2320.0
2300.0
2271.0
2294.0
2294.0
2297.0
2280.0
2295.0
2295.0
2283.0
2306.0
2298.0
2268.0
2259.0
2259.0
2233.0
2258.0
2275.0
2279.0
2218.0
2180.0
2216.0
2180.0
2178.0
2141.0
2104.0
2269.0
2107.0
2115.0
2119.0
2120.0
2119.0
2096.0
2106.0
2085.0
2054.0
2079.0
2000.0
1987.0
2016.0
2010.0
2075.0
2098.0
2075.0
2176.0
2101.0
2150.0
2129.0
2146.0
2199.0
2151.0
2139.0
2127.0
2174.0
2130.0
2141.0
2142.0
2160.0
2135.0
2200.0
2150.0
2220.0
2174.0
2169.0
2151.0
2140.0
2141.0
2140.0
2160.0
2156.0
2106.0
2090.0
2151.0
2090.0
2095.0
2096.0
2094.0
2067.0
2105.0
2108.0
2144.0
2100.0
2137.0
2092.0
2087.0
2101.0
2118.0
2120.0
2108.0
2136.0
2100.0
2097.0
2077.0
2087.0
2087.0
2079.0
2148.0
2166.0
2165.0
2265.0
2199.0
2219.0
2156.0
2209.0
2228.0
2167.0
2161.0
2169.0
2199.0
2198.0
2206.0
2160.0
2137.0
2232.0
2219.0
2137.0
2132.0
2170.0
2170.0
2135.0
2158.0
2150.0
2150.0
2130.0
2110.0
2206.0
2191.0
2188.0
2188.0
2187.0
2163.0
2212.0
2199.0
2199.0
2200.0
2134.0
2110.0
2138.0
2199.0
2162.0
2167.0
2169.0
2193.0
2170.0
2170.0
2160.0
2158.0
2180.0
2164.0
2194.0
2163.0
2174.0
2154.0
2189.0
2232.0
2180.0
2184.0
2170.0
2170.0
2217.0
2216.0
2166.0
2200.0
2159.0
2162.0
2176.0
2177.0
2178.0
2178.0
2200.0
2173.0
2160.0
2152.0
2125.0
2150.0
2150.0
2200.0
2270.0
2241.0
2200.0
2201.0
2236.0
2198.0
2201.0
2201.0
2201.0
2220.0
2200.0
2172.0
2234.0
2202.0
2233.0
2184.0
2176.0
2193.0
2228.0
2179.0
2225.0
2174.0
2147.0
2132.0
2063.0
2085.0
2050.0
2087.0
2082.0
2149.0
2153.0
2063.0
2082.0
2062.0
2070.0
2067.0
2003.0
2027.0
2000.0
1998.0
1930.0
1941.0
1941.0
1932.0
1900.0
1929.0
1852.0
1940.0
1800.0
1900.0
1800.0
1929.0
1930.0
1949.0
1890.0
1945.0
1909.0
1972.0
1920.0
1949.0
1925.0
1960.0
1955.0
1891.0
1904.0
1886.0
1886.0
1886.0
1870.0
1905.0
1873.0
1818.0
1846.0
1754.0
1747.0
1740.0
1850.0
1601.0
1730.0
1729.0
1893.0
1720.0
1754.0
1850.0
1848.0
1750.0
1756.0
1800.0
1841.0
1850.0
1775.0
1772.0
1782.0
1896.0
1803.0
1804.0
1810.0
1810.0
1842.0
1843.0
1917.0
1900.0
1860.0
1860.0
1885.0
1890.0
1900.0
1900.0
1865.0
1832.0
1859.0
1859.0
1858.0
1849.0
1849.0
1849.0
1849.0
1860.0
1790.0
1838.0
1882.0
1884.0
1900.0
1848.0
1878.0
1864.0
1830.0
1854.0
1890.0
1880.0
1900.0
1900.0
1940.0
1908.0
1902.0
1900.0
1868.0
1888.0
1886.0
1868.0
1868.0
1858.0
1878.0
1896.0
1812.0
1816.0
1810.0
1832.0
2160.0
2080.0
2046.0
2080.0
2140.0
2290.0
2378.0
2222.0
2562.0
2450.0
2482.0
2370.0
2448.0
2366.0
2380.0
2386.0
2418.0
2388.0
2384.0
2350.0
2318.0
2366.0
2344.0
2304.0
2290.0
2304.0
2278.0
2620.0
2572.0
2562.0
2552.0
2518.0
2546.0
2540.0
2506.0
2488.0
2486.0
2756.0
2636.0
2802.0
2798.0
2790.0
2734.0
2796.0
2834.0
2792.0
2982.0
3170.0
3202.0
3642.0
3642.0
3720.0
3724.0
3684.0
3820.0
3900.0
4040.0
4708.0
4640.0
4138.0
3672.0
3850.0
3726.0
3820.0
3800.0
3794.0
4110.0
3626.0
3524.0
3602.0
3596.0
3638.0
3668.0
3570.0
3576.0
3526.0
3866.0
3450.0
3540.0
3460.0
3466.0
3460.0
3450.0
3470.0
3350.0
3380.0
3666.0
3702.0
3668.0
3500.0
3670.0
3568.0
3560.0
3422.0
3152.0
3090.0
2704.0
2814.0
2816.0
2950.0
3268.0
2984.0
3188.0
3144.0
3494.0
3410.0
2598.0
2500.0
2608.0
2754.0
2404.0
2450.0
2608.0
2550.0
2350.0
2728.0
2838.0
2604.0
2758.0
2700.0
2698.0
2676.0
2748.0
2958.0
3000.0
2690.0
2700.0
2894.0
2548.0
2662.0
2684.0
2748.0
2700.0
2608.0
2814.0
2690.0
2744.0
2840.0
2770.0
2768.0
2776.0
2792.0
2780.0
2762.0
2792.0
2752.0
2798.0
2872.0
2760.0
2682.0
2766.0
2666.0
2700.0
2744.0
2730.0
2730.0
2746.0
2750.0
2766.0
2754.0
2750.0
2752.0
2752.0
2766.0
2778.0
2752.0
2802.0
2772.0
2716.0
2730.0
2720.0
2718.0
2764.0
2794.0
2804.0
2754.0
2800.0
2778.0
2766.0
2768.0
2778.0
2784.0
2766.0
2652.0
2712.0
2712.0
2712.0
2658.0
2686.0
2682.0
2660.0
2698.0
2678.0
2654.0
2654.0
2640.0
2666.0
2628.0
2576.0
2668.0
2508.0
2644.0
2586.0
2600.0
2576.0
2594.0
2550.0
2552.0
2550.0
2402.0
2428.0
2426.0
2472.0
2420.0
2438.0
2438.0
2438.0
2482.0
2600.0
2760.0
2820.0
2818.0
2860.0
2700.0
2698.0
2740.0
2712.0
2700.0
2676.0
2662.0
2608.0
2560.0
2556.0
2556.0
2578.0
2574.0
2520.0
2522.0
2502.0
2520.0
2530.0
2520.0
2568.0
2600.0
2570.0
2546.0
2590.0
2578.0
2554.0
2548.0
2540.0
2518.0
2510.0
2592.0
2522.0
2512.0
2502.0
2576.0
2570.0
2542.0
2526.0
2558.0
2538.0
2542.0
2526.0
2528.0
2552.0
2516.0
2524.0
2550.0
2522.0
2546.0
2518.0
2516.0
2542.0
2486.0
2518.0
2516.0
2502.0
2492.0
2508.0
2506.0
2500.0
2484.0
2476.0
2464.0
2474.0
2472.0
2406.0
2408.0
2486.0
2510.0
2500.0
2502.0
2438.0
2546.0
2502.0
2504.0
2504.0
2522.0
2500.0
2458.0
2492.0
2502.0
2500.0
2500.0
2500.0
2500.0
2470.0
2498.0
2498.0
2502.0
2524.0
2514.0
2490.0
2504.0
2458.0
2522.0
2526.0
2480.0
2538.0
2524.0
2518.0
2462.0
2504.0
2502.0
2502.0
2484.0
2474.0
2468.0
2432.0
2474.0
2490.0
2490.0
2456.0
2456.0
2482.0
2452.0
2474.0
2462.0
2512.0
2512.0
2570.0
2704.0
2730.0
2692.0
2710.0
2618.0
2660.0
2680.0
2720.0
2740.0
2740.0
2740.0
2580.0
2616.0
2616.0
2600.0
2590.0
2556.0
2586.0
2586.0
2566.0
2552.0
2572.0
2504.0
2626.0
2544.0
2524.0
2524.0
2528.0
2516.0
2534.0
2530.0
2530.0
2596.0
2594.0
2556.0
2580.0
2580.0
2550.0
2562.0
2548.0
2482.0
2532.0
2530.0
2552.0
2530.0
2530.0
2540.0
2580.0
2542.0
2580.0
2592.0
2556.0
2588.0
2588.0
2588.0
2564.0
2552.0
2508.0
2506.0
2530.0
2522.0
2546.0
2564.0
2502.0
2502.0
2502.0
2454.0
2498.0
2404.0
2422.0
2422.0
2420.0
2426.0
2434.0
2410.0
2406.0
2406.0
2420.0
2430.0
2468.0
2470.0
2444.0
2442.0
2442.0
2470.0
2462.0
2452.0
2454.0
2452.0
2442.0
2448.0
2448.0
2420.0
2400.0
2428.0
2406.0
2366.0
2370.0
2388.0
2390.0
2420.0
2390.0
2416.0
2446.0
2428.0
2446.0
2420.0
2352.0
2374.0
2398.0
2402.0
2418.0
2380.0
2380.0
2348.0
2356.0
2352.0
2332.0
2420.0
2400.0
2360.0
2322.0
2374.0
2330.0
2330.0
2328.0
2300.0
2280.0
2252.0
2250.0
2248.0
2242.0
2248.0
2248.0
2226.0
2200.0
2228.0
2200.0
2146.0
2026.0
2030.0
2064.0
2026.0
2166.0
2020.0
2104.0
2090.0
2092.0
2120.0
2118.0
2500.0
2360.0
2400.0
2468.0
2370.0
2340.0
2370.0
2280.0
2288.0
2318.0
2288.0
2250.0
2254.0
2228.0
2218.0
2240.0
2194.0
2152.0
2178.0
2148.0
2166.0
2110.0
2158.0
2148.0
2132.0
2184.0
2182.0
2180.0
2178.0
2142.0
2178.0
2130.0
2100.0
2098.0
2146.0
2162.0
2142.0
2100.0
2120.0
2160.0
2160.0
2128.0
2130.0
2102.0
2136.0
2132.0
2234.0
2336.0
2326.0
2310.0
2306.0
2390.0
2318.0
2260.0
2270.0
2258.0
2214.0
2240.0
2250.0
2250.0
2202.0
2252.0
2300.0
2252.0
2308.0
2340.0
2260.0
2262.0
2262.0
2286.0
2286.0
2270.0
2340.0
2316.0
2244.0
2234.0
2200.0
2166.0
2224.0
2200.0
2240.0
2250.0
2248.0
2252.0
2250.0
2300.0
2204.0
2226.0
2248.0
2210.0
2222.0
2222.0
2222.0
2160.0
2190.0
2212.0
2214.0
2210.0
2210.0
2520.0
2412.0
2372.0
2552.0
2398.0
2618.0
2770.0
2700.0
2814.0
2726.0
2692.0
2722.0
2618.0
2562.0
2694.0
2698.0
2622.0
2600.0
2584.0
2522.0
2530.0
2526.0
2528.0
2490.0
2506.0
2496.0
