close
730
764
768
768
768
768
760
772
775
776
775
790
796
760
764
764
768
768
760
764
754
760
754
750
750
750
771
771
787
772
770
770
770
770
751
772
755
764
757
771
760
770
770
754
755
755
758
758
755
770
770
770
762
764
766
766
770
770
767
766
776
772
772
772
772
768
772
768
768
768
768
768
764
764
765
761
761
761
761
761
761
778
774
774
774
770
770
770
775
767
767
767
764
756
761
766
752
752
777
758
758
776
730
735
752
740
758
757
757
757
774
740
766
762
762
762
750
751
763
763
763
763
763
768
768
756
761
761
770
750
770
765
765
760
730
732
761
763
765
770
1063
1063
1063
1063
840
798
784
788
752
765
796
780
783
784
779
775
774
758
769
763
761
763
768
764
769
764
765
765
780
778
767
770
767
760
767
768
762
760
755
753
760
760
759
763
758
750
751
752
755
751
753
749
751
749
753
754
754
746
748
755
756
755
751
755
770
768
770
766
765
765
767
770
774
765
760
764
760
764
757
759
760
767
766
760
758
758
761
760
761
764
764
765
767
771
773
773
770
778
780
779
779
777
774
771
775
775
774
775
772
774
829
811
800
800
802
801
802
805
810
815
808
814
810
802
810
810
805
800
801
808
797
794
798
797
790
791
791
793
807
802
802
796
802
800
800
803
802
803
794
800
803
796
800
796
800
800
813
801
809
807
806
809
805
809
806
814
817
814
813
817
810
803
815
816
817
809
814
815
811
818
821
822
815
815
829
828
823
826
825
828
820
828
826
825
830
839
839
838
830
821
820
810
817
825
822
828
820
820
818
819
809
807
810
811
812
809
810
810
813
818
809
820
820
818
814
820
810
807
807
800
827
825
817
815
820
812
820
818
810
817
827
820
822
819
818
820
820
820
820
820
822
850
841
830
828
830
825
826
824
824
826
822
828
826
825
825
825
826
828
825
763
764
750
750
750
749
750
750
749
750
750
751
750
745
741
738
738
744
737
737
737
724
731
731
729
730
729
727
727
764
734
735
728
730
729
729
730
729
734
726
714
725
722
713
716
719
719
716
719
720
723
726
726
724
721
730
734
733
719
724
721
735
734
738
741
735
746
749
746
742
750
747
747
746
741
740
746
738
744
743
740
740
741
742
740
743
743
741
736
730
734
731
736
736
735
730
737
737
734
731
735
730
727
732
729
730
730
735
733
733
729
728
729
733
738
729
729
731
729
730
736
731
735
730
737
730
729
736
734
738
735
735
733
735
738
733
733
726
733
731
730
734
730
730
735
731
733
730
733
729
729
730
728
729
727
731
729
725
725
715
719
720
721
725
724
725
725
725
725
723
726
724
720
721
720
724
724
724
721
722
725
721
723
720
723
723
724
723
724
724
724
724
729
728
729
729
726
726
729
724
721
728
726
730
730
730
730
734
730
736
735
732
733
735
735
733
735
735
734
732
731
732
734
731
729
729
734
731
731
731
731
730
728
728
730
733
750
737
741
737
739
741
741
744
740
741
735
740
740
744
742
740
744
743
741
742
736
740
741
738
739
742
742
742
740
742
747
741
740
739
738
738
738
738
738
740
743
744
743
742
743
746
744
741
750
741
745
748
742
743
745
746
746
746
743
745
748
753
749
746
755
760
762
755
757
765
760
754
760
755
767
767
762
765
765
767
768
769
765
762
768
804
811
812
817
826
824
824
819
816
815
840
819
820
817
819
811
813
815
800
800
791
791
796
799
799
801
794
800
796
799
797
791
797
795
793
814
808
815
821
820
825
840
825
826
827
821
818
817
816
819
819
822
821
818
822
822
813
820
814
815
815
817
815
812
812
823
820
812
817
807
808
802
809
820
810
814
812
810
813
814
814
815
812
811
804
806
805
805
809
806
813
814
806
814
813
813
806
805
806
817
814
810
812
812
810
810
816
808
812
808
807
814
811
809
809
810
808
815
814
814
814
817
815
816
810
811
810
812
812
818
820
819
817
821
816
813
813
812
812
812
812
807
818
809
807
807
807
809
809
809
812
814
806
808
805
809
804
809
804
809
806
804
804
805
800
800
802
805
800
800
800
797
796
796
799
794
791
789
802
797
799
796
802
807
807
808
807
807
807
807
789
812
807
801
801
799
789
790
799
790
798
801
792
792
800
795
790
790
791
797
790
790
788
788
789
801
801
800
800
791
800
800
800
800
792
795
801
798
795
802
791
810
803
803
808
802
807
807
811
810
809
800
801
800
810
810
802
800
801
801
801
801
802
800
800
800
803
804
804
808
806
806
808
808
803
803
804
803
803
803
803
799
807
803
800
799
799
808
808
810
810
811
810
810
811
810
807
815
808
809
805
805
805
803
798
798
800
800
808
808
808
801
807
807
808
801
805
802
803
803
803
804
802
800
801
801
801
803
801
806
809
797
800
800
800
801
800
809
800
810
809
809
803
810
800
801
805
800
801
801
810
817
818
825
818
819
825
834
830
832
833
839
837
838
838
837
835
834
839
843
844
845
852
868
860
861
861
864
866
862
860
865
860
863
863
867
869
871
872
872
922
924
925
930
919
922
920
918
916
950
920
920
920
921
917
918
919
921
923
923
920
920
921
922
926
925
922
922
922
922
921
921
920
920
919
915
926
915
917
917
911
914
912
909
916
915
925
927
927
922
921
923
923
923
923
928
931
933
934
938
940
941
943
941
951
952
950
949
949
950
953
952
955
958
960
960
960
960
961
961
958
958
953
954
954
957
956
956
956
952
950
955
954
953
955
948
949
957
957
952
957
958
954
956
954
956
954
950
950
952
951
950
953
952
951
956
955
954
953
953
952
950
954
951
951
950
949
951
951
951
950
947
951
951
948
955
951
949
951
948
948
947
949
947
947
953
952
949
945
947
946
945
948
947
942
947
949
949
950
947
950
955
955
949
949
948
950
954
955
963
965
965
964
962
962
965
964
962
964
966
966
964
961
956
963
961
962
962
963
963
961
961
957
955
960
959
954
957
956
956
954
954
955
953
959
962
956
958
958
955
954
954
955
958
958
960
960
958
958
959
958
958
958
953
953
953
958
958
950
956
954
962
951
953
951
953
953
951
956
960
960
951
955
949
955
956
954
959
955
954
957
955
952
952
952
954
954
955
955
955
955
954
955
955
954
965
959
963
965
962
961
958
960
961
960
960
962
960
958
959
961
959
959
962
962
962
961
962
964
962
964
963
964
962
961
962
963
960
961
959
962
962
962
964
963
964
961
961
962
963
962
962
962
961
960
963
961
961
962
963
961
961
961
960
974
973
972
972
971
972
971
971
970
976
975
974
964
964
964
964
963
963
975
975
972
973
975
969
974
983
982
977
981
972
981
984
984
982
977
979
978
977
977
978
978
989
989
986
986
987
995
995
999
999
999
994
994
994
996
996
995
1000
1000
1000
997
997
997
1009
1009
1009
1009
1009
1009
1007
1009
1009
1008
1008
1018
1019
1035
1035
1047
1044
1043
1041
1044
1044
1043
1062
1060
1069
1072
1070
1073
1090
1092
1095
1098
1090
1111
1111
1113
1110
1125
1122
1123
1125
1125
1142
1142
1141
1146
1146
1143
1142
1141
1140
1151
1154
1155
1157
1155
1160
1161
1162
1168
1151
1152
1152
1152
1151
1150
1150
1150
1150
1160
1159
1153
1153
1152
1152
1150
1150
1149
1150
1159
1157
1154
1152
1150
1151
1150
1151
1150
1164
1164
1156
1155
1153
1152
1154
1154
1152
1161
1174
1170
1171
1173
1170
1174
1174
1174
1185
1185
1184
1182
1181
1180
1184
1184
1178
1167
1165
1164
1171
1169
1155
1159
1155
1152
1154
1152
1153
1153
1152
1153
1151
1150
1150
1152
1148
1150
1150
1150
1150
1150
1148
1142
1143
1142
1141
1142
1141
1141
1160
1160
1160
1159
1159
1161
1159
1159
1159
1160
1159
1169
1169
1164
1171
1170
1160
1160
1159
1159
1168
1164
1165
1166
1166
1166
1168
1165
1164
1163
1169
1166
1166
1166
1166
1165
1166
1165
1171
1168
1164
1164
1163
1163
1177
1180
1166
1166
1168
1169
1170
1165
1168
1165
1160
1167
1167
1171
1164
1164
1173
1173
1173
1173
1173
1170
1174
1172
1171
1172
1171
1166
1171
1170
1175
1170
1169
1170
1171
1167
1167
1167
1166
1166
1165
1165
1164
1164
1163
1162
1171
1171
1171
1174
1171
1181
1180
1188
1196
1196
1198
1198
1210
1216
1215
1207
1216
1219
1229
1236
1236
1241
1241
1241
1234
1244
1245
1243
1245
1245
1243
1244
1245
1246
1239
1240
1241
1241
1241
1239
1238
1239
1238
1245
1242
1244
1247
1247
1248
1250
1250
1247
1253
1253
1256
1256
1253
1252
1251
1258
1275
1274
1280
1269
1272
1272
1272
1270
1270
1283
1281
1283
1292
1294
1296
1296
1296
1297
1299
1298
1296
1304
1303
1311
1310
1307
1297
1303
1307
1303
1327
1326
1329
1328
1328
1328
1330
1333
1338
1345
1339
1336
1335
1334
1337
1341
1334
1338
1344
1337
1339
1338
1340
1340
1341
1341
1335
1336
1338
1344
1337
1336
1330
1332
1334
1339
1335
1330
1333
1335
1334
1335
1330
1336
1338
1365
1363
1360
1360
1358
1365
1365
1364
1365
1367
1368
1369
1371
1374
1374
1375
1377
1369
1368
1369
1368
1369
1368
1370
1365
1361
1359
1360
1362
1362
1362
1362
1357
1358
1353
1349
1341
1347
1362
1364
1363
1360
1369
1371
1380
1372
1373
1373
1376
1373
1375
1374
1374
1373
1372
1371
1373
1376
1370
1374
1375
1376
1378
1374
1375
1373
1374
1375
1368
1368
1370
1370
1384
1378
1380
1381
1384
1384
1383
1377
1388
1391
1374
1377
1381
1381
1380
1381
1376
1379
1377
1393
1389
1385
1387
1387
1388
1404
1404
1404
1401
1413
1416
1417
1410
1413
1409
1416
1425
1429
1435
1435
1437
1437
1431
1431
1430
1430
1434
1439
1435
1434
1436
1427
1432
1434
1435
1426
1430
1420
1419
1419
1429
1439
1441
1441
1437
1443
1464
1466
1469
1469
1466
1467
1460
1465
1469
1478
1489
1477
1474
1469
1470
1472
1467
1462
1477
1474
1469
1477
1473
1473
1478
1483
1484
1485
1492
1494
1490
1491
1497
1487
1493
1498
1508
1512
1514
1513
1516
1516
1517
1517
1517
1518
1514
1512
1511
1514
1506
1510
1514
1514
1505
1503
1500
1498
1501
1498
1500
1499
1492
1499
1497
1492
1493
1499
1502
1498
1491
1496
1485
1496
1497
1494
1493
1493
1488
1491
1483
1479
1490
1489
1491
1489
1485
1487
1489
1491
1489
1487
1486
1483
1482
1482
1481
1488
1482
1481
1485
1483
1481
1483
1478
1479
1483
1490
1482
1486
1485
1486
1485
1483
1486
1478
1476
1508
1502
1509
1509
1510
1510
1517
1514
1512
1534
1532
1530
1535
1542
1537
1530
1529
1536
1547
1540
1531
1530
1529
1530
1529
1530
1529
1531
1527
1527
1528
1531
1526
1525
1528
1534
1549
1551
1548
1545
1540
1547
1544
1531
1531
1540
1540
1543
1543
1548
1551
1551
1558
1554
1544
1547
1549
1547
1549
1548
1549
1547
1546
1538
1541
1541
1543
1539
1541
1541
1541
1536
1537
1540
1538
1543
1543
1543
1548
1549
1543
1550
1552
1547
1550
1549
1545
1547
1543
1549
1543
1547
1544
1546
1548
1541
1542
1544
1542
1536
1561
1569
1575
1572
1562
1563
1565
1559
1564
1559
1558
1558
1560
1553
1555
1553
1554
1563
1589
1591
1586
1581
1577
1583
1578
1583
1584
1577
1577
1575
1577
1577
1578
1582
1576
1576
1580
1587
1588
1589
1585
1586
1583
1588
1591
1591
1593
1593
1592
1591
1593
1591
1587
1588
1600
1600
1590
1585
1581
1581
1583
1577
1580
1586
1583
1579
1588
1581
1576
1574
1589
1590
1596
1595
1590
1592
1606
1613
1610
1612
1614
1610
1606
1611
1612
1611
1609
1608
1609
1596
1596
1599
1591
1593
1593
1595
1598
1595
1594
1597
1600
1594
1595
1594
1595
1595
1595
1595
1591
1592
1589
1584
1580
1586
1578
1573
1580
1587
1586
1584
1584
1584
1589
1587
1591
1589
1584
1584
1576
1578
1580
1580
1572
1593
1594
1593
1595
1599
1601
1600
1601
1600
1601
1600
1601
1600
1599
1600
1601
1604
1600
1603
1604
1604
1601
1600
1600
1600
1600
1603
1608
1606
1606
1596
1604
1604
1606
1603
1605
1605
1605
1603
1600
1602
1602
1608
1602
1602
1609
1602
1602
1585
1580
1584
1581
1586
1570
1577
1579
1579
1575
1580
1579
1580
1583
1575
1575
1578
1575
1556
1552
1559
1561
1570
1564
1571
1566
1573
1569
1569
1568
1570
1568
1568
1569
1569
1568
1562
1559
1561
1557
1562
1562
1562
1570
1572
1571
1572
1574
1573
1579
1580
1578
1575
1577
1568
1561
1561
1567
1559
1562
1550
1547
1555
1550
1553
1546
1549
1551
1547
1550
1550
1550
1548
1550
1550
1550
1547
1547
1549
1547
1550
1545
1542
1543
1543
1541
1543
1541
1542
1538
1537
1538
1538
1538
1537
1538
1542
1537
1540
1539
1539
1539
1539
1539
1540
1528
1532
1535
1541
1545
1545
1539
1542
1544
1539
1540
1539
1539
1534
1534
1535
1538
1539
1542
1536
1538
1539
1537
1534
1533
1530
1529
1524
1529
1528
1531
1531
1536
1531
1531
1532
1532
1528
1530
1529
1528
1537
1535
1537
1538
1537
1531
1530
1531
1524
1526
1527
1528
1527
1528
1518
1516
1515
1520
1529
1520
1525
1525
1525
1519
1520
1522
1526
1529
1524
1523
1523
1524
1529
1520
1517
1521
1519
1517
1515
1521
1517
1517
1519
1519
1516
1523
1521
1521
1523
1523
1516
1518
1520
1519
1518
1516
1525
1520
1519
1516
1519
1516
1517
1522
1522
1518
1522
1523
1517
1522
1525
1521
1525
1524
1525
1524
1523
1526
1525
1525
1525
1524
1526
1524
1524
1524
1525
1524
1520
1521
1528
1528
1528
1524
1529
1524
1526
1525
1524
1525
1518
1524
1522
1523
1513
1507
1511
1509
1502
1505
1507
1509
1517
1515
1514
1517
1514
1512
1514
1514
1513
1522
1525
1523
1522
1522
1527
1522
1527
1523
1518
1515
1516
1516
1518
1515
1515
1513
1516
1514
1513
1512
1507
1506
1500
1498
1496
1500
1501
1498
1494
1497
1497
1500
1500
1500
1499
1489
1500
1498
1498
1497
1496
1495
1494
1494
1494
1487
1478
1475
1475
1475
1478
1478
1478
1479
1484
1478
1477
1476
1477
1477
1481
1478
1481
1486
1481
1483
1482
1484
1481
1480
1478
1472
1472
1470
1472
1478
1474
1471
1472
1470
1467
1466
1467
1468
1466
1468
1467
1467
1467
1465
1468
1468
1469
1470
1465
1465
1466
1464
1464
1462
1461
1460
1463
1469
1468
1467
1468
1465
1446
1442
1444
1449
1447
1446
1444
1441
1442
1440
1443
1441
1438
1432
1427
1420
1421
1426
1414
1398
1395
1420
1420
1421
1420
1420
1420
1412
1408
1381
1398
1405
1405
1405
1405
1405
1389
1367
1366
1367
1373
1387
1382
1377
1377
1368
1377
1377
1378
1352
1357
1351
1367
1367
1372
1369
1360
1359
1358
1356
1352
1349
1351
1347
1347
1348
1340
1322
1318
1317
1319
1317
1317
1319
1317
1319
1317
1318
1322
1320
1324
1320
1312
1312
1325
1327
1327
1329
1327
1329
1301
1303
1302
1300
1302
1292
1287
1287
1291
1287
1288
1286
1290
1292
1292
1290
1291
1289
1292
1286
1283
1281
1277
1277
1277
1278
1280
1278
1282
1268
1268
1262
1258
1257
1286
1293
1295
1293
1285
1283
1287
1287
1273
1273
1276
1273
1278
1274
1273
1276
1267
1267
1265
1263
1264
1264
1263
1258
1243
1237
1236
1233
1235
1233
1231
1237
1238
1238
1235
1236
1241
1241
1236
1240
1234
1235
1239
1236
1230
1230
1235
1232
1234
1234
1233
1230
1233
1232
1231
1231
1226
1227
1229
1227
1228
1229
1229
1229
1227
1216
1217
1216
1219
1226
1220
1218
1213
1213
1209
1214
1210
1214
1218
1213
1217
1217
1215
1216
1218
1219
1222
1222
1220
1221
1220
1219
1215
1217
1216
1221
1218
1217
1218
1219
1215
1218
1218
1218
1224
1224
1217
1220
1221
1216
1219
1222
1221
1215
1218
1222
1221
1217
1221
1217
1221
1222
1214
1214
1215
1218
1213
1215
1210
1213
1212
1216
1214
1215
1219
1219
1219
1213
1213
1217
1218
1222
1221
1221
1221
1213
1213
1213
1213
1220
1219
1219
1214
1219
1215
1215
1216
1216
1215
1216
1215
1216
1216
1214
1212
1215
1214
1215
1215
1223
1224
1225
1231
1235
1235
1231
1226
1234
1229
1224
1229
1233
1236
1237
1240
1234
1233
1235
1232
1233
1235
1234
1232
1233
1253
1265
1263
1267
1268
1267
1267
1249
1268
1283
1294
1298
1298
1298
1298
1298
1293
1293
1296
1307
1304
1307
1307
1307
1308
1311
1307
1308
1323
1323
1326
1323
1326
1325
1325
1328
1328
1328
1327
1326
1338
1339
1341
1341
1341
1342
1343
1342
1343
1340
1343
1343
1338
1333
1332
1330
1333
1325
1329
1328
1325
1325
1331
1335
1335
1334
1333
1332
1333
1336
1338
1333
1331
1334
1338
1340
1339
1340
1335
1333
1327
1332
1335
1342
1342
1341
1342
1338
1341
1332
1337
1340
1340
1343
1338
1340
1342
1337
1335
1346
1339
1342
1344
1344
1344
1343
1344
1346
1352
1354
1360
1356
1356
1352
1359
1362
1361
1370
1370
1372
1369
1372
1371
1371
1372
1381
1381
1384
1379
1381
1381
1381
1384
1383
1389
1386
1386
1386
1379
1384
1383
1378
1368
1363
1367
1367
1370
1370
1370
1370
1370
1355
1344
1345
1336
1333
1339
1342
1339
1336
1338
1361
1350
1350
1349
1348
1339
1342
1338
1338
1338
1350
1350
1356
1356
1359
1359
1360
1358
1359
1366
1362
1367
1360
1357
1364
1364
1363
1366
1355
1357
1357
1364
1357
1358
1359
1360
1358
1364
1365
1364
1365
1367
1368
1368
1366
1367
1380
1376
1374
1372
1372
1370
1370
1360
1357
1351
1355
1356
1359
1362
1354
1353
1355
1356
1360
1366
1362
1366
1365
1365
1366
1369
1364
1355
1358
1355
1356
1355
1358
1356
1354
1353
1353
1360
1360
1365
1365
1360
1360
1362
1364
1355
1362
1366
1373
1370
1380
1376
1375
1383
1395
1411
1391
1391
1392
1391
1385
1377
1376
1374
1382
1381
1387
1390
1396
1389
1390
1393
1395
1391
1399
1398
1402
1402
1401
1406
1399
1395
1401
1405
1405
1406
1414
1412
1403
1409
1412
1410
1404
1405
1406
1406
1405
1408
1409
1407
1407
1397
1397
1396
1399
1392
1385
1392
1397
1396
1407
1410
1410
1413
1413
1407
1408
1411
1406
1412
1410
1408
1410
1404
1404
1404
1405
1402
1390
1394
1393
1400
1401
1399
1395
1396
1393
1389
1394
1396
1396
1404
1402
1401
1396
1401
1396
1397
1397
1397
1397
1400
1399
1400
1400
1392
1392
1393
1394
1386
1387
1388
1387
1374
1375
1377
1374
1376
1376
1377
1378
1376
1374
1369
1383
1379
1381
1388
1387
1381
1389
1390
1389
1385
1389
1389
1390
1389
1386
1384
1387
1371
1370
1369
1374
1374
1371
1376
1380
1376
1365
1366
1353
1355
1352
1360
1360
1360
1356
1348
1343
1345
1345
1347
1342
1334
1337
1344
1349
1351
1353
1356
1357
1362
1362
1367
1366
1371
1368
1367
1364
1365
1362
1361
1366
1362
1353
1351
1351
1354
1358
1352
1350
1352
1348
1352
1347
1344
1343
1345
1348
1348
1344
1344
1347
1350
1356
1361
1360
1361
1356
1352
1356
1362
1356
1358
1361
1361
1358
1360
1360
1360
1357
1356
1351
1354
1358
1355
1352
1355
1349
1338
1334
1337
1340
1333
1334
1337
1340
1347
1337
1335
1316
1319
1322
1324
1322
1322
1322
1321
1321
1325
1334
1327
1328
1331
1328
1323
1326
1320
1319
1320
1307
1313
1313
1314
1313
1311
1315
1313
1312
1313
1312
1312
1315
1315
1307
1315
1311
1316
1309
1307
1310
1305
1293
1300
1293
1288
1279
1271
1271
1271
1277
1268
1271
1254
1251
1250
1253
1246
1246
1244
1242
1245
1247
1259
1255
1257
1262
1262
1272
1283
1295
1285
1289
1286
1287
1287
1286
1286
1287
1301
1296
1296
1291
1291
1286
1289
1284
1281
1281
1283
1275
1280
1282
1284
1275
1276
1280
1306
1342
1343
1340
1341
1341
1340
1340
1343
1319
1343
1342
1342
1343
1347
1345
1344
1342
1355
1358
1358
1357
1357
1360
1362
1358
1363
1365
1358
1364
1367
1363
1360
1365
1357
1359
1368
1368
1363
1368
1369
1369
1363
1362
1403
1423
1433
1443
1442
1443
1443
1405
1405
1445
1425
1422
1434
1445
1454
1454
1455
1455
1455
1459
1458
1459
1459
1451
1450
1450
1450
1447
1470
1492
1482
1482
1482
1483
1483
1482
1483
1477
1484
1483
1483
1483
1483
1475
1478
1493
1491
1490
1493
1492
1490
1490
1491
1490
1492
1477
1520
1523
1521
1520
1520
1531
1531
1533
1532
1540
1560
1571
1571
1570
1570
1570
1573
1570
1602
1599
1599
1599
1601
1599
1599
1602
1592
1594
1588
1588
1598
1597
1597
1600
1587
1581
1577
1580
1585
1585
1586
1581
1585
1589
1597
1596
1594
1597
1596
1595
1588
1598
1598
1611
1615
1615
1625
1631
1627
1630
1635
1638
1637
1632
1628
1633
1633
1631
1632
1629
1629
1627
1615
1617
1615
1638
1648
1665
1678
1698
1693
1687
1730
1748
1747
1747
1747
1747
1747
1748
1748
1748
1764
1812
1808
1807
1807
1807
1807
1807
1808
1808
1807
1808
1807
1807
1807
1791
1788
1787
1785
1788
1795
1790
1806
1805
1810
1810
1807
1808
1807
1850
1859
1860
1862
1861
1863
1861
1857
1855
1868
1858
1869
1872
1876
1872
1869
1873
1871
1866
1863
1870
1870
1859
1862
1862
1859
1858
1841
1832
1834
1841
1844
1844
1838
1841
1844
1877
1871
1873
1864
1856
1839
1845
1843
1834
1857
1855
1860
1870
1873
1878
1865
1854
1853
1851
1855
1858
1870
1874
1879
1872
1875
1878
1867
1865
1862
1862
1836
1836
1839
1829
1805
1808
1806
1805
1767
1775
1776
1772
1773
1773
1772
1772
1772
1772
1764
1764
1761
1762
1761
1763
1759
1749
1750
1744
1748
1743
1738
1738
1811
1832
1830
1828
1843
1854
1860
1825
1827
1850
1831
1850
1841
1835
1829
1852
1870
1895
1882
1883
1884
1882
1885
1887
1885
1885
1881
1885
1872
1868
1833
1832
1833
1835
1835
1832
1832
1833
1832
1855
1896
1884
1876
1874
1858
1822
1822
1831
1793
1792
1803
1803
1803
1811
1807
1807
1807
1807
1817
1817
1817
1817
1817
1817
1817
1817
1822
1822
1826
1854
1850
1849
1840
1847
1848
1840
1843
1894
1873
1882
1882
1872
1877
1889
1877
1879
1881
1889
1912
1898
1897
1911
1910
1900
1906
1897
1901
1905
1901
1897
1902
1918
1913
1913
1913
1913
1910
1906
1912
1909
1905
1909
1907
1905
1908
1914
1939
1969
1968
1956
1944
1913
1906
1913
1912
1959
1920
1901
1901
1908
1908
1908
1908
1904
1915
1902
1903
1906
1913
1908
1914
1913
1907
1908
1911
1909
1910
1911
1915
1913
1918
1912
1912
1895
1896
1874
1890
1903
1899
1906
1893
1893
1892
1839
1805
1790
1832
1833
1832
1833
1832
1832
1781
1750
1752
1759
1762
1795
1799
1788
1796
1799
1795
1807
1806
1804
1803
1803
1803
1803
1803
1803
1811
1813
1807
1806
1808
1807
1807
1809
1806
1798
1766
1748
1760
1762
1756
1753
1741
1719
1720
1723
1722
1715
1715
1706
1701
1706
1661
1703
1703
1703
1702
1692
1692
1672
1643
1642
1622
1622
1613
1553
1518
1513
1543
1525
1568
1569
1620
1616
1500
1500
1481
1481
1485
1484
1485
1481
1485
1476
1492
1492
1492
1492
1493
1493
1492
1490
1500
1458
1469
1468
1447
1451
1454
1420
1426
1426
1431
1430
1432
1433
1439
1442
1448
1453
1447
1447
1445
1448
1448
1462
1454
1457
1456
1450
1457
1458
1458
1455
1414
1452
1459
1453
1452
1454
1454
1453
1460
1435
1426
1400
1376
1383
1401
1393
1389
1383
1376
1379
1386
1385
1383
1387
1376
1351
1351
1351
1352
1352
1354
1354
1348
1351
1350
1346
1341
1335
1336
1314
1307
1306
1323
1326
1332
1332
1330
1328
1320
1316
1305
1302
1264
1264
1260
1266
1266
1266
1261
1257
1259
1256
1247
1255
1250
1250
1243
1250
1250
1233
1230
1225
1218
1212
1212
1197
1191
1203
1207
1213
1226
1232
1232
1232
1232
1235
1236
1241
1246
1246
1242
1242
1242
1243
1243
1242
1242
1242
1243
1210
1196
1180
1184
1196
1209
1221
1221
1200
1225
1231
1228
1224
1221
1229
1220
1216
1218
1199
1191
1206
1212
1200
1203
1196
1174
1174
1164
1153
1153
1159
1150
1160
1154
1153
1129
1122
1125
1125
1124
1129
1132
1134
1132
1134
1136
1134
1137
1136
1143
1142
1144
1144
1150
1146
1150
1151
1153
1153
1156
1156
1152
1157
1155
1156
1159
1154
1133
1145
1140
1131
1150
1169
1162
1164
1169
1171
1169
1183
1176
1164
1154
1144
1143
1146
1157
1144
1147
1139
1165
1184
1180
1182
1185
1187
1187
1186
1186
1187
1187
1186
1186
1187
1187
1186
1187
1186
1196
1196
1202
1202
1203
1202
1202
1203
1203
1200
1203
1203
1200
1212
1210
1213
1213
1212
1213
1213
1213
1213
1212
1213
1212
1213
1212
1212
1214
1240
1250
1261
1276
1271
1264
1269
1266
1276
1289
1305
1291
1293
1292
1310
1320
1313
1365
1375
1359
1358
1356
1361
1356
1342
1341
1320
1337
1328
1328
1336
1334
1335
1331
1337
1325
1310
1310
1310
1294
1289
1303
1298
1289
1280
1279
1271
1264
1255
1247
1249
1247
1238
1216
1216
1203
1208
1218
1218
1249
1231
1234
1238
1228
1230
1253
1240
1249
1269
1266
1275
1309
1312
1322
1284
1296
1294
1290
1329
1342
1342
1353
1355
1346
1348
1345
1339
1339
1350
1341
1346
1325
1328
1320
1319
1321
1333
1336
1314
1311
1318
1316
1310
1307
1305
1306
1310
1315
1330
1326
1327
1334
1333
1329
1327
1316
1299
1304
1294
1298
1301
1300
1305
1295
1287
1274
1266
1260
1262
1257
1262
1257
1258
1253
1251
1249
1240
1250
1239
1234
1235
1237
1245
1223
1218
1220
1218
1228
1237
1238
1243
1245
1279
1294
1283
1288
1277
1274
1277
1272
1251
1251
1257
1255
1250
1254
1251
1250
1242
1240
1241
1246
1239
1235
1250
1246
1240
1227
1247
1256
1251
1241
1241
1247
1237
1241
1241
1260
1251
1248
1253
1267
1260
1254
1272
1280
1285
1287
1300
1295
1285
1292
1289
1288
1277
1283
1284
1285
1286
1281
1284
1289
1287
1294
1307
1309
1310
1312
1318
1327
1308
1312
1307
1306
1304
1305
1312
1308
1304
1301
1298
1284
1290
1289
1312
1307
1310
1307
1309
1314
1318
1322
1315
1321
1322
1326
1327
1338
1328
1336
1329
1318
1316
1312
1326
1326
1321
1328
1326
1332
1332
1335
1342
1339
1342
1335
1329
1322
1316
1327
1332
1329
1330
1327
1325
1301
1316
1310
1313
1309
1308
1311
1313
1310
1244
1208
