close
4.6
4.6
4.6
4.0
4.1
3.602
4.001
4.101
4.222
4.5
3.34
3.392
3.399
3.5
3.5
3.4
3.399
3.398
3.398
3.397
3.4
3.4
3.1
3.306
3.3
3.2
3.1
2.901
3.1
3.0
3.0
3.0
3.0
2.9
2.9
2.9
2.851
2.8
3.0
2.998
2.99
3.2
3.5
3.0
3.3
2.69
3.0
3.0
3.1
3.0
3.0
3.0
2.799
2.8
2.8
2.8
2.8
2.8
2.6
2.6
2.6
2.6
2.785
2.79
2.5
2.46
2.34
2.44
2.8
2.6
2.5
2.5
2.5
2.3
2.3
2.3
2.3
2.3
2.1
2.29
2.22
2.2
2.49
2.0
2.02
2.01
2.2
2.2
2.2
2.19
2.34
2.0
2.0
1.95
2.0
2.0
2.0
2.0
1.7
1.95
2.0
2.0
2.0
2.0
2.14
1.95
2.25
2.0
2.0
2.05
2.07
2.04
2.05
2.0
2.0
2.0
2.0
2.11
2.07
2.04
2.04
2.0
2.0
2.0
2.0
2.0
2.0
2.0
2.0
2.0
2.0
2.0
2.08
2.04
2.09
2.09
2.01
2.0
1.95
2.0
2.0
2.0
2.0
2.0
2.0
2.15
2.0
2.0
1.97
2.0
2.0
2.0
1.95
2.0
2.0
2.02
2.06
2.08
2.0
2.02
2.04
2.06
2.07
2.07
2.17
2.1
2.1
2.15
2.12
2.14
2.1
2.1
2.1
2.1
2.09
2.07
2.07
2.06
2.06
2.08
2.1
1.99
2.0
2.08
2.02
2.07
2.0
2.0
2.01
2.02
2.03
1.99
2.02
2.03
2.04
2.05
2.03
2.06
2.11
2.06
2.1
2.1
2.23
2.23
2.24
2.23
2.24
2.2
2.2
2.2
2.2
2.2
2.28
2.22
2.22
2.22
2.18
2.2
2.18
2.2
2.2
2.2
2.2
2.2
2.15
2.15
2.15
2.15
2.15
2.15
2.15
2.15
2.2
2.15
2.14
2.15
2.15
2.0
2.15
2.15
2.15
2.15
2.1
2.13
2.1
2.13
2.05
2.06
2.04
2.05
1.85
1.94
2.0
1.99
2.0
2.0
2.0
1.99
2.0
2.0
1.96
1.96
1.99
2.0
1.95
1.99
1.99
1.91
1.99
1.96
1.96
1.9
1.9
1.85
1.99
1.86
1.99
1.97
1.85
1.85
1.83
1.99
1.89
1.89
1.9
1.92
2.0
1.9
1.9
2.0
1.99
1.99
1.99
1.96
1.99
2.06
2.06
2.06
2.06
2.5
2.07
2.2
2.1
2.12
2.14
2.14
2.14
2.14
2.14
2.01
2.06
1.91
1.98
2.09
1.98
2.05
2.08
1.97
2.06
1.97
1.86
1.97
2.06
2.08
2.08
1.9
1.97
1.97
2.07
1.55
1.99
1.98
2.0
2.0
2.0
1.65
2.07
2.08
2.07
1.5
1.95
1.95
2.08
2.08
2.0
2.1
2.1
2.09
1.98
2.0
2.49
1.93
2.0
2.01
2.0
2.0
2.35
2.0
2.37
2.3
2.08
2.3
2.3
2.65
2.47
2.39
2.29
2.14
2.15
2.16
2.24
2.19
2.29
2.2
2.1
2.1
2.15
2.15
2.17
2.2
2.2
2.01
2.12
1.91
1.95
2.29
2.24
2.02
2.12
2.27
2.38
2.21
2.11
2.24
2.08
2.13
2.04
2.04
2.01
2.0
1.98
2.06
2.08
2.0
2.02
2.0
2.08
2.02
2.69
2.15
2.15
2.2
2.32
2.28
2.28
2.29
2.27
2.27
2.25
2.2
2.2
2.2
2.21
2.18
2.15
2.18
2.08
2.02
2.06
2.06
2.06
2.05
1.96
1.97
1.94
1.96
1.96
2.0
2.0
2.0
2.06
2.07
2.05
2.09
2.08
2.08
2.08
2.06
2.04
2.09
2.07
2.12
2.1
2.1
2.04
1.96
1.97
2.11
2.03
2.01
2.01
2.01
2.14
2.11
2.1
2.05
2.08
2.05
2.11
2.11
2.07
2.08
2.05
2.09
2.03
2.03
2.2
2.09
2.11
2.14
2.16
2.13
2.18
2.14
2.18
2.14
2.15
2.11
2.15
2.19
2.2
2.11
2.19
2.12
2.1
2.07
2.06
2.09
2.09
2.05
2.09
2.05
2.01
2.0
2.03
1.97
1.98
2.12
2.09
2.0
2.0
2.06
2.06
2.05
2.05
2.25
2.08
2.1
1.99
1.97
1.98
1.97
2.03
2.12
2.07
2.19
2.09
2.18
2.19
2.1
2.12
2.17
2.15
2.14
2.14
2.19
2.15
2.11
2.18
2.12
2.17
2.11
2.06
2.03
2.03
2.67
2.01
2.07
2.29
2.28
2.23
2.23
2.23
2.24
2.17
2.17
2.16
2.23
2.23
2.24
2.27
2.28
2.19
2.07
2.05
2.13
2.05
2.09
2.13
2.13
2.05
2.09
2.13
2.05
2.11
2.05
2.05
2.09
2.13
2.13
2.13
2.14
2.56
2.27
2.12
2.1
2.28
2.17
2.18
2.18
2.28
2.25
2.25
2.24
2.29
2.17
2.17
2.17
2.23
2.24
2.17
2.2
2.24
2.2
2.34
2.34
2.34
2.3
2.25
2.3
2.31
2.27
2.33
2.26
2.23
2.23
2.21
2.22
2.2
2.17
2.16
2.23
2.17
2.18
2.18
2.17
2.15
2.19
2.2
2.21
2.17
2.34
2.23
2.45
2.37
2.42
2.37
2.37
2.36
2.31
2.25
2.27
2.31
2.3
2.12
2.21
2.19
2.22
2.19
2.25
2.26
2.3
2.29
2.39
2.39
2.45
2.5
2.52
2.45
2.44
2.44
2.44
2.43
2.52
2.59
2.56
2.6
2.6
2.71
2.78
2.78
2.82
2.75
2.75
2.73
2.78
2.7
2.8
2.75
2.79
2.79
2.7
2.66
2.65
2.65
2.5
2.5
2.5
2.44
2.5
2.44
2.31
2.26
2.31
2.45
2.42
2.36
2.36
2.36
2.36
2.38
2.19
2.25
2.24
2.3
2.28
2.29
2.39
2.4
2.41
2.41
2.42
2.5
2.43
2.4
2.5
2.44
2.5
2.52
2.52
2.52
2.52
2.49
2.46
2.44
2.42
2.41
2.4
2.41
2.4
2.39
2.39
2.4
2.39
2.4
2.47
2.47
2.47
2.5
2.6
2.6
2.49
2.6
2.53
2.5
2.49
2.48
2.58
2.56
2.53
2.5
2.47
2.42
2.37
2.38
2.45
2.44
2.41
2.4
2.4
2.38
2.38
2.37
2.28
2.11
2.11
2.17
2.18
2.19
2.26
2.25
2.24
2.21
2.2
2.19
2.19
2.2
2.18
2.1
2.14
2.12
2.11
2.6
2.46
2.58
2.5
2.52
2.38
2.38
2.24
2.2
2.21
2.19
2.19
2.18
2.22
2.17
2.18
2.18
2.13
2.13
2.19
2.16
2.19
2.2
2.19
2.21
2.17
2.23
2.1
2.19
2.1
2.1
2.1
2.1
2.11
2.18
2.08
2.02
2.05
2.03
2.09
2.03
2.0
2.12
2.09
2.11
2.1
2.1
2.12
2.34
2.21
2.2
2.21
2.19
2.18
2.17
2.25
2.21
2.23
2.23
2.29
2.22
2.18
2.14
2.17
2.14
2.22
2.15
2.12
2.16
2.21
2.17
2.19
2.15
2.18
2.01
2.1
2.1
2.11
2.11
2.11
2.11
2.08
2.08
2.11
2.12
2.1
2.1
2.1
2.11
2.12
2.14
2.18
2.2
2.18
2.11
2.14
2.16
2.17
2.18
2.14
2.14
2.14
2.12
2.12
2.14
2.12
2.14
2.13
2.12
2.11
2.1
2.16
2.1
2.1
2.08
2.08
2.11
2.06
2.11
2.06
2.08
2.06
2.04
2.04
2.03
2.05
2.1
2.1
2.12
2.09
2.1
2.19
2.18
2.16
2.14
2.18
2.18
2.14
2.59
3.06
3.06
3.06
3.06
3.37
4.27
4.27
4.27
4.27
4.27
4.7
5.97
5.97
5.97
5.97
6.57
5.43
6.23
5.32
5.74
5.22
5.22
5.07
5.29
5.28
5.47
4.81
4.59
4.8
4.67
4.71
4.79
4.71
4.58
4.59
5.65
5.6
5.45
6.4
6.4
6.4
6.4
6.4
6.73
6.45
6.14
6.09
5.68
5.68
5.73
5.67
5.73
6.16
6.02
5.73
5.79
5.8
5.73
5.71
5.6
5.4
5.03
5.23
5.74
5.58
5.57
5.48
5.7
5.7
5.7
5.43
5.48
5.27
5.27
5.2
5.3
5.6
5.38
5.12
5.03
5.25
5.13
5.13
5.31
5.65
5.4
5.35
5.01
5.0
5.0
5.0
5.0
4.7
4.9
4.9
4.71
4.9
4.4
4.61
4.41
4.4
4.5
4.35
4.4
4.37
4.33
4.33
4.33
4.32
4.47
4.31
4.32
4.47
4.49
4.73
4.64
4.59
4.57
4.57
4.58
4.66
4.77
4.55
4.31
4.31
4.3
4.3
4.4
4.36
4.36
5.6
5.69
5.6
5.3
5.11
4.99
4.7
4.97
5.24
4.65
4.81
4.96
5.0
5.0
4.71
4.87
4.66
4.94
4.69
4.7
4.73
4.69
4.83
4.75
4.65
5.12
5.69
5.0
5.12
5.0
4.85
5.13
4.81
4.97
4.82
4.92
4.91
4.66
4.67
4.65
4.67
4.74
4.94
4.5
4.6
4.6
4.59
4.65
4.83
4.8
4.71
4.52
4.7
4.41
4.31
4.68
4.68
4.68
5.17
5.97
6.67
6.62
6.12
6.35
6.1
6.0
6.0
6.07
5.65
5.52
5.5
5.6
5.5
5.5
5.58
5.44
5.23
5.05
5.49
5.4
5.37
5.5
5.46
5.45
5.36
5.25
5.05
5.28
5.33
5.22
5.4
5.35
5.56
5.56
5.51
5.5
5.6
5.6
5.55
5.37
5.21
5.7
5.69
5.54
5.59
5.5
5.53
5.34
5.3
5.55
5.39
5.4
5.32
5.5
5.91
5.66
5.67
5.6
5.07
5.45
5.51
5.5
5.15
5.35
5.3
5.17
5.38
5.3
5.4
5.46
5.34
5.0
5.37
5.42
5.49
6.0
6.22
6.22
5.9
6.15
6.25
6.1
6.44
6.0
6.2
6.15
6.2
6.27
6.39
6.36
6.35
6.29
5.5
5.31
5.85
5.35
5.44
5.56
5.64
5.7
5.5
5.56
5.8
5.4
5.74
5.76
5.48
5.31
5.4
5.42
5.6
5.6
5.61
5.3
5.7
5.51
5.7
5.69
5.44
5.73
5.7
5.58
5.56
5.55
5.65
5.47
5.59
5.63
5.7
5.43
5.58
5.41
5.68
5.68
5.95
5.54
5.55
5.55
5.55
5.5
5.61
5.63
5.7
5.5
5.5
5.95
5.51
5.5
5.52
5.56
5.78
5.78
5.55
5.9
5.56
6.56
6.6
6.88
6.89
6.55
6.41
6.35
6.38
6.37
6.63
6.31
6.6
6.5
6.95
6.61
6.19
6.57
6.48
6.43
6.49
6.17
6.5
6.65
6.63
6.64
6.65
6.92
6.93
6.93
6.39
6.65
6.19
6.86
5.9
6.5
6.54
6.55
6.51
6.4
6.04
6.08
6.08
6.2
6.12
6.17
6.49
6.13
6.13
6.1
6.16
6.2
6.1
6.1
6.79
6.16
6.77
6.76
6.77
6.41
6.21
6.11
6.13
6.13
6.11
6.12
6.3
6.16
6.14
6.11
6.61
6.78
6.45
6.12
6.5
6.49
6.49
6.51
6.5
6.69
6.5
6.59
6.49
6.5
6.5
6.55
6.5
6.2
6.16
6.33
6.56
6.48
6.43
6.44
6.45
6.4
6.21
6.46
6.46
6.47
5.93
6.0
6.0
5.97
5.89
5.5
5.77
5.77
5.77
5.24
5.25
5.38
5.66
5.4
5.4
5.32
5.4
5.88
4.7
5.39
5.4
5.1
6.0
5.78
5.87
5.25
5.8
5.25
5.26
5.26
5.99
6.0
5.3
5.49
6.18
6.13
6.17
6.18
6.19
6.89
5.72
5.52
5.34
5.35
5.18
5.1
5.0
5.02
5.01
5.33
5.18
5.8
5.25
5.8
5.8
5.8
5.99
5.98
5.99
4.89
4.9
4.85
4.5
4.74
4.63
4.5
4.26
4.77
4.49
4.23
4.3
3.93
4.0
4.12
4.1
3.81
4.22
3.6
3.64
4.0
4.0
3.86
3.5
3.54
3.73
3.24
3.33
3.02
3.24
3.24
3.33
3.37
3.57
3.59
3.06
3.34
3.31
3.5
3.59
3.35
3.27
3.2
3.2
3.46
3.12
3.8
3.8
4.18
4.27
3.88
3.91
4.11
4.1
3.78
4.46
4.46
4.11
4.2
4.13
4.57
4.5
4.3
4.36
4.64
4.73
5.19
4.5
4.99
4.52
4.33
4.24
3.97
4.89
4.75
4.71
4.3
4.57
5.0
5.0
4.82
4.81
4.65
4.89
4.65
4.97
4.95
4.68
4.94
4.98
5.16
5.0
4.93
4.74
5.04
4.97
5.01
5.36
5.35
4.98
4.8
5.5
5.25
5.57
5.56
5.4
5.18
5.18
4.92
5.2
4.83
5.01
5.0
5.0
4.72
4.84
5.49
5.82
5.0
5.49
5.02
5.03
4.99
4.77
5.9
5.4
5.4
5.45
5.45
5.47
5.79
4.78
5.55
5.79
5.17
5.0
5.01
5.26
5.79
5.0
4.77
4.77
4.79
4.77
4.79
5.1
4.86
5.49
5.48
5.59
5.2
4.78
4.9
4.9
5.2
5.59
4.78
4.78
4.78
4.78
4.78
4.79
4.88
4.58
4.88
4.7
4.75
4.69
4.63
4.57
4.67
4.46
4.5
4.52
4.55
4.57
4.57
4.56
4.58
4.59
4.68
4.64
4.63
4.61
4.76
4.64
4.88
4.64
4.64
4.5
4.31
4.4
4.4
4.39
4.39
4.43
4.4
4.57
4.52
4.61
4.63
4.73
4.74
4.74
4.74
4.73
4.7
4.68
4.68
4.68
4.62
4.59
4.63
4.61
4.61
4.6
4.6
4.58
4.61
4.65
4.73
4.61
4.7
4.69
4.67
4.53
4.75
4.78
4.6
4.69
4.68
4.65
4.62
4.62
4.6
4.58
4.57
4.69
4.7
4.57
4.55
4.51
4.72
4.58
4.57
4.55
4.49
4.47
4.45
4.43
4.42
4.41
4.4
4.3
4.3
4.3
4.88
4.4
4.65
4.62
4.5
4.5
4.55
4.5
4.47
4.37
4.38
4.43
4.4
4.43
4.2
4.29
4.26
4.23
4.28
4.23
4.4
4.12
4.33
4.17
4.32
4.4
4.57
4.49
4.49
4.5
4.47
4.41
4.4
4.35
4.32
4.37
4.43
4.44
4.4
4.21
4.28
4.31
4.26
4.23
4.31
4.21
4.8
4.52
4.4
4.31
4.2
4.2
4.14
4.0
4.0
3.9
4.0
4.0
3.9
3.82
3.7
3.78
3.65
3.6
3.6
4.0
3.63
3.93
4.14
4.2
4.15
4.0
4.0
3.84
3.94
3.92
3.9
3.74
3.74
3.67
3.66
3.54
3.87
3.58
3.64
3.55
3.54
3.53
3.52
3.5
3.5
3.5
3.58
3.56
3.56
3.56
3.56
3.48
3.65
3.6
3.6
3.57
3.6
3.6
3.67
3.72
3.72
3.79
3.7
3.8
3.76
3.75
3.94
3.9
3.89
3.78
3.67
3.77
3.77
3.78
3.8
3.86
3.88
3.83
3.9
3.8
3.86
3.76
3.69
3.57
3.79
3.7
3.65
3.69
3.76
3.72
3.71
3.67
3.63
3.8
3.64
3.7
3.7
3.7
3.7
3.94
4.31
4.35
3.95
3.77
5.0
4.96
4.94
5.04
5.14
4.67
5.17
5.18
5.27
5.14
5.6
4.99
4.98
4.52
4.52
5.0
5.8
6.0
6.38
6.09
5.8
6.22
5.8
5.4
5.06
5.07
5.26
5.2
5.36
5.44
5.78
5.5
5.28
5.49
5.07
5.63
5.06
4.4
4.3
4.21
4.12
4.14
4.21
4.4
4.22
4.22
4.24
4.14
3.97
3.99
4.0
4.02
4.03
4.01
4.07
4.04
4.03
4.0
3.97
3.83
4.0
4.0
4.0
3.97
3.88
3.82
3.88
3.9
3.9
3.68
3.75
3.74
3.8
3.79
3.84
3.77
3.8
3.83
3.83
3.75
3.75
3.82
3.78
3.84
3.71
3.8
3.8
3.8
3.78
3.77
3.75
3.71
3.77
3.75
3.78
3.74
3.73
3.73
3.77
3.78
3.77
3.76
3.71
3.48
3.54
3.54
3.54
3.64
3.55
3.6
3.6
3.6
3.58
3.6
3.6
3.58
3.6
3.61
3.61
3.62
3.63
3.64
3.6
3.59
3.57
3.56
3.54
3.53
3.52
3.49
3.53
3.56
3.58
3.54
3.41
3.48
3.43
3.4
3.4
3.41
3.41
3.45
3.4
3.41
3.4
3.41
3.41
3.4
3.4
3.4
3.4
3.37
3.44
3.48
3.48
3.46
3.46
3.41
3.38
3.5
3.46
3.44
3.5
3.37
3.44
3.5
3.5
3.5
3.44
3.55
3.48
3.47
3.53
3.52
3.43
3.44
3.43
3.48
3.43
3.5
3.5
3.43
3.42
3.49
3.49
3.49
3.5
3.5
3.4
3.4
3.4
3.4
3.44
3.44
3.38
3.4
3.44
3.41
3.44
3.45
3.49
3.45
3.45
3.49
3.5
3.58
3.58
3.61
3.61
3.57
3.62
3.64
3.64
3.69
3.7
3.84
3.97
3.87
3.86
3.88
3.83
3.87
3.87
3.73
3.8
3.73
3.79
3.65
3.74
3.73
3.73
3.5
3.51
3.58
3.47
3.56
3.57
3.56
3.58
3.55
3.55
3.55
3.55
3.55
3.55
3.46
3.54
3.55
3.52
3.43
3.49
3.49
3.46
3.47
3.45
3.47
3.45
3.44
3.46
3.47
3.47
3.54
3.48
3.54
3.47
3.54
3.45
3.53
3.56
3.55
3.54
3.47
3.55
3.54
3.55
3.58
3.6
3.64
3.64
3.67
3.67
3.67
3.67
3.64
3.52
3.52
3.51
3.51
3.53
3.53
3.54
3.51
3.55
3.57
3.57
3.47
3.52
3.52
3.48
3.52
3.45
3.52
3.52
3.51
3.5
3.5
3.5
3.52
3.47
3.4
3.37
3.37
3.35
3.38
3.37
3.37
3.34
3.33
3.33
3.38
3.3
3.31
3.4
3.42
3.41
3.4
3.4
4.74
4.75
4.75
4.58
4.7
4.75
4.73
4.23
4.64
5.1
5.7
5.5
5.33
5.05
4.67
4.7
4.62
4.69
4.69
5.28
5.85
5.3
5.23
5.0
5.0
5.39
5.61
5.7
5.47
5.69
5.73
5.88
5.75
5.73
5.72
5.45
5.51
5.67
5.57
5.23
5.33
5.39
5.45
5.57
5.55
5.35
5.5
6.02
5.94
5.78
5.8
5.7
5.69
5.55
5.87
5.86
5.68
6.35
6.08
5.99
6.37
6.02
6.52
6.8
6.57
6.5
6.35
6.47
6.2
6.14
6.15
6.13
5.78
5.99
5.9
5.95
6.0
6.0
5.91
5.91
6.07
6.18
6.23
6.19
6.03
6.05
6.17
6.1
5.89
6.07
5.95
6.0
5.81
5.8
5.71
5.68
5.71
5.56
5.71
5.47
5.39
5.15
5.42
5.37
5.25
5.34
5.25
5.42
5.48
5.49
5.57
5.47
5.45
5.43
5.0
4.84
4.91
4.68
4.69
4.7
4.69
4.69
4.6
4.72
4.71
4.66
4.69
4.78
4.6
4.73
4.65
4.67
4.67
4.65
4.73
4.67
4.67
4.78
4.78
4.68
4.58
4.65
4.67
4.5
4.56
4.51
4.59
4.63
4.65
4.67
4.61
4.74
4.67
4.75
4.81
4.79
4.78
4.76
4.85
4.86
4.77
4.77
4.77
4.7
4.84
4.85
4.85
5.17
4.91
4.92
4.8
4.55
4.61
4.54
4.4
4.4
4.4
4.68
4.37
4.5
4.55
4.61
4.55
4.54
4.63
4.7
4.74
4.75
4.815
4.775
4.755
4.755
4.595
4.695
4.745
4.655
4.735
4.8
4.79
4.7
4.69
4.6
4.665
4.655
4.795
4.84
4.885
4.72
4.74
4.88
4.82
4.83
4.755
4.88
4.905
4.875
4.965
4.95
4.945
4.95
4.945
5.6
5.21
5.2
5.295
5.0
4.76
4.95
4.855
4.78
4.865
5.045
5.09
5.12
5.11
5.11
4.985
4.85
4.995
4.64
4.74
4.64
4.765
4.64
4.58
4.67
4.7
4.7
4.73
4.695
4.715
4.405
4.57
4.65
4.665
4.665
4.67
4.69
4.605
4.64
4.64
4.64
4.64
4.58
4.575
4.475
4.64
4.685
4.55
4.705
4.79
4.735
4.775
4.8
4.78
4.775
4.865
4.78
5.21
5.06
5.29
5.13
5.375
5.28
5.1
5.1
5.25
5.085
5.07
5.025
4.78
4.68
4.925
4.715
4.825
4.9
4.855
4.9
4.775
4.775
4.75
4.75
4.705
4.755
4.8
4.995
4.995
4.91
4.865
4.86
4.86
4.885
4.76
4.79
4.78
4.77
4.675
4.68
4.58
4.73
4.705
4.61
4.61
4.585
4.62
4.62
4.605
4.8
5.015
5.275
5.0
5.005
4.965
4.9
5.255
5.015
4.88
4.96
5.4
5.0
5.125
5.65
5.69
5.49
5.135
5.365
5.31
5.2
5.125
5.17
5.36
5.495
5.21
5.125
5.025
4.985
4.985
4.965
5.155
5.2
5.01
5.0
4.955
5.345
4.875
4.805
4.805
4.96
4.975
4.98
5.075
4.705
4.94
4.935
4.93
4.915
4.89
4.88
5.05
4.705
4.945
5.0
4.995
4.995
4.99
5.0
5.09
5.0
4.945
4.965
4.965
5.07
4.92
5.06
4.995
4.99
4.83
4.855
4.765
4.815
4.815
4.81
4.955
4.985
5.085
5.1
4.85
4.97
4.88
4.775
4.945
4.995
4.8
4.975
4.975
4.805
4.86
4.815
4.97
4.97
4.8
4.71
4.72
4.705
4.71
4.79
4.725
4.66
4.7
4.645
4.655
4.745
4.62
4.56
4.52
4.695
4.81
4.61
4.745
4.52
4.695
4.795
4.705
4.8
5.155
5.17
5.1
5.085
5.215
5.38
5.37
5.16
4.915
4.785
4.885
5.185
5.185
5.44
5.395
5.185
5.3
5.26
5.26
5.345
5.24
5.3
5.405
5.28
5.25
5.18
5.27
5.25
5.19
5.27
5.155
5.2
5.24
5.1
5.085
5.2
5.3
4.935
5.0
5.03
5.0
4.835
4.915
4.9
4.83
4.83
4.88
4.82
4.815
4.86
4.8
4.805
4.805
4.8
4.77
4.74
4.74
4.74
4.74
4.74
4.74
4.72
4.725
4.65
4.64
4.655
4.61
4.62
4.625
4.65
4.6
4.595
4.635
4.645
4.645
4.575
4.565
4.615
4.615
4.62
4.585
4.62
4.555
4.61
4.815
4.855
4.8
4.8
4.8
4.82
4.725
4.74
4.74
4.7
4.7
4.65
4.71
4.605
4.69
4.755
4.665
4.675
4.73
4.6
4.715
4.71
4.705
4.705
4.7
4.7
4.7
4.7
4.69
4.685
4.63
4.68
4.64
4.635
4.67
4.675
4.575
4.625
4.59
4.59
4.59
4.6
4.6
4.6
4.59
4.585
4.615
4.59
4.53
4.355
4.335
4.39
4.39
4.49
4.485
4.37
4.37
4.55
4.36
4.36
4.43
4.345
4.335
4.41
4.43
4.34
4.525
4.525
4.525
4.375
4.545
4.55
4.5
4.35
4.5
4.45
4.49
4.44
4.435
4.43
4.385
4.305
4.3
4.29
4.27
4.27
4.27
4.275
4.275
4.275
4.275
4.255
4.095
4.1
4.115
4.1
4.105
4.105
4.125
4.115
4.1
4.09
4.11
4.1
4.1
4.06
4.065
4.065
4.065
4.055
4.04
4.03
4.035
4.01
4.01
4.01
4.015
4.015
4.215
4.205
4.21
4.21
4.2
4.105
4.135
4.135
4.1
4.08
4.02
4.06
4.0
4.24
4.265
4.16
4.16
4.005
4.1
4.08
4.04
4.025
4.2
4.19
4.285
4.135
4.24
4.31
4.315
4.305
4.285
4.3
4.225
4.44
4.275
4.3
4.3
4.3
4.3
4.4
4.3
4.3
4.25
4.365
4.675
4.41
4.41
4.41
4.31
4.59
4.475
4.475
4.385
4.4
4.43
4.405
4.395
4.4
4.38
4.315
4.38
4.38
4.3
4.385
3.935
3.915
4.125
4.13
4.17
4.45
4.29
4.26
4.26
4.21
4.195
4.615
4.275
4.22
4.19
4.125
4.01
4.005
4.085
4.165
4.17
4.1
4.125
4.005
4.03
4.015
4.015
4.015
4.005
4.085
4.005
4.005
4.005
3.915
4.085
4.075
4.01
4.025
3.985
4.0
4.02
4.02
4.03
3.935
3.955
3.9
3.915
3.95
3.995
3.94
3.965
3.985
3.955
4.075
4.11
4.1
4.085
4.015
4.055
3.845
4.15
4.04
4.075
4.045
3.98
4.03
3.965
3.975
4.01
4.02
3.97
3.97
3.965
4.08
3.995
3.97
3.96
4.02
3.97
3.97
4.07
4.075
4.04
3.935
3.98
3.99
3.99
3.925
4.0
3.98
3.94
4.16
3.905
3.98
3.96
3.96
3.96
3.935
3.915
3.91
3.91
3.9
3.97
3.96
3.995
3.995
3.88
3.94
3.905
3.905
3.85
3.82
3.89
3.89
3.89
3.89
3.825
3.825
3.82
3.8
3.865
3.805
3.805
3.77
3.83
3.755
3.7
3.765
3.685
3.68
3.61
3.63
3.665
3.665
3.685
3.66
3.59
3.66
3.66
3.7
3.695
3.68
3.68
3.725
3.7
3.615
3.665
3.605
3.765
3.76
4.945
4.655
4.735
4.695
4.705
4.72
4.745
4.55
4.4
4.51
4.78
4.91
4.715
4.8
4.635
4.795
4.625
4.625
4.68
4.67
4.515
4.6
5.055
4.765
4.6
4.705
4.75
4.72
4.615
4.615
4.665
4.67
4.58
4.77
4.75
4.845
4.86
4.555
4.67
4.785
4.67
4.785
4.975
4.97
4.97
4.935
5.02
4.965
4.775
4.775
4.895
4.96
5.045
4.94
4.945
4.945
4.8
4.9
4.935
4.805
4.77
4.935
4.8
4.8
4.92
4.775
4.83
4.775
4.805
4.775
5.9
4.86
4.69
4.75
4.695
4.72
4.64
4.83
4.82
4.745
5.125
4.92
5.04
5.05
5.055
5.08
5.12
5.115
5.145
5.13
4.86
4.74
4.735
4.775
4.75
4.82
4.88
4.88
4.82
4.785
4.755
4.605
4.615
4.625
4.625
4.56
4.56
4.625
4.62
4.62
4.57
4.62
4.575
4.575
4.5
4.52
4.53
4.53
4.555
4.555
4.52
4.51
5.245
5.23
5.875
5.48
5.49
5.35
5.11
5.205
5.19
4.89
5.03
4.96
4.95
4.84
4.86
4.855
4.8
4.82
4.815
4.78
4.765
4.75
4.63
4.815
4.74
4.95
5.0
5.045
4.97
4.955
4.85
4.82
4.835
4.825
4.875
4.755
4.785
4.63
4.53
4.58
4.58
4.6
4.455
4.505
4.5
4.49
4.54
4.585
4.5
4.495
4.445
4.375
4.425
4.44
4.46
4.435
4.445
4.46
4.45
4.7
4.825
4.745
4.81
4.845
4.605
4.79
4.725
4.68
4.61
4.61
4.64
4.66
4.71
4.58
4.585
4.57
4.5
4.625
4.655
4.585
4.575
4.66
4.62
4.63
4.655
4.535
4.62
4.62
4.655
4.505
4.525
4.535
4.455
4.38
4.415
4.035
4.34
4.365
4.34
4.355
4.635
4.64
4.57
4.705
4.68
4.67
4.75
4.775
4.78
4.885
4.875
4.85
4.83
4.95
4.625
4.72
4.91
4.61
4.645
4.595
4.38
4.415
4.45
4.52
4.71
4.815
4.805
5.395
5.195
5.2
5.3
4.95
5.1
5.03
5.085
4.9
4.98
5.015
5.055
5.03
5.0
5.03
4.8
4.95
4.965
4.965
4.965
4.85
4.89
4.57
4.965
4.815
4.895
4.895
4.88
4.84
4.88
4.96
5.18
5.1
4.97
4.945
4.95
4.88
4.82
4.805
4.805
4.805
4.835
4.8
4.84
4.81
4.805
5.045
5.055
5.105
5.1
5.0
5.0
5.0
5.12
5.11
4.92
4.885
4.885
4.885
4.99
4.88
4.825
5.025
4.97
4.885
4.89
4.87
4.87
4.93
4.835
4.825
4.825
4.92
4.935
4.835
4.905
4.85
4.95
4.965
5.005
5.115
5.335
5.14
5.345
5.405
6.4
6.47
6.69
6.895
5.955
5.36
5.35
5.41
5.38
5.36
5.36
5.32
5.415
5.385
5.31
5.3
5.3
5.21
5.22
5.22
5.215
5.195
5.165
5.135
5.125
5.12
5.09
5.095
5.075
5.175
5.16
5.19
5.195
5.215
5.2
5.19
5.195
5.18
5.105
5.28
5.125
5.15
5.22
5.17
5.18
5.08
5.05
5.08
5.0
4.95
4.96
4.94
4.935
4.915
4.945
4.95
4.995
4.97
4.905
4.905
4.92
4.96
4.965
4.97
4.97
4.92
5.34
5.205
5.135
5.015
5.07
5.05
5.11
5.06
5.135
5.06
5.185
5.155
5.115
5.135
5.075
5.065
5.115
5.295
5.045
5.085
5.05
5.03
5.035
5.035
5.06
5.12
5.2
5.19
5.04
5.065
5.06
5.055
5.125
5.125
5.065
5.2
5.06
5.165
5.065
5.135
5.03
5.07
5.055
5.05
5.12
5.035
5.125
5.12
5.08
5.12
5.04
5.135
5.095
5.095
5.04
5.045
5.035
5.04
5.05
5.13
5.015
5.065
5.12
5.085
5.055
5.025
4.97
5.01
5.025
5.015
5.165
5.055
5.1
5.085
4.98
5.04
5.02
5.005
4.985
4.985
5.02
5.02
5.02
4.985
4.99
4.96
4.95
4.9
4.9
4.895
4.9
4.895
5.0
4.995
4.965
4.995
5.0
4.9
4.99
4.965
4.88
4.9
4.885
4.9
4.805
4.86
4.865
4.935
4.895
4.81
4.865
4.795
4.795
4.9
4.885
4.87
4.87
4.775
4.7
4.695
4.695
4.7
4.7
4.7
4.67
4.69
4.785
4.735
4.695
4.7
4.7
4.71
4.74
4.685
4.685
4.685
4.695
4.695
4.66
4.79
4.775
4.79
4.785
4.8
4.825
4.865
4.76
4.59
4.635
4.71
4.76
4.77
4.78
4.78
5.065
5.0
4.935
4.865
4.83
4.83
4.895
4.855
4.78
4.8
4.835
4.88
4.865
4.865
4.845
4.835
4.84
4.845
4.835
4.835
4.825
4.79
4.8
4.74
4.835
4.795
4.825
4.83
4.84
4.745
4.79
4.76
4.83
4.805
4.805
4.825
4.825
4.795
4.8
4.86
4.76
4.76
4.76
4.78
4.735
4.8
4.795
4.795
4.79
4.795
4.795
4.795
4.785
4.8
4.795
4.795
4.8
4.81
4.845
4.84
4.885
4.885
4.84
4.935
4.895
5.015
4.99
4.975
4.975
4.99
4.99
4.975
4.99
4.97
4.995
4.97
4.97
4.94
4.935
4.76
4.88
4.895
4.9
4.97
4.915
4.81
4.75
4.8
4.77
4.88
4.79
4.79
4.865
4.88
4.875
4.865
4.85
4.805
4.795
4.79
4.785
4.7
4.795
4.795
4.795
4.8
4.795
4.79
4.795
4.795
4.79
4.8
4.8
4.805
4.805
4.84
4.835
4.82
4.715
4.855
4.885
4.895
4.83
4.8
4.77
4.81
4.88
4.9
4.9
4.9
4.9
4.85
4.825
4.84
4.825
4.81
4.8
4.74
4.745
4.75
4.75
4.78
4.8
4.795
4.805
4.785
4.785
4.805
4.875
4.85
4.865
4.855
4.85
4.88
4.88
4.88
4.875
4.855
4.93
4.94
4.97
5.02
5.0
5.0
5.02
5.005
5.025
5.02
5.05
5.035
4.995
5.02
5.0
4.995
5.065
5.005
4.96
4.99
4.96
4.88
4.88
4.935
4.92
4.9
4.91
4.905
4.905
4.885
4.875
4.875
4.87
4.825
4.845
4.88
4.78
4.82
4.815
4.805
4.76
4.785
4.785
4.755
4.775
4.78
4.855
4.86
4.84
4.8
4.81
4.81
4.83
4.79
4.78
4.815
4.81
4.755
4.75
4.745
4.75
4.755
4.755
4.75
4.65
4.645
4.64
4.6
4.5
4.4
4.395
4.37
4.3
4.28
4.3
4.33
4.54
4.495
4.45
4.32
4.3
4.365
4.38
4.55
4.435
4.31
4.395
4.49
4.49
4.44
4.485
4.485
4.4
4.54
4.495
4.41
4.32
4.325
4.32
4.295
4.275
4.335
4.32
4.315
4.285
4.12
4.165
4.19
4.185
3.7
3.765
3.54
3.41
3.6
3.625
3.42
3.485
3.46
3.515
3.515
3.52
3.52
3.525
3.46
3.35
3.66
3.4
3.465
3.585
3.585
3.295
3.395
3.395
3.665
3.4
3.35
3.26
3.26
3.12
3.05
2.76
2.8
2.95
2.855
2.8
2.8
3.2
2.945
3.11
3.19
3.3
3.46
3.46
3.4
3.4
3.3
3.335
3.085
3.18
3.22
3.215
3.04
3.17
3.245
3.3
3.295
3.995
4.1
3.825
3.9
3.9
3.825
3.825
3.825
3.825
3.825
3.7
3.7
3.635
3.65
3.63
3.935
3.89
3.815
3.655
3.6
3.64
3.77
3.69
3.69
3.745
3.7
3.85
3.805
3.9
4.0
4.0
4.17
4.085
4.045
4.025
4.005
4.005
4.0
3.995
4.0
4.08
4.085
3.955
4.05
4.16
4.075
3.955
4.165
4.16
4.075
4.075
4.0
4.3
3.965
3.835
3.935
3.73
3.785
3.985
3.89
3.885
3.85
3.925
3.96
4.07
3.975
4.0
3.8
3.98
3.98
3.98
4.0
3.98
4.0
3.9
3.9
3.9
3.985
3.91
3.99
3.99
3.99
4.065
3.865
3.88
3.875
3.95
3.825
3.825
3.8
4.035
4.045
3.88
3.89
3.86
3.91
4.9
4.69
4.64
4.3
4.245
4.415
5.095
5.25
4.98
5.0
5.295
5.2
5.19
5.195
5.245
5.3
7.315
7.315
7.315
7.315
7.315
7.315
7.315
7.315
7.315
8.045
9.55
9.15
7.53
6.77
6.49
6.66
6.495
5.9
5.885
6.0
6.65
6.02
6.34
6.31
6.325
6.205
6.185
6.27
6.7
6.895
6.45
6.28
6.43
6.52
6.46
6.55
6.5
6.48
6.485
6.15
6.15
6.18
6.135
6.18
6.16
6.15
6.17
6.22
6.195
6.4
6.2
6.325
6.185
6.205
6.175
6.18
6.145
6.075
6.025
6.14
6.035
6.04
5.895
5.895
5.905
5.95
5.8
5.59
5.79
5.675
5.55
5.58
5.575
5.395
5.455
5.47
5.48
5.48
5.425
5.425
5.47
5.39
5.465
5.4
5.325
5.255
5.255
5.21
5.245
5.24
5.26
5.25
5.24
5.19
5.22
5.23
5.23
5.22
5.2
5.835
5.715
6.44
6.205
5.985
5.93
6.015
5.79
5.88
6.165
6.005
5.945
5.945
6.08
5.955
5.96
5.985
5.945
6.025
6.015
6.3
6.01
5.965
6.1
5.985
6.085
6.1
6.065
6.07
6.04
5.96
5.965
5.955
5.95
5.95
5.865
5.815
5.85
5.89
5.835
5.83
5.845
5.845
5.82
5.81
5.81
5.81
5.81
5.85
5.82
5.835
5.835
5.835
5.835
5.855
5.82
5.785
5.8
5.87
5.805
5.81
5.81
5.81
5.71
5.65
6.08
5.945
5.95
5.935
6.0
5.985
6.015
6.0
6.0
6.0
5.945
5.995
6.0
5.95
5.985
5.985
5.965
5.895
5.855
5.84
5.835
5.825
5.755
5.75
5.71
6.27
6.28
6.16
6.17
6.0
5.9
5.97
6.145
5.995
5.89
5.865
5.815
5.915
5.895
5.95
5.935
5.9
5.92
5.85
5.86
5.855
5.88
5.86
5.865
5.865
5.825
5.845
5.84
5.85
5.825
5.81
5.81
5.81
5.815
5.875
5.805
5.82
5.875
5.855
5.81
5.85
5.855
5.84
5.85
5.805
5.92
5.96
5.93
6.0
6.0
6.0
5.92
5.83
5.81
5.86
5.83
5.83
5.915
5.865
5.83
5.83
5.88
5.84
5.845
5.885
5.825
5.885
5.855
5.815
5.85
5.825
5.82
5.85
5.93
5.875
5.93
5.93
5.82
5.845
5.835
5.85
5.815
5.81
5.81
5.83
5.81
5.935
5.835
5.89
5.9
5.85
5.89
5.86
5.845
5.815
5.815
5.83
5.83
5.815
5.83
5.81
5.805
5.805
5.805
5.82
5.84
5.84
5.82
5.835
5.695
5.79
5.72
5.725
5.71
5.75
5.765
5.75
5.725
5.775
5.94
5.74
5.75
5.75
5.71
5.725
5.715
5.745
5.79
5.79
5.72
5.705
5.72
5.72
5.71
5.72
5.77
5.855
5.83
5.84
5.86
5.885
5.885
5.735
5.795
5.795
5.73
5.81
5.81
5.74
5.78
5.73
5.775
5.78
5.775
5.78
5.78
5.78
5.78
5.8
5.79
5.745
5.74
5.74
5.72
5.715
5.755
5.77
5.8
5.795
5.715
5.725
5.725
5.815
5.715
5.715
5.725
5.715
5.715
5.715
5.76
5.76
5.705
5.71
5.705
5.72
5.72
5.765
5.755
5.705
5.705
5.705
5.755
5.75
5.705
5.76
5.715
5.775
5.805
5.795
5.8
5.815
5.735
5.805
5.8
5.795
5.71
5.78
5.775
5.705
5.77
5.76
5.745
5.7
5.745
5.74
5.76
5.74
5.74
5.74
5.755
5.76
5.84
6.335
6.025
6.25
6.05
5.935
5.865
6.0
5.99
5.99
5.91
5.9
5.9
5.76
5.775
5.79
5.79
5.78
5.77
5.77
5.77
5.76
5.765
5.805
5.82
5.845
5.84
5.81
5.77
5.83
6.005
5.955
5.8
6.25
6.015
5.94
6.055
6.305
6.31
6.21
6.235
6.395
6.26
6.205
6.12
6.1
6.245
6.205
6.2
6.15
6.155
6.165
6.05
6.06
6.005
6.04
6.25
6.535
6.32
6.3
6.065
6.085
6.2
6.165
6.2
6.37
6.23
6.265
6.305
6.24
6.2
6.18
6.375
6.45
6.195
6.2
6.16
6.16
6.2
6.19
6.16
6.18
6.16
6.165
7.16
6.53
6.89
6.54
6.67
6.85
8.635
8.635
9.495
7.72
7.9
7.78
8.47
8.12
8.095
8.195
8.1
7.625
7.775
8.035
7.925
7.615
7.695
7.595
7.35
7.315
7.38
7.8
7.8
7.55
7.75
7.44
7.39
7.485
7.4
7.335
7.345
7.65
7.655
7.46
7.57
7.54
7.44
7.445
7.465
7.425
7.425
7.42
7.295
7.125
7.11
7.08
7.07
7.395
7.16
7.115
7.075
7.05
7.2
7.175
7.13
7.15
7.15
7.13
7.155
7.155
7.15
7.08
7.1
7.115
7.125
7.115
7.135
7.135
7.18
7.11
7.14
7.045
7.15
7.135
7.155
7.15
7.13
7.15
7.165
7.165
7.16
7.33
7.25
7.16
7.16
7.58
7.35
7.345
7.24
7.245
7.35
7.35
7.25
7.305
7.255
7.285
7.195
7.275
7.28
7.305
7.3
7.24
7.21
7.22
7.29
7.275
7.26
7.29
7.33
7.31
7.255
7.265
7.275
7.24
7.27
7.225
7.255
7.31
7.29
7.26
7.2
7.2
7.155
7.24
7.24
7.23
7.225
7.225
7.285
7.155
7.235
7.2
7.21
7.2
7.265
7.27
7.27
7.225
7.205
7.21
7.21
7.175
7.24
7.255
7.225
7.24
7.25
7.245
7.23
7.245
7.26
7.27
7.27
7.23
7.27
7.27
7.28
7.23
7.23
7.25
7.225
7.225
7.23
7.18
7.215
7.24
7.24
7.235
7.25
7.365
7.27
7.505
8.32
9.39
9.0
8.75
8.775
9.145
9.3
9.31
9.79
10.055
8.9
8.855
9.16
8.9
9.12
9.085
9.095
8.92
8.76
8.255
8.105
8.305
8.26
8.3
8.115
8.28
8.21
8.205
8.29
8.29
8.09
8.1
8.14
8.185
8.12
8.155
8.15
8.15
8.11
8.165
8.2
8.19
8.23
8.145
8.38
8.455
8.5
8.8
8.63
8.695
8.685
8.61
8.54
8.58
8.52
8.51
8.485
8.57
8.5
8.695
8.585
8.54
8.62
8.595
8.51
8.325
8.345
8.515
8.535
8.47
8.48
8.51
8.49
8.45
8.535
8.45
8.56
8.545
8.595
8.59
8.475
8.455
8.555
8.43
8.395
8.39
8.355
8.375
8.37
8.35
8.355
8.37
8.24
8.23
8.285
8.25
8.2
8.205
8.265
8.195
8.235
8.235
8.235
8.24
8.31
8.22
8.235
8.275
8.275
8.25
8.29
8.2
8.16
8.0
7.88
7.905
7.94
7.935
7.925
7.92
7.96
7.995
7.995
8.06
8.06
8.0
8.01
8.11
8.0
8.045
8.02
8.02
8.015
8.28
8.21
8.245
8.145
8.11
8.11
8.115
8.115
8.245
8.18
8.235
8.24
8.2
8.225
8.185
8.185
8.185
8.19
8.19
8.215
8.21
8.17
8.3
8.255
8.29
8.27
8.315
8.3
8.39
8.35
8.2
8.2
8.2
8.195
8.225
8.225
8.23
8.23
8.26
8.245
8.24
8.28
8.295
8.275
8.265
8.24
8.24
8.24
8.23
8.285
8.225
8.24
8.21
8.3
8.3
8.28
8.265
8.23
8.235
8.225
8.265
8.265
8.265
8.25
8.25
8.245
8.23
8.245
8.25
8.11
8.165
8.285
8.395
8.38
8.31
8.24
8.265
8.27
8.24
8.235
8.23
8.25
8.105
8.215
8.23
8.295
8.295
8.3
8.27
8.25
8.3
8.285
8.3
8.285
8.295
8.295
8.44
8.355
8.4
8.35
8.395
8.35
8.395
8.365
8.58
8.55
8.35
8.48
8.485
8.4
8.43
8.495
8.495
8.69
8.46
8.465
8.46
8.655
8.725
8.755
8.64
8.655
8.66
8.505
8.43
8.505
8.5
8.42
8.5
8.685
8.555
8.62
8.5
8.65
8.655
8.65
8.7
9.015
8.845
8.76
8.77
8.865
8.75
8.7
8.62
8.585
8.55
8.57
8.65
8.6
8.57
8.555
8.66
8.51
8.535
8.4
8.445
8.48
8.45
8.47
8.415
8.4
8.585
8.74
8.595
8.605
8.575
8.565
8.5
8.5
8.4
8.405
8.375
8.35
8.33
8.485
8.495
8.465
8.5
8.495
8.42
8.425
8.37
8.375
8.445
8.455
8.475
8.455
8.45
8.4
8.43
8.35
8.35
8.41
8.33
8.385
8.25
8.24
8.255
8.265
8.265
8.315
8.285
8.25
8.25
8.33
9.82
9.81
9.895
9.885
9.935
9.86
9.845
9.6
9.9
9.595
9.56
9.38
9.45
9.26
9.265
9.26
9.305
9.315
9.195
9.21
9.2
9.455
9.595
9.56
9.59
9.675
9.655
9.645
9.47
9.15
9.255
9.29
9.32
9.345
9.105
9.2
9.24
9.285
9.27
9.345
9.34
9.33
9.265
9.265
9.22
9.155
9.335
9.24
9.3
9.23
9.015
9.2
9.07
9.07
9.185
9.105
9.175
9.185
9.2
9.18
8.93
8.9
9.4
9.27
9.385
9.16
9.165
9.16
9.225
9.19
9.02
9.185
9.145
9.05
9.075
9.075
9.015
9.14
9.04
9.295
9.005
8.9
8.9
8.63
8.945
8.72
8.72
8.855
8.875
8.68
8.725
8.65
8.775
8.895
8.835
8.715
8.735
8.7
8.7
8.75
8.51
8.99
8.98
8.97
8.86
8.86
8.85
8.825
8.8
8.825
8.9
8.99
8.99
9.2
9.155
9.4
9.2
9.2
9.29
9.15
8.965
9.115
9.115
9.15
9.135
9.135
9.13
9.035
9.11
9.1
9.1
9.15
9.17
9.015
9.135
9.015
9.025
9.15
9.295
9.12
9.035
9.035
9.02
9.01
9.06
9.16
9.14
9.14
9.1
9.155
9.02
9.12
9.21
9.21
9.12
9.225
9.22
9.16
9.165
9.195
9.095
9.1
9.1
9.1
9.01
9.15
9.1
9.0
8.9
9.0
8.995
9.0
8.985
8.98
8.97
8.975
9.0
9.155
9.0
9.08
9.0
9.06
9.14
9.14
9.14
9.125
9.09
9.03
9.09
9.09
9.085
9.095
9.085
9.1
9.05
9.05
9.03
8.99
8.99
8.91
8.91
8.98
8.87
8.875
8.885
8.89
8.98
8.995
9.0
9.0
8.905
8.995
8.995
8.82
8.855
8.805
8.7
8.755
8.755
8.755
8.795
8.76
8.795
8.79
8.81
8.815
8.815
8.8
8.8
8.795
8.745
8.76
8.76
8.76
8.755
8.755
8.715
8.76
8.72
8.72
8.845
8.845
8.73
9.055
8.95
8.875
8.815
8.83
8.895
8.9
8.875
8.875
9.09
8.74
8.845
8.825
8.82
8.86
8.74
8.8
8.81
8.845
8.845
8.865
8.85
8.85
8.85
8.85
8.815
8.825
8.825
8.92
8.995
9.0
8.87
8.98
8.86
8.86
8.95
8.96
9.045
9.0
8.9
8.885
8.885
8.885
9.0
8.995
9.0
9.0
8.995
8.995
8.94
8.99
8.815
8.97
8.97
8.93
8.9
8.88
8.875
8.88
8.915
8.92
8.925
8.865
8.895
8.84
8.84
8.89
8.8
8.8
8.7
8.77
8.785
8.765
8.93
8.745
8.735
8.84
8.975
8.75
8.825
8.81
8.79
8.82
8.765
8.815
8.78
8.805
8.81
8.605
8.7
8.69
8.63
9.125
8.97
8.8
8.79
8.79
8.755
8.715
8.685
8.705
8.69
8.685
8.675
8.675
8.68
8.66
8.53
8.545
8.75
8.73
8.77
8.855
8.76
8.76
8.8
8.71
8.71
8.785
8.7
8.755
8.625
8.77
8.625
8.7
8.655
8.725
8.725
8.685
8.905
8.87
8.745
8.745
8.75
8.61
8.735
8.65
8.735
8.73
8.72
8.795
8.715
8.705
8.71
8.67
8.71
8.84
8.785
8.775
8.775
8.74
8.74
8.74
8.925
8.77
8.73
8.74
8.735
8.76
8.76
8.77
8.9
8.77
8.73
8.78
8.76
8.785
8.755
8.725
8.74
8.76
8.735
8.77
8.78
8.755
8.885
8.71
8.735
8.725
8.765
8.715
8.74
8.755
8.74
8.745
8.75
8.805
8.86
8.765
8.82
8.85
8.77
8.75
8.75
8.77
8.77
8.765
8.79
8.785
8.8
8.8
8.8
8.845
8.885
8.885
8.885
8.84
8.97
8.935
8.855
8.855
8.8
8.965
8.855
8.925
8.93
8.905
8.99
8.985
8.875
8.87
8.86
8.885
8.935
8.875
8.88
8.94
8.8
8.905
8.885
8.795
8.89
9.0
8.93
8.795
8.995
8.675
8.765
8.765
8.77
8.9
8.9
8.845
8.83
8.835
8.83
8.85
8.785
8.885
8.985
8.955
8.945
8.875
8.9
8.78
8.84
8.71
8.71
8.69
8.705
8.77
8.79
8.705
8.77
8.785
8.83
8.835
8.805
8.755
8.755
8.71
8.76
8.765
8.79
8.8
8.705
8.805
8.81
8.76
8.995
8.995
8.995
8.99
8.935
8.77
8.8
8.9
8.815
8.88
8.875
8.87
8.895
8.88
8.885
8.875
8.875
8.88
8.89
8.88
8.865
8.86
8.87
8.88
8.87
8.85
8.88
8.875
8.825
8.84
8.84
8.83
8.83
8.865
8.855
8.805
8.865
8.865
8.85
8.8
8.825
8.82
8.82
8.815
8.8
8.85
8.82
8.785
8.78
8.775
8.755
8.755
8.78
8.76
8.785
8.8
8.785
8.81
8.825
8.84
8.845
8.845
8.85
8.825
8.82
8.89
8.81
8.84
8.75
8.79
8.7
8.72
8.745
8.79
8.79
8.8
8.975
8.79
8.65
8.8
8.8
8.7
8.86
8.735
8.735
8.805
8.805
8.82
8.815
8.82
8.75
8.82
8.82
8.825
8.82
8.815
8.79
8.825
9.8
9.5
9.565
9.065
9.02
8.77
9.045
8.9
8.85
8.955
8.76
8.765
8.79
8.7
8.845
8.845
8.8
8.715
8.81
8.715
8.825
8.7
8.73
8.66
8.805
8.725
8.705
8.675
8.655
8.66
8.7
8.7
8.65
8.72
8.73
8.73
8.71
8.715
8.775
8.77
8.765
8.775
8.67
8.79
8.875
8.995
8.845
8.83
8.975
8.815
8.93
8.78
8.79
8.85
8.86
8.77
8.83
8.82
8.815
8.8
8.8
8.74
8.84
8.685
8.685
8.62
8.72
8.645
8.675
8.78
8.675
8.69
8.69
8.7
8.855
8.65
8.695
8.65
8.785
8.7
8.79
8.795
8.83
8.79
8.78
8.72
8.77
8.725
8.79
8.85
8.845
8.51
8.65
8.7
8.8
8.725
8.57
8.58
8.555
8.555
8.58
8.555
8.575
8.575
8.665
8.55
8.475
8.55
8.58
8.5
8.6
8.515
8.56
8.59
8.505
8.6
8.62
8.615
8.615
8.615
8.615
8.6
8.68
8.675
8.675
8.675
8.67
8.585
8.585
8.605
8.595
8.435
8.39
8.44
8.49
8.555
8.55
8.555
8.51
8.55
8.495
8.5
8.5
8.495
8.46
8.515
8.505
8.54
8.465
8.465
8.44
8.515
8.595
8.55
8.53
8.55
8.55
8.6
10.005
9.5
9.205
8.89
9.25
9.09
9.19
9.27
9.25
9.4
9.545
9.55
9.63
9.55
9.93
10.95
10.985
12.83
12.995
13.355
13.355
13.355
13.355
14.69
13.245
12.88
12.98
16.615
16.76
16.51
16.79
17.03
17.39
16.52
16.2
15.98
14.9
14.635
14.455
14.515
14.01
13.81
13.86
13.85
13.995
14.69
15.07
15.0
14.745
14.7
14.935
15.17
15.17
15.74
15.79
15.31
15.195
14.96
15.01
15.085
15.25
15.425
15.39
15.5
16.045
15.805
15.7
15.075
14.9
14.99
15.47
15.09
15.69
15.37
15.0
15.305
15.065
15.16
15.11
15.225
15.48
15.315
15.73
15.74
15.24
14.885
14.95
14.92
14.895
14.89
14.73
14.765
14.97
14.73
14.7
14.725
14.72
14.6
14.615
14.63
14.565
14.625
14.95
14.77
14.75
14.7
15.15
18.1
16.61
16.41
15.94
15.945
16.3
16.9
17.55
17.3
17.345
17.225
16.64
16.715
17.08
17.385
17.895
17.1
17.11
17.38
17.24
17.1
17.06
17.28
17.045
17.105
17.08
16.9
17.05
16.9
16.81
16.6
16.56
16.5
16.405
16.595
16.155
16.35
16.08
16.015
16.105
15.915
16.005
16.28
16.385
16.375
16.35
16.135
15.85
16.01
15.905
15.715
15.79
15.69
15.76
15.615
15.325
15.4
15.46
15.44
15.645
15.255
15.055
15.125
15.47
14.865
14.805
15.445
17.225
17.09
17.27
16.725
15.73
15.4
15.4
15.8
15.66
15.78
15.73
15.67
15.605
15.66
15.79
15.6
15.6
15.5
15.54
15.44
15.5
15.585
15.405
15.35
15.495
15.79
15.7
15.795
15.655
15.78
15.67
15.72
15.755
15.74
15.535
15.485
15.44
15.35
15.52
15.435
15.4
15.72
15.465
15.815
15.595
15.65
15.615
15.525
15.54
15.605
15.595
15.64
15.53
15.51
15.55
15.55
15.485
15.385
15.48
15.505
15.545
15.54
15.49
15.48
15.48
15.4
15.3
15.3
15.47
15.5
15.165
15.315
15.25
15.255
15.16
15.3
14.95
15.06
15.1
15.09
15.15
15.125
15.095
15.105
15.225
15.37
15.495
15.0
14.985
14.7
14.805
14.8
14.945
14.83
14.83
15.4
15.43
15.115
15.015
15.095
15.095
15.1
15.14
15.27
15.24
14.97
14.905
14.95
14.82
14.895
14.815
14.81
14.81
14.8
14.955
14.6
14.5
14.785
14.58
14.51
14.62
14.72
14.625
14.84
14.8
14.71
14.63
14.78
14.65
14.62
14.65
14.655
14.71
15.595
14.965
14.83
14.97
15.305
15.2
15.0
15.26
14.9
15.15
14.985
14.98
14.895
14.9
14.855
14.85
15.745
15.245
15.32
15.195
15.17
15.225
15.0
15.345
15.34
14.795
15.16
14.82
14.855
14.98
14.785
14.885
14.885
14.885
14.96
14.94
15.01
12.8
12.75
12.815
12.755
12.76
12.825
12.81
12.555
12.84
12.84
12.8
12.605
12.62
12.72
12.595
12.55
12.43
12.565
12.29
12.325
12.38
12.4
12.345
12.34
12.285
12.43
12.36
12.435
12.43
12.425
12.3
12.26
12.365
12.455
12.44
12.44
12.355
12.43
12.335
12.36
12.335
12.435
12.435
12.49
12.47
12.31
12.46
12.45
12.44
12.515
12.41
12.45
12.54
12.505
12.38
12.385
12.43
12.495
12.485
12.615
12.515
12.505
12.5
12.57
12.63
12.7
12.68
12.53
12.665
12.6
12.6
12.51
12.6
12.61
12.61
12.61
12.605
12.65
12.645
12.47
12.475
12.535
12.535
12.395
12.405
12.405
12.405
12.23
12.19
12.3
12.175
12.17
12.205
12.255
12.37
12.24
12.095
12.1
12.005
12.175
12.175
12.005
11.995
11.94
11.965
11.86
11.99
12.285
11.9
12.095
12.09
12.045
12.17
12.15
12.055
12.055
12.055
12.14
12.015
12.295
12.095
12.13
12.005
12.12
12.005
12.01
12.13
12.12
12.2
12.25
12.1
12.175
12.245
12.245
12.15
12.165
12.17
12.085
12.005
12.005
11.815
11.87
11.9
11.95
11.775
12.0
11.99
13.7
12.845
12.805
12.41
12.675
13.0
12.7
13.835
13.6
13.27
13.48
13.5
14.385
15.195
15.155
15.495
15.495
14.99
14.8
14.6
14.465
14.555
14.435
14.145
13.635
13.805
13.805
13.315
13.27
13.12
13.195
13.435
13.39
13.235
13.36
13.2
13.33
13.29
13.3
13.2
12.97
12.925
13.12
13.095
13.05
12.97
13.8
13.695
13.53
13.3
13.335
13.29
13.345
13.38
13.51
13.695
13.2
13.155
13.155
13.095
13.0
13.215
12.88
13.0
13.155
13.03
12.925
12.92
12.855
12.88
12.85
12.825
12.725
12.7
12.84
13.445
12.955
12.94
13.0
12.85
12.83
13.065
12.815
13.0
12.95
12.87
12.945
12.94
12.8
12.89
12.8
12.985
12.865
12.705
12.75
12.8
12.65
12.655
12.885
12.965
12.965
13.005
13.005
12.715
12.965
12.99
12.855
12.825
12.775
12.695
12.685
12.515
12.725
12.65
12.64
12.675
12.57
12.71
12.57
12.51
12.6
12.6
12.595
12.595
12.58
12.505
12.54
12.5
12.4
12.34
12.49
12.485
12.365
12.34
12.69
12.405
12.36
12.555
12.565
12.39
12.36
12.365
12.35
12.45
12.25
12.33
12.325
12.25
12.255
12.125
12.12
12.36
12.18
12.165
12.385
13.07
12.84
12.83
13.1
12.87
12.5
12.585
12.465
12.305
12.25
12.33
12.425
12.395
12.2
12.3
12.46
12.32
12.525
12.375
12.375
12.375
12.375
12.4
12.45
12.405
12.3
12.32
12.215
12.33
12.325
12.45
12.22
12.155
12.155
12.095
12.135
12.135
12.2
12.025
12.135
12.36
12.37
12.745
12.5
12.555
12.23
12.28
12.275
12.31
12.315
12.32
12.315
12.275
12.125
12.485
12.1
12.025
12.065
12.1
12.08
12.0
12.115
12.13
12.13
12.145
12.11
12.14
12.14
12.28
12.205
12.28
12.145
12.155
12.105
12.055
12.04
12.18
12.045
12.13
12.055
12.06
12.08
12.1
12.105
12.04
12.245
12.35
12.08
12.225
12.09
12.08
12.03
12.155
12.29
12.185
12.17
12.155
12.085
12.22
12.4
12.165
12.16
12.14
12.2
12.175
12.205
12.195
12.195
12.305
12.4
12.375
12.395
12.315
12.315
12.32
12.295
12.16
12.26
12.245
12.245
12.09
12.095
12.2
12.19
12.305
12.355
12.17
12.185
12.145
12.1
12.1
12.015
12.0
12.2
12.21
12.29
12.29
12.22
12.22
12.19
12.2
12.12
12.12
12.16
12.16
12.17
12.21
12.2
12.11
12.11
12.11
12.24
12.21
12.08
12.1
12.5
12.23
12.3
12.2
12.2
12.2
12.1
12.13
12.19
12.09
12.15
12.05
12.01
12.14
12.16
12.15
12.16
12.05
12.2
12.13
12.15
12.14
12.1
12.19
12.05
12.12
12.05
12.06
12.05
12.11
12.09
12.11
12.11
12.1
12.12
12.1
12.06
12.02
12.11
12.02
12.04
12.16
12.07
12.02
12.17
12.08
12.04
12.12
11.87
12.09
12.09
12.11
12.01
12.09
12.12
12.11
12.04
11.99
11.89
12.1
12.01
12.01
12.14
12.0
11.99
11.98
11.98
11.83
11.94
11.84
11.92
11.95
11.83
11.93
11.93
11.92
11.88
11.84
11.9
11.94
12.02
12.02
11.99
11.87
11.87
11.96
11.84
11.83
11.67
11.64
11.67
11.72
11.6
11.6
11.57
11.71
11.52
11.58
11.5
11.57
11.53
11.67
11.73
11.69
11.52
11.49
12.11
11.76
11.74
11.74
11.86
11.59
11.6
11.59
11.59
11.68
11.69
11.59
11.53
11.59
11.38
11.37
11.43
11.5
11.52
11.52
11.52
11.41
11.48
11.71
11.55
11.5
11.54
11.5
11.43
11.5
11.46
11.62
11.54
11.5
11.52
11.52
11.45
11.45
11.37
11.5
11.53
11.3
11.51
11.5
11.41
11.4
11.43
11.42
11.51
11.52
11.39
11.37
11.37
11.44
11.48
11.44
11.34
11.34
11.36
11.63
11.39
11.37
11.38
11.29
11.4
11.3
11.31
11.39
11.41
11.66
11.68
11.64
11.45
11.49
11.42
11.4
11.45
11.49
11.65
11.39
11.48
11.4
11.45
11.45
11.45
11.46
11.43
11.49
11.4
11.38
11.38
11.48
11.5
11.4
11.36
11.33
11.28
11.3
11.3
11.36
11.3
11.36
11.27
11.25
11.25
11.2
11.21
11.28
11.24
11.22
11.28
11.26
11.29
11.46
11.44
11.32
11.28
11.36
11.36
11.35
11.33
11.32
11.42
11.42
11.39
11.33
11.33
11.32
11.37
11.47
11.4
11.39
11.39
11.39
11.36
11.36
11.39
11.38
11.34
11.37
11.35
11.37
11.27
11.3
11.38
11.38
11.38
11.28
11.28
11.36
11.27
11.37
11.29
11.33
11.36
11.38
11.39
11.31
11.24
11.24
11.26
11.27
11.19
11.27
11.28
11.22
11.11
11.21
11.14
11.21
11.2
11.19
11.16
11.13
11.16
11.36
12.22
11.8
11.48
11.35
11.38
11.4
11.33
11.35
11.31
11.2
11.42
11.15
11.25
11.17
11.22
11.18
11.02
11.15
11.07
11.12
11.14
11.12
11.17
11.16
11.14
11.13
11.46
11.23
11.25
11.2
11.21
11.25
11.17
11.23
11.25
11.19
11.22
11.2
11.17
11.18
11.12
11.14
11.23
11.16
11.24
11.25
11.17
11.17
11.11
11.08
11.2
11.2
11.16
11.15
11.2
11.11
11.13
11.18
11.16
11.16
11.15
11.15
11.17
11.15
11.15
11.15
11.19
11.19
11.13
11.16
11.22
11.22
11.82
11.43
11.46
11.73
11.8
12.0
11.85
11.69
11.82
11.37
11.5
11.47
11.26
11.3
11.25
11.28
11.33
11.33
11.3
11.4
11.31
11.5
11.43
11.35
11.3
11.4
11.48
11.78
11.61
11.53
11.51
11.51
11.5
11.57
11.82
11.8
12.0
11.74
11.79
11.98
11.97
11.84
11.87
11.85
11.7
11.78
11.77
11.66
11.76
11.67
11.8
11.77
11.79
11.84
11.86
11.85
11.9
11.89
11.85
11.98
11.93
11.93
11.82
11.9
11.7
11.85
11.83
11.79
11.97
11.82
11.84
11.79
11.77
11.94
11.85
11.87
11.86
11.85
11.86
11.77
11.85
11.79
11.86
11.88
11.98
11.98
11.89
11.86
11.77
11.67
11.8
11.85
11.8
11.84
11.76
11.8
11.67
11.69
11.71
11.78
11.8
11.8
11.82
11.7
11.7
11.7
11.85
11.87
11.85
11.85
11.85
11.85
11.85
11.8
12.24
11.88
11.83
11.83
11.83
11.83
11.92
11.93
11.87
11.77
11.8
11.71
11.87
11.7
11.8
11.79
11.79
11.81
11.7
11.73
11.7
11.61
11.64
11.73
11.67
11.7
11.85
11.75
11.75
11.7
11.84
11.71
11.72
11.72
11.69
11.64
11.57
11.61
11.69
11.72
11.61
11.65
11.72
11.64
11.63
11.7
11.71
11.63
11.7
11.64
11.64
11.69
11.63
11.79
11.83
11.79
11.73
11.65
11.74
11.7
11.69
11.81
11.65
11.78
11.68
11.8
11.61
11.64
11.65
11.7
11.64
11.65
11.76
11.75
11.71
11.72
11.76
11.74
11.77
11.79
11.79
11.8
11.64
11.8
11.76
11.82
11.71
11.9
11.8
11.85
11.8
11.74
11.77
11.82
11.7
11.66
11.72
11.6
11.61
11.61
11.72
11.7
11.7
11.67
11.67
11.65
11.79
11.6
11.26
11.43
11.46
11.46
11.5
11.47
11.27
11.33
11.33
11.35
11.49
11.44
11.49
11.51
11.35
11.37
11.34
11.32
11.32
11.34
11.46
11.47
11.62
11.1
11.12
11.03
11.05
11.08
11.03
11.28
11.24
11.28
12.92
11.82
11.45
11.26
11.53
11.5
11.1
11.15
11.06
11.1
11.04
11.04
11.0
11.12
11.18
11.13
11.19
11.19
11.19
11.06
11.06
11.01
11.0
11.01
10.98
10.98
10.67
10.72
10.75
10.66
10.68
10.68
10.68
10.6
10.65
10.63
10.55
10.55
10.38
10.37
10.47
10.52
10.5
10.49
10.56
10.56
10.45
10.56
10.44
10.46
10.52
10.85
10.66
10.68
10.74
10.7
10.77
10.44
10.64
10.6
10.47
10.44
10.46
11.45
11.96
11.87
11.63
11.78
12.07
11.51
11.03
11.21
10.99
11.48
11.19
10.99
11.08
10.62
10.77
10.78
10.54
10.61
10.52
10.51
10.6
10.53
10.55
10.5
10.52
10.52
10.3
10.46
10.51
10.46
10.51
10.54
10.54
10.59
10.61
11.16
11.22
10.78
10.72
10.69
10.8
10.97
10.79
10.71
10.72
10.61
10.4
10.5
10.61
10.39
10.65
10.69
10.56
10.6
10.72
10.7
10.54
10.81
10.66
10.61
10.48
10.66
10.52
10.46
10.46
10.42
10.59
10.39
10.3
10.25
10.26
10.34
10.33
10.21
10.3
10.19
10.2
10.2
10.2
10.23
10.28
10.23
10.27
10.14
10.2
10.21
10.11
10.19
10.12
10.14
10.17
10.1
10.15
10.1
10.06
10.05
10.07
10.09
10.09
10.09
10.1
10.12
10.12
10.12
10.05
10.06
10.05
10.05
10.19
10.19
10.26
10.26
10.2
10.17
10.2
10.25
10.25
10.3
10.27
10.23
10.28
10.32
10.4
10.35
10.35
10.34
10.28
10.4
10.38
10.27
10.29
10.29
10.0
10.0
10.09
9.99
10.14
10.13
10.01
10.04
10.05
10.05
9.99
11.65
11.09
10.78
10.59
10.61
10.82
10.82
11.34
11.24
10.9
10.91
10.7
10.83
10.95
10.84
10.81
10.57
10.61
10.55
10.66
11.28
10.83
10.8
10.7
10.56
10.28
10.66
10.37
10.42
10.3
10.22
10.17
10.21
10.1
10.22
10.22
10.37
10.48
10.2
10.19
10.12
10.21
10.11
10.16
10.03
10.14
10.06
10.03
9.98
9.35
9.35
9.35
9.33
9.14
9.46
9.53
9.48
9.59
9.58
9.6
9.52
9.53
9.5
9.66
9.48
9.5
9.58
9.51
9.57
9.57
9.55
9.63
9.59
9.59
9.61
9.64
9.55
9.36
9.63
9.4
9.4
9.3
9.01
9.18
9.28
9.04
9.27
9.1
9.12
9.17
9.02
9.01
8.98
9.04
9.23
9.24
9.24
9.11
9.12
9.3
9.22
9.3
9.3
9.29
9.21
9.2
9.2
9.36
9.4
9.28
9.26
9.31
9.7
9.72
9.76
9.9
9.95
9.98
10.05
10.06
10.1
10.25
10.25
10.2
9.95
9.95
9.94
9.93
9.94
10.23
10.05
10.07
10.0
10.03
10.02
9.97
10.01
10.0
9.95
10.07
10.05
9.9
9.9
10.3
10.08
10.07
10.2
10.37
10.26
10.11
10.2
10.24
10.08
10.09
10.08
10.08
10.1
9.95
10.13
10.18
10.14
10.11
10.19
10.23
10.17
10.06
10.07
10.17
10.17
10.1
10.12
10.05
10.07
10.12
10.11
10.06
10.05
10.05
10.0
10.15
10.04
9.98
9.98
9.97
9.97
9.94
9.96
10.1
10.15
10.19
10.16
10.18
10.17
10.18
10.2
10.15
10.15
10.32
10.3
10.31
10.33
10.5
10.35
10.46
10.29
10.32
10.18
10.16
10.12
10.04
10.02
10.06
10.23
10.05
10.05
10.04
10.03
9.94
10.0
9.49
9.45
9.45
9.31
9.1
8.49
8.61
8.99
8.89
8.89
8.91
8.85
8.91
9.3
9.0
7.2
8.05
8.0
7.98
7.51
7.66
7.79
7.76
9.42
9.0
8.97
8.04
9.0
8.74
8.0
9.19
9.16
9.0
9.0
9.03
9.01
9.25
9.4
9.4
9.04
9.36
9.3
9.41
9.4
9.5
9.47
9.79
10.0
9.7
9.52
9.61
9.6
9.53
9.75
9.65
9.68
9.68
9.67
9.75
9.99
9.71
9.73
9.5
9.4
9.39
9.26
9.32
9.32
9.24
9.95
9.47
9.51
9.51
9.79
10.0
9.99
10.45
9.6
9.77
9.68
9.65
9.6
9.59
9.59
9.58
9.61
9.63
9.62
9.55
9.53
9.64
9.46
9.63
9.75
9.72
9.86
9.7
9.75
9.71
9.71
9.45
9.61
9.66
9.72
9.7
9.68
9.5
9.42
9.55
9.54
9.51
9.6
9.56
9.65
9.55
9.64
9.65
9.65
9.72
9.44
9.4
9.69
9.6
9.6
9.51
9.59
9.61
9.5
9.23
9.42
9.47
9.52
9.51
9.68
9.7
9.72
9.63
9.64
9.5
9.35
9.61
9.61
9.31
9.52
9.41
9.41
9.44
9.45
9.44
9.32
9.3
9.44
9.37
9.41
9.43
9.33
9.21
9.21
9.22
9.21
9.1
9.21
9.18
9.22
9.22
9.21
9.22
9.25
9.3
9.28
9.19
9.42
9.31
9.21
9.24
9.44
9.17
9.42
9.29
9.42
9.45
9.45
9.25
9.26
9.34
9.35
9.46
9.34
9.27
9.22
9.22
9.2
9.2
9.19
9.07
9.14
9.15
9.2
9.2
9.19
9.16
9.15
9.14
9.21
9.16
9.2
9.2
9.22
9.17
9.2
9.2
9.26
9.21
9.24
9.24
9.21
9.22
9.27
9.25
9.25
9.23
9.15
11.39
11.75
12.93
12.39
12.4
12.24
11.44
10.38
10.01
10.27
10.33
10.02
9.79
10.03
9.78
9.96
9.33
9.45
9.23
8.82
8.82
8.99
8.97
8.95
8.93
9.11
9.4
9.12
8.8
8.86
8.94
8.97
8.86
8.85
8.92
8.93
8.9
8.83
8.92
8.75
8.92
8.86
8.79
8.86
8.83
8.81
8.78
8.7
8.77
8.77
8.72
9.06
9.08
9.0
8.91
8.89
8.85
8.76
8.74
8.76
8.88
8.61
8.6
8.65
8.62
8.66
8.61
8.65
8.65
8.58
8.42
8.42
8.43
8.47
8.48
8.49
8.71
8.54
8.58
9.31
8.85
8.79
8.77
8.73
8.66
8.65
8.74
8.74
8.73
8.32
8.42
8.37
8.5
8.52
8.48
8.47
8.44
8.49
8.39
8.38
8.37
8.27
8.29
8.28
8.22
8.23
8.34
8.23
8.2
8.19
8.98
8.28
8.24
8.21
8.29
8.34
8.35
8.19
8.25
8.27
8.31
8.31
8.22
8.28
8.28
8.25
8.24
8.24
8.25
8.2
8.18
8.24
8.3
8.3
8.36
8.39
8.36
8.36
8.43
8.4
8.29
8.28
8.26
8.2
8.26
8.23
8.29
8.36
8.38
8.41
8.36
8.28
8.29
8.26
8.3
8.33
8.27
8.26
8.24
8.3
8.26
8.26
8.31
8.27
8.26
8.26
8.26
8.29
8.3
8.31
8.31
8.29
8.5
8.41
8.4
8.39
8.43
8.38
8.37
8.46
8.49
8.5
8.43
8.45
8.43
8.43
8.43
8.42
8.39
8.39
8.39
8.38
8.36
8.4
8.31
8.22
8.31
8.3
8.3
8.3
8.32
8.35
8.37
8.38
8.4
8.5
8.46
8.35
8.4
8.36
8.36
8.37
8.32
8.32
8.4
8.36
8.36
8.36
8.39
8.3
8.35
8.41
8.4
8.37
8.38
8.36
8.48
8.46
8.42
8.28
