close
2.9592
2.9589
2.95
2.9579
2.85
3.1624
3.11
3.0
3.0
2.97
2.97
2.989
2.9
2.94
2.96
2.9539
2.9307
2.9209
2.9209
2.901
3.05
2.9126
2.901
2.91
2.9077
2.9949
2.93
2.9499
2.9146
2.8855
2.89
2.8852
2.8563
2.8652
2.8652
2.9
2.9077
2.8002
2.87
2.8749
2.81
2.8498
2.87
2.87
2.8501
2.84
2.84
2.802
2.81
2.82
2.8497
2.808
3.0885
2.85
2.85
2.85
2.8667
2.8667
2.867
3.0549
2.91
2.9
2.9
2.8998
2.9
2.87
2.93
2.8952
2.9
2.87
2.8698
2.9499
2.8989
2.8001
2.89
2.99
2.9
2.9001
2.9002
2.8712
2.8023
2.8704
2.81
2.8502
2.8987
2.8
2.87
2.87
2.9
2.9
2.88
2.87
2.87
2.81
2.8
2.79
2.84
2.83
2.8
2.8
2.82
2.78
2.76
2.77
2.78
2.86
2.87
2.85
2.82
2.84
2.84
2.85
2.86
2.85
2.87
2.8
2.83
2.82
2.83
2.81
2.78
2.79
2.8
2.8
2.8
2.8
2.93
2.9
2.82
2.82
2.82
2.84
2.82
2.84
2.8
2.8
2.8
2.74
2.8
2.8
2.79
2.8
2.84
2.83
2.87
2.84
2.85
2.85
2.85
2.81
2.83
2.84
2.8
2.83
2.8
2.83
2.85
2.86
2.85
2.86
2.86
2.95
2.88
2.83
2.9
2.93
2.93
2.97
2.95
2.96
2.95
2.95
2.95
2.96
2.96
2.96
2.98
2.96
2.99
3.0
3.0
2.96
2.98
3.01
3.01
3.01
3.0
3.0
3.0
3.0
2.98
2.98
2.91
2.9
2.93
2.91
2.76
2.85
2.93
3.05
3.06
3.07
3.0
3.08
3.03
3.0
2.91
3.0
3.0
3.06
3.05
3.09
3.05
3.09
3.05
3.05
3.02
3.02
3.0
2.99
3.0
2.97
2.99
2.75
2.98
2.96
2.95
2.92
2.9
3.0
3.0
3.0
2.99
2.98
2.95
3.0
2.95
2.99
2.99
2.99
2.89
2.87
2.81
2.95
2.97
2.98
2.99
2.97
2.95
2.98
2.95
2.95
2.91
2.98
2.96
2.98
2.95
2.98
3.02
3.03
3.1
3.12
3.54
3.35
3.37
3.45
3.45
3.4
3.2
3.42
3.42
3.35
3.2
3.2
3.2
3.01
3.01
3.1
3.1
3.3
3.3
3.27
3.3
3.3
3.19
3.0
3.0
3.0
3.0
3.0
3.02
3.0
2.97
3.17
3.19
3.18
3.18
3.25
3.2
3.2
3.2
3.19
3.17
3.1
3.2
3.22
3.2
3.2
3.01
3.2
3.3
3.39
3.4
3.58
3.49
3.5
3.5
3.5
3.5
3.49
3.5
3.5
3.5
3.5
3.32
3.32
3.3
3.3
3.26
3.49
3.6
3.5
3.77
3.77
3.76
3.77
3.76
3.6
3.7
3.55
3.65
3.7
3.78
3.7
3.5
3.65
3.75
3.7
3.7
3.89
3.7
3.7
3.7
3.7
3.5
3.7
3.61
3.6
3.64
3.6
3.65
3.62
3.52
3.4
3.46
3.4
3.6
3.39
3.56
3.55
3.41
3.4
3.4
3.34
3.45
3.45
3.31
3.49
3.45
3.4
3.42
3.45
3.4
3.44
3.3
3.45
3.41
3.42
3.4
3.4
3.35
3.4
3.39
3.39
3.38
3.36
3.33
3.46
3.41
3.44
3.33
3.6
3.5
3.42
3.46
3.46
3.4
3.38
3.3
3.3
3.27
3.22
3.3
3.4
3.35
3.27
3.5
3.6
3.87
3.81
3.61
3.8
3.91
3.97
4.07
4.02
3.95
3.92
3.91
3.93
3.8
3.6
3.63
3.65
3.45
3.63
3.68
3.37
3.39
3.5
3.38
3.37
3.38
3.41
3.48
3.6
3.37
3.31
3.41
3.42
3.3
3.39
3.32
3.35
3.37
3.35
3.34
3.4
3.35
3.35
3.35
3.35
3.35
3.37
3.33
3.34
3.38
3.39
3.5
3.5
3.45
3.49
3.59
3.5
3.5
3.5
3.59
3.5
3.59
3.69
3.5
3.5
3.5
3.5
3.5
3.5
3.64
3.6
3.6
3.6
3.45
3.59
3.6
3.57
3.47
3.46
3.47
3.5
3.37
3.5
3.41
3.5
3.55
3.7
3.61
3.55
3.52
3.49
3.54
3.56
3.5
3.47
3.49
3.5
3.55
3.81
3.49
3.45
3.48
3.5
3.52
3.58
3.5
3.56
3.58
3.59
3.56
3.52
3.59
3.53
3.45
3.47
3.45
3.52
3.44
3.46
3.43
3.5
3.51
3.43
3.45
3.47
3.52
3.52
3.52
3.53
3.53
3.55
3.55
3.46
3.52
3.55
3.56
3.55
3.55
3.52
3.58
3.65
3.64
3.59
3.6
3.6
3.7
3.61
3.64
3.64
3.56
3.59
3.62
3.69
3.61
3.6
3.56
3.56
3.59
3.6
3.62
3.63
3.78
3.78
3.77
3.61
3.71
3.72
3.74
3.7
3.75
3.76
3.71
3.75
3.48
3.42
3.43
3.41
3.41
3.41
3.46
3.43
3.37
3.36
3.39
3.38
3.41
3.29
3.36
3.36
3.35
3.39
3.39
3.39
3.49
3.45
3.45
3.49
3.45
3.4
3.41
3.4
3.3
3.26
3.32
3.31
3.32
3.34
3.37
3.37
3.28
3.3
3.29
3.32
3.34
3.34
3.27
3.34
3.34
3.34
3.34
3.31
3.3
3.29
3.3
3.28
3.25
3.3
3.24
3.33
3.34
3.33
3.2
3.23
3.29
3.31
3.3
3.3
3.27
3.29
3.3
3.33
3.33
3.25
3.33
3.32
3.32
3.54
3.29
3.29
3.29
3.32
3.23
3.23
3.25
3.31
3.31
3.3
3.3
3.34
3.2
3.19
3.25
3.29
3.3
3.25
3.15
3.29
3.23
3.24
3.24
3.3
3.15
3.4
3.47
3.48
3.49
4.15
3.8
3.7
4.0
3.75
3.7
3.7
3.75
3.56
3.7
3.63
3.57
3.55
3.5
3.64
3.4
3.49
3.35
3.34
3.3
3.28
3.32
3.28
3.34
3.28
3.36
3.45
3.46
3.45
3.49
3.53
3.52
3.5
3.4
3.4
3.37
3.35
3.4
3.4
3.36
3.47
3.4
3.43
3.43
3.43
3.55
3.52
3.55
3.5
3.68
3.7
3.8
3.75
3.58
3.69
3.61
3.75
3.52
3.73
3.77
3.8
3.61
3.68
3.63
3.84
3.66
3.74
3.57
3.55
3.59
3.6
3.65
3.69
3.58
3.63
3.57
3.64
3.47
3.65
3.65
3.5
3.64
3.52
3.44
3.46
3.48
3.5
3.45
3.45
3.4
3.47
3.36
3.45
3.51
3.55
3.49
3.54
3.51
3.5
3.51
3.55
3.55
3.57
3.57
3.58
3.68
3.69
3.82
3.8
3.84
3.86
3.75
3.77
3.82
3.76
3.98
3.98
4.0
4.27
4.06
4.06
4.0
3.75
3.77
4.0
4.0
3.73
3.75
3.9
3.92
3.75
3.56
3.7
3.85
3.8
3.8
3.9
3.93
3.99
3.99
3.9
3.98
3.81
4.0
4.0
4.02
3.81
4.07
3.86
4.13
3.86
4.0
3.9
3.73
4.0
4.02
4.16
3.85
3.96
3.81
4.0
3.99
4.1
3.97
3.88
3.88
3.88
3.83
3.92
3.83
3.85
3.98
3.76
3.97
3.95
3.85
3.76
3.88
3.82
3.9
4.06
4.07
4.02
4.01
4.0
4.02
4.03
3.99
3.99
4.39
4.35
4.4
4.27
4.37
4.27
4.15
4.16
4.25
4.16
4.16
4.28
4.2
4.21
4.3
4.3
4.3
4.25
4.33
4.25
4.38
4.35
4.35
4.35
4.2
4.2
4.2
4.11
4.23
4.13
4.23
4.23
4.12
4.0
4.08
4.01
4.03
4.05
4.0
4.02
4.0
4.0
3.9
3.93
3.84
3.85
3.84
4.04
4.0
4.04
4.04
4.15
4.1
3.9
4.02
4.03
3.97
4.01
3.9
4.02
4.0
4.0
4.04
3.9
4.04
3.95
3.96
4.0
4.2
4.2
5.21
4.73
4.65
4.64
4.54
4.7
4.96
4.8
4.61
4.55
4.6
4.54
4.45
4.45
4.69
4.45
4.5
4.56
4.45
4.45
4.45
4.45
4.45
4.57
4.49
4.55
4.35
4.58
4.32
4.45
4.33
4.5
4.49
4.49
4.36
4.42
4.42
4.43
4.43
4.36
4.36
4.34
4.44
4.5
4.63
4.5
4.53
4.5
4.38
4.44
4.39
4.29
4.31
4.3
4.35
4.35
4.44
4.3
4.4
4.4
4.4
4.35
4.35
4.37
4.4
4.36
4.33
4.35
4.36
4.36
4.38
4.4
4.4
4.4
4.4
4.44
4.54
4.18
4.45
4.45
4.45
4.56
4.3
4.5
4.5
4.39
4.3
4.25
4.3
4.3
4.5
4.35
4.35
4.37
4.38
4.37
4.45
4.27
4.29
4.3
4.33
4.4
4.39
4.3
4.35
4.34
4.32
4.35
4.22
4.39
4.38
4.5
4.33
4.5
4.49
4.32
4.31
4.3
4.35
4.36
4.35
4.35
4.36
4.35
4.3
4.3
4.35
4.36
4.27
4.36
4.37
4.36
4.36
4.36
4.36
4.21
4.35
4.27
4.27
4.43
4.39
4.35
4.25
4.41
4.37
4.35
4.4
4.5
4.5
4.35
4.45
4.35
4.35
4.4
4.4
4.3
4.31
4.3
4.34
4.3
4.42
4.3
4.3
4.3
4.6
4.42
4.38
4.4
4.23
4.53
4.51
4.57
4.45
4.55
4.67
4.58
4.51
4.66
4.5
4.71
4.6
4.58
4.6
4.62
4.48
4.61
4.35
4.44
4.49
4.44
4.47
4.55
4.4
4.4
4.42
4.47
4.5
4.5
4.5
4.47
4.5
4.5
4.51
4.51
4.63
4.6
4.68
4.6
4.68
4.67
4.5
4.66
4.36
4.49
4.55
4.47
4.4
4.36
4.39
4.39
4.4
4.48
4.23
4.4
4.42
4.44
4.32
4.43
4.38
4.41
4.36
4.42
4.49
4.5
4.5
4.5
4.46
4.5
4.5
4.41
4.44
4.5
4.5
4.45
4.44
4.49
4.43
4.44
4.47
4.5
4.49
4.48
4.6
4.55
4.55
4.5
4.5
4.5
4.35
4.43
4.44
4.47
4.46
4.4
4.5
4.58
4.63
4.5
4.5
4.52
4.5
4.45
4.45
4.44
4.6
4.5
4.51
4.5
4.48
4.45
4.49
4.45
4.45
4.96
4.9
4.76
4.71
4.82
4.72
4.76
4.76
4.65
4.65
4.72
4.6
4.6
4.6
4.7
4.78
4.8
4.85
4.85
4.7
4.7
4.7
4.7
4.72
4.66
4.61
4.61
4.66
4.6
4.76
4.65
4.68
4.65
4.78
4.68
4.65
4.65
4.7
4.65
4.65
4.68
4.6
4.61
4.72
4.67
4.79
4.71
4.6
4.7
4.7
4.69
4.73
4.73
4.73
4.74
4.75
4.7
4.62
4.63
4.69
4.61
4.53
4.64
4.65
4.7
4.72
4.8
4.8
4.8
4.8
4.78
4.73
4.78
4.6
4.72
4.69
4.7
4.7
4.67
4.73
4.69
4.64
4.75
4.79
4.8
4.88
5.0
4.96
4.95
4.89
4.85
4.9
4.85
4.78
4.89
4.76
4.87
4.8
4.8
4.77
4.76
4.76
4.78
4.6
4.55
4.64
4.68
4.7
4.78
4.6
4.6
4.72
4.75
4.66
4.69
4.62
4.67
4.65
4.69
4.7
4.4
4.6
4.65
4.62
4.67
4.68
4.68
4.59
4.5
4.6
4.48
4.55
4.53
4.53
4.58
4.59
4.55
4.6
4.6
4.56
4.54
4.54
4.59
4.62
4.59
4.59
4.61
4.64
4.68
4.55
4.65
4.62
4.54
4.53
4.59
4.5
4.5
4.5
4.5
4.5
4.5
4.56
4.5
4.5
4.5
4.5
4.5
4.5
4.49
4.5
4.5
4.5
4.45
4.46
4.46
4.45
4.46
4.46
4.45
4.48
4.4
4.44
4.41
4.52
4.43
4.66
4.65
4.58
4.57
4.51
4.59
4.65
4.55
4.54
4.6
4.6
4.61
4.58
4.58
4.58
4.54
4.49
4.49
4.52
4.49
4.53
4.54
4.45
4.47
4.48
4.5
4.5
4.52
4.47
4.5
4.5
4.5
4.48
4.5
4.5
4.5
4.5
4.5
4.47
4.44
4.44
4.4
4.44
4.4
4.43
4.43
4.38
4.35
4.36
4.44
4.44
4.5
4.49
4.49
4.45
4.46
4.43
4.4
4.5
4.5
4.5
4.49
4.49
4.45
4.44
4.4
4.4
4.4
4.4
4.19
4.06
4.1
4.1
4.12
4.06
4.07
4.06
4.26
4.15
4.16
4.2
4.18
4.16
4.16
4.19
4.16
4.17
4.11
4.11
4.16
4.12
4.14
4.11
4.05
4.05
4.09
4.1
4.12
4.01
4.12
4.02
4.0
4.08
4.2
4.06
4.05
4.0
4.08
4.08
4.0
4.04
4.0
3.9
3.9
4.05
4.08
4.05
3.85
3.93
3.98
3.95
4.0
4.01
4.03
4.08
4.08
4.08
4.1
4.1
4.22
4.15
3.92
4.05
4.05
4.05
4.1
4.05
4.02
4.1
4.01
4.0
4.0
3.97
3.99
4.06
4.0
4.04
4.07
3.98
3.98
4.08
4.03
4.05
3.9
3.88
4.0
4.05
3.88
3.9
3.94
4.0
3.9
3.99
3.99
4.03
3.98
3.99
4.08
3.93
4.04
4.01
3.99
4.08
4.08
4.0
4.06
4.04
4.05
4.02
4.07
4.05
4.05
4.0
4.09
4.05
4.03
4.02
4.17
4.18
4.1
4.07
4.0
4.17
4.07
4.03
4.0
4.0
3.95
4.05
4.06
4.14
4.08
4.11
4.1
4.15
4.17
4.2
4.18
4.25
4.27
4.29
4.27
4.27
4.32
4.31
4.31
4.37
4.37
4.29
4.33
4.34
4.37
4.32
4.28
4.28
4.27
4.27
4.34
4.37
4.3
4.3
4.32
4.36
4.36
4.35
4.32
4.32
4.31
4.3
4.3
4.25
4.36
4.31
4.31
4.37
4.32
4.35
4.35
4.33
4.31
4.34
4.27
4.3
4.33
4.3
4.34
4.34
4.3
4.34
4.29
4.3
4.35
4.29
4.36
4.37
4.27
4.24
4.26
4.26
4.3
4.16
4.2
4.2
4.17
4.16
4.23
4.18
4.19
4.21
4.16
4.17
4.19
4.13
4.13
4.18
4.18
4.18
4.05
4.1
4.25
4.2
4.25
4.33
4.33
4.24
4.35
4.29
4.27
4.4
4.54
4.47
4.23
4.39
4.4
4.45
4.39
4.22
4.18
4.17
4.17
4.2
4.2
4.21
4.23
4.16
4.16
4.3
4.16
4.16
4.13
4.15
4.18
4.2
4.21
4.23
4.24
4.24
4.24
4.27
4.17
4.2
4.18
4.23
4.23
4.24
4.13
4.15
4.06
4.12
4.14
4.22
4.22
4.14
4.15
4.41
4.36
4.33
4.33
4.33
4.3
4.33
4.23
4.24
4.25
4.22
4.25
4.21
4.26
4.27
4.29
4.3
4.3
4.25
4.3
4.34
4.37
4.31
4.33
4.37
4.28
4.24
4.23
4.18
4.18
4.24
4.18
4.2
4.18
4.14
4.07
4.07
4.05
4.05
4.07
4.01
4.04
4.04
4.06
4.08
4.12
4.1
4.13
4.09
4.12
4.0
4.07
4.07
4.08
4.09
4.06
4.0
4.04
4.05
3.99
3.95
3.95
3.92
3.92
3.99
3.99
4.01
3.95
4.02
3.93
3.95
3.99
3.9
3.97
3.9
3.94
3.94
3.95
3.95
3.9
3.97
3.85
3.97
3.98
4.0
4.13
4.14
4.21
4.17
4.09
4.27
4.1
4.07
4.27
4.32
4.22
4.26
4.26
4.26
4.24
4.15
4.16
4.23
4.17
4.28
4.22
4.22
4.19
4.2
4.21
4.25
4.02
4.09
4.1
4.14
4.15
4.14
4.15
4.19
4.18
4.07
4.16
4.13
4.16
4.15
4.11
4.14
4.19
4.27
4.24
4.23
4.2
4.21
4.21
4.22
4.19
4.26
4.25
4.24
4.28
4.27
4.32
4.41
4.35
4.28
4.29
4.3
4.31
4.29
4.28
4.31
4.36
4.4
4.43
4.44
4.4
4.35
4.35
4.34
4.35
4.3
4.32
4.26
4.26
4.26
4.26
4.28
4.28
4.24
4.2
4.19
4.22
4.22
4.17
4.16
4.21
4.19
4.18
4.17
4.08
4.08
4.03
4.0
4.09
4.1
3.79
3.85
3.9
3.93
3.94
3.94
3.94
3.98
3.97
4.01
4.01
4.0
3.98
4.02
4.04
4.08
4.1
4.09
4.1
4.01
4.12
4.12
4.02
4.12
4.04
4.05
4.07
4.09
4.17
4.1
4.06
4.07
4.15
4.14
4.17
4.14
4.1
4.1
4.1
4.16
4.14
4.14
4.18
4.12
4.16
4.18
4.17
4.14
4.15
4.13
4.18
4.18
4.18
4.1
4.12
4.17
4.18
4.18
4.19
4.18
4.19
4.2
4.2
4.14
4.15
4.14
4.2
4.15
4.14
4.14
4.15
4.17
4.13
4.14
4.14
4.14
4.14
4.19
4.12
4.15
4.12
4.13
4.16
4.19
4.22
4.21
4.2
4.12
4.15
4.16
4.16
4.15
4.12
4.16
4.15
4.15
4.24
4.22
4.19
4.22
4.24
4.24
4.11
4.2
4.16
4.13
4.16
4.11
4.15
4.15
4.15
4.15
4.15
4.13
4.13
4.11
4.1
4.13
4.14
4.11
4.1
4.1
4.14
4.14
4.14
4.14
4.14
4.14
4.13
4.1
4.13
4.15
4.15
4.14
4.15
4.14
4.16
4.1
4.1
4.13
4.15
4.11
4.1
4.12
4.12
4.11
4.1
4.12
4.11
4.14
4.17
4.15
4.18
4.18
4.21
4.21
4.14
4.19
4.2
4.16
4.19
4.17
4.15
4.26
4.2
4.22
4.26
4.26
4.3
4.24
4.26
4.3
4.35
4.34
4.33
4.31
4.33
4.38
4.38
4.37
4.5
4.46
4.58
4.58
4.55
4.54
4.56
4.56
4.62
4.6
4.64
4.63
4.56
4.55
4.6
4.6
4.58
4.7
4.67
4.7
4.8
4.7
4.79
4.73
4.72
4.79
4.76
4.66
4.7
4.79
4.7
4.8
4.8
4.74
4.8
4.86
4.86
4.83
4.86
4.8
4.9
4.66
4.8
4.89
4.93
5.05
5.07
4.73
4.82
4.96
4.7
4.78
4.76
4.68
4.74
4.71
4.7
4.65
4.65
4.65
4.65
4.52
4.65
4.73
4.71
4.64
4.7
4.78
4.87
4.74
4.9
4.89
4.7
4.73
4.8
4.7
4.5
4.64
4.64
4.64
4.65
4.7
4.7
4.7
4.7
4.7
4.73
4.72
4.7
4.7
4.71
4.65
4.64
4.79
4.7
4.79
4.73
4.79
4.75
4.77
4.52
4.54
4.56
4.64
4.66
4.64
4.66
4.64
4.74
4.6
4.65
4.66
4.72
4.7
4.66
4.66
4.75
4.75
4.65
4.69
4.66
4.65
4.65
4.64
4.67
4.62
4.7
4.66
4.7
4.66
4.71
4.7
4.7
4.7
4.7
4.7
4.69
4.65
4.65
4.65
4.69
4.65
4.66
4.65
4.65
4.96
4.84
4.8
4.69
4.77
4.77
4.83
4.9
4.84
4.84
4.82
4.84
4.8
4.8
4.73
4.73
4.81
4.84
4.83
4.83
4.68
4.84
4.97
4.88
4.83
4.81
4.73
4.81
4.83
4.75
4.67
4.67
4.83
4.79
4.71
4.71
4.68
4.56
4.51
4.77
4.7
4.7
4.71
4.65
4.72
4.7
4.65
4.69
4.7
4.7
4.7
4.7
4.7
4.7
4.72
4.73
4.7
4.7
4.65
4.7
4.7
4.69
4.71
4.71
4.71
4.72
4.7
4.71
4.66
4.71
4.73
4.72
4.74
4.73
4.54
4.3
4.35
4.34
4.34
4.4
4.4
4.34
4.33
4.35
4.35
4.36
4.38
4.37
4.35
4.3
4.23
4.24
4.23
4.24
4.23
4.3
4.29
4.32
4.3
4.3
4.3
4.3
4.3
4.36
4.36
4.23
4.21
4.22
4.21
4.3
4.3
4.38
4.3
4.37
4.29
4.37
4.2
4.24
4.22
4.2
4.2
4.29
4.29
4.28
4.22
4.22
4.2
4.19
4.19
4.07
4.26
4.18
4.37
4.19
4.17
4.2
4.29
4.34
4.2
4.19
4.23
4.23
4.3
4.3
4.29
4.29
4.22
4.22
4.22
4.2
4.21
4.21
4.2
4.3
4.3
4.25
4.2
4.2
4.25
4.19
4.19
4.2
4.17
4.17
4.17
4.13
4.18
4.22
4.04
4.22
4.19
4.19
4.2
4.13
4.14
4.2
4.25
4.25
4.23
4.24
4.2
4.15
4.14
4.18
4.17
4.21
4.3
4.36
4.29
4.36
4.36
4.35
4.33
4.26
4.25
4.27
4.24
4.27
4.23
4.2
4.32
4.29
4.17
4.0
4.12
4.16
4.03
4.03
4.03
4.0
4.1
4.11
4.0
4.09
4.09
4.09
4.1
4.1
4.1
4.17
4.12
4.05
4.05
4.05
4.05
4.05
4.05
4.05
4.05
3.99
3.99
3.99
4.0
4.0
3.93
3.99
3.99
4.0
4.0
4.0
3.97
4.06
4.07
4.07
4.07
4.1
4.07
4.1
4.1
4.12
4.12
4.12
4.16
4.16
4.18
4.15
4.2
4.17
4.19
4.2
4.19
4.19
4.23
4.2
4.2
4.2
4.13
4.19
4.21
4.2
4.24
4.19
4.19
4.24
4.24
4.21
4.24
4.25
4.28
4.29
4.22
4.28
4.21
4.2
4.25
4.17
4.29
4.28
4.3
4.29
4.3
4.32
4.32
4.32
4.32
4.36
4.32
4.33
4.37
4.27
4.3
4.34
4.34
4.36
4.34
4.35
4.37
4.34
4.27
4.33
4.28
4.28
4.31
4.45
4.59
4.4
4.34
4.4
4.35
4.35
4.39
4.39
4.44
4.49
4.45
4.35
4.4
4.42
4.39
4.42
4.37
4.38
4.38
4.25
4.23
4.23
4.24
4.23
4.23
4.24
4.24
4.25
4.23
4.22
4.25
4.26
4.23
4.27
4.27
4.3
4.28
4.27
4.31
4.3
4.32
4.3
4.3
4.32
4.38
4.27
4.33
4.32
4.25
4.36
4.38
4.37
4.38
4.39
4.24
4.3
4.4
4.31
4.35
4.29
4.45
4.4
4.35
4.36
4.38
4.43
4.32
4.47
4.33
4.4
4.4
4.33
4.44
4.46
4.43
4.35
4.33
4.33
4.47
4.38
4.32
4.36
4.36
4.49
4.42
4.42
4.5
4.5
4.5
4.5
4.43
4.5
4.5
4.4
4.41
4.33
4.32
4.47
4.49
4.48
4.46
4.47
4.48
4.35
4.44
4.45
4.31
4.39
4.37
4.44
4.44
4.35
4.38
4.4
4.35
4.38
4.45
4.42
4.4
4.43
4.5
4.72
4.59
4.58
4.56
4.62
5.01
5.12
5.14
4.84
4.82
4.9
4.9
4.91
5.13
5.0
5.0
5.0
4.99
5.0
4.83
5.0
4.91
4.99
5.0
5.0
4.9
5.08
5.6
6.2
6.25
6.23
5.75
6.92
6.92
7.61
9.68
9.67
9.6
9.68
9.68
9.68
8.5
8.56
8.0
8.1
8.55
8.81
8.98
10.25
10.01
10.2
10.05
10.55
11.22
12.34
15.33
15.0
15.46
15.19
13.98
14.32
14.67
14.93
15.7
15.9
14.97
15.5
15.98
14.1
13.4
13.65
12.94
13.96
12.85
12.51
14.36
13.55
13.03
12.82
13.18
12.75
12.56
12.51
12.52
12.76
12.11
11.3
11.21
11.94
11.58
11.99
12.01
11.92
11.37
11.25
10.38
10.4
10.7
10.26
10.46
10.42
9.61
9.66
9.79
9.29
10.0
9.96
10.2
9.8
10.15
10.02
9.85
9.55
9.55
9.66
9.9
10.02
10.14
9.89
9.88
9.95
9.8
10.17
10.15
10.1
10.0
9.42
9.48
10.21
11.6
10.52
9.97
9.45
8.89
8.56
8.2
7.76
8.1
7.87
8.06
8.22
8.21
8.0
8.1
8.33
8.0
7.9
7.98
8.22
8.35
8.56
8.4
8.4
8.5
8.71
8.25
8.3
8.05
8.0
8.14
7.94
7.73
7.56
7.91
7.91
7.69
7.69
7.88
7.73
9.51
8.5
8.75
8.75
8.84
8.78
8.61
8.21
8.15
9.48
9.63
11.14
10.75
10.69
11.4
11.4
8.95
8.65
8.94
8.49
8.14
8.4
8.42
8.3
8.4
7.85
8.16
8.0
8.28
8.27
8.69
8.45
8.45
8.36
8.34
8.68
8.8
9.15
8.71
8.79
8.97
8.76
8.94
9.16
9.32
9.01
9.01
9.1
9.01
8.96
9.21
9.04
8.75
9.0
9.0
9.0
8.83
9.0
9.3
9.54
9.42
9.49
9.49
9.35
9.0
9.07
9.37
9.0
9.26
9.15
8.98
8.64
8.89
8.66
8.79
8.6
8.79
8.97
8.76
8.86
8.79
8.76
8.93
8.75
8.87
8.75
8.92
8.93
8.75
8.93
8.81
8.6
8.82
8.54
8.32
8.18
8.34
8.3
8.39
8.26
8.35
8.18
8.23
8.3
8.3
8.89
8.8
8.79
8.53
8.5
8.4
8.57
8.42
8.4
8.55
8.48
8.4
8.27
8.25
8.25
8.68
8.38
8.45
8.32
8.62
8.32
8.36
8.32
8.31
8.27
8.12
8.39
8.5
8.48
8.44
8.34
8.22
8.42
8.42
8.35
8.38
8.38
8.28
8.25
8.27
8.23
8.35
8.29
8.25
8.3
8.16
8.3
8.3
8.38
8.55
8.66
8.5
8.73
8.42
8.4
8.54
8.6
8.69
8.5
8.66
8.65
8.3
8.33
8.58
8.58
8.4
8.21
8.27
8.43
8.68
8.5
8.3
8.34
8.41
8.27
8.33
8.25
8.2
8.3
8.35
8.3
8.25
8.15
8.4
8.25
8.25
8.2
8.25
8.25
8.15
8.15
8.25
8.2
8.0
8.0
8.0
8.0
7.85
7.9
7.95
7.9
7.95
8.25
8.15
8.1
8.1
7.95
8.0
8.0
7.85
7.85
7.95
8.0
7.8
7.85
7.7
7.7
7.8
7.75
7.75
7.75
7.75
7.65
7.65
7.7
7.7
7.7
7.7
7.75
7.75
7.75
7.6
7.7
7.65
7.6
7.65
7.55
7.55
7.6
7.5
7.6
7.6
7.55
7.65
7.75
7.7
7.85
7.75
7.75
7.7
7.65
7.7
7.6
7.7
7.6
7.6
7.75
7.55
7.6
7.45
7.45
7.55
7.2
7.2
7.25
7.25
7.25
8.25
7.8
7.6
7.7
7.85
7.85
7.95
7.95
8.0
8.0
7.8
7.8
7.8
7.85
7.75
7.9
7.75
7.6
7.7
7.8
7.8
7.7
7.75
7.75
7.65
7.7
8.05
8.05
7.9
8.0
7.75
7.75
7.6
7.6
7.7
7.7
7.4
7.5
7.55
7.4
7.6
7.6
7.5
8.05
7.85
7.7
7.95
7.5
7.75
7.7
7.8
7.8
7.95
8.0
7.8
7.8
7.7
7.7
7.65
7.6
7.75
7.85
7.75
7.9
7.75
7.55
7.7
7.7
7.4
7.65
7.55
7.6
7.45
7.6
7.55
7.45
7.55
7.5
7.5
7.8
7.8
7.8
7.55
7.55
7.55
7.55
7.55
7.8
7.75
7.5
7.6
7.5
7.6
8.0
7.8
7.8
7.55
7.6
7.6
7.6
7.7
7.75
7.9
8.05
7.95
7.9
7.9
7.95
8.0
7.9
7.85
8.05
8.1
7.8
7.6
7.75
7.95
7.85
7.8
7.65
7.8
7.6
7.65
7.75
7.6
7.8
7.5
7.7
7.4
7.35
7.55
7.6
7.65
7.65
7.65
7.75
7.7
7.55
7.5
7.5
7.65
7.9
7.8
7.6
7.85
7.6
7.6
7.5
7.65
7.65
7.65
7.6
7.7
7.6
7.55
7.4
7.4
7.6
7.65
7.65
7.5
7.5
7.5
7.85
7.45
7.25
7.15
7.25
6.95
7.1
7.1
7.1
6.9
6.75
6.8
6.8
7.0
7.15
7.0
7.0
7.1
7.1
7.0
7.0
7.0
7.15
7.0
7.0
7.2
7.0
7.05
7.0
7.1
7.2
7.05
7.0
7.05
6.95
6.9
6.95
7.5
7.05
7.0
7.1
7.0
7.0
7.0
7.0
7.0
7.0
7.0
7.0
7.2
6.95
7.05
7.0
6.9
6.95
6.95
7.0
7.3
7.1
7.0
6.95
6.85
7.0
7.15
6.9
7.05
6.75
6.85
6.6
6.55
6.8
6.95
6.9
6.9
7.15
7.2
7.2
7.1
7.2
7.2
7.15
7.15
7.15
7.0
7.1
7.05
7.15
6.85
7.0
7.05
7.15
7.35
7.45
7.25
7.7
7.9
7.95
8.85
8.4
8.55
10.25
10.95
10.1
9.5
9.5
9.55
9.45
10.1
11.7
12.1
11.5
8.35
7.85
8.15
8.15
8.1
8.15
8.3
8.05
8.1
7.95
7.75
7.9
8.1
8.1
8.0
8.2
8.0
7.95
8.0
7.9
7.9
7.9
7.85
7.95
8.05
8.1
8.05
8.4
8.05
8.2
8.1
8.1
8.1
8.0
7.8
7.9
7.9
7.8
7.9
7.95
7.95
7.75
7.8
7.9
7.9
7.8
7.8
7.8
7.7
7.7
7.5
7.8
7.7
7.7
7.8
7.95
7.7
8.0
7.85
7.7
7.85
7.7
7.8
7.6
7.55
7.7
7.65
7.65
8.15
8.05
8.0
7.8
7.65
8.0
8.05
7.8
7.7
8.0
7.9
8.0
8.2
8.0
8.05
8.25
7.95
8.0
7.9
7.85
7.9
7.75
7.9
7.8
7.8
8.0
8.0
8.0
8.0
7.85
8.0
7.8
7.9
7.9
8.0
7.8
7.8
7.85
7.8
7.8
7.8
7.7
7.8
7.7
7.85
7.85
7.7
7.85
7.7
7.85
7.7
7.8
7.7
7.8
7.7
7.65
7.75
7.8
7.8
7.8
7.8
7.8
7.8
7.85
7.8
7.85
8.0
8.1
7.95
7.95
7.95
8.0
8.0
8.05
8.1
7.95
8.1
8.1
7.95
8.1
8.1
8.1
7.9
7.9
8.0
7.9
8.05
8.35
8.25
9.25
9.0
9.85
9.7
9.55
9.55
9.5
9.3
9.55
9.25
9.2
9.2
8.8
9.15
9.1
9.05
9.15
9.0
9.0
9.15
9.05
9.15
9.15
9.2
9.15
9.4
9.45
9.4
9.4
9.8
9.8
11.2
11.7
12.5
12.15
12.0
12.0
11.9
11.9
10.2
10.85
11.15
11.25
10.95
10.95
10.65
10.0
10.0
9.95
10.0
9.7
9.15
9.7
9.5
9.8
9.8
10.0
10.2
10.15
10.15
10.0
10.0
10.05
10.05
10.05
10.25
10.3
10.45
10.6
10.55
10.6
13.15
12.9
12.7
12.4
13.1
13.1
13.5
13.95
13.5
13.45
12.8
12.8
13.05
13.3
13.0
12.0
12.65
12.0
11.3
11.85
11.7
12.2
11.85
11.95
12.2
12.85
12.25
12.6
11.95
11.3
11.7
11.7
11.4
12.3
12.3
11.85
12.05
12.1
12.1
11.85
11.85
11.6
11.6
11.45
11.25
11.25
11.35
11.55
11.15
11.65
12.0
11.4
11.25
11.3
11.45
11.4
11.3
12.25
11.65
11.9
11.95
11.9
11.75
11.8
12.0
12.2
12.05
12.2
12.75
12.3
12.8
12.55
12.85
12.55
12.4
12.45
12.3
12.65
12.65
12.9
12.95
12.85
12.85
12.5
12.75
12.65
13.3
12.75
12.95
13.35
13.1
12.95
12.95
12.95
12.95
13.1
12.95
13.25
13.2
13.0
13.6
14.2
14.2
14.25
13.45
13.4
13.2
13.0
13.05
13.1
13.4
13.75
13.65
13.45
13.6
13.65
13.4
13.4
13.75
13.5
13.45
14.9
15.0
14.0
13.65
13.75
13.55
13.95
13.85
13.75
14.0
13.95
13.0
12.95
13.0
12.95
13.0
12.8
12.95
12.7
13.0
12.0
12.35
12.2
12.55
12.4
12.6
12.6
12.95
13.25
12.85
12.75
12.65
12.8
12.75
12.9
12.85
12.95
12.85
12.75
12.85
12.7
12.8
12.6
13.0
12.85
12.9
12.8
13.15
12.9
12.8
12.85
12.75
12.8
12.7
12.75
12.3
12.2
12.15
12.0
12.1
12.0
12.2
12.15
12.15
12.2
12.35
12.0
12.25
12.3
12.2
11.8
12.05
12.15
11.9
11.6
11.8
12.0
11.75
11.75
11.9
11.95
11.65
11.25
11.55
11.6
11.5
11.35
11.25
10.8
11.25
11.4
11.1
11.15
11.15
10.95
11.1
11.2
11.45
11.55
11.6
11.6
11.35
11.45
11.0
11.2
11.15
11.25
10.8
10.9
11.0
10.95
10.95
10.95
11.85
11.6
11.45
11.6
11.7
11.75
11.8
12.35
12.65
12.6
12.5
13.0
12.05
12.25
12.25
12.85
13.0
12.9
13.0
12.95
13.15
13.4
13.35
13.4
13.55
13.5
13.5
13.55
13.55
13.6
13.35
12.85
12.65
13.2
13.5
13.3
13.0
13.35
13.2
13.2
13.3
13.1
13.3
13.1
13.5
13.5
13.3
13.5
13.35
13.45
13.7
13.35
13.45
13.5
13.5
13.7
13.85
13.9
14.2
14.1
14.0
13.8
14.2
14.2
14.05
14.1
14.1
14.1
14.3
14.2
14.0
14.0
13.85
13.8
13.8
13.85
13.85
13.8
13.6
13.65
13.6
13.45
13.1
13.15
13.05
13.05
13.35
13.05
12.55
13.05
13.05
13.25
12.95
13.5
13.2
13.15
13.0
13.3
13.0
12.9
13.05
12.85
12.75
12.85
13.0
12.6
12.8
13.0
12.95
12.85
12.85
12.8
13.2
13.1
13.5
13.95
13.55
13.35
13.3
13.4
13.4
13.1
13.05
13.15
13.2
13.2
13.15
13.1
13.05
13.0
13.25
13.0
12.8
12.8
13.1
13.1
13.1
12.95
13.0
13.3
13.0
12.95
12.9
12.8
12.95
12.75
13.05
13.25
13.0
12.85
13.0
12.85
12.85
13.0
12.95
12.9
12.9
13.0
12.95
12.8
12.5
12.65
13.0
12.8
12.85
12.8
12.75
12.75
12.65
13.0
12.8
12.85
12.7
12.6
12.65
12.5
12.45
12.45
12.1
12.45
12.25
12.15
12.15
12.05
11.9
11.95
11.8
11.8
11.55
11.7
11.7
11.65
11.95
11.7
11.55
11.85
11.7
11.45
12.0
12.05
12.3
12.0
12.25
12.2
12.0
11.85
11.6
11.6
11.55
11.55
11.7
11.45
11.4
11.75
11.55
11.5
11.45
11.3
11.15
11.0
11.05
11.3
11.3
11.5
11.25
11.5
11.5
11.7
11.5
11.7
11.55
11.55
11.95
11.8
12.3
11.65
11.85
12.0
12.05
12.0
12.05
12.0
11.85
12.0
12.0
11.6
11.5
11.5
11.45
11.4
11.55
11.6
11.45
11.6
11.6
11.7
11.5
11.5
11.5
11.45
11.6
11.6
11.5
11.6
11.4
11.1
11.3
11.05
10.95
10.95
11.0
10.9
10.8
10.9
10.9
10.9
10.9
10.95
11.0
10.9
10.85
11.0
10.85
10.8
10.85
10.8
11.05
11.1
10.95
10.95
11.15
11.25
11.05
11.2
11.0
11.05
11.1
11.15
11.15
11.2
10.9
11.05
11.05
11.25
11.2
11.45
11.45
11.3
11.45
11.2
11.15
11.5
11.35
11.0
11.2
11.2
11.2
11.0
11.0
11.15
11.15
11.65
11.5
11.3
11.6
11.7
11.7
11.6
11.45
11.6
11.55
11.4
11.45
11.5
11.5
11.55
11.55
11.65
11.35
11.5
11.45
11.35
11.3
11.2
11.2
11.25
11.25
11.1
11.0
11.2
11.2
11.15
11.2
11.1
11.0
11.05
11.2
11.7
11.4
11.6
11.2
11.3
11.2
11.2
11.25
11.2
11.25
11.25
11.15
11.1
11.2
11.15
11.25
11.1
11.15
11.1
11.2
11.45
11.6
11.55
11.5
11.4
11.65
11.85
12.05
11.85
11.85
11.8
11.7
11.5
11.4
11.05
11.2
11.0
10.95
11.05
10.95
11.0
11.0
11.1
11.0
11.0
11.1
11.05
11.1
11.1
11.05
11.15
11.0
11.05
11.1
11.05
11.1
11.1
11.1
11.15
11.1
11.1
10.95
10.95
10.95
10.95
11.05
11.05
10.9
11.05
10.85
10.85
10.9
11.05
11.05
11.05
11.05
11.1
11.1
11.1
11.1
11.0
11.1
10.95
11.15
11.1
11.4
11.15
11.35
11.05
11.2
10.9
10.85
10.95
11.0
11.1
11.15
10.95
10.9
11.0
11.05
11.1
11.0
11.0
10.65
10.75
10.7
10.75
10.85
10.7
10.85
10.65
10.5
10.5
10.65
10.7
10.6
10.45
10.45
10.45
10.6
10.6
10.6
10.65
10.55
10.65
10.5
10.65
10.6
10.6
10.6
10.65
10.65
10.65
10.5
10.65
10.45
10.55
10.5
10.45
10.65
10.65
10.45
10.45
10.45
10.45
10.4
10.35
10.3
10.3
10.1
10.35
10.15
10.2
10.15
10.3
10.45
10.25
10.15
10.35
10.25
10.25
10.3
10.5
10.2
10.15
10.15
10.25
10.4
10.35
10.15
10.35
10.15
10.4
10.25
10.25
10.3
10.4
10.3
10.3
10.3
10.35
10.15
10.3
10.3
10.18
10.28
10.28
10.28
10.2
10.3
10.16
10.22
10.3
10.36
10.36
10.5
10.84
10.62
10.52
10.5
10.42
10.2
10.38
10.38
10.4
10.28
10.3
10.32
10.3
10.2
10.2
10.28
10.3
10.06
10.28
10.14
10.16
10.28
10.16
10.16
10.26
10.12
10.2
10.08
10.08
10.06
10.2
10.2
10.18
10.04
10.06
10.06
10.14
10.16
10.12
10.02
10.04
10.12
10.02
10.14
10.1
9.96
9.9
10.1
10.0
10.1
10.08
10.22
10.22
10.04
10.1
10.3
10.08
10.14
10.32
10.46
10.28
10.2
10.3
10.32
10.22
10.58
10.48
10.28
10.36
10.42
10.32
10.4
10.3
10.34
10.36
10.06
10.12
10.08
10.22
10.22
10.18
10.02
10.02
10.0
10.12
10.0
10.08
10.0
10.0
10.1
10.2
10.06
10.2
10.22
10.22
10.18
10.26
10.0
10.08
10.12
10.0
10.08
9.9
9.92
9.9
9.9
9.98
9.92
10.06
9.9
9.9
10.0
9.9
10.04
9.98
9.98
9.9
10.0
9.96
9.98
9.98
9.98
9.92
9.78
9.72
9.92
9.96
10.0
10.0
9.96
10.0
9.86
9.96
9.94
9.98
10.0
10.0
9.9
9.9
9.9
9.88
10.0
10.0
9.9
9.98
10.0
9.98
9.9
9.9
9.98
9.9
9.98
9.92
9.88
9.8
9.8
9.8
9.6
9.7
9.64
9.74
9.68
9.72
9.8
9.8
9.62
9.74
9.74
9.66
9.66
9.68
9.78
9.6
9.7
9.66
9.52
9.5
9.58
9.2
8.98
8.98
8.98
8.58
8.44
8.64
8.62
8.64
8.5
8.6
8.7
8.7
8.56
8.56
8.56
8.56
8.5
8.4
8.6
8.48
8.52
8.52
8.5
8.52
8.5
8.8
8.6
8.5
8.5
8.42
8.4
8.4
8.48
8.58
8.44
8.36
8.38
8.38
8.34
8.5
8.44
8.48
8.46
8.26
8.32
8.28
8.2
8.14
8.04
8.22
8.24
8.1
8.12
8.22
8.22
8.18
8.22
8.22
8.2
8.24
8.2
8.44
8.5
9.02
8.74
8.6
8.8
8.7
8.8
8.84
8.94
9.12
9.0
8.78
8.96
8.84
8.9
8.94
8.72
8.84
8.7
8.78
8.88
8.76
8.88
9.0
8.7
8.9
8.9
8.86
8.9
9.12
9.04
9.06
8.88
8.94
8.88
8.86
8.84
8.84
8.92
8.88
8.9
8.86
8.88
8.8
8.88
8.84
8.8
8.6
8.62
8.66
8.68
8.66
8.66
8.7
8.74
8.88
8.7
8.94
9.02
8.78
8.8
8.8
8.76
8.84
8.78
8.72
8.86
8.94
8.82
8.84
8.74
8.7
8.88
8.94
8.86
8.82
8.9
8.8
8.8
8.8
8.92
8.82
8.92
8.8
8.78
8.78
8.78
8.82
8.76
8.82
8.8
8.82
8.9
8.84
8.84
8.8
8.8
8.76
8.82
8.8
8.82
8.98
10.3
9.44
9.9
9.72
9.68
9.68
9.72
10.0
9.98
10.1
9.72
9.7
9.78
9.72
9.8
9.8
9.8
9.94
9.94
9.96
9.92
10.18
10.04
10.02
9.88
9.88
9.82
9.82
9.34
9.42
9.52
9.54
9.46
9.56
9.7
9.7
9.6
9.52
9.56
9.68
9.62
9.76
9.78
9.72
9.7
9.58
9.6
9.68
9.58
9.5
9.5
9.49
9.49
9.5
9.5
9.8
9.71
9.99
9.8
9.75
9.71
9.87
9.84
9.87
9.87
10.0
10.0
9.77
10.0
9.78
9.72
9.74
9.6
9.51
9.5
9.76
9.77
9.65
9.41
9.5
9.83
9.5
9.45
9.77
9.45
9.61
9.71
9.5
9.68
9.7
9.8
9.8
9.69
9.76
9.65
9.66
10.0
10.2
10.35
9.95
10.2
10.3
9.96
10.25
10.26
9.96
10.25
9.91
10.12
9.9
9.88
10.08
10.05
10.02
10.02
10.27
9.95
10.04
9.91
10.19
10.0
9.86
10.0
9.86
10.08
10.2
10.14
10.14
10.05
10.12
9.96
10.01
9.98
9.98
9.87
10.07
9.87
10.09
9.87
9.85
9.99
9.99
9.81
10.17
9.84
10.0
9.84
9.8
9.8
9.84
9.8
9.8
9.95
10.04
9.95
9.76
9.56
9.7
9.6
9.68
9.73
9.85
9.99
9.99
10.05
9.91
9.65
9.76
9.9
9.85
9.98
9.92
9.9
9.76
9.79
9.8
9.79
9.88
9.9
9.8
9.71
9.84
9.85
9.85
9.85
9.85
9.85
9.75
9.85
10.0
9.89
9.9
10.03
10.17
10.62
10.15
10.27
10.4
10.73
10.64
10.5
10.51
10.51
10.3
10.3
10.05
10.0
9.99
10.09
9.93
9.9
9.8
10.03
10.03
10.37
10.37
10.25
10.09
9.97
10.17
10.2
10.3
10.12
10.24
10.3
10.39
10.46
10.5
10.26
10.45
10.43
10.4
10.31
10.47
10.11
10.09
10.1
10.1
10.06
10.09
10.14
10.24
10.29
10.05
10.15
10.03
10.11
10.1
10.19
10.1
10.18
10.2
10.15
10.15
10.15
10.08
10.04
10.09
10.17
10.03
10.12
10.3
10.28
10.2
10.13
10.08
10.2
10.06
10.14
10.01
10.07
10.19
10.1
10.2
10.36
10.35
10.3
10.16
10.02
10.02
10.14
10.06
10.03
10.0
10.0
9.81
9.7
9.5
9.5
9.5
9.49
9.49
9.5
9.49
9.48
9.63
9.67
9.67
9.69
9.7
9.64
9.7
9.74
9.79
9.79
9.79
9.78
9.7
9.67
9.67
9.76
9.6
9.69
9.53
9.61
9.66
9.62
9.73
9.69
9.69
9.62
9.69
9.62
9.51
9.52
9.59
9.59
9.64
9.39
9.54
9.56
9.49
9.69
9.6
9.64
9.63
9.63
9.55
9.45
9.2
9.3
9.3
9.3
9.29
9.26
9.26
8.88
9.08
9.14
9.13
9.18
8.94
9.09
9.19
9.15
9.06
9.07
9.12
9.0
9.0
8.88
8.86
8.95
8.99
8.95
8.77
8.77
8.72
8.77
8.7
8.61
8.63
8.6
8.68
9.0
8.9
8.67
8.7
8.68
8.8
8.94
8.93
8.8
8.87
8.82
8.83
8.83
8.83
8.77
8.91
8.88
8.88
8.87
8.78
8.84
8.84
8.84
8.77
8.81
8.9
8.86
9.1
8.87
9.07
8.81
8.78
8.9
8.83
9.0
9.03
8.98
8.88
8.83
8.91
8.8
8.91
8.97
8.84
9.05
9.0
8.95
9.0
9.01
9.03
9.12
9.25
9.05
9.16
9.12
9.04
9.09
9.07
9.06
9.11
9.17
9.08
9.08
9.16
9.11
9.15
9.11
9.1
9.1
9.03
9.14
9.03
9.02
9.15
9.01
9.01
9.0
9.05
9.06
9.02
9.0
9.04
9.05
9.18
9.11
9.11
8.98
9.1
9.04
9.02
9.01
9.07
8.97
8.82
8.97
8.97
8.96
8.99
8.88
8.94
9.0
8.9
8.93
8.86
8.94
8.85
8.92
8.9
8.9
8.89
8.8
8.84
8.82
8.84
8.82
8.79
8.77
8.72
8.72
8.71
8.8
8.64
8.65
8.67
8.63
8.67
8.66
8.68
8.68
8.71
8.71
8.76
8.75
8.67
8.75
8.69
8.69
8.73
8.68
8.62
8.59
8.56
8.52
8.32
8.31
8.32
8.28
8.32
8.39
8.45
8.45
8.51
8.48
8.52
8.54
8.55
8.67
8.68
8.58
8.56
8.46
8.53
8.55
8.53
8.5
8.55
8.43
8.49
8.4
8.48
8.41
8.35
8.34
8.49
8.57
8.51
8.5
8.45
8.42
8.45
8.39
8.49
8.4
8.4
8.4
8.39
8.4
8.4
8.31
8.45
8.36
8.35
8.55
8.46
8.58
8.57
8.64
8.88
8.83
8.67
8.67
8.65
8.65
9.0
8.61
8.7
8.94
8.55
8.55
8.67
8.56
8.69
8.5
8.52
8.61
8.5
8.66
8.52
8.67
8.67
8.55
8.58
8.55
8.55
8.55
8.51
8.45
8.53
8.6
8.6
8.63
8.56
8.58
8.43
8.52
8.11
8.21
8.38
8.26
8.25
8.09
8.1
8.0
8.05
8.07
8.05
8.1
8.38
8.28
8.31
8.22
8.21
8.25
8.25
8.23
8.18
8.26
8.27
8.21
8.2
8.26
8.25
8.25
8.35
8.31
8.26
8.25
8.22
8.23
8.25
8.24
8.2
8.16
8.15
8.2
8.26
8.37
8.4
8.21
8.24
8.32
8.25
8.29
8.29
8.2
8.2
8.18
8.17
8.18
8.39
8.18
8.19
8.15
8.3
8.23
8.23
8.21
8.2
8.18
8.24
8.13
8.15
8.21
8.22
8.2
8.17
8.16
8.15
8.17
8.22
8.16
8.2
8.17
8.21
8.24
8.22
8.22
8.15
8.14
8.15
8.25
8.3
8.31
8.28
8.38
8.35
8.32
8.32
8.25
8.33
8.35
8.39
8.39
8.4
8.69
8.85
9.15
8.8
8.8
8.75
8.67
8.61
8.7
8.66
8.78
8.74
8.74
8.7
9.02
8.9
8.71
8.71
8.82
8.95
8.91
8.91
8.91
8.91
8.9
8.76
8.75
8.75
8.7
8.68
8.77
8.79
8.8
8.84
8.84
8.79
8.71
9.0
8.98
8.98
8.99
9.0
8.94
8.94
8.93
8.93
8.94
8.97
8.5
8.52
8.54
8.63
8.66
8.61
8.58
8.65
8.66
8.59
8.7
8.59
8.68
8.43
8.56
8.57
8.64
8.6
8.6
8.57
8.66
8.68
8.74
8.56
8.57
8.55
8.55
8.54
8.52
8.47
8.52
8.52
8.5
8.49
8.67
8.56
8.6
8.67
8.66
8.65
8.75
8.94
8.86
8.73
8.75
8.68
8.72
8.72
8.77
8.84
8.78
8.67
8.74
8.68
8.69
8.72
8.8
8.72
8.76
8.74
8.74
8.72
8.72
8.73
8.72
8.7
8.71
9.05
9.2
9.03
9.14
8.93
9.06
8.96
9.15
9.01
9.14
9.06
9.06
9.1
9.09
9.1
9.12
9.2
9.2
9.2
9.2
9.57
9.62
9.8
9.61
9.61
9.75
9.8
9.65
9.81
9.48
9.77
9.67
9.63
9.71
9.7
9.7
9.9
9.96
9.76
9.9
9.94
9.8
9.85
9.89
9.85
9.78
9.85
10.03
9.93
9.96
9.86
9.79
9.84
9.92
9.85
9.85
9.97
9.97
9.81
9.82
9.85
9.75
9.79
9.72
9.71
9.7
9.75
9.6
9.61
9.59
9.55
9.4
9.45
9.38
9.45
9.85
9.8
9.72
9.95
9.97
9.8
9.7
9.94
9.89
9.44
9.93
9.94
9.78
9.77
9.9
9.69
9.87
9.73
9.9
9.88
9.88
9.75
9.89
9.75
9.9
9.66
9.7
9.8
9.8
9.77
9.75
9.72
9.81
9.81
9.57
9.72
9.75
9.6
9.66
9.89
9.72
9.69
9.73
9.68
9.72
9.69
9.58
9.58
9.59
9.56
9.55
9.52
9.48
9.62
9.51
9.47
9.39
9.27
9.33
9.47
9.63
9.6
9.5
9.6
9.68
9.69
9.7
9.51
9.68
9.76
9.55
9.89
9.84
9.71
9.82
9.77
9.86
9.88
9.89
9.89
10.0
10.07
10.13
10.01
9.94
9.8
9.96
10.01
10.0
10.56
10.31
10.26
10.64
10.59
11.0
10.72
11.0
10.98
10.98
10.71
10.77
10.8
10.67
10.67
10.44
10.41
10.4
10.31
10.29
10.45
10.62
10.65
10.56
10.69
10.46
10.46
10.61
10.62
10.41
10.61
10.57
10.42
10.4
10.23
10.22
10.31
10.68
10.3
10.45
10.3
10.52
10.28
10.43
10.24
10.45
10.54
10.32
10.53
10.88
10.82
10.73
10.74
10.65
10.64
10.65
10.65
10.65
10.74
10.61
10.73
10.7
10.67
10.7
10.78
10.77
10.7
10.93
10.8
10.65
10.8
10.8
10.92
11.05
11.03
10.59
10.76
10.9
10.89
10.89
10.89
10.75
10.88
10.77
10.87
10.75
10.98
10.93
10.92
10.92
10.8
10.88
10.72
10.92
10.93
10.75
10.92
10.92
10.91
10.9
10.9
10.88
10.88
10.78
10.75
10.74
10.65
10.88
10.79
10.7
10.72
10.72
10.76
10.76
10.71
10.57
10.58
10.75
10.74
10.72
10.74
10.73
11.0
10.95
10.76
10.71
10.77
10.75
10.84
10.66
10.6
10.51
10.66
10.61
10.53
10.52
10.65
10.65
10.56
10.63
10.63
10.6
10.67
10.67
10.67
10.68
10.59
10.59
10.46
10.22
10.29
9.99
9.88
10.01
10.46
10.29
10.31
10.3
10.2
10.31
10.3
10.3
10.4
10.5
10.39
10.45
10.4
10.48
10.48
9.9
10.45
10.49
10.46
10.21
10.19
10.15
10.16
10.1
10.0
10.09
10.0
9.99
9.98
10.0
9.99
10.0
9.99
10.0
9.9
10.01
10.0
9.93
9.96
9.97
9.83
10.05
9.95
9.95
10.0
10.0
9.95
9.95
9.95
9.95
10.05
9.94
9.86
10.02
10.04
10.05
10.04
10.1
10.0
10.09
9.95
10.15
10.12
10.1
10.16
10.03
10.1
10.16
10.16
9.91
10.05
9.96
9.93
9.94
9.95
9.94
9.82
10.01
9.85
9.97
9.96
9.96
9.95
9.96
9.96
9.95
9.95
9.95
9.84
9.94
9.89
9.89
9.78
9.87
9.86
9.8
9.83
9.81
9.67
9.76
9.7
9.78
9.66
9.69
9.53
9.5
9.59
9.44
9.45
9.45
9.44
9.41
9.42
9.25
9.21
9.36
9.35
9.22
9.28
9.38
9.27
9.28
9.19
9.8
9.56
9.71
9.53
9.53
9.63
9.68
9.51
9.49
9.45
9.45
9.48
9.43
9.22
9.93
9.96
9.8
9.86
9.8
9.8
9.9
9.8
9.45
9.57
9.57
9.63
9.64
9.67
9.74
9.74
9.7
9.7
9.7
9.7
9.69
9.78
9.77
9.85
9.79
9.88
9.7
9.86
9.74
9.8
9.78
9.79
9.77
9.66
9.73
9.77
9.75
9.68
9.75
9.74
9.69
9.72
9.77
9.74
9.72
9.72
9.7
9.7
9.69
9.66
9.66
9.58
9.63
9.63
9.62
9.62
9.61
9.61
9.6
9.6
9.68
9.6
9.63
9.62
9.61
9.63
9.63
9.63
9.62
9.6
9.67
9.66
9.66
9.65
9.66
9.66
9.66
9.68
9.55
9.57
9.65
9.59
9.69
9.69
9.69
9.7
9.72
9.7
9.69
9.65
9.63
9.65
9.65
9.64
9.64
9.52
9.62
9.62
9.62
9.63
9.55
9.62
9.6
9.64
9.68
9.68
9.68
9.7
9.7
9.6
9.69
9.6
9.69
9.6
9.65
9.64
9.65
9.65
9.68
9.65
9.6
9.65
9.62
9.7
9.66
9.6
9.62
9.57
9.59
9.58
9.5
9.59
9.45
9.45
9.54
9.44
9.49
9.79
9.79
9.9
9.67
9.74
9.7
9.69
9.69
9.68
9.66
9.68
9.67
9.72
9.71
9.74
9.64
10.0
10.0
10.0
9.81
9.8
9.8
9.78
9.75
9.73
9.76
9.66
9.65
9.68
9.69
9.62
9.7
9.7
9.65
9.65
9.6
9.64
9.65
9.72
9.75
9.84
9.7
9.7
9.68
9.74
9.69
9.59
9.7
9.7
9.63
9.7
9.64
9.57
9.64
9.62
9.67
9.67
9.58
9.61
9.62
9.62
9.65
9.67
9.7
9.7
9.69
9.74
9.66
9.62
9.65
9.7
9.52
9.65
9.65
9.53
9.64
9.51
9.64
9.62
9.62
9.62
9.64
9.64
9.64
9.63
9.69
9.68
9.67
9.65
9.63
9.63
9.58
9.79
9.79
9.85
9.85
9.89
9.79
9.79
9.72
9.72
9.76
9.72
9.75
9.75
9.76
9.71
9.75
9.71
9.7
9.74
9.74
9.76
9.73
9.73
9.75
9.74
9.7
9.73
9.74
9.76
9.76
9.77
9.77
9.74
9.7
9.65
9.64
9.73
9.72
9.67
9.68
9.69
9.76
9.75
9.75
9.75
9.71
9.8
9.73
9.72
9.73
9.64
9.66
9.69
9.7
9.66
9.76
9.67
9.66
9.63
9.67
9.68
9.66
9.6
9.71
9.73
9.72
9.65
9.66
9.63
9.64
9.62
9.7
9.67
9.7
9.72
9.75
9.75
9.68
9.71
9.69
9.7
9.75
9.76
9.67
9.71
9.77
9.71
9.72
9.72
9.76
9.77
9.78
9.78
9.77
9.72
9.65
9.69
9.65
9.61
9.62
9.76
9.73
9.71
9.78
9.77
9.69
9.65
9.65
9.62
9.68
9.6
9.53
9.49
9.48
9.5
9.39
9.36
9.42
9.6
9.45
9.37
9.38
9.38
9.4
9.36
9.4
9.32
9.39
9.39
9.37
9.32
9.2
9.2
9.24
9.23
9.08
9.09
9.23
9.23
9.02
9.12
9.16
9.28
9.24
9.21
9.25
9.22
9.26
9.22
9.22
9.36
9.3
9.29
9.24
9.17
9.2
9.19
9.23
9.1
9.14
9.13
9.14
9.13
9.14
9.14
9.15
9.17
9.16
9.16
9.1
9.09
9.11
9.13
9.14
9.11
9.1
9.1
9.17
9.17
9.1
9.09
9.08
9.09
9.09
9.08
9.13
9.1
9.14
9.16
9.19
9.16
9.17
9.16
9.23
9.2
9.16
9.18
9.15
9.2
9.17
9.15
9.1
9.1
9.2
9.1
9.08
9.09
9.1
9.08
9.07
9.08
9.1
9.13
9.08
9.01
9.05
9.02
9.04
9.02
9.09
9.0
9.05
9.07
9.03
9.04
9.03
9.04
9.03
9.01
9.04
8.99
9.0
9.0
9.03
9.06
9.04
9.04
9.09
9.04
9.07
9.04
9.06
9.06
9.03
8.85
8.9
9.02
9.02
9.04
9.06
9.08
9.04
9.08
9.07
9.06
9.09
9.05
9.05
9.08
9.15
9.2
9.11
9.11
9.07
9.06
9.06
9.08
9.09
9.08
9.1
9.08
9.1
9.08
9.1
9.08
9.1
9.09
9.1
9.1
9.1
9.08
9.09
9.1
9.07
9.05
9.08
9.08
9.1
9.07
9.09
9.07
9.08
9.07
9.1
9.1
9.11
9.1
9.07
9.09
9.09
9.13
9.32
9.28
9.06
9.09
9.1
9.1
9.12
9.3
9.26
9.2
9.19
9.2
9.19
9.18
9.21
9.25
9.3
9.31
9.27
9.3
9.32
9.41
9.42
9.66
9.71
10.06
10.28
10.16
10.01
9.94
9.94
9.65
9.83
9.77
9.7
9.71
9.97
9.9
9.98
10.0
10.13
9.67
9.86
9.88
10.01
10.01
10.03
10.17
10.14
10.12
10.12
10.18
10.34
12.28
14.15
14.15
14.15
14.15
14.15
14.15
15.57
19.42
18.76
18.2
17.68
17.67
16.5
16.8
16.97
17.67
17.77
16.3
15.02
15.07
15.9
16.35
15.98
15.27
15.5
15.37
15.41
17.09
17.02
16.55
16.97
16.86
16.7
17.28
16.92
16.73
16.7
17.08
17.07
16.8
16.83
16.7
16.98
17.01
16.91
16.71
16.36
16.8
16.67
16.64
16.8
16.68
16.69
16.64
16.52
16.63
16.66
16.56
16.55
16.47
16.48
17.41
17.87
17.28
17.5
17.5
17.48
17.78
17.72
17.55
17.24
17.23
17.33
17.21
17.16
16.84
16.49
16.51
16.74
16.93
17.0
16.8
16.92
16.61
16.64
16.8
16.6
16.55
16.51
16.8
16.97
16.75
16.58
17.17
17.16
17.1
17.09
17.09
16.8
16.58
16.48
16.45
16.59
16.51
15.99
16.21
16.0
15.99
15.95
15.94
16.15
16.11
16.02
16.19
16.25
16.48
16.54
16.5
16.2
16.27
16.9
16.3
16.35
16.7
16.48
16.39
16.55
16.47
16.51
16.42
16.35
16.37
16.39
16.42
16.47
16.15
16.35
16.29
16.2
16.16
16.15
16.03
16.03
15.94
15.98
15.9
15.99
15.96
15.68
15.74
15.75
15.78
15.77
15.73
15.72
15.71
15.7
15.4
15.52
15.48
15.56
15.7
15.55
15.64
15.4
15.4
15.72
15.45
15.61
15.4
15.27
15.33
15.44
15.35
15.35
15.3
15.19
15.05
15.12
15.28
14.91
15.07
15.15
15.05
14.99
15.0
15.17
15.16
15.15
15.1
15.05
15.11
15.11
15.0
14.86
14.9
14.8
14.45
14.72
14.62
14.96
14.75
14.75
14.53
14.5
14.6
14.52
14.48
14.28
14.16
14.25
14.23
14.03
13.9
13.71
13.75
13.89
13.95
14.01
14.1
14.17
15.9
15.43
15.43
15.63
15.25
15.23
15.09
15.17
15.13
15.08
15.13
15.04
15.11
15.11
15.09
14.98
15.14
15.01
15.1
15.11
15.25
15.33
15.22
15.12
15.08
15.03
15.09
15.16
15.4
15.17
15.18
15.42
15.36
15.4
15.39
15.34
15.25
15.81
16.04
16.0
15.54
15.76
15.73
15.73
15.65
15.65
15.52
15.38
15.44
15.4
15.54
15.79
15.68
15.58
15.6
15.41
15.1
15.1
15.29
15.3
15.21
15.04
15.06
15.07
15.0
14.33
14.3
14.21
14.31
14.16
14.17
14.17
14.17
14.18
14.3
14.07
13.99
14.08
14.04
13.94
13.71
13.41
13.49
13.4
11.79
12.19
12.0
12.19
12.2
12.3
12.6
12.13
12.15
12.01
12.64
12.91
13.11
13.0
12.56
12.6
12.59
12.77
12.82
12.8
12.82
12.9
13.18
13.11
13.11
13.27
13.24
13.29
13.15
13.34
13.36
13.49
13.79
13.7
13.8
13.6
13.59
13.19
13.01
13.39
13.18
13.4
13.24
13.17
13.19
12.95
12.96
12.9
12.55
12.44
12.47
12.52
12.25
12.45
12.5
12.68
12.91
11.71
12.3
12.49
12.66
12.87
12.99
12.84
12.88
12.8
12.78
12.96
13.02
13.07
13.13
12.98
12.7
12.68
12.99
12.9
11.7
11.45
11.01
10.78
11.19
11.4
11.1
10.5
10.77
10.75
11.27
11.04
11.15
11.15
11.1
11.16
11.18
11.0
10.9
10.5
11.0
11.05
10.8
11.16
11.39
10.0
9.76
10.2
10.2
10.89
10.48
10.49
10.52
10.13
10.11
10.02
9.98
9.98
9.97
9.7
9.6
9.56
9.55
9.34
9.59
9.79
9.46
9.29
9.5
9.49
9.67
9.79
9.52
9.65
9.38
9.33
9.33
10.05
10.13
10.41
10.18
10.36
10.38
10.04
10.1
10.68
10.75
9.81
9.8
9.99
10.24
10.1
10.23
10.21
10.18
10.17
10.68
10.37
10.45
10.5
10.45
10.45
10.32
10.41
10.5
10.46
11.0
11.21
10.95
10.18
10.4
10.46
10.44
10.32
10.69
10.35
10.61
10.77
10.76
10.76
10.69
10.83
10.75
11.08
10.86
10.76
10.9
10.73
10.9
10.72
10.71
10.64
10.63
10.51
10.22
10.7
10.8
10.6
10.52
10.73
10.61
10.5
10.54
10.73
10.96
10.98
10.91
10.69
10.68
10.61
10.83
10.87
10.82
10.89
10.89
11.0
11.19
10.98
10.87
10.96
10.97
11.0
11.09
11.28
11.0
11.29
11.52
11.49
11.5
11.38
11.48
11.37
11.6
12.4
12.35
12.18
12.0
12.23
12.29
12.35
12.54
12.55
12.5
13.73
13.13
13.2
13.33
13.19
13.15
13.38
13.3
13.4
13.33
13.45
13.44
13.42
13.43
13.08
13.11
13.16
13.18
12.97
12.8
12.86
12.83
12.74
12.69
12.77
12.95
12.97
13.29
13.26
13.32
13.38
13.25
13.39
13.28
13.18
13.2
13.2
13.4
13.3
13.38
13.34
13.27
13.34
13.21
13.16
13.28
13.28
13.19
13.2
13.19
13.11
13.11
13.05
12.9
12.94
12.94
13.07
13.03
12.99
12.96
12.82
12.85
12.88
12.84
12.95
13.18
12.59
12.41
12.36
12.32
12.24
12.22
12.18
12.02
12.14
12.14
11.94
12.4
12.6
12.85
12.58
12.7
12.7
12.52
12.55
12.2
12.33
12.49
12.46
12.43
12.44
12.39
12.41
12.36
12.72
12.96
13.95
13.47
13.5
13.03
13.16
13.2
13.2
12.8
12.91
12.91
12.9
12.87
12.79
12.7
12.73
12.82
13.0
12.92
12.9
12.85
12.77
12.89
12.93
12.79
12.94
13.09
13.21
13.19
13.12
13.15
13.15
13.15
13.07
13.17
13.04
13.27
13.26
13.35
13.51
13.36
13.35
13.18
13.25
13.26
13.4
13.9
13.88
13.92
13.84
13.82
13.79
13.81
13.75
13.71
13.65
13.68
13.64
13.71
13.75
13.67
13.72
13.73
13.67
13.74
13.59
13.34
13.49
13.5
13.53
13.51
13.44
13.5
13.47
13.45
13.2
13.1
13.22
13.17
12.91
12.86
12.96
12.7
12.8
12.8
12.69
12.75
12.87
12.87
12.76
12.78
12.88
12.76
12.9
12.77
12.81
12.8
12.78
12.8
12.8
12.8
12.82
12.88
12.88
12.86
12.88
12.75
12.78
12.72
12.62
12.66
12.6
12.66
12.61
12.64
12.69
12.65
12.67
12.74
12.65
12.65
12.68
12.61
12.66
12.6
12.58
12.6
12.57
12.47
12.53
12.71
12.78
12.72
12.73
12.68
12.74
12.59
12.65
12.6
12.45
12.4
12.4
12.33
12.3
12.27
12.22
12.3
12.19
12.19
12.08
12.18
12.16
12.17
12.09
12.1
12.07
12.13
12.14
12.19
12.19
12.19
12.18
12.14
12.0
11.99
11.98
11.73
11.7
11.77
11.7
11.7
11.68
11.67
11.76
11.8
11.9
11.64
11.66
11.77
11.79
11.75
11.79
11.79
11.81
11.83
11.84
11.72
11.83
11.79
11.83
11.83
11.8
11.8
11.82
11.84
12.27
12.17
12.16
12.05
12.12
12.15
12.11
12.16
12.03
12.06
12.17
12.12
12.05
12.1
12.04
12.13
12.07
12.0
12.06
12.02
11.96
11.88
11.81
11.91
11.9
11.86
11.91
11.84
11.84
11.84
11.85
11.86
11.84
11.82
11.75
11.79
12.05
11.97
11.94
11.9
11.94
12.1
12.15
12.0
11.99
12.0
11.89
11.85
11.91
11.9
11.98
12.02
11.99
12.02
12.0
12.07
12.09
12.37
12.26
12.12
12.03
12.01
12.23
12.2
12.2
12.21
12.14
12.18
12.28
12.36
12.36
12.3
12.4
12.4
12.82
12.45
12.6
12.58
12.55
12.59
12.58
12.5
12.63
12.55
12.51
12.51
12.5
12.54
12.56
12.51
12.37
12.44
12.47
12.55
12.48
12.42
12.43
12.43
12.18
12.27
12.33
12.23
12.33
12.2
12.22
12.16
12.25
12.35
12.25
12.37
12.2
12.24
12.16
12.21
12.25
12.32
12.2
12.13
12.21
12.18
12.3
11.94
12.06
12.18
12.18
12.14
12.1
12.11
12.06
12.2
12.16
12.18
12.18
12.16
12.19
12.09
12.13
12.0
12.0
12.05
12.07
12.04
12.09
12.04
12.1
12.08
11.9
11.99
12.03
11.91
11.96
12.02
11.99
11.97
12.03
11.99
12.14
12.08
12.12
12.06
12.13
12.13
12.12
12.08
12.14
12.09
12.07
12.14
12.21
12.2
12.18
12.15
12.15
12.1
12.12
12.13
12.11
12.08
12.07
11.99
11.99
11.98
12.04
12.0
11.97
12.0
12.07
12.09
12.08
12.09
12.09
12.08
12.1
12.01
12.0
12.01
12.01
12.01
12.03
12.04
12.04
12.0
12.04
12.03
12.03
12.02
12.01
12.01
12.05
12.01
12.04
12.07
11.98
11.97
11.89
11.92
11.92
11.87
11.78
11.73
11.75
11.75
11.96
11.81
11.82
11.84
11.75
11.71
11.76
11.8
11.84
12.0
11.9
11.87
11.94
11.9
11.89
11.86
11.99
11.99
11.98
11.95
11.94
11.9
11.88
11.85
11.84
11.8
11.83
11.84
11.9
11.8
11.78
11.81
11.81
11.82
11.82
11.82
11.82
11.8
11.9
12.8
12.16
12.09
12.1
12.11
12.04
12.02
12.08
12.35
12.4
12.32
12.2
12.24
12.2
12.12
12.29
12.3
12.05
12.04
12.15
12.19
12.17
12.21
12.25
12.2
12.0
12.0
12.01
12.11
12.18
12.16
12.13
12.05
11.85
11.9
11.88
11.98
11.86
11.86
11.89
11.86
11.83
11.82
11.84
11.8
11.8
11.88
12.11
12.1
12.18
12.18
11.95
11.82
11.89
11.9
12.1
11.82
11.85
11.89
11.92
11.91
11.92
11.81
11.87
11.89
11.75
11.85
11.8
11.85
11.81
11.84
11.82
11.84
11.8
11.93
11.94
11.89
11.82
11.86
11.91
11.91
11.84
11.9
11.82
11.91
12.26
12.16
12.05
12.08
12.04
12.03
12.03
11.91
12.09
12.1
12.2
12.21
12.12
12.17
12.1
12.13
12.09
12.15
12.14
12.06
12.07
11.97
12.0
11.98
12.03
12.02
11.97
12.0
12.03
12.03
12.04
12.04
12.02
12.0
12.0
12.03
11.97
12.0
11.98
12.04
12.04
12.19
12.07
12.0
11.9
11.92
12.06
11.99
11.98
11.96
12.03
11.96
12.0
12.0
12.05
12.01
12.02
12.02
12.0
12.01
11.99
12.06
12.0
12.0
11.97
12.05
12.05
12.04
12.04
12.13
12.01
12.04
11.98
12.04
12.04
12.04
12.02
12.0
12.01
12.0
12.07
12.02
12.08
12.05
11.92
11.92
11.94
11.93
11.9
11.91
11.94
11.91
11.91
11.92
11.96
11.98
12.0
11.99
11.97
11.97
11.9
11.91
11.92
11.95
11.9
11.94
11.92
11.97
11.97
11.91
12.0
12.0
11.98
12.04
11.98
11.98
11.93
11.97
11.98
11.98
11.91
11.95
11.91
11.92
11.95
11.91
11.95
11.91
11.97
11.96
11.92
11.93
11.93
12.04
11.98
12.1
12.29
12.29
12.1
12.1
12.17
12.0
12.05
12.09
11.97
12.04
12.0
12.2
12.08
12.05
12.0
12.0
12.05
12.03
11.95
12.02
12.0
12.0
12.01
12.04
12.1
12.03
12.05
12.01
12.0
12.08
12.08
11.93
11.98
11.95
11.89
11.9
11.97
11.91
11.95
12.0
12.0
12.04
12.0
12.0
12.0
12.0
12.04
12.03
12.2
12.16
12.17
12.12
12.03
12.06
12.13
11.99
12.38
12.17
12.15
12.06
12.07
12.11
12.06
12.06
12.04
12.04
12.11
12.03
12.01
12.07
12.0
11.98
11.98
11.91
11.84
12.02
11.88
11.9
11.93
11.98
12.01
12.0
12.06
12.02
12.04
12.03
12.03
11.99
11.98
11.97
11.95
12.0
11.98
11.97
11.94
11.95
11.91
11.93
11.93
11.99
11.97
11.97
11.95
11.99
11.9
11.9
11.91
11.91
11.91
11.89
11.88
11.95
11.9
12.04
12.0
11.93
12.1
12.02
11.96
12.0
11.95
11.95
11.94
11.93
11.93
11.93
11.93
11.93
11.93
11.88
11.9
11.9
11.9
11.97
11.93
11.98
11.93
11.93
11.91
11.93
11.91
11.97
11.93
11.97
11.95
11.95
11.97
11.85
11.82
11.84
11.9
11.86
11.84
11.82
11.83
11.82
11.83
11.79
11.79
11.83
11.92
11.87
11.86
11.87
11.81
11.77
11.7
11.7
11.77
11.71
11.74
11.67
11.7
11.73
11.71
11.73
11.73
11.76
11.76
11.67
11.71
11.77
11.71
11.7
11.68
11.63
11.74
11.74
11.71
11.69
11.7
11.68
11.55
11.58
11.49
11.31
11.42
11.48
11.46
11.46
11.53
11.46
11.44
11.53
11.3
11.45
11.4
11.36
11.4
11.36
11.35
11.3
11.43
11.42
11.46
11.4
11.41
11.44
11.38
11.38
11.34
11.32
11.33
11.4
11.3
11.27
11.27
11.21
11.26
11.26
11.27
11.3
11.32
11.39
11.36
11.34
11.34
11.23
11.32
11.3
11.31
11.32
11.33
11.33
11.32
11.33
11.32
11.34
11.32
11.2
11.2
11.2
11.24
11.2
11.25
11.25
11.25
11.22
11.25
11.24
11.23
11.7
11.56
11.7
11.69
11.76
11.67
11.73
11.66
11.8
11.58
11.72
11.65
11.61
11.63
11.69
11.69
11.66
11.66
11.76
11.59
11.56
11.55
11.56
11.55
11.54
11.58
11.57
11.6
11.5
11.54
11.48
11.51
11.5
11.36
11.44
11.5
11.45
11.47
11.41
11.32
11.34
11.36
11.28
11.28
11.24
11.21
11.28
11.45
11.4
11.49
11.48
11.44
11.38
11.37
11.34
11.38
11.26
11.2
11.21
11.2
11.19
11.18
11.18
11.21
11.26
11.26
11.27
11.22
11.24
11.16
11.19
11.25
11.25
11.12
11.18
11.17
11.22
11.13
11.21
11.2
11.28
11.39
11.5
11.5
11.37
11.3
11.35
11.25
11.24
11.42
11.33
11.4
11.4
11.38
11.28
11.25
11.3
11.26
11.35
11.28
11.21
11.25
11.31
11.31
11.26
11.31
11.27
11.28
11.32
11.3
11.41
11.45
11.26
11.25
11.32
11.31
11.3
11.27
11.28
11.29
11.32
11.13
11.2
11.17
11.21
11.18
11.27
11.31
11.26
11.26
11.34
11.25
11.3
11.24
11.24
11.28
11.26
11.25
11.21
11.34
11.19
11.29
11.22
11.24
11.21
11.23
11.25
11.17
11.17
11.18
11.19
11.18
11.18
11.19
11.15
11.12
11.11
11.12
11.2
11.11
11.06
11.1
11.09
11.05
11.05
11.03
11.04
10.95
11.0
10.93
10.91
10.91
10.98
10.92
10.92
11.0
10.97
10.92
10.98
10.91
10.95
11.06
10.99
11.09
10.91
10.9
11.03
10.95
10.93
10.94
10.94
10.94
10.94
10.91
10.86
10.94
10.92
10.97
10.95
10.89
10.91
10.91
10.89
10.9
10.94
10.97
10.93
10.91
10.94
10.92
10.91
10.88
10.83
10.81
10.77
10.76
10.69
10.68
10.67
10.72
10.67
10.7
10.73
10.73
10.7
10.76
10.71
10.72
10.72
10.7
10.67
10.7
10.8
10.69
10.7
10.7
10.73
10.74
10.73
10.74
10.73
10.75
10.76
10.65
10.72
10.75
10.74
10.75
10.74
10.75
10.7
10.9
10.79
10.78
10.73
10.84
10.78
10.77
10.71
10.73
10.71
10.9
10.89
10.76
10.76
10.81
10.8
10.81
10.81
10.8
10.83
10.85
10.97
10.81
10.84
10.81
10.78
10.83
10.77
10.72
10.79
10.74
10.7
10.71
10.73
10.73
10.69
10.7
10.72
10.67
10.69
10.64
10.56
10.55
10.47
10.55
10.49
10.46
10.6
10.45
10.45
10.47
10.44
10.45
10.45
10.48
10.55
10.42
10.3
10.29
10.35
10.31
10.33
10.35
10.35
10.37
10.43
10.42
10.41
10.4
10.38
10.36
10.41
10.39
10.33
10.58
10.64
10.7
10.71
10.76
10.79
10.71
10.71
10.7
10.8
10.82
10.82
10.82
10.84
10.83
10.87
10.84
10.82
10.8
10.82
10.84
10.75
10.7
10.72
10.76
10.81
10.83
10.91
11.02
11.11
11.07
11.62
11.18
11.14
10.98
11.01
11.15
11.26
11.17
10.95
10.93
11.0
10.98
10.93
10.94
10.98
10.96
10.93
10.87
10.85
10.85
10.86
10.8
10.8
10.79
10.78
10.69
10.75
10.8
10.78
10.77
10.85
10.84
10.84
10.84
10.73
10.78
10.78
10.79
10.86
10.83
10.87
10.83
10.87
10.98
10.91
10.89
10.92
10.97
10.99
10.98
10.87
10.88
10.86
10.89
10.85
10.88
10.87
10.86
10.85
10.83
10.81
10.83
10.87
10.83
10.85
10.86
10.86
10.83
10.88
10.89
10.88
10.9
10.88
10.82
10.8
10.86
10.84
10.87
10.83
10.8
10.8
10.84
10.89
10.87
10.83
10.84
10.85
10.95
10.93
11.04
10.9
11.16
11.01
11.04
11.18
11.21
11.15
11.21
11.12
11.06
11.13
11.13
11.14
11.12
11.11
11.12
11.12
11.12
11.15
11.24
11.05
10.97
10.93
10.93
10.99
10.98
11.03
11.09
11.03
10.99
11.05
11.15
10.95
10.9
10.91
10.95
10.82
10.88
10.83
10.93
10.99
11.0
11.07
11.43
11.27
11.28
11.23
11.34
11.18
11.08
11.05
11.08
11.05
10.99
10.98
10.97
10.99
10.99
11.03
11.02
10.98
10.95
10.9
10.9
10.89
10.97
10.97
11.0
11.0
10.96
10.99
10.99
11.0
11.01
11.05
11.04
10.94
10.95
10.91
10.92
10.95
10.95
10.91
10.94
10.94
10.98
11.0
10.99
10.99
11.03
11.03
11.04
11.04
11.04
11.15
11.07
11.0
11.04
11.01
11.03
10.98
11.0
10.95
10.88
10.88
10.97
10.91
10.92
10.93
10.9
10.91
10.96
10.96
10.99
10.91
10.94
10.96
11.0
10.97
10.99
11.04
11.02
11.15
11.02
10.99
11.02
11.01
11.07
11.01
10.94
10.82
10.94
10.91
10.92
10.84
10.9
10.85
10.93
10.89
10.87
10.9
10.96
11.0
11.0
10.99
10.97
10.96
10.99
10.91
11.0
11.0
10.9
10.92
10.95
10.95
10.92
10.99
10.99
10.93
10.92
10.87
10.9
10.94
10.94
10.96
10.94
10.97
11.02
11.04
10.94
10.94
10.9
10.93
11.03
10.97
11.04
10.95
11.15
11.02
11.01
11.02
11.01
11.03
11.05
11.05
11.14
11.14
10.98
11.13
11.13
11.04
10.91
10.98
11.0
10.9
10.96
10.97
10.94
10.92
10.99
10.95
11.03
11.03
11.02
11.06
11.01
11.0
11.1
11.1
11.14
11.08
11.08
11.0
11.02
10.91
10.99
11.0
11.0
11.04
11.03
11.02
11.0
11.05
11.02
11.24
11.1
11.05
11.11
11.11
11.14
11.14
11.08
11.0
10.99
11.18
11.16
11.18
11.58
11.5
11.37
11.39
11.66
11.53
11.78
11.67
11.79
11.72
11.64
11.63
11.69
11.53
11.25
11.33
11.21
11.47
11.52
11.72
11.49
11.53
11.69
11.61
11.51
11.87
11.85
13.02
13.18
13.13
13.24
13.35
13.65
14.0
13.9
15.46
14.5
15.06
15.16
15.11
14.74
14.62
14.56
14.62
14.62
14.74
14.7
14.65
13.93
14.37
14.43
14.49
14.31
14.46
14.57
14.54
14.32
14.24
14.24
14.32
14.64
14.59
14.59
14.48
14.45
14.39
14.63
14.72
15.15
15.2
15.6
15.21
15.33
15.57
15.57
15.8
20.41
21.79
21.79
21.79
21.79
21.79
21.79
21.79
23.97
28.67
28.28
26.91
26.11
25.58
26.12
26.28
26.0
27.0
27.19
24.6
24.2
24.02
23.42
22.94
23.28
22.9
23.36
23.15
22.68
20.7
21.25
20.8
20.45
19.92
19.76
19.92
19.54
20.14
20.1
21.51
21.08
21.23
21.1
21.19
20.89
20.34
20.28
20.34
20.5
20.46
20.97
20.4
20.31
20.08
20.18
20.08
19.99
20.08
20.09
19.48
19.34
19.4
19.27
19.04
18.88
19.06
19.03
19.05
19.04
18.35
18.18
18.43
18.37
18.3
18.23
18.3
18.25
18.24
18.3
17.52
17.5
17.3
18.6
19.25
19.12
19.85
20.27
19.6
19.72
19.17
19.2
19.2
19.21
19.36
19.32
19.64
19.27
19.27
19.27
19.37
19.41
19.38
19.35
19.35
19.38
19.28
19.26
19.06
19.26
19.42
19.26
19.33
19.26
18.7
18.8
18.72
18.92
18.92
18.85
18.85
18.89
18.7
18.89
18.9
19.04
19.08
19.1
18.93
19.15
18.99
18.83
18.73
18.8
18.7
18.64
18.75
18.92
18.85
18.75
18.63
18.68
18.64
18.75
18.67
18.54
18.5
18.49
18.43
18.23
18.21
18.26
18.19
18.24
18.34
18.69
18.17
18.16
18.2
18.1
18.0
18.02
18.1
18.04
17.9
18.0
17.97
17.94
18.02
21.1
22.17
21.3
20.67
21.25
21.42
21.51
21.93
21.75
21.06
21.07
20.85
20.75
20.32
20.28
20.55
21.27
21.13
20.97
21.07
21.03
21.07
21.14
21.03
20.97
20.97
20.81
20.51
20.68
20.56
20.53
20.57
20.67
20.66
20.6
21.04
21.77
21.7
21.68
21.63
21.56
21.72
21.72
21.91
21.46
21.68
21.17
20.74
20.9
20.85
20.93
20.93
20.81
20.99
21.01
21.08
20.86
20.85
20.86
20.8
20.77
20.83
20.79
20.82
21.04
20.81
20.87
20.89
20.8
20.82
20.86
20.83
20.81
20.8
20.71
20.69
20.72
20.76
20.66
20.74
20.76
20.68
20.51
20.68
20.67
20.43
20.4
20.44
20.38
20.5
20.56
20.54
20.49
20.41
20.59
20.69
20.45
21.1
22.0
20.93
21.0
20.71
20.56
20.74
20.12
20.07
20.21
20.15
20.31
20.55
20.59
20.36
20.5
20.24
20.35
20.54
20.37
20.33
20.42
20.51
20.49
20.53
20.4
20.45
20.45
20.56
20.58
20.48
20.44
20.49
20.3
20.43
20.28
20.14
20.12
20.13
20.19
20.06
20.09
20.15
20.11
19.8
20.07
20.05
20.02
19.87
19.88
19.88
20.0
19.95
20.05
19.72
19.8
19.86
19.69
19.7
20.0
19.84
19.51
19.47
19.65
19.85
19.74
19.85
19.8
19.8
19.8
19.83
19.78
19.84
19.9
19.89
19.84
19.91
19.86
19.9
19.86
19.92
19.81
19.95
19.85
19.91
19.88
19.9
19.84
19.86
19.77
19.67
19.67
19.97
19.79
19.7
19.61
19.84
19.74
19.65
19.66
19.8
19.8
19.65
19.63
19.59
19.47
19.37
19.35
19.37
19.37
19.3
19.7
19.52
19.34
19.44
19.38
19.45
19.42
19.44
19.43
19.42
19.21
19.28
19.46
19.49
19.69
19.68
19.74
19.61
19.4
19.51
19.54
19.63
19.61
19.62
19.6
19.61
19.6
19.63
19.6
19.63
19.61
19.44
19.49
19.47
19.21
19.38
19.47
19.0
19.15
19.24
19.63
19.21
19.2
19.54
19.95
20.4
20.38
20.18
20.12
20.24
20.68
20.37
20.12
20.24
20.19
20.22
19.74
19.86
19.88
19.99
19.88
19.68
19.66
19.57
19.78
19.78
19.92
20.02
20.0
20.04
20.06
19.9
19.86
19.84
19.55
19.71
19.78
19.7
19.81
19.75
19.7
19.69
19.66
19.67
19.67
19.67
19.63
19.67
19.63
19.63
19.57
19.4
19.49
19.7
19.64
19.58
19.52
19.55
19.5
19.48
19.43
19.38
19.44
19.39
19.35
19.37
19.34
19.51
19.38
19.36
19.39
19.37
19.4
19.34
19.34
19.37
19.39
19.5
19.5
19.58
19.54
19.46
19.37
19.4
19.35
19.4
19.4
19.46
19.49
19.3
19.24
19.33
19.4
19.38
19.39
19.43
19.43
19.49
19.61
19.55
19.5
19.47
19.44
19.48
19.51
19.56
19.49
19.47
19.49
19.49
19.42
19.53
19.61
19.63
19.64
19.58
19.68
19.69
19.75
19.56
19.59
19.56
19.52
19.49
19.57
19.64
19.74
19.88
19.85
19.97
19.7
19.56
19.63
19.73
19.75
19.69
19.79
19.74
19.72
19.74
19.65
19.6
19.56
19.55
19.65
19.58
19.56
19.55
19.51
19.64
19.57
19.7
19.6
19.56
19.56
19.63
19.6
19.53
19.46
19.51
19.5
19.63
19.56
19.51
19.51
19.5
19.61
19.51
19.42
19.5
19.56
19.35
20.12
20.6
20.21
20.57
20.54
21.19
21.34
22.8
23.12
21.54
23.4
23.68
23.57
23.35
23.69
22.69
22.58
21.61
22.9
22.16
21.88
21.98
21.92
21.95
21.87
21.72
21.81
21.81
21.62
21.36
21.23
21.32
21.3
21.42
21.43
21.34
21.33
21.47
21.42
21.4
21.42
21.53
21.5
21.45
21.38
21.38
21.5
21.29
21.39
21.38
21.57
21.56
21.99
21.71
21.73
22.0
22.0
22.56
22.51
22.48
22.1
22.24
22.18
22.05
22.19
22.56
22.58
22.67
22.65
22.65
22.6
22.36
22.6
22.52
22.4
22.16
22.21
21.91
21.59
22.0
21.74
21.26
21.32
21.4
21.39
21.27
20.27
20.39
21.13
21.26
22.33
21.89
21.89
21.9
21.93
22.04
22.34
22.29
22.29
22.31
22.58
24.45
23.75
24.28
24.26
24.5
26.6
25.83
25.83
26.12
24.78
25.3
23.94
30.98
33.94
37.33
44.12
44.03
43.52
39.55
41.6
39.31
41.13
42.85
43.28
43.15
37.3
37.07
37.15
36.77
36.1
35.61
36.3
36.44
35.0
35.0
37.12
35.75
35.96
36.19
35.79
35.57
35.32
34.67
34.45
34.95
33.0
32.46
33.25
32.65
32.17
32.58
32.47
31.85
31.44
31.95
29.91
30.49
30.09
30.74
30.16
30.1
30.2
30.63
31.95
31.19
30.9
30.77
31.47
32.62
32.44
32.45
32.89
32.45
31.05
31.25
31.91
31.28
31.81
31.8
31.78
31.7
31.77
31.74
31.89
31.89
31.77
33.41
34.36
34.06
34.75
35.14
35.53
34.56
34.2
34.55
37.6
40.12
39.7
38.19
38.81
37.47
38.38
38.72
38.9
39.3
36.97
37.79
37.71
38.37
37.91
37.44
37.11
36.97
37.03
37.39
35.69
35.65
35.25
35.6
35.89
35.54
35.24
35.5
35.27
35.5
37.77
37.4
37.37
37.36
37.13
36.82
36.31
37.34
36.8
37.5
37.21
36.75
36.55
36.64
36.55
36.45
35.75
36.3
36.56
36.6
35.34
35.43
35.95
35.91
35.78
35.78
35.33
35.31
35.4
35.6
35.43
35.54
35.28
35.35
34.55
35.11
34.71
34.9
34.36
34.01
34.0
34.08
34.59
34.38
34.28
34.01
34.21
34.59
34.85
35.18
34.92
35.14
34.3
34.55
34.5
34.65
34.85
34.85
34.71
34.65
34.07
34.09
34.33
34.11
33.99
34.12
33.47
33.47
34.28
33.99
33.9
33.93
34.07
33.81
33.45
33.37
34.0
33.79
34.0
33.8
33.48
33.43
33.33
33.12
33.41
33.33
33.34
33.41
33.16
32.85
32.28
32.55
32.6
32.42
32.33
32.35
32.38
35.69
36.64
35.88
34.9
35.0
35.69
35.75
35.9
35.94
36.21
34.79
34.74
34.33
34.37
34.45
34.51
33.93
33.92
33.9
33.9
34.28
34.18
34.4
34.32
34.34
34.26
34.3
34.34
34.35
34.98
34.42
34.49
34.34
34.2
34.23
34.24
34.3
34.3
34.07
34.59
33.88
33.6
33.41
33.83
33.69
33.71
33.5
33.36
33.6
33.79
33.68
33.51
33.35
33.49
33.5
33.36
33.46
33.24
33.05
33.05
33.1
32.95
32.89
32.79
32.92
32.94
33.45
33.0
33.09
34.14
33.43
33.12
33.0
32.87
32.9
33.01
32.43
32.38
32.01
32.0
31.75
31.6
31.92
31.7
32.2
31.77
31.94
31.75
32.06
32.5
31.91
31.89
32.21
31.95
31.85
31.88
31.96
31.96
32.19
32.01
32.0
31.97
31.97
31.99
31.9
31.95
31.88
31.43
31.6
31.67
31.74
31.72
31.45
31.52
31.47
31.38
31.79
31.72
31.36
31.36
31.33
31.46
31.31
31.3
31.4
31.25
31.68
31.8
32.34
31.85
31.97
32.1
31.93
32.14
32.19
32.08
32.18
32.49
32.96
32.89
32.9
32.79
32.64
32.45
32.29
32.05
32.24
32.24
32.25
32.42
32.56
32.26
32.34
32.08
32.28
32.3
32.21
32.2
32.32
32.09
32.12
32.1
32.22
31.99
32.12
31.97
31.87
31.84
31.82
31.75
31.67
31.9
31.82
31.86
31.94
31.94
31.9
31.7
31.81
31.83
31.9
31.81
31.83
31.83
31.84
31.7
31.75
31.71
31.85
31.46
31.67
31.76
31.46
31.4
31.49
31.58
31.42
31.59
31.7
31.46
31.45
31.2
31.32
31.23
31.17
31.09
31.06
31.2
31.16
31.12
31.04
31.11
31.29
31.2
31.03
31.0
30.78
30.43
30.78
30.52
30.96
30.96
30.93
30.84
30.74
30.84
30.65
30.85
30.72
30.53
30.38
30.42
30.65
30.65
30.5
33.03
32.12
32.74
32.47
32.65
32.99
32.34
32.3
31.8
32.51
32.48
32.49
32.24
32.07
32.05
32.2
32.2
32.05
31.7
31.65
31.7
31.69
31.45
31.19
31.13
31.11
31.4
31.4
31.66
31.66
31.59
31.64
31.57
31.58
31.46
31.64
32.27
32.34
32.29
32.73
32.33
32.22
32.22
32.22
32.14
32.13
32.01
32.06
32.65
32.83
33.32
32.81
33.35
32.92
32.82
32.99
33.01
32.81
32.58
32.88
32.75
32.56
32.4
32.49
32.25
32.25
32.63
32.79
32.75
32.78
32.76
32.73
32.99
32.95
32.78
32.79
33.07
32.8
32.74
32.79
32.73
32.65
32.55
32.65
32.71
32.83
32.86
32.74
32.84
32.85
32.84
32.78
32.79
32.83
32.8
32.6
32.55
32.38
32.38
32.35
32.3
32.31
32.29
32.45
32.19
31.88
32.03
32.0
32.0
31.81
31.68
31.69
31.91
31.85
32.0
31.6
31.38
31.33
31.33
31.33
31.22
31.22
31.13
30.72
31.19
31.06
31.11
31.18
31.45
30.99
31.05
30.83
32.0
33.8
32.59
32.5
32.23
32.43
32.96
32.5
32.29
32.21
32.86
32.0
32.07
32.09
31.55
31.6
31.74
31.69
31.86
31.93
31.5
31.52
31.14
31.31
31.28
31.46
31.67
31.45
31.42
31.3
31.3
31.2
31.6
32.1
31.87
31.77
31.57
31.63
31.32
31.35
31.83
31.61
31.59
31.26
31.4
31.22
31.26
31.35
31.2
31.34
31.39
31.49
31.32
31.36
31.37
31.31
31.35
31.35
31.2
31.2
31.5
31.73
31.62
31.81
31.77
31.72
31.32
31.58
30.99
31.0
31.32
31.34
31.4
31.45
31.29
31.15
31.23
31.24
31.1
31.1
31.18
31.23
31.23
31.04
31.2
31.19
30.88
30.81
31.36
31.25
31.21
31.21
31.02
31.11
31.07
35.49
36.67
39.01
40.03
36.17
36.36
36.52
35.73
35.51
35.06
34.31
36.24
34.62
35.52
34.29
34.37
35.35
36.74
36.47
36.28
36.08
36.25
35.66
35.45
35.94
35.8
35.37
35.09
35.46
35.89
36.18
35.86
35.5
35.8
36.05
36.14
36.34
36.99
32.72
33.4
32.89
32.98
32.73
33.38
34.8
34.45
34.92
35.04
35.0
34.4
34.2
34.17
34.4
34.4
34.19
34.0
33.87
33.38
33.49
33.53
33.26
33.3
33.72
33.25
33.2
33.19
33.25
33.23
33.27
33.59
33.3
33.31
33.31
33.33
33.28
33.07
33.34
33.13
33.22
33.12
33.09
33.02
33.04
33.08
32.74
32.7
32.74
32.71
32.92
32.78
33.0
32.99
32.89
32.89
33.26
33.26
33.09
32.92
32.91
32.87
32.85
32.85
33.07
33.05
32.89
32.65
32.75
32.73
32.65
32.56
32.67
32.67
32.52
32.48
32.54
32.57
32.54
32.6
32.56
32.41
32.5
32.6
32.22
32.09
32.45
31.3
31.63
31.58
31.47
31.75
31.64
32.0
31.87
31.46
31.61
31.5
31.52
31.59
31.41
31.45
31.36
31.36
31.77
31.8
31.55
31.54
31.63
31.8
31.59
31.63
31.59
31.61
31.63
31.6
31.69
31.94
31.73
31.68
31.65
31.58
32.41
32.36
32.3
32.28
32.21
32.24
32.05
32.19
32.19
32.33
32.2
32.13
32.07
32.07
32.04
32.25
32.0
32.0
31.97
32.46
32.21
32.19
32.1
32.12
32.08
32.32
32.01
32.17
32.67
32.52
32.68
32.68
32.94
32.9
32.86
32.7
32.8
33.03
32.43
32.42
32.5
32.6
32.42
32.43
32.42
32.45
32.4
32.83
32.37
33.14
32.92
32.86
32.97
32.76
33.03
33.16
33.12
33.4
33.47
33.43
33.49
33.35
33.4
33.33
33.27
33.48
33.37
33.55
33.5
33.37
33.37
33.35
33.37
33.43
33.27
33.33
33.35
33.4
33.55
33.53
33.5
33.35
33.49
33.39
32.96
31.99
31.49
31.79
31.58
31.3
31.6
31.83
32.0
31.91
31.92
31.95
31.96
32.24
31.89
31.92
32.24
32.22
32.59
32.32
32.27
32.3
32.49
32.02
32.03
32.77
32.56
32.52
32.5
32.8
32.52
32.63
32.64
32.7
32.82
32.71
32.78
32.8
32.69
32.76
33.01
34.31
34.31
34.0
33.66
33.99
33.66
33.71
33.53
33.64
34.01
34.0
34.35
33.5
33.4
33.65
33.42
33.12
33.07
32.93
32.86
33.06
33.1
32.83
32.71
32.53
32.43
32.57
32.5
32.29
32.59
32.3
32.51
33.25
32.79
32.84
32.79
32.53
32.48
32.59
32.79
32.43
32.5
32.58
32.85
32.8
32.87
32.95
32.84
32.95
32.93
32.88
32.9
32.69
32.5
32.24
32.11
32.01
31.96
31.92
32.0
32.09
32.09
32.23
32.44
32.39
32.28
31.83
31.94
31.95
31.89
31.81
31.83
32.07
32.0
31.9
31.94
31.99
31.76
31.85
31.91
32.0
31.83
31.89
31.82
31.8
31.82
31.76
31.87
31.89
32.48
32.51
32.03
32.24
32.45
32.16
33.94
33.44
33.0
32.92
32.97
33.5
33.52
33.19
32.69
32.59
32.8
32.78
32.7
32.88
32.73
33.16
32.51
32.39
32.41
32.31
32.39
32.26
32.5
32.49
32.42
32.51
32.35
32.19
32.1
32.1
31.85
31.9
31.94
31.85
32.2
32.19
31.81
31.82
31.9
31.8
31.78
31.84
31.87
31.87
31.84
31.74
31.98
31.83
31.97
31.98
31.91
31.83
31.68
31.7
32.19
31.78
31.97
32.22
32.85
33.0
32.64
32.28
31.9
31.71
31.96
31.46
31.49
31.56
31.68
31.52
30.98
31.26
31.24
31.25
31.26
31.28
30.98
30.98
30.9
31.24
31.01
30.48
30.1
30.26
30.69
31.06
30.99
30.99
30.98
30.7
30.87
30.69
30.8
30.91
30.89
30.93
30.89
30.9
30.92
30.81
30.86
30.82
30.8
31.0
30.83
30.74
30.5
30.49
30.46
30.42
30.47
30.5
30.49
30.49
30.38
30.34
30.42
30.36
30.45
30.43
30.36
30.36
30.4
30.41
30.43
30.49
30.4
30.37
30.33
30.32
30.36
30.28
30.27
30.28
30.27
30.1
30.35
30.29
30.31
30.37
30.6
30.33
30.39
30.3
30.19
30.24
30.37
30.23
30.23
30.23
30.22
30.64
30.28
30.35
30.38
30.42
30.38
30.44
30.4
30.27
30.3
30.28
30.35
30.3
30.28
30.25
30.25
30.26
30.28
30.28
30.26
30.19
30.18
30.2
30.14
30.12
30.15
30.15
30.15
30.3
30.27
30.34
30.38
30.43
30.52
30.36
30.3
30.01
30.03
30.24
30.18
30.5
30.4
30.25
30.26
30.09
30.33
30.19
30.21
30.4
30.39
30.26
30.23
30.33
30.33
30.24
30.17
30.2
30.22
30.26
30.37
30.34
30.28
30.27
30.19
30.26
30.22
30.29
30.19
30.0
29.77
29.95
30.06
29.85
29.93
29.99
30.01
29.85
29.83
29.74
29.62
29.81
29.29
29.39
29.45
29.27
29.13
29.09
29.08
28.86
28.86
28.7
28.42
28.31
28.33
28.42
28.5
28.71
28.79
28.71
28.5
28.58
28.47
28.5
28.59
29.5
30.2
30.2
29.41
29.3
29.37
29.43
29.85
29.7
29.73
29.5
29.47
29.42
29.03
29.1
28.99
29.12
29.19
29.19
29.59
29.58
29.42
29.35
29.32
28.98
29.01
28.94
29.06
29.07
29.22
29.35
29.17
29.01
29.02
29.11
29.18
28.97
29.02
28.94
28.86
28.85
28.72
28.49
28.51
28.29
28.38
28.51
28.29
27.8
27.87
27.67
27.6
27.7
27.75
27.89
27.0
27.19
26.34
26.08
26.46
26.48
26.49
26.44
26.41
26.5
26.49
26.45
26.32
26.39
26.2
26.05
26.1
26.17
26.11
26.05
26.12
26.24
27.4
29.0
28.79
27.76
27.75
27.58
27.53
27.64
27.88
27.9
27.39
27.25
27.25
27.22
27.31
27.07
26.92
26.72
26.98
26.98
26.21
26.4
26.36
26.04
26.06
26.28
26.15
26.15
26.13
26.1
26.15
26.22
26.4
26.25
26.31
26.31
25.68
24.59
24.61
25.17
25.16
24.95
24.51
24.69
24.62
24.51
24.45
24.4
24.15
23.5
23.2
23.22
23.47
23.39
23.27
23.23
23.42
23.42
23.9
23.79
23.83
23.86
23.94
24.16
24.56
24.13
24.32
24.77
24.66
24.6
24.8
24.75
24.78
24.74
24.68
24.8
24.92
25.06
25.6
25.46
25.43
25.58
25.59
25.54
25.4
24.43
23.98
23.9
24.13
24.34
24.21
24.39
24.32
24.2
24.2
23.94
23.75
23.84
24.11
24.14
24.12
24.16
24.19
23.93
23.45
23.78
23.74
23.68
23.58
23.54
23.51
23.46
23.56
23.6
23.78
23.98
23.89
23.98
24.04
24.14
24.2
23.94
23.8
23.99
23.93
24.36
24.08
24.11
23.86
23.95
24.02
23.99
25.82
25.84
25.37
24.79
24.87
24.89
24.92
24.41
24.33
24.48
25.54
25.3
25.0
24.49
24.49
24.38
24.45
24.44
24.61
24.84
24.48
24.39
24.26
24.4
24.51
24.25
24.28
24.31
24.4
24.6
24.67
24.82
24.96
24.65
24.67
24.63
24.44
24.44
24.32
24.34
24.13
23.92
24.16
24.42
24.27
24.0
24.37
24.22
24.16
24.04
23.87
24.18
24.1
24.19
24.18
24.21
24.0
24.12
24.12
24.1
23.86
23.93
23.85
23.83
23.87
23.57
23.35
23.21
23.33
22.8
22.72
23.0
22.86
22.75
22.56
22.6
22.46
22.55
22.42
22.57
23.17
23.03
22.93
23.05
23.18
23.01
22.99
23.4
23.45
23.5
23.6
23.45
23.49
23.47
23.43
23.42
23.5
23.4
23.31
23.36
23.31
23.3
23.28
23.34
23.34
23.3
23.2
22.98
22.81
22.8
22.75
22.8
22.73
22.78
22.86
22.8
22.8
23.44
23.11
23.21
23.1
23.0
23.07
23.09
23.05
23.15
22.73
23.13
23.15
23.14
23.09
23.1
23.22
23.27
23.25
23.32
23.85
23.24
23.81
23.45
23.27
23.27
23.23
22.98
23.4
23.8
23.57
23.61
23.34
23.62
23.6
23.69
23.66
23.67
23.44
23.61
23.53
23.34
23.52
23.28
23.44
23.32
23.41
23.44
23.59
23.36
23.6
23.91
23.79
23.5
23.44
23.4
23.62
23.23
23.82
23.89
23.79
24.01
28.0
25.9
24.89
24.66
24.78
24.89
25.59
25.7
26.59
26.01
26.19
25.81
25.87
25.86
26.1
26.7
26.69
26.66
26.63
26.44
26.36
26.29
26.36
26.36
26.35
26.22
26.27
26.33
26.4
26.33
26.32
26.35
26.34
26.36
26.14
26.2
26.49
26.4
26.13
26.0
26.09
25.88
26.0
26.0
25.81
25.49
25.71
25.55
25.4
25.41
25.35
25.4
25.21
25.25
25.75
25.76
25.65
25.67
25.55
25.52
25.41
25.24
25.44
24.69
24.86
25.05
24.97
25.02
25.28
25.26
25.21
25.11
25.15
25.02
25.16
25.23
25.25
25.24
25.27
25.25
25.31
25.31
25.11
25.24
25.24
25.17
24.98
24.98
25.03
24.82
24.7
24.8
24.78
23.96
23.44
23.4
23.5
23.05
23.63
23.41
23.39
23.64
23.28
23.28
23.11
22.87
22.97
23.3
23.32
23.12
23.0
22.4
22.59
22.17
22.2
21.9
20.96
20.93
21.0
20.9
21.1
21.17
21.21
21.34
21.13
20.97
21.17
21.18
21.23
21.29
21.67
21.41
21.41
21.26
21.34
21.29
21.28
21.43
21.18
21.26
21.24
21.25
21.18
21.24
21.08
21.2
21.22
20.96
21.01
20.09
19.93
19.58
19.0
19.25
19.19
19.21
19.21
19.16
19.9
19.49
19.23
19.08
19.1
19.06
18.95
18.68
18.73
18.61
18.83
18.9
19.58
19.47
19.81
19.75
20.0
20.26
19.45
19.84
20.26
20.75
21.14
21.03
20.98
21.18
20.9
21.05
21.0
21.16
21.09
21.17
21.14
21.2
21.11
21.22
21.06
21.05
21.49
21.78
21.76
22.17
22.0
21.52
21.49
21.46
21.5
21.5
21.14
21.5
21.11
21.25
21.41
21.32
21.19
21.13
21.21
21.03
21.9
21.53
21.51
21.58
21.76
21.81
21.78
21.64
21.34
21.0
21.1
20.61
20.85
20.85
20.91
20.82
20.16
20.58
23.9
23.07
23.09
22.93
22.77
22.84
22.18
22.17
22.17
22.21
22.58
22.72
22.71
22.51
22.38
22.29
22.24
22.04
21.83
21.9
22.21
22.8
22.7
23.0
22.78
22.8
22.81
22.79
22.97
24.0
23.16
23.15
23.16
23.19
23.22
23.07
22.76
22.71
22.9
23.0
22.78
22.46
22.41
22.69
22.7
22.69
22.57
22.47
22.51
22.49
22.28
21.85
21.99
22.5
22.49
22.29
22.56
22.12
21.98
22.7
21.97
21.42
21.37
21.6
21.58
21.67
21.67
21.34
21.45
21.66
21.75
22.1
22.38
21.81
22.05
21.76
21.96
21.82
22.99
22.62
24.05
25.93
25.68
25.38
25.08
24.36
24.67
25.0
24.3
23.7
24.22
24.19
24.45
24.22
24.23
24.2
23.74
23.85
24.17
24.02
24.18
24.14
24.03
24.0
23.51
22.79
22.8
22.83
22.96
22.7
22.2
21.58
21.21
21.32
20.17
20.34
20.31
19.07
20.0
19.28
19.79
19.68
20.59
20.35
21.45
20.5
19.0
13.0
13.0
16.25
15.9
15.76
15.23
14.76
14.29
14.28
17.86
16.19
17.09
16.81
17.39
16.69
17.85
17.77
17.48
17.56
16.84
17.38
17.05
16.76
16.77
19.55
21.73
22.01
22.2
22.5
22.19
21.15
21.28
21.54
23.0
22.44
22.69
22.57
22.4
22.38
22.46
22.51
22.39
22.1
22.19
22.22
21.76
21.71
21.77
21.84
21.76
21.93
21.7
21.75
22.0
21.8
21.84
21.78
22.92
22.93
21.9
22.34
21.9
22.17
22.94
21.81
21.91
21.77
21.21
21.61
22.09
21.92
21.4
21.2
21.22
21.6
21.33
22.69
21.63
21.71
21.67
21.8
21.66
21.67
21.94
21.67
21.59
21.51
21.46
21.42
21.5
21.5
21.38
21.48
21.8
21.25
21.39
21.31
21.23
21.02
21.01
21.15
21.18
21.13
21.4
21.21
21.25
21.3
21.3
21.25
20.99
20.95
20.82
20.72
21.0
20.07
19.85
19.81
20.15
20.11
20.25
20.19
20.18
20.35
20.95
21.3
21.52
21.24
21.0
20.67
20.58
20.81
20.69
20.57
20.65
20.6
20.55
20.42
20.41
20.43
20.51
20.21
20.18
20.12
20.12
19.84
20.19
20.09
19.92
20.05
20.05
19.97
19.99
20.05
19.8
20.04
19.94
19.96
19.8
19.71
19.7
19.76
19.66
19.5
19.91
19.49
19.2
19.17
18.91
18.24
18.26
18.37
18.91
18.89
18.84
20.3
19.81
20.0
20.44
20.7
20.74
20.1
20.21
20.15
20.55
20.09
20.03
20.12
20.17
20.11
20.0
19.96
19.89
19.78
19.8
20.1
20.11
19.92
20.14
20.05
19.98
19.91
19.76
19.82
19.84
19.17
19.23
19.29
18.92
18.98
19.0
19.01
19.05
19.1
19.1
19.38
19.5
19.2
19.22
19.22
19.47
19.33
19.55
19.44
19.44
19.44
19.52
19.89
19.81
20.01
20.07
20.0
19.91
19.73
19.8
19.8
20.09
20.06
19.96
19.78
19.6
19.67
19.7
19.79
20.05
19.66
19.75
19.79
19.55
19.56
19.62
19.64
19.6
19.6
19.96
19.49
19.1
19.13
19.2
19.27
19.1
19.29
19.24
19.3
19.46
19.53
19.7
19.61
19.67
19.58
19.53
19.55
19.41
19.34
19.46
19.53
19.4
19.45
19.24
19.32
19.38
19.24
19.26
19.94
19.57
19.32
19.29
19.32
19.24
19.23
19.14
19.14
19.13
19.25
19.36
19.2
19.2
19.11
19.11
19.24
19.08
18.99
18.99
18.94
18.92
18.68
18.78
18.82
18.63
18.7
18.73
18.64
18.96
19.03
18.98
19.05
18.97
18.97
18.91
18.75
18.9
18.91
18.97
19.08
19.08
19.01
19.08
19.09
19.02
19.09
19.17
19.34
19.38
19.24
19.28
19.25
19.26
19.26
19.26
19.1
19.3
19.3
19.24
19.28
19.2
19.35
19.77
19.23
19.26
19.29
19.65
19.8
19.72
19.59
19.7
19.67
19.4
19.37
19.25
19.3
19.31
19.1
18.9
19.13
19.11
19.14
19.11
18.81
18.76
19.09
19.14
18.77
18.75
18.61
18.58
18.56
18.62
19.23
18.79
18.93
18.93
18.55
18.36
18.51
18.53
18.51
18.55
18.47
18.47
18.4
18.46
18.55
18.5
18.51
18.48
18.57
18.55
18.54
18.4
18.47
18.68
18.54
18.53
18.54
18.58
18.46
18.45
18.49
18.46
18.45
18.37
18.34
18.25
18.29
18.3
18.26
18.27
18.31
18.2
18.21
18.16
18.14
18.06
18.1
17.97
18.02
18.04
18.04
18.0
17.96
18.15
18.14
18.02
18.03
18.07
18.1
18.17
18.03
18.11
18.13
18.22
18.14
18.06
18.1
18.0
17.99
18.0
17.9
17.87
17.54
17.0
17.18
17.4
17.57
17.55
17.4
17.4
17.46
17.46
17.65
17.86
17.73
17.76
17.72
17.65
17.56
17.55
17.57
17.56
17.57
17.41
17.51
17.4
17.33
17.5
17.59
17.75
17.79
17.79
17.91
17.97
17.98
17.98
17.57
17.75
17.71
17.81
16.85
17.2
16.82
16.99
16.95
16.88
16.86
16.83
16.62
16.39
16.0
16.1
15.9
15.62
15.65
15.51
15.35
15.4
15.41
15.4
15.54
15.62
15.23
15.39
15.54
15.64
15.31
15.45
15.43
15.38
15.65
15.65
15.65
15.67
15.8
15.75
15.83
15.9
15.92
15.94
15.68
15.96
16.27
16.5
16.29
16.23
16.19
16.1
16.19
16.18
16.21
16.25
16.28
16.24
16.34
16.21
16.28
16.24
16.39
16.32
16.27
16.46
16.34
16.3
16.34
16.44
16.49
17.15
17.08
17.15
17.22
16.67
17.0
16.88
16.79
16.77
16.71
16.64
16.68
16.51
16.69
16.45
16.45
16.47
16.47
16.42
16.35
16.25
16.3
16.29
16.44
16.44
16.47
16.48
16.46
16.43
16.44
16.43
16.38
16.38
16.53
16.55
16.52
16.48
16.45
16.49
16.48
16.44
16.35
16.48
16.39
16.36
16.36
16.35
16.33
16.33
16.36
16.38
16.35
16.33
16.36
16.35
16.34
16.32
16.4
16.37
16.46
16.68
16.68
16.6
16.71
16.9
16.85
16.78
16.71
16.67
16.63
16.57
16.9
16.23
16.17
