close
10.76
10.76
10.67
10.8
10.79
10.78
10.5
10.78
10.47
10.79
10.49
11.0
10.755
10.403
10.32
10.703
10.75
10.504
10.75
10.404
10.36
10.2
10.2
10.1
10.104
10.1
10.15
10.63
10.3
10.11
10.02
10.0
10.4
10.2
10.245
10.255
10.398
10.398
10.386
10.387
10.398
10.399
10.4
10.45
10.35
10.499
10.32
10.5
10.499
10.45
10.55
10.5
10.55
10.49
10.5
10.5
10.48
10.497
10.5
10.495
10.533
10.5
10.45
10.5
10.777
10.77
10.52
10.49
10.55
10.55
10.57
10.51
10.5
10.5
10.5
10.5
10.5
10.6
10.6
10.6
10.6
10.55
10.419
10.44
10.55
10.45
10.47
10.47
10.55
10.55
10.47
10.47
10.4
10.47
10.47
10.44
10.549
10.4
10.4
10.42
10.42
10.415
10.4
10.41
10.42
10.42
10.42
10.42
10.44
10.44
10.44
10.45
10.45
10.415
10.415
10.42
10.41
10.42
10.41
10.373
10.415
10.415
10.4
10.301
10.415
10.301
10.405
10.405
10.405
10.41
10.4
10.24
10.4
10.395
10.495
10.47
10.5
10.5
10.5
10.49
10.39
10.394
10.325
10.335
10.335
10.325
10.445
10.4
10.39
10.335
10.345
10.35
10.34
10.31
10.29
10.43
10.44
10.36
10.455
10.4
10.3
10.38
10.43
10.28
10.275
10.28
10.27
10.499
10.3
10.4
10.301
10.44
10.35
10.3
10.33
10.345
10.279
10.27
10.25
10.26
10.255
10.25
10.251
10.2
10.299
10.249
10.25
10.235
10.2
10.25
10.33
10.324
10.29
10.21
10.25
10.2
10.25
10.2
10.2
10.21
10.21
10.275
10.255
10.265
10.26
10.27
10.23
10.275
10.285
10.23
10.288
10.288
10.24
10.225
10.23
10.26
10.28
10.29
10.295
10.265
10.23
10.26
9.9
9.9
10.1
10.145
10.1
10.148
10.145
10.1
10.143
10.01
9.9
10.05
10.09
10.05
9.95
10.1
9.92
10.204
10.001
10.0
10.0
10.095
10.04
9.92
10.0
10.003
9.933
9.93
9.97
9.95
8.8
9.93
10.098
10.09
10.0
9.94
10.09
10.09
9.95
9.95
10.0
9.94
10.09
10.04
10.0
9.94
10.04
9.9
9.95
10.025
9.801
10.03
9.97
9.985
10.0
9.87
9.8
10.05
10.01
9.97
9.811
9.95
10.0
9.971
10.03
10.03
9.9
9.93
9.85
9.9
9.93
9.93
9.85
9.8
9.81
9.81
10.299
9.653
9.75
9.74
9.8
9.78
9.76
9.603
9.75
9.6
9.46
9.46
9.46
9.409
9.3
9.3
9.299
9.304
9.1
9.2
9.15
8.95
9.2
9.2
9.0
9.05
9.25
9.15
9.25
9.2
9.25
9.1
9.15
9.15
9.25
9.35
9.1
9.05
9.25
9.0
8.95
8.95
9.1
8.95
8.9
9.1
9.05
8.9
8.3
8.65
8.7
8.7
8.6
8.2
8.2
8.05
8.0
8.15
8.15
8.0
8.0
8.15
8.15
8.5
8.2
8.45
8.05
8.1
8.15
8.15
8.15
8.0
8.0
8.0
7.95
8.1
8.2
8.15
7.95
7.95
7.9
8.0
8.05
8.15
8.15
7.8
7.85
7.85
7.85
7.9
8.0
8.0
8.05
8.05
8.15
8.25
8.0
8.05
8.05
8.0
8.05
8.1
8.15
8.1
8.25
8.2
8.25
8.3
8.4
8.2
8.05
8.5
8.2
8.1
8.5
8.25
8.4
8.25
8.35
8.2
8.35
8.2
8.7
8.4
8.4
8.15
8.15
8.15
8.25
8.25
8.3
8.2
8.25
8.25
8.4
8.5
8.4
8.5
8.4
8.4
8.55
8.35
8.25
8.3
8.3
8.45
8.5
8.5
8.45
8.5
8.5
8.4
8.25
8.4
8.55
8.4
8.4
8.3
8.45
8.4
8.35
8.4
8.3
8.45
8.3
8.3
8.3
8.3
8.35
8.25
8.3
8.3
8.25
8.25
8.25
8.25
8.25
8.1
8.3
8.15
8.1
8.2
8.05
8.2
8.25
8.2
8.3
8.25
8.15
8.5
8.35
8.35
8.3
8.45
8.3
8.2
8.3
8.2
8.15
8.05
8.15
8.1
8.1
7.95
7.85
7.9
7.6
7.35
7.4
7.45
7.55
7.6
7.55
7.6
7.55
7.6
7.45
7.5
7.55
7.4
7.55
7.55
7.35
7.25
7.9
7.45
7.55
7.45
7.55
7.4
7.4
7.5
7.55
7.55
7.55
7.5
7.35
7.55
7.35
7.2
7.1
7.15
7.2
7.15
7.15
7.15
6.95
7.0
7.0
7.0
6.95
7.15
7.0
7.1
7.1
7.1
7.05
7.0
7.1
7.0
7.1
8.4
7.3
7.2
7.4
7.5
7.2
7.25
7.35
7.35
7.3
7.4
7.8
7.6
7.5
7.55
7.5
7.5
7.4
7.35
7.3
7.35
7.3
7.35
7.3
7.3
7.3
7.3
7.3
7.35
7.6
7.35
7.3
7.4
7.35
7.5
7.5
7.5
7.55
7.55
7.5
7.55
7.5
7.5
7.55
7.55
7.5
7.5
7.6
7.55
7.5
7.4
7.55
7.6
7.6
7.6
7.65
7.6
7.6
7.55
7.6
7.6
7.6
7.65
7.9
7.65
7.8
7.65
7.75
7.8
8.0
7.95
7.95
7.9
8.0
7.9
7.95
7.95
7.9
7.9
7.85
7.8
7.85
7.8
7.75
7.8
7.8
7.9
7.95
8.0
7.95
7.95
8.1
8.0
8.1
8.0
7.8
7.9
7.55
7.9
7.9
7.7
7.75
7.8
7.75
7.7
7.6
7.65
7.8
7.8
7.75
7.7
7.7
7.75
7.7
7.7
7.7
7.7
7.8
7.7
7.7
7.65
7.55
7.4
7.35
7.4
7.35
7.5
7.85
7.9
8.05
7.9
8.3
7.85
8.25
8.1
8.25
8.35
8.2
8.15
8.0
7.95
8.1
8.05
7.95
8.05
8.15
8.0
8.25
8.1
8.05
8.05
8.25
8.1
8.1
8.05
8.05
8.05
8.05
8.1
8.1
8.05
8.05
8.25
8.1
8.05
8.05
8.1
8.25
8.2
8.2
8.15
8.15
8.1
8.1
8.45
8.65
8.6
8.95
8.8
8.5
8.7
8.7
8.6
8.7
8.8
9.05
9.25
9.5
9.65
9.8
9.9
9.8
9.7
9.75
10.4
9.95
10.15
9.75
9.95
9.8
9.75
9.55
9.5
9.5
9.25
9.2
9.4
9.35
9.4
9.25
9.15
9.35
9.35
9.2
9.4
9.35
9.3
9.2
9.2
9.4
9.45
9.35
9.0
8.8
9.35
9.25
9.15
9.35
8.95
9.45
9.2
9.2
9.25
9.25
9.2
9.1
9.1
9.1
9.0
9.0
9.35
9.2
9.2
9.1
9.05
9.15
9.2
9.2
8.95
9.1
9.0
9.05
9.15
9.0
9.05
9.05
9.2
9.25
8.95
8.95
9.0
9.15
9.15
9.05
9.0
9.05
9.0
9.05
8.9
9.05
8.9
8.95
9.05
9.05
9.05
8.95
9.1
9.1
9.0
9.1
8.9
8.9
8.9
8.85
8.85
8.7
8.7
8.85
8.85
8.75
8.9
8.85
8.7
8.8
8.6
8.95
8.75
8.75
8.75
8.65
8.8
8.85
8.5
8.9
8.55
8.7
8.75
8.75
8.6
8.75
8.75
8.7
8.65
8.55
8.65
8.5
8.65
8.5
8.6
8.4
8.45
8.2
8.35
8.45
8.45
8.25
8.4
8.45
8.05
8.2
8.6
8.25
8.35
8.35
8.25
8.3
8.3
8.3
8.2
8.25
8.45
8.3
8.15
8.25
8.1
8.15
8.25
8.2
8.1
8.2
8.25
8.25
8.6
8.5
8.55
8.75
8.8
8.45
8.75
8.6
8.65
8.3
8.3
8.4
8.4
8.5
8.35
8.45
8.4
8.55
8.65
8.4
8.45
8.6
8.45
8.4
8.4
8.3
8.45
8.45
8.65
8.55
9.0
8.5
8.8
8.45
8.45
8.55
8.55
8.55
8.55
8.55
8.45
8.45
8.4
8.55
8.55
8.6
8.4
8.55
8.5
8.45
8.55
8.55
8.6
8.55
8.55
8.45
8.55
8.8
8.7
8.45
8.55
8.55
8.75
8.45
8.55
8.55
8.55
8.45
8.45
8.5
8.5
8.5
8.5
8.4
8.35
8.6
8.6
8.55
8.55
8.55
8.55
8.55
8.4
8.4
8.55
8.55
8.55
8.55
8.45
8.55
8.55
8.5
8.55
8.55
8.55
8.45
8.45
8.45
8.55
8.55
8.55
8.55
8.6
8.6
8.5
8.55
8.55
8.55
8.55
8.45
8.55
8.55
8.45
8.45
8.55
8.45
8.5
8.55
8.5
8.5
8.5
8.4
8.5
8.45
8.4
8.45
8.55
8.45
8.5
8.45
8.45
8.55
8.55
8.55
8.5
8.5
8.55
8.55
8.55
8.5
8.5
8.55
8.55
8.55
8.55
8.45
8.45
8.4
8.55
8.45
8.55
8.4
8.4
8.4
8.35
8.5
8.35
8.35
8.45
8.4
8.5
8.25
8.25
8.25
8.2
8.2
8.3
8.3
8.15
8.1
8.1
8.0
8.0
8.05
8.1
8.0
8.0
8.0
8.05
7.9
8.1
7.95
7.8
7.95
8.0
7.8
7.85
7.8
7.7
7.6
7.7
7.75
7.6
7.7
7.75
7.65
7.75
7.6
7.7
8.35
8.25
7.9
8.05
7.9
8.0
8.0
8.0
7.95
7.9
8.0
7.85
7.65
7.65
7.7
7.7
7.7
7.75
7.7
7.6
7.7
7.55
7.7
7.45
7.5
7.35
7.4
7.4
7.4
7.5
7.4
7.5
7.35
7.5
7.4
7.4
7.55
7.45
7.5
7.5
7.5
7.55
7.5
7.45
7.4
7.5
7.5
7.5
7.55
7.5
7.45
7.45
7.35
7.45
7.3
7.4
7.35
7.4
7.5
7.45
7.4
7.35
7.35
7.4
7.5
7.5
7.4
7.4
7.5
7.55
7.6
7.5
7.4
7.5
7.45
7.35
7.45
7.4
7.45
7.45
7.4
7.35
7.35
7.4
7.3
7.3
7.4
7.45
7.6
7.5
7.45
7.45
7.45
7.45
7.45
7.35
7.35
7.4
7.45
7.5
7.35
7.4
7.4
7.4
7.3
7.2
7.3
7.2
7.15
7.3
7.25
7.25
7.3
7.2
7.25
7.25
7.15
7.25
7.25
7.3
7.15
7.25
7.15
7.3
7.15
7.2
7.2
7.2
7.3
7.25
7.2
7.15
7.25
7.1
7.2
7.25
7.3
7.25
7.2
7.35
7.3
7.25
7.2
7.1
7.05
7.15
7.2
7.2
7.1
7.1
7.15
7.2
7.25
7.1
7.1
7.2
6.95
7.0
7.0
7.0
7.05
7.05
7.05
7.05
7.15
7.1
7.15
7.1
7.1
7.15
7.1
7.1
7.1
7.1
7.1
7.05
7.15
6.95
7.0
7.05
7.1
7.0
7.0
6.95
7.0
6.95
7.05
7.05
7.05
7.05
6.95
7.15
7.15
7.25
7.2
7.2
7.2
7.2
7.1
7.2
7.25
7.25
7.15
7.2
7.2
7.3
7.3
7.35
7.25
7.35
7.3
7.25
7.3
7.25
7.3
7.25
7.35
7.3
7.35
7.35
7.3
7.35
7.25
7.15
7.2
7.25
7.25
7.2
7.2
7.4
7.2
7.25
7.2
7.2
7.25
7.2
7.2
7.2
7.2
7.15
7.0
7.15
7.2
7.25
7.3
7.35
7.3
7.45
7.3
7.35
7.35
7.35
7.35
7.4
7.4
7.3
7.4
7.4
7.4
7.3
7.4
7.45
7.5
7.55
7.55
7.7
7.75
7.8
7.7
7.85
7.95
8.15
8.25
8.25
8.3
7.9
7.95
7.75
7.85
7.95
8.0
8.0
8.05
8.1
8.1
8.15
8.15
8.05
8.1
8.1
8.1
8.1
8.1
8.1
8.1
8.1
8.2
8.35
8.35
8.35
8.3
8.25
8.4
8.3
8.6
8.7
8.8
8.2
8.0
8.3
8.25
8.25
8.15
8.25
8.15
8.1
8.3
8.0
8.05
8.05
8.1
8.1
7.9
7.95
7.95
7.7
7.75
7.75
7.65
7.7
7.7
7.6
7.7
7.75
7.75
7.5
7.5
7.6
7.55
7.85
7.65
7.85
7.7
7.8
7.6
7.9
7.75
7.6
7.6
7.25
7.3
7.3
7.25
7.35
7.45
7.6
7.75
7.5
7.25
7.45
7.05
7.45
7.3
6.3
7.45
7.15
7.3
7.3
7.3
7.3
7.1
7.2
7.0
7.25
7.2
5.8
7.15
6.3
7.2
7.2
7.25
6.95
7.1
7.0
7.0
6.95
6.9
7.05
7.1
7.1
7.05
7.15
6.95
7.0
6.95
6.9
6.8
7.0
7.05
7.35
7.1
7.05
7.1
7.05
7.1
7.1
7.15
7.05
6.8
6.7
6.65
6.75
6.8
6.7
6.7
6.6
6.7
6.6
6.7
6.85
6.95
6.95
7.05
7.0
6.9
6.9
7.05
6.9
6.55
6.95
7.0
7.0
6.85
7.0
6.8
7.05
6.8
7.2
7.0
7.4
7.25
7.1
6.8
6.85
6.9
6.85
6.9
7.3
7.25
7.2
6.75
6.7
6.2
7.0
7.0
7.3
6.5
6.5
6.5
6.5
6.5
6.85
6.85
6.5
6.5
7.0
6.95
7.15
6.55
6.5
6.5
6.5
6.5
6.45
6.5
6.6
6.75
6.75
6.45
6.7
6.6
7.0
7.05
6.9
7.3
7.35
7.45
7.4
7.45
7.45
7.65
8.0
8.0
7.3
7.0
7.15
7.25
7.3
7.2
7.05
7.15
7.25
7.0
7.0
7.1
7.25
7.35
7.2
7.3
7.2
7.25
7.2
7.25
7.3
7.2
7.2
7.2
7.2
7.05
7.0
7.0
7.05
6.9
7.0
6.95
7.05
7.05
6.95
6.95
7.05
6.9
6.9
7.0
6.7
7.0
6.9
6.85
6.8
6.85
6.6
6.85
6.85
6.9
6.65
6.85
6.85
6.6
6.5
6.85
6.85
6.8
6.85
6.85
6.65
6.8
7.0
6.85
6.9
6.9
6.9
6.9
6.9
6.85
6.85
6.85
6.85
6.85
6.8
7.25
6.75
6.95
6.95
6.8
6.8
6.8
6.95
6.8
6.8
6.75
6.75
6.8
6.75
6.7
7.1
6.9
6.85
6.85
6.8
6.95
6.75
6.8
6.8
6.75
6.9
6.85
7.1
7.0
7.0
7.0
7.0
7.45
7.7
7.2
7.1
7.0
6.8
7.2
7.2
7.05
7.1
7.4
7.2
7.2
7.15
7.1
7.1
7.8
7.2
7.0
7.0
6.95
6.95
7.05
7.0
7.0
7.05
6.95
7.0
7.05
7.05
7.1
7.0
7.4
8.0
7.8
7.6
7.5
7.5
7.6
7.6
7.55
7.55
7.6
7.6
7.7
7.6
7.6
7.6
7.65
7.75
7.6
7.6
7.75
7.75
7.75
8.0
7.95
7.6
7.65
7.8
7.65
7.75
7.8
7.5
7.5
7.45
7.45
7.55
7.45
7.3
7.2
7.1
7.25
7.25
7.15
7.1
7.1
7.0
7.0
7.0
6.95
7.05
6.95
6.95
6.85
6.9
6.9
7.05
6.95
6.85
6.75
6.85
7.75
6.95
6.8
6.75
6.85
6.75
6.75
6.85
6.75
6.7
6.65
6.55
6.55
6.4
6.55
6.45
6.45
6.35
6.55
6.45
6.35
6.35
6.1
6.05
6.1
6.1
6.1
6.05
6.05
6.05
6.25
6.25
6.1
6.05
6.05
5.8
5.8
5.9
5.9
5.95
5.95
5.2
5.65
5.65
5.45
5.5
5.4
5.35
5.35
5.35
4.9
4.9
5.0
4.7
4.25
4.35
4.35
4.1
4.35
4.25
4.2
4.2
4.2
4.25
4.25
4.25
4.2
4.2
4.2
4.15
4.15
4.1
4.15
4.3
4.35
4.35
4.25
4.25
4.3
4.3
4.3
4.45
4.4
4.4
4.4
4.4
4.4
4.4
4.45
4.5
4.5
5.25
5.6
5.3
5.45
5.5
5.8
5.8
5.65
5.1
5.4
5.35
5.35
5.4
5.15
5.3
5.25
5.25
5.15
5.15
5.3
5.05
5.8
6.0
5.9
5.9
5.6
5.6
5.7
5.55
5.55
5.65
5.85
5.75
5.3
5.4
5.45
5.4
5.4
5.4
5.35
5.35
5.35
5.3
5.3
5.35
5.35
5.3
5.35
5.35
5.35
5.35
5.6
5.4
5.35
5.4
5.4
5.25
5.3
5.25
5.3
5.3
5.6
6.55
7.4
7.15
7.4
9.7
10.3
10.35
10.35
9.95
9.9
10.35
10.35
10.35
11.05
8.0
7.5
8.7
8.4
7.9
7.6
7.15
7.05
7.25
7.9
9.25
9.85
9.0
8.6
8.6
8.45
9.5
9.25
9.25
8.6
8.35
8.5
8.5
9.85
9.1
9.05
9.0
8.9
8.7
8.5
8.3
9.6
9.65
9.6
8.65
8.8
8.8
8.6
8.9
8.95
8.45
8.35
8.4
8.4
8.3
8.1
8.1
7.7
7.7
7.65
7.45
6.95
7.5
7.4
7.45
7.15
7.3
7.1
7.2
7.1
7.1
7.0
6.95
7.05
7.2
7.25
7.05
7.1
6.95
7.0
7.0
6.75
6.5
6.5
6.4
6.5
6.5
6.5
6.5
6.5
6.4
6.85
6.85
6.8
6.7
6.85
6.9
6.95
7.15
8.0
7.9
7.7
8.25
7.3
7.4
7.3
7.1
6.85
6.9
6.9
6.85
6.9
6.9
6.85
6.75
6.85
6.8
6.9
6.9
6.8
6.75
6.85
6.75
6.85
7.5
7.1
7.1
7.2
7.0
6.85
7.05
7.5
7.45
7.2
7.05
7.05
7.35
7.1
7.0
6.95
7.0
7.1
7.1
7.2
7.1
7.1
7.2
7.25
7.3
7.3
7.0
7.15
7.1
7.05
6.7
6.75
6.9
6.75
6.95
6.9
7.0
7.0
7.0
6.9
7.05
7.0
6.8
6.95
6.95
7.0
6.95
6.95
6.8
6.95
6.9
6.7
6.6
6.5
6.7
6.5
6.7
6.6
6.55
6.7
7.1
7.1
7.3
7.35
7.35
7.4
8.05
7.85
7.6
7.6
7.65
7.65
7.6
7.65
7.85
8.25
8.0
7.3
7.3
7.35
7.35
7.0
7.05
7.0
7.0
6.8
7.0
7.0
6.95
7.05
7.05
7.05
6.95
7.1
7.05
7.0
7.0
7.05
7.1
7.0
7.1
6.7
6.7
6.9
6.75
6.8
6.9
6.85
6.9
6.85
6.8
6.8
6.7
6.95
6.85
6.85
6.7
6.75
6.75
6.65
6.85
7.15
7.0
6.8
6.8
6.65
6.7
6.9
6.6
6.6
6.55
6.5
6.5
6.5
6.45
6.5
6.4
6.4
6.75
6.5
6.5
6.55
6.6
6.75
6.65
6.65
6.75
6.8
6.8
6.6
6.6
6.6
6.55
6.5
6.5
6.65
6.75
6.65
6.8
6.75
6.5
5.65
6.25
6.7
6.35
6.3
6.35
6.25
6.4
6.4
6.6
6.6
6.4
6.5
6.45
6.25
6.25
6.35
6.1
6.25
6.25
6.15
6.1
6.15
6.25
6.15
6.1
6.05
6.1
6.1
6.1
6.1
6.2
6.25
6.2
6.2
6.2
6.35
6.3
6.2
6.3
6.25
6.35
6.05
6.25
6.25
6.3
6.25
6.1
6.1
6.25
6.1
6.1
6.1
6.1
6.05
6.05
6.05
6.05
6.05
6.0
6.3
6.3
6.0
6.3
6.15
5.95
6.0
5.95
5.95
6.0
6.0
6.0
6.15
6.1
6.1
6.0
6.0
6.1
5.95
6.15
6.05
6.0
6.0
6.1
6.1
6.15
6.1
5.9
6.0
6.2
6.0
6.0
6.1
6.0
6.0
6.0
6.0
6.1
6.05
6.05
6.0
5.9
5.85
5.85
5.95
5.95
5.9
6.0
5.95
5.95
6.2
6.05
6.05
6.05
5.95
5.95
5.9
5.85
6.05
5.9
5.9
5.65
5.7
5.6
5.4
5.45
5.5
5.6
5.7
5.4
5.75
5.4
5.95
6.0
6.0
5.8
5.75
5.7
5.5
5.5
5.6
5.6
6.0
5.5
5.45
5.4
5.7
5.65
5.4
5.25
5.6
5.3
5.35
5.4
5.45
5.35
5.45
5.45
5.4
5.45
5.45
5.8
5.7
5.4
5.3
5.3
5.3
5.4
5.6
5.9
5.9
5.5
5.45
5.5
5.45
5.45
5.8
5.7
5.65
5.7
5.6
5.6
5.6
5.6
5.9
5.8
5.85
5.55
5.75
5.5
5.65
5.65
5.55
5.5
5.5
5.7
5.7
5.7
5.65
5.75
5.55
5.55
5.55
6.0
6.0
5.9
5.8
5.85
5.75
5.95
6.0
6.0
6.25
6.5
6.55
6.55
6.4
6.3
6.4
6.3
6.35
6.35
6.7
6.7
6.6
6.55
6.55
6.7
6.6
6.5
6.45
6.4
6.3
6.25
6.35
6.35
6.25
6.2
6.0
6.0
5.95
5.95
6.0
6.0
6.2
6.15
6.05
6.0
6.35
6.1
6.05
5.7
6.15
5.8
5.65
5.75
5.95
5.8
5.95
6.0
6.2
6.0
5.95
5.95
5.95
6.7
6.35
6.15
6.35
6.1
6.05
6.0
5.85
6.0
5.85
6.0
5.85
5.85
5.8
5.8
5.75
5.75
5.75
5.7
5.85
6.0
6.0
6.0
6.0
7.15
7.3
7.3
7.2
7.0
6.95
7.8
10.75
10.75
10.85
9.95
10.9
10.75
10.8
10.75
10.9
10.85
10.45
11.15
10.8
11.5
11.05
12.45
10.7
10.85
10.95
10.55
9.6
10.35
10.05
9.85
10.0
9.7
10.0
10.9
10.9
11.22
10.72
10.56
10.58
9.0
8.84
9.36
10.14
9.52
9.88
9.58
9.92
10.22
10.2
10.72
10.86
10.2
9.42
10.28
10.9
10.6
10.8
10.78
10.8
10.88
10.9
11.16
11.5
11.1
10.48
10.32
10.02
9.9
9.94
10.26
9.94
9.98
10.14
10.0
9.66
9.76
9.64
9.6
9.92
9.5
9.46
9.5
9.06
9.16
9.18
9.08
9.0
9.18
9.3
9.16
9.22
9.4
9.22
9.2
9.24
9.2
9.2
9.24
9.2
9.22
9.1
9.1
9.18
9.0
9.0
9.4
9.38
9.32
9.4
9.48
9.4
9.76
9.32
9.3
8.88
8.78
8.92
8.94
8.76
8.9
8.74
8.08
8.34
8.18
8.1
8.34
8.12
8.14
7.98
7.9
7.9
8.68
8.0
7.96
7.96
7.96
8.04
8.24
7.98
7.96
8.08
8.0
8.58
8.3
8.34
8.22
8.28
8.34
8.16
8.38
8.24
8.26
8.24
8.26
8.18
8.1
8.08
7.98
7.78
7.78
7.78
7.78
7.82
7.92
7.88
7.82
7.88
7.76
7.84
7.78
7.82
7.78
7.78
7.8
7.74
7.74
7.52
7.54
7.58
7.56
7.5
7.52
7.7
7.4
7.3
7.34
7.26
7.26
7.3
7.3
7.18
7.14
7.06
7.06
6.94
7.02
6.88
6.96
6.96
7.06
7.08
7.06
7.0
7.06
7.12
7.02
7.02
7.02
7.04
6.98
7.04
7.08
7.38
7.3
7.28
7.14
7.26
7.66
8.8
8.6
8.68
9.4
9.02
8.98
9.38
8.98
9.18
9.76
9.18
8.96
8.94
8.98
8.66
8.66
8.72
8.88
9.12
9.02
8.8
9.08
9.0
9.06
9.1
9.06
9.14
9.28
9.0
9.46
9.28
8.9
8.8
8.86
8.9
8.4
8.6
8.5
8.42
8.74
8.84
8.9
8.7
8.56
8.44
8.4
8.24
8.36
8.26
8.24
8.3
8.3
8.3
8.5
8.48
8.5
8.5
8.54
8.58
8.6
8.42
8.54
8.32
8.46
8.46
8.46
8.36
8.48
8.56
8.42
8.32
8.4
8.48
8.44
8.5
8.5
8.22
8.36
8.4
8.4
8.4
8.44
8.42
8.32
8.2
8.14
8.06
8.04
8.18
8.2
8.38
7.98
7.98
7.98
7.98
7.96
7.98
8.76
9.48
9.02
8.48
8.7
8.56
8.82
8.96
9.08
9.14
9.02
9.34
10.0
9.2
9.28
9.26
9.42
9.68
9.94
9.64
9.96
9.7
9.9
10.1
10.26
10.28
10.0
10.2
9.8
10.26
10.3
10.2
10.22
10.02
10.0
10.4
10.34
9.78
9.62
9.76
9.94
9.62
9.68
9.9
9.88
9.92
9.9
9.78
9.72
9.9
9.86
9.96
10.2
10.16
10.16
9.96
10.0
10.2
10.16
9.84
9.88
9.82
9.9
9.84
9.62
9.38
9.6
9.5
9.5
9.28
9.4
9.48
9.5
9.5
9.5
9.24
9.9
9.96
9.96
9.9
9.54
9.6
9.5
9.74
9.74
9.46
11.04
10.5
10.0
10.0
9.8
10.2
10.46
10.4
9.9
9.88
9.68
9.6
9.72
9.5
9.48
9.66
9.84
9.84
9.84
10.16
9.96
10.08
10.04
10.04
9.5
9.48
9.4
9.58
9.56
9.56
9.54
9.58
9.58
9.54
9.54
9.68
9.66
9.52
9.54
9.58
9.6
9.6
9.7
9.62
9.5
9.5
9.44
9.46
9.44
9.42
9.36
9.3
9.26
9.14
9.24
9.0
9.08
9.08
9.04
9.26
9.24
9.1
9.2
9.06
9.0
8.96
8.9
9.0
9.0
9.04
9.06
8.86
8.86
8.7
8.6
8.68
8.7
8.6
8.58
8.68
8.84
8.92
8.82
8.94
8.92
8.7
8.88
8.84
8.9
8.68
8.66
8.9
8.8
8.78
8.92
8.84
8.9
9.36
9.2
9.14
9.16
9.16
9.2
9.0
9.18
9.14
9.12
9.1
9.02
9.2
9.06
9.14
8.92
8.96
8.96
8.96
9.2
9.12
8.7
8.58
8.7
8.56
8.6
8.58
8.56
8.64
8.44
8.42
8.5
8.48
8.39
8.25
8.26
8.1
8.2
8.05
8.25
8.12
8.18
8.22
8.24
8.16
8.25
8.14
8.15
8.21
8.25
8.2
8.21
8.21
8.24
8.24
8.23
8.23
8.24
8.16
8.16
8.25
8.26
8.26
8.21
8.24
8.2
8.25
8.2
8.26
8.16
8.2
8.2
8.2
8.2
8.18
8.2
8.13
8.2
8.19
8.09
8.18
8.14
8.08
8.08
8.09
8.01
8.01
8.04
8.04
8.05
7.99
8.02
8.02
8.0
8.01
7.96
8.07
8.01
7.73
7.82
7.82
7.83
7.83
7.83
7.83
7.85
7.8
8.46
8.5
8.44
8.8
8.42
8.19
8.23
8.1
8.08
8.19
7.97
7.84
8.0
8.14
7.98
7.84
7.83
7.91
8.05
8.03
7.88
7.9
7.84
7.84
7.8
7.88
7.88
7.76
7.76
7.84
7.81
7.76
7.82
7.92
7.88
7.79
7.81
7.83
7.85
7.7
7.83
7.76
7.81
7.68
7.87
7.81
7.96
7.82
7.88
7.88
7.87
7.94
7.92
7.81
7.81
7.81
7.91
7.91
7.94
7.94
7.81
7.82
7.86
7.74
7.81
7.78
7.77
7.88
7.89
7.88
7.8
7.89
7.83
7.8
7.73
7.69
7.79
7.74
7.74
7.74
7.74
7.74
8.4
8.09
8.1
8.01
7.92
8.1
8.0
8.18
8.16
7.63
7.71
7.63
7.73
7.63
7.69
7.77
7.8
7.8
7.67
7.7
7.8
7.6
7.64
7.56
7.6
7.84
7.88
7.83
8.2
7.97
7.91
7.91
7.97
8.22
8.03
8.02
8.12
8.13
8.23
8.23
8.5
8.45
8.46
8.5
8.5
8.43
7.84
7.96
7.91
7.88
8.1
8.1
7.95
8.02
7.91
8.07
8.04
8.0
7.85
7.98
7.96
8.02
7.98
8.0
8.0
8.31
8.13
7.98
7.97
7.97
7.86
7.95
8.1
7.91
7.89
8.04
8.04
7.8
7.98
7.96
7.93
7.91
7.8
7.81
7.99
8.04
7.89
7.99
7.84
7.97
7.98
8.0
7.97
7.99
7.85
8.02
7.87
7.98
7.87
7.94
7.98
7.97
7.98
8.0
7.99
7.92
7.92
7.99
7.99
7.87
7.98
7.99
8.0
7.99
7.98
7.99
7.9
7.93
7.98
7.88
7.96
7.84
7.93
7.95
7.93
7.88
7.74
7.76
7.71
7.75
7.84
7.81
7.81
7.83
7.81
7.85
7.91
7.83
7.82
7.82
7.91
7.8
7.8
7.87
7.78
7.78
7.77
7.87
7.8
7.8
7.72
7.81
7.67
7.68
7.73
7.7
7.9
7.85
7.89
7.91
7.88
7.97
7.9
7.9
7.97
7.96
7.89
7.85
7.84
7.91
7.87
7.93
7.82
7.72
7.7
7.68
7.74
7.78
7.84
7.88
7.82
7.83
7.66
7.72
7.74
7.74
7.73
7.6
7.73
7.62
7.68
7.71
7.79
7.8
7.72
7.65
7.65
7.6
7.61
7.61
7.62
7.62
7.65
7.65
7.66
7.68
7.72
7.72
7.6
7.6
7.65
7.7
7.7
7.74
7.65
7.61
7.62
7.69
7.68
7.76
7.66
7.78
7.78
7.77
7.8
7.76
7.7
7.68
7.68
7.61
7.64
7.76
7.75
7.66
7.78
7.62
7.62
7.6
7.56
7.64
7.69
7.68
7.7
7.65
7.67
7.6
7.56
7.66
7.54
7.86
7.86
7.81
7.74
7.73
7.73
7.83
7.77
7.81
7.81
7.82
7.75
7.81
7.71
7.71
7.94
7.8
7.77
7.71
7.73
7.72
7.61
7.7
7.66
7.78
7.73
7.8
7.71
7.7
7.78
7.64
7.73
7.77
7.66
7.76
7.8
7.81
7.94
7.82
7.72
7.87
7.95
7.97
7.82
7.9
7.99
7.99
7.88
7.88
7.96
7.82
7.84
7.84
7.44
7.55
7.54
7.52
7.51
7.53
7.52
7.77
7.7
7.71
7.78
7.6
7.79
7.54
7.68
7.67
7.51
7.58
7.54
7.64
7.61
7.65
7.69
7.79
7.6
7.68
7.5
7.55
7.5
7.57
7.52
7.52
7.69
7.6
7.61
7.53
7.5
7.6
7.5
7.42
7.55
7.52
7.32
7.49
7.49
7.36
7.5
7.39
7.4
7.4
7.34
7.37
7.23
7.64
7.4
7.6
7.6
7.59
7.58
7.51
7.63
7.5
7.51
7.65
7.68
7.41
7.55
7.88
7.89
7.72
7.78
7.89
7.74
7.74
7.84
7.8
7.7
7.71
7.71
7.7
7.71
7.79
7.84
7.82
7.7
7.79
7.86
7.8
7.78
7.8
7.85
7.89
7.88
7.85
7.86
7.85
7.72
7.71
7.88
7.86
7.85
7.86
7.77
7.88
7.83
7.72
7.72
7.85
7.82
7.71
7.7
7.81
7.71
7.71
7.7
7.71
7.63
7.79
7.65
7.65
7.8
7.63
7.63
7.62
7.63
7.8
7.8
7.79
7.79
7.78
7.78
7.65
7.65
7.68
7.65
7.8
7.8
7.79
7.7
7.78
7.8
7.65
7.64
7.64
7.64
7.53
7.53
7.43
7.36
7.41
7.41
7.41
7.41
7.4
7.39
7.41
7.57
7.55
7.5
7.48
7.55
7.47
7.45
7.77
8.09
8.03
7.85
7.89
7.9
7.75
7.6
7.76
7.73
7.6
7.63
7.73
7.76
7.68
7.5
7.44
7.58
7.72
7.74
7.6
7.64
7.64
7.63
7.77
7.78
7.78
8.15
7.8
7.93
7.98
7.78
7.69
7.87
7.88
7.79
7.65
7.54
7.54
7.79
7.51
7.66
7.62
7.65
7.75
7.73
7.72
7.72
7.73
7.74
7.7
7.77
7.77
7.74
7.75
7.69
7.61
7.6
7.7
7.54
7.75
7.5
7.5
7.6
7.55
7.55
7.61
7.52
7.56
7.54
7.67
7.55
7.53
7.5
7.55
7.43
7.4
7.45
7.36
7.27
7.25
7.26
7.26
7.24
7.24
6.44
6.58
6.5
6.51
6.51
6.77
6.74
6.62
6.72
6.48
6.51
6.5
6.49
6.6
6.45
6.48
6.68
6.77
6.77
6.72
6.84
6.57
6.6
6.52
6.5
6.33
6.58
6.65
6.6
6.33
6.57
6.57
6.83
6.8
6.7
6.6
6.61
6.41
6.46
6.43
6.5
6.37
6.51
6.5
6.46
6.46
6.34
6.38
6.47
6.52
6.53
6.5
6.51
6.39
6.5
6.4
6.39
6.43
6.4
6.39
6.39
6.35
6.4
6.44
6.44
6.35
6.44
6.42
6.4
7.48
7.7
7.65
7.95
7.64
7.65
7.75
7.6
7.7
7.4
7.57
7.32
7.13
7.16
7.17
7.18
7.29
7.32
7.1
7.16
7.16
7.16
7.78
7.34
7.2
7.1
7.08
7.08
7.08
7.09
7.08
7.38
7.09
7.1
7.27
7.06
7.11
7.18
7.18
7.2
7.08
7.08
7.28
7.1
7.23
7.64
7.33
7.35
7.25
7.25
7.22
7.26
7.26
7.26
7.27
7.15
7.23
7.25
7.25
7.18
7.1
7.19
7.2
7.38
7.24
7.24
7.2
7.37
7.35
7.21
7.33
7.17
7.21
7.26
7.28
7.4
7.3
7.39
7.4
7.23
7.39
7.35
7.34
7.37
7.21
7.13
7.21
7.26
7.28
7.4
7.69
7.19
7.21
7.11
7.22
7.22
7.0
7.03
7.14
7.05
7.03
7.13
7.1
7.12
7.1
7.1
7.08
6.95
7.08
7.1
7.04
7.11
7.2
7.15
7.14
7.11
7.13
7.13
6.96
6.98
7.08
7.07
7.07
7.11
7.02
7.1
7.04
7.2
7.06
7.06
7.07
7.06
7.09
7.01
7.05
7.05
6.97
6.96
7.01
7.08
7.15
7.12
7.15
7.11
7.13
7.0
7.11
7.01
7.0
7.18
7.01
7.01
7.01
7.02
7.01
6.94
7.09
6.95
6.89
6.9
6.95
6.9
6.95
7.03
6.99
7.0
7.02
7.13
7.44
7.54
7.42
7.27
7.27
7.16
7.25
7.16
7.14
7.27
7.39
7.26
7.35
7.54
7.24
7.26
7.37
7.37
7.24
7.25
7.24
7.25
7.15
7.29
7.38
7.29
7.18
7.19
7.19
7.19
7.1
7.0
7.13
7.09
7.08
7.01
7.01
7.05
6.92
6.98
6.74
6.92
6.81
6.87
6.87
6.87
6.87
6.92
6.89
6.89
6.81
6.88
6.82
6.82
6.84
6.86
6.85
6.91
7.02
7.04
7.01
7.1
7.1
7.1
7.1
7.0
6.92
6.98
6.99
6.57
6.51
6.64
6.62
6.61
6.59
6.7
6.65
6.67
6.71
6.7
6.68
6.73
6.75
6.73
6.73
6.78
6.78
6.82
6.78
6.82
6.85
6.95
6.85
6.95
6.8
6.95
6.92
6.92
6.93
6.92
6.94
6.86
6.86
6.86
6.79
6.85
6.85
6.89
6.89
6.89
6.88
6.85
6.85
6.88
6.9
6.89
6.9
6.81
6.81
6.81
6.79
6.8
6.82
6.87
6.87
6.88
6.88
6.88
6.88
6.84
6.77
6.72
6.78
6.77
6.78
6.8
6.79
6.78
6.6
6.61
6.63
6.62
6.65
6.65
6.65
6.63
6.64
6.61
6.58
6.51
6.45
6.45
6.52
6.52
6.48
6.46
6.53
6.46
6.45
6.5
6.39
6.4
6.38
6.38
6.3
6.2
6.3
6.27
6.33
6.23
6.38
6.23
6.21
6.22
6.13
6.1
6.1
6.09
6.07
6.09
6.09
6.12
6.29
6.23
6.23
6.2
6.2
6.12
6.2
6.14
6.24
6.3
6.21
6.13
6.16
6.16
6.06
6.14
6.15
6.16
6.17
6.17
6.2
6.17
6.2
6.18
6.18
6.2
6.28
6.28
6.27
6.25
6.3
6.24
6.29
6.3
6.31
6.31
6.32
6.33
6.32
6.28
6.27
6.27
6.27
6.29
6.34
6.55
6.43
6.51
6.41
6.36
6.29
6.29
6.36
6.3
6.32
6.33
6.34
6.3
6.31
6.41
6.3
6.38
6.38
6.37
6.36
6.43
6.38
6.49
6.48
6.39
6.46
6.32
6.32
6.3
6.29
6.22
6.22
6.22
6.2
6.23
6.2
6.24
6.16
6.21
6.17
6.22
6.19
6.19
6.23
6.21
6.12
6.17
6.14
6.16
6.22
6.15
6.15
6.15
6.14
6.15
6.16
6.17
6.17
6.13
6.18
6.16
6.15
6.18
6.2
6.12
6.18
6.24
6.25
6.16
6.24
6.38
6.26
6.96
6.62
6.57
6.31
6.32
6.45
6.48
6.47
6.52
6.59
6.46
6.56
6.66
6.62
6.59
6.67
6.65
6.6
6.56
6.44
6.45
6.43
6.43
6.48
6.51
6.46
6.4
6.38
6.39
6.4
6.35
6.38
6.33
6.4
6.44
6.37
6.42
6.34
6.39
6.42
6.4
6.43
6.39
6.42
6.4
6.39
6.39
6.4
6.4
6.42
6.42
6.38
6.4
6.4
6.47
6.53
6.4
6.48
6.41
6.49
6.49
6.49
6.41
6.41
6.56
6.52
6.5
6.48
6.42
6.48
6.47
6.49
6.51
6.52
6.5
6.5
6.5
6.57
6.57
6.51
6.54
6.53
6.49
6.49
6.48
6.48
6.49
6.49
6.5
6.46
6.46
6.46
6.46
6.41
6.45
6.49
6.43
6.44
6.42
6.42
6.4
6.44
6.43
6.45
6.46
6.4
6.43
6.4
6.43
6.43
6.43
6.43
6.43
6.43
6.43
6.42
6.43
6.39
6.42
6.44
6.45
6.45
6.39
6.43
6.39
6.35
6.37
6.37
6.37
6.44
7.65
7.25
7.45
7.4
7.55
8.7
8.91
8.91
9.8
10.88
10.72
11.14
11.96
11.48
10.61
10.86
10.51
10.0
9.8
9.21
9.0
8.79
8.55
8.7
8.7
8.64
8.89
9.3
9.15
8.89
8.94
8.97
8.98
8.94
8.87
8.85
8.8
8.95
8.8
9.46
9.19
9.22
9.11
9.02
9.07
8.96
9.15
9.02
9.06
9.0
9.0
8.94
8.97
8.96
9.11
9.1
9.09
8.85
8.91
8.97
8.85
8.97
8.93
8.9
8.97
8.98
8.96
8.92
8.84
8.82
8.82
8.93
8.93
8.88
8.85
8.87
8.66
8.7
8.96
8.78
8.92
8.87
8.7
8.69
8.76
8.7
8.7
8.66
8.61
8.68
8.43
8.16
8.21
8.34
8.25
8.29
8.4
8.43
8.41
8.34
8.33
8.27
8.31
8.26
8.35
8.31
8.3
8.37
8.23
8.21
8.2
8.17
8.21
8.21
8.32
8.17
8.32
8.19
8.18
8.28
8.2
8.19
8.18
8.03
8.05
8.04
8.07
8.08
8.14
8.2
7.99
7.94
7.81
7.8
7.81
7.76
7.8
7.75
7.79
7.78
7.69
8.18
7.82
9.8
9.78
10.05
10.37
10.76
10.76
10.76
11.2
9.35
8.88
9.1
9.14
9.06
8.96
9.13
9.1
9.02
9.1
8.75
8.75
8.78
8.8
8.79
8.81
8.88
8.82
8.9
8.8
8.8
8.62
8.67
8.59
8.6
8.5
8.55
8.55
8.5
8.23
8.24
8.29
8.22
8.22
8.45
8.35
9.08
8.72
8.66
8.62
8.54
8.45
8.5
8.37
8.38
7.8
8.21
8.07
8.0
8.02
8.05
7.95
7.98
8.2
8.7
8.51
8.43
8.32
8.47
8.19
8.3
8.42
8.38
8.25
8.29
8.28
8.28
8.31
8.46
8.42
8.39
8.2
8.14
8.3
8.32
8.21
8.27
8.35
8.24
8.3
8.26
8.36
8.25
8.2
8.17
8.14
8.21
8.18
8.22
8.11
8.05
8.06
8.05
8.09
8.02
8.01
8.01
7.9
7.83
7.84
7.61
7.8
7.71
7.71
7.8
7.85
7.7
7.75
7.9
8.09
8.07
7.95
7.98
7.99
8.05
7.7
7.7
7.65
7.46
7.26
7.46
7.63
7.59
7.6
7.49
7.23
7.32
7.48
7.8
7.8
7.41
7.4
7.51
7.15
7.01
7.15
6.8
6.8
7.0
6.7
6.73
6.99
6.92
7.0
6.7
6.65
6.52
6.64
6.69
6.5
6.79
6.7
6.95
6.75
6.38
6.37
6.37
6.51
6.73
6.88
6.85
6.87
6.89
6.89
6.95
7.17
7.23
7.32
7.3
7.7
7.89
7.83
7.6
7.68
7.77
7.0
7.46
7.47
7.39
7.11
7.26
7.27
7.36
7.47
7.75
7.49
7.73
7.89
7.4
7.45
7.48
7.45
7.38
7.44
7.5
7.5
7.5
7.4
7.41
7.48
7.35
7.35
7.2
7.29
7.4
7.48
7.41
7.32
7.32
7.35
7.07
7.34
7.33
7.29
7.15
7.26
7.2
7.24
7.3
7.3
7.3
7.19
7.27
7.3
7.31
7.75
7.26
7.39
7.34
7.57
7.4
7.33
7.4
7.4
7.62
7.25
7.39
7.49
7.39
7.39
7.43
7.39
7.28
7.36
7.38
7.4
7.25
7.3
7.35
7.3
7.31
7.93
8.43
9.2
8.59
8.7
8.63
8.47
8.54
8.3
8.32
8.34
8.25
8.18
8.05
8.05
7.95
8.01
7.83
7.83
7.79
7.83
7.8
7.8
7.8
7.71
7.8
7.7
7.82
7.8
7.76
7.77
7.75
7.77
7.7
7.75
7.82
7.79
7.74
7.78
7.77
7.9
7.76
7.81
7.8
7.83
7.81
7.88
7.86
7.97
7.86
7.99
8.02
9.37
9.01
9.01
8.79
8.93
8.71
8.9
8.82
8.54
8.14
8.39
8.02
8.24
8.21
8.11
8.1
8.29
8.29
8.4
7.99
8.38
8.35
8.31
8.25
8.26
8.41
8.33
8.24
8.19
8.16
8.08
8.05
8.19
8.24
8.15
8.15
8.28
8.6
8.4
8.48
8.43
8.4
8.4
8.31
8.4
8.39
8.1
8.0
7.85
7.99
7.86
7.99
8.03
8.14
8.11
7.98
8.18
8.24
8.12
8.11
8.11
8.08
8.01
8.02
7.98
7.91
7.91
7.93
7.98
7.98
8.08
7.99
7.93
7.93
7.9
7.98
8.06
7.9
8.05
7.9
7.9
7.98
7.98
8.0
7.93
8.04
7.9
7.95
7.94
7.95
7.87
8.02
7.9
9.26
8.78
8.83
8.45
8.87
8.28
8.29
8.3
8.25
8.25
8.25
8.29
8.27
8.27
8.3
8.23
8.22
8.2
8.17
8.12
8.1
8.14
8.06
8.07
8.11
8.12
8.19
8.15
8.12
8.18
8.17
8.32
8.15
8.08
8.16
8.16
8.18
8.15
8.16
8.15
8.2
8.24
8.24
8.19
8.19
8.19
8.2
8.2
8.27
8.38
8.14
8.27
8.15
8.15
8.18
8.25
8.25
8.15
8.14
8.13
8.21
8.21
8.24
8.21
8.18
8.2
8.17
8.23
8.23
8.23
8.23
8.27
8.27
8.25
8.26
8.13
8.31
8.21
8.23
8.23
8.13
8.13
8.18
8.09
8.15
8.22
8.19
8.23
8.23
8.23
8.24
8.19
8.24
8.24
8.16
8.25
8.26
8.24
8.19
8.2
8.25
8.17
8.27
8.1
8.23
8.26
8.21
8.26
8.22
8.12
8.24
8.24
8.25
8.23
8.15
8.23
8.24
8.25
8.26
8.2
8.25
8.22
8.22
8.19
8.21
8.22
8.2
8.19
8.19
8.06
8.16
8.18
8.21
8.16
8.2
8.2
8.19
8.2
8.24
8.42
8.85
8.52
8.5
8.46
8.5
8.3
8.25
8.38
8.3
8.3
8.36
8.29
8.28
8.21
8.28
8.34
8.22
8.25
8.2
8.2
8.23
8.19
8.26
8.25
8.18
8.08
8.1
8.11
8.1
8.1
8.11
8.09
8.09
8.07
8.1
8.08
8.1
8.0
8.1
8.1
8.16
8.19
8.1
8.15
8.11
8.11
8.1
8.1
8.14
8.1
8.15
8.3
8.05
8.14
8.08
8.11
8.16
8.12
8.11
8.06
8.23
8.15
8.06
8.08
8.06
8.16
8.18
8.09
8.17
8.2
8.1
8.1
8.1
8.14
8.12
8.13
8.14
8.11
8.07
8.23
8.12
8.12
8.1
8.08
8.1
8.15
8.17
8.13
8.05
8.15
8.18
8.17
8.11
8.18
8.1
8.17
8.18
8.16
8.2
8.15
8.09
8.15
8.09
8.15
8.15
8.16
8.13
8.14
8.04
8.04
8.04
8.12
8.03
7.98
8.03
8.03
8.03
8.01
8.02
8.02
8.02
8.02
8.04
8.08
8.01
8.0
8.01
8.02
8.03
8.08
8.04
8.04
8.08
8.03
8.05
8.03
8.08
8.16
7.97
7.99
7.99
8.01
8.02
8.02
8.02
8.02
8.0
7.98
8.03
8.12
8.09
8.08
8.12
8.09
8.06
8.0
8.03
7.94
8.01
8.03
7.94
8.03
7.91
7.97
7.98
7.97
7.96
7.98
7.96
7.98
7.98
7.99
7.99
7.96
7.99
7.92
7.91
7.92
7.92
7.89
7.86
7.84
7.84
7.81
7.89
7.89
7.89
7.8
7.78
7.8
7.9
7.69
8.07
7.86
7.82
8.04
8.04
7.84
8.02
8.0
7.97
8.05
7.95
7.95
7.94
8.1
7.97
8.0
7.83
7.92
7.92
7.9
7.9
7.9
7.87
7.95
7.9
7.96
7.96
7.96
7.92
7.81
7.82
7.81
7.82
7.86
7.84
7.86
7.86
7.86
7.85
7.86
7.89
7.89
7.89
7.89
7.89
7.89
7.89
7.81
7.8
7.89
7.84
7.84
7.85
7.83
7.95
7.95
7.94
7.92
7.89
7.89
7.9
7.89
7.75
7.84
7.84
7.9
7.89
7.88
7.89
7.89
7.9
7.94
7.95
8.0
7.99
8.03
8.0
8.0
8.0
8.0
8.0
8.0
8.0
8.03
8.04
7.99
8.0
8.01
8.02
8.01
8.01
8.01
7.89
7.98
7.98
8.03
7.99
8.02
7.94
7.9
7.95
7.86
7.94
7.94
7.98
7.97
8.03
7.94
7.97
7.95
7.94
7.94
8.01
7.94
7.93
7.96
7.97
7.98
7.98
7.98
7.98
7.99
7.99
8.02
8.03
8.3
8.3
8.22
8.19
8.0
8.07
8.07
8.04
8.03
8.27
9.0
8.47
8.58
8.44
8.6
8.5
8.47
8.49
8.13
8.31
8.25
8.24
8.24
8.2
8.24
8.2
8.2
8.14
8.51
8.32
8.3
8.3
8.23
8.17
8.2
8.22
8.15
8.24
8.24
8.23
8.25
8.21
8.15
8.15
8.27
8.14
8.16
8.17
8.22
8.16
8.14
8.22
8.28
8.4
8.42
8.31
8.3
8.29
8.23
8.28
8.21
8.21
8.21
8.23
8.28
8.23
8.33
8.32
8.27
8.33
8.3
8.22
8.3
8.31
8.24
8.29
8.26
8.24
8.35
8.25
8.21
8.28
8.29
8.21
8.21
8.28
8.3
8.35
8.32
8.43
8.5
8.31
8.34
8.4
8.33
8.37
8.32
8.33
8.36
8.33
8.32
8.32
8.28
8.31
8.43
8.36
8.44
8.38
8.3
8.4
8.55
8.48
8.49
8.48
8.45
8.45
8.43
8.43
8.39
8.35
8.4
8.36
8.35
8.34
8.47
8.63
8.78
8.58
8.75
8.7
9.09
8.65
8.53
8.34
8.43
8.39
8.3
8.31
8.34
8.4
8.32
8.38
8.34
8.22
8.24
8.25
8.18
8.13
8.13
8.2
8.19
8.22
8.15
8.21
8.2
8.15
8.2
8.09
8.1
8.16
8.19
8.16
8.17
8.1
8.17
8.16
8.11
8.16
8.17
8.09
8.14
8.21
8.18
8.27
8.2
8.29
8.21
8.28
8.29
8.24
8.18
8.1
8.08
8.15
8.08
8.08
8.18
8.1
8.07
8.11
8.1
8.05
8.03
8.06
8.06
8.03
8.03
8.03
8.01
8.0
8.13
8.13
8.09
8.0
7.99
7.98
8.13
8.01
8.08
8.0
8.05
8.05
7.94
7.99
7.94
8.0
8.03
8.38
8.38
8.4
8.18
8.3
8.46
8.31
8.27
8.26
8.14
8.14
8.18
8.11
8.19
8.16
8.17
8.12
8.15
8.14
8.14
8.1
8.17
8.15
8.14
8.13
8.13
8.14
8.14
8.15
8.14
8.15
8.15
8.16
8.15
8.03
8.07
8.08
8.08
8.09
8.08
8.09
8.01
8.06
8.09
8.09
8.1
9.65
9.6
9.53
9.24
9.24
9.11
9.14
9.04
9.01
9.13
10.3
10.1
9.97
9.71
9.65
9.28
8.94
8.26
8.31
8.49
8.8
8.79
8.5
8.3
8.38
8.54
8.47
8.35
8.4
8.4
8.36
8.31
8.32
8.3
8.29
8.21
8.28
8.22
8.2
8.65
8.64
8.6
8.57
8.61
8.73
8.54
8.59
8.5
8.8
8.67
8.51
8.5
8.49
8.61
8.5
8.45
8.53
8.58
8.58
8.63
8.51
8.6
8.52
8.4
8.42
8.38
9.0
8.46
8.46
8.52
8.43
8.69
8.64
8.63
8.62
8.45
8.43
8.53
8.5
8.5
8.45
8.44
8.4
8.5
8.26
8.3
8.32
8.36
8.34
8.36
8.33
8.28
8.28
8.26
8.26
8.36
8.26
8.24
8.22
8.23
8.3
8.39
8.36
8.26
8.26
8.36
8.27
8.36
8.26
8.26
8.36
8.36
8.18
8.27
8.27
8.27
8.3
8.22
8.3
8.3
8.24
8.2
8.16
8.18
8.17
8.36
8.23
8.29
8.65
8.28
8.28
8.29
8.27
8.25
8.29
8.2
8.15
8.23
8.23
8.2
8.17
8.21
8.22
8.18
8.23
8.27
8.17
8.21
8.24
8.19
8.17
8.2
8.21
8.22
8.18
8.18
8.22
8.16
8.16
8.15
8.17
8.17
8.16
8.2
8.17
8.21
8.17
8.14
8.12
8.14
8.16
8.14
8.0
8.07
8.08
8.1
8.11
8.1
8.1
8.16
8.17
8.16
8.1
8.1
8.06
8.16
8.16
8.11
8.17
8.16
8.05
8.05
8.14
8.12
8.17
8.06
8.04
8.05
8.05
8.06
8.14
8.14
8.04
8.04
8.13
8.11
8.15
8.15
8.04
8.0
8.0
8.01
8.01
8.01
8.01
8.07
8.0
8.01
8.01
8.0
8.0
8.0
8.0
8.0
7.71
7.89
7.8
7.7
7.71
7.7
7.7
7.6
8.32
8.37
8.12
8.29
8.35
8.1
8.15
7.88
7.85
8.27
8.26
8.0
8.1
8.2
8.06
8.0
7.98
8.01
8.0
7.93
8.04
7.93
7.95
7.96
8.01
7.96
8.05
8.06
8.08
7.97
7.98
8.0
8.05
8.05
8.05
8.01
8.04
8.05
8.01
8.04
8.18
8.12
8.11
8.12
8.11
8.01
8.02
8.0
8.01
8.09
8.04
8.02
8.16
8.13
8.19
8.18
8.05
8.1
8.05
8.18
8.05
8.16
8.16
8.14
8.12
8.15
8.13
8.13
8.01
8.04
8.11
8.11
8.05
8.03
8.13
8.35
8.23
8.2
8.27
8.27
8.25
8.26
8.09
8.19
8.29
8.26
8.25
8.24
8.19
8.23
8.23
8.24
8.27
8.27
8.26
8.27
8.26
8.26
8.24
8.33
8.29
8.27
8.27
8.27
8.16
8.17
8.1
8.11
8.14
8.21
8.34
8.24
8.25
8.16
8.13
8.26
8.26
8.19
8.16
8.12
8.22
8.14
8.17
8.18
8.19
8.15
8.15
8.14
8.14
8.19
8.2
8.11
8.15
8.15
8.14
8.13
8.13
8.16
8.23
8.1
8.08
8.13
8.2
8.16
8.1
8.19
8.15
8.16
8.2
8.1
8.1
8.17
8.1
8.1
8.06
8.16
8.1
8.16
8.17
8.16
8.08
8.09
8.07
8.13
8.14
8.17
8.17
8.17
8.15
8.1
8.15
8.11
8.1
8.15
8.11
8.11
8.1
8.11
8.08
8.1
8.13
8.1
8.1
8.11
8.09
8.4
8.3
8.2
8.23
8.23
8.33
8.24
8.39
8.33
8.33
8.33
8.3
8.29
8.25
8.25
8.25
8.25
8.26
9.07
8.7
8.56
8.79
8.47
8.57
8.58
8.52
8.52
8.64
8.51
8.63
8.46
8.42
8.6
8.54
8.58
8.51
8.47
8.51
8.47
8.39
8.46
8.45
8.33
8.34
8.33
8.43
8.35
8.31
8.22
8.21
8.22
8.25
8.2
8.4
8.4
8.42
8.32
8.3
8.22
8.38
8.38
8.4
8.3
8.2
8.25
8.16
8.32
8.32
8.21
8.29
8.29
8.25
8.25
8.33
8.33
8.33
8.24
8.22
8.15
8.32
8.22
8.17
8.17
8.16
8.22
8.17
8.21
8.28
8.13
8.12
8.2
8.22
8.26
8.14
8.23
8.23
8.33
8.21
8.18
8.7
8.52
8.51
8.79
8.84
8.55
8.38
8.29
8.4
8.42
8.5
8.43
8.42
8.26
8.27
8.26
8.26
8.22
8.22
8.29
8.35
8.35
8.4
8.26
8.28
8.25
8.28
8.3
8.19
8.28
8.29
8.29
8.21
8.2
8.19
8.19
8.16
8.16
8.15
8.21
8.12
8.32
8.3
8.19
8.2
8.25
8.26
8.28
8.29
8.26
8.29
8.29
8.26
8.28
8.24
8.28
8.29
8.3
8.4
8.52
8.39
8.49
8.5
8.5
8.55
8.41
8.52
8.41
8.38
8.33
8.4
8.48
8.48
8.44
8.48
8.47
8.42
8.48
8.41
8.33
8.33
8.33
8.32
8.33
8.39
8.4
8.5
8.45
8.43
8.47
8.48
8.48
8.46
8.45
8.37
8.5
8.38
8.38
8.38
8.37
8.37
8.5
8.45
8.44
8.51
8.5
8.38
8.47
8.4
8.41
8.31
8.36
8.34
8.39
8.31
8.31
8.39
8.39
8.36
8.39
8.37
8.37
8.36
8.35
8.37
8.25
8.25
8.33
8.24
8.4
8.34
8.34
8.34
8.34
8.31
8.32
8.26
8.34
8.2
8.2
8.2
8.24
8.32
8.4
10.2
9.32
9.3
8.84
8.87
8.72
8.89
8.56
8.58
8.57
8.57
8.41
8.42
8.46
8.47
8.49
8.37
8.48
8.48
8.49
8.51
8.57
8.59
8.44
8.59
8.88
8.67
8.5
8.54
8.5
8.49
8.47
8.4
8.48
8.26
8.36
8.36
8.36
8.36
8.36
8.39
8.4
8.4
8.34
8.35
8.34
8.35
8.33
8.36
8.39
8.42
8.38
8.39
8.35
8.42
8.42
8.48
8.5
8.41
8.41
8.5
8.5
8.5
8.39
8.38
8.45
8.44
8.39
8.34
8.33
8.3
8.31
8.32
8.29
8.36
8.38
8.4
8.37
8.34
8.29
8.33
8.3
8.32
8.33
8.38
8.34
8.4
8.38
8.36
8.34
8.34
8.39
8.33
8.36
8.3
8.28
8.37
8.29
8.35
8.36
8.37
8.36
8.36
8.36
8.3
8.3
8.37
8.37
8.28
8.57
8.28
8.33
8.34
8.32
8.28
8.3
8.34
8.3
8.36
8.36
8.3
8.3
8.3
8.24
8.27
8.25
8.33
8.3
8.31
8.32
8.33
8.34
8.33
8.33
8.29
8.33
8.34
8.34
8.35
8.4
8.3
8.3
8.28
8.27
8.3
8.3
8.3
8.28
8.28
8.48
8.49
8.36
8.39
8.44
8.48
8.5
8.44
8.39
8.43
10.99
10.73
11.5
11.13
11.06
11.75
11.75
11.75
12.93
15.07
13.19
10.12
9.5
9.53
9.85
9.84
9.82
9.7
8.9
8.84
9.2
9.19
9.17
9.08
9.1
9.1
9.1
11.19
11.5
11.25
11.12
10.74
10.92
12.11
12.12
12.73
13.95
10.85
10.38
10.75
10.68
10.55
10.74
10.61
10.68
10.42
10.6
11.66
11.44
11.74
11.76
11.86
11.82
11.33
11.02
10.76
10.99
11.29
11.05
10.82
10.7
10.79
10.79
10.73
10.72
10.8
10.95
10.92
10.88
10.84
10.82
10.76
10.71
10.82
11.1
10.89
10.64
10.7
10.7
10.69
10.76
10.77
10.69
10.71
10.58
10.68
10.6
10.64
10.27
10.28
10.26
10.28
10.18
9.94
10.0
11.15
11.42
11.5
10.9
10.55
10.58
10.54
10.55
10.86
10.68
10.63
10.88
10.73
10.75
10.73
10.6
10.55
10.52
10.31
10.32
10.34
10.32
10.31
10.31
10.3
10.25
10.3
10.2
10.19
10.9
10.48
10.4
10.47
10.44
10.36
10.4
10.3
10.39
10.35
10.33
10.35
10.26
10.3
10.3
10.37
10.28
10.24
10.35
10.29
10.29
10.22
10.3
10.3
10.27
10.29
10.23
10.27
10.2
10.25
10.17
10.48
10.27
10.48
10.71
10.62
10.73
10.75
10.65
10.5
10.4
10.5
10.42
10.53
10.46
11.52
13.73
13.16
13.15
12.34
12.67
14.61
12.1
12.2
11.08
11.13
11.15
11.1
11.1
11.1
11.0
11.08
11.07
11.52
12.83
12.88
12.78
12.77
12.55
12.88
12.89
12.7
13.0
12.6
12.85
12.45
12.7
12.36
12.24
12.21
12.2
12.31
12.44
12.43
12.2
12.42
12.38
12.38
12.34
12.28
12.38
12.22
12.37
12.46
14.77
14.19
14.09
14.64
14.07
14.03
13.86
12.79
13.19
13.86
13.87
13.71
13.96
14.25
14.07
13.94
13.88
14.14
13.98
13.7
13.89
13.92
13.86
13.88
13.9
13.95
13.85
14.04
14.22
14.16
14.1
14.15
14.13
14.11
14.1
14.17
14.1
14.2
13.92
14.09
14.04
13.98
14.05
14.1
13.9
14.11
14.02
14.02
13.96
13.91
13.82
13.77
13.75
13.9
13.86
13.84
13.81
13.7
13.71
13.73
13.7
13.75
13.75
13.75
13.91
13.74
13.72
13.75
13.7
13.65
13.68
13.7
13.65
13.7
13.62
13.68
13.68
13.67
13.7
13.67
13.69
13.78
13.81
13.68
13.67
13.69
13.7
13.68
13.64
13.58
13.57
13.58
13.61
13.5
13.58
13.61
13.65
13.77
13.6
13.54
13.63
13.71
13.72
13.72
13.6
13.66
13.61
13.55
13.5
13.54
13.58
13.55
13.6
13.59
13.65
13.66
13.6
13.52
13.67
13.6
13.65
13.65
13.67
13.67
13.57
13.56
13.57
13.66
13.6
13.68
13.56
13.62
13.64
13.39
13.38
13.47
13.38
13.39
13.4
13.45
13.41
13.47
13.41
13.48
13.44
13.52
13.49
13.45
13.42
13.4
13.47
13.47
13.47
13.6
13.46
13.29
13.3
13.3
13.29
13.3
13.45
13.33
13.45
13.27
13.47
13.38
13.38
13.32
13.37
13.35
13.33
13.3
13.52
13.39
13.38
13.33
13.32
13.23
13.2
13.31
13.21
13.31
13.3
13.2
13.2
13.2
13.25
13.25
13.2
13.16
13.2
13.01
13.09
13.02
13.09
13.11
13.09
13.1
13.07
13.09
13.06
13.19
13.07
13.15
13.07
13.1
13.08
13.44
13.26
13.42
13.45
13.56
13.43
13.45
13.35
13.33
13.32
13.55
13.42
13.28
13.41
13.31
13.4
13.31
13.41
13.39
13.39
13.22
13.21
13.17
13.31
13.31
13.28
13.14
13.05
12.91
13.13
13.28
12.82
12.94
12.7
12.56
12.68
12.68
12.68
12.78
12.87
12.84
12.83
12.7
12.77
12.74
12.6
12.72
13.29
13.25
13.15
13.41
13.22
13.34
13.37
13.39
13.22
13.42
13.3
13.08
12.98
12.94
12.82
12.83
13.03
13.0
12.86
13.0
13.0
13.0
13.01
13.14
13.14
13.13
13.1
13.1
13.0
12.96
13.0
13.2
13.23
13.23
13.2
13.15
13.19
13.02
13.11
13.04
13.06
13.2
13.21
13.0
13.02
12.9
12.86
13.09
13.03
13.05
13.17
13.16
13.04
12.93
12.92
12.88
12.94
12.88
12.94
12.92
12.89
12.92
13.0
13.0
12.99
12.76
12.89
12.9
12.92
12.98
12.96
12.96
12.99
13.14
13.01
13.01
12.98
12.96
13.12
13.08
13.05
13.14
13.16
13.25
13.24
13.17
13.17
13.23
13.4
13.38
13.51
13.26
13.24
13.21
13.18
13.08
13.04
13.14
13.0
13.21
13.2
13.18
13.17
13.17
13.2
13.17
13.17
13.17
13.19
13.16
13.07
13.15
13.1
13.13
13.18
13.28
13.14
13.16
13.19
13.19
13.17
13.13
13.18
13.19
13.19
13.15
13.13
13.22
13.22
13.13
13.31
13.37
13.22
13.3
13.29
13.23
13.28
13.29
13.3
13.28
13.25
13.28
13.28
13.27
13.11
13.22
13.05
13.24
13.26
13.15
13.1
13.19
13.17
13.44
13.23
13.41
13.26
13.34
13.32
13.35
13.25
13.23
13.1
13.07
13.06
13.07
13.07
13.1
13.06
13.07
13.09
13.09
13.12
13.05
13.08
13.07
13.09
13.06
13.12
13.08
13.02
13.12
13.23
13.11
13.17
13.17
13.16
13.17
13.08
13.13
13.17
13.17
13.09
13.23
13.18
13.17
13.11
13.11
13.2
13.18
13.1
13.1
13.1
13.16
13.15
13.1
13.05
13.03
13.13
13.01
13.02
13.0
13.1
13.04
12.88
12.87
12.9
12.9
12.89
12.9
12.89
13.1
12.97
12.95
12.81
12.81
12.81
12.85
12.85
12.86
12.81
12.88
12.84
12.81
12.85
12.85
12.8
12.8
12.81
12.85
12.81
12.83
12.92
12.9
12.92
12.81
12.9
12.95
12.89
12.98
12.99
12.98
12.95
12.96
12.96
12.96
12.86
13.0
12.94
13.0
12.99
12.99
12.99
12.99
12.87
13.01
12.97
12.96
12.96
12.94
12.96
12.9
12.9
12.98
12.98
12.89
12.89
12.89
12.89
12.9
12.99
12.88
12.84
12.82
12.8
12.83
12.8
12.79
12.78
12.75
12.75
12.75
12.75
12.75
12.72
12.71
12.7
12.71
12.76
12.69
12.67
12.61
12.61
12.61
12.64
12.64
12.74
12.69
12.78
12.78
12.69
12.67
12.67
12.67
12.65
12.66
12.66
12.65
12.66
12.66
12.65
12.65
12.65
12.73
12.65
12.65
12.78
12.65
12.72
12.7
12.68
12.65
12.68
12.65
12.65
12.65
12.65
12.65
12.65
12.65
12.75
12.65
12.65
12.51
12.56
12.56
12.58
12.5
12.5
12.41
12.44
12.44
12.6
12.42
12.43
12.64
12.6
12.43
12.44
12.44
12.44
12.44
12.44
12.4
12.38
12.2
12.16
12.16
12.18
12.18
12.16
12.18
12.08
12.14
12.13
12.12
12.12
12.12
12.06
12.04
12.01
12.1
12.1
12.13
12.14
12.22
12.44
12.23
12.23
12.15
12.25
12.25
12.25
12.25
12.25
12.24
12.24
12.45
12.3
12.25
12.16
12.04
12.2
12.04
12.1
12.1
12.19
12.25
12.25
12.2
12.2
12.19
12.2
12.03
12.16
12.79
12.52
12.36
12.37
12.33
12.37
12.22
12.31
12.15
12.1
12.1
12.19
12.1
12.19
12.2
12.11
12.1
12.1
12.03
12.1
12.1
12.1
12.1
12.17
12.02
12.02
12.11
11.94
12.15
12.15
12.15
12.17
12.15
12.15
12.15
12.09
12.17
12.05
12.16
12.04
12.14
12.15
12.15
12.15
12.05
12.03
12.0
12.12
12.12
12.12
12.12
12.2
12.2
12.13
12.63
12.58
12.58
12.62
12.46
12.51
12.49
12.49
12.49
12.49
12.32
12.1
12.32
12.27
12.1
12.17
12.34
12.48
12.5
12.31
12.36
12.27
12.49
12.27
12.26
12.27
12.27
12.41
12.48
12.48
12.4
12.36
12.37
12.26
12.64
12.57
12.38
12.38
12.3
12.37
12.39
12.55
12.38
13.25
12.71
12.85
12.55
12.79
12.75
12.45
12.38
12.87
12.65
12.97
12.81
12.84
12.83
12.79
12.77
12.7
12.7
12.64
12.64
12.69
12.69
12.7
12.7
12.7
12.63
12.57
12.6
12.62
12.7
12.65
12.75
12.61
12.55
12.65
12.65
12.66
12.67
12.68
12.66
12.68
12.68
12.71
12.71
12.74
12.7
12.7
12.7
12.7
12.62
12.59
12.61
12.69
12.61
12.67
12.62
12.86
12.69
12.65
12.64
12.74
12.73
12.73
12.65
12.96
12.68
12.64
12.64
12.84
12.65
12.72
12.65
12.71
12.7
12.63
12.75
12.73
12.72
12.74
12.7
12.64
12.71
13.0
12.99
12.5
12.42
12.42
12.38
12.4
12.54
12.24
12.32
12.23
12.31
12.2
12.3
12.14
12.01
12.0
12.26
12.14
12.06
12.1
12.1
12.17
12.13
12.22
12.1
12.37
12.27
12.32
12.25
12.25
12.25
12.25
12.27
12.27
12.27
12.27
12.27
12.31
12.27
12.27
12.31
12.37
12.38
12.37
12.28
12.43
12.32
12.38
12.39
12.37
12.36
12.35
12.36
12.3
12.3
12.35
12.35
12.26
12.26
12.26
12.26
12.34
12.25
12.32
12.3
12.3
12.37
12.25
12.24
12.26
12.25
12.26
12.26
12.33
12.34
12.33
12.58
12.54
12.92
12.72
12.74
12.64
12.69
12.82
13.21
12.95
13.01
13.0
13.04
12.87
13.03
13.02
12.85
13.0
13.0
13.0
13.0
13.12
13.05
12.95
13.0
13.06
13.21
13.39
13.22
13.17
13.03
13.19
13.19
13.21
13.29
13.17
13.25
13.23
13.12
13.08
13.18
13.17
13.14
13.14
13.14
13.21
13.21
13.14
13.18
13.05
13.17
13.17
13.03
13.03
13.03
13.14
13.03
13.03
13.03
13.21
13.22
13.28
13.2
13.03
13.03
13.18
13.04
13.14
13.42
13.29
13.38
13.12
13.38
13.45
13.44
13.39
13.34
13.34
13.29
13.15
13.26
13.3
16.13
17.6
17.2
17.02
17.9
18.55
18.55
18.55
18.55
20.41
23.06
23.6
23.9
24.5
23.88
23.8
23.46
24.3
24.16
25.0
22.01
21.28
20.54
19.7
20.0
19.94
18.85
18.74
19.05
19.05
19.4
18.52
18.34
17.97
18.15
18.0
18.15
17.74
18.19
17.55
17.5
17.7
17.4
17.52
17.5
17.2
17.3
17.49
19.08
18.5
17.79
17.2
17.32
17.1
17.61
17.32
17.4
17.08
17.37
17.02
17.07
16.96
16.93
16.5
16.58
16.56
16.54
16.36
16.51
16.94
16.9
16.84
16.84
16.7
16.9
17.05
16.99
17.03
16.97
17.03
17.04
17.05
17.0
16.81
17.35
17.58
17.01
17.09
17.12
17.06
17.0
16.88
16.99
17.01
17.14
17.37
17.04
16.86
16.96
16.93
16.74
16.86
16.8
16.7
16.63
17.0
21.34
21.38
20.83
20.75
20.75
22.58
23.27
22.49
22.37
21.02
19.54
19.52
19.1
19.22
19.2
19.03
18.61
18.69
18.19
18.48
17.9
17.82
17.76
17.22
17.17
17.22
17.0
16.96
17.2
17.7
18.55
18.92
19.19
19.18
18.82
19.07
19.06
18.55
18.49
18.35
18.25
18.42
18.9
18.77
18.82
18.76
18.77
18.69
18.25
18.12
18.08
17.8
17.94
17.99
17.96
17.86
17.78
17.75
18.94
18.35
19.0
18.69
18.23
18.35
18.39
18.22
18.79
18.84
18.25
18.27
18.37
18.4
18.26
18.17
18.35
18.43
18.7
18.7
18.66
18.4
18.41
18.51
18.5
18.5
18.59
18.42
18.4
19.18
18.25
18.35
18.54
18.53
18.44
18.4
18.45
18.44
18.35
18.33
18.33
18.46
18.35
18.28
18.31
18.45
18.11
18.19
18.17
18.24
18.2
18.21
18.24
18.32
18.23
18.28
18.2
18.17
18.31
18.22
18.2
18.2
18.16
18.19
18.3
18.14
18.12
18.2
18.04
18.16
18.01
18.09
18.2
18.12
18.15
18.15
18.03
18.14
18.05
18.09
18.11
18.0
18.01
18.16
18.04
18.0
18.09
18.05
18.13
18.2
18.26
18.2
18.2
18.14
18.29
18.1
18.54
18.5
18.4
18.37
18.29
18.2
18.1
18.19
18.5
18.16
18.4
18.19
18.19
18.18
18.28
18.28
18.18
18.18
18.1
18.2
18.12
18.12
18.09
18.25
18.1
18.1
18.22
18.08
18.1
18.26
18.1
18.05
18.05
18.09
18.12
18.2
18.17
18.1
18.03
18.11
18.12
18.29
18.07
18.07
18.01
18.05
18.05
18.17
18.07
18.04
18.15
18.05
18.15
17.95
17.9
17.95
18.05
17.91
17.88
18.0
17.69
17.88
17.75
17.87
17.76
17.71
17.79
17.75
17.77
17.77
17.85
17.92
17.89
17.85
17.88
17.87
17.99
18.09
18.11
18.23
18.3
17.97
18.25
18.05
18.01
18.04
17.98
18.04
17.78
17.81
17.78
17.81
17.77
17.77
17.77
17.8
17.68
17.86
17.75
17.9
17.9
17.91
17.71
17.69
17.71
17.85
17.9
17.89
17.87
18.02
17.88
17.88
17.8
18.04
17.99
17.99
17.99
18.0
18.0
18.04
18.04
17.93
17.93
17.93
17.68
17.77
17.71
17.75
17.77
17.77
17.68
17.68
17.7
17.84
17.68
17.68
17.83
17.83
17.77
18.09
17.65
17.65
17.47
17.59
17.58
17.42
17.54
17.42
17.42
17.47
18.64
22.0
20.99
19.6
18.73
18.72
18.79
18.24
18.13
18.14
18.0
17.87
17.96
17.88
18.0
18.0
17.7
17.97
17.99
17.96
17.9
17.89
17.92
18.02
17.95
18.1
17.9
17.8
17.75
17.7
17.82
17.67
17.6
17.65
17.65
17.68
17.58
17.62
17.5
17.34
17.12
17.17
17.18
17.13
16.89
16.83
16.68
16.44
16.7
16.7
16.71
16.59
16.13
15.8
15.89
15.73
15.83
15.82
15.78
15.65
15.72
16.21
16.74
16.31
16.04
16.16
16.1
16.07
16.2
16.35
16.19
16.28
16.49
17.18
16.96
16.71
16.64
16.65
16.56
16.65
16.75
16.5
16.57
16.59
16.32
16.21
16.34
16.19
16.12
16.1
16.25
18.0
16.44
16.31
16.48
16.27
16.26
16.14
16.16
16.1
15.91
15.91
15.91
16.06
16.0
15.89
15.89
15.91
15.7
17.16
16.09
16.1
15.93
16.2
16.0
15.8
16.0
15.96
15.89
15.95
16.5
16.2
16.0
15.95
15.99
15.87
15.99
15.82
16.07
16.08
16.05
16.03
15.83
15.77
15.75
15.7
15.72
15.73
15.71
15.62
15.7
15.58
15.59
15.56
15.56
15.54
15.74
15.8
15.7
15.82
15.79
15.63
15.64
15.6
15.98
16.27
16.04
15.68
15.68
15.94
15.73
15.67
15.7
15.7
16.9
16.48
16.45
17.3
17.7
16.98
16.87
16.58
16.7
17.41
18.6
17.7
16.92
16.35
16.43
16.4
16.63
16.35
17.05
16.3
16.12
15.97
16.12
15.94
15.93
15.65
15.92
15.96
15.7
15.95
15.94
15.71
15.86
16.16
16.05
16.02
16.07
16.87
15.82
16.23
15.97
16.07
16.06
16.05
16.04
16.05
16.49
16.4
16.0
16.12
16.11
16.04
16.08
15.9
16.02
15.84
16.04
16.01
15.82
15.83
15.82
16.0
15.8
15.97
16.0
15.85
15.85
16.02
16.1
16.08
16.09
16.0
16.09
16.24
16.04
16.0
16.0
16.0
15.87
15.71
15.98
15.81
16.17
16.0
15.97
15.87
15.71
15.9
15.86
15.71
16.05
15.82
16.15
16.04
15.71
15.85
15.86
15.82
15.82
15.8
15.9
15.97
15.88
15.96
15.97
15.8
15.94
16.03
15.88
15.78
16.07
15.99
15.9
15.97
15.87
15.76
15.91
15.76
15.99
15.81
15.93
15.87
15.72
15.75
15.89
15.9
15.9
15.8
15.82
15.98
15.94
15.9
15.88
16.04
15.83
16.01
16.04
15.86
15.87
15.86
15.98
16.07
15.95
16.07
16.07
16.02
16.03
16.03
16.03
16.05
16.05
16.02
16.03
16.02
15.98
16.07
15.96
16.0
16.43
16.22
16.21
16.33
16.27
16.27
16.29
16.4
16.45
16.04
16.05
16.19
16.19
16.06
16.1
16.11
15.93
16.1
16.28
16.25
16.21
16.2
16.0
15.94
16.24
16.0
15.92
16.2
16.01
16.07
16.03
16.15
15.92
16.02
15.91
15.9
15.95
15.95
16.06
16.13
16.03
16.14
16.02
16.1
16.14
16.01
16.01
16.0
16.0
16.0
15.92
15.87
15.9
15.82
15.9
15.44
15.2
15.31
15.47
15.44
15.41
15.28
15.31
15.49
15.3
15.29
15.29
15.09
15.08
15.05
15.21
15.15
15.13
14.82
14.74
14.64
14.4
14.37
14.0
13.93
13.99
14.0
13.93
14.36
14.36
14.3
14.28
14.13
14.25
14.1
14.24
14.11
14.11
14.3
14.23
14.3
14.31
14.31
13.93
13.83
13.86
13.95
13.75
13.71
13.68
13.63
13.76
13.3
13.22
13.01
12.82
12.58
12.4
12.3
12.4
12.41
12.55
13.69
14.1
13.75
13.79
13.8
13.67
13.66
13.64
13.51
13.75
13.7
13.7
13.65
13.7
13.61
13.68
13.66
14.84
13.65
14.35
14.36
14.57
14.55
14.55
14.17
14.3
14.99
14.76
14.89
14.81
14.79
14.72
14.73
15.1
15.1
14.99
15.03
14.83
14.6
14.7
14.57
14.63
14.73
14.65
14.57
14.65
14.42
14.57
14.55
14.59
14.9
14.57
14.64
14.59
14.64
14.59
14.63
14.57
14.29
14.39
14.38
14.3
14.31
14.22
14.16
14.16
14.29
14.63
14.41
14.94
14.44
14.67
14.39
14.3
14.36
14.74
14.34
14.32
14.42
14.34
14.42
14.12
14.12
14.18
14.5
14.47
14.47
14.47
14.5
14.18
14.65
14.71
14.42
14.71
14.8
14.5
14.59
14.77
14.8
15.13
15.11
14.9
15.12
15.09
15.08
15.09
14.76
14.75
14.73
14.63
14.61
14.6
14.61
14.44
14.1
13.83
13.94
14.09
14.09
14.16
14.25
14.12
14.43
14.43
14.72
14.68
14.62
14.65
14.88
14.9
14.87
15.24
16.72
16.59
16.23
16.0
16.6
16.33
15.87
16.08
16.38
15.8
15.62
15.55
15.78
15.73
15.69
15.52
15.46
16.26
15.86
16.04
16.11
16.28
16.34
16.22
15.96
15.46
15.3
15.7
15.6
15.0
15.01
15.1
14.24
14.57
14.35
13.76
14.19
14.19
12.8
13.5
13.05
13.51
13.44
13.49
13.27
13.8
13.61
12.8
10.4
10.9
11.3
10.52
11.42
10.55
10.52
10.47
10.57
11.61
11.43
11.21
12.19
11.45
12.0
12.28
12.25
12.38
12.5
12.3
12.0
12.0
12.2
11.97
11.88
12.68
11.93
11.29
11.95
11.95
12.3
12.2
12.37
12.03
12.39
12.06
12.1
12.0
12.22
12.54
12.37
12.26
12.59
12.6
12.1
12.13
12.1
12.13
12.2
12.46
12.36
12.29
12.2
12.24
12.27
12.26
12.16
12.09
12.1
12.0
12.03
12.03
12.1
12.0
12.33
12.3
12.21
12.21
12.11
12.06
12.1
12.05
12.05
12.03
12.18
14.21
14.88
15.39
15.6
15.89
15.5
15.95
15.99
15.33
15.33
14.55
13.93
13.75
13.62
13.74
13.63
13.72
13.57
13.57
13.56
13.28
13.3
13.2
13.21
13.1
13.1
13.25
13.17
13.17
13.25
13.59
13.4
13.66
16.0
14.94
14.33
14.62
14.0
14.09
13.95
13.9
13.6
13.5
13.87
13.79
13.59
13.83
13.6
13.72
14.18
14.19
14.28
14.1
14.33
14.3
14.1
14.25
13.83
13.91
13.92
13.91
13.84
13.83
13.75
13.71
13.89
13.76
13.6
13.54
13.67
13.62
13.63
13.7
13.81
13.75
14.25
13.56
13.64
14.01
14.04
13.52
13.52
13.74
13.55
13.73
13.5
13.6
13.66
13.65
13.6
13.65
13.56
13.48
13.68
13.42
13.52
13.49
13.45
13.48
13.49
13.4
13.4
13.4
13.36
13.4
13.39
13.39
13.63
13.5
13.33
13.34
13.31
13.39
13.34
13.31
13.37
12.94
13.24
13.0
12.81
12.91
12.7
12.93
13.0
13.07
13.0
13.18
13.16
13.02
13.12
13.26
13.22
13.11
13.1
13.22
13.22
13.16
13.12
13.25
13.23
13.2
13.23
13.3
13.16
13.3
13.18
13.18
13.17
13.17
13.02
13.0
13.0
13.04
13.07
13.09
12.98
13.08
13.05
12.8
12.89
12.8
12.85
12.86
12.75
12.81
12.79
12.98
12.99
12.87
12.78
12.84
12.73
12.81
12.7
12.69
13.1
12.74
12.71
12.76
12.8
12.78
12.91
12.96
12.95
12.84
12.8
12.83
12.83
12.66
12.81
12.81
12.82
12.86
12.71
12.71
12.61
12.71
12.8
12.62
12.56
12.64
12.52
12.5
12.6
12.82
12.75
12.71
12.71
12.76
12.76
12.55
12.66
12.76
12.56
12.51
12.49
12.62
12.63
12.63
12.63
12.63
12.77
12.77
12.8
12.65
12.77
12.89
13.0
13.0
12.86
12.91
12.92
12.97
12.97
12.9
12.98
12.93
12.9
12.89
12.9
12.93
12.93
12.85
12.85
12.85
12.85
12.85
12.88
12.63
12.66
12.67
12.57
12.57
12.68
12.88
12.9
12.58
12.59
12.77
12.59
12.73
12.87
12.76
12.58
12.57
12.41
12.45
12.48
12.48
12.49
12.49
12.52
12.55
12.31
12.43
12.35
12.33
12.28
12.41
12.48
12.44
12.55
12.8
12.66
12.74
12.6
12.66
12.66
12.73
12.39
12.63
12.66
12.66
12.59
12.6
12.71
12.68
12.68
12.67
12.88
12.79
12.91
12.8
12.83
12.9
12.72
12.75
12.8
12.7
12.56
12.44
12.41
12.54
12.38
12.26
12.36
12.35
12.28
12.18
12.19
12.13
12.02
12.13
12.13
12.13
12.12
12.12
12.12
12.12
12.24
12.03
12.12
12.06
12.1
12.02
12.02
12.09
12.05
12.09
12.02
12.08
12.09
12.0
12.24
12.15
12.11
12.15
11.89
11.93
12.0
11.99
12.02
11.9
11.99
11.94
11.99
11.94
11.99
12.03
12.03
12.0
12.1
12.27
12.25
12.18
12.2
12.12
12.05
12.13
12.03
12.11
12.09
12.07
12.08
12.08
12.03
12.1
12.03
12.09
12.07
12.06
12.04
12.0
12.0
12.06
12.02
12.0
11.91
12.03
11.96
11.8
11.8
11.78
11.94
11.95
11.84
12.08
12.15
12.11
12.04
12.0
12.02
12.15
12.35
12.07
12.14
12.12
12.1
12.09
12.0
12.02
12.02
12.09
12.09
12.11
12.16
12.2
12.16
12.14
12.13
12.11
12.08
12.08
12.77
12.65
12.12
12.2
12.14
12.37
12.23
12.21
12.13
12.13
12.13
12.1
12.09
12.06
12.15
12.4
12.39
12.19
12.41
12.37
12.18
12.21
12.13
12.14
12.4
12.17
12.21
12.1
12.2
12.19
12.19
12.19
12.19
12.19
12.2
12.13
12.16
12.22
12.15
12.13
12.17
12.2
12.13
12.14
12.14
12.1
12.1
12.16
12.18
12.02
12.09
12.17
12.15
12.13
12.09
12.13
12.1
12.34
12.01
