close
0.07281
0.07075
0.075
0.07032
0.063
0.06275
0.063
0.06231
0.063
0.06851
0.069
0.068
0.068
0.06801
0.068
0.068
0.068
0.068
0.06551
0.068
0.068
0.068
0.068
0.068
0.06944
0.068
0.0685
0.0686
0.0686
0.0686
0.0687
0.0687
0.0687
0.0688
0.0688
0.0688
0.0691
0.069
0.07097
0.0689
0.07497
0.07497
0.074
0.074
0.07479
0.075
0.0755
0.076
0.076
0.0755
0.076
0.076
0.076
0.0777
0.077
0.077
0.077
0.07777
0.078
0.078
0.07777
0.08
0.08
0.0829
0.08499
0.083
0.084
0.08153
0.087
0.0849
0.08699
0.085
0.086
0.08477
0.082
0.08401
0.08401
0.08508
0.086
0.086
0.07602
0.08597
0.085
0.08501
0.08601
0.08601
0.08699
0.0865
0.0883
0.086
0.08799
0.0765
0.08795
0.086
0.0885
0.0875
0.0885
0.0925
0.09249
0.09249
0.09011
0.094
0.08501
0.09
0.09004
0.09199
0.08757
0.09001
0.0889
0.09
0.09
0.08856
0.0895
0.091
0.09005
0.08504
0.089
0.089
0.08901
0.08001
0.08019
0.08209
0.0885
0.0885
0.0885
0.09156
0.08789
0.08399
0.08777
0.08778
0.08701
0.08241
0.08998
0.08998
0.085
0.09
0.08307
0.08261
0.08369
0.082
0.08298
0.08187
0.08249
0.0819
0.08009
0.08564
0.08491
0.0849
0.08561
0.08561
0.09
0.09
0.09059
0.092
0.09
0.088
0.08802
0.08976
0.0888
0.09
0.08803
0.088
0.0875
0.08751
0.08851
0.08849
0.08851
0.08901
0.087
0.088
0.088
0.088
0.088
0.08513
0.0885
0.0885
0.0885
0.086
0.0885
0.089
0.09
0.09
0.09
0.09
0.09
0.09
0.08113
0.09087
0.088
0.08801
0.08801
0.088
0.088
0.08901
0.08888
0.08888
0.093
0.08101
0.08901
0.0891
0.08906
0.08902
0.09
0.08861
0.09
0.09
0.099
0.094
0.0966
0.0899
0.0899
0.0895
0.0895
0.0895
0.089
0.089
0.089
0.09
0.0881
0.0871
0.0889
0.089
0.09
0.094
0.089
0.0928
0.089
0.095
0.0949
0.0901
0.088
0.09
0.09
0.0901
0.09
0.09
0.0855
0.0857
0.0856
0.0859
0.0844
0.09
0.089
0.089
0.09
0.09
0.0767
0.088
0.088
0.0899
0.0899
0.0871
0.0801
0.0885
0.0885
0.088
0.088
0.08
0.0886
0.0886
0.0907
0.0881
0.0821
0.0821
0.088
0.0876
0.0879
0.088
0.0887
0.0877
0.0842
0.0885
0.0885
0.09
0.09
0.0908
0.09
0.09
0.09
0.09
0.0899
0.0899
0.0803
0.09
0.09
0.09
0.0891
0.0987
0.0987
0.09
0.0861
0.084
0.0883
0.0884
0.0883
0.0845
0.0899
0.0899
0.0899
0.091
0.0844
0.099
0.099
0.087
0.0882
0.09
0.087
0.0834
0.0897
0.0888
0.0883
0.091
0.0846
0.092
0.0919
0.0901
0.0855
0.0899
0.0898
0.0899
0.09
0.092
0.092
0.099
0.0925
0.0931
0.0911
0.088
0.0912
0.09
0.0912
0.0912
0.09
0.09
0.0899
0.089
0.089
0.089
0.092
0.0911
0.0884
0.0885
0.0885
0.0881
0.0851
0.088
0.0879
0.0852
0.0852
0.0852
0.0845
0.0847
0.084
0.084
0.0844
0.084
0.0844
0.0843
0.084
0.0832
0.0812
0.0835
0.0836
0.0845
0.0821
0.0848
0.0845
0.085
0.0825
0.0839
0.082
0.0848
0.083
0.0805
0.0829
0.0829
0.0829
0.082
0.0819
0.082
0.0818
0.0817
0.0829
0.0811
0.0835
0.0822
0.0849
0.08
0.0822
0.071
0.071
0.0709
0.07
0.0725
0.0721
0.0721
0.071
0.0709
0.0716
0.0709
0.068
0.0707
0.071
0.0701
0.0706
0.0712
0.0701
0.07
0.0728
0.071
0.0722
0.071
0.0692
0.0696
0.0707
0.0707
0.0699
0.0701
0.07
0.069
0.0686
0.0658
0.0675
0.0669
0.067
0.0689
0.0681
0.0675
0.0675
0.0677
0.0676
0.0675
0.068
0.0676
0.0678
0.0667
0.0677
0.0677
0.0685
0.0688
0.072
0.07
0.0682
0.0695
0.069
0.0697
0.0697
0.0691
0.07
0.069
0.0698
0.0697
0.067
0.069
0.0688
0.0697
0.067
0.0678
0.0691
0.0695
0.0671
0.069
0.0706
0.0695
0.0697
0.0725
0.0714
0.0712
0.0712
0.0713
0.0671
0.0705
0.0691
0.0704
0.0709
0.071
0.0715
0.0719
0.072
0.072
0.072
0.065
0.069
0.0688
0.0712
0.071
0.0729
0.0721
0.0758
0.075
0.0746
0.0731
0.0747
0.0733
0.0751
0.0723
0.0746
0.0722
0.0742
0.0744
0.0737
0.0735
0.074
0.0729
0.0744
0.0746
0.0749
0.0755
0.0744
0.075
0.0756
0.0726
0.0743
0.0753
0.071
0.071
0.07
0.0701
0.0719
0.0705
0.0691
0.0733
0.071
0.073
0.0698
0.0731
0.0728
0.072
0.0719
0.0698
0.0713
0.0695
0.0697
0.0704
0.0677
0.067
0.067
0.067
0.0679
0.0682
0.0676
0.0684
0.0677
0.0671
0.0665
0.0671
0.0677
0.0672
0.0673
0.067
0.0674
0.067
0.0651
0.0669
0.0671
0.0686
0.0686
0.0687
0.071
0.0711
0.0735
0.0728
0.0718
0.071
0.0717
0.0717
0.0704
0.0701
0.0703
0.07
0.0707
0.0702
0.0704
0.07
0.0706
0.0704
0.0706
0.0682
0.0697
0.0697
0.0691
0.0697
0.0697
0.07
0.0691
0.069
0.0681
0.068
0.068
0.069
0.0704
0.0702
0.0693
0.0694
0.0692
0.0681
0.0685
0.068
0.0684
0.068
0.0678
0.0693
0.0665
0.0675
0.0675
0.0662
0.0653
0.0675
0.0675
0.0673
0.0673
0.066
0.0651
0.0667
0.067
0.0673
0.0664
0.067
0.068
0.0674
0.066
0.0673
0.0669
0.0655
0.0698
0.0666
0.0656
0.0642
0.0642
0.0645
0.0629
0.0624
0.0633
0.063
0.062
0.0623
0.0625
0.0613
0.0613
0.0612
0.0613
0.062
0.0615
0.0605
0.0617
0.0617
0.0605
0.0606
0.0611
0.0613
0.0613
0.0618
0.0618
0.0615
0.0615
0.0613
0.0622
0.06
0.061
0.061
0.06
0.0615
0.0611
0.0616
0.0614
0.0613
0.0608
0.0614
0.0614
0.0609
0.0613
0.0614
0.0613
0.0609
0.0609
0.0608
0.0624
0.0617
0.0617
0.0612
0.061
0.0619
0.0619
0.0645
0.0614
0.0634
0.0604
0.0627
0.0602
0.0606
0.0606
0.0604
0.0608
0.0613
0.0604
0.0578
0.0575
0.059
0.059
0.0595
0.0573
0.0598
0.059
0.0595
0.0599
0.0567
0.0585
0.0563
0.0571
0.0573
0.0567
0.0567
0.0567
0.0555
0.0559
0.056
0.0553
0.0543
0.0559
0.0555
0.056
0.0542
0.0542
0.0542
0.0541
0.0542
0.0542
0.0542
0.0549
0.0549
0.054
0.055
0.0542
0.054
0.0531
0.0528
0.0532
0.0521
0.0519
0.0511
0.0518
0.0514
0.0514
0.0513
0.0514
0.0514
0.0514
0.0512
0.0511
0.0512
0.0512
0.0509
0.0512
0.0512
0.0505
0.0511
0.0503
0.0502
0.0502
0.0507
0.05
0.0504
0.05
0.0504
0.0504
0.0505
0.0505
0.0505
0.0505
0.0505
0.0508
0.0508
0.0508
0.0504
0.0505
0.0505
0.0509
0.0506
0.0514
0.0513
0.0518
0.052
0.052
0.0522
0.0522
0.052
0.052
0.052
0.051
0.0515
0.0545
0.0518
0.052
0.053
0.0502
0.052
0.052
0.0487
0.0508
0.0508
0.0508
0.0495
0.05
0.0519
0.0515
0.0515
0.0514
0.0515
0.0515
0.0502
0.0504
0.051
0.0512
0.0506
0.0509
0.0509
0.051
0.0514
0.0508
0.0515
0.051
0.0517
0.052
0.0529
0.0526
0.0527
0.0535
0.0546
0.0555
0.056
0.057
0.057
0.0549
0.0546
0.0546
0.0561
0.0561
0.0546
0.0581
0.0575
0.0584
0.056
0.056
0.0565
0.056
0.0579
0.0596
0.0576
0.0571
0.0571
0.0579
0.0561
0.0561
0.0561
0.0569
0.0532
0.056
0.0556
0.0559
0.0559
0.0562
0.0562
0.0566
0.054
0.0546
0.0531
0.0536
0.0538
0.0534
0.0541
0.0533
0.0533
0.0533
0.0544
0.0543
0.0543
0.0542
0.0533
0.0541
0.054
0.0555
0.0559
0.054
0.054
0.0539
0.0538
0.0554
0.0538
0.054
0.054
0.054
0.053
0.052
0.0514
0.0537
0.0525
0.052
0.0517
0.053
0.053
0.0529
0.0529
0.0516
0.0528
0.0517
0.053
0.053
0.0515
0.0534
0.0534
0.0535
0.0535
0.0544
0.0549
0.0543
0.0521
0.0552
0.0557
0.0562
0.0532
0.0552
0.0557
0.0538
0.0556
0.0577
0.0543
0.0557
0.0543
0.0536
0.0537
0.0539
0.0546
0.0547
0.0542
0.0538
0.0527
0.0548
0.0535
0.0513
0.0532
0.0526
0.0518
0.0525
0.0527
0.052
0.0526
0.0527
0.0528
0.0529
0.0525
0.0531
0.0544
0.054
0.0536
0.0543
0.0535
0.0533
0.0535
0.0533
0.0532
0.0521
0.052
0.052
0.052
0.0519
0.052
0.052
0.048
0.0511
0.0518
0.052
0.052
0.0524
0.0528
0.0529
0.0537
0.0537
0.0538
0.0559
0.052
0.0533
0.0528
0.0547
0.052
0.0536
0.0532
0.054
0.0533
0.0508
0.0516
0.0515
0.051
0.0517
0.051
0.051
0.0518
0.0517
0.0517
0.0518
0.0505
0.0506
0.0517
0.0506
0.0512
0.0516
0.0515
0.0515
0.0518
0.052
0.0518
0.0511
0.0513
0.0516
0.0523
0.05
0.051
0.051
0.0505
0.0509
0.051
0.0509
0.0506
0.0506
0.0498
0.0495
0.0498
0.0498
0.0495
0.0492
0.0492
0.0498
0.0505
0.0492
0.0503
0.0517
0.0515
0.0499
0.0501
0.0498
0.0498
0.05
0.05
0.0503
0.05
0.05
0.0486
0.05
0.0499
0.0499
0.0499
0.0497
0.05
0.05
0.05
0.05
0.05
0.0515
0.0503
0.05
0.05
0.049
0.049
0.0499
0.0492
0.048
0.0482
0.0489
0.0493
0.0487
0.0497
0.0503
0.0485
0.049
0.0483
0.0483
0.0484
0.0484
0.0488
0.048
0.0488
0.0487
0.0487
0.0499
0.0501
0.0488
0.0498
0.0496
0.0499
0.05
0.0501
0.0495
0.05
0.0495
0.0496
0.049
0.048
0.0499
0.047
0.047
0.0462
0.048
0.0475
0.0481
0.0482
0.046
0.0472
0.0472
0.0469
0.0477
0.0477
0.0475
0.0474
0.0482
0.048
0.047
0.047
0.047
0.0469
0.047
0.0462
0.046
0.046
0.046
0.046
0.0458
0.045
0.0454
0.0447
0.0453
0.0452
0.045
0.045
0.0448
0.0449
0.0453
0.045
0.045
0.045
0.045
0.0448
0.045
0.045
0.0454
0.0451
0.0454
0.0449
0.045
0.045
0.0449
0.0455
0.0452
0.0451
0.0448
0.0448
0.0448
0.0444
0.0448
0.0454
0.0448
0.0449
0.0453
0.0457
0.0457
0.0457
0.0457
0.0457
0.0457
0.0464
0.0463
0.0462
0.0462
0.0467
0.046
0.046
0.0468
0.048
0.0509
0.0511
0.0511
0.0503
0.0509
0.0497
0.0495
0.0498
0.0515
0.0515
0.0515
0.0515
0.0514
0.0502
0.0501
0.0512
0.052
0.052
0.0518
0.0519
0.0518
0.0515
0.0523
0.0521
0.0517
0.0518
0.0515
0.05
0.0507
0.0507
0.0503
0.0498
0.0498
0.0498
0.0509
0.0499
0.0491
0.0497
0.05
0.0468
0.047
0.0475
0.0473
0.0474
0.0477
0.047
0.0467
0.0462
0.045
0.0447
0.0448
0.0455
0.0482
0.0482
0.049
0.0474
0.0509
0.051
0.051
0.0488
0.05
0.0475
0.0483
0.0481
0.0485
0.0476
0.0484
0.0486
0.049
0.049
0.049
0.048
0.0486
0.0476
0.0475
0.0474
0.0476
0.0473
0.0479
0.05
0.05
0.05
0.05
0.05
0.05
0.05
0.05
0.0494
0.05
0.0503
0.0507
0.0509
0.05
0.0506
0.0512
0.0512
0.0501
0.0491
0.0491
0.051
0.0502
0.0506
0.0506
0.0497
0.0503
0.0509
0.0505
0.0505
0.0506
0.0496
0.0504
0.0505
0.0502
0.0503
0.0489
0.0505
0.05
0.0501
0.05
0.0505
0.0507
0.0514
0.051
0.0508
0.0507
0.0501
0.0504
0.0505
0.05
0.0504
0.0506
0.0515
0.0512
0.0499
0.0497
0.05
0.0487
0.0505
0.0509
0.051
0.0516
0.0525
0.051
0.0508
0.0508
0.0505
0.0509
0.0522
0.051
0.05
0.0506
0.0504
0.0504
0.0505
0.0503
0.05
0.0505
0.0502
0.0504
0.0504
0.0502
0.0498
0.0503
0.0515
0.0516
0.0501
0.0501
0.0505
0.0506
0.0548
0.0526
0.0535
0.0529
0.0525
0.053
0.0526
0.0537
0.0513
0.0515
0.0515
0.0522
0.0524
0.0529
0.0512
0.0511
0.0512
0.0505
0.0506
0.05
0.0502
0.0506
0.0507
0.0504
0.0504
0.0505
0.0505
0.0513
0.0509
0.0518
0.051
0.051
0.051
0.051
0.0503
0.0511
0.051
0.051
0.0506
0.0507
0.0504
0.0504
0.0507
0.0505
0.0506
0.0518
0.0516
0.0517
0.0517
0.0518
0.0522
0.0509
0.052
0.052
0.0515
0.0514
0.0525
0.0524
0.0524
0.0524
0.0516
0.0515
0.051
0.0533
0.0527
0.0521
0.0534
0.0519
0.0519
0.051
0.0511
0.0513
0.0514
0.0518
0.0514
0.0509
0.0513
0.0509
0.0514
0.0508
0.0519
0.0518
0.0518
0.051
0.051
0.0511
0.051
0.0511
0.0514
0.052
0.052
0.0515
0.0518
0.0517
0.0518
0.0518
0.0503
0.051
0.0515
0.0516
0.051
0.0516
0.0513
0.0515
0.0522
0.052
0.0507
0.0516
0.0519
0.0543
0.0546
0.0547
0.0541
0.0542
0.054
0.0551
0.0535
0.054
0.0535
0.0535
0.0578
0.0599
0.057
0.0611
0.06
0.0589
0.0598
0.0595
0.0586
0.058
0.0586
0.0583
0.0583
0.0593
0.0598
0.0603
0.0589
0.0606
0.0599
0.059
0.0574
0.0582
0.058
0.0596
0.0595
0.059
0.0603
0.061
0.0649
0.0642
0.0631
0.0645
0.0631
0.0625
0.0639
0.0625
0.0619
0.06
0.061
0.0614
0.0613
0.061
0.061
0.0608
0.0606
0.0596
0.06
0.0596
0.0597
0.061
0.0629
0.061
0.0614
0.0611
0.0601
0.0606
0.06
0.0605
0.059
0.0587
0.0583
0.0583
0.0576
0.0577
0.0579
0.0576
0.0588
0.0585
0.0585
0.0572
0.058
0.0621
0.0612
0.061
0.062
0.0636
0.0634
0.0632
0.0634
0.0632
0.0626
0.0626
0.0617
0.0615
0.0616
0.0616
0.0613
0.06
0.0615
0.0619
0.062
0.0629
0.0629
0.0628
0.0616
0.06
0.0595
0.0605
0.0604
0.0595
0.0598
0.0588
0.0596
0.0596
0.0572
0.0584
0.058
0.0584
0.0567
0.0577
0.0584
0.0579
0.0582
0.059
0.0587
0.0576
0.0576
0.058
0.0586
0.0587
0.0581
0.0578
0.0574
0.058
0.058
0.0587
0.058
0.0584
0.0587
0.0577
0.0582
0.0584
0.0582
0.0579
0.0581
0.0574
0.0576
0.0564
0.0565
0.057
0.0578
0.0584
0.0562
0.0573
0.0562
0.0585
0.057
0.0563
0.0563
0.0562
0.0561
0.0554
0.0555
0.0555
0.0555
0.0556
0.0551
0.0553
0.055
0.0553
0.055
0.055
0.0559
0.0553
0.055
0.0557
0.056
0.0576
0.0561
0.0575
0.0563
0.056
0.057
0.0567
0.0569
0.0541
0.0545
0.0548
0.055
0.055
0.0553
0.0568
0.0552
0.0552
0.0546
0.0545
0.055
0.055
0.0549
0.0558
0.0544
0.0543
0.0546
0.053
0.0554
0.054
0.0535
0.0525
0.0533
0.0537
0.0529
0.0522
0.0524
0.0523
0.0525
0.052
0.0517
0.0538
0.0536
0.0532
0.0523
0.0522
0.052
0.0523
0.0515
0.0517
0.0518
0.052
0.0524
0.051
0.051
0.051
0.0517
0.0519
0.0511
0.0517
0.0524
0.0515
0.0508
0.0508
0.0513
0.0512
0.0505
0.051
0.0518
0.0502
0.0504
0.0505
0.0508
0.0503
0.0505
0.0497
0.0498
0.0495
0.0498
0.0498
0.049
0.0494
0.0494
0.0492
0.0487
0.0486
0.0498
0.0493
0.049
0.049
0.049
0.0495
0.0475
0.0479
0.0475
0.0475
0.0475
0.0475
0.0475
0.0475
0.0476
0.048
0.0482
0.0484
0.0484
0.0484
0.0484
0.0488
0.0494
0.0503
0.0513
0.0501
0.0509
0.0509
0.0517
0.0515
0.0514
0.0509
0.0518
0.0507
0.0509
0.0503
0.0511
0.0503
0.0503
0.0482
0.0491
0.0485
0.0489
0.0484
0.0488
0.0484
0.0488
0.0476
0.0486
0.0484
0.0483
0.0483
0.0489
0.049
0.0499
0.0499
0.0491
0.0494
0.0494
0.0483
0.0499
0.0503
0.0503
0.0504
0.0488
0.0502
0.0502
0.0507
0.05
0.0504
0.0503
0.05
0.0498
0.0494
0.0494
0.0491
0.0489
0.0479
0.0484
0.0486
0.0486
0.0487
0.0487
0.0487
0.0489
0.0489
0.0492
0.0492
0.0486
0.0487
0.05
0.0482
0.0477
0.0485
0.0477
0.0486
0.0487
0.0487
0.049
0.0482
0.0474
0.0479
0.0485
0.049
0.0488
0.0502
0.05
0.05
0.0505
0.0506
0.0508
0.0509
0.0509
0.0509
0.051
0.0497
0.05
0.0497
0.0498
0.0498
0.051
0.0514
0.0515
0.0515
0.0518
0.0515
0.0516
0.0524
0.0525
0.0525
0.0506
0.0506
0.0513
0.0503
0.0502
0.05
0.051
0.0518
0.0517
0.0492
0.0511
0.0489
0.0514
0.0499
0.0498
0.0505
0.0505
0.0505
0.0517
0.051
0.0527
0.0518
0.0527
0.0526
0.0527
0.0526
0.051
0.0509
0.052
0.0528
0.0522
0.0522
0.0522
0.0522
0.052
0.0506
0.0504
0.051
0.0511
0.0502
0.0511
0.0498
0.05
0.05
0.05
0.051
0.0515
0.051
0.0517
0.05
0.0509
0.0523
0.0524
0.0526
0.0529
0.053
0.055
0.0572
0.057
0.0569
0.056
0.0573
0.0575
0.0575
0.058
0.0589
0.0601
0.0619
0.0617
0.0618
0.0618
0.0603
0.0616
0.059
0.0622
0.063
0.0607
0.0598
0.0607
0.0607
0.0589
0.059
0.06
0.0585
0.06
0.06
0.059
0.059
0.0616
0.0586
0.0598
0.0605
0.0618
0.059
0.0601
0.059
0.0598
0.0588
0.0599
0.0589
0.0591
0.0617
0.0597
0.0601
0.0591
0.0585
0.059
0.058
0.0579
0.056
0.059
0.0575
0.058
0.058
0.0585
0.059
0.0583
0.0589
0.0589
0.0588
0.0588
0.0586
0.059
0.0581
0.0581
0.0584
0.0581
0.0581
0.059
0.0616
0.059
0.0592
0.0587
0.0589
0.059
0.0581
0.0596
0.0588
0.0585
0.0592
0.06
0.0605
0.0586
0.0589
0.059
0.0592
0.0585
0.0585
0.059
0.059
0.0585
0.0585
0.0584
0.0584
0.0582
0.0585
0.0587
0.0587
0.0588
0.0588
0.0595
0.0596
0.0607
0.0608
0.059
0.0595
0.0587
0.0585
0.0592
0.0587
0.0597
0.0597
0.0601
0.0602
0.0609
0.0587
0.0594
0.0597
0.0596
0.0599
0.0594
0.06
0.0591
0.0591
0.059
0.0589
0.0588
0.0594
0.0593
0.0588
0.06
0.06
0.0585
0.0595
0.059
0.0591
0.0584
0.0588
0.0592
0.0587
0.0595
0.0589
0.0591
0.0598
0.0591
0.0591
0.0602
0.061
0.0603
0.0607
0.0602
0.06
0.0602
0.0615
0.0615
0.0619
0.0618
0.0618
0.061
0.0609
0.0615
0.0622
0.0614
0.0624
0.0615
0.063
0.0634
0.0624
0.062
0.0619
0.0614
0.064
0.064
0.0626
0.0632
0.0623
0.0634
0.0639
0.064
0.0617
0.0633
0.0641
0.0639
0.0621
0.0639
0.0648
0.0648
0.0639
0.065
0.0645
0.0638
0.0652
0.0642
0.064
0.0641
0.0652
0.0625
0.0634
0.062
0.064
0.0638
0.0643
0.0657
0.0657
0.0656
0.0656
0.0655
0.0641
0.0639
0.0629
0.0617
0.0623
0.0627
0.0627
0.0627
0.0625
0.0608
0.063
0.0618
0.0618
0.0619
0.0629
0.0618
0.0637
0.0622
0.0624
0.0624
0.0624
0.0628
0.0632
0.063
0.0632
0.062
0.061
0.0605
0.0602
0.0612
0.0625
0.0625
0.0625
0.062
0.063
0.062
0.0628
0.0618
0.0609
0.0622
0.0621
0.0612
0.0612
0.0604
0.0613
0.0613
0.0614
0.0613
0.0604
0.059
0.0592
0.0591
0.059
0.06
0.0595
0.0594
0.058
0.0587
0.0583
0.0591
0.0583
0.0592
0.059
0.0606
0.0593
0.0601
0.0603
0.0603
0.0604
0.06
0.0582
0.0587
0.061
0.0613
0.06
0.06
0.0607
0.0613
0.0615
0.0616
0.0604
0.0617
0.0626
0.0605
0.0607
0.0614
0.0601
0.0597
0.0597
0.0597
0.0608
0.0598
0.0597
0.0597
0.0595
0.0592
0.0604
0.06
0.0596
0.0601
0.0595
0.0599
0.0597
0.0598
0.059
0.0607
0.0615
0.0609
0.0603
0.06
0.0599
0.06
0.0595
0.0595
0.0608
0.059
0.0608
0.0597
0.0607
0.0594
0.0605
0.0583
0.0594
0.0597
0.0585
0.0584
0.0585
0.058
0.0594
0.0593
0.0592
0.0598
0.0582
0.059
0.0591
0.059
0.059
0.059
0.0606
0.0598
0.0606
0.0599
0.0602
0.0603
0.06
0.0598
0.0589
0.0588
0.0588
0.0595
0.0587
0.0596
0.0593
0.0588
0.0592
0.0591
0.0589
0.0584
0.0595
0.0586
0.0586
0.0582
0.058
0.0581
0.058
0.0581
0.0581
0.0581
0.0581
0.0581
0.065
0.0611
0.062
0.061
0.0605
0.0602
0.0601
0.0601
0.0601
0.06
0.0603
0.06
0.0601
0.0601
0.0607
0.0598
0.0597
0.0593
0.0592
0.0593
0.0592
0.0593
0.0588
0.0597
0.0604
0.0601
0.0601
0.0588
0.0585
0.0586
0.0582
0.0586
0.0577
0.059
0.0584
0.0583
0.0587
0.0575
0.0593
0.0582
0.0589
0.0584
0.0575
0.0573
0.0575
0.0575
0.057
0.0563
0.0561
0.0545
0.0558
0.0564
0.055
0.0565
0.0559
0.0548
0.055
0.0553
0.0549
0.055
0.055
0.0552
0.055
0.0554
0.0553
0.0545
0.055
0.0553
0.0551
0.0542
0.0559
0.0545
0.0552
0.057
0.0557
0.0544
0.0555
0.0542
0.0543
0.0569
0.0573
0.057
0.0565
0.0568
0.0572
0.0573
0.0574
0.0568
0.0565
0.058
0.0571
0.0577
0.0586
0.0587
0.058
0.0566
0.057
0.0591
0.059
0.059
0.0593
0.0593
0.0588
0.0593
0.0593
0.059
0.0582
0.0598
0.06
0.06
0.06
0.059
0.0598
0.0588
0.06
0.0609
0.0612
0.0611
0.0595
0.06
0.061
0.0595
0.0595
0.0615
0.0608
0.0614
0.0623
0.0624
0.061
0.0623
0.0607
0.0611
0.0628
0.0617
0.0617
0.0613
0.0613
0.0619
0.0615
0.0622
0.062
0.0626
0.063
0.0638
0.0638
0.0616
0.062
0.062
0.0624
0.0628
0.0633
0.0633
0.0633
0.0611
0.0608
0.0614
0.0595
0.0602
0.0617
0.0603
0.0601
0.0608
0.061
0.0608
0.0621
0.062
0.0619
0.062
0.0623
0.0626
0.0626
0.064
0.0621
0.0644
0.0644
0.0643
0.065
0.065
0.065
0.0649
0.0649
0.065
0.065
0.0639
0.0647
0.0645
0.0638
0.0645
0.0638
0.0637
0.0621
0.065
0.0649
0.065
0.062
0.062
0.0618
0.062
0.0623
0.0629
0.063
0.0637
0.064
0.0631
0.0649
0.0629
0.064
0.064
0.064
0.0635
0.063
0.062
0.062
0.0619
0.062
0.0618
0.0618
0.0612
0.0619
0.062
0.062
0.0613
0.062
0.062
0.062
0.0619
0.0623
0.0625
0.0625
0.0623
0.062
0.0603
0.0624
0.0622
0.0622
0.0622
0.0622
0.0624
0.0615
0.0615
0.0606
0.0611
0.062
0.0602
0.0608
0.0607
0.0613
0.0622
0.0622
0.0624
0.065
0.0637
0.065
0.0649
0.065
0.0635
0.064
0.0636
0.064
0.0631
0.0638
0.0622
0.0639
0.0638
0.0623
0.065
0.065
0.0638
0.0642
0.062
0.0644
0.0644
0.0644
0.063
0.0623
0.063
0.065
0.0644
0.0628
0.0644
0.0645
0.0626
0.0624
0.0631
0.064
0.0639
0.0645
0.065
0.0655
0.0719
0.0691
0.0698
0.0699
0.072
0.0752
0.0759
0.0778
0.0777
0.0765
0.0777
0.079
0.079
0.0799
0.0778
0.079
0.077
0.072
0.0782
0.078
0.079
0.08
0.0816
0.0838
0.0821
0.082
0.082
0.0836
0.0864
0.086
0.0858
0.0878
0.0875
0.085
0.0876
0.088
0.088
0.086
0.0836
0.088
0.0891
0.09
0.0908
0.0945
0.096
0.0951
0.0926
0.0925
0.0949
0.0949
0.0955
0.0959
0.0955
0.0912
0.0892
0.0896
0.0897
0.094
0.0969
0.0945
0.0979
0.0928
0.094
0.0932
0.0928
0.09
0.09
0.0911
0.091
0.0898
0.0872
0.095
0.0938
0.0924
0.0924
0.0925
0.0918
0.09
0.0902
0.0912
0.089
0.0853
0.0869
0.0827
0.0859
0.087
0.0859
0.0845
0.081
0.082
0.0824
0.081
0.0801
0.0801
0.081
0.083
0.0807
0.0819
0.0808
0.0808
0.0827
0.0826
0.0806
0.081
0.0822
0.0819
0.0802
0.0804
0.0802
0.0795
0.0801
0.0802
0.0802
0.0815
0.08
0.08
0.0792
0.08
0.0794
0.0799
0.0798
0.0788
0.078
0.0799
0.0798
0.0798
0.0815
0.082
0.086
0.0912
0.0841
0.0855
0.0855
0.0864
0.086
0.0865
0.0837
0.0852
0.0856
0.0871
0.0862
0.0848
0.0848
0.0825
0.0858
0.084
0.0825
0.0834
0.0834
0.0834
0.0838
0.081
0.081
0.081
0.0836
0.0811
0.0836
0.0835
0.0835
0.0839
0.0826
0.0809
0.0843
0.084
0.0825
0.0862
0.0862
0.0863
0.0817
0.0843
0.084
0.0843
0.084
0.086
0.0863
0.0867
0.084
0.0867
0.0874
0.0875
0.0902
0.0878
0.0877
0.0877
0.0846
0.0843
0.0869
0.0869
0.0869
0.084
0.0859
0.084
0.0859
0.0878
0.088
0.0879
0.0854
0.0867
0.0886
0.0885
0.0895
0.09
0.09
0.092
0.0915
0.091
0.091
0.091
0.09
0.0905
0.0866
0.0899
0.091
0.091
0.091
0.091
0.0915
0.095
0.0939
0.0911
0.091
0.0889
0.0889
0.089
0.088
0.0884
0.0879
0.0862
0.0878
0.0851
0.085
0.0869
0.0876
0.0861
0.0862
0.0862
0.0863
0.0865
0.0878
0.0885
0.0854
0.0859
0.086
0.088
0.088
0.0859
0.0859
0.0859
0.0885
0.0867
0.0844
0.0867
0.0858
0.0855
0.0842
0.079
0.0787
0.0799
0.0799
0.081
0.0794
0.079
0.0793
0.0801
0.0796
0.0806
0.0806
0.0806
0.0805
0.082
0.0834
0.0821
0.082
0.082
0.0825
0.0805
0.0817
0.0812
0.0812
0.0801
0.0803
0.0804
0.0808
0.0805
0.0805
0.0798
0.0775
0.0785
0.0789
0.0788
0.0789
0.0783
0.0773
0.0775
0.0785
0.0774
0.0774
0.0774
0.0771
0.0789
0.0783
0.0782
0.0782
0.0781
0.078
0.078
0.0771
0.077
0.0763
0.077
0.0784
0.0796
0.0778
0.0779
0.0799
0.0779
0.0774
0.077
0.077
0.077
0.077
0.077
0.0788
0.0755
0.074
0.0748
0.0735
0.0739
0.0741
0.0747
0.073
0.0747
0.075
0.076
0.0741
0.075
0.0761
0.0769
0.077
0.076
0.0753
0.0751
0.0742
0.077
0.0742
0.0742
0.074
0.0745
0.0726
0.0726
0.0733
0.0729
0.0745
0.0731
0.0722
0.073
0.073
0.0733
0.0718
0.0718
0.0711
0.071
0.0745
0.071
0.07
0.0716
0.0709
0.0707
0.0699
0.0697
0.068
0.0686
0.066
0.0655
0.0661
0.0662
0.0662
0.0665
0.068
0.068
0.0686
0.0689
0.069
0.0678
0.067
0.0671
0.0671
0.067
0.0669
0.0667
0.0661
0.0663
0.0679
0.068
0.073
0.0723
0.0723
0.0718
0.0706
0.072
0.0691
0.067
0.0656
0.0665
0.066
0.0669
0.069
0.0679
0.066
0.065
0.0631
0.064
0.064
0.062
0.0628
0.0638
0.062
0.0621
0.0617
0.0638
0.0622
0.0638
0.0638
0.0632
0.0632
0.063
0.0633
0.0648
0.0649
0.0649
0.0647
0.0655
0.0655
0.065
0.0645
0.0645
0.0631
0.0644
0.065
0.0649
0.0634
0.0633
0.066
0.0661
0.064
0.064
0.0634
0.064
0.064
0.064
0.065
0.0664
0.0663
0.0645
0.0643
0.0632
0.0644
0.0655
0.0655
0.065
0.0646
0.0657
0.0667
0.067
0.067
0.0679
0.0686
0.069
0.0695
0.07
0.069
0.068
0.069
0.0694
0.0708
0.0709
0.07
0.0709
0.0707
0.0714
0.0709
0.0709
0.0714
0.0716
0.0729
0.0711
0.071
0.0705
0.0693
0.0693
0.0681
0.068
0.0672
0.0679
0.0671
0.067
0.0678
0.0672
0.0683
0.0666
0.0677
0.068
0.068
0.068
0.0689
0.0694
0.069
0.069
0.069
0.07
0.07
0.07
0.07
0.0665
0.067
0.067
0.0666
0.0662
0.0661
0.0669
0.0669
0.0669
0.0664
0.0664
0.0668
0.0672
0.0669
0.0671
0.0672
0.0687
0.0671
0.0666
0.0677
0.0654
0.0652
0.0646
0.0647
0.0643
0.065
0.0653
0.064
0.0639
0.0639
0.0634
0.065
0.0649
0.065
0.066
0.0655
0.0646
0.0654
0.0655
0.065
0.064
0.063
0.0625
0.0641
0.0637
0.0626
0.0616
0.0632
0.0629
0.0628
0.0614
0.061
0.0613
0.0614
0.0602
0.0619
0.0614
0.0619
0.0605
0.0606
0.0601
0.0611
0.061
0.061
0.0618
0.0618
0.0624
0.0616
0.0613
0.0614
0.0603
0.0593
0.0605
0.0604
0.0605
0.0608
0.061
0.0618
0.0618
0.0619
0.0609
0.0626
0.0627
0.0626
0.063
0.063
0.0634
0.0626
0.0639
0.0645
0.065
0.066
0.0694
0.0673
0.069
0.0698
0.0689
0.069
0.0695
0.0705
0.0709
0.0725
0.0725
0.0724
0.0731
0.074
0.073
0.0727
0.0742
0.074
0.072
0.0729
0.073
0.073
0.0726
0.0734
0.0734
0.0739
0.0738
0.0749
0.0749
0.0734
0.0734
0.0735
0.0735
0.0735
0.074
0.0744
0.0748
0.0721
0.0739
0.074
0.0746
0.0752
0.0755
0.0757
0.0757
0.0757
0.0757
0.072
0.0735
0.0721
0.0711
0.072
0.0729
0.0722
0.074
0.0729
0.0721
0.073
0.0717
0.0705
0.0709
0.07
0.07
0.068
0.0687
0.069
0.068
0.0686
0.0668
0.0675
0.0661
0.0678
0.0669
0.0657
0.0669
0.0651
0.0652
0.0651
0.0668
0.0668
0.0666
0.0655
0.0664
0.0637
0.064
0.0623
0.0635
0.0639
0.0639
0.0633
0.0651
0.0645
0.0669
0.066
0.0835
0.0706
0.07
0.0695
0.0704
0.0698
0.069
0.0685
0.0684
0.068
0.066
0.0653
0.0678
0.0658
0.0677
0.0677
0.0668
0.0669
0.0669
0.0658
0.066
0.071
0.0716
0.0714
0.0708
0.07
0.068
0.0694
0.0691
0.07
0.0705
0.0706
0.0694
0.0695
0.0691
0.0685
0.0695
0.069
0.0695
0.069
0.069
0.0668
0.069
0.0669
0.0689
0.0689
0.0671
0.0689
0.0709
0.0724
0.071
0.07
0.07
0.0703
0.07
0.071
0.0692
0.0692
0.0671
0.0671
0.0675
0.0675
0.0677
0.0688
0.0661
0.0679
0.0674
0.0652
0.0661
0.0667
0.067
0.0679
0.0688
0.0655
0.0655
0.0639
0.0635
0.064
0.0634
0.0635
0.0636
0.0635
0.0647
0.0625
0.0618
0.0624
0.0621
0.0626
0.063
0.0629
0.0629
0.061
0.0607
0.0614
0.061
0.0611
0.0618
0.0622
0.0613
0.0614
0.062
0.0615
0.0619
0.0619
0.0618
0.063
0.0639
0.0639
0.064
0.0631
0.0618
0.0627
0.062
0.062
0.0613
0.062
0.062
0.062
0.0619
0.0621
0.0621
0.0621
0.062
0.0631
0.0627
0.0628
0.0625
0.0624
0.0627
0.0625
0.0621
0.0631
0.0634
0.064
0.0652
0.066
0.0664
0.066
0.0662
0.0664
0.067
0.067
0.067
0.068
0.0679
0.0679
0.0674
0.0676
0.0667
0.0677
0.0677
0.067
0.0677
0.0672
0.0656
0.0656
0.0656
0.0664
0.0675
0.068
0.067
0.0679
0.0671
0.0679
0.0685
0.0676
0.0685
0.0671
0.067
0.0669
0.0678
0.068
0.068
0.0682
0.0683
0.0682
0.0684
0.0682
0.0674
0.0672
0.0681
0.067
0.0664
0.0664
0.0681
0.0669
0.0681
0.0722
0.0734
0.0743
0.0752
0.075
0.075
0.075
0.075
0.0791
0.0769
0.0751
0.0759
0.075
0.0761
0.0766
0.0766
0.0766
0.0778
0.075
0.075
0.0751
0.078
0.079
0.0788
0.0789
0.0789
0.078
0.08
0.08
0.0784
0.0784
0.0783
0.0789
0.08
0.0825
0.087
0.0868
0.0885
0.0875
0.0868
0.0865
0.0879
0.0895
0.0907
0.0924
0.0917
0.0936
0.0941
0.0932
0.0931
0.0918
0.095
0.0943
0.0947
0.0946
0.0932
0.0921
0.092
0.092
0.0947
0.0945
0.0922
0.089
0.09
0.0917
0.0919
0.0881
0.0891
0.0886
0.0847
0.0864
0.0858
0.0859
0.0859
0.0864
0.0872
0.0881
0.0885
0.0868
0.0878
0.0895
0.0882
0.089
0.09
0.0904
0.0913
0.0913
0.0921
0.0919
0.0919
0.092
0.09
0.0895
0.0917
0.092
0.0932
0.092
0.092
0.0953
0.0937
0.0922
0.0891
0.0888
0.0895
0.0904
0.0904
0.091
0.0902
0.0885
0.0886
0.0885
0.0885
0.0885
0.0896
0.0841
0.0851
0.0844
0.0879
0.088
0.0883
0.089
0.0875
0.0876
0.0875
0.0888
0.0893
0.0895
0.09
0.0895
0.091
0.0891
0.0868
0.0881
0.0866
0.0865
0.0879
0.0911
0.092
0.0962
0.1039
0.1023
0.1014
0.102
0.1007
0.1025
0.1271
0.1344
0.1345
0.12
0.1245
0.1264
0.1227
0.1224
0.12
0.1288
0.1128
0.1159
0.1138
0.1127
0.1148
0.113
0.1139
0.1121
0.1116
0.1105
0.112
0.1098
0.1095
0.1087
0.1123
0.113
0.1138
0.115
0.115
0.115
0.1111
0.1157
0.1165
0.1159
0.1145
0.1144
0.1175
0.1165
0.1171
0.1161
0.1168
0.1168
0.1169
0.1169
0.115
0.116
0.116
0.1197
0.117
0.1165
0.122
0.123
0.1248
0.1248
0.1273
0.1457
0.14
0.14
0.1434
0.144
0.1458
0.1426
0.1457
0.1412
0.1427
0.1459
0.146
0.1552
0.1501
0.147
0.1466
0.147
0.1471
0.1546
0.1533
0.15
0.153
0.15
0.1481
0.148
0.1497
0.1477
0.15
0.1495
0.1491
0.1492
0.1496
0.1495
0.1475
0.1462
0.1462
0.1476
0.1474
0.143
0.1412
0.141
0.1399
0.1378
0.14
0.1409
0.1449
0.1449
0.14
0.1359
0.1397
0.132
0.1394
0.1399
0.1443
0.1442
0.14
0.1455
0.1419
0.1414
0.1433
0.1457
0.1413
0.1452
0.1452
0.1426
0.142
0.1445
0.1393
0.142
0.1422
0.1401
0.1398
0.1392
0.1394
0.1389
0.1385
0.1385
0.1385
0.1381
0.14
0.1423
0.14
0.1422
0.14
0.1385
0.14
0.1429
0.1372
0.1395
0.137
0.1351
0.1391
0.1351
0.1352
0.1375
0.1396
0.1334
0.1346
0.1328
0.131
0.1329
0.1313
0.1318
0.1349
0.1324
0.1315
0.1323
0.1311
0.1325
0.1338
0.1333
0.1333
0.1337
0.1344
0.133
0.133
0.133
0.137
0.1352
0.137
0.1368
0.1311
0.1329
0.1308
0.1326
0.1328
0.1328
0.1349
0.1349
0.1302
0.1333
0.1313
0.1312
0.1309
0.1312
0.1318
0.13
0.1289
0.1281
0.1296
0.127
0.1287
0.1319
0.1301
0.13
0.1296
0.1285
0.1293
0.1322
0.1318
0.13
0.1301
0.1294
0.1316
0.132
0.1324
0.13
0.13
0.1294
0.1294
0.1299
0.129
0.129
0.129
0.1364
0.137
0.1337
0.1337
0.1337
0.1336
0.1317
0.138
0.1328
0.136
0.137
0.1369
0.1341
0.1341
0.1336
0.1305
0.1318
0.1317
0.1318
0.1318
0.1336
0.1333
0.1332
0.1304
0.1304
0.1303
0.1301
0.1287
0.1299
0.131
0.132
0.132
0.1303
0.13
0.1303
0.1303
0.1299
0.1265
0.1249
0.1265
0.127
0.1268
0.1263
0.1255
0.126
0.1243
0.1272
0.1268
0.1269
0.1277
0.1278
0.1261
0.125
0.1253
0.1268
0.126
0.1251
0.1269
0.1277
0.1285
0.127
0.128
0.13
0.1271
0.1278
0.1321
0.1308
0.1308
0.1327
0.129
0.13
0.13
0.1301
0.1301
0.132
0.1317
0.1361
0.1399
0.1337
0.1367
0.1331
0.1331
0.135
0.1331
0.1353
0.1317
0.1347
0.1324
0.1324
0.135
0.135
0.135
0.1345
0.136
0.1355
0.1355
0.136
0.136
0.1359
0.1355
0.136
0.138
0.138
0.1375
0.137
0.1358
0.1369
0.1338
0.1338
0.1359
0.1349
0.1349
0.1314
0.1315
0.133
0.133
0.1332
0.1345
0.136
0.1336
0.1383
0.1366
0.1345
0.1373
0.1377
0.1385
0.1342
0.1321
0.134
0.134
0.1277
0.1278
0.1278
0.1199
0.1228
0.1218
0.1202
0.1234
0.12
0.1198
0.1213
0.123
0.124
0.122
0.12
0.1176
0.1171
0.1189
0.119
0.1183
0.1176
0.118
0.118
0.1183
0.1191
0.1219
0.12
0.1185
0.1189
0.1199
0.119
0.1189
0.1183
0.1183
0.1182
0.1189
0.1161
0.1229
0.1244
0.1232
0.122
0.1218
0.1223
0.1223
0.1215
0.1214
0.1239
0.1226
0.119
0.119
0.1229
0.124
0.1295
0.1341
0.137
0.134
0.134
0.136
0.132
0.1325
0.1322
0.1364
0.132
0.1366
0.14
0.14
0.1398
0.136
0.1394
0.1388
0.1387
0.1379
0.139
0.1353
0.135
0.1346
0.1345
0.1325
0.1315
0.132
0.131
0.1305
0.1305
0.1325
0.129
0.131
0.127
0.127
0.1285
0.128
0.1265
0.13
0.1265
0.1295
0.129
0.1275
0.13
0.131
0.1335
0.1295
0.1285
0.128
0.1295
0.129
0.1265
0.127
0.126
0.124
0.126
0.1265
0.1265
0.126
0.125
0.1255
0.1275
0.125
0.126
0.1265
0.1265
0.1265
0.126
0.126
0.128
0.124
0.1235
0.127
0.128
0.1255
0.1265
0.129
0.1255
0.126
0.127
0.126
0.123
0.1215
0.1235
0.122
0.1225
0.124
0.1235
0.1235
0.122
0.12
0.1215
0.1195
0.1195
0.12
0.12
0.12
0.1195
0.118
0.1205
0.12
0.12
0.12
0.122
0.124
0.1235
0.121
0.122
0.122
0.122
0.122
0.1245
0.12
0.1195
0.1215
0.1195
0.12
0.118
0.121
0.119
0.119
0.1185
0.1195
0.1235
0.1215
0.119
0.119
0.119
0.1175
0.118
0.119
0.1225
0.119
0.12
0.1235
0.119
0.1205
0.12
0.12
0.12
0.1215
0.1225
0.121
0.1215
0.12
0.12
0.121
0.118
0.119
0.12
0.1185
0.1185
0.1185
0.1185
0.118
0.117
0.1185
0.1185
0.117
0.1185
0.117
0.117
0.1165
0.1165
0.1165
0.116
0.1165
0.1175
0.1185
0.1175
0.117
0.117
0.119
0.1175
0.1195
0.1185
0.119
0.1175
0.116
0.115
0.1165
0.1165
0.1155
0.1165
0.116
0.116
0.1145
0.1145
0.1155
0.115
0.1155
0.1155
0.1165
0.1155
0.1165
0.115
0.117
0.1155
0.1135
0.115
0.115
0.115
0.1135
0.115
0.115
0.1095
0.11
0.11
0.108
0.11
0.11
0.1105
0.107
0.1125
0.111
0.1115
0.1115
0.112
0.112
0.112
0.1145
0.117
0.1175
0.1175
0.1165
0.1165
0.1155
0.1175
0.1175
0.118
0.1175
0.115
0.117
0.117
0.1175
0.118
0.117
0.116
0.116
0.116
0.1175
0.1165
0.1155
0.116
0.116
0.116
0.116
0.1115
0.118
0.114
0.113
0.116
0.115
0.116
0.112
0.1115
0.111
0.112
0.11
0.112
0.1115
0.112
0.111
0.111
0.1115
0.111
0.1115
0.111
0.111
0.1105
0.1125
0.1135
0.112
0.112
0.1115
0.1115
0.1115
0.1135
0.1135
0.1125
0.1135
0.1135
0.1135
0.111
0.1115
0.112
0.1125
0.1125
0.1125
0.11
0.111
0.1115
0.1125
0.11
0.111
0.1105
0.11
0.1105
0.111
0.1115
0.1115
0.112
0.1115
0.1125
0.1115
0.1125
0.112
0.1125
0.1135
0.1145
0.115
0.1175
0.116
0.116
0.1165
0.1175
0.117
0.1175
0.118
0.1185
0.1175
0.119
0.118
0.1165
0.117
0.118
0.118
0.117
0.118
0.1175
0.1165
0.118
0.118
0.119
0.1195
0.1195
0.1195
0.119
0.1195
0.1205
0.1185
0.1195
0.1195
0.121
0.12
0.1175
0.1175
0.1175
0.1185
0.1175
0.1175
0.117
0.1175
0.119
0.118
0.119
0.119
0.1175
0.117
0.117
0.1195
0.1185
0.118
0.117
0.116
0.118
0.118
0.118
0.118
0.118
0.117
0.118
0.118
0.1175
0.118
0.1195
0.1195
0.121
0.12
0.1195
0.1195
0.119
0.121
0.118
0.1195
0.121
0.1205
0.1195
0.1195
0.12
0.122
0.1245
0.1245
0.1265
0.1255
0.1255
0.126
0.1245
0.1255
0.127
0.1245
0.1245
0.123
0.1225
0.122
0.1265
0.1265
0.1255
0.125
0.125
0.1235
0.1255
0.1255
0.127
0.1245
0.124
0.1245
0.1225
0.123
0.122
0.121
0.123
0.121
0.1205
0.121
0.121
0.1225
0.1205
0.122
0.1205
0.1215
0.1215
0.131
0.124
0.1275
0.127
0.1295
0.13
0.13
0.1305
0.13
0.1305
0.128
0.13
0.128
0.128
0.13
0.13
0.1305
0.129
0.1285
0.1255
0.1255
0.13
0.13
0.129
0.1295
0.128
0.125
0.124
0.1265
0.1265
0.129
0.1235
0.126
0.126
0.1235
0.1235
0.1235
0.1235
0.1225
0.126
0.125
0.126
0.1265
0.126
0.1275
0.1265
0.128
0.1265
0.1265
0.126
0.1255
0.128
0.1225
0.123
0.1215
0.123
0.122
0.1235
0.1235
0.124
0.124
0.126
0.127
0.128
0.128
0.1255
0.126
0.1285
0.129
0.125
0.132
0.1305
0.133
0.133
0.138
0.136
0.135
0.136
0.132
0.135
0.1325
0.1315
0.134
0.139
0.1375
0.134
0.134
0.1335
0.1335
0.135
0.133
0.132
0.132
0.13
0.1305
0.1315
0.137
0.136
0.136
0.1355
0.1355
0.137
0.136
0.1375
0.136
0.1375
0.138
0.136
0.133
0.139
0.134
0.138
0.134
0.1355
0.136
0.1345
0.1345
0.1345
0.1365
0.138
0.137
0.136
0.136
0.1325
0.1325
0.1305
0.133
0.133
0.1335
0.1325
0.1315
0.1325
0.131
0.1305
0.1295
0.13
0.13
0.13
0.129
0.1295
0.1315
0.13
0.13
0.1295
0.1295
0.1295
0.13
0.1295
0.1295
0.13
0.13
0.13
0.13
0.129
0.129
0.129
0.13
0.131
0.1285
0.128
0.127
0.1255
0.1245
0.127
0.127
0.124
0.1265
0.1255
0.125
0.125
0.1245
0.1245
0.1245
0.124
0.123
0.123
0.1225
0.123
0.1215
0.12
0.1215
0.1205
0.12
0.118
0.1175
0.1185
0.1185
0.1195
0.119
0.1185
0.119
0.119
0.119
0.12
0.1205
0.1205
0.12
0.12
0.1205
0.12
0.1205
0.12
0.1175
0.117
0.117
0.1175
0.1175
0.1175
0.116
0.116
0.117
0.1175
0.116
0.117
0.1175
0.117
0.116
0.1175
0.117
0.12
0.1185
0.1185
0.116
0.1175
0.1175
0.1175
0.118
0.118
0.118
0.118
0.118
0.119
0.119
0.118
0.1205
0.1205
0.1205
0.1205
0.1205
0.1205
0.1205
0.12
0.1175
0.1165
0.115
0.1165
0.1165
0.117
0.1175
0.1175
0.118
0.1175
0.1185
0.119
0.119
0.1185
0.1195
0.1175
0.117
0.1185
0.1205
0.122
0.1225
0.122
0.121
0.1225
0.122
0.1195
0.1195
0.1215
0.122
0.1215
0.1225
0.1225
0.1245
0.124
0.124
0.124
0.123
0.1225
0.123
0.1225
0.122
0.122
0.122
0.1225
0.122
0.1195
0.117
0.118
0.1185
0.1165
0.1185
0.1215
0.12
0.121
0.1205
0.1205
0.121
0.1215
0.121
0.12
0.12
0.1195
0.1195
0.1195
0.118
0.1185
0.1185
0.1185
0.119
0.1185
0.1185
0.117
0.1175
0.117
0.118
0.1165
0.1165
0.117
0.1175
0.118
0.117
0.118
0.116
0.1165
0.1175
0.1175
0.1175
0.1175
0.1175
0.1175
0.118
0.1165
0.1175
0.1185
0.1175
0.117
0.119
0.115
0.1145
0.11
0.1095
0.108
0.108
0.1055
0.106
0.106
0.1075
0.107
0.107
0.1065
0.1055
0.1085
0.1085
0.108
0.1085
0.1085
0.109
0.119
0.1195
0.1195
0.119
0.119
0.119
0.119
0.119
0.1215
0.121
0.1195
0.1195
0.119
0.121
0.1205
0.119
0.119
0.119
0.1195
0.1195
0.119
0.119
0.119
0.119
0.119
0.119
0.1205
0.1165
0.1175
0.1175
0.113
0.117
0.116
0.1165
0.1165
0.1155
0.1215
0.122
0.122
0.117
0.117
0.121
0.121
0.12
0.122
0.1215
0.119
0.121
0.121
0.123
0.123
0.1225
0.1225
0.12
0.1225
0.121
0.12
0.12
0.1215
0.1215
0.1225
0.1235
0.123
0.1225
0.1225
0.1225
0.121
0.121
0.121
0.1215
0.12
0.1205
0.122
0.1205
0.12
0.122
0.1205
0.12
0.121
0.12
0.12
0.12
0.121
0.121
0.121
0.1195
0.119
0.117
0.119
0.1195
0.12
0.121
0.121
0.1225
0.12
0.1185
0.1165
0.117
0.118
0.118
0.119
0.122
0.1175
0.1175
0.117
0.115
0.1155
0.115
0.115
0.1155
0.112
0.113
0.1125
0.1125
0.112
0.1145
0.1125
0.114
0.114
0.113
0.1115
0.112
0.113
0.1125
0.112
0.112
0.1125
0.1115
0.1095
0.1075
0.1075
0.1065
0.107
0.1065
0.107
0.107
0.107
0.105
0.106
0.106
0.106
0.105
0.1065
0.105
0.1055
0.103
0.105
0.1035
0.1045
0.104
0.1045
0.1045
0.1055
0.105
0.1045
0.1045
0.104
0.1055
0.1055
0.1065
0.108
0.109
0.1095
0.1085
0.106
0.107
0.1075
0.108
0.108
0.1085
0.1085
0.109
0.108
0.11
0.1075
0.106
0.108
0.1075
0.1095
0.107
0.1085
0.1075
0.108
0.1065
0.108
0.108
0.1095
0.118
0.109
0.109
0.108
0.1075
0.1075
0.1065
0.106
0.105
0.105
0.1055
0.1045
0.1045
0.105
0.1065
0.105
0.1045
0.1045
0.1045
0.105
0.105
0.1055
0.1055
0.106
0.1075
0.1065
0.1055
0.107
0.1075
0.1075
0.1075
0.1075
0.107
0.107
0.107
0.1055
0.1065
0.1065
0.106
0.1075
0.1055
0.106
0.106
0.1065
0.1065
0.106
0.1065
0.1065
0.108
0.1075
0.107
0.1055
0.1065
0.1065
0.1065
0.107
0.107
0.106
0.1065
0.106
0.1065
0.107
0.1065
0.107
0.106
0.106
0.1055
0.1055
0.1055
0.1055
0.105
0.104
0.104
0.105
0.1065
0.1055
0.105
0.1065
0.108
0.105
0.1055
0.106
0.1065
0.106
0.1065
0.1065
0.1055
0.106
0.106
0.105
0.105
0.106
0.106
0.1055
0.1105
0.108
0.107
0.107
0.109
0.1005
0.102
0.106
0.1045
0.1045
0.1035
0.1055
0.1055
0.105
0.105
0.106
0.105
0.104
0.103
0.1025
0.1035
0.1035
0.103
0.103
0.103
0.103
0.1035
0.1025
0.102
0.1035
0.1035
0.105
0.1045
0.1045
0.1045
0.1035
0.104
0.1025
0.1055
0.107
0.104
0.104
0.106
0.104
0.104
0.1035
0.1055
0.1035
0.106
0.1055
0.1055
0.105
0.108
0.1085
0.108
0.1065
0.109
0.109
0.108
0.109
0.1075
0.1085
0.109
0.109
0.1085
0.1095
0.1075
0.105
0.108
0.108
0.1075
0.1085
0.109
0.109
0.108
0.1075
0.107
0.108
0.109
0.105
0.1045
0.105
0.1055
0.106
0.1045
0.1055
0.106
0.1065
0.1055
0.106
0.106
0.1045
0.106
0.1055
0.106
0.105
0.108
0.106
0.106
0.106
0.106
0.1055
0.1055
0.1065
0.1065
0.1065
0.1065
0.1065
0.1055
0.105
0.1065
0.1065
0.1065
0.1055
0.106
0.1055
0.1055
0.1045
0.106
0.106
0.1045
0.105
0.1055
0.1065
0.102
0.1045
0.1045
0.1045
0.1035
0.108
0.108
0.108
0.106
0.1065
0.1065
0.105
0.1035
0.106
0.1045
0.104
0.104
0.1065
0.104
0.106
0.1055
0.105
0.1075
0.1055
0.106
0.106
0.106
0.1035
0.104
0.104
0.1035
0.1025
0.104
0.1025
0.1035
0.104
0.1035
0.1035
0.104
0.1025
0.103
0.1035
0.1035
0.104
0.1035
0.1035
0.102
0.1035
0.1035
0.1025
0.104
0.103
0.103
0.103
0.1025
0.1025
0.107
0.106
0.106
0.1065
0.106
0.106
0.105
0.1055
0.105
0.106
0.105
0.1055
0.1035
0.102
0.104
0.1035
0.104
0.104
0.1035
0.1035
0.102
0.1025
0.103
0.1025
0.102
0.1025
0.103
0.106
0.1045
0.103
0.1035
0.102
0.101
0.102
0.107
0.103
0.104
0.1035
0.102
0.101
0.1035
0.107
0.104
0.103
0.102
0.1015
0.1005
0.102
0.1045
0.1025
0.103
0.1
0.094
0.099
0.0985
0.1015
0.1
0.098
0.0975
0.0975
0.0965
0.0965
0.0965
0.0965
0.0965
0.0955
0.095
0.0955
0.0955
0.0945
0.092
0.0955
0.0965
0.0985
0.0965
0.098
0.0955
0.096
0.098
0.097
0.0975
0.097
0.096
0.0945
0.094
0.0935
0.092
0.0925
0.093
0.094
0.0935
0.0925
0.0925
0.093
0.093
0.0945
0.0935
0.0935
0.0925
0.092
0.092
0.092
0.092
0.092
0.0905
0.0905
0.089
0.091
0.0895
0.0905
0.0905
0.0895
0.089
0.088
0.0875
0.0895
0.087
0.0875
0.0875
0.0875
0.0885
0.089
0.093
0.0915
0.0905
0.091
0.09
0.091
0.0895
0.0895
0.0895
0.0885
0.0895
0.088
0.089
0.089
0.087
0.089
0.0885
0.0885
0.088
0.087
0.0865
0.0865
0.087
0.092
0.089
0.0885
0.0885
0.0885
0.087
0.087
0.088
0.0895
0.089
0.089
0.0875
0.0885
0.0875
0.089
0.089
0.09
0.0885
0.088
0.0875
0.088
0.0865
0.09
0.0895
0.0885
0.0875
0.0955
0.0935
0.0945
0.0925
0.091
0.0935
0.0915
0.095
0.095
0.0955
0.093
0.094
0.099
0.095
0.099
0.097
0.0985
0.0975
0.097
0.097
0.096
0.098
0.0995
0.1
0.097
0.0995
0.0995
0.099
0.099
0.1
0.097
0.0965
0.096
0.095
0.0955
0.095
0.095
0.095
0.0945
0.0955
0.0945
0.0915
0.0925
0.093
0.0925
0.0935
0.0935
0.0935
0.089
0.089
0.091
0.0905
0.0905
0.09
0.09
0.089
0.0905
0.089
0.09
0.0895
0.09
0.09
0.089
0.089
0.0895
0.0895
0.09
0.09
0.0905
0.09
0.089
0.089
0.089
0.089
0.089
0.0895
0.091
0.0935
0.091
0.0905
0.091
0.09
0.0905
0.0905
0.091
0.091
0.0915
0.0875
0.0895
0.089
0.0935
0.0895
0.091
0.091
0.093
0.0925
0.093
0.0925
0.093
0.092
0.093
0.0935
0.0945
0.094
0.094
0.0935
0.0935
0.092
0.093
0.091
0.091
0.09
0.092
0.091
0.09
0.09
0.091
0.0905
0.0915
0.09
0.0905
0.089
0.09
0.0905
0.09
0.09
0.09
0.0915
0.0915
0.091
0.091
0.0905
0.0875
0.087
0.086
0.089
0.088
0.088
0.088
0.09
0.088
0.0885
0.0895
0.09
0.09
0.0895
0.0885
0.0885
0.088
0.0875
0.088
0.088
0.088
0.0875
0.0885
0.088
0.0885
0.0875
0.0865
0.0885
0.0885
0.087
0.09
0.09
0.089
0.0905
0.088
0.088
0.088
0.088
0.0875
0.0875
0.087
0.0875
0.0885
0.0865
0.087
0.087
0.0865
0.086
0.0875
0.086
0.087
0.084
0.0835
0.083
0.083
0.0835
0.0835
0.085
0.0855
0.0855
0.0855
0.085
0.085
0.084
0.085
0.0845
0.085
0.085
0.085
0.084
0.0845
0.084
0.0825
0.0825
0.0835
0.084
0.0835
0.0835
0.0835
0.0815
0.083
0.0835
0.0825
0.082
0.082
0.0815
0.082
0.082
0.0815
0.083
0.083
0.083
0.083
0.083
0.0819
0.0825
0.083
0.0826
0.0839
0.082
0.0833
0.083
0.082
0.0829
0.0835
0.0825
0.0822
0.084
0.0825
0.0822
0.0826
0.0826
0.0831
0.0832
0.0825
0.0808
0.0824
0.082
0.082
0.082
0.082
0.0819
0.0825
0.081
0.0805
0.0804
0.0807
0.0811
0.0811
0.0812
0.0813
0.0812
0.0814
0.0815
0.082
0.0819
0.082
0.0868
0.0852
0.0839
0.086
0.085
0.0869
0.087
0.086
0.085
0.0849
0.0846
0.0846
0.0854
0.0841
0.087
0.0835
0.0855
0.085
0.0856
0.0839
0.0836
0.0859
0.0848
0.0845
0.084
0.0838
0.0848
0.0846
0.0875
0.0872
0.0869
0.0885
0.0882
0.0877
0.0882
0.0879
0.088
0.0876
0.088
0.0877
0.087
0.0863
0.0846
0.0858
0.085
0.086
0.0887
0.0885
0.0884
0.0871
0.087
0.088
0.09
0.0905
0.0877
0.0878
0.0911
0.0877
0.0905
0.0907
0.0901
0.0904
0.0926
0.095
0.0951
0.0925
0.0922
0.1
0.0981
0.099
0.0977
0.0975
0.0998
0.1
0.1007
0.1036
0.1055
0.1047
0.101
0.1007
0.1004
0.1004
0.1009
0.1022
0.1029
0.104
0.1024
0.1046
0.1035
0.1032
0.1022
0.1011
0.0965
0.0994
0.1004
0.102
0.0994
0.0996
0.0993
0.1019
0.0961
0.1026
0.0982
0.1023
0.1
0.1001
0.1001
0.0995
0.1
0.1
0.0975
0.0971
0.0999
0.0969
0.0942
0.0969
0.096
0.1035
0.0989
0.1009
0.0992
0.0992
0.1007
0.1
0.1005
0.098
0.0971
0.0973
0.0977
0.0998
0.0998
0.0977
0.098
0.0985
0.0973
0.0973
0.097
0.0979
0.0987
0.0983
0.0987
0.0957
0.098
0.0989
0.0992
0.0987
0.0966
0.0945
0.0957
0.0955
0.0969
0.0954
0.0937
0.0955
0.0989
0.0989
0.1019
0.1004
0.1004
0.1
0.1
0.0998
0.101
0.1001
0.1008
0.0992
0.1007
0.0993
0.0993
0.098
0.0956
0.0977
0.0982
0.098
0.0997
0.1
0.1009
0.0991
0.0992
0.0984
0.1001
0.099
0.0991
0.0993
0.0989
0.0977
0.0985
0.0982
0.0981
0.098
0.0982
0.1
0.1002
0.099
0.0998
0.0994
0.0992
0.1028
0.1005
0.1004
0.1004
0.0999
0.1002
0.1003
0.1024
0.1022
0.102
0.1019
0.1012
0.101
0.1011
0.1008
0.1013
0.1
0.1028
0.1011
0.1029
0.1025
0.1024
0.101
0.1027
0.1009
0.1021
0.0993
0.0996
0.0996
0.0985
0.1009
0.1
0.1003
0.1001
0.1
0.1
0.1009
0.1025
0.1015
0.1032
0.1024
0.1025
0.1022
0.1029
0.1049
0.1032
0.1031
0.1024
0.1043
0.1031
0.1043
0.103
0.103
0.1024
0.1044
0.105
0.1055
0.105
0.104
0.104
0.104
0.106
0.1055
0.1053
0.1082
0.1078
0.1077
0.1104
0.1129
0.115
0.1185
0.1231
0.1284
0.1352
0.1365
0.1331
0.1346
0.1318
0.1248
0.1268
0.1293
0.1275
0.1252
0.122
0.1218
0.1252
0.1232
0.1207
0.1246
0.1227
0.1257
0.1243
0.1226
0.1242
0.122
0.1226
0.1223
0.1303
0.1289
0.1308
0.1296
0.1296
0.132
0.1318
0.1315
0.1327
0.1327
0.1334
0.134
0.1297
0.1292
0.1296
0.1293
0.1287
0.1272
0.13
0.1297
0.1309
0.1292
0.13
0.1303
0.1294
0.1292
0.1312
0.1312
0.1314
0.1302
0.1295
0.1296
0.1276
0.1295
0.13
0.1309
0.134
0.133
0.133
0.1339
0.135
0.1343
0.1342
0.1356
0.1359
0.14
0.139
0.1371
0.1371
0.1371
0.1371
0.1371
0.1371
0.137
0.1375
0.1377
0.1376
0.1404
0.1404
0.1395
0.1451
0.1459
0.145
0.1498
0.1496
0.1587
0.16
0.1596
0.162
0.165
0.1604
0.165
0.1683
0.1634
0.1694
0.1646
0.1662
0.1698
0.1701
0.1689
0.1668
0.1651
0.1651
0.1658
0.1589
0.1586
0.156
0.157
0.154
0.1602
0.1614
0.1684
0.1673
0.168
0.1695
0.1701
0.17
0.169
0.1701
0.1691
0.1676
0.1679
0.1663
0.1678
0.1674
0.1695
0.1686
0.1685
0.1653
0.1692
0.1658
0.1661
0.1661
0.1665
0.1664
0.1622
0.1643
0.1631
0.1645
0.165
0.1651
0.167
0.1656
0.1682
0.1683
0.1676
0.1656
0.1673
0.1666
0.1633
0.1668
0.1668
0.1669
0.1667
0.1669
0.1665
0.1655
0.164
0.1668
0.1655
0.1637
0.1659
0.1629
0.1648
0.1656
0.1637
0.1654
0.162
0.166
0.166
0.166
0.1677
0.1675
0.1675
0.1683
0.1655
0.1658
0.1623
0.1649
0.1649
0.1647
0.1637
0.1633
0.165
0.1631
0.1631
0.1648
0.1602
0.1615
0.1642
0.1603
0.1605
0.162
0.1618
0.1667
0.1651
0.1662
0.1651
0.1664
0.165
0.1636
0.165
0.1658
0.1658
0.166
0.165
0.1652
0.1665
0.1666
0.166
0.1653
0.1652
0.1652
0.165
0.165
0.1637
0.1658
0.1648
0.1636
0.1626
0.1645
0.1639
0.162
0.1617
0.1635
0.163
0.1633
0.1639
0.164
0.1632
0.1655
0.165
0.163
0.1631
0.1658
0.1639
0.1653
0.164
0.1634
0.1621
0.165
0.1621
0.1635
0.163
0.164
0.165
0.165
0.1651
0.165
0.1635
0.1635
0.1635
0.1635
0.1635
0.1635
0.1635
0.165
0.1659
0.1659
0.165
0.1658
0.1658
0.1655
0.1657
0.1645
0.1655
0.1646
0.1646
0.1652
0.1652
0.1653
0.1652
0.1654
0.1659
0.1679
0.1676
0.1675
0.1671
0.1674
0.167
0.1673
0.1686
0.1699
0.1697
0.1698
0.1681
0.1693
0.1698
0.1686
0.1688
0.1699
0.1701
0.1718
0.1715
0.1711
0.1712
0.1711
0.1713
0.1711
0.1718
0.1718
0.1729
0.1833
0.187
0.1833
0.1833
0.1825
0.1814
0.1906
0.1938
0.2069
0.24
0.235
0.2055
0.2095
0.2129
0.22
0.222
0.2925
0.3058
0.3076
0.3076
0.3076
0.2998
0.3076
0.3076
0.3076
0.3137
0.3521
0.37
0.3606
0.3142
0.316
0.3151
0.3121
0.3115
0.3258
0.3249
0.3333
0.3348
0.3155
0.3177
0.315
0.3211
0.3199
0.2983
0.3279
0.3013
0.321
0.3152
0.3064
0.2985
0.3083
0.3034
0.3041
0.3026
0.3
0.28
0.295
0.301
0.3
0.2975
0.3001
0.2994
0.2977
0.2991
0.3092
0.306
0.3056
0.3059
0.306
0.3101
0.3054
0.3051
0.3333
0.3335
0.37
0.3549
0.3468
0.341
0.348
0.3435
0.3449
0.364
0.3549
0.3733
0.3542
0.3305
0.3198
0.3338
0.3482
0.3438
0.3421
0.34
0.3386
0.33
0.3333
0.3168
0.3215
0.3232
0.3161
0.31
0.3092
0.3242
0.3139
0.3158
0.3141
0.3099
0.3045
0.3016
0.3044
0.3047
0.3032
0.304
0.304
0.2969
0.299
0.2998
0.2931
0.2898
0.2887
0.2862
0.286
0.2861
0.2921
0.2797
0.2771
0.281
0.2821
0.2813
0.2807
0.2936
0.2921
0.2965
0.2979
0.2985
0.2985
0.3012
0.3127
0.3001
0.2946
0.295
0.2936
0.2935
0.2924
0.2944
0.2921
0.2923
0.2806
0.2809
0.28
0.2812
0.2801
0.2803
0.2834
0.2891
0.2812
0.2847
0.2826
0.2796
0.2799
0.2803
0.2797
0.2749
0.2793
0.2754
0.2777
0.2785
0.2762
0.2746
0.2749
0.2724
0.275
0.275
0.2726
0.2809
0.2806
0.2726
0.2754
0.2644
0.26
0.258
0.2544
0.256
0.2563
0.2556
0.255
0.2496
0.2359
0.2342
0.2357
0.2342
0.238
0.2372
0.2347
0.2351
0.2355
0.2353
0.2334
0.2379
0.2347
0.2347
0.2266
0.2276
0.2286
0.2252
0.2248
0.235
0.242
0.2411
0.2349
0.2399
0.2361
0.2425
0.2343
0.24
0.2343
0.2344
0.2344
0.2395
0.2377
0.2373
0.2365
0.2347
0.2348
0.238
0.2388
0.2384
0.2381
0.2329
0.2301
0.2295
0.231
0.2286
0.2318
0.2319
0.2294
0.2295
0.2245
0.2261
0.2283
0.2263
0.22
0.2224
0.222
0.2155
0.2179
0.2189
0.219
0.2174
0.2173
0.2129
0.2164
0.2217
0.2061
0.211
0.2071
0.2055
0.2123
0.2103
0.2107
0.2089
0.2077
0.2055
0.2055
0.2056
0.2069
0.2056
0.2069
0.2055
0.2052
0.2089
0.2096
0.2113
0.2201
0.2227
0.2199
0.221
0.2217
0.2213
0.229
0.233
0.2344
0.2288
0.2246
0.2259
0.21
0.212
0.2153
0.2201
0.2215
0.22
0.2175
0.2166
0.2186
0.215
0.2137
0.2123
0.2166
0.2173
0.2164
0.2193
0.2141
0.2178
0.2143
0.2141
0.2156
0.2136
0.2102
0.2119
0.2067
0.2104
0.2096
0.2089
0.2088
0.2089
0.2101
0.206
0.2065
0.2075
0.207
0.2079
0.2048
0.2061
0.2063
0.2063
0.2048
0.2079
0.21
0.212
0.2073
0.2134
0.2134
0.206
0.2086
0.2087
0.2069
0.209
0.2097
0.2095
0.2085
0.2065
0.2064
0.2067
0.2067
0.208
0.21
0.2129
0.2112
0.2129
0.2125
0.2102
0.2114
0.2115
0.2104
0.2118
0.2124
0.2095
0.212
0.2123
0.2097
0.2101
0.2124
0.215
0.2113
0.2201
0.2176
0.2162
0.2162
0.2162
0.2145
0.2145
0.2132
0.2113
0.2145
0.2135
0.215
0.2151
0.217
0.2148
0.2255
0.2178
0.2198
0.22
0.218
0.216
0.211
0.2135
0.2145
0.2135
0.2136
0.2133
0.2138
0.2137
0.214
0.212
0.2169
0.2161
0.2138
0.2139
0.2152
0.2159
0.2091
0.203
0.2134
0.2091
0.2207
0.2252
0.2191
0.2197
0.222
0.2238
0.2169
0.2237
0.2222
0.2202
0.22
0.2214
0.223
0.2205
0.2217
0.2226
0.218
0.2204
0.2182
0.2208
0.2195
0.218
0.2207
0.2205
0.22
0.2201
0.22
0.2201
0.2107
0.2197
0.2121
0.217
0.217
0.216
0.2176
0.2215
0.245
0.245
0.2599
0.2652
0.2668
0.2652
0.2624
0.2618
0.2728
0.2676
0.2724
0.2726
0.268
0.27
0.27
0.2663
0.2837
0.2988
0.2999
0.2952
0.2899
0.2869
0.2705
0.2687
0.267
0.2662
0.2705
0.2716
0.271
0.28
0.2715
0.272
0.2715
0.2711
0.2741
0.2742
0.276
0.2765
0.28
0.28
0.2878
0.2943
0.2926
0.2948
0.292
0.292
0.2926
0.292
0.294
0.2971
0.2969
0.296
0.2955
0.2949
0.2927
0.294
0.2929
0.297
0.2896
0.2885
0.2868
0.2787
0.2801
0.2822
0.2786
0.2818
0.2819
0.2742
0.2822
0.285
0.2854
0.2889
0.2847
0.2841
0.292
0.2877
0.2925
0.2938
0.2904
0.2958
0.2958
0.2959
0.2999
0.2975
0.2961
0.308
0.3021
0.2979
0.3
0.3
0.2997
0.2998
0.3
0.2999
0.2999
0.2999
0.2998
0.2998
0.2999
0.299
0.2989
0.2984
0.2961
0.2955
0.2955
0.2954
0.2972
0.2999
0.3014
0.3014
0.2994
0.2979
0.2979
0.2979
0.2979
0.3065
0.2974
0.306
0.3001
0.3022
0.303
0.3005
0.3072
0.3099
0.31
0.307
0.3112
0.3112
0.3069
0.308
0.31
0.3099
0.3097
0.3098
0.3101
0.31
0.3097
0.3098
0.3058
0.3081
0.3096
0.3089
0.309
0.31
0.3099
0.3099
0.31
0.3054
0.3047
0.306
0.3095
0.3054
0.306
0.304
0.3055
0.3053
0.3054
0.3045
0.3049
0.3047
0.2985
0.3019
0.3017
0.302
0.3011
0.2994
0.2979
0.2976
0.2968
0.2999
0.299
0.2989
0.2988
0.2984
0.2978
0.2973
0.2973
0.2979
0.3018
0.3019
0.2999
0.2999
0.2978
0.2976
0.2995
0.299
0.2991
0.2912
0.296
0.2955
0.2992
0.2958
0.2958
0.2975
0.2975
0.293
0.2984
0.2982
0.2955
0.2974
0.2972
0.296
0.2967
0.2912
0.2971
0.2909
0.2981
0.2986
0.2938
0.2969
0.2947
0.2882
0.2869
0.2898
0.2894
0.2886
0.2938
0.2942
0.2942
0.2945
0.2929
0.297
0.2929
0.2978
0.2945
0.2945
0.2945
0.2944
0.2945
0.2944
0.2994
0.2998
0.2995
0.2938
0.2941
0.295
0.2917
0.2905
0.2919
0.2919
0.2918
0.289
0.2897
0.2864
0.2854
0.2803
0.2797
0.2787
0.2789
0.2715
0.2717
0.2727
0.2702
0.2727
0.2728
0.2702
0.281
0.2858
0.2826
0.2828
0.2826
0.2852
0.2851
0.2852
0.2896
0.2896
0.2896
0.284
0.284
0.2857
0.2858
0.2858
0.285
0.2829
0.2838
0.2898
0.2843
0.2835
0.2839
0.283
0.284
0.2839
0.2835
0.283
0.2833
0.2808
0.2809
0.281
0.2842
0.285
0.2802
0.284
0.284
0.2839
0.2838
0.283
0.2792
0.2798
0.28
0.2802
0.2784
0.28
0.2783
0.2752
0.2795
0.2788
0.2809
0.2802
0.2745
0.277
0.276
0.282
0.28
0.2801
0.2801
0.28
0.2837
0.2782
0.2828
0.2805
0.2799
0.28
0.2764
0.2803
0.283
0.2799
0.283
0.2761
0.276
0.2765
0.2755
0.2769
0.277
0.2742
0.278
0.2845
0.281
0.281
0.2856
0.2856
0.2824
0.2859
0.2845
0.2852
0.281
0.2771
0.28
0.28
0.28
0.28
0.2799
0.28
0.28
0.278
0.2798
0.28
0.2798
0.28
0.28
0.28
0.28
0.28
0.2769
0.2769
0.2795
0.2799
0.275
0.2762
0.2762
0.276
0.2766
0.2761
0.2797
0.2784
0.2793
0.2788
0.2797
0.2776
0.2782
0.2799
0.2782
0.283
0.281
0.281
0.2812
0.2796
0.28
0.2795
0.2796
0.28
0.2805
0.28
0.2805
0.2718
0.2758
0.2753
0.2753
0.2755
0.2726
0.2756
0.2754
0.2754
0.2726
0.2754
0.2769
0.2845
0.283
0.2831
0.283
0.2823
0.2825
0.2794
0.2823
0.2812
0.2809
0.2826
0.2829
0.2809
0.2809
0.2813
0.2848
0.2845
0.2818
0.2816
0.28
0.2828
0.2818
0.2785
0.2807
0.2786
0.2798
0.2797
0.2793
0.2804
0.277
0.2805
0.2785
0.2782
0.2788
0.279
0.2795
0.2775
0.2776
0.2746
0.2773
0.277
0.272
0.2713
0.2738
0.2732
0.2702
0.2707
0.2707
0.2707
0.2737
0.2699
0.2681
0.2677
0.2681
0.2664
0.268
0.266
0.265
0.2648
0.2605
0.26
0.2575
0.2567
0.2579
0.2571
0.257
0.2535
0.2494
0.2481
0.2558
0.2491
0.2499
0.248
0.2495
0.2485
0.249
0.2489
0.2394
0.2405
0.238
0.2389
0.234
0.2348
0.24
0.2433
0.2429
0.2396
0.2415
0.2415
0.2495
0.2507
0.244
0.242
0.2439
0.2497
0.245
0.2455
0.245
0.2511
0.2471
0.245
0.247
0.2467
0.2467
0.2467
0.237
0.2384
0.2385
0.2398
0.237
0.2398
0.239
0.237
0.2376
0.2369
0.2338
0.2338
0.2338
0.2357
0.2367
0.2347
0.2373
0.248
0.2477
0.243
0.2455
0.2515
0.248
0.2413
0.2408
0.2409
0.2407
0.2409
0.245
0.2401
0.24
0.2439
0.2392
0.2392
0.2392
0.2416
0.2395
0.237
0.2397
0.2384
0.2382
0.2383
0.2393
0.2382
0.2368
0.239
0.2363
0.2361
0.2382
0.2374
0.2374
0.2352
0.2379
0.2383
0.2379
0.235
0.2372
0.2367
0.2341
0.234
0.235
0.2363
0.2359
0.235
0.2325
0.2615
0.2648
0.265
0.255
0.2537
0.2557
0.261
0.26
0.2617
0.2685
0.2651
0.2679
0.2612
0.2597
0.2542
0.2595
0.256
0.254
0.2565
0.2564
0.2547
0.2545
0.2525
0.249
0.2523
0.2496
0.2496
0.2459
0.2464
0.2462
0.2461
0.2463
0.26
0.2565
0.2611
0.261
0.2611
0.2618
0.258
0.2559
0.2565
0.2527
0.258
0.2552
0.2523
0.2538
0.2536
0.2549
0.2555
0.2549
0.2549
0.2531
0.2592
0.258
0.2582
0.2581
0.2582
0.2577
0.254
0.252
0.2534
0.2545
0.2515
0.2515
0.2524
0.2563
0.251
0.2511
0.2545
0.2508
0.252
0.2541
0.252
0.2448
0.2628
0.2569
0.256
0.256
0.2542
0.256
0.2558
0.2558
0.2557
0.2514
0.2536
0.2522
0.2523
0.25
0.2477
0.2513
0.249
0.2459
0.2465
0.245
0.2455
0.2469
0.246
0.245
0.2458
0.245
0.245
0.245
0.242
0.2435
0.2402
0.2401
0.2376
0.2402
0.2398
0.2397
0.2371
0.2366
0.2368
0.2368
0.2363
0.2372
0.2359
0.2367
0.2363
0.236
0.2348
0.2349
0.235
0.234
0.235
0.2341
0.2341
0.2359
0.2359
0.235
0.235
0.234
0.2332
0.2345
0.2359
0.2358
0.2328
0.233
0.2315
0.2266
0.2266
0.2279
0.2279
0.228
0.2279
0.2274
0.2258
0.2254
0.225
0.225
0.2242
0.224
0.2239
0.2236
0.22
0.22
0.2199
0.2199
0.2204
0.2205
0.2199
0.22
0.22
0.221
0.2205
0.2206
0.221
0.2216
0.2217
0.2218
0.2217
0.2198
0.2192
0.2192
0.2177
0.2187
0.2187
0.2187
0.2162
0.2164
0.2322
0.2307
0.2262
0.2263
0.2298
0.2294
0.231
0.2288
0.2263
0.2263
0.2399
0.2249
0.225
0.225
0.2253
0.225
0.221
0.2215
0.2222
0.2202
0.2203
0.2196
0.2195
0.2193
0.218
0.219
0.2222
0.2248
0.2247
0.225
0.2254
0.222
0.2213
0.2219
0.2222
0.2231
0.2228
0.2194
0.2198
0.2192
0.2181
0.213
0.2132
0.2121
0.2129
0.2132
0.2134
0.2144
0.2145
0.2145
0.2143
0.2163
0.2248
0.2245
0.2208
0.2213
0.2213
0.2165
0.2201
0.2208
0.2217
0.222
0.222
0.222
0.222
0.2223
0.223
0.2239
0.2206
0.222
0.2164
0.2197
0.219
0.2218
0.2217
0.2214
0.216
0.2162
0.215
0.2175
0.2184
0.2186
0.216
0.2192
0.2185
0.2164
0.2163
0.2163
0.216
0.2162
0.2162
0.216
0.2184
0.2181
0.2191
0.219
0.2188
0.2188
0.2189
0.2167
0.2167
0.2193
0.214
0.2164
0.2164
0.2164
0.2151
0.218
0.2151
0.2151
0.2134
0.2168
0.2143
0.2177
0.2139
0.2148
0.2146
0.2129
0.2136
0.2162
0.2129
0.2139
0.2139
0.2139
0.2139
0.2121
0.2145
0.2138
0.2139
0.2144
0.2122
0.2143
0.2122
0.2131
0.2131
0.213
0.2143
0.213
0.2142
0.212
0.2124
0.2188
0.2155
0.2155
0.2156
0.219
0.2126
0.2173
0.2165
0.2151
0.216
0.2152
0.2175
0.2185
0.2185
0.2178
0.217
0.2191
0.217
0.2163
0.2162
0.2185
0.2165
0.2163
0.2196
0.2197
0.2197
0.2186
0.2196
0.2165
0.2163
0.2154
0.2165
0.2165
0.2188
0.216
0.215
0.216
0.217
0.2145
0.2145
0.2135
0.2145
0.215
0.2145
0.2155
0.214
0.22
0.221
0.221
0.221
0.2185
0.221
0.222
0.2185
0.2195
0.2135
0.215
0.2155
0.2155
0.2155
0.2165
0.215
0.2145
0.2145
0.2145
0.214
0.216
0.215
0.213
0.2145
0.2135
0.214
0.2145
0.2145
0.212
0.211
0.212
0.2105
0.2095
0.2095
0.2095
0.21
0.2095
0.21
0.2105
0.208
0.2105
0.2075
0.206
0.207
0.2065
0.2075
0.2035
0.2045
0.2045
0.204
0.2045
0.204
0.201
0.2005
0.1975
0.1975
0.201
0.2015
0.198
0.199
0.1995
0.1995
0.2005
0.2005
0.201
0.2
0.2
0.199
0.194
0.1945
0.194
0.194
0.1935
0.1945
0.195
0.195
0.1935
0.194
0.194
0.194
0.1945
0.1925
0.194
0.1945
0.193
0.194
0.193
0.193
0.193
0.1915
0.1915
0.191
0.192
0.193
0.196
0.1965
0.1955
0.195
0.1965
0.1975
0.2085
0.1985
0.198
0.197
0.196
0.1955
0.196
0.1965
0.1965
0.195
0.195
0.2025
0.2005
0.2
0.1985
0.199
0.199
0.199
0.199
0.199
0.1955
0.2045
0.203
0.203
0.202
0.2
0.2015
0.2
0.2
0.199
0.2005
0.2005
0.2
0.1995
0.2005
0.2005
0.1985
0.197
0.1965
0.197
0.196
0.1965
0.1995
0.1985
0.1985
0.199
0.199
0.1965
0.197
0.197
0.1985
0.197
0.2
0.205
0.2
0.202
0.203
0.2035
0.2035
0.2055
0.2105
0.2075
0.208
0.206
0.205
0.2065
0.207
0.207
0.203
0.202
0.2045
0.2045
0.203
0.2025
0.202
0.202
0.203
0.201
0.2005
0.2015
0.215
0.2135
0.21
0.21
0.208
0.208
0.21
0.208
0.2095
0.2095
0.208
0.2075
0.2055
0.207
0.2075
0.207
0.208
0.207
0.2075
0.209
0.218
0.2175
0.222
0.215
0.2175
0.219
0.2165
0.218
0.2165
0.2155
0.215
0.218
0.2195
0.216
0.215
0.2385
0.2395
0.25
0.247
0.241
0.2405
0.2415
0.257
0.2555
0.2595
0.258
0.2555
0.2565
0.253
0.255
0.2525
0.262
0.262
0.265
0.263
0.2615
0.2585
0.263
0.261
0.264
0.269
0.2675
0.265
0.2625
0.264
0.272
0.274
0.2705
0.2705
0.278
0.275
0.278
0.2775
0.274
0.272
0.267
0.2665
0.2685
0.268
0.266
0.2725
0.2695
0.2665
0.2705
0.27
0.269
0.27
0.2675
0.27
0.27
0.2785
0.279
0.2795
0.2765
0.276
0.2785
0.277
0.277
0.2765
0.277
0.2765
0.2755
0.275
0.2765
0.275
0.28
0.28
0.278
0.28
0.28
0.279
0.278
0.2805
0.2805
0.285
0.2865
0.2875
0.2885
0.287
0.2895
0.2895
0.292
0.293
0.2995
0.3045
0.2995
0.304
0.3005
0.307
0.31
0.31
0.312
0.3185
0.3155
0.3185
0.3
0.3025
0.295
0.3115
0.319
0.3175
0.3135
0.3095
0.3135
0.3075
0.309
0.3055
0.309
0.309
0.3055
0.3085
0.3095
0.308
0.309
0.309
0.309
0.3035
0.307
0.305
0.307
0.3075
0.3045
0.306
0.307
0.303
0.3025
0.2995
0.2925
0.2895
0.289
0.29
0.293
0.2905
0.2905
0.2755
0.2785
0.275
0.277
0.279
0.2815
0.2815
0.282
0.2795
0.2825
0.283
0.281
0.2785
0.279
0.277
0.279
0.2815
0.282
0.2815
0.28
0.28
0.2805
0.2815
0.2805
0.28
0.276
0.277
0.2735
0.273
0.273
0.2725
0.2715
0.27
0.272
0.271
0.272
0.273
0.2695
0.2695
0.273
0.275
0.273
0.274
0.2745
0.275
0.2715
0.2715
0.271
0.272
0.2705
0.272
0.2705
0.2725
0.27
0.27
0.271
0.271
0.271
0.272
0.272
0.272
0.2725
0.271
0.271
0.2705
0.27
0.2705
0.272
0.271
0.2725
0.2725
0.2725
0.2715
0.2725
0.2725
0.2725
0.2715
0.271
0.2715
0.2705
0.2705
0.27
0.2695
0.2695
0.268
0.268
0.268
0.269
0.266
0.2595
0.2585
0.2545
0.2545
0.2565
0.257
0.254
0.2545
0.2515
0.2535
0.254
0.255
0.255
0.258
0.2535
0.253
0.2525
0.2525
0.2535
0.253
0.26
0.2625
0.2635
0.2605
0.2615
0.26
0.261
0.26
0.26
0.257
0.259
0.26
0.2625
0.2615
0.2585
0.2605
0.2605
0.26
0.2605
0.2605
0.2605
0.262
0.264
0.263
0.263
0.262
0.263
0.2625
0.261
0.262
0.261
0.26
0.26
0.2595
0.2595
0.2575
0.2575
0.258
0.258
0.246
0.2585
0.262
0.262
0.2615
0.2545
0.254
0.256
0.256
0.25
0.25
0.25
0.2515
0.25
0.252
0.25
0.252
0.252
0.2495
0.251
0.2495
0.2515
0.249
0.251
0.251
0.2505
0.249
0.2505
0.2505
0.2495
0.251
0.251
0.251
0.2495
0.256
0.257
0.2565
0.253
0.252
0.25
0.25
0.2515
0.25
0.25
0.249
0.2485
0.2485
0.2485
0.25
0.2515
0.252
0.252
0.2505
0.2505
0.251
0.2515
0.252
0.25
0.2495
0.2475
0.2475
0.249
0.249
0.249
0.249
0.25
0.25
0.25
0.25
0.25
0.25
0.249
0.25
0.25
0.25
0.2505
0.2505
0.25
0.248
0.2485
0.2485
0.251
0.252
0.249
0.2495
0.25
0.251
0.2525
0.257
0.257
0.257
0.2545
0.2545
0.2565
0.2575
0.258
0.259
0.257
0.259
0.259
0.2575
0.257
0.2575
0.2565
0.258
0.258
0.2585
0.2585
0.258
0.2555
0.2555
0.257
0.2555
0.255
0.2565
0.256
0.256
0.256
0.256
0.257
0.2565
0.2565
0.2565
0.2555
0.2545
0.255
0.256
0.256
0.255
0.2545
0.255
0.251
0.253
0.253
0.2485
0.249
0.247
0.246
0.249
0.248
0.2435
0.246
0.244
0.2445
0.246
0.245
0.245
0.2405
0.243
0.241
0.241
0.2425
0.239
0.2335
0.233
0.2335
0.2235
0.23
0.227
0.2275
0.23
0.23
0.2285
0.225
0.223
0.23
0.2295
0.2295
0.2265
0.2245
0.228
0.2265
0.228
0.233
0.233
0.229
0.229
0.2285
0.2325
0.2255
0.227
0.228
0.2235
0.2295
0.233
0.23
0.23
0.23
0.2285
0.229
0.2285
0.2285
0.229
0.2355
0.227
0.2235
0.223
0.2225
0.222
0.2245
0.224
0.2245
0.2065
0.208
0.208
0.2055
0.2095
0.211
0.2105
0.2105
0.209
0.2075
0.2065
0.209
0.208
0.213
0.2105
0.2105
0.2105
0.21
0.203
0.195
0.1935
0.19
0.186
0.186
0.183
0.18
0.18
0.1835
0.189
0.184
0.187
0.1865
0.1865
0.1945
0.19
0.1915
0.1935
0.1855
0.184
0.182
0.1815
0.1815
0.1815
0.179
0.178
0.1795
0.1825
0.18
0.1825
0.178
0.175
0.172
0.165
0.1645
0.164
0.1625
0.1625
0.1625
0.1635
0.1635
0.164
0.164
0.1645
0.163
0.161
0.168
0.17
0.178
0.1785
0.1835
0.1875
0.19
0.19
0.192
0.1895
0.19
0.19
0.1915
0.183
0.186
0.1835
0.1875
0.1875
0.188
0.191
0.1905
0.194
0.1925
0.1955
0.194
0.197
0.197
0.197
0.195
0.204
0.206
0.2055
0.2055
0.214
0.2075
0.2055
0.202
0.2045
0.2
0.201
0.201
0.2015
0.2015
0.2005
0.2
0.202
0.2
0.2005
0.2005
0.2
0.201
0.211
0.2195
0.206
0.2135
0.2125
0.211
0.2115
0.213
0.2145
0.2135
0.2145
0.22
0.218
0.2185
0.214
0.214
0.212
0.21
0.212
0.2125
0.2085
0.2085
0.209
0.211
0.209
0.209
0.2105
0.212
0.21
0.21
0.2105
0.213
0.213
0.213
0.211
0.212
0.215
0.213
0.2155
0.216
0.2165
0.214
0.2165
0.214
0.2155
0.2135
0.2155
0.2155
0.2155
0.2135
0.214
0.214
0.2135
0.217
0.2165
0.2155
0.216
0.2145
0.2155
0.2145
0.2155
0.2145
0.2155
0.215
0.217
0.2155
0.2155
0.216
0.2155
0.215
0.215
0.216
0.216
0.215
0.215
0.215
0.2145
0.2155
0.2155
0.216
0.216
0.217
0.217
0.217
0.2195
0.2195
0.219
0.22
0.22
0.222
0.2205
0.2185
0.22
0.2205
0.219
0.2165
0.215
0.2135
0.2135
0.2135
0.2115
0.21
0.2095
0.2125
0.2125
0.2125
0.21
0.2125
0.21
0.214
0.2115
0.214
0.212
0.2115
0.213
0.2185
0.2195
0.2185
0.2185
0.219
0.2185
0.2195
0.2195
0.211
0.2105
0.2085
0.211
0.211
0.21
0.2095
0.211
0.211
0.2175
0.219
0.217
0.2175
0.211
0.218
0.217
0.2135
0.215
0.2155
0.2155
0.216
0.2155
0.216
0.215
0.216
0.2155
0.215
0.2155
0.214
0.214
0.2155
0.2165
0.2165
0.217
0.216
0.2165
0.2195
0.219
0.22
0.219
0.22
0.219
0.22
0.2195
0.2195
0.2185
0.218
0.2165
0.2165
0.2165
0.216
0.2165
0.217
0.217
0.2165
0.2175
0.2185
0.219
0.217
0.2165
0.2165
0.216
0.216
0.217
0.218
0.217
0.2175
0.219
0.219
0.219
0.219
0.2215
0.2195
0.2205
0.222
0.2205
0.2205
0.22
0.2215
0.219
0.2195
0.22
0.2195
0.22
0.2185
0.2185
0.2185
0.2175
0.219
0.2195
0.219
0.218
0.218
0.2165
0.221
0.221
0.2205
0.2205
0.2205
0.2215
0.2195
0.2175
0.219
0.219
0.217
0.2195
0.2165
0.2175
0.218
0.2165
0.2155
0.2165
0.2165
0.216
0.216
0.2145
0.2135
0.2145
0.212
0.214
0.2145
0.2135
0.2135
0.2145
0.215
0.2165
0.2165
0.216
0.2155
0.2155
0.2165
0.2165
0.2165
0.2145
0.2155
0.2165
0.216
0.216
0.216
0.2145
0.2145
0.2145
0.215
0.214
0.214
0.2135
0.2145
0.2145
0.215
0.215
0.2145
0.2145
0.2145
0.2145
0.215
0.215
0.215
0.213
0.213
0.214
0.214
0.2135
0.2135
0.2145
0.2145
0.2145
0.215
0.215
0.216
0.2175
0.2175
0.2185
0.2175
0.2175
0.2185
0.2165
0.2185
0.219
0.218
0.2185
0.218
0.22
0.2225
0.2295
0.2285
0.2275
0.228
0.2265
0.2255
0.226
0.2535
0.26
0.279
0.271
0.281
0.2855
0.28
0.2755
0.2725
0.269
0.2735
0.256
0.261
0.2635
0.2595
0.2625
0.263
0.2665
0.2685
0.2605
0.26
0.257
0.257
0.2585
0.257
0.2595
0.257
0.256
0.256
0.2545
0.24
0.244
0.244
0.2455
0.2445
0.247
0.246
0.245
0.246
0.247
0.2465
0.245
0.246
0.245
0.245
0.2415
0.2415
0.235
0.2325
0.2345
0.234
0.236
0.234
0.2345
0.2385
0.2365
0.237
0.2355
0.235
0.237
0.2335
0.233
0.2335
0.2325
0.2315
0.2325
0.233
0.2335
0.2335
0.2335
0.232
0.234
0.2315
0.231
0.231
0.2305
0.232
0.234
0.2345
0.233
0.2335
0.235
0.2345
0.2335
0.2315
0.232
0.234
0.2365
0.2345
0.232
0.232
0.2315
0.2315
0.231
0.2325
0.2325
0.233
0.23
0.23
0.2335
0.2315
0.232
0.2345
0.2315
0.2315
0.233
0.2345
0.235
0.237
0.2375
0.238
0.239
0.241
0.235
0.234
0.2525
0.256
0.2555
0.2515
0.2485
0.247
0.2455
0.2475
0.247
0.247
0.247
0.2475
0.247
0.2455
0.2465
0.2455
0.2435
0.241
0.2495
0.2555
0.253
0.253
0.2605
0.2575
0.251
0.2515
0.2505
0.2515
0.2465
0.2445
0.247
0.2425
0.2455
0.246
0.246
0.244
0.2455
0.2455
0.245
0.2455
0.2455
0.25
0.25
0.251
0.2455
0.241
0.246
0.245
0.2445
0.246
0.245
0.244
0.247
0.2445
0.246
0.2455
0.2445
0.246
0.242
0.241
0.243
0.2425
0.2435
0.2435
0.242
0.2445
0.2425
0.2425
0.2445
0.242
0.2415
0.2425
0.243
0.247
0.247
0.25
0.25
0.25
0.2485
0.2455
0.2465
0.248
0.2465
0.2485
0.247
0.248
0.2475
0.2485
0.246
0.246
0.245
0.246
0.2465
0.2465
0.246
0.2465
0.2445
0.244
0.245
0.2435
0.242
0.242
0.2435
0.2405
0.241
0.2405
0.2425
0.242
0.2415
0.2415
0.24
0.2435
0.242
0.2415
0.2415
0.242
0.242
0.241
0.24
0.24
0.239
0.239
0.237
0.237
0.237
0.2355
0.237
0.236
0.2425
0.2385
0.2375
0.2385
0.2385
0.2385
0.2385
0.2385
0.238
0.2385
0.2365
0.2365
0.2365
0.239
0.238
0.237
0.2365
0.238
0.236
0.237
0.2365
0.236
0.2355
0.2365
0.234
0.234
0.2345
0.232
0.2335
0.233
0.233
0.2335
0.2335
0.235
0.234
0.2335
0.234
0.234
0.2365
0.2345
0.234
0.2365
0.2365
0.2365
0.2395
0.243
0.2395
0.245
0.2515
0.2515
0.256
0.2535
0.254
0.2505
0.246
0.247
0.2455
0.2485
0.2465
0.246
0.247
0.248
0.243
0.245
0.243
0.2435
0.2445
0.245
0.245
0.2415
0.2415
0.2425
0.2425
0.2415
0.2425
0.242
0.243
0.243
0.2435
0.243
0.2425
0.2425
0.2425
0.2435
0.242
0.2435
0.2415
0.243
0.2405
0.241
0.2425
0.2435
0.2435
0.244
0.2415
0.242
0.243
0.2435
0.2435
0.2435
0.241
0.2415
0.2405
0.241
0.241
0.2415
0.2405
0.2385
0.2375
0.2405
0.24
0.2395
0.2385
0.238
0.239
0.2375
0.239
0.24
0.24
0.2395
0.24
0.2395
0.238
0.238
0.24
0.238
0.2375
0.2395
0.2375
0.239
0.238
0.2445
0.2395
0.24
0.24
0.24
0.24
0.24
0.2395
0.24
0.2405
0.24
0.239
0.2405
0.239
0.239
0.24
0.24
0.24
0.238
0.24
0.24
0.237
0.2385
0.238
0.2365
0.2385
0.2385
0.24
0.24
0.24
0.239
0.2385
0.2395
0.2395
0.2395
0.239
0.2385
0.238
0.238
0.2385
0.239
0.239
0.2465
0.2395
0.24
0.24
0.24
0.2395
0.2375
0.2375
0.237
0.2375
0.24
0.24
0.2385
0.2385
0.2395
0.24
0.239
0.239
0.24
0.2395
0.2395
0.239
0.238
0.2395
0.2395
0.2395
0.24
0.24
0.2405
0.2415
0.2415
0.2405
0.2405
0.2415
0.2415
0.2415
0.2425
0.242
0.2415
0.241
0.2405
0.24
0.2405
0.2405
0.2405
0.2395
0.2395
0.2415
0.241
0.2395
0.2415
0.24
0.2395
0.241
0.2395
0.2395
0.24
0.24
0.2395
0.24
0.2405
0.2395
0.2405
0.2395
0.2405
0.2395
0.24
0.2405
0.2395
0.2385
0.2395
0.238
0.2395
0.238
0.239
0.24
0.239
0.24
0.2385
0.239
0.2385
0.238
0.2405
0.2395
0.239
0.239
0.238
0.238
0.238
0.2375
0.238
0.2375
0.237
0.237
0.237
0.236
0.237
0.2365
0.2365
0.2375
0.235
0.2355
0.2345
0.2365
0.2345
0.2345
0.2365
0.235
0.235
0.235
0.2345
0.2345
0.2345
0.234
0.236
0.234
0.235
0.2365
0.2345
0.2345
0.237
0.234
0.234
0.2365
0.2345
0.237
0.234
0.234
0.234
0.234
0.234
0.2345
0.2345
0.2345
0.2345
0.2345
0.234
0.234
0.234
0.234
0.237
0.237
0.237
0.235
0.2355
0.237
0.236
0.237
0.237
0.238
0.2365
0.2365
0.2375
0.2375
0.2365
0.236
0.2365
0.2375
0.2355
0.2355
0.237
0.236
0.2355
0.2355
0.2375
0.236
0.237
0.237
0.236
0.2355
0.236
0.2355
0.234
0.2335
0.233
0.233
0.2355
0.2335
0.233
0.2345
0.234
0.233
0.233
0.2325
0.2335
0.233
0.2325
0.233
0.2335
0.2335
0.2325
0.233
0.232
0.232
0.232
0.2315
0.2315
0.231
0.231
0.2315
0.2325
0.232
0.231
0.231
0.23
0.23
0.232
0.23
0.232
0.2315
0.2315
0.231
0.2285
0.23
0.23
0.23
0.228
0.228
0.228
0.2275
0.23
0.2285
0.228
0.2275
0.2265
0.2275
0.2275
0.2275
0.2265
0.227
0.2275
0.2275
0.2265
0.228
0.23
0.2305
0.231
0.2305
0.23
0.2305
0.2305
0.23
0.23
0.231
0.235
0.235
0.2355
0.234
0.2325
0.232
0.238
0.237
0.2385
0.239
0.2375
0.2395
0.237
0.239
0.2395
0.247
0.2445
0.244
0.245
0.2445
0.247
0.245
0.246
0.2465
0.25
0.2535
0.2735
0.2725
0.27
0.267
0.281
0.267
0.267
0.2625
0.2645
0.2645
0.263
0.2665
0.2645
0.263
0.264
0.2665
0.2665
0.2635
0.263
0.263
0.2625
0.2605
0.2595
0.2625
0.2585
0.26
0.2645
0.2655
0.266
0.264
0.2625
0.2645
0.267
0.2645
0.267
0.269
0.267
0.2665
0.2695
0.267
0.2695
0.2675
0.268
0.27
0.267
0.271
0.2685
0.2685
0.2695
0.2715
0.2695
0.2795
0.285
0.28
0.2795
0.2775
0.275
0.2745
0.275
0.2795
0.277
0.279
0.284
0.293
0.289
0.2865
0.2845
0.283
0.288
0.2925
0.2915
0.288
0.2865
0.288
0.2865
0.2905
0.2895
0.2925
0.295
0.296
0.294
0.29
0.288
0.2875
0.288
0.288
0.291
0.295
0.2915
0.2945
0.2995
0.2975
0.296
0.2985
0.2995
0.2995
0.2995
0.2995
0.2995
0.3035
0.3065
0.3025
0.302
0.3
0.302
0.301
0.301
0.3
0.303
0.296
0.2985
0.3
0.303
0.2985
0.299
0.3
0.3
0.302
0.301
0.3005
0.297
0.298
0.302
0.3035
0.3025
0.3
0.2995
0.3
0.2995
0.299
0.3
0.3005
0.2985
0.3005
0.3005
0.3
0.3005
0.2985
0.2985
0.3
0.2985
0.298
0.292
0.2955
0.296
0.296
0.298
0.2965
0.296
0.296
0.2975
0.3005
0.3
0.2965
0.2965
0.298
0.298
0.3
0.2965
0.297
0.2955
0.297
0.2985
0.298
0.297
0.298
0.2965
0.299
0.297
0.296
0.297
0.297
0.299
0.297
0.3
0.3
0.301
0.297
0.299
0.3
0.2995
0.298
0.294
0.291
0.292
0.301
0.301
0.3005
0.298
0.2975
0.306
0.306
0.305
0.313
0.311
0.313
0.313
0.313
0.3125
0.315
0.3085
0.3085
0.308
0.309
0.3075
0.3065
0.3075
0.305
0.3085
0.306
0.305
0.3125
0.31
0.312
0.3125
0.313
0.311
0.311
0.3145
0.314
0.3155
0.3115
0.3105
0.31
0.313
0.3095
0.312
0.311
0.312
0.313
0.3105
0.309
0.3085
0.315
0.3155
0.315
0.3115
0.3145
0.3155
0.3145
0.309
0.3095
0.316
0.311
0.313
0.314
0.314
0.3145
0.3145
0.3145
0.3145
0.3145
0.3145
0.3145
0.3145
0.3145
0.314
0.314
0.3115
0.313
0.313
0.3105
0.313
0.313
0.309
0.3095
0.3075
0.307
0.306
0.309
0.3095
0.308
0.31
0.31
0.3095
0.31
0.3085
0.307
0.306
0.305
0.3055
0.3095
0.3085
0.3085
0.309
0.3085
0.3075
0.305
0.2995
0.303
0.3035
0.3035
0.3035
0.303
0.309
0.311
0.309
0.3075
0.3055
0.3035
0.3035
0.305
0.3075
0.308
0.3065
0.307
0.3155
0.317
0.3195
0.319
0.3155
0.315
0.314
0.315
0.317
0.317
0.3185
0.317
0.317
0.317
0.317
0.3175
0.3185
0.3265
0.347
0.339
0.3375
0.337
0.349
0.348
0.3415
0.343
0.3425
0.342
0.34
0.3425
0.3405
0.3365
0.334
0.337
0.3345
0.339
0.339
0.3395
0.338
0.339
0.339
0.3415
0.339
0.3415
0.342
0.3385
0.3365
0.3385
0.3345
0.338
0.3395
0.3405
0.3395
0.3395
0.3395
0.3395
0.338
0.3355
0.335
0.34
0.3395
0.338
0.339
0.3395
0.336
0.337
0.336
0.3365
0.336
0.3355
0.335
0.3325
0.338
0.338
0.3405
0.341
0.341
0.341
0.338
0.341
0.3455
0.345
0.3475
0.347
0.352
0.354
0.3525
0.3525
0.3565
0.3695
0.3675
0.3635
0.3685
0.3685
0.369
0.369
0.3685
0.3665
0.367
0.3655
0.3645
0.364
0.3655
0.3635
0.351
0.359
0.35
0.3505
0.3505
0.35
0.35
0.3505
0.3505
0.352
0.3495
0.348
0.3485
0.3475
0.3475
0.346
0.346
0.3455
0.344
0.3405
0.3415
0.345
0.347
0.345
0.346
0.346
0.3465
0.3485
0.3575
0.3615
0.3635
0.3635
0.361
0.361
0.363
0.3635
0.36
0.364
0.376
0.3735
0.37
0.37
0.37
0.374
0.385
0.385
0.388
0.3885
0.3885
0.385
0.3805
0.3845
0.3825
0.3865
0.3815
0.387
0.387
0.3835
0.383
0.3825
0.391
0.39
0.3925
0.394
0.389
0.3935
0.3935
0.394
0.389
0.382
0.383
0.383
0.383
0.384
0.3925
0.39
0.389
0.3845
0.3855
0.386
0.384
0.3865
0.388
0.3855
0.387
0.387
0.385
0.3845
0.385
0.387
0.385
0.3865
0.3875
0.3935
0.395
0.3915
0.3915
0.3935
0.393
0.3915
0.3905
0.391
0.391
0.3925
0.3925
0.3915
0.3935
0.3935
0.3935
0.395
0.393
0.391
0.3935
0.3935
0.39
0.3855
0.3865
0.392
0.39
0.3905
0.394
0.391
0.394
0.3945
0.3945
0.389
0.395
0.396
0.395
0.3975
0.3955
0.3955
0.397
0.397
0.397
0.3945
0.394
0.394
0.3945
0.394
0.398
0.397
0.397
0.3985
0.394
0.399
0.3955
0.399
0.3985
0.399
0.3985
0.394
0.393
0.394
0.392
0.394
0.394
0.396
0.396
0.397
0.394
0.392
0.3915
0.3925
0.3915
0.395
0.394
0.3895
0.3905
0.3945
0.3945
0.394
0.395
0.394
0.3945
0.39
0.392
0.39
0.393
0.3935
0.3925
0.396
0.396
0.395
0.392
0.391
0.3965
0.392
0.3915
0.3915
0.392
0.3945
0.392
0.3915
0.391
0.39
0.3945
0.3935
0.3945
0.392
0.3935
0.3935
0.391
0.3915
0.3895
0.393
0.393
0.389
0.389
0.3925
0.392
0.3925
0.391
0.391
0.3935
0.393
0.3935
0.3945
0.393
0.3945
0.394
0.392
0.394
0.394
0.392
0.3915
0.391
0.393
0.3925
0.39
0.3915
0.39
0.3885
0.39
0.3885
0.388
0.388
0.388
0.387
0.3865
0.3865
0.3865
0.386
0.386
0.387
0.3835
0.3885
0.3865
0.3775
0.382
0.3755
0.386
0.3835
0.3845
0.384
0.3845
0.379
0.3785
0.375
0.373
0.3785
0.3785
0.3785
0.3775
0.3755
0.376
0.3795
0.378
0.3795
0.3795
0.3775
0.3765
0.38
0.376
0.378
0.3765
0.381
0.3775
0.3775
0.3815
0.3825
0.383
0.383
0.3795
0.383
0.383
0.3835
0.381
0.381
0.3805
0.3805
0.3785
0.377
0.378
0.378
0.38
0.379
0.3805
0.379
0.38
0.379
0.379
0.38
0.377
0.3775
0.3775
0.377
0.377
0.375
0.378
0.439
0.427
0.4065
0.41
0.392
0.3865
0.3885
0.389
0.381
0.3795
0.3785
0.3785
0.377
0.3765
0.375
0.374
0.375
0.3715
0.3685
0.3685
0.3685
0.3685
0.368
0.3705
0.3995
0.4205
0.423
0.4155
0.408
0.409
0.4005
0.404
0.402
0.406
0.4015
0.392
0.393
0.395
0.3915
0.392
0.3875
0.387
0.388
0.3785
0.379
0.377
0.3795
0.378
0.376
0.3785
0.3755
0.377
0.3895
0.3815
0.377
0.3715
0.3715
0.3725
0.3745
0.3745
0.37
0.3725
0.368
0.367
0.367
0.364
0.366
0.3645
0.3695
0.3665
0.371
0.368
0.3655
0.3675
0.366
0.366
0.367
0.365
0.3665
0.364
0.3645
0.3645
0.363
0.3625
0.3575
0.36
0.3605
0.3625
0.3595
0.3595
0.357
0.36
0.353
0.353
0.3475
0.3495
0.3475
0.3475
0.348
0.354
0.3505
0.345
0.3415
0.342
0.341
0.343
0.341
0.3495
0.3515
0.35
0.35
0.35
0.3505
0.3515
0.352
0.35
0.3485
0.343
0.35
0.3455
0.35
0.3495
0.3475
0.3475
0.3465
0.344
0.344
0.3445
0.343
0.343
0.343
0.343
0.343
0.3365
0.334
0.341
0.337
0.335
0.337
0.3365
0.3375
0.3375
0.333
0.336
0.3435
0.343
0.346
0.343
0.341
0.3365
0.344
0.3425
0.3425
0.3445
0.344
0.3425
0.3455
0.343
0.341
0.339
0.3415
0.341
0.339
0.343
0.342
0.344
0.341
0.3385
0.3375
0.335
0.334
0.3335
0.333
0.334
0.329
0.315
0.3135
0.318
0.319
0.32
0.3215
0.3225
0.32
0.319
0.3195
0.317
0.315
0.3175
0.3175
0.319
0.319
0.3225
0.3195
0.3255
0.323
0.323
0.323
0.325
0.3245
0.325
0.3225
0.323
0.3225
0.321
0.3215
0.323
0.3215
0.3215
0.322
0.3215
0.3205
0.3205
0.342
0.332
0.3355
0.3405
0.3405
0.3415
0.3395
0.34
0.3325
0.345
0.3345
0.343
0.3405
0.3325
0.3385
0.3335
0.3335
0.3335
0.336
0.34
0.341
0.34
0.344
0.3445
0.341
0.341
0.3385
0.3405
0.341
0.342
0.339
0.338
0.3405
0.34
0.34
0.34
0.339
0.342
0.3395
0.3395
0.337
0.337
0.338
0.335
0.336
0.3365
0.3335
0.328
0.322
0.325
0.325
0.325
0.3255
0.3225
0.3265
0.3295
0.3295
0.33
0.33
0.3295
0.3305
0.337
0.3305
0.328
0.325
0.3425
0.335
0.3365
0.3405
0.34
0.34
0.3375
0.3395
0.337
0.336
0.335
0.3355
0.3365
0.3365
0.3365
0.335
0.335
0.333
0.334
0.333
0.3355
0.3335
0.333
0.3355
0.3345
0.3315
0.331
0.3235
0.3235
0.3285
0.326
0.3265
0.3265
0.325
0.327
0.327
0.33
0.3265
0.3275
0.3265
0.329
0.328
0.326
0.3255
0.3265
0.33
0.3295
0.3285
0.328
0.3255
0.3255
0.322
0.321
0.323
0.323
0.322
0.321
0.3205
0.322
0.3215
0.3245
0.325
0.328
0.325
0.32
0.3205
0.324
0.3235
0.324
0.3235
0.3215
0.3225
0.322
0.3225
0.323
0.322
0.323
0.3225
0.3215
0.3215
0.32
0.3195
0.319
0.32
0.319
0.32
0.32
0.321
0.3215
0.3205
0.3225
0.32
0.3175
0.3185
0.322
0.322
0.322
0.32
0.317
0.3185
0.319
0.3175
0.319
0.316
0.316
0.315
0.315
0.3135
0.3105
0.313
0.317
0.3165
0.3135
0.315
0.315
0.313
0.3135
0.313
0.315
0.3145
0.313
0.3135
0.313
0.316
0.3175
0.3175
0.3185
0.319
0.318
0.318
0.321
0.32
0.32
0.32
0.32
0.32
0.3215
0.3175
0.3215
0.322
0.322
0.319
0.321
0.3175
0.318
0.3175
0.3175
0.317
0.317
0.3175
0.3165
0.3165
0.3165
0.318
0.318
0.3155
0.3165
0.32
0.32
0.32
0.3195
0.3155
0.315
0.3145
0.3175
0.314
0.313
0.313
0.313
0.3135
0.3135
0.3105
0.3105
0.3105
0.313
0.3095
0.309
0.31
0.313
0.31
0.311
0.316
0.3165
0.3465
0.337
0.329
0.332
0.3325
0.3325
0.3335
0.333
0.327
0.3305
0.3295
0.3285
0.328
0.328
0.3275
0.324
0.325
0.3245
0.3255
0.326
0.3265
0.3265
0.3235
0.323
0.32
0.3225
0.323
0.323
0.3205
0.3155
0.3155
0.3165
0.32
0.317
0.317
0.316
0.3155
0.3155
0.3175
0.318
0.315
0.318
0.318
0.3155
0.3155
0.3175
0.318
0.3165
0.315
0.3165
0.315
0.3175
0.3175
0.3175
0.3195
0.321
0.318
0.318
0.3175
0.3175
0.3205
0.32
0.3195
0.3205
0.3195
0.3225
0.32
0.323
0.323
0.318
0.3205
0.3205
0.3205
0.3175
0.317
0.317
0.317
0.317
0.319
0.3265
0.3255
0.33
0.3305
0.3255
0.3285
0.326
0.329
0.3255
0.3315
0.327
0.3275
0.328
0.328
0.328
0.328
0.328
0.326
0.325
0.3265
0.324
0.329
0.324
0.3235
0.323
0.323
0.3205
0.3225
0.3215
0.3205
0.32
0.3225
0.323
0.3225
0.323
0.3215
0.321
0.32
0.32
0.3195
0.323
0.32
0.3215
0.3205
0.3205
0.3225
0.3205
0.32
0.3235
0.32
0.319
0.318
0.318
0.315
0.315
0.315
0.3155
0.3155
0.318
0.312
0.3115
0.311
0.3115
0.311
0.312
0.312
0.3105
0.309
0.309
0.3075
0.309
0.309
0.3075
0.309
0.307
0.309
0.307
0.3075
0.306
0.3055
0.3075
0.308
0.3085
0.3085
0.3075
0.306
0.3075
0.3075
0.3055
0.307
0.3065
0.3055
0.3075
0.3085
0.308
0.305
0.3055
0.3085
0.3055
0.3115
0.3085
0.309
0.309
0.307
0.3055
0.3085
0.306
0.3065
0.3055
0.3085
0.305
0.3045
0.3085
0.306
0.306
0.3045
0.304
0.306
0.3065
0.3065
0.3035
0.3065
0.3075
0.308
0.305
0.3055
0.301
0.3005
0.3035
0.303
0.301
0.301
0.3045
0.3025
0.3005
0.3005
0.3005
0.3005
0.302
0.3015
0.303
0.3005
0.3025
0.3005
0.3025
0.303
0.3
0.3005
0.3005
0.299
0.299
0.2965
0.296
0.296
0.2965
0.2955
0.2955
0.2945
0.2935
0.295
0.2995
0.299
0.2965
0.2985
0.297
0.2965
0.2975
0.299
0.2965
0.297
0.2965
0.295
0.2945
0.2945
0.2945
0.2935
0.293
0.2945
0.295
0.293
0.2935
0.2955
0.294
0.2925
0.2865
0.2935
0.2925
0.29
0.2915
0.2905
0.2915
0.291
0.29
0.289
0.2905
0.2925
0.2915
0.293
0.292
0.296
0.2965
0.296
0.295
0.298
0.2975
0.297
0.297
0.2965
0.3065
0.293
0.3005
0.298
0.2975
0.3005
0.2985
0.3065
0.306
0.3155
0.308
0.3105
0.306
0.307
0.3045
0.308
0.311
0.3105
0.3105
0.31
0.3085
0.31
0.309
0.3105
0.3105
0.3075
0.308
0.308
0.308
0.307
0.3055
0.305
0.3085
0.308
0.3085
0.309
0.3085
0.3065
0.304
0.305
0.3065
0.3055
0.3035
0.3035
0.3025
0.3025
0.303
0.3025
0.303
0.3035
0.3005
0.301
0.3005
0.301
0.304
0.304
0.3015
0.3035
0.3065
0.302
0.301
0.303
0.3025
0.3025
0.304
0.3005
0.301
0.302
0.302
0.3
0.2965
0.2965
0.3015
0.301
0.303
0.3005
0.3025
0.2975
0.302
0.3035
0.3025
0.3015
0.302
0.2995
0.2995
0.3005
0.299
0.297
0.2985
0.301
0.2975
0.2995
0.2995
0.2995
0.2975
0.2995
0.302
0.2995
0.3015
0.3015
0.308
0.3085
0.301
0.3015
0.3035
0.303
0.301
0.303
0.3045
0.3045
0.3045
0.3045
0.303
0.306
0.3035
0.3025
0.3025
0.3035
0.3005
0.3
0.3025
0.303
0.303
0.3
0.3015
0.3025
0.3025
0.3025
0.3025
0.3025
0.305
0.308
0.302
0.302
0.302
0.302
0.3025
0.3015
0.301
0.303
0.301
0.3005
0.3005
0.303
0.3035
0.3045
0.3045
0.3025
0.304
0.3045
0.3025
0.304
0.303
0.304
0.305
0.3055
0.305
0.3065
0.312
0.312
0.312
0.31
0.3125
0.314
0.312
0.312
0.312
0.3145
0.3145
0.315
0.3155
0.312
0.312
0.3125
0.3135
0.3065
0.31
0.322
0.327
0.323
0.3295
0.32
0.3195
0.324
0.3235
0.3235
0.327
0.32
0.32
0.317
0.3195
0.321
0.3225
0.32
0.327
0.3205
0.321
0.315
0.313
0.3145
0.3165
0.3155
0.3195
0.3205
0.3175
0.3155
0.3065
0.308
0.309
0.3095
0.307
0.3065
0.309
0.3085
0.309
0.306
0.306
0.3045
0.305
0.3075
0.3075
0.3055
0.307
0.3035
0.304
0.3055
0.303
0.305
0.3015
0.305
0.3025
0.301
0.303
0.3025
0.3
0.3005
0.2985
0.301
0.301
0.2995
0.301
0.3
0.2985
0.303
0.3025
0.2995
0.2995
0.2995
0.2985
0.297
0.295
0.295
0.298
0.2965
0.296
0.296
0.293
0.2945
0.2925
0.292
0.293
0.293
0.293
0.2925
0.2925
0.2925
0.2925
0.2915
0.3395
0.366
0.351
0.379
0.4035
0.3995
0.388
0.375
0.3485
0.35
0.325
0.354
0.37
0.359
0.343
0.35
0.3415
0.3425
0.337
0.356
0.3455
0.3525
0.35
0.347
0.341
0.34
0.336
0.3395
0.379
0.386
0.3945
0.388
0.4005
0.392
0.387
0.392
0.4115
0.398
0.401
0.3965
0.399
0.392
0.3955
0.3895
0.3855
0.3715
0.385
0.378
0.381
0.3765
0.374
0.37
0.373
0.3735
0.37
0.3765
0.3885
0.378
0.38
0.381
0.383
0.3775
0.3755
0.372
0.38
0.3685
0.3675
0.3645
0.3525
0.355
0.3515
0.355
0.357
0.357
0.357
0.354
0.351
0.3515
0.35
0.35
0.351
0.35
0.3465
0.342
0.338
0.338
0.3385
0.339
0.3415
0.3415
0.3405
0.3385
0.338
0.34
0.3785
0.3735
0.3785
0.3765
0.366
0.3665
0.371
0.369
0.369
0.3795
0.358
0.3595
0.356
0.3575
0.3575
0.357
0.358
0.3585
0.359
0.354
0.352
0.352
0.3545
0.354
0.354
0.354
0.357
0.3605
0.3565
0.3605
0.359
0.3775
0.379
0.373
0.3745
0.3715
0.373
0.383
0.44
0.473
0.4825
0.478
0.4815
0.472
0.456
0.514
0.514
0.5645
0.625
0.597
0.629
0.61
0.604
0.6025
0.532
0.5035
0.471
0.5785
0.58
0.5885
0.657
0.6585
0.6585
0.6585
0.6585
0.6585
0.724
0.823
0.8045
0.789
0.785
0.8
0.7915
0.7895
0.806
0.788
0.815
0.8395
0.837
0.811
0.7985
0.7735
0.7295
0.7085
0.726
0.7685
0.679
0.6845
0.6715
0.68
0.6695
0.669
0.6625
0.6545
0.643
0.6395
0.5635
0.5555
0.5305
0.527
0.549
0.5425
0.5345
0.5455
0.55
0.56
0.5745
0.5995
0.5795
0.6045
0.6045
0.6045
0.5805
0.5695
0.5825
0.592
0.582
0.58
0.57
0.57
0.568
0.5505
0.555
0.562
0.5615
0.543
0.541
0.5335
0.538
0.5375
0.543
0.539
0.539
0.54
0.53
0.529
0.5215
0.518
0.52
0.5225
0.5275
0.52
0.5245
0.525
0.526
0.5285
0.5335
0.536
0.538
0.5355
0.537
0.537
0.529
0.53
0.529
0.529
0.531
0.5305
0.5335
0.5275
0.5325
0.533
0.523
0.523
0.5205
0.523
0.521
0.5225
0.5215
0.5235
0.523
0.546
0.534
0.5275
0.5245
0.516
0.5045
0.507
0.507
0.4965
0.5135
0.505
0.505
0.501
0.5015
0.499
0.4895
0.486
0.4895
0.487
0.484
0.4825
0.482
0.474
0.472
0.4695
0.473
0.474
0.472
0.466
0.464
0.4625
0.467
0.46
0.4535
0.4625
0.4495
0.446
0.4455
0.4445
0.426
0.4235
0.422
0.422
0.427
0.4425
0.445
0.4345
0.423
0.431
0.4315
0.4265
0.4275
0.4315
0.4315
0.429
0.4225
0.419
0.4145
0.4185
0.4115
0.4125
0.4065
0.4075
0.408
0.421
0.463
0.479
0.461
0.46
0.458
0.452
0.445
0.4595
0.461
0.4615
0.4395
0.433
0.436
0.4305
0.4335
0.437
0.4345
0.431
0.434
0.4245
0.424
0.421
0.4205
0.426
0.4255
0.42
0.4205
0.424
0.4185
0.413
0.415
0.417
0.4165
0.417
0.4435
0.416
0.4055
0.414
0.414
0.4115
0.402
0.386
0.3925
0.392
0.397
0.401
0.4035
0.4
0.3795
0.376
0.3855
0.3845
0.388
0.3895
0.384
0.3845
0.391
0.3945
0.402
0.3985
0.398
0.398
0.4015
0.4055
0.4095
0.4085
0.3985
0.404
0.404
0.4055
0.4055
0.406
0.404
0.4045
0.427
0.421
0.4235
0.416
0.4145
0.414
0.4165
0.4175
0.4175
0.4325
0.41
0.406
0.396
0.396
0.393
0.3965
0.3975
0.397
0.3895
0.399
0.3975
0.3945
0.3925
0.3915
0.3905
0.393
0.394
0.39
0.3895
0.393
0.391
0.387
0.3895
0.389
0.39
0.39
0.389
0.3925
0.389
0.388
0.391
0.388
0.39
0.391
0.3935
0.39
0.3905
0.386
0.3875
0.3845
0.384
0.3825
0.385
0.383
0.3845
0.3885
0.3865
0.3875
0.3855
0.383
0.3835
0.381
0.38
0.383
0.375
0.3715
0.37
0.3645
0.3675
0.366
0.3655
0.3685
0.3635
0.3575
0.3615
0.3635
0.3685
0.385
0.374
0.3745
0.377
0.3775
0.3805
0.388
0.3835
0.384
0.3735
0.373
0.3675
0.37
0.37
0.372
0.3695
0.3675
0.371
0.3715
0.3685
0.368
0.366
0.368
0.366
0.3675
0.365
0.362
0.365
0.3645
0.3645
0.3645
0.355
0.3595
0.372
0.3685
0.3685
0.366
0.357
0.36
0.3555
0.354
0.3545
0.3515
0.354
0.3535
0.3505
0.347
0.354
0.3485
0.356
0.349
0.352
0.3485
0.348
0.3505
0.3485
0.341
0.3395
0.3395
0.352
0.348
0.355
0.3515
0.355
0.3525
0.35
0.348
0.3505
0.35
0.3485
0.347
0.3485
0.351
0.351
0.351
0.347
0.345
0.3425
0.343
0.3445
0.3425
0.3425
0.343
0.3445
0.3445
0.33
0.331
0.345
0.3565
0.34
0.34
0.342
0.342
0.343
0.342
0.338
0.345
0.3435
0.3415
0.343
0.35
0.345
0.339
0.338
0.341
0.341
0.3445
0.3435
0.35
0.3425
0.3435
0.341
0.34
0.3355
0.3725
0.3965
0.3915
0.394
0.377
0.3835
0.3785
0.377
0.358
0.376
0.371
0.3635
0.358
0.36
0.3575
0.356
0.355
0.355
0.3535
0.3535
0.3555
0.3555
0.354
0.3545
0.354
0.3555
0.3555
0.3565
0.365
0.37
0.3615
0.3655
0.355
0.3545
0.357
0.355
0.3575
0.354
0.3445
0.345
0.352
0.3505
0.351
0.3505
0.349
0.3495
0.3575
0.3555
0.3615
0.36
0.361
0.36
0.3555
0.355
0.3575
0.364
0.365
0.3655
0.3635
0.362
0.358
0.358
0.359
0.3595
0.361
0.358
0.3605
0.3605
0.36
0.3585
0.3555
0.3515
0.3545
0.351
0.35
0.3495
0.35
0.349
0.3505
0.349
0.35
0.349
0.3615
0.352
0.357
0.354
0.354
0.3535
0.351
0.3535
0.3495
0.349
0.355
0.3555
0.3525
0.352
0.3505
0.3535
0.3505
0.35
0.35
0.3555
0.36
0.361
0.3625
0.357
0.356
0.359
0.362
0.359
0.3545
0.355
0.355
0.354
0.354
0.351
0.35
0.3495
0.346
0.3415
0.3425
0.3395
0.336
0.333
0.3355
0.329
0.3295
0.33
0.3375
0.328
0.3275
0.3265
0.326
0.3245
0.3235
0.325
0.325
0.3195
0.3145
0.315
0.3135
0.31
0.3115
0.3085
0.31
0.3095
0.313
0.3125
0.3195
0.3165
0.317
0.317
0.3165
0.316
0.315
0.3165
0.3175
0.316
0.319
0.3195
0.317
0.319
0.319
0.3165
0.313
0.3115
0.3075
0.3095
0.3095
0.3085
0.308
0.313
0.3105
0.31
0.303
0.3085
0.3025
0.3005
0.3005
0.2975
0.297
0.295
0.297
0.2965
0.3075
0.3135
0.3105
0.309
0.312
0.3115
0.307
0.307
0.3055
0.3145
0.3125
0.313
0.3055
0.306
0.309
0.307
0.3075
0.3055
0.3075
0.3095
0.304
0.305
0.3055
0.307
0.3055
0.3065
0.3055
0.3035
0.3055
0.3055
0.3005
0.3
0.301
0.3025
0.301
0.301
0.3035
0.301
0.301
0.301
0.3
0.3005
0.302
0.3005
0.3
0.3
0.303
0.3
0.299
0.2985
0.296
0.2985
0.299
0.296
0.2995
0.2995
0.2995
0.298
0.2975
0.3
0.2995
0.295
0.296
0.294
0.2935
0.2905
0.289
0.29
0.2885
0.289
0.2905
0.2945
0.2925
0.2935
0.2925
0.294
0.293
0.294
0.29
0.293
0.2925
0.292
0.291
0.291
0.293
0.2915
0.294
0.2935
0.293
0.293
0.294
0.2915
0.293
0.293
0.298
0.296
0.304
0.3065
0.3075
0.31
0.3115
0.3255
0.3135
0.3185
0.3175
0.3155
0.3145
0.3145
0.32
0.315
0.3155
0.3145
0.3165
0.3145
0.309
0.304
0.307
0.309
0.3095
0.3095
0.308
0.304
0.3045
0.2995
0.2975
0.3
0.2985
0.302
0.301
0.3005
0.301
0.304
0.305
0.3025
0.306
0.302
0.3025
0.3015
0.3025
0.3055
0.308
0.306
0.3045
0.304
0.302
0.3025
0.304
0.304
0.3
0.304
0.304
0.301
0.3005
0.299
0.3
0.3005
0.302
0.3005
0.302
0.3005
0.298
0.297
0.293
0.2945
0.2795
0.2835
0.277
0.2735
0.272
0.2695
0.27
0.275
0.262
0.256
0.26
0.257
0.253
0.269
0.265
0.2705
0.272
0.25
0.177
0.18
0.224
0.2085
0.1955
0.1915
0.1935
0.193
0.1885
0.2085
0.2115
0.1975
0.1965
0.2065
0.196
0.2065
0.2065
0.2145
0.2305
0.1995
0.2035
0.2
0.1995
0.218
0.2
0.216
0.212
0.209
0.215
0.2165
0.216
0.215
0.23
0.232
0.2295
0.234
0.2345
0.2415
0.2445
0.2595
0.2675
0.2745
0.28
0.275
0.252
0.2645
0.2675
0.2675
0.274
0.273
0.2725
0.3215
0.328
0.3285
0.3295
0.3265
0.33
0.3205
0.317
0.3175
0.345
0.384
0.4415
0.4225
0.4205
0.4245
0.4205
0.435
0.444
0.444
0.4875
0.4035
0.425
0.427
0.4255
0.4255
0.4265
0.421
0.411
0.4295
0.43
0.408
0.407
0.4045
0.3975
0.3925
0.388
0.3875
0.3875
0.387
0.3875
0.3755
0.3745
0.368
0.366
0.37
0.3735
0.3685
0.37
0.372
0.3615
0.369
0.3645
0.3555
0.3525
0.3495
0.3445
0.346
0.346
0.3415
0.3415
0.3275
0.3395
0.333
0.326
0.336
0.334
0.332
0.323
0.334
0.34
0.341
0.3535
0.361
0.362
0.362
0.357
0.3495
0.3525
0.356
0.344
0.349
0.344
0.342
0.342
0.3385
0.3345
0.333
0.337
0.331
0.328
0.328
0.3305
0.3235
0.326
0.3255
0.3245
0.3265
0.338
0.3315
0.335
0.331
0.3295
0.3305
0.3285
0.3275
0.327
0.3295
0.3215
0.32
0.316
0.3035
0.301
0.305
0.31
0.3095
0.3105
0.304
0.3045
0.307
0.31
0.319
0.319
0.314
0.3075
0.313
0.3065
0.31
0.3105
0.3095
0.31
0.311
0.3105
0.307
0.3125
0.309
0.309
0.307
0.3045
0.3085
0.3045
0.308
0.309
0.3
0.299
0.299
0.2975
0.2995
0.2985
0.2965
0.291
0.298
0.3
0.3025
0.303
0.3035
0.306
0.307
0.306
0.3
0.3
0.304
0.3045
0.306
0.302
0.303
0.3015
0.3045
0.303
0.3025
0.304
0.306
0.302
0.302
0.303
0.3035
0.302
0.3025
0.3005
0.302
0.3025
0.3015
0.301
0.3015
0.2995
0.298
0.301
0.301
0.302
0.3015
0.3005
0.301
0.2995
0.3025
0.3
0.3005
0.3025
0.303
0.302
0.302
0.3015
0.302
0.3015
0.3015
0.302
0.3005
0.299
0.2995
0.3125
0.3035
0.304
0.3055
0.304
0.302
0.3035
0.304
0.304
0.309
0.307
0.304
0.3015
0.3035
0.3015
0.307
0.309
0.3065
0.306
0.305
0.304
0.304
0.3035
0.3005
0.3005
0.3025
0.3025
0.3005
0.3015
0.302
0.3015
0.3015
0.301
0.3025
0.301
0.3035
0.302
0.301
0.302
0.301
0.2985
0.2985
0.2955
0.2955
0.309
0.3005
0.297
0.298
0.2975
0.298
0.2995
0.2955
0.297
0.297
0.3015
0.3005
0.3005
0.3
0.299
0.2995
0.3005
0.301
0.301
0.298
0.2975
0.2945
0.296
0.296
0.2955
0.2965
0.297
0.2965
0.2935
0.2925
0.293
0.2915
0.292
0.2925
0.291
0.2925
0.29
0.292
0.2905
0.29
0.29
0.29
0.2885
0.288
0.288
0.287
0.284
0.283
0.282
0.2835
0.282
0.2885
0.2915
0.2855
0.288
0.295
0.2985
0.2945
0.2945
0.2945
0.2935
0.29
0.29
0.2815
0.291
0.2925
0.2925
0.2875
0.2885
0.29
0.2875
0.288
0.2875
0.2905
0.291
0.292
0.29
0.29
0.291
0.291
0.2915
0.295
0.2945
0.2905
0.2885
0.2885
0.289
0.2895
0.2895
0.2895
0.285
0.284
0.282
0.282
0.2835
0.2825
0.282
0.2815
0.282
0.289
0.2825
0.2805
0.28
0.2825
0.2805
0.2835
0.2815
0.283
0.273
0.2725
0.273
0.274
0.2735
0.2735
0.2735
0.2735
0.2735
0.2745
0.27
0.267
0.2685
0.2685
0.268
0.267
0.267
0.2665
0.2665
0.2665
0.264
0.264
0.2595
0.2605
0.262
0.261
0.2615
0.26
0.257
0.257
0.257
0.257
0.2555
0.257
0.257
0.258
0.259
0.2615
0.261
0.261
0.26
0.261
0.261
0.26
0.2605
0.263
0.2625
0.2625
0.2605
0.26
0.2595
0.26
0.258
0.2575
0.258
0.2585
0.2585
0.2595
0.26
0.2595
0.2575
0.2565
0.2565
0.2575
0.2565
0.2565
0.2565
0.2565
0.2575
0.258
0.256
0.2575
0.2585
0.2585
0.26
0.2605
0.259
0.2605
0.2605
0.267
0.2665
0.2655
0.264
0.265
0.2655
0.2655
0.2645
0.2655
0.266
0.268
0.2695
0.269
0.2695
0.267
0.2675
0.269
0.269
0.2705
0.269
0.2705
0.272
0.2755
0.2735
0.2735
0.2745
0.2745
0.275
0.3085
0.294
0.2905
0.283
0.2825
0.285
0.288
0.2855
0.2835
0.284
0.28
0.2775
0.28
0.28
0.28
0.279
0.2775
0.278
0.273
0.2715
0.27
0.272
0.271
0.272
0.271
0.269
0.273
0.2685
0.269
0.271
0.271
0.271
0.2685
0.27
0.275
0.276
0.275
0.275
0.274
0.2745
0.274
0.274
0.2735
0.2745
0.2755
0.2745
0.2755
0.274
0.275
0.2735
0.2755
0.2755
0.274
0.2735
0.275
0.2745
0.2735
0.2735
0.2745
0.2745
0.2695
