close
15.97
15.98
15.97
15.97
15.96
15.96
15.944
15.95
15.95
15.95
15.95
15.94
15.93
15.92
15.946
16.296
16.1
16.1
16.1
16.096
16.112
16.1
16.084
16.1
16.1
16.09
16.1
16.1
16.1
16.1
16.1
16.09
16.1
16.1
16.1
16.1
16.1
16.068
16.1
16.084
16.036
16.004
16.08
16.48
16.0
16.0
15.984
15.99
16.0
15.84
15.85
15.85
15.85
15.818
15.81
15.8
15.8
15.8
15.8
15.8
15.8
15.8
15.8
15.8
15.8
15.8
15.784
15.77
15.79
15.8
15.8
15.8
15.8
15.8
15.784
15.8
15.8
15.8
15.8
15.8
15.81
15.8
15.8
15.8
15.815
15.8
15.8
15.8
15.8
15.8
15.8
15.8
15.8
15.8
15.8
15.8
15.8
15.8
15.8
15.8
15.8
15.8
15.8
15.75
15.75
15.8
15.65
15.4
15.3
15.2
15.2
15.2
15.0
15.0
15.7
15.65
15.6
15.4
16.0
15.7
15.4
15.3
15.3
15.1
15.8
15.7
15.65
15.6
15.7
15.6
15.5
15.5
15.45
15.45
15.4
15.9
15.85
15.7
15.75
15.6
16.5
16.35
15.5
15.45
15.45
15.45
15.4
15.35
15.3
15.25
15.25
15.2
15.15
15.8
15.8
15.8
14.6
15.6
15.6
15.7
15.3
16.0
15.75
15.8
15.8
15.7
15.8
15.7
15.65
15.6
15.6
15.7
15.7
15.7
15.7
15.7
16.4
16.45
15.7
15.65
15.6
15.4
15.4
15.4
15.45
15.4
15.4
15.0
15.0
15.4
12.8
13.6
15.0
14.9
15.4
15.45
15.4
15.05
15.0
17.0
12.0
14.0
14.0
14.0
13.5
13.5
15.4
15.4
15.4
15.3
15.4
15.35
15.0
15.3
15.5
15.3
15.3
15.2
15.2
15.3
15.2
15.4
15.2
15.3
15.3
15.15
15.2
15.2
15.0
15.2
15.1
15.1
15.2
15.3
15.3
15.4
15.4
15.4
15.1
15.25
15.4
15.4
15.2
15.55
15.5
15.2
15.4
15.3
15.2
15.35
15.3
15.0
15.2
15.4
15.3
15.1
15.0
15.0
16.5
15.4
15.3
15.2
15.4
15.05
15.3
15.35
15.4
15.25
15.4
15.4
15.4
15.4
15.4
15.0
15.0
15.0
15.35
15.05
15.0
15.7
15.2
15.0
15.35
15.0
15.0
15.0
15.35
15.35
15.0
15.35
15.35
15.4
15.35
16.5
15.0
15.2
15.4
15.0
15.0
15.2
15.1
15.0
15.25
15.25
15.0
15.4
15.1
15.25
15.1
15.2
15.0
15.35
15.35
15.4
15.3
15.6
15.6
15.0
15.1
15.2
15.05
14.9
15.1
15.6
15.3
15.05
15.0
15.35
15.35
15.35
15.35
15.05
15.35
15.4
15.3
15.05
15.05
15.35
15.35
15.35
15.35
15.35
15.35
15.05
15.35
15.35
15.4
15.05
15.4
15.05
15.5
15.2
14.85
15.4
15.35
15.2
15.4
15.45
15.3
15.3
15.6
15.2
15.2
15.2
15.4
15.2
15.35
15.35
15.1
15.35
15.35
14.85
15.45
15.1
15.1
15.35
14.95
15.1
15.05
15.1
15.1
15.5
15.45
15.1
15.5
15.5
15.6
15.6
15.7
15.8
15.8
15.65
15.7
15.7
15.6
15.7
15.6
15.6
15.6
15.15
15.6
15.6
15.15
15.6
15.15
15.2
15.55
15.6
15.2
15.65
15.3
15.6
15.6
15.65
15.65
15.65
15.45
15.5
15.65
15.15
15.65
15.45
15.6
15.85
15.8
16.45
15.8
15.25
15.25
16.0
16.0
15.3
15.0
15.0
14.75
14.75
14.75
15.2
14.0
14.65
15.0
15.05
15.25
15.4
15.05
15.4
15.65
15.45
15.6
15.55
15.55
15.6
15.25
15.4
15.45
15.55
15.6
15.95
15.6
15.45
15.25
15.95
15.6
15.6
15.65
15.45
15.3
15.45
15.45
15.3
15.35
15.55
15.55
15.15
15.2
15.35
15.2
15.2
15.5
15.5
15.25
15.3
15.55
15.2
15.2
15.15
14.5
14.6
15.3
14.05
14.4
14.0
14.0
13.0
13.5
13.0
13.5
12.5
14.2
13.8
12.65
13.85
13.1
13.1
13.1
13.1
14.1
14.1
14.0
14.8
14.3
15.2
15.2
14.8
14.15
14.15
14.2
13.3
13.4
13.75
14.0
13.25
13.3
14.4
14.45
14.45
14.45
14.45
14.4
14.4
14.4
13.3
13.6
14.55
14.2
14.25
15.45
13.7
13.65
13.65
13.7
14.0
14.0
14.0
13.95
14.0
14.55
13.45
13.7
13.7
13.7
13.45
14.55
14.55
13.45
14.0
14.2
14.45
13.45
13.45
13.45
13.45
13.5
13.55
13.5
13.5
13.3
13.1
13.35
13.35
13.0
12.35
13.0
12.25
12.05
12.05
12.25
12.4
12.3
12.0
12.15
12.15
12.15
12.05
12.15
12.55
12.15
12.15
12.15
11.65
11.85
12.1
13.0
13.1
13.45
12.8
12.55
12.55
12.6
12.5
12.5
13.0
12.5
12.2
12.4
12.3
11.4
12.4
12.4
11.85
11.9
11.8
12.45
11.7
11.8
11.8
11.75
12.5
12.2
11.8
12.0
12.2
12.2
12.2
10.3
11.9
11.85
11.75
12.0
11.85
11.95
10.75
11.95
11.95
11.85
11.35
11.45
11.0
11.9
11.8
11.7
11.65
11.55
11.65
11.55
11.65
11.95
11.9
11.8
11.75
12.35
12.2
12.0
11.65
12.95
12.15
11.95
12.3
11.75
11.8
11.45
10.95
10.7
10.65
12.95
12.0
12.95
12.95
12.95
11.2
11.95
11.95
10.6
11.85
11.15
11.3
10.9
10.6
10.95
11.4
12.5
10.5
10.5
10.15
11.0
11.0
12.0
11.05
11.85
12.35
11.35
11.0
11.85
11.8
11.8
12.0
10.2
12.45
10.5
11.5
10.55
10.65
11.5
11.0
11.5
11.5
11.0
12.5
11.0
11.5
11.0
11.05
11.05
11.05
11.0
11.0
11.3
11.3
11.0
11.2
11.0
10.85
11.0
11.5
11.0
12.0
11.95
10.85
10.85
10.75
11.45
10.5
11.0
10.95
10.85
11.85
11.3
11.0
11.0
10.95
11.25
11.05
10.9
10.85
11.0
10.85
11.0
11.1
10.95
10.3
10.85
10.9
10.95
10.75
10.95
10.3
10.05
10.0
10.75
10.0
10.85
10.8
10.05
10.25
10.25
10.05
13.35
10.95
10.3
11.0
11.65
11.2
11.1
11.65
11.6
11.65
11.65
11.15
11.7
11.5
11.4
11.15
11.3
11.95
11.9
11.9
11.9
13.0
12.7
13.9
12.5
12.35
11.6
11.95
12.05
12.15
11.7
11.45
10.55
10.75
10.75
10.75
10.1
10.05
10.15
10.05
10.25
10.35
10.35
10.4
10.45
10.45
10.35
10.35
10.35
10.35
10.35
10.35
10.25
10.35
10.35
10.25
10.35
9.0
10.0
9.45
10.0
10.3
9.0
10.1
7.65
9.65
9.85
10.05
9.95
9.8
9.85
9.85
10.05
10.2
8.1
8.15
9.4
9.3
8.1
8.0
7.95
8.9
9.05
8.95
9.35
9.15
8.95
8.8
8.75
8.75
7.3
7.4
6.7
7.0
6.45
6.65
6.05
6.05
6.05
6.0
7.0
7.9
7.5
7.4
7.2
7.3
7.15
7.3
7.15
7.1
7.2
7.1
7.2
7.0
7.0
7.0
7.15
7.2
7.25
6.65
6.75
6.65
6.6
6.7
6.0
6.95
7.0
5.6
6.15
6.0
6.9
6.75
6.85
6.8
6.8
6.35
6.9
6.95
5.7
5.85
6.0
5.95
5.45
6.05
6.1
6.1
6.3
6.4
7.45
5.25
5.25
5.8
5.25
5.2
5.2
5.2
5.5
4.6
5.15
5.15
5.15
5.1
4.15
4.2
3.9
4.35
4.4
4.5
4.3
4.3
4.0
4.3
3.7
3.55
3.85
3.6
3.6
3.6
3.65
3.75
3.7
3.75
3.05
3.2
4.35
4.15
3.8
3.95
3.8
3.95
3.95
4.0
4.45
4.65
5.35
5.5
5.75
5.2
5.0
5.05
5.65
5.35
5.45
5.1
4.85
4.75
3.3
3.3
3.3
3.3
3.3
3.3
3.05
3.1
3.1
2.9
2.75
2.85
2.95
2.75
2.05
2.05
2.15
1.85
1.3
1.3
1.25
1.25
1.25
1.25
1.25
1.25
1.15
1.05
1.2
1.4
1.25
1.3
1.4
1.4
1.35
1.45
1.45
1.6
1.55
1.45
1.5
1.5
1.45
1.45
1.5
1.45
1.4
1.45
1.4
1.3
1.3
1.35
1.35
1.25
1.35
1.35
1.45
1.45
1.4
1.35
1.35
1.4
1.4
1.4
1.85
1.9
2.0
1.85
2.1
2.1
2.05
2.05
2.05
2.0
2.0
2.0
2.0
2.4
2.1
2.2
2.2
2.3
2.25
2.2
2.25
2.15
1.85
1.95
1.85
1.85
1.85
2.05
1.95
2.0
1.9
1.85
1.85
1.9
1.85
1.9
1.8
1.85
1.8
1.85
1.85
1.8
1.8
1.75
1.8
1.85
2.15
2.0
1.95
1.95
2.05
1.95
2.0
2.05
2.0
1.9
1.85
1.8
1.95
2.0
1.9
1.9
1.9
1.9
1.9
1.9
2.0
2.0
1.95
1.9
1.9
1.9
2.1
2.05
2.0
2.05
2.0
1.95
2.0
2.05
2.0
1.95
1.95
2.0
2.0
2.0
1.85
1.85
1.75
1.8
1.8
1.8
1.75
1.7
1.65
1.7
1.75
1.75
1.8
1.85
1.85
1.8
1.75
1.7
1.7
1.75
1.8
1.8
1.8
1.8
1.75
1.8
1.8
1.8
1.75
1.7
1.65
1.65
1.7
1.6
1.7
1.6
1.65
1.7
1.7
1.65
1.7
1.6
1.65
1.65
1.65
1.65
1.55
1.65
1.6
1.65
1.6
1.65
1.55
1.6
1.6
1.6
1.65
1.65
1.6
1.6
1.55
1.55
1.55
1.55
1.5
1.6
1.55
1.55
1.55
1.6
1.6
1.55
1.6
1.6
1.6
1.6
1.55
1.55
1.55
1.6
1.6
1.6
1.6
1.6
1.6
1.7
1.65
1.75
1.75
1.8
1.7
1.65
1.65
1.65
1.7
1.7
1.65
1.7
1.65
1.65
1.65
1.65
1.65
1.6
1.65
1.7
1.7
1.7
1.7
1.7
1.65
1.7
1.65
1.65
1.65
1.7
1.6
1.7
1.65
1.65
1.55
1.6
1.6
1.55
1.6
1.6
1.55
1.55
1.55
1.55
1.5
1.55
1.55
1.55
1.6
1.5
1.5
1.55
1.5
1.5
1.55
1.55
1.55
1.55
1.5
1.5
1.5
1.5
1.5
1.5
1.5
1.5
1.45
1.5
1.5
1.5
1.5
1.5
1.45
1.5
1.5
1.5
1.5
1.5
1.5
1.5
1.45
1.5
1.5
1.4
1.4
1.45
1.45
1.4
1.4
1.45
1.45
1.45
1.4
1.55
1.45
1.55
1.5
1.45
1.45
1.4
1.45
1.45
1.4
1.45
1.45
1.45
1.45
1.45
1.4
1.45
1.4
1.4
1.4
1.4
1.4
1.4
1.4
1.4
1.3
1.35
1.35
1.35
1.35
1.4
1.45
1.4
1.45
1.35
1.4
1.4
1.25
1.3
1.3
1.3
1.3
1.25
1.25
1.25
1.25
1.25
1.2
1.2
1.2
1.25
1.25
1.3
1.3
1.25
1.25
1.25
1.3
1.25
1.25
1.3
1.3
1.3
1.25
1.3
1.3
1.3
1.25
1.25
1.3
1.3
1.3
1.3
1.25
1.25
1.25
1.3
1.25
1.35
1.65
1.55
1.55
1.5
1.5
1.45
1.45
1.5
1.6
1.55
1.55
1.5
1.5
1.5
1.5
1.55
1.5
1.55
1.7
1.75
1.85
1.85
1.8
1.8
1.8
1.85
1.85
1.85
1.85
1.75
1.75
1.7
1.8
1.75
1.8
1.65
1.65
1.65
1.6
1.55
1.6
1.55
1.65
1.65
1.65
1.6
1.65
1.55
1.6
1.6
1.65
1.6
1.6
1.6
1.6
1.6
1.6
1.55
1.55
1.55
1.6
1.55
1.55
1.6
1.55
1.55
1.55
1.55
1.5
1.55
1.55
1.5
1.5
1.6
1.55
1.55
1.5
1.5
1.6
1.6
1.55
1.55
1.6
1.55
1.5
1.5
1.5
1.45
1.45
1.45
1.4
1.4
1.4
1.3
1.3
1.25
1.25
1.25
1.2
1.25
1.2
1.2
1.25
1.35
1.25
1.3
1.2
1.25
1.2
1.2
1.25
1.25
1.2
1.25
1.25
1.25
1.25
1.25
1.25
1.3
1.25
1.25
1.2
1.2
1.25
1.25
1.25
1.25
1.25
1.25
1.2
1.2
1.2
1.2
1.2
1.2
1.2
1.2
1.2
1.25
1.24
1.235
1.225
1.2
1.2
1.215
1.28
1.25
1.24
1.27
1.23
1.22
1.22
1.22
1.215
1.215
1.185
1.205
1.215
1.25
1.22
1.23
1.225
1.215
1.215
1.2
1.21
1.215
1.215
1.235
1.23
1.23
1.225
1.21
1.225
1.24
1.065
1.06
1.065
1.1
1.045
1.045
1.05
1.05
1.035
1.045
1.03
1.035
1.04
1.05
1.035
1.03
1.03
1.04
1.02
1.02
1.015
1.02
1.02
1.01
1.005
0.99
1.015
1.01
1.0
1.0
0.965
0.965
0.96
0.9
0.87
0.9
0.875
0.885
0.885
0.95
0.955
1.07
1.095
1.085
1.08
1.05
1.06
1.125
1.165
1.065
0.98
0.95
0.95
0.92
0.925
0.94
0.935
0.95
0.94
0.93
0.94
0.93
0.96
0.955
0.93
0.94
0.905
0.93
0.905
0.915
0.91
0.91
0.935
0.91
0.92
0.92
0.915
0.91
0.915
0.925
0.91
0.895
0.895
0.9
0.905
0.895
0.895
0.895
0.89
0.89
0.92
0.905
0.91
0.92
0.925
0.915
0.93
0.94
0.955
0.925
0.91
0.91
0.925
0.92
0.96
0.95
0.95
0.955
0.94
0.955
0.95
0.965
0.965
0.94
0.935
0.93
0.93
0.94
0.925
0.925
0.915
0.91
0.915
0.92
0.92
0.91
0.92
0.905
0.905
0.9
0.89
0.88
0.88
0.885
0.89
0.89
0.88
0.89
0.89
0.875
0.9
0.87
0.86
0.84
0.845
0.815
0.785
0.78
0.795
0.79
0.795
0.805
0.8
0.805
0.8
0.81
0.82
0.825
0.825
0.795
0.79
0.795
0.79
0.815
0.81
0.81
0.815
0.81
0.81
0.8
0.805
0.81
0.81
0.805
0.81
0.82
0.815
0.815
0.81
0.81
0.795
0.805
0.8
0.8
0.795
0.795
0.795
0.79
0.795
0.795
0.795
0.79
0.79
0.79
0.79
0.79
0.785
0.79
0.79
0.79
0.795
0.795
0.785
0.775
0.775
0.74
0.745
0.755
0.75
0.75
0.715
0.695
0.635
0.67
0.645
0.665
0.66
0.635
0.645
0.65
0.675
0.65
0.655
0.655
0.645
0.645
0.62
0.63
0.625
0.635
0.63
0.6
0.64
0.64
0.66
0.625
0.63
0.65
0.66
0.7
0.66
0.645
0.65
0.65
0.64
0.67
0.65
0.67
0.7
0.71
0.74
0.725
0.72
0.69
0.715
0.7
0.71
0.71
0.73
0.71
0.73
0.74
0.765
0.74
0.74
0.735
0.74
0.745
0.74
0.75
0.75
0.82
0.78
0.76
0.745
0.75
0.795
0.88
0.88
0.905
0.92
0.95
1.03
1.03
1.045
1.045
1.1
1.125
1.095
1.1
1.325
1.225
1.215
1.2
1.2
1.195
1.17
1.08
1.065
1.105
1.1
1.065
1.07
1.04
1.035
1.07
1.03
1.065
1.105
1.115
1.095
1.115
1.12
1.145
1.155
1.15
1.165
1.17
1.1
1.12
1.055
1.02
1.035
1.0
0.995
1.0
1.03
1.005
1.01
1.0
0.985
0.97
0.975
0.97
0.94
0.935
0.99
1.055
1.08
1.1
1.105
1.095
1.05
1.1
1.095
1.09
1.09
1.085
1.09
1.08
1.1
1.095
1.085
1.09
1.085
1.08
1.09
1.105
1.13
1.13
1.115
1.12
1.065
1.05
1.045
1.055
1.05
1.015
1.03
1.04
1.055
1.05
1.045
1.05
1.065
1.075
1.05
1.045
1.07
1.045
1.025
1.03
1.045
1.045
1.05
1.035
1.04
1.055
1.06
1.045
1.035
1.04
1.06
1.04
1.07
1.135
1.09
1.19
1.245
1.25
1.345
1.345
1.335
1.335
1.595
1.42
1.46
1.505
1.56
1.66
1.605
1.63
1.59
1.6
1.55
1.62
1.64
1.6
1.6
1.645
1.625
1.605
1.585
1.6
1.58
1.675
1.64
1.63
1.645
1.595
1.59
1.58
1.595
1.62
1.62
1.5
1.54
1.565
1.575
1.505
1.44
1.465
1.47
1.465
1.495
1.475
1.49
1.48
1.5
1.475
1.46
1.47
1.45
1.44
1.41
1.43
1.46
1.46
1.525
1.5
1.51
1.52
1.49
1.485
1.48
1.47
1.46
1.485
1.455
1.465
1.46
1.47
1.455
1.445
1.44
1.465
1.46
1.47
1.485
1.515
1.515
1.535
1.55
1.565
1.59
1.6
1.595
1.595
1.615
1.64
1.68
1.735
1.715
1.705
1.63
1.655
1.655
1.7
1.67
1.645
1.635
1.59
1.54
1.57
1.5
1.5
1.5
1.47
1.48
1.46
1.465
1.495
1.515
1.505
1.495
1.49
1.51
1.5
1.5
1.51
1.515
1.48
1.46
1.465
1.46
1.475
1.455
1.455
1.46
1.46
1.46
1.43
1.43
1.44
1.415
1.42
1.43
1.425
1.42
1.415
1.415
1.415
1.4
1.41
1.395
1.4
1.4
1.415
1.415
1.455
1.46
1.425
1.41
1.44
1.4
1.37
1.37
1.34
1.33
1.32
1.315
1.31
1.31
1.31
1.275
1.28
1.295
1.305
1.32
1.355
1.365
1.39
1.4
1.435
1.39
1.415
1.43
1.425
1.415
1.41
1.405
1.42
1.405
1.4
1.395
1.4
1.405
1.395
1.38
1.38
1.38
1.35
1.345
1.32
1.31
1.32
1.28
1.245
1.26
1.275
1.275
1.295
1.28
1.29
1.275
1.28
1.25
1.24
1.27
1.26
1.215
1.225
1.21
1.21
1.21
1.19
1.2
1.2
1.2
1.215
1.195
1.22
1.21
1.18
1.19
1.18
1.2
1.245
1.225
1.215
1.2
1.215
1.2
1.2
1.215
1.205
1.235
1.23
1.205
1.23
1.24
1.235
1.225
1.24
1.245
1.24
1.255
1.23
1.23
1.22
1.22
1.24
1.22
1.23
1.215
1.21
1.22
1.215
1.215
1.21
1.22
1.225
1.21
1.2
1.195
1.19
1.17
1.16
1.17
1.15
1.165
1.17
1.12
1.16
1.15
1.15
1.15
1.15
1.15
1.155
1.15
1.16
1.15
1.12
1.135
1.135
1.155
1.14
1.15
1.15
1.15
1.15
1.14
1.13
1.14
1.14
1.11
1.13
1.125
1.13
1.13
1.125
1.13
1.13
1.15
1.145
1.14
1.155
1.15
1.175
1.175
1.16
1.15
1.16
1.17
1.175
1.17
1.165
1.165
1.165
1.195
1.2
1.225
1.22
1.215
1.23
1.23
1.24
1.23
1.235
1.24
1.26
1.265
1.255
1.25
1.26
1.255
1.25
1.265
1.22
1.245
1.235
1.25
1.24
1.25
1.225
1.245
1.25
1.25
1.17
1.175
1.185
1.18
1.17
1.195
1.195
1.195
1.2
1.2
1.2
1.195
1.17
1.18
1.18
1.18
1.165
1.17
1.17
1.145
1.165
1.16
1.16
1.165
1.17
1.17
1.175
1.17
1.195
1.23
1.235
1.25
1.205
1.22
1.185
1.185
1.23
1.21
1.19
1.185
1.2
1.2
1.17
1.185
1.17
1.19
1.175
1.205
1.19
1.18
1.18
1.18
1.195
1.19
1.17
1.155
1.15
1.165
1.145
1.11
1.135
1.13
1.115
1.115
1.12
1.13
1.115
1.1
1.105
1.11
1.11
1.115
1.14
1.135
1.115
1.1
1.12
1.125
1.13
1.135
1.135
1.14
1.135
1.13
1.125
1.12
1.115
1.13
1.105
1.1
1.12
1.105
1.12
1.14
1.125
1.125
1.125
1.12
1.13
1.135
1.115
1.13
1.115
1.12
1.125
1.105
1.1
1.115
1.115
1.1
1.115
1.105
1.09
1.095
1.105
1.11
1.11
1.11
1.095
1.09
1.08
1.085
1.07
1.08
1.07
1.025
1.0
1.0
1.01
0.985
0.97
0.97
0.965
0.96
0.975
0.97
0.97
1.0
1.0
0.985
0.985
0.98
0.975
0.985
0.99
0.975
1.005
1.0
1.0
0.98
0.985
0.985
0.99
0.99
0.98
0.975
0.95
0.94
0.935
0.935
0.94
0.94
0.96
0.95
0.96
0.96
0.96
0.955
0.95
0.95
0.96
0.96
0.955
0.975
1.04
0.98
0.945
0.94
0.93
0.95
0.94
0.945
0.95
0.925
0.92
0.915
0.915
0.9
0.9
0.895
0.895
0.895
0.89
0.885
0.87
0.88
0.84
0.85
0.87
0.85
0.88
0.89
0.845
0.845
0.825
0.835
0.83
0.825
0.82
0.83
0.83
0.785
0.765
0.75
0.77
0.77
0.77
0.75
0.76
0.745
0.745
0.775
0.77
0.77
0.765
0.765
0.765
0.765
0.765
0.765
0.77
0.78
0.78
0.775
0.76
0.755
0.75
0.745
0.755
0.73
0.74
0.73
0.725
0.73
0.73
0.73
0.73
0.72
0.715
0.705
0.72
0.7
0.715
0.71
0.695
0.7
0.71
0.68
0.685
0.685
0.68
0.68
0.68
0.67
0.66
0.64
0.64
0.605
0.61
0.58
0.58
0.59
0.58
0.565
0.545
0.56
0.615
0.59
0.59
0.585
0.59
0.61
0.615
0.595
0.595
0.61
0.62
0.62
0.63
0.63
0.625
0.64
0.645
0.65
0.7
0.73
0.71
0.725
0.715
0.705
0.695
0.69
0.69
0.69
0.66
0.67
0.685
0.675
0.675
0.665
0.675
0.7
0.67
0.675
0.665
0.64
0.64
0.64
0.645
0.66
0.655
0.66
0.66
0.66
0.64
0.64
0.65
0.645
0.645
0.64
0.63
0.64
0.615
0.615
0.62
0.64
0.63
0.62
0.635
0.635
0.635
0.625
0.64
0.625
0.645
0.63
0.625
0.63
0.625
0.615
0.615
0.61
0.605
0.605
0.62
0.62
0.61
0.615
0.61
0.62
0.635
0.64
0.63
0.62
0.61
0.615
0.615
0.615
0.615
0.62
0.62
0.62
0.63
0.685
0.685
0.665
0.66
0.685
0.67
0.66
0.66
0.665
0.655
0.655
0.655
0.655
0.66
0.65
0.66
0.67
0.68
0.675
0.67
0.665
0.66
0.66
0.66
0.66
0.665
0.66
0.65
0.65
0.67
0.67
0.67
0.67
0.67
0.66
0.655
0.67
0.675
0.68
0.67
0.675
0.675
0.675
0.68
0.67
0.675
0.66
0.66
0.67
0.66
0.66
0.65
0.64
0.67
0.67
0.665
0.675
0.675
0.685
0.695
0.69
0.69
0.685
0.68
0.69
0.68
0.685
0.685
0.68
0.645
0.65
0.66
0.66
0.65
0.655
0.65
0.66
0.665
0.655
0.66
0.665
0.655
0.66
0.665
0.665
0.645
0.65
0.655
0.655
0.65
0.655
0.65
0.65
0.65
0.645
0.64
0.64
0.665
0.65
0.65
0.65
0.635
0.635
0.63
0.62
0.62
0.625
0.625
0.62
0.615
0.62
0.625
0.62
0.625
0.62
0.6
0.605
0.61
0.605
0.61
0.6
0.595
0.6
0.6
0.6
0.605
0.615
0.615
0.61
0.6
0.605
0.6
0.6
0.6
0.61
0.605
0.595
0.6
0.61
0.635
0.605
0.62
0.625
0.64
0.64
0.645
0.625
0.645
0.625
0.63
0.645
0.62
0.625
0.62
0.615
0.6
0.62
0.61
0.605
0.61
0.615
0.615
0.615
0.62
0.62
0.615
0.61
0.605
0.615
0.615
0.615
0.605
0.61
0.615
0.61
0.605
0.625
0.615
0.625
0.61
0.61
0.62
0.625
0.625
0.625
0.615
0.625
0.61
0.62
0.61
0.62
0.62
0.605
0.61
0.615
0.62
0.615
0.615
0.615
0.615
0.615
0.61
0.61
0.62
0.605
0.615
0.61
0.605
0.61
0.61
0.605
0.605
0.6
0.605
0.605
0.605
0.6
0.6
0.6
0.6
0.59
0.6
0.595
0.595
0.595
0.6
0.59
0.59
0.59
0.585
0.605
0.6
0.595
0.6
0.6
0.6
0.6
0.6
0.59
0.6
0.6
0.6
0.6
0.6
0.6
0.6
0.6
0.605
0.605
0.605
0.605
0.605
0.605
0.605
0.6
0.6
0.6
0.595
0.6
0.59
0.585
0.59
0.595
0.59
0.605
0.58
0.605
0.605
0.605
0.61
0.62
0.62
0.61
0.6
0.605
0.6
0.6
0.595
0.605
0.6
0.595
0.6
0.6
0.6
0.61
0.61
0.61
0.61
0.61
0.61
0.61
0.605
0.605
0.61
0.61
0.61
0.605
0.605
0.615
0.67
0.66
0.65
0.635
0.65
0.645
0.645
0.645
0.635
0.64
0.645
0.64
0.65
0.65
0.635
0.625
0.62
0.61
0.61
0.61
0.615
0.625
0.615
0.63
0.625
0.635
0.615
0.63
0.64
0.63
0.635
0.63
0.63
0.62
0.63
0.625
0.64
0.64
0.64
0.64
0.645
0.65
0.64
0.635
0.63
0.64
0.63
0.65
0.65
0.63
0.63
0.645
0.64
0.64
0.64
0.63
0.62
0.635
0.63
0.63
0.645
0.645
0.64
0.645
0.63
0.63
0.63
0.635
0.64
0.625
0.625
0.625
0.63
0.635
0.63
0.65
0.655
0.655
0.66
0.65
0.645
0.655
0.65
0.665
0.665
0.665
0.65
0.66
0.66
0.65
0.645
0.65
0.655
0.65
0.66
0.66
0.66
0.655
0.675
0.66
0.675
0.685
0.68
0.685
0.68
0.68
0.675
0.675
0.68
0.655
0.665
0.66
0.66
0.66
0.655
0.655
0.65
0.65
0.655
0.655
0.67
0.665
0.66
0.67
0.665
0.655
0.66
0.655
0.67
0.67
0.67
0.66
0.67
0.655
0.665
0.665
0.655
0.67
0.67
0.67
0.67
0.665
0.67
0.655
0.65
0.655
0.655
0.65
0.65
0.655
0.655
0.66
0.675
0.795
0.73
0.73
0.79
0.875
0.85
0.925
0.905
0.93
0.925
0.885
0.9
0.905
1.14
1.15
1.12
1.185
1.15
1.22
1.2
1.155
1.16
1.18
1.085
0.93
0.905
0.9
0.9
0.905
0.875
0.8
0.76
0.785
0.77
0.745
0.805
0.795
0.795
0.775
0.765
0.77
0.785
0.79
0.815
0.8
0.795
0.78
0.79
0.78
0.785
0.785
0.78
0.785
0.77
0.765
0.76
0.745
0.725
0.72
0.745
0.75
0.71
0.695
0.715
0.715
0.695
0.695
0.695
0.725
0.745
0.745
0.71
0.71
0.72
0.71
0.71
0.71
0.72
0.725
0.725
0.725
0.705
0.755
0.765
0.765
0.75
0.78
0.76
0.73
0.745
0.73
0.73
0.73
0.75
0.74
0.75
0.75
0.77
0.765
0.76
0.755
0.765
0.765
0.76
0.75
0.745
0.735
0.76
0.76
0.76
0.76
0.82
0.795
0.825
0.795
0.775
0.805
0.8
0.8
0.795
0.78
0.77
0.78
0.78
0.78
0.785
0.79
0.81
0.79
0.78
0.81
0.795
0.81
0.805
0.79
0.795
0.785
0.81
0.8
0.805
0.795
0.795
0.815
0.78
0.775
0.76
0.785
0.785
0.78
0.77
0.765
0.77
0.735
0.725
0.76
0.755
0.745
0.74
0.745
0.74
0.75
0.745
0.74
0.725
0.73
0.73
0.71
0.68
0.675
0.685
0.66
0.685
0.68
0.69
0.67
0.68
0.68
0.69
0.685
0.665
0.66
0.66
0.665
0.66
0.665
0.655
0.65
0.655
0.645
0.65
0.645
0.65
0.665
0.67
0.67
0.675
0.68
0.665
0.675
0.675
0.675
0.675
0.675
0.675
0.67
0.665
0.66
0.665
0.67
0.665
0.66
0.66
0.66
0.66
0.665
0.67
0.67
0.67
0.655
0.645
0.65
0.65
0.645
0.64
0.645
0.65
0.645
0.645
0.64
0.645
0.645
0.645
0.635
0.645
0.65
0.645
0.635
0.635
0.64
0.63
0.64
0.64
0.655
0.64
0.64
0.64
0.64
0.64
0.63
0.64
0.63
0.625
0.61
0.625
0.63
0.615
0.62
0.615
0.63
0.625
0.625
0.62
0.625
0.62
0.635
0.625
0.625
0.625
0.63
0.635
0.63
0.635
0.625
0.635
0.63
0.625
0.63
0.63
0.63
0.635
0.625
0.62
0.625
0.795
0.775
0.8
0.86
0.78
0.775
0.815
0.785
0.765
0.785
0.785
0.775
0.775
0.765
0.735
0.735
0.74
0.74
0.745
0.745
0.745
0.72
0.72
0.735
0.735
0.73
0.725
0.74
0.74
0.74
0.72
0.72
0.725
0.735
0.725
0.735
0.725
0.725
0.715
0.74
0.73
0.73
0.735
0.73
0.72
0.725
0.73
0.725
0.72
0.705
0.71
0.71
0.705
0.7
0.7
0.7
0.71
0.695
0.69
0.705
0.7
0.705
0.7
0.695
0.695
0.68
0.7
0.78
0.935
0.91
0.89
0.93
0.93
0.94
0.95
0.95
1.045
1.165
1.06
1.12
1.11
1.08
1.1
1.01
1.075
1.07
1.07
1.015
1.005
0.985
0.89
0.965
0.945
0.945
0.935
0.915
0.9
0.88
0.9
0.9
0.89
0.875
0.875
0.89
0.91
0.995
0.995
0.935
0.95
0.95
0.95
0.93
0.95
0.96
0.96
0.95
0.93
0.94
0.945
0.955
0.96
0.95
0.925
0.94
0.95
1.015
1.0
1.005
1.01
1.05
1.04
1.04
1.03
1.075
1.07
1.185
1.185
1.14
1.135
1.12
1.125
1.16
1.16
1.195
1.205
1.22
1.245
1.245
1.235
1.19
1.185
1.2
1.21
1.225
1.23
1.205
1.23
1.195
1.205
1.205
1.245
1.23
1.23
1.24
1.24
1.21
1.2
1.21
1.215
1.22
1.235
1.23
1.22
1.21
1.21
1.215
1.21
1.225
1.315
1.29
1.33
1.325
1.33
1.41
1.5
1.53
1.535
1.54
1.55
1.65
1.97
1.905
1.87
1.935
1.975
2.385
2.63
2.625
2.705
2.705
2.705
2.705
2.705
2.705
2.975
3.67
3.675
3.5
3.58
3.6
3.57
3.615
3.78
3.78
4.155
3.85
4.03
4.74
4.8
4.49
4.125
4.21
4.355
3.915
3.7
3.96
4.015
3.83
3.21
2.99
2.82
2.59
2.575
2.5
2.5
3.065
2.885
2.88
2.6
2.89
2.725
2.74
2.935
2.905
3.0
3.04
2.87
3.045
2.935
2.94
2.8
2.645
2.565
2.55
2.635
2.7
2.655
2.715
2.595
2.59
2.535
2.475
2.52
2.54
2.555
2.69
2.65
2.615
2.67
2.66
2.66
2.69
2.78
2.865
2.905
2.94
2.94
2.9
2.875
2.865
2.86
2.875
2.89
2.88
2.905
2.9
2.805
2.87
2.865
2.79
2.82
2.745
2.74
2.565
2.6
2.635
2.565
2.53
2.58
2.575
2.56
2.63
2.615
2.645
2.66
2.71
2.675
2.685
2.65
2.66
2.625
2.645
2.64
2.64
2.615
2.615
2.62
2.58
2.57
2.53
2.525
2.565
2.575
2.59
2.525
2.515
2.515
2.535
2.525
2.5
2.515
2.51
2.53
2.54
2.54
2.5
2.485
2.37
2.38
2.42
2.405
2.375
2.355
2.38
2.51
2.46
2.42
2.415
2.41
2.425
2.44
2.425
2.44
2.45
2.43
2.405
2.4
2.395
2.39
2.365
2.36
2.26
2.315
2.24
2.1
2.205
2.17
2.14
2.17
2.15
2.18
2.155
2.135
2.15
2.135
2.16
2.13
2.15
2.12
2.075
2.065
2.045
2.025
2.015
1.885
1.915
2.05
2.635
2.83
2.83
2.83
2.83
2.83
3.11
3.395
3.7
3.64
3.65
3.765
3.695
3.42
3.5
3.41
3.42
3.135
3.095
3.03
2.765
2.85
2.88
2.9
2.905
2.98
3.075
3.05
2.96
2.905
2.955
2.94
2.88
2.88
2.87
2.8
2.8
3.28
3.19
3.17
3.155
3.035
3.155
3.02
3.035
3.095
3.135
3.215
3.125
3.095
2.875
3.01
3.04
3.025
3.005
3.095
3.1105
3.076
3.094
3.018
2.949
3.0455
3.03
3.004
3.0175
3.0205
3.055
3.0145
3.009
3.027
3.012
3.009
3.0045
2.953
2.951
2.98
2.991
3.0375
3.0195
3.02
3.025
2.977
2.986
3.021
2.981
3.0175
2.99
2.9995
2.997
2.9895
2.9995
2.9655
2.9865
2.981
2.9895
2.9745
2.9945
2.9605
2.981
2.9675
2.943
2.9485
2.9325
2.921
2.91
2.8895
3.0
2.834
2.838
2.852
2.985
3.076
3.058
3.0035
2.9355
2.93
2.98
3.1155
3.0675
3.035
3.034
3.0115
3.011
3.015
3.02
3.08
3.079
3.088
3.0975
3.096
3.113
3.1015
3.0895
3.085
3.095
3.1195
3.107
3.0985
3.0965
3.109
3.091
3.07
2.967
2.989
2.974
2.9905
3.002
2.985
2.962
2.953
2.969
2.978
2.9645
2.9605
2.96
2.93
2.9515
2.939
2.932
2.93
2.92
2.921
2.9215
2.915
2.9165
2.9145
2.92
2.925
2.9285
2.9
2.926
2.909
2.8965
2.848
2.813
2.819
2.849
2.8575
2.8505
2.793
2.7885
2.759
2.784
2.8085
3.06
2.9625
2.906
2.9855
2.933
2.92
2.931
2.937
2.9985
2.966
2.9615
2.969
2.9115
2.9145
2.9245
2.917
2.9055
2.9085
2.938
2.9225
2.923
2.9185
2.9565
2.9405
2.92
2.9095
2.9285
2.901
2.9335
2.945
2.929
2.9195
2.928
2.906
2.9125
2.9135
2.8985
2.9005
2.8915
2.896
2.889
2.8695
2.8825
2.8695
2.852
2.803
2.83
2.8165
2.8695
2.899
2.871
2.848
2.845
2.84
2.84
2.8445
2.855
2.8265
2.8345
2.825
2.8305
2.823
2.8205
2.81
2.7895
2.7985
2.779
2.75
2.774
2.794
2.7975
2.7825
2.7685
2.765
2.765
2.7595
2.783
2.773
2.767
2.774
2.8025
2.787
2.8005
2.7915
2.782
2.786
2.7985
2.789
2.778
2.7935
2.764
2.7875
2.8085
2.759
2.77
2.773
2.794
2.7755
2.778
2.771
2.771
2.77
2.7665
2.777
2.776
2.7705
2.763
2.758
2.762
2.7615
2.763
2.754
2.762
2.7765
2.7615
2.7685
2.7495
2.759
2.7635
2.7695
2.7695
2.769
2.766
2.7775
2.77
2.765
2.768
2.7615
2.7515
2.7475
2.743
2.742
2.7445
2.7545
2.7535
2.75
2.744
2.7
2.7445
2.7205
2.7055
2.674
2.633
2.6545
2.63
2.8235
2.722
2.75
2.7485
2.779
2.7175
2.7225
2.7405
2.7205
2.7205
2.748
2.66
2.69
2.678
2.6675
2.65
2.64
2.611
2.615
2.5905
2.6005
2.598
2.529
2.5115
2.629
2.5595
2.54
2.5225
2.5245
2.519
2.5005
2.501
2.492
2.473
2.4575
2.46
2.417
2.358
2.3495
2.344
2.3555
2.25
2.266
2.412
2.7525
2.6035
2.4985
2.416
2.35
2.3345
2.3
2.476
2.5625
2.5295
2.516
2.4975
2.527
2.52
2.531
2.515
2.58
2.5795
2.5415
2.5165
2.5475
2.55
2.5485
2.536
2.48
2.4985
2.5255
2.46
2.45
2.445
2.4415
2.4495
2.4705
2.443
2.435
2.41
2.3
2.342
2.2775
2.298
2.34
2.327
2.3
2.311
2.302
2.303
2.3425
2.3975
2.393
2.366
2.36
2.35
2.3465
2.3425
2.315
2.35
2.387
2.37
2.49
2.4065
2.499
2.52
2.455
2.4015
2.389
2.419
2.4325
2.4175
2.397
2.381
2.385
2.3785
2.3925
2.3655
2.399
2.4
2.4035
2.405
2.4095
2.4055
2.402
2.394
2.39
2.404
2.387
2.41
2.4075
2.396
2.392
2.38
2.387
2.3705
2.386
2.3895
2.389
2.41
2.401
2.3905
2.391
2.4
2.388
2.391
2.45
2.432
2.414
2.437
2.424
2.445
2.472
2.5315
2.4495
2.4645
2.597
2.578
2.5295
2.56
2.552
2.5575
2.5735
2.557
2.5825
2.57
2.7995
2.65
2.6955
2.748
2.72
2.7225
2.73
2.8625
2.8825
2.902
2.9585
2.95
2.935
2.9425
2.9445
2.933
2.9155
2.846
2.8185
2.829
2.8205
2.84
2.8395
2.8575
2.839
2.8275
2.8275
2.793
2.753
2.784
2.7715
2.753
2.7485
2.7185
2.7445
2.7205
2.733
2.75
2.75
2.745
2.7415
2.7395
2.732
2.76
2.7345
2.7495
2.726
2.7435
2.702
2.6935
2.6865
2.661
2.675
2.69
2.6705
2.671
2.668
2.672
2.6675
2.676
2.6745
2.6745
2.6715
2.665
2.6795
2.648
2.648
2.6555
2.656
2.656
2.65
2.675
2.6515
2.654
2.638
2.645
2.65
2.6475
2.649
2.6475
2.6415
2.649
2.6395
2.6355
2.6065
2.61
2.636
2.6275
2.675
2.6535
2.64
2.663
2.625
2.669
2.6645
2.6505
2.645
2.643
2.64
2.6385
2.6355
2.6505
2.655
2.679
2.6605
2.667
2.675
2.634
2.6365
2.65
2.6445
2.649
2.6255
2.62
2.6135
2.625
2.614
2.6145
2.609
2.6095
2.607
2.6135
2.639
2.6775
2.648
2.654
2.6875
2.6695
2.683
2.671
2.669
2.6445
2.6725
2.671
2.6515
2.653
2.6695
2.6555
2.6445
2.633
2.628
2.648
2.6405
2.6465
2.648
2.6485
2.635
2.641
2.6305
2.645
2.664
2.688
2.684
2.677
2.662
2.669
2.675
2.678
2.66
2.696
2.682
2.676
2.665
2.67
2.665
2.677
2.673
2.65
2.668
2.669
2.691
2.669
2.679
2.66
2.663
2.672
2.651
2.65
2.658
2.657
2.663
2.663
2.668
2.656
2.65
2.686
2.655
2.665
2.674
2.665
2.669
2.666
2.657
2.664
2.663
2.667
2.689
2.9
2.915
2.886
2.892
3.004
3.019
3.067
3.02
3.1
3.295
3.221
3.225
3.173
3.226
3.192
3.177
3.135
3.169
2.938
2.853
2.915
2.93
2.933
2.93
2.936
2.937
2.972
3.0
2.832
2.859
2.847
2.835
2.831
2.853
2.852
2.847
2.81
2.892
2.809
2.8
2.797
2.767
2.763
2.777
2.735
2.732
2.749
2.701
2.678
2.64
2.655
2.627
2.605
2.612
2.582
2.63
2.6
2.586
2.599
2.591
2.596
2.587
2.6
2.608
2.585
2.596
2.609
2.585
2.601
2.62
2.612
2.761
2.762
2.775
2.77
2.748
2.792
2.82
2.868
2.83
2.864
2.847
2.829
2.81
2.943
2.775
2.725
2.744
2.766
2.778
2.761
2.77
2.791
2.75
2.766
2.739
2.717
2.704
2.71
2.73
2.739
2.739
2.708
2.748
2.716
2.715
2.727
2.727
2.73
2.713
2.705
2.709
2.75
2.748
2.739
2.73
2.74
2.715
2.72
2.725
2.739
2.726
2.732
2.721
2.712
2.723
2.721
2.705
2.71
2.708
2.7
2.71
2.7
2.697
2.682
2.675
2.69
2.677
2.68
2.67
2.68
2.658
2.658
2.645
2.65
2.65
2.65
2.623
2.645
2.652
2.64
2.635
2.64
2.64
2.64
2.659
2.651
2.633
2.65
2.616
2.616
2.61
2.626
2.614
2.602
2.617
2.603
2.58
2.599
2.63
2.614
2.608
2.61
2.599
2.6
2.6
2.592
2.583
2.608
2.573
2.587
2.591
2.61
2.652
2.61
2.6
2.611
2.606
2.606
2.62
2.601
2.589
2.583
2.595
2.606
2.587
2.581
2.588
2.584
2.587
2.6
2.565
2.585
2.587
2.571
2.58
2.58
2.58
2.561
2.578
2.575
2.567
2.565
2.562
2.56
2.58
2.598
2.579
2.59
2.59
2.586
2.59
2.583
2.585
2.57
2.567
2.58
2.577
2.58
2.557
2.572
2.566
2.556
2.577
2.574
2.57
2.565
2.575
2.571
2.565
2.576
2.57
2.59
2.599
2.58
2.567
2.564
2.57
2.569
2.565
2.583
2.575
2.561
2.57
2.567
2.57
2.567
2.569
2.568
2.57
2.56
2.569
2.564
2.556
2.548
2.548
2.55
2.57
2.56
2.577
2.557
2.551
2.556
2.568
2.57
2.55
2.556
2.579
2.619
2.694
2.634
2.589
2.603
2.587
2.587
2.599
2.597
2.599
2.581
2.577
2.575
2.56
2.58
2.57
2.573
2.562
2.626
2.574
2.578
2.587
2.573
2.573
2.571
2.587
2.58
2.583
2.58
2.56
2.563
2.57
2.529
2.515
2.542
2.538
2.573
2.554
2.569
2.57
2.564
2.548
2.532
2.53
2.559
2.58
2.525
2.537
2.522
2.543
2.507
2.45
2.494
2.494
2.486
2.469
2.476
2.48
2.48
2.477
2.479
2.48
2.473
2.47
2.403
2.42
2.434
2.427
2.434
2.42
2.407
2.417
2.417
2.41
2.409
2.38
2.372
2.389
2.387
2.385
2.388
2.38
2.387
2.393
2.391
2.395
2.405
2.41
2.441
2.41
2.416
2.412
2.418
2.411
2.399
2.4
2.4
2.4
2.387
2.393
2.399
2.355
2.363
2.364
2.336
2.355
2.341
2.331
2.35
2.345
2.344
2.341
2.324
2.31
2.306
2.334
2.329
2.294
2.269
2.23
2.236
2.222
2.222
2.217
2.219
2.215
2.234
2.213
2.24
2.21
2.207
2.193
2.181
2.168
2.171
2.189
2.205
2.165
2.12
2.115
2.205
2.239
2.233
2.246
2.204
2.168
2.112
2.1
2.071
2.054
2.041
2.049
2.054
2.048
2.035
2.028
2.028
2.038
2.048
2.03
2.027
2.044
2.034
2.045
2.042
2.05
2.021
2.04
2.035
2.047
2.042
2.053
2.025
2.018
1.99
1.988
1.985
1.97
1.994
1.98
1.977
1.98
1.985
1.986
1.983
1.989
1.99
1.985
1.983
1.982
1.959
1.96
1.975
1.964
1.96
1.944
1.961
1.94
1.958
1.935
1.934
1.93
1.933
1.907
1.858
1.855
1.858
1.855
1.835
1.842
1.845
1.92
1.856
1.889
1.888
1.863
1.869
1.87
1.89
1.908
1.921
1.898
1.883
1.87
1.87
1.884
1.876
1.867
1.871
1.874
1.851
1.85
1.85
1.842
1.846
1.849
1.843
1.86
1.853
1.85
1.859
1.853
1.853
1.851
1.84
1.82
1.81
1.718
1.769
1.771
1.812
1.772
1.737
1.788
1.74
1.72
1.717
1.702
1.708
1.707
1.676
1.671
1.652
1.673
1.67
1.58
1.549
1.512
1.51
1.506
1.503
1.496
1.5
1.482
1.4
1.396
1.375
1.372
1.367
1.39
1.383
1.374
1.332
1.303
1.377
1.355
1.347
1.348
1.349
1.35
1.35
1.345
1.349
1.375
1.4
1.468
1.465
1.469
1.486
1.489
1.518
1.508
1.506
1.545
1.567
1.568
1.597
1.6
1.572
1.575
1.569
1.56
1.382
1.415
1.39
1.359
1.364
1.355
1.378
1.352
1.352
1.345
1.369
1.332
1.33
1.313
1.313
1.316
1.314
1.3
1.323
1.309
1.323
1.305
1.306
1.301
1.291
1.278
1.29
1.288
1.29
1.289
1.298
1.291
1.248
1.253
1.246
1.245
1.248
1.241
1.239
1.238
1.2
1.186
1.187
1.187
1.168
1.184
1.164
1.163
1.163
1.165
1.2
1.22
1.211
1.172
1.163
1.17
1.173
1.184
1.19
1.2
1.199
1.21
1.208
1.207
1.206
1.2
1.189
1.19
1.188
1.194
1.19
1.197
1.197
1.192
1.189
1.192
1.181
1.192
1.188
1.175
1.187
1.183
1.183
1.179
1.185
1.191
1.194
1.195
1.196
1.19
1.193
1.194
1.185
1.196
1.198
1.253
1.273
1.259
1.263
1.268
1.261
1.26
1.241
1.244
1.288
1.284
1.281
1.281
1.283
1.28
1.279
1.269
1.271
1.254
1.26
1.261
1.261
1.261
1.254
1.257
1.25
1.253
1.26
1.259
1.259
1.258
1.254
1.25
1.257
1.25
1.248
1.248
1.252
1.227
1.204
1.197
1.218
1.208
1.193
1.182
1.195
1.209
1.198
1.19
1.191
1.166
1.21
1.185
1.173
1.179
1.171
1.187
1.183
1.178
1.177
1.184
1.187
1.18
1.18
1.176
1.174
1.174
1.182
1.182
1.178
1.18
1.175
1.179
1.184
1.179
1.173
1.177
1.179
1.17
1.168
1.174
1.166
1.171
1.185
1.186
1.185
1.188
1.185
1.186
1.18
1.177
1.226
1.27
1.295
1.309
1.292
1.289
1.275
1.28
1.281
1.292
1.261
1.248
1.236
1.235
1.242
1.23
1.246
1.249
1.246
1.247
1.236
1.229
1.23
1.241
1.239
1.231
1.237
1.245
1.285
1.27
1.303
1.28
1.275
1.269
1.274
1.265
1.268
1.285
1.268
1.28
1.276
1.275
1.275
1.272
1.277
1.265
1.298
1.296
1.337
1.315
1.314
1.318
1.305
1.3
1.3
1.308
1.305
1.306
1.3
1.297
1.301
1.296
1.3
1.305
1.304
1.351
1.395
1.362
1.386
1.581
1.486
1.496
1.606
1.64
2.04
1.941
1.949
1.991
1.963
1.979
2.23
2.246
2.246
2.471
2.789
3.024
3.047
2.919
2.731
2.55
2.645
2.631
2.662
2.698
2.459
2.052
2.128
2.228
2.225
2.429
2.34
2.305
2.354
2.35
2.314
2.334
2.326
2.277
2.26
2.26
2.199
2.116
2.045
2.297
2.34
2.318
2.27
2.249
2.268
2.266
2.27
2.231
2.345
2.281
2.286
2.217
2.199
2.18
2.167
2.166
2.242
2.201
2.18
2.197
2.181
2.175
2.179
2.18
2.167
2.169
2.172
2.159
2.15
2.14
2.126
2.115
2.135
2.077
2.077
2.072
2.073
1.982
2.03
2.055
2.033
2.04
2.062
2.076
2.07
2.134
2.119
2.269
2.226
2.226
2.218
2.207
2.178
2.175
2.171
2.164
2.18
2.142
2.051
2.127
2.108
2.114
2.108
2.102
2.089
2.107
2.102
2.1
2.088
2.093
2.093
2.092
2.098
2.078
2.083
2.084
2.081
2.084
2.098
2.095
2.089
2.088
2.08
2.074
2.064
2.052
2.066
2.061
2.063
2.064
2.0
2.025
