close
23.234
22.0
22.2
22.0
22.0
21.5
21.501
21.503
21.75
21.65
21.969
22.0
21.75
21.549
21.549
21.6
22.101
22.101
21.712
21.8
21.8
22.168
21.501
22.0
22.0
22.17
22.003
22.17
22.001
22.745
22.747
22.747
22.747
22.747
22.747
22.747
22.555
22.452
22.46
22.777
22.774
22.611
22.21
21.992
22.941
22.497
22.737
22.5
22.0
22.0
22.0
22.1
22.495
21.647
22.1
22.0
21.733
21.516
22.0
21.999
21.501
21.879
21.859
21.548
21.862
21.94
21.5
21.499
21.5
21.5
21.395
21.4
21.6
21.558
21.79
21.5
21.6
21.74
21.814
21.562
21.571
21.99
21.65
21.699
22.06
22.097
22.0
21.45
21.5
21.496
21.5
21.5
21.35
21.0
21.101
21.004
21.053
21.154
21.08
21.085
21.342
21.327
21.329
21.001
21.22
21.6
21.8
21.519
21.043
21.126
21.3
21.062
21.055
21.297
21.295
21.094
21.08
21.08
21.07
20.85
21.078
20.88
20.807
20.999
21.0
20.706
21.834
21.0
20.99
21.1
22.218
22.207
22.204
22.202
21.0
21.0
21.151
20.753
21.54
21.69
21.0
21.239
21.325
20.92
21.199
21.0
20.784
20.756
20.6
22.097
20.75
20.68
20.795
20.798
20.606
20.592
20.5
21.251
21.263
21.0
20.25
20.754
20.696
20.252
20.219
20.5
20.7
20.782
20.8
20.301
20.694
20.898
21.234
21.3
21.75
21.404
21.0
20.75
21.0
21.198
21.3
20.682
21.45
20.714
20.63
20.713
21.023
20.749
20.76
20.761
21.0
20.747
20.8
20.712
21.375
20.303
20.5
20.301
20.3
20.573
20.341
20.3
21.539
20.216
20.499
20.4
20.421
20.525
20.5
20.5
20.5
20.686
20.25
20.6
21.289
20.522
20.014
20.81
20.908
20.504
20.6
20.587
20.8
20.171
20.111
20.404
20.5
20.5
20.444
20.5
20.497
20.252
20.251
20.25
20.284
20.555
20.5
20.5
20.262
20.462
20.25
20.62
20.801
20.8
20.296
20.718
20.251
20.252
20.2
20.2
20.071
20.5
20.471
20.408
21.0
20.551
20.551
20.551
20.551
20.551
21.0
20.25
20.3
20.25
20.2
20.15
20.15
19.9
19.95
20.0
19.9
20.25
20.25
20.25
20.25
20.3
20.25
20.25
20.25
20.25
20.25
20.25
20.25
20.25
20.3
20.0
19.65
19.65
19.85
20.0
20.0
19.55
19.8
19.95
20.2
20.05
20.0
20.0
19.55
20.0
20.0
20.05
20.05
20.0
20.15
19.9
19.9
19.55
20.0
20.0
20.0
20.0
20.0
19.25
19.4
19.6
19.15
19.75
19.45
19.3
19.45
19.65
19.7
19.75
19.7
20.25
20.0
20.15
20.0
20.15
20.05
20.15
19.7
19.7
19.85
19.95
19.5
20.0
20.2
20.35
20.2
20.2
20.25
20.85
20.5
20.5
20.55
20.45
20.4
20.05
20.0
20.5
20.55
20.6
20.7
20.7
20.85
20.75
20.8
20.85
20.8
21.0
21.0
21.0
21.0
21.55
20.75
22.1
21.5
21.4
21.95
21.95
21.55
21.75
21.6
21.6
21.25
20.9
20.9
21.4
21.5
21.6
21.35
21.2
21.35
21.4
20.95
21.2
21.05
21.3
21.15
21.2
21.15
21.05
21.6
21.5
21.5
21.5
21.55
21.6
21.45
21.55
21.55
21.75
21.6
21.75
21.85
21.85
21.8
21.75
21.85
22.4
22.35
22.3
22.1
22.2
22.65
22.2
22.0
22.5
22.1
22.7
22.25
22.1
22.45
22.45
22.35
22.0
21.85
21.85
22.2
22.25
22.15
22.05
22.0
22.05
22.0
22.05
22.6
22.3
22.6
22.4
22.2
22.0
22.3
22.1
22.0
21.95
22.1
22.3
22.2
22.3
22.75
22.8
22.5
22.85
22.25
22.25
22.25
21.85
21.85
21.85
21.8
22.1
21.95
21.7
22.0
21.8
21.75
21.15
21.6
21.5
21.8
21.6
21.6
22.2
21.6
21.65
21.6
21.6
21.8
21.5
21.3
21.65
21.35
20.85
21.1
21.25
21.25
20.55
20.3
20.0
22.45
22.0
21.7
21.1
21.25
22.45
21.95
22.0
21.55
22.15
22.1
22.0
21.8
21.85
22.2
21.0
21.8
21.0
21.45
21.0
21.2
21.5
21.3
21.4
21.4
21.0
21.85
22.0
21.9
20.45
21.25
21.2
21.05
21.25
21.2
21.85
21.5
21.5
21.1
21.6
21.05
21.2
20.75
20.85
20.9
21.6
21.65
21.0
21.45
21.45
20.55
21.1
21.5
21.1
21.0
21.0
21.4
21.4
21.45
21.5
21.6
21.55
21.6
21.9
22.3
22.0
21.9
21.5
22.2
22.35
22.05
22.35
22.35
22.2
22.15
22.3
22.5
22.4
22.1
22.35
22.5
22.15
22.05
22.5
22.55
22.1
22.1
22.05
22.45
22.4
22.45
22.1
23.55
23.9
24.0
22.9
23.0
24.0
23.0
23.5
23.0
23.7
23.85
23.0
24.15
23.4
24.9
24.85
24.85
24.95
25.0
24.4
24.95
25.05
24.95
25.0
24.8
25.15
24.85
25.0
25.1
25.15
24.95
24.95
25.05
25.8
25.4
29.0
29.2
27.2
28.15
28.05
29.2
28.5
29.55
30.0
29.2
28.25
28.1
27.1
28.95
26.55
28.2
27.0
28.2
28.05
28.9
28.8
28.0
27.9
28.6
28.9
28.0
28.85
28.35
29.2
27.65
29.0
28.2
28.1
28.5
28.5
27.9
28.5
28.5
28.5
29.3
29.1
28.4
28.3
28.3
28.25
28.5
28.05
29.0
29.0
29.5
29.15
28.45
27.7
28.9
27.8
27.9
29.0
28.0
27.8
27.85
28.85
27.85
28.75
28.85
28.9
28.1
28.1
28.35
29.05
29.25
29.25
29.5
29.6
29.8
29.8
28.95
29.75
29.75
29.15
30.5
30.05
29.75
30.45
29.3
28.95
28.0
28.15
28.0
28.6
28.7
29.15
28.55
29.0
27.9
28.05
27.8
29.0
30.0
27.0
27.8
27.75
27.2
28.0
27.1
27.2
27.05
27.2
26.8
26.8
27.25
27.45
27.9
27.3
27.35
27.35
27.9
28.3
27.9
28.05
28.05
28.35
28.4
28.85
28.55
28.55
28.4
28.4
28.1
27.8
26.95
26.95
26.65
27.0
26.9
27.0
27.0
27.0
27.0
27.5
27.9
27.8
28.0
28.5
28.3
28.4
28.45
28.15
28.15
28.35
28.2
28.1
28.1
28.3
28.5
28.2
28.5
28.65
28.4
28.3
28.2
28.2
28.75
28.35
28.25
28.1
27.6
27.5
27.6
27.5
27.5
27.5
27.75
27.75
28.4
28.1
28.1
28.0
28.2
28.0
28.0
28.4
28.0
28.3
28.2
28.5
28.2
28.2
28.5
28.1
27.75
28.5
28.2
28.2
28.15
27.9
28.0
27.9
28.45
28.2
27.9
28.0
28.0
27.9
27.5
27.55
27.6
28.0
27.65
28.35
27.6
28.35
28.0
28.0
28.35
28.3
27.5
27.95
27.55
27.5
27.45
27.9
27.5
27.55
27.8
27.65
27.35
27.75
27.5
26.85
27.5
27.05
27.35
27.35
27.35
28.35
28.3
28.35
28.35
28.1
28.35
28.15
28.2
27.95
27.95
27.95
28.0
27.2
27.95
27.95
27.75
27.6
27.35
27.65
27.95
27.45
27.25
26.4
26.9
26.9
26.25
26.7
27.0
27.0
26.9
26.6
26.45
26.3
27.4
26.4
26.4
26.35
26.4
26.3
26.25
26.3
26.25
26.3
26.3
26.45
26.45
26.45
26.5
26.5
26.5
26.5
26.55
26.8
26.7
26.65
26.8
26.8
26.6
26.6
27.0
26.7
27.0
27.3
27.0
27.0
26.8
28.0
28.05
28.2
28.85
29.0
28.85
28.8
28.4
28.05
28.85
28.75
29.6
29.2
28.85
29.0
29.1
28.85
29.05
28.45
28.85
28.0
28.6
28.4
28.45
28.7
28.7
29.2
29.35
29.1
29.0
29.35
29.4
29.0
29.0
29.05
29.15
29.5
29.5
29.55
29.9
29.9
30.0
30.9
30.3
30.3
30.1
30.1
30.1
30.0
30.2
30.3
29.8
29.7
29.7
30.3
30.2
30.2
30.2
30.8
28.5
30.0
29.7
29.3
29.1
29.0
29.6
30.0
28.6
28.8
28.8
29.1
29.1
29.1
29.1
28.9
29.0
29.2
29.0
28.7
28.6
29.0
28.8
28.5
28.5
28.5
28.4
28.4
28.5
28.5
28.6
28.5
27.5
27.9
28.9
29.0
28.8
28.1
28.3
28.0
28.2
28.7
28.1
28.2
29.0
28.6
29.0
29.2
29.5
29.6
29.7
29.7
29.5
30.5
29.9
30.0
30.0
30.0
29.5
29.9
29.6
30.0
28.8
29.8
30.3
30.3
29.3
30.6
30.5
30.5
30.6
30.5
30.5
30.5
30.5
30.5
30.5
30.8
30.8
31.0
30.8
30.8
30.8
30.7
30.2
29.7
29.8
30.1
30.0
30.6
30.5
30.2
30.0
29.9
30.0
29.6
29.4
29.0
29.0
28.9
30.0
29.2
30.0
29.0
29.5
29.6
29.9
29.5
29.7
29.6
29.6
29.7
29.9
29.7
29.9
30.0
29.5
29.5
29.5
29.9
29.5
29.6
30.3
30.2
30.2
29.9
30.2
30.0
30.0
30.0
29.7
30.3
30.0
30.0
28.9
29.2
29.2
29.0
29.2
29.2
29.3
29.5
29.4
29.4
29.6
30.1
29.5
29.7
29.5
29.3
29.4
29.5
29.5
30.4
29.5
30.1
29.9
29.8
29.6
29.5
29.5
29.6
29.9
29.8
29.5
29.9
29.8
29.6
29.9
29.7
29.9
29.6
29.8
29.5
29.5
29.5
29.2
29.2
29.7
29.8
29.7
29.3
29.4
29.5
29.3
29.1
29.3
29.2
29.3
29.1
29.7
31.1
29.9
29.3
29.4
28.5
29.3
29.4
29.2
29.3
29.2
28.6
29.4
29.8
30.2
30.4
30.6
30.8
30.8
30.7
30.6
30.7
30.4
30.4
30.3
30.0
30.0
30.7
30.2
30.3
30.5
30.2
30.4
30.4
29.8
30.4
30.3
30.6
30.0
30.0
30.0
29.9
30.0
30.0
30.0
29.9
29.9
30.0
30.0
29.9
29.9
29.7
29.8
29.7
29.7
29.9
30.1
30.1
30.1
30.1
30.0
29.8
29.8
29.9
29.3
29.3
29.3
29.7
29.3
29.5
29.3
29.5
29.4
29.7
29.1
29.8
30.1
29.8
30.0
30.1
30.3
30.6
31.2
31.2
31.4
31.2
31.6
32.0
31.9
31.7
31.6
32.7
32.7
32.8
32.7
32.0
33.0
32.7
33.0
33.0
33.0
33.9
36.8
35.0
33.7
35.7
35.3
36.0
36.7
36.4
37.1
36.5
36.5
36.9
36.6
36.7
36.6
36.6
36.6
36.7
36.5
36.6
36.6
36.7
36.6
36.8
36.6
36.5
36.5
36.5
36.7
34.2
35.5
35.5
35.6
36.4
34.5
33.6
33.9
33.6
34.0
34.0
34.0
33.5
33.9
34.1
34.4
34.5
34.2
35.0
35.0
34.5
35.0
35.7
35.7
35.7
35.5
35.5
35.4
35.3
35.7
35.7
34.5
35.6
35.6
35.1
36.0
36.1
36.0
36.3
36.9
37.8
38.5
37.0
38.4
38.5
38.5
38.0
37.6
37.6
38.0
37.8
37.8
38.4
38.3
38.3
38.3
38.0
38.0
37.2
38.4
36.6
36.6
36.0
36.3
36.6
36.6
36.3
37.4
36.1
36.2
35.9
36.0
36.0
37.4
36.1
38.0
38.5
38.5
38.0
37.9
36.4
37.0
37.0
37.8
37.6
37.0
37.0
37.0
37.1
37.0
37.0
37.1
37.9
37.5
37.6
37.5
37.9
39.0
39.9
39.7
39.7
39.7
39.4
39.6
38.2
38.8
38.9
39.8
39.7
39.8
39.6
38.2
39.0
38.9
38.8
38.8
38.8
38.8
39.8
39.2
38.3
38.2
38.9
39.8
39.1
39.6
38.7
38.7
39.1
38.4
39.0
39.0
38.9
41.4
40.1
40.9
40.1
40.5
40.6
40.7
41.4
41.0
41.0
41.0
41.0
40.9
40.9
40.9
40.9
41.0
41.1
40.9
41.1
41.2
41.1
41.4
41.3
41.2
41.2
41.2
40.9
41.3
41.3
41.6
41.8
42.1
42.0
42.2
42.2
42.2
42.3
42.3
42.0
42.0
42.3
41.7
41.3
41.3
41.1
41.2
41.2
41.0
41.1
41.5
41.5
41.2
41.4
41.1
41.4
41.7
41.7
41.5
41.8
42.1
42.1
42.1
42.1
42.0
42.1
42.0
42.1
42.2
42.2
42.2
42.2
42.1
41.3
41.9
40.6
40.3
40.0
40.7
39.9
40.8
41.2
41.5
41.7
41.6
41.8
41.5
40.9
41.5
41.5
41.4
40.5
40.2
40.2
40.6
40.6
40.8
40.5
40.5
40.7
37.9
36.9
35.3
32.9
32.0
32.6
32.6
32.8
33.9
33.8
33.4
33.5
33.4
33.9
34.9
34.9
34.0
34.0
34.0
34.7
34.6
34.4
34.4
33.4
33.8
33.8
34.2
34.4
34.4
34.2
33.8
34.3
35.0
35.3
35.7
35.8
35.4
35.9
36.0
36.0
37.0
36.5
36.5
36.7
36.5
36.8
35.9
36.0
35.9
36.0
36.0
35.6
36.0
35.9
36.0
35.6
36.0
36.8
36.5
35.9
36.0
35.9
36.0
36.7
36.1
36.7
36.6
37.0
36.5
36.1
35.6
35.7
35.9
35.7
35.6
35.5
35.5
33.4
33.9
33.9
34.0
34.3
34.5
35.0
35.1
35.0
35.5
35.0
35.0
35.0
34.2
34.4
34.9
32.0
34.0
34.0
34.0
32.9
34.0
34.0
34.9
35.0
34.0
34.4
34.4
34.1
34.9
34.0
34.7
34.5
34.5
34.4
34.4
34.0
34.9
34.9
34.5
34.7
34.7
34.5
34.0
34.0
35.1
35.0
35.1
35.2
35.6
36.3
36.0
35.6
36.7
35.5
36.1
36.3
36.7
36.4
36.8
36.1
36.0
34.0
35.0
35.0
35.0
35.0
35.0
35.1
35.1
35.6
35.0
36.0
36.6
37.0
36.9
37.1
36.9
37.1
35.5
36.1
36.0
35.5
36.0
35.5
35.5
35.9
36.5
35.8
36.0
36.1
35.9
35.9
35.9
36.4
35.7
36.0
35.5
35.9
35.9
36.6
36.6
35.8
35.6
35.6
35.6
36.0
35.8
35.6
35.9
36.1
35.9
35.6
35.5
35.5
35.6
35.8
35.8
35.6
36.5
36.1
36.3
36.1
36.0
36.1
36.0
36.4
36.0
36.0
36.0
36.0
36.3
36.8
37.1
37.9
37.4
38.0
37.0
37.9
37.1
37.6
36.8
37.9
37.7
37.0
37.0
37.1
37.5
37.8
37.8
37.8
36.1
37.0
37.0
36.4
36.4
36.3
36.6
37.0
36.9
37.8
37.0
37.0
37.0
37.0
36.9
36.9
36.9
37.9
37.0
37.0
37.4
36.9
37.4
37.5
37.0
36.9
36.0
36.6
35.5
36.5
36.0
36.8
37.1
36.4
36.8
36.2
36.9
36.9
36.1
36.1
36.0
36.5
38.4
36.9
38.3
37.1
38.1
38.3
37.5
37.2
38.0
38.0
37.3
37.6
39.4
39.6
39.9
39.9
39.1
40.7
40.0
39.0
39.5
38.5
38.8
38.7
38.9
38.6
38.8
40.0
40.0
39.8
39.7
39.7
39.5
38.6
38.9
39.5
37.9
38.1
39.7
39.5
39.7
40.0
39.7
40.0
39.8
38.9
39.8
40.0
39.6
39.6
40.8
40.9
40.7
39.9
39.9
40.6
40.9
40.2
41.3
42.9
43.3
41.9
42.6
40.6
41.1
41.0
41.9
40.8
40.9
41.0
39.5
41.9
42.4
43.9
42.3
42.2
42.5
43.5
44.0
43.8
44.5
44.7
44.1
43.9
44.0
44.0
43.9
43.9
44.0
45.3
44.7
44.6
44.6
45.8
41.9
44.2
45.0
45.0
45.0
44.0
45.5
45.8
46.8
45.1
44.9
44.8
45.1
45.0
44.3
45.0
45.9
45.9
44.8
45.5
45.1
44.8
43.7
45.0
44.4
44.8
45.3
45.0
45.3
45.0
45.2
46.0
45.7
45.9
46.0
46.8
45.5
45.5
45.6
45.6
44.9
44.0
44.5
45.0
42.5
44.6
43.7
42.0
42.9
42.0
43.9
42.0
43.0
42.3
42.2
42.0
42.3
42.6
42.9
42.7
42.8
41.8
42.3
42.2
41.0
41.0
42.5
42.7
42.5
42.4
42.8
42.0
42.4
42.7
42.6
42.6
42.5
42.8
42.5
42.5
42.5
42.7
43.2
42.0
42.6
42.5
42.5
42.4
42.3
42.4
42.5
43.2
42.3
42.4
42.7
43.5
43.5
43.5
44.3
43.1
43.5
43.3
43.2
44.1
45.3
44.9
44.9
45.1
45.5
45.1
44.9
44.4
45.0
44.6
45.0
45.0
46.0
45.0
45.7
45.9
46.0
45.4
44.7
45.5
45.4
45.4
45.0
44.0
45.0
45.3
44.5
44.5
45.2
45.2
45.1
45.2
45.2
45.7
45.8
45.9
45.8
46.0
46.2
46.2
46.2
47.5
48.9
49.5
49.1
49.1
48.4
47.6
47.9
47.0
46.4
47.5
48.4
47.9
47.6
47.5
49.5
49.0
48.5
50.0
48.9
48.8
49.1
47.3
47.5
47.5
47.8
47.8
47.8
47.8
48.1
48.0
47.9
47.9
47.7
46.8
46.5
46.5
46.1
46.0
46.1
45.6
46.0
46.0
46.0
46.0
45.9
45.9
45.8
45.5
45.5
46.0
45.9
46.0
46.4
46.0
46.7
46.9
47.3
47.3
47.2
48.4
48.8
49.5
49.6
49.6
49.6
48.8
48.7
49.0
48.9
48.9
48.3
48.3
48.4
47.0
47.1
47.3
47.8
47.7
48.0
47.1
47.8
47.2
47.8
46.9
47.1
47.1
47.8
47.0
47.5
47.4
46.9
46.9
46.2
46.4
46.7
46.3
46.9
47.0
47.0
47.0
47.3
46.9
46.8
47.3
46.8
46.8
47.8
46.7
47.1
47.1
46.6
46.8
46.8
46.3
47.0
47.0
47.0
47.3
46.5
47.3
47.1
47.3
47.6
47.8
47.8
47.5
48.4
48.9
49.5
48.8
49.3
49.9
49.0
49.2
50.2
50.2
50.2
50.1
50.9
51.4
50.6
50.2
50.9
51.0
50.1
50.1
50.0
51.5
49.9
49.6
49.6
49.6
49.8
50.3
49.5
49.5
49.7
49.8
50.0
49.4
48.3
48.3
48.3
48.9
48.9
49.6
46.2
49.0
49.9
49.0
49.9
49.2
49.1
50.5
50.4
49.6
49.5
49.5
49.5
49.5
49.0
49.2
49.1
49.2
49.2
49.1
48.7
49.4
49.0
48.7
49.7
48.9
49.3
48.4
48.6
48.0
53.0
51.9
54.0
53.2
53.5
53.2
53.1
53.0
53.2
54.4
51.3
52.5
53.1
52.8
52.9
52.0
51.8
51.5
52.3
52.9
52.5
52.3
52.4
51.4
51.8
51.9
51.0
50.9
50.7
50.9
51.0
50.9
50.8
50.5
50.7
50.8
50.2
50.5
51.2
51.0
50.4
49.9
50.5
50.8
50.6
50.2
51.2
52.4
51.6
51.5
51.5
52.3
53.3
52.0
52.0
51.8
51.8
52.0
52.0
52.4
52.5
52.1
52.1
52.4
52.5
52.5
52.0
52.5
52.5
53.0
51.8
52.4
51.5
51.5
51.4
51.6
52.5
52.6
52.3
52.3
52.0
51.8
51.0
51.4
51.6
51.2
51.5
51.3
51.5
51.5
51.5
51.5
51.2
51.2
51.1
51.2
51.3
51.3
52.5
52.5
52.0
51.9
52.0
52.3
52.3
52.4
52.3
52.1
52.6
52.6
52.6
52.6
52.8
52.7
52.1
52.1
52.4
52.3
52.4
52.6
52.3
52.3
52.3
52.2
52.4
52.0
52.0
52.4
52.1
51.5
51.4
51.2
51.4
51.2
51.4
51.6
51.0
51.0
51.0
51.8
51.5
51.3
51.5
52.0
52.0
52.0
51.6
51.3
51.4
50.3
51.3
51.1
50.5
50.5
50.5
50.4
50.6
50.6
51.0
50.5
50.5
50.5
51.0
50.5
50.4
50.6
50.1
50.9
50.3
50.5
50.7
51.1
53.7
54.4
54.5
54.2
52.8
52.5
52.3
52.0
52.0
51.8
52.0
52.0
52.0
52.1
52.5
52.7
52.7
52.4
52.4
53.5
53.1
52.9
52.8
52.5
52.4
52.4
52.5
52.9
53.3
53.1
53.5
53.2
53.5
53.3
53.4
53.2
53.3
53.7
53.7
53.5
52.9
52.6
52.3
53.0
52.3
52.9
52.9
52.9
53.1
53.0
53.4
53.3
53.5
53.5
53.8
53.9
54.1
54.6
53.6
53.7
54.9
53.4
53.3
53.3
53.2
53.2
52.5
53.0
52.7
53.4
52.8
52.7
52.7
52.5
52.5
52.8
52.1
51.7
52.3
52.8
52.8
52.8
52.7
53.0
53.7
53.4
52.9
50.4
49.6
50.0
50.1
50.4
50.1
50.3
50.1
50.2
50.2
50.4
50.4
50.5
50.2
49.7
49.4
49.8
49.9
50.2
50.0
49.7
50.1
50.2
50.5
49.9
49.7
50.1
50.2
50.2
50.2
50.2
50.6
50.7
50.7
50.2
50.0
49.9
49.9
49.0
49.7
50.0
50.0
50.2
50.6
51.0
50.9
52.0
51.7
52.0
52.2
51.7
51.6
51.7
52.5
51.7
51.9
51.5
51.6
51.3
50.6
51.3
50.0
50.1
50.9
51.4
50.2
51.0
51.8
51.4
51.3
52.1
51.5
50.9
51.0
50.0
50.4
50.3
51.2
51.0
50.9
51.0
51.1
50.9
51.7
51.7
51.5
51.3
51.4
51.3
51.4
51.1
51.4
51.1
51.1
51.2
51.1
50.2
51.1
51.3
51.1
51.4
51.0
51.0
51.2
51.0
51.2
51.2
53.3
51.7
51.9
51.8
51.2
51.7
51.4
51.6
51.5
51.0
50.7
51.9
51.8
50.9
50.9
51.1
51.0
51.0
51.1
51.0
50.5
51.1
50.9
51.1
51.0
51.4
51.9
52.0
52.0
52.0
52.0
52.1
51.6
52.8
52.3
52.1
52.1
52.5
52.4
52.4
52.7
52.7
52.6
52.4
52.4
52.5
52.2
51.6
51.7
51.9
52.0
51.9
52.2
52.0
52.0
52.4
52.2
52.1
52.3
52.0
52.3
51.5
51.1
51.0
52.3
52.0
51.9
51.9
52.1
51.0
51.2
51.2
51.0
50.0
50.0
50.3
50.7
50.9
52.0
51.5
51.5
51.5
51.5
52.0
52.4
52.7
52.7
52.7
52.7
52.8
53.0
51.4
52.6
52.7
52.3
52.4
53.0
53.2
53.2
53.1
52.9
53.4
53.5
52.4
52.9
53.2
53.3
55.0
53.4
53.6
53.6
51.9
54.0
52.9
52.9
53.9
53.7
53.1
53.3
52.5
52.4
52.8
53.8
53.0
53.0
53.0
53.0
52.7
52.7
52.5
52.4
52.4
52.4
52.3
52.2
52.1
52.1
52.5
52.6
52.7
52.7
53.0
53.0
53.0
53.0
53.1
53.2
53.2
52.5
52.9
52.5
52.8
53.3
53.2
53.2
53.3
53.4
53.5
53.5
53.0
53.5
53.0
53.1
53.4
53.6
53.7
53.7
53.9
53.9
54.0
54.3
53.7
53.3
54.0
53.7
54.5
55.0
55.0
55.0
55.0
54.4
54.0
53.8
54.0
53.7
53.7
53.7
54.0
54.1
54.5
54.5
54.4
54.5
54.2
54.5
55.0
54.6
54.9
54.7
54.7
55.0
54.3
54.4
55.3
54.0
54.2
54.1
54.2
54.1
54.0
54.2
54.2
54.3
54.2
53.5
54.0
54.1
54.5
54.1
54.6
54.0
54.2
54.0
55.3
54.9
54.2
53.1
54.2
54.2
54.4
54.6
54.6
54.5
54.2
54.6
54.4
54.6
54.6
54.2
55.2
54.3
54.8
54.7
54.4
54.8
54.4
54.3
54.6
54.8
54.5
54.4
54.8
54.9
54.3
55.0
54.0
54.0
54.1
54.0
53.9
53.6
53.9
54.0
54.1
54.5
54.0
54.8
54.4
54.5
54.6
55.0
55.7
55.7
55.7
55.9
56.9
56.6
56.0
56.6
56.1
57.9
56.9
57.0
56.8
56.7
57.6
56.2
57.7
57.1
56.4
56.7
56.5
55.9
56.0
55.9
55.3
55.4
56.1
56.5
55.9
56.5
56.4
55.7
56.1
56.3
56.2
55.7
55.9
55.7
56.0
56.5
56.5
56.6
56.6
57.0
56.9
56.6
57.0
55.7
56.3
56.6
57.7
57.8
57.0
57.0
57.9
57.8
57.9
57.9
57.9
57.3
58.0
58.0
57.0
56.5
57.1
57.5
58.2
57.8
57.6
56.6
55.2
56.3
56.3
56.3
57.0
57.1
57.0
57.3
57.1
57.1
56.7
57.6
57.3
57.5
57.5
57.9
57.7
57.7
57.7
58.8
58.0
58.2
58.9
58.4
58.5
58.0
58.0
57.0
56.9
57.1
57.0
56.0
56.2
57.1
57.3
57.0
56.9
56.9
57.0
57.0
57.0
57.5
57.0
56.9
57.0
55.9
56.8
57.0
56.4
56.4
56.8
57.0
57.1
57.8
57.1
57.4
57.5
57.6
57.7
57.6
57.5
56.8
57.6
57.7
56.9
58.3
58.3
58.5
59.5
60.0
59.0
58.9
59.0
59.6
59.6
59.3
60.0
61.2
60.7
60.8
60.9
60.7
60.7
62.0
62.1
62.0
62.1
62.9
63.0
63.7
63.2
64.0
64.0
63.4
64.0
62.5
63.0
63.7
63.4
64.0
63.4
63.0
63.8
62.7
62.5
62.0
62.0
62.0
62.0
62.9
63.4
62.5
62.5
62.3
63.5
63.5
63.4
62.6
63.5
63.5
63.0
62.5
61.6
62.5
63.0
62.5
62.0
62.6
62.9
62.5
61.8
65.0
63.0
62.2
61.1
62.5
63.3
62.9
62.9
61.7
61.6
60.9
60.7
60.2
60.9
61.0
60.9
61.7
61.1
63.0
63.0
63.8
63.7
63.7
62.6
62.5
63.6
62.7
62.9
63.4
63.5
63.3
63.3
63.4
64.5
64.4
64.4
64.4
64.7
64.1
64.2
64.4
64.5
64.5
62.7
64.2
64.6
64.1
64.4
64.3
64.5
64.4
64.5
66.4
66.2
66.2
66.5
66.6
66.9
66.0
67.9
67.9
66.6
67.7
67.8
67.5
65.6
66.5
67.8
67.1
67.2
67.1
66.5
67.4
67.5
67.6
67.7
67.0
67.0
66.0
65.0
64.9
65.9
65.9
66.7
65.8
66.8
65.4
65.5
65.5
65.7
65.0
64.5
64.6
65.6
65.4
64.0
64.3
64.5
65.8
65.0
65.0
65.7
65.3
66.0
65.3
65.5
66.4
66.7
66.8
66.7
66.5
66.7
66.0
66.1
66.2
65.8
65.8
65.2
65.7
65.7
65.9
66.1
65.9
65.7
65.9
66.0
66.3
66.3
66.4
67.4
66.5
66.6
66.7
67.0
67.1
67.0
66.5
68.3
71.9
72.0
74.7
76.0
76.3
75.3
75.0
75.4
75.2
75.9
75.8
78.5
78.4
78.2
78.0
78.8
80.0
79.9
79.9
81.4
80.0
79.0
79.0
79.0
79.4
79.0
79.5
79.9
79.4
79.0
79.0
79.0
79.0
79.2
79.2
79.2
79.4
79.0
79.0
79.0
79.0
79.4
79.8
80.0
79.1
79.0
79.0
79.0
79.0
79.1
79.1
79.1
79.0
79.1
79.0
79.0
78.8
78.6
78.6
78.6
78.6
78.5
75.8
74.9
74.9
75.6
75.5
76.2
75.9
75.9
76.2
76.5
76.4
76.5
76.0
75.5
76.4
75.4
75.3
76.1
75.7
78.0
76.1
77.0
76.8
77.7
78.0
79.1
80.0
79.2
78.1
78.1
78.4
78.4
78.1
79.5
79.0
79.0
79.1
79.0
78.9
78.7
80.3
79.1
78.7
78.7
79.2
79.0
78.7
78.9
78.8
78.8
76.8
76.9
75.9
74.0
76.4
75.9
75.2
75.3
74.9
74.9
74.9
74.8
74.5
74.7
74.6
73.2
73.5
73.5
73.1
73.8
73.7
74.2
77.0
76.8
76.5
76.8
76.8
76.7
76.7
76.1
76.1
76.7
76.3
76.4
76.5
75.6
74.5
75.5
75.5
75.5
75.8
75.4
75.8
74.6
74.3
74.2
75.9
75.5
75.7
75.5
75.5
75.6
75.7
75.8
75.4
75.9
76.0
76.1
76.0
75.7
76.0
75.7
75.7
75.1
75.7
75.7
75.7
73.9
75.7
76.1
76.0
76.1
76.1
76.0
76.0
76.0
76.1
76.1
76.3
76.1
76.2
76.0
75.8
75.8
75.9
75.9
76.0
76.0
76.0
75.8
76.3
75.9
76.2
76.2
76.0
74.4
69.1
74.9
75.0
74.9
75.0
75.0
75.0
74.8
74.4
74.5
74.4
74.4
74.5
74.4
75.0
74.7
73.0
73.7
74.1
74.6
75.0
74.6
74.9
74.9
74.9
75.0
74.9
75.0
74.9
75.0
75.0
74.7
75.1
75.2
75.1
75.0
75.1
75.1
74.5
75.2
74.8
75.0
74.8
74.2
74.8
74.8
74.8
74.7
74.8
74.8
74.8
74.1
74.6
74.7
74.8
74.6
74.7
74.3
74.9
74.8
74.8
74.7
74.5
74.4
74.5
74.5
74.8
74.7
74.6
74.4
74.4
74.4
74.4
74.4
74.3
74.4
74.4
74.3
75.0
75.0
75.0
74.0
74.1
74.3
74.3
74.6
74.3
74.4
74.6
74.6
74.6
74.6
73.2
73.8
73.8
73.1
73.6
73.7
73.8
73.9
74.0
74.1
74.2
74.1
74.0
74.6
74.7
74.7
74.2
73.2
72.2
72.9
73.0
73.3
74.3
74.4
74.5
73.5
73.6
71.3
70.1
70.7
70.8
71.0
66.7
69.5
69.4
69.7
69.8
70.2
70.4
70.8
70.8
70.9
70.4
70.0
70.2
70.2
70.3
70.3
70.3
70.4
70.4
70.5
70.4
67.1
68.9
69.2
69.3
69.2
69.5
70.2
72.2
73.2
73.5
73.0
73.4
74.4
74.0
74.1
73.9
73.7
74.2
73.7
74.0
74.3
74.0
74.0
73.8
73.8
73.5
74.4
74.8
72.5
73.3
74.1
74.2
75.0
74.5
73.6
74.0
73.5
74.0
73.1
74.3
73.5
73.2
72.9
72.9
73.3
72.2
72.7
72.4
72.3
72.0
72.0
72.0
74.2
74.5
74.0
74.0
73.8
74.0
73.9
76.0
79.7
74.3
75.7
75.5
74.7
74.5
75.0
76.1
75.3
73.4
74.6
74.6
74.7
74.7
74.7
74.6
74.8
74.9
74.9
74.5
74.5
74.0
74.0
74.1
74.2
74.3
74.4
74.9
74.0
73.0
71.0
72.0
73.5
73.4
72.6
73.0
73.3
73.0
73.4
73.0
73.3
73.3
73.3
73.3
73.3
73.3
73.3
73.0
73.0
73.0
72.9
72.4
72.9
72.8
72.8
72.0
71.4
72.1
71.7
72.0
72.0
72.6
72.7
72.3
72.2
72.2
72.2
72.1
73.0
72.5
72.5
72.3
72.9
72.8
72.6
72.7
73.1
73.0
72.9
73.0
73.0
72.6
72.8
72.8
72.8
72.6
72.9
72.9
72.9
73.0
73.0
73.2
72.6
72.7
72.7
72.8
73.0
73.4
73.0
72.7
73.2
73.0
73.1
73.1
73.0
73.0
73.0
73.0
72.8
72.8
72.5
73.0
73.1
72.9
72.8
72.8
72.4
72.6
72.6
72.6
72.8
72.9
72.6
72.5
72.8
72.8
72.8
72.8
72.8
72.9
72.9
73.0
72.9
73.4
73.0
72.9
72.9
73.0
72.9
72.8
72.9
72.5
72.7
72.7
72.7
72.7
72.7
72.9
73.0
73.0
72.7
72.7
72.7
72.7
72.3
72.3
72.5
72.6
72.3
72.6
72.6
71.4
72.3
72.1
72.1
72.2
72.0
72.1
71.8
71.9
71.9
71.9
71.9
71.9
72.1
72.0
71.3
71.6
71.5
71.7
71.4
72.0
72.2
72.3
72.0
71.9
72.0
71.7
72.0
72.3
73.0
72.9
72.7
72.7
72.6
72.7
72.5
71.9
72.0
72.0
72.0
72.0
71.1
71.6
71.0
71.9
71.5
72.0
72.0
70.8
71.0
71.8
71.1
71.1
71.1
71.2
71.1
71.1
70.0
70.8
70.9
70.9
70.0
70.7
70.7
70.8
68.9
69.9
69.8
69.0
69.6
69.8
69.8
70.0
70.2
69.9
69.8
69.3
69.3
69.7
69.7
69.7
69.9
69.7
70.4
71.0
71.4
72.2
71.0
71.5
71.5
71.5
71.0
70.1
70.0
70.0
70.1
69.9
69.7
68.9
68.0
68.3
68.0
68.2
68.2
68.1
68.0
68.7
68.5
68.5
68.5
68.0
66.3
67.4
66.3
66.3
66.3
66.3
66.6
66.3
67.0
66.6
66.9
66.5
66.5
67.0
67.0
67.8
67.1
67.4
66.9
66.9
67.0
67.0
65.0
61.3
60.5
61.1
60.8
62.0
61.8
61.4
61.8
60.7
61.2
60.6
60.7
59.0
61.8
61.7
62.0
62.9
61.6
62.8
61.7
62.0
61.9
61.9
61.8
62.0
61.7
62.2
61.8
61.6
61.9
61.8
62.0
61.9
61.8
61.9
61.8
61.9
62.3
62.2
61.5
61.5
60.9
60.0
60.0
60.0
60.1
59.1
60.0
59.2
59.9
59.7
59.9
59.0
59.0
59.6
58.9
58.9
58.9
58.9
59.8
59.4
59.6
59.7
59.6
59.1
59.2
59.4
59.1
59.3
59.3
59.0
58.4
58.5
58.6
58.0
56.5
56.5
56.8
55.3
55.2
55.0
54.9
54.5
55.0
54.4
54.6
55.6
55.4
54.7
55.3
54.7
55.4
54.4
55.2
55.5
55.4
55.4
53.9
53.7
54.2
53.8
52.5
51.0
52.6
52.8
52.9
52.1
52.9
52.3
52.9
53.0
53.1
54.0
53.6
54.2
53.6
54.5
52.1
53.0
54.0
55.0
54.9
54.9
56.3
57.0
57.0
57.3
56.8
58.2
58.0
58.3
60.3
59.7
60.0
59.7
59.6
59.6
59.6
61.4
61.5
61.5
61.0
61.6
61.5
60.0
59.8
61.4
59.6
59.0
59.4
59.5
59.0
57.0
57.0
57.0
57.0
56.6
56.6
56.5
56.5
56.8
56.7
57.2
57.1
57.5
57.9
58.2
58.1
59.0
59.0
57.2
56.8
56.8
56.4
57.9
57.4
56.3
56.0
55.9
55.6
55.4
56.0
56.0
56.0
56.4
56.0
54.9
55.0
55.4
55.5
54.6
55.3
55.0
54.1
54.2
54.2
54.4
54.8
53.1
56.1
56.0
56.0
55.0
55.0
54.8
56.0
55.9
55.8
56.0
55.5
55.4
55.4
55.2
55.9
55.9
55.9
55.9
55.9
54.2
56.0
55.0
55.0
55.0
55.0
55.4
55.2
55.5
55.3
55.3
54.4
54.0
53.9
53.8
53.6
53.7
53.1
52.3
52.3
52.7
53.9
53.5
51.5
52.4
52.4
52.0
52.1
53.0
53.0
53.8
54.6
53.5
52.5
53.8
53.0
52.0
51.1
51.1
51.2
50.7
50.7
51.6
51.3
51.3
51.0
51.0
51.1
51.0
51.3
50.8
50.7
52.0
51.9
51.9
52.0
51.4
51.1
51.2
51.2
51.8
50.9
51.5
51.6
51.3
51.5
51.1
52.0
52.1
52.0
52.2
51.6
51.6
52.0
52.0
51.5
51.3
52.0
50.7
52.4
52.4
53.2
52.4
52.7
52.3
53.3
52.5
52.4
52.5
52.5
52.4
52.3
52.4
52.9
52.5
52.9
52.9
52.9
53.5
53.3
52.4
51.9
52.9
52.0
53.2
52.3
52.2
53.0
52.9
52.0
51.4
51.8
51.9
52.3
51.2
52.3
51.9
51.0
51.0
52.0
51.7
52.0
50.0
51.1
51.0
51.0
51.4
50.8
50.1
50.7
50.7
50.6
50.4
50.4
50.5
50.4
50.9
50.0
50.0
49.4
49.0
48.0
48.4
49.0
48.7
48.9
49.0
49.2
49.2
48.1
48.2
48.6
47.9
49.5
48.9
49.0
49.5
48.6
48.6
48.8
48.8
48.8
48.7
48.8
48.6
48.5
48.9
48.8
48.8
49.7
49.7
48.9
49.0
48.5
48.5
48.9
49.0
48.9
48.0
47.9
47.9
47.9
48.0
48.2
47.9
47.5
48.6
48.5
45.0
47.1
47.3
47.1
47.5
47.6
47.6
47.8
47.4
47.4
47.2
46.2
46.3
46.0
45.9
45.9
45.9
45.8
45.8
45.9
45.9
45.7
45.0
45.9
46.0
46.3
47.8
47.2
46.8
47.0
46.8
46.5
46.6
46.5
46.7
46.0
46.3
46.2
46.2
46.1
46.2
45.8
45.7
45.6
45.6
45.5
45.9
46.0
44.8
44.3
45.1
45.0
44.6
45.0
44.8
45.0
44.9
44.8
44.0
44.1
44.6
44.7
44.7
44.4
44.2
44.4
44.4
44.5
44.4
44.7
44.7
44.7
44.7
44.7
44.7
44.7
44.8
45.2
45.2
44.8
44.8
44.7
45.0
45.3
44.9
44.9
45.5
45.5
45.7
45.5
45.7
45.5
45.5
45.8
45.4
46.0
45.9
45.9
45.9
46.0
45.2
45.9
45.9
45.8
46.0
45.8
45.3
45.9
46.0
46.0
46.0
46.0
46.1
46.1
46.1
45.9
46.9
46.9
46.6
46.7
46.8
48.0
48.3
48.3
47.9
48.3
48.4
48.0
48.1
48.8
48.1
47.7
48.5
48.2
48.2
46.0
47.0
48.2
48.0
48.4
47.9
47.9
48.3
49.0
48.8
48.3
50.5
50.3
50.0
50.1
50.0
50.0
49.9
49.6
49.1
48.9
49.0
49.2
49.4
49.4
51.0
47.9
50.0
49.4
48.5
48.1
48.3
48.0
49.0
48.8
48.9
49.1
49.5
49.9
50.5
51.0
50.6
50.0
50.0
50.0
50.5
50.1
50.0
50.3
50.3
50.2
49.5
50.4
50.2
50.3
52.9
51.9
50.7
49.9
49.4
50.2
50.9
49.8
50.8
50.8
50.7
51.0
51.0
51.1
50.9
51.1
51.0
51.4
51.7
51.8
51.5
51.4
51.0
50.8
50.8
50.9
50.8
50.8
51.1
50.9
50.9
51.2
51.0
51.3
51.3
50.0
50.4
50.6
50.5
50.1
49.8
50.0
50.8
50.5
50.5
50.7
50.6
50.7
50.9
50.9
50.9
50.4
51.4
51.5
51.0
51.3
51.3
51.0
51.4
51.4
50.9
51.2
51.1
51.5
51.5
51.5
51.6
51.3
51.4
51.5
51.0
51.1
51.6
51.5
51.0
51.6
51.5
51.5
51.1
51.1
51.8
51.7
51.7
51.7
51.5
51.3
50.8
50.8
50.9
51.1
52.1
50.1
50.8
51.1
50.7
50.7
51.0
51.0
51.4
51.2
51.2
51.1
51.1
51.1
51.1
50.6
50.4
50.4
50.9
50.9
50.8
51.0
50.4
50.8
50.6
50.6
49.5
49.5
50.1
50.3
50.5
50.7
50.4
50.1
49.7
49.9
49.5
50.0
49.6
50.0
49.7
49.6
49.4
49.6
49.7
50.0
49.2
49.1
49.1
48.9
49.0
48.8
48.6
48.6
48.5
49.0
48.9
48.4
48.4
49.1
48.2
48.5
49.0
49.4
49.0
50.4
50.5
51.0
49.6
49.6
51.0
51.0
49.9
49.3
49.8
49.3
49.4
49.5
49.0
49.4
49.4
49.4
49.5
49.5
50.2
50.2
49.5
49.1
49.9
50.0
49.9
50.0
49.8
49.8
49.8
49.4
49.4
49.4
49.3
49.6
49.8
49.6
49.3
49.2
49.4
49.5
49.5
49.4
49.4
49.5
49.4
49.4
49.2
49.5
49.5
49.3
49.5
49.5
49.9
49.3
49.6
49.9
49.7
49.4
49.5
49.5
49.5
49.7
49.5
49.5
49.5
49.5
49.7
49.4
49.3
49.4
49.1
49.0
49.3
49.5
49.3
49.3
49.4
49.3
49.2
49.0
49.2
49.3
49.2
49.8
49.8
49.1
49.6
49.4
49.9
49.9
49.7
49.1
49.5
49.3
49.4
49.4
49.4
49.4
49.5
49.6
49.8
49.5
49.5
49.7
49.7
49.8
49.2
49.0
48.7
48.8
49.4
49.0
49.3
49.4
48.7
49.4
49.9
49.3
49.3
49.3
49.5
49.4
49.6
49.5
49.5
49.7
49.6
49.4
49.5
49.5
48.4
49.5
49.5
49.5
49.5
49.4
49.5
49.4
49.5
49.3
49.5
49.4
49.3
49.6
49.3
48.9
49.4
49.2
49.2
49.6
49.4
49.3
49.4
49.4
49.2
49.1
49.0
49.0
48.9
49.0
49.0
49.3
48.9
49.3
49.0
48.9
48.6
49.0
49.0
49.1
49.0
49.0
49.0
49.0
48.9
48.8
49.1
48.9
49.1
49.0
49.5
49.3
49.3
49.6
49.4
49.0
49.2
49.0
49.2
49.0
49.2
48.9
48.8
49.1
50.3
49.2
49.0
49.3
49.3
49.1
49.3
49.3
49.2
49.0
49.4
49.4
49.3
49.4
49.4
49.3
49.1
48.9
48.9
48.8
48.8
48.7
49.0
48.9
48.9
49.0
49.0
48.7
48.8
48.8
49.0
49.0
48.6
48.4
48.8
48.8
48.9
48.7
48.1
48.5
48.7
48.8
48.6
48.5
48.5
49.1
48.9
49.0
49.0
48.9
49.0
49.0
48.5
48.4
48.4
48.6
48.9
48.9
48.9
48.9
49.0
48.9
48.6
48.6
48.6
48.7
48.6
50.4
49.0
48.4
48.7
48.7
48.8
48.4
48.4
48.6
48.8
48.8
48.8
48.7
48.5
48.5
48.6
48.7
48.7
49.0
48.2
48.2
48.6
48.5
48.2
48.1
48.7
48.2
48.7
48.2
48.7
48.2
48.2
48.1
48.3
48.5
48.5
48.6
48.6
48.7
48.1
48.6
48.6
48.1
48.7
48.5
48.4
47.8
47.9
48.2
48.2
48.2
48.4
48.1
48.3
48.3
48.7
48.1
48.2
48.1
48.6
48.5
48.2
48.1
48.4
48.0
48.1
48.1
48.1
48.3
48.2
49.5
48.2
48.8
49.4
49.0
49.6
48.7
48.4
49.1
49.1
49.1
50.0
50.8
49.9
49.9
49.8
51.7
51.4
51.0
50.0
50.0
50.0
50.1
49.6
50.8
50.8
50.0
50.2
50.0
50.3
50.2
50.1
50.1
50.0
50.0
50.1
50.1
50.0
50.1
49.9
50.1
51.0
51.7
51.0
50.3
50.5
51.6
50.8
50.5
51.2
50.5
50.3
50.7
52.0
51.0
52.4
52.0
51.2
51.5
52.4
52.5
52.3
52.3
52.4
52.4
52.5
52.4
52.4
52.4
52.6
52.6
52.0
51.9
52.0
51.8
51.4
51.0
50.4
50.6
50.4
50.5
50.5
51.0
50.0
50.3
50.9
51.0
50.3
51.0
50.5
50.9
50.0
50.9
50.6
49.0
50.2
49.8
49.6
50.1
50.0
50.1
50.1
50.1
49.9
49.9
50.0
49.9
49.9
50.1
50.0
50.2
51.0
50.4
50.4
50.3
50.4
50.3
50.3
50.3
50.4
50.4
50.4
51.9
51.2
51.9
51.4
51.0
51.2
51.4
51.3
51.4
51.8
51.7
51.7
51.8
51.5
51.4
51.4
51.4
52.1
51.3
51.0
51.0
51.0
50.8
51.2
51.0
51.2
51.0
51.1
51.8
52.2
52.1
52.1
51.7
51.3
51.5
51.6
51.5
51.5
51.5
51.5
51.0
51.8
51.5
51.6
51.6
51.6
52.0
52.0
52.0
51.7
52.1
51.9
52.2
52.2
52.1
53.9
52.5
52.8
52.5
52.4
52.3
52.3
52.3
51.5
52.0
52.0
52.0
51.5
52.1
52.1
51.5
52.4
52.3
53.0
53.0
53.0
53.8
53.0
52.5
52.5
52.7
51.9
51.9
51.9
51.4
51.5
52.0
52.2
52.2
52.0
51.9
51.8
51.9
51.5
51.4
53.2
53.0
52.6
52.2
52.0
52.2
53.1
52.1
52.1
52.1
52.4
52.5
52.1
52.1
52.0
52.7
52.5
52.2
52.1
52.2
52.2
52.2
52.3
52.5
52.6
52.6
52.7
52.9
52.9
52.4
52.4
53.1
53.2
53.1
53.0
53.0
52.5
53.0
53.0
53.3
54.0
54.0
53.9
54.9
55.2
55.9
55.2
55.1
54.5
55.9
55.5
58.3
59.3
58.6
57.5
58.5
58.2
59.2
57.9
58.4
58.4
58.0
58.0
57.9
57.8
58.5
58.5
56.7
57.5
56.7
56.7
56.9
56.7
56.5
57.6
57.3
56.0
56.0
55.8
55.8
55.8
56.1
56.1
56.8
56.4
56.2
56.3
56.6
56.6
55.5
55.9
55.5
55.2
55.1
54.9
54.5
55.1
54.5
55.1
54.3
54.9
55.0
55.0
55.0
55.3
57.1
57.1
57.1
57.9
56.9
57.0
58.0
58.2
57.4
58.5
58.6
57.7
57.6
57.6
56.6
57.5
57.3
56.7
57.5
57.0
56.8
56.7
58.1
58.4
58.0
58.3
58.4
58.0
57.9
57.0
57.3
56.9
58.1
58.2
58.1
58.7
59.0
60.0
61.5
61.5
61.1
60.8
61.1
60.7
61.0
61.0
60.9
60.8
60.3
60.0
60.0
59.1
60.0
60.0
60.0
60.2
59.8
60.2
60.0
58.1
58.9
58.2
58.0
57.3
57.6
58.2
58.2
59.0
58.7
59.0
58.7
58.7
59.0
58.4
58.4
57.7
58.0
57.2
56.8
56.8
56.6
56.7
57.2
58.0
56.8
56.4
56.9
57.0
57.0
57.0
56.9
57.5
57.8
57.8
58.0
58.0
58.0
57.0
57.0
57.2
57.0
57.0
57.3
59.0
59.0
60.2
60.6
60.1
60.5
60.4
61.2
59.2
59.7
59.7
59.7
58.8
58.0
54.9
56.8
57.0
56.9
56.4
57.0
56.4
56.9
56.0
55.8
55.9
56.5
57.0
57.0
57.8
58.0
58.0
57.6
57.4
57.3
57.2
57.4
56.7
56.7
56.8
56.8
56.7
56.8
57.2
56.8
57.3
56.6
56.4
56.6
56.7
56.8
56.6
56.9
56.9
57.0
57.0
56.5
57.8
57.0
56.5
56.8
56.8
56.4
57.0
56.7
56.7
56.7
56.5
56.6
58.1
58.7
60.0
60.0
58.7
59.1
59.0
58.6
58.9
60.0
60.0
60.0
60.0
59.9
60.0
58.6
59.8
59.9
59.9
58.7
59.9
59.0
59.9
59.0
59.8
58.6
58.9
58.9
58.9
58.9
58.1
59.4
58.0
57.9
58.5
57.2
56.7
56.6
56.9
58.0
57.0
57.1
57.1
56.8
56.9
57.4
56.9
56.7
56.9
56.9
57.0
57.0
55.2
56.7
56.5
56.9
57.1
56.5
56.5
58.0
58.6
58.9
58.7
57.7
57.3
57.3
57.1
57.1
57.5
56.8
56.8
57.0
56.9
57.0
57.5
57.5
57.0
57.1
57.5
57.4
57.5
57.2
57.1
57.0
57.0
57.1
56.6
56.9
57.1
56.5
57.5
57.0
57.3
57.3
57.4
57.8
57.6
58.1
56.7
56.9
56.8
57.2
58.2
58.2
58.0
57.6
57.0
57.1
57.6
57.2
57.1
56.9
57.0
57.0
57.0
56.4
57.0
56.7
57.1
57.9
57.9
57.1
56.5
56.5
56.7
57.2
56.0
56.8
57.7
57.0
57.0
57.7
57.6
57.0
56.9
57.2
55.9
56.2
52.4
54.1
52.5
51.5
50.6
53.4
53.4
50.2
56.0
56.0
54.2
56.0
54.1
54.3
55.1
55.2
55.1
54.2
53.3
53.3
52.3
53.3
52.6
53.6
55.0
54.8
54.0
54.1
54.1
55.4
55.0
54.9
54.4
54.0
54.0
54.0
54.0
53.8
54.0
53.9
54.1
54.6
54.5
54.5
55.8
55.6
55.7
55.9
55.0
53.8
54.1
54.6
54.1
54.6
54.0
54.6
54.7
54.2
54.0
54.6
54.6
54.0
54.1
54.0
54.2
54.8
54.9
54.7
54.6
55.0
54.9
55.0
54.5
54.4
54.9
54.4
55.0
54.3
54.4
54.9
54.8
54.2
54.5
53.6
53.9
53.2
53.5
53.7
53.5
53.6
54.1
54.1
54.0
54.0
53.6
53.6
53.5
53.5
53.4
53.5
53.8
53.8
53.8
53.3
53.0
53.0
53.5
53.5
53.6
53.5
53.5
53.0
53.0
53.0
53.2
53.6
53.1
53.4
53.7
53.3
53.4
53.2
53.2
53.5
53.4
53.5
53.2
53.2
53.9
52.7
53.1
53.3
53.3
53.3
53.0
53.2
53.2
53.0
53.4
53.9
52.2
52.2
52.4
52.6
52.1
52.0
52.2
52.2
52.2
52.1
52.1
52.1
52.1
52.1
51.9
51.7
51.7
51.9
51.9
52.1
51.0
51.6
51.4
51.5
51.0
51.2
51.3
51.2
50.5
50.8
50.7
50.4
51.2
51.0
51.0
51.0
51.3
50.9
50.3
50.4
51.7
51.8
51.2
51.7
51.7
50.7
51.6
51.8
51.6
51.2
50.9
51.4
51.2
50.8
51.2
50.9
51.0
50.8
50.8
51.5
52.0
52.7
53.0
52.7
52.8
53.0
53.4
53.0
53.4
53.0
53.7
53.3
52.1
53.1
52.3
53.0
53.1
53.3
53.1
53.1
53.9
53.0
53.5
53.5
53.8
53.8
53.7
53.5
53.0
53.5
53.5
53.5
53.7
54.1
54.0
53.8
53.5
53.6
53.8
54.0
54.0
53.9
53.4
53.5
53.5
53.5
53.6
53.9
53.9
54.3
54.0
54.2
54.2
54.4
54.0
54.1
53.9
53.8
54.1
54.2
54.3
54.4
54.4
54.3
54.4
54.0
53.7
54.1
54.0
54.2
54.2
54.2
54.3
54.0
54.1
53.9
54.3
54.3
54.0
55.0
55.0
55.0
55.4
55.6
54.6
55.5
55.4
55.1
55.4
55.5
56.0
55.5
54.9
54.6
54.6
55.1
55.0
55.4
54.9
55.1
54.8
55.4
55.2
55.0
55.2
55.2
55.0
55.6
55.0
54.8
54.8
55.0
54.7
54.8
54.8
54.9
55.0
55.2
55.6
55.5
55.5
55.4
55.4
55.4
55.5
54.5
55.3
55.3
55.4
55.4
55.6
55.6
55.6
55.6
55.7
55.8
56.0
58.0
57.8
57.9
57.2
57.0
56.8
56.8
56.4
56.3
57.1
57.0
57.3
55.0
55.5
55.0
55.9
55.2
55.0
54.7
55.3
54.7
54.0
54.1
54.0
54.3
54.2
56.2
57.0
58.0
56.6
56.7
57.4
54.9
54.7
55.0
55.0
54.7
55.1
55.0
55.5
55.5
55.2
55.2
55.0
54.4
54.6
55.1
56.1
56.2
55.8
55.7
55.9
55.0
55.0
55.0
55.0
55.0
56.4
56.0
55.9
56.7
56.8
56.5
56.0
55.8
55.2
55.1
56.0
56.0
56.0
55.7
55.7
55.7
56.2
55.8
55.6
56.5
55.7
56.5
56.5
55.7
57.0
57.9
56.7
58.0
57.8
57.8
55.9
57.3
57.2
58.3
58.3
56.4
56.4
56.8
56.8
56.6
56.7
56.7
56.6
55.8
55.8
55.9
55.9
56.0
55.5
55.0
55.8
55.9
55.4
55.4
55.5
55.4
54.2
54.9
55.2
55.8
55.3
55.3
55.4
55.0
55.2
55.0
55.0
55.0
55.0
54.8
56.6
55.0
55.0
55.0
55.0
55.0
55.2
56.0
55.8
54.8
55.8
56.2
55.6
56.4
56.0
56.0
56.8
56.4
56.4
55.8
55.8
57.2
57.8
56.0
56.2
55.2
55.8
55.8
56.2
55.4
56.0
55.4
57.0
57.0
56.0
56.0
55.4
56.4
56.6
56.6
56.0
56.6
56.8
57.0
56.6
56.2
56.2
57.0
57.4
57.0
56.0
55.4
55.0
56.6
57.0
55.8
55.4
55.4
55.2
55.2
55.0
55.0
54.8
55.2
55.6
55.4
57.4
56.8
56.6
56.6
55.8
56.6
56.0
56.0
56.6
57.8
56.4
56.4
56.0
57.4
57.8
57.4
56.6
57.6
57.6
57.8
56.4
57.8
57.4
56.6
56.6
55.2
57.4
56.4
57.0
57.0
56.4
56.8
56.8
57.2
56.6
56.6
57.0
57.2
57.2
57.2
57.2
56.6
56.8
56.0
57.2
56.4
56.8
56.6
57.0
57.6
56.0
57.0
58.0
58.0
57.2
58.8
58.6
57.8
58.6
57.2
58.6
57.0
58.0
58.8
59.2
59.4
59.6
59.4
59.6
63.0
63.2
61.8
61.8
62.4
61.2
62.2
60.6
61.0
60.8
61.2
61.2
60.0
60.8
60.8
60.2
60.0
59.6
60.2
60.6
60.4
61.4
61.4
61.2
61.2
61.0
60.8
60.0
59.8
61.0
61.2
60.2
60.0
60.4
60.2
60.0
61.6
59.6
60.0
59.8
59.6
60.8
60.4
60.4
61.2
61.2
61.2
60.8
61.4
60.2
60.0
60.0
60.4
60.8
60.0
59.8
60.4
59.0
60.0
60.2
60.4
60.4
60.0
59.8
60.0
60.6
59.8
60.8
61.0
60.0
59.8
60.6
60.6
61.0
60.2
60.2
60.2
60.4
61.0
61.0
60.4
62.0
62.0
60.6
61.2
61.0
61.0
61.6
62.0
62.4
61.2
60.8
61.6
61.8
60.4
61.0
60.8
61.2
62.0
62.2
62.0
60.6
60.8
60.8
60.2
60.2
60.0
60.2
60.6
60.0
60.4
60.0
59.8
60.4
60.0
60.0
60.2
60.2
60.0
60.2
59.4
60.0
60.0
59.8
60.0
60.6
60.0
60.0
60.0
60.0
60.6
59.8
59.6
59.8
59.6
59.2
59.4
60.4
59.4
59.8
59.8
60.2
59.8
60.0
60.0
59.8
59.6
59.8
59.4
59.6
58.8
58.8
59.0
58.4
59.0
59.0
60.2
59.8
60.4
58.8
58.8
63.0
63.0
61.8
63.0
63.8
63.2
63.6
63.0
63.2
63.0
63.2
62.6
63.2
63.6
64.4
64.2
64.2
64.0
64.0
64.0
64.2
64.6
64.2
63.4
64.0
64.2
64.0
64.0
65.0
64.0
65.6
64.2
65.6
65.4
65.0
65.0
65.0
65.0
64.2
65.0
64.8
64.0
64.4
64.2
64.8
65.0
65.2
65.0
65.0
65.8
65.8
66.0
66.4
66.2
66.2
65.2
65.8
65.6
65.4
66.0
64.6
62.8
64.4
65.2
65.4
66.4
65.8
67.0
67.0
66.0
66.0
66.8
66.4
66.8
67.2
66.4
65.4
65.4
65.4
65.0
65.2
66.6
65.4
65.2
65.0
65.0
65.2
65.2
66.0
66.8
66.4
67.0
67.0
67.4
67.6
67.6
67.8
68.0
66.4
66.8
66.6
66.6
66.8
66.6
66.4
66.8
66.0
67.0
66.2
67.6
67.2
67.4
67.2
67.6
67.2
67.8
67.0
67.4
67.6
67.8
67.6
67.6
67.2
67.0
67.0
67.4
67.2
67.0
66.8
66.8
65.6
65.8
65.4
66.0
66.8
66.2
66.4
65.6
65.8
66.0
65.8
65.0
65.2
65.2
65.4
65.0
65.0
64.8
64.4
64.0
64.0
64.6
65.0
65.0
65.0
65.8
65.0
65.4
65.0
65.6
66.0
65.8
64.8
64.8
64.6
64.8
65.4
64.4
64.4
65.0
64.8
64.6
64.8
64.4
64.2
64.2
64.4
63.4
64.2
64.4
64.8
64.0
64.0
63.6
63.6
63.8
64.0
64.4
64.0
64.0
64.8
64.8
63.8
64.6
64.6
65.0
64.8
65.0
64.4
64.8
64.8
64.2
65.0
65.0
66.0
66.0
66.0
66.0
64.4
65.0
64.6
64.0
64.6
64.4
63.0
63.0
63.6
63.6
63.8
62.6
63.0
62.8
62.4
62.8
63.6
65.0
65.0
65.0
65.8
65.8
65.8
65.2
65.8
65.8
64.0
64.0
64.8
64.8
64.8
64.6
65.0
65.0
65.2
65.6
65.2
65.8
66.0
66.4
66.4
66.4
66.0
64.8
65.2
65.6
64.8
64.6
65.2
66.0
66.4
66.2
66.0
66.0
65.0
66.0
65.2
64.8
65.0
65.6
66.0
64.4
64.4
64.6
64.6
64.8
65.0
64.8
63.0
63.6
65.2
65.0
63.6
65.0
64.2
65.4
65.6
64.8
65.0
65.8
65.0
67.0
65.0
65.4
65.4
65.4
65.2
65.6
65.4
65.4
64.8
64.4
63.6
63.8
63.2
64.2
63.4
62.2
63.6
64.0
64.0
64.2
63.2
63.2
63.4
64.8
63.2
64.4
64.4
64.6
64.6
63.4
64.2
64.0
64.2
63.6
63.4
63.6
63.6
63.2
63.6
63.2
63.6
63.6
63.0
63.8
64.2
63.4
63.8
64.4
64.4
64.0
63.2
63.0
63.4
63.0
63.0
65.0
64.0
64.4
63.8
64.2
63.6
64.4
65.2
64.6
64.6
64.2
63.8
64.0
64.2
64.6
64.8
64.6
64.8
65.0
65.0
65.0
65.0
64.6
65.0
64.8
65.6
64.8
65.2
64.6
65.0
65.0
64.8
64.8
64.8
64.8
64.6
64.8
65.0
65.6
65.2
65.2
65.2
65.2
65.8
64.8
65.0
65.0
65.0
65.0
65.4
65.0
65.2
65.2
65.2
65.2
65.2
65.6
65.0
65.6
65.2
65.8
66.0
66.6
66.8
65.8
65.8
65.8
66.4
65.8
66.0
66.2
66.0
66.0
66.2
65.2
65.2
65.8
66.0
65.6
65.8
65.4
65.4
65.2
65.8
66.2
66.4
66.4
66.0
66.0
66.0
65.8
66.6
66.0
65.8
65.8
65.2
65.6
65.6
65.8
65.6
65.8
65.8
66.4
66.2
65.8
65.0
65.4
65.6
65.2
65.0
65.0
65.0
64.8
64.8
64.4
64.4
64.8
64.6
64.4
64.8
64.4
64.4
64.8
64.4
64.6
64.6
64.8
65.4
65.0
65.0
65.0
64.8
64.8
64.8
65.0
65.0
65.2
65.4
65.4
65.2
65.2
65.4
65.4
65.2
65.0
65.0
64.8
64.8
65.2
65.2
65.4
65.0
64.8
65.0
65.0
64.8
65.0
65.0
65.0
64.8
64.8
64.6
64.8
64.2
64.6
64.0
65.4
65.0
64.0
64.6
63.8
64.2
64.4
64.4
64.6
63.8
65.0
65.0
64.2
64.8
64.8
64.6
64.4
64.8
64.8
63.8
64.2
64.6
64.2
64.6
64.6
64.6
64.0
64.0
65.0
64.8
65.0
64.8
64.4
64.4
64.0
64.2
65.0
65.0
65.2
64.2
64.4
64.8
64.0
64.6
65.2
65.0
64.4
65.2
65.2
64.4
65.0
65.4
64.8
65.0
64.8
65.2
65.0
65.0
65.0
65.4
65.0
65.4
65.0
65.2
65.2
65.0
65.2
64.8
64.4
64.4
65.0
65.0
65.0
65.2
65.0
65.2
65.0
65.0
65.0
65.0
64.2
64.2
63.4
63.2
63.0
63.6
65.0
63.4
64.0
65.2
64.6
64.6
64.6
64.0
65.0
64.8
64.6
64.4
64.2
64.4
64.0
63.0
63.4
63.2
62.8
63.0
63.2
63.0
63.6
62.6
64.0
64.0
61.6
62.0
63.0
62.8
61.4
61.4
62.0
63.8
64.2
64.0
63.0
63.2
62.0
62.4
62.6
68.8
92.6
92.8
92.6
90.4
89.6
90.6
89.2
89.6
90.0
92.6
86.6
85.2
85.2
86.0
84.4
85.0
85.2
84.0
84.6
86.8
86.4
86.0
85.0
85.0
84.6
85.6
85.0
85.2
84.4
85.4
85.6
85.6
85.0
85.4
82.8
82.8
82.2
82.6
83.0
81.0
80.2
81.8
82.6
83.8
83.0
83.4
82.8
84.0
84.4
84.0
85.0
85.6
89.0
87.0
87.0
87.6
87.4
87.0
88.4
88.2
88.0
88.2
87.4
87.6
87.6
87.6
88.2
88.6
88.0
88.2
88.4
88.0
88.2
87.2
87.2
87.8
87.0
87.0
87.0
87.0
85.6
86.4
86.2
86.2
86.4
85.6
86.2
86.4
86.8
86.6
87.4
87.4
87.0
87.8
87.6
87.0
87.0
87.0
87.2
87.4
87.6
87.4
87.6
88.0
88.8
88.4
89.2
88.6
89.0
88.2
88.6
87.8
88.6
88.2
88.4
88.4
88.6
88.0
87.6
87.4
87.8
87.0
87.0
85.0
85.2
85.4
87.4
87.2
86.8
86.6
86.8
87.6
87.2
87.0
87.8
87.6
87.2
87.6
87.2
87.4
87.8
87.6
87.8
87.6
87.8
87.2
87.8
87.8
87.8
88.2
88.0
87.4
87.8
87.4
87.8
88.0
87.8
88.0
87.8
88.0
88.0
88.0
88.0
88.0
88.0
87.8
87.6
87.4
87.8
87.4
87.2
87.6
87.0
87.4
87.4
87.4
87.4
87.4
87.6
87.4
87.8
87.4
87.6
87.4
87.4
87.6
87.2
87.2
87.2
87.4
87.2
87.0
87.4
87.4
87.0
87.0
86.8
86.8
86.6
87.0
87.0
87.0
87.0
87.0
86.8
87.0
87.0
86.8
86.8
87.0
87.0
87.0
86.4
87.2
87.2
86.8
87.2
87.4
87.4
87.4
87.4
87.8
88.4
89.2
88.4
88.2
88.6
89.0
88.0
88.2
87.8
88.0
88.4
88.0
88.4
88.2
88.0
89.0
89.0
87.8
88.6
88.0
88.0
88.0
88.0
87.8
87.6
87.8
87.2
87.6
87.6
89.2
88.0
87.4
87.8
88.0
87.8
87.8
87.8
87.8
88.0
87.8
88.0
88.0
87.2
87.4
86.6
87.0
86.6
88.8
80.0
72.0
70.8
70.6
69.8
70.0
71.0
70.2
71.0
71.0
71.8
70.8
70.4
70.4
70.2
70.0
70.0
70.2
70.6
69.8
68.8
67.2
66.0
66.0
66.2
66.4
66.8
66.6
66.4
65.6
66.6
64.4
65.2
65.4
66.8
66.8
67.6
68.6
68.8
68.4
68.2
67.4
67.6
67.6
67.4
67.2
67.4
67.2
66.8
67.4
66.8
67.4
66.4
66.4
66.4
66.4
66.6
66.6
65.4
65.6
65.8
66.2
66.2
65.8
65.8
66.0
66.0
64.8
65.2
65.0
65.0
65.2
65.2
66.0
66.0
65.8
65.95
65.8
65.8
65.7
65.4
65.6
65.7
65.65
65.65
66.0
65.85
65.7
65.7
65.75
65.8
65.95
65.6
66.0
66.0
64.9
64.85
64.65
64.6
64.6
64.6
64.6
64.75
65.0
65.05
65.1
65.0
65.95
65.45
65.55
65.5
65.5
65.3
65.25
65.2
65.1
65.1
65.1
65.0
64.95
65.2
65.1
65.2
65.25
64.6
64.8
64.75
64.7
65.1
65.6
65.35
65.7
65.55
65.9
65.9
65.3
65.65
65.4
65.3
65.6
65.3
65.55
65.4
65.3
65.4
65.05
65.35
65.15
65.15
65.05
65.35
65.5
65.6
65.8
65.85
65.95
65.95
65.9
66.0
65.8
66.0
65.95
65.6
65.8
65.55
65.9
65.75
66.0
66.0
66.0
66.25
66.05
66.0
65.75
66.05
66.05
65.8
65.9
66.0
65.95
65.9
66.15
66.0
65.65
66.15
66.0
65.65
65.6
65.75
65.65
65.6
65.7
65.6
65.65
65.7
66.0
66.5
66.45
66.25
66.3
66.2
66.2
66.15
65.8
66.95
65.5
66.0
66.25
65.95
65.9
66.0
65.95
66.1
66.1
65.9
65.9
67.35
67.0
66.95
67.15
67.0
66.9
66.85
66.95
66.9
67.0
67.1
67.0
67.1
67.1
66.7
66.7
66.7
66.7
66.55
66.45
66.65
67.1
66.6
66.65
66.3
66.45
66.8
66.8
67.2
67.05
67.15
67.15
67.2
67.35
67.2
67.4
67.4
67.35
67.55
67.75
67.6
67.3
67.75
67.6
67.5
67.5
67.5
67.6
67.8
68.05
68.3
68.5
68.5
68.3
68.35
68.5
68.5
68.45
68.4
68.55
68.35
68.4
68.4
68.75
69.35
69.8
69.55
69.35
69.4
69.9
69.7
69.5
71.4
71.25
70.25
70.7
70.05
70.6
70.7
70.0
68.85
68.65
68.35
69.8
69.95
69.5
69.7
69.7
69.4
69.45
69.8
69.05
69.05
69.05
69.05
68.85
69.8
69.55
69.5
69.75
69.8
69.75
69.75
69.85
69.6
69.6
69.55
69.55
69.85
70.0
70.0
69.9
69.9
69.8
69.75
69.75
69.75
69.9
69.5
69.5
69.6
69.75
69.75
69.75
69.75
69.75
69.3
69.3
69.1
69.2
69.25
69.4
69.5
69.5
69.7
69.7
69.75
69.6
69.6
69.65
69.6
69.7
69.4
69.5
69.5
69.5
69.75
69.55
69.6
69.5
69.6
69.5
69.6
69.5
69.5
69.7
69.7
69.7
69.7
69.8
69.7
70.05
70.1
70.9
71.25
71.15
71.2
71.15
71.35
73.3
73.15
73.0
73.15
72.95
73.15
73.4
72.9
74.35
76.55
77.05
77.45
78.0
77.75
77.05
76.75
76.95
77.1
78.2
76.25
77.65
78.15
78.05
77.0
76.85
76.5
76.5
76.4
74.85
74.7
74.85
75.0
75.25
75.4
75.25
75.25
74.85
75.0
75.0
74.65
74.6
74.7
74.5
74.4
74.65
74.9
73.5
73.6
73.6
73.3
73.35
73.4
73.4
73.3
73.2
72.6
72.0
71.95
72.5
72.25
72.85
72.7
72.6
72.75
73.9
73.85
73.55
73.8
74.0
73.55
73.25
73.45
73.35
74.25
74.45
74.0
74.0
73.25
73.0
73.4
73.7
73.55
72.25
72.5
72.75
72.55
72.65
72.6
72.55
72.65
72.9
72.3
72.7
72.3
72.05
72.35
72.6
72.25
72.35
72.0
72.8
72.85
72.9
72.7
72.6
72.9
72.95
73.0
72.85
73.0
72.4
72.8
72.95
73.35
73.2
73.15
73.2
73.05
72.1
71.55
72.15
72.35
72.5
72.3
72.7
72.3
72.7
74.0
73.65
73.35
73.3
73.35
74.9
73.65
73.95
73.8
74.85
74.6
74.1
73.35
73.75
73.55
73.7
73.35
73.75
72.85
73.25
73.6
73.8
73.8
74.0
74.75
74.25
74.0
74.0
74.75
75.15
75.0
75.0
75.0
74.3
74.35
74.3
74.7
75.0
75.05
75.0
74.8
75.0
75.1
75.0
75.1
75.3
75.15
75.05
75.15
75.45
75.25
75.4
75.4
75.35
75.35
75.4
75.4
75.2
75.2
75.2
75.6
75.6
75.35
75.6
75.45
75.4
75.1
75.25
75.05
75.15
75.15
74.75
74.15
75.3
75.4
75.0
74.6
75.2
74.6
74.3
74.0
74.45
73.7
74.2
73.9
74.15
74.2
74.1
73.85
73.85
73.8
74.05
73.95
73.55
73.75
74.0
73.75
73.7
73.2
73.8
74.0
73.7
73.4
73.4
73.35
73.0
73.1
73.2
73.1
72.85
73.35
74.2
74.0
73.9
73.95
74.15
73.6
74.05
74.45
74.3
73.8
74.05
75.35
74.75
74.6
74.75
74.05
74.2
74.45
74.3
74.35
74.35
74.35
74.3
74.3
73.75
74.05
74.05
74.2
74.6
74.25
74.5
74.3
75.05
76.15
74.6
75.45
75.65
74.65
75.0
74.9
75.0
75.35
75.0
75.0
75.2
75.3
75.45
75.3
75.3
75.05
75.05
75.9
75.85
75.6
75.85
76.0
75.4
75.85
75.75
76.1
76.55
76.0
76.0
76.2
75.15
76.0
75.95
75.5
75.6
75.25
75.05
74.5
75.65
75.0
74.5
75.05
75.0
74.75
74.55
74.0
74.15
74.15
74.45
74.6
74.6
74.1
73.9
74.5
74.0
74.0
74.0
73.9
74.25
74.35
74.75
73.75
73.45
73.45
73.45
73.8
72.6
72.65
74.3
73.75
74.2
74.2
74.35
74.15
74.75
74.5
74.95
74.65
74.5
74.8
74.8
75.15
75.15
75.35
74.8
75.2
75.05
74.35
75.05
75.05
75.05
75.0
75.0
75.3
75.9
75.7
75.7
76.3
76.35
76.3
75.9
76.1
76.7
76.15
77.0
77.0
77.05
77.1
78.05
81.35
79.95
78.6
79.9
79.75
79.85
79.8
80.75
80.5
82.0
81.4
81.5
81.4
81.45
81.55
81.55
80.55
81.0
81.7
80.85
80.35
79.65
79.0
79.7
79.3
79.15
78.95
79.45
79.35
79.35
79.55
82.0
82.4
83.9
82.3
82.65
84.0
83.3
83.95
83.4
83.6
84.65
84.2
84.4
83.85
82.75
81.0
81.4
83.25
84.0
83.0
83.6
83.85
84.0
84.0
83.95
83.95
83.5
83.85
83.65
83.25
83.0
83.25
83.05
83.1
83.1
83.5
83.5
83.45
83.95
83.95
83.85
84.0
84.5
84.8
85.5
85.2
86.15
84.95
85.2
85.0
85.65
85.55
85.55
85.25
84.35
83.85
83.9
83.55
83.05
83.0
83.0
83.45
84.3
84.15
84.9
85.0
84.65
84.9
84.95
84.95
85.05
85.2
85.25
84.25
84.95
84.95
84.7
85.3
85.0
85.15
85.3
85.25
85.0
85.05
85.15
86.35
86.2
86.05
86.6
88.05
87.0
88.4
88.35
88.0
88.5
88.65
88.6
88.75
88.85
89.4
92.2
92.9
94.95
94.7
93.5
93.45
93.85
93.55
95.3
95.8
93.65
94.0
93.5
93.4
93.45
92.65
93.1
93.2
93.75
94.9
95.0
94.9
96.6
96.2
98.6
96.4
96.3
97.4
98.45
97.8
98.95
98.3
98.0
98.15
97.5
97.7
97.3
97.6
97.05
95.85
95.55
95.4
95.45
95.0
95.6
95.75
95.9
96.5
92.85
92.0
92.9
92.7
92.9
94.0
94.05
94.05
93.1
93.0
93.65
93.35
93.0
92.95
93.05
93.0
92.85
93.0
93.95
93.8
93.4
93.2
93.25
93.05
93.1
93.05
92.9
92.15
93.15
93.1
93.35
94.1
94.2
94.0
94.05
94.0
94.0
94.0
93.0
93.75
93.2
93.0
93.55
93.9
94.0
94.0
93.55
93.95
93.95
93.5
93.85
93.95
93.95
93.55
93.0
95.4
96.9
95.7
95.55
95.0
94.65
94.55
94.5
96.55
96.45
95.95
95.65
95.4
95.6
95.0
94.6
94.9
95.5
95.2
96.05
95.0
94.9
95.15
95.5
95.6
94.95
94.8
95.3
94.6
94.05
94.3
94.25
94.4
94.0
94.3
94.25
94.1
94.7
95.45
96.5
97.0
96.8
96.8
96.0
95.9
95.5
96.3
97.25
98.05
97.9
97.9
97.65
97.55
97.4
97.2
97.45
97.65
97.75
97.55
97.5
97.3
97.25
96.95
97.45
97.0
96.05
96.8
97.95
97.95
98.0
101.6
100.0
99.75
99.95
102.2
101.55
101.05
101.05
100.95
100.55
100.45
100.75
100.7
101.95
101.0
100.55
101.0
101.0
100.15
100.1
99.8
99.55
99.55
100.05
100.75
100.95
100.8
100.85
100.6
100.9
101.0
100.25
100.05
99.9
99.8
99.55
99.75
99.75
99.8
99.7
99.25
100.0
99.9
99.5
98.45
99.85
99.4
99.6
99.55
100.0
99.55
99.8
99.7
99.7
99.2
99.3
99.4
99.85
99.4
99.75
100.0
99.55
99.45
99.5
99.95
99.9
99.95
98.75
98.75
98.95
98.65
98.3
98.35
98.5
99.1
99.0
98.6
98.4
98.35
98.35
97.8
97.95
97.95
97.65
97.85
98.55
98.0
98.05
97.85
98.25
98.0
97.95
98.05
98.0
96.6
96.45
96.3
96.45
96.35
96.25
96.0
96.05
96.2
94.85
95.45
95.9
95.4
96.35
96.1
95.8
95.6
95.55
97.05
97.9
97.75
97.75
97.65
97.4
97.6
97.0
96.4
96.9
97.0
96.8
97.0
96.8
96.8
96.75
96.85
96.9
97.9
97.3
97.1
97.05
97.25
97.3
97.3
97.2
97.0
97.5
96.8
96.75
97.1
96.95
96.7
96.8
96.4
97.0
97.4
97.4
97.1
97.0
96.9
96.9
96.9
96.9
97.0
96.9
95.95
96.5
96.4
96.05
96.1
96.1
95.75
95.7
96.6
96.2
95.95
95.65
96.45
95.8
96.1
96.0
96.0
96.35
96.7
96.65
96.45
96.5
96.95
96.75
96.7
96.8
96.45
96.3
96.35
96.35
95.95
95.9
95.65
95.65
95.85
95.85
95.7
95.1
94.25
94.05
94.65
94.8
94.75
94.75
94.95
94.9
94.95
94.95
94.7
94.9
94.75
94.5
94.8
94.8
94.4
94.3
93.1
92.7
92.85
92.7
92.7
93.95
92.55
92.55
92.7
92.5
92.7
92.65
92.5
92.65
92.65
92.9
92.45
92.45
92.45
92.25
92.45
92.45
92.45
92.5
92.55
94.25
93.3
93.05
93.3
93.5
93.45
93.35
93.4
93.6
93.6
93.6
93.5
93.55
93.5
93.6
93.7
93.85
93.6
94.0
93.95
94.05
93.7
93.7
93.7
93.65
93.65
93.55
93.0
92.9
92.85
92.8
92.85
92.2
90.9
91.2
91.1
91.1
91.95
91.95
91.2
91.0
91.15
91.2
91.2
91.15
91.75
91.3
91.65
91.3
91.3
91.4
91.4
91.35
91.4
91.6
91.55
91.8
92.1
92.0
92.3
93.15
93.0
92.5
92.95
92.95
92.95
93.0
93.0
92.9
92.6
92.4
93.0
93.0
92.25
92.9
92.9
92.05
93.1
93.9
94.45
94.0
93.95
94.3
94.25
94.35
94.65
94.4
94.7
94.15
94.6
94.4
93.5
93.35
93.3
93.5
93.55
94.05
93.8
93.95
93.9
94.05
94.0
93.6
93.7
93.55
93.35
93.55
93.5
93.15
93.05
93.85
93.8
93.9
93.8
93.75
93.65
94.75
94.8
94.8
94.85
93.65
94.45
94.05
94.15
93.25
93.3
93.3
93.3
93.5
93.5
93.15
93.55
94.05
94.85
94.95
94.95
95.15
94.65
95.9
96.05
96.5
96.1
96.3
94.95
94.25
94.0
95.4
96.05
95.95
97.3
96.5
95.85
95.75
95.85
95.45
95.45
95.45
95.9
95.9
95.6
95.6
95.4
95.45
95.45
95.6
95.6
95.6
95.6
95.6
95.8
95.9
96.0
95.35
95.3
95.4
95.4
95.4
95.4
95.4
95.3
95.4
95.8
96.3
96.35
96.35
96.35
96.35
96.4
97.0
96.75
96.75
96.65
96.4
96.65
96.6
96.6
96.75
96.7
97.0
96.6
96.35
96.45
96.5
96.4
96.45
96.4
96.4
96.4
96.9
96.4
96.45
96.4
96.45
96.4
96.2
96.35
96.3
96.35
97.0
96.55
96.6
96.5
96.4
96.4
96.4
96.3
96.45
96.35
96.9
96.65
96.6
96.4
96.5
95.85
96.1
96.4
96.15
96.1
97.0
96.2
96.25
96.3
96.3
96.4
96.4
96.35
96.35
96.2
97.0
96.25
95.95
96.0
95.9
95.75
95.55
95.7
95.65
95.7
95.7
95.85
95.8
95.7
95.8
95.7
95.7
95.3
95.6
95.55
96.6
95.9
96.4
95.85
95.9
95.85
95.7
95.95
95.7
95.5
96.45
96.2
96.1
96.0
96.0
96.0
96.05
96.05
95.95
96.2
97.0
96.1
96.5
96.9
97.8
97.5
97.2
97.3
97.1
96.85
97.85
98.5
98.15
99.3
101.1
101.25
100.7
100.45
100.9
105.85
109.5
105.65
106.95
107.0
108.45
107.8
108.0
108.8
110.0
129.25
124.2
124.8
124.3
120.4
121.1
121.2
124.3
124.1
125.0
119.45
114.25
113.9
121.1
120.95
120.8
120.5
119.3
119.6
116.9
116.65
116.55
116.65
116.35
116.4
116.4
116.45
116.25
120.2
120.6
120.2
120.75
121.9
121.3
120.2
120.6
121.9
119.5
120.55
119.7
119.95
119.6
118.85
117.75
117.9
118.0
115.9
116.75
118.05
117.9
117.45
117.45
116.25
116.05
116.2
116.3
116.4
116.4
115.85
115.8
115.75
115.95
115.85
115.95
116.05
117.45
116.8
116.55
116.0
116.45
116.7
116.0
115.95
115.75
116.3
115.7
115.0
115.0
114.95
115.1
115.05
115.35
115.35
115.3
115.0
113.85
113.7
113.5
113.65
114.4
113.95
114.5
114.1
114.2
113.8
112.95
111.7
111.25
111.35
111.75
111.5
111.5
109.25
108.8
108.75
109.4
109.15
108.55
108.6
108.55
108.5
107.0
109.35
109.1
108.65
108.45
108.95
109.25
109.3
109.35
108.0
108.8
107.9
107.05
106.9
106.6
106.3
105.2
105.2
103.9
105.05
106.0
105.15
105.05
105.4
105.8
105.95
106.6
107.2
109.9
109.8
109.8
110.8
110.95
110.9
110.05
112.15
112.2
109.5
110.5
110.75
109.95
109.95
110.55
109.9
109.35
110.5
110.95
110.7
110.7
110.25
109.8
109.4
108.6
109.8
110.75
110.5
107.6
107.15
107.3
107.8
107.9
108.15
108.15
108.45
109.0
107.55
108.0
107.65
107.85
107.65
108.4
108.5
109.35
109.95
109.25
109.6
109.8
109.8
109.9
109.9
109.65
109.6
110.0
110.8
110.95
111.25
111.9
111.7
111.25
110.6
111.45
111.9
112.2
111.8
112.35
110.95
110.75
110.4
111.3
111.25
110.6
110.35
110.35
110.75
110.0
110.55
110.45
109.85
109.65
110.0
109.95
109.8
109.7
109.7
110.0
110.0
109.95
109.1
109.5
109.65
109.85
110.0
110.2
110.0
109.95
109.95
110.0
110.0
109.95
109.95
110.2
110.0
110.15
110.0
109.95
109.75
109.95
110.0
109.95
109.95
110.0
110.85
110.4
110.5
110.85
110.7
110.9
110.5
110.45
111.0
110.85
110.6
110.95
110.25
110.65
110.8
110.9
110.75
109.95
109.65
109.5
109.35
109.05
109.05
109.5
109.5
109.45
110.4
110.25
110.3
109.6
110.6
110.45
109.75
110.0
110.0
110.9
111.1
111.2
111.15
113.05
110.95
110.3
110.8
110.35
110.3
110.6
110.8
110.85
111.0
111.0
110.0
110.35
110.15
109.8
108.5
108.3
107.75
108.15
108.4
108.4
108.4
108.45
108.05
108.05
104.6
105.5
103.75
104.25
106.15
107.55
106.8
107.25
107.7
107.3
106.85
105.0
105.05
104.95
103.9
101.85
101.35
101.3
102.0
96.75
96.65
97.25
97.25
98.8
98.8
97.9
97.45
97.3
97.0
102.0
101.9
104.2
104.05
99.3
99.4
99.35
99.8
100.05
103.05
102.7
103.0
103.0
103.0
102.9
103.0
102.9
101.95
102.45
101.0
101.0
101.0
100.8
100.95
100.9
101.0
100.55
100.0
103.5
102.95
103.0
102.75
102.95
102.8
102.4
102.95
103.0
103.05
99.95
99.4
99.05
98.6
98.4
99.6
99.5
99.0
99.05
92.35
94.05
95.1
95.0
96.5
96.0
96.0
95.75
95.8
96.4
99.8
98.0
97.0
97.0
97.0
97.0
96.95
95.9
97.2
97.2
90.0
91.8
92.95
92.55
90.7
90.1
92.85
90.5
90.95
90.5
95.7
92.5
90.95
91.65
91.9
92.5
93.8
93.45
93.25
92.0
93.8
94.0
93.9
92.0
89.6
89.35
88.25
88.9
89.9
91.85
88.0
91.75
91.25
90.9
88.0
88.3
88.5
88.45
87.1
88.55
87.1
87.45
84.9
84.9
83.1
84.55
82.35
83.85
82.1
81.4
79.4
83.45
83.25
83.35
82.55
83.0
83.0
82.9
83.35
87.0
87.0
86.95
86.85
86.45
86.0
85.1
86.05
86.05
86.0
86.0
86.0
85.9
85.95
86.0
86.0
86.0
86.0
86.0
86.4
89.0
88.3
88.95
87.0
88.55
88.85
88.55
87.95
88.0
89.7
92.0
92.3
92.6
90.1
90.05
90.15
90.35
90.8
90.95
92.8
90.4
92.0
92.0
92.05
90.5
91.95
91.9
91.95
91.45
93.25
93.1
92.9
92.4
92.4
92.5
91.7
90.5
89.85
89.85
90.0
90.0
90.0
89.95
90.0
90.0
90.55
91.05
91.5
93.55
93.45
94.4
94.65
94.7
94.1
94.8
94.85
95.3
95.45
98.0
104.5
101.4
102.3
102.6
101.9
101.0
101.25
100.6
101.0
103.5
101.3
101.85
102.25
102.1
102.2
103.0
102.8
102.75
104.45
104.35
104.0
103.05
103.6
103.9
103.6
103.55
103.45
103.95
103.9
101.8
102.25
102.15
101.0
101.75
101.7
101.3
101.3
100.65
101.55
101.25
101.25
100.65
100.0
99.65
99.6
99.85
101.1
98.95
99.6
99.5
99.5
99.5
99.55
99.65
99.6
100.3
101.0
101.15
100.9
100.65
100.9
99.35
100.0
99.7
100.45
100.4
100.0
100.6
100.55
100.9
100.8
100.7
100.8
100.95
100.95
102.25
101.55
101.5
101.5
101.55
102.0
102.0
101.95
101.8
102.0
102.0
103.3
103.05
103.65
104.0
104.3
104.0
104.0
103.85
104.05
104.4
103.05
101.7
101.3
101.0
100.75
100.8
100.25
100.3
100.75
103.0
101.0
100.85
100.85
100.9
100.95
100.9
100.85
100.85
100.75
101.0
100.6
100.2
100.25
100.7
100.7
100.75
100.65
100.65
100.5
100.3
100.35
100.0
99.95
100.2
100.3
100.3
100.0
99.6
99.05
99.2
99.5
99.45
99.55
99.2
99.6
100.0
100.0
100.65
100.65
100.5
100.5
100.2
100.45
100.25
100.5
100.6
100.7
100.7
100.55
100.75
100.5
100.5
100.4
100.4
100.5
100.5
100.25
99.7
99.65
99.8
99.75
99.8
99.75
99.85
99.9
99.5
99.6
100.0
100.05
100.0
100.2
100.2
100.2
100.3
100.1
98.1
98.6
97.55
97.65
97.65
98.5
98.8
98.65
98.25
99.0
98.6
97.65
97.7
97.55
97.55
97.6
97.7
97.4
97.4
97.4
96.0
95.35
95.7
95.2
95.35
95.05
95.05
96.1
96.0
92.6
93.0
92.45
92.9
93.05
92.7
92.9
93.05
92.3
95.0
94.35
94.5
94.15
93.95
91.65
92.75
92.6
92.65
92.25
92.35
92.65
92.45
92.75
93.2
93.0
92.65
92.65
92.65
92.05
91.95
92.1
91.9
92.0
92.15
92.0
92.05
92.25
92.8
91.5
91.95
91.8
91.95
91.65
91.8
91.95
91.95
91.8
91.05
91.65
91.0
91.0
90.95
89.75
89.65
89.7
90.2
89.95
90.3
92.0
91.7
91.6
91.6
91.0
90.95
90.95
90.0
91.05
90.45
90.35
90.2
90.3
90.45
90.35
90.15
90.45
91.5
91.1
91.25
91.15
91.2
90.95
90.35
90.5
90.05
90.3
90.4
90.8
91.7
90.85
90.65
90.85
91.25
91.2
91.55
91.6
91.95
91.75
91.65
91.7
91.75
91.8
92.0
91.9
92.0
92.15
92.6
91.5
91.4
91.4
91.65
91.9
91.8
91.85
91.8
91.8
92.0
91.95
91.95
91.7
91.8
91.6
91.9
91.6
91.4
91.2
91.7
91.65
91.5
91.7
91.7
91.6
91.45
91.45
92.55
92.3
92.25
92.5
92.3
92.4
92.4
92.4
92.85
93.55
93.5
93.45
93.45
92.0
92.35
92.3
92.4
92.75
92.55
92.55
93.0
92.85
94.0
93.65
94.05
93.55
93.3
93.45
94.25
92.25
92.7
92.55
92.8
92.5
92.75
92.5
92.8
93.6
94.5
94.1
94.45
95.35
96.25
96.3
95.95
96.75
96.7
97.85
98.6
98.5
98.55
98.25
98.95
98.65
98.75
98.6
98.9
99.0
100.85
100.2
100.3
99.9
100.5
100.5
100.1
100.3
100.25
101.0
100.25
100.6
100.6
99.7
99.4
99.6
99.8
99.95
99.9
99.0
99.2
98.8
98.3
98.5
97.8
97.95
97.9
97.9
97.9
98.8
98.8
98.75
98.3
98.3
98.8
99.1
99.2
99.1
99.55
99.5
99.1
99.25
99.2
98.6
98.85
98.7
99.0
100.45
99.4
98.6
98.95
98.85
98.9
99.0
99.3
99.15
98.9
98.6
99.1
98.95
98.8
98.35
98.5
97.4
97.8
97.8
98.0
98.2
97.8
96.75
97.1
97.1
96.9
96.1
96.5
96.25
96.45
95.3
95.0
96.6
96.0
96.0
96.1
96.05
96.5
96.3
95.9
97.25
97.8
97.75
97.35
97.0
97.6
97.65
97.45
97.75
97.85
97.5
97.45
97.5
97.5
97.45
97.3
97.25
97.5
97.35
97.6
97.55
97.55
97.35
97.4
97.3
97.5
97.45
97.7
98.95
98.85
98.2
98.2
98.3
98.55
98.5
98.55
98.4
99.2
98.9
98.55
98.7
98.8
98.7
98.8
98.85
98.95
98.95
99.3
99.85
99.85
100.0
99.6
99.65
99.95
99.75
99.9
99.9
99.8
99.85
99.95
99.95
99.85
99.75
99.8
99.5
99.75
100.25
100.25
99.85
100.2
100.25
100.35
99.8
99.85
99.2
98.8
99.2
99.45
99.05
98.8
99.0
99.0
99.05
99.1
99.4
99.1
99.15
99.35
99.25
99.0
99.05
98.8
98.85
99.0
100.3
99.65
99.6
99.2
99.4
99.2
99.5
99.55
99.45
99.85
100.3
100.2
100.35
100.25
100.1
100.6
100.55
100.55
100.05
103.0
102.25
102.8
102.8
102.75
102.75
102.8
102.95
102.75
102.75
102.5
101.9
101.9
101.9
102.05
101.95
101.7
101.7
101.7
101.0
101.2
101.15
100.75
100.75
100.95
101.6
101.2
102.35
102.6
95.3
93.5
94.1
93.8
95.0
95.65
95.7
95.4
95.3
94.7
95.2
93.65
94.4
94.1
94.3
94.0
94.25
94.7
94.5
94.35
94.35
95.0
95.3
94.65
94.85
94.55
94.4
94.05
94.1
94.1
95.3
92.5
92.2
92.35
92.85
92.2
92.3
92.05
92.0
92.5
93.1
93.35
93.7
93.9
94.1
94.95
94.75
94.55
94.25
94.65
93.85
94.0
93.7
93.75
93.75
94.0
94.05
93.85
93.95
93.6
93.45
93.95
93.9
93.85
93.95
94.05
94.0
94.05
93.95
93.8
93.8
94.35
94.4
94.65
94.6
94.5
94.65
94.65
94.0
94.65
94.7
94.4
94.0
94.5
94.3
94.25
94.1
94.4
94.65
94.25
94.3
94.2
93.65
93.6
93.5
93.5
93.5
93.65
94.15
94.0
94.2
94.1
94.05
94.15
93.85
93.75
93.35
93.7
93.55
93.85
93.75
93.75
93.75
93.75
93.6
93.6
93.55
93.0
92.8
92.8
92.9
92.75
92.9
92.75
92.85
92.75
92.6
92.3
92.4
92.5
92.35
92.4
92.4
92.45
92.35
92.4
92.2
92.15
92.2
92.45
92.45
92.65
92.6
92.65
92.65
92.9
92.85
92.45
92.8
92.75
93.0
92.8
92.6
92.4
92.45
92.9
92.8
93.15
93.15
93.1
93.1
93.0
93.1
93.0
93.5
93.2
93.2
93.3
93.3
93.35
93.45
93.55
93.55
93.55
93.3
93.55
93.4
93.75
93.75
93.45
93.55
93.65
93.5
93.25
93.3
93.1
93.05
93.05
93.3
93.4
93.65
93.55
93.55
93.85
93.75
93.75
93.85
93.8
92.95
93.5
93.5
93.35
93.8
93.5
93.4
93.3
93.5
93.35
93.45
93.4
93.7
93.0
94.45
94.45
94.2
93.9
93.9
93.3
93.65
93.65
93.7
94.15
93.95
94.0
93.85
93.15
94.15
93.75
93.95
93.95
93.4
94.0
94.3
93.8
93.95
94.25
94.3
94.2
94.05
94.0
94.45
94.45
94.5
94.5
94.65
94.75
94.45
94.4
94.5
94.05
94.3
94.3
94.2
94.15
94.15
94.45
94.45
94.4
94.4
94.85
94.6
94.65
94.3
94.1
93.9
94.45
93.9
93.8
94.25
94.25
94.15
94.25
94.3
94.2
94.25
94.0
93.95
94.1
94.1
94.05
94.0
93.95
94.0
94.0
94.0
93.9
93.95
93.35
93.15
93.4
93.1
93.25
92.85
93.25
93.35
93.25
94.0
93.5
93.25
93.15
93.15
93.1
92.95
93.05
93.05
93.1
93.2
93.25
93.05
93.25
93.1
93.2
93.0
93.0
93.1
93.15
93.25
92.5
92.65
92.8
92.8
92.9
92.9
92.7
92.55
92.25
92.25
92.15
91.8
92.1
92.2
92.3
92.3
92.75
92.5
92.45
92.5
92.5
92.5
92.5
92.35
92.45
91.35
91.6
91.55
91.55
91.7
91.7
91.7
91.65
91.75
91.85
91.95
91.85
91.85
91.95
91.95
91.65
91.85
91.55
91.05
91.1
91.1
91.15
91.2
91.05
91.0
91.2
91.0
91.85
91.95
92.0
92.0
92.05
92.1
91.75
91.45
91.15
93.0
91.85
91.65
91.3
91.0
90.8
90.75
91.1
90.85
90.85
90.8
90.75
90.75
90.65
90.75
90.6
90.7
90.7
90.75
90.7
90.8
90.6
90.6
90.4
90.4
90.45
90.4
90.45
90.4
90.4
90.5
90.3
90.65
90.25
90.3
90.05
90.0
90.05
90.15
89.95
89.8
89.75
89.8
89.85
89.8
89.8
89.8
89.85
89.7
90.05
90.25
90.05
90.2
90.25
90.15
90.25
90.25
90.5
91.75
91.25
91.5
91.5
91.55
91.1
91.0
90.45
92.0
91.9
91.7
90.65
90.6
90.45
90.95
91.45
91.6
91.45
92.0
91.5
91.7
91.6
91.6
91.8
91.8
91.75
91.65
91.9
91.85
91.85
91.6
91.3
91.4
91.6
91.5
91.45
91.2
91.4
91.65
91.5
91.75
91.75
91.75
91.75
91.75
91.45
91.5
91.7
91.6
91.7
91.7
91.6
91.6
91.5
91.1
90.95
90.8
90.8
90.9
90.8
90.6
90.05
89.95
90.55
90.15
90.15
90.65
90.35
90.6
90.7
90.25
90.65
90.25
90.35
90.0
90.0
90.05
90.4
90.3
90.25
90.4
90.3
90.0
90.1
90.1
90.1
90.1
90.0
90.0
90.1
90.05
90.0
89.9
90.0
89.9
89.7
89.65
89.7
89.7
89.75
89.6
89.95
89.5
89.5
88.85
89.25
89.1
89.2
89.0
88.9
89.5
89.25
89.95
89.55
89.6
89.7
89.75
89.6
89.4
89.2
88.85
88.8
87.5
87.75
88.0
88.0
87.9
88.4
88.35
88.45
88.05
88.4
88.25
88.3
88.2
88.15
88.4
88.4
88.0
87.45
87.05
87.5
87.3
87.45
87.4
87.4
87.2
87.35
88.95
87.85
87.05
86.95
86.95
86.9
87.1
87.0
87.1
87.7
88.7
88.75
88.95
89.0
89.0
88.95
88.75
88.1
88.05
89.65
88.9
88.6
88.35
88.5
88.45
88.65
88.5
88.5
88.4
89.2
89.35
89.05
89.6
89.7
89.6
89.65
89.6
89.6
89.2
89.2
88.05
88.25
88.35
88.3
88.3
88.25
88.1
88.1
88.1
87.6
88.1
88.0
88.05
87.9
88.05
88.05
88.1
88.1
88.25
87.9
88.1
87.85
87.65
87.2
86.85
86.9
86.75
87.0
87.35
87.4
87.2
87.1
87.2
87.0
87.2
87.1
87.15
87.05
86.8
86.55
87.0
87.0
87.0
86.4
86.3
85.65
86.1
86.15
85.4
85.5
85.0
85.65
85.6
85.6
85.1
83.0
83.2
83.1
83.5
83.5
83.25
82.9
82.2
82.35
82.45
81.85
82.5
82.3
82.3
82.3
82.7
82.8
82.75
82.4
82.95
83.25
83.1
83.15
83.3
83.4
83.45
83.3
83.4
82.8
83.25
83.25
83.35
82.8
83.0
83.3
82.95
83.4
83.95
83.8
84.75
84.9
84.8
84.95
85.15
84.45
84.95
84.9
84.9
85.0
85.1
85.15
85.55
86.0
86.0
86.1
85.25
85.5
85.3
85.8
85.9
85.65
85.25
85.25
84.65
83.35
83.4
83.1
83.25
83.3
83.05
83.4
82.9
82.55
82.5
82.6
83.1
82.85
83.2
83.05
83.05
83.4
83.35
83.8
83.6
83.8
84.0
83.65
83.7
83.85
83.3
83.35
82.95
82.7
83.2
83.05
83.05
83.25
83.15
83.15
83.1
84.2
83.8
84.15
84.2
84.1
84.15
84.35
83.7
84.2
84.15
85.15
84.8
85.1
84.95
84.85
84.7
85.1
84.8
84.65
84.95
84.7
85.2
85.6
85.45
85.85
86.0
86.1
86.25
86.15
87.0
87.0
88.5
88.5
88.35
88.0
88.25
88.2
87.0
88.05
88.35
87.85
89.1
89.1
89.3
89.7
89.9
89.5
89.4
89.3
90.1
90.1
90.15
89.95
89.95
90.15
89.95
89.25
89.65
89.3
89.05
89.35
89.25
89.35
89.8
89.85
89.8
89.7
89.8
89.3
89.35
89.4
89.35
89.25
89.25
89.45
89.45
89.8
90.45
90.6
90.45
90.35
90.5
90.5
90.15
90.1
90.1
90.0
90.0
89.95
89.95
89.8
89.65
89.7
89.2
89.4
90.15
89.85
89.95
90.0
89.95
89.9
89.7
89.6
89.55
89.45
89.15
88.15
88.45
89.6
89.4
88.6
88.5
89.4
88.55
88.1
87.7
88.0
88.4
88.7
88.0
88.45
88.25
88.9
89.3
89.75
89.45
89.8
89.85
89.9
89.05
89.4
89.0
88.95
89.35
88.45
88.9
88.95
89.45
89.3
89.35
89.45
89.6
89.25
89.1
88.85
88.9
88.65
88.8
88.8
88.8
89.85
89.05
89.2
89.05
88.95
88.9
89.2
89.2
89.0
89.2
91.2
93.1
92.5
92.95
91.55
92.45
92.0
91.7
91.55
92.1
91.15
90.95
90.65
90.95
90.9
90.95
90.75
90.55
91.5
91.4
90.85
90.85
90.8
91.2
91.2
91.3
91.5
92.0
89.85
90.5
90.45
90.5
90.25
90.8
90.35
90.3
90.55
90.55
90.35
90.0
90.0
90.2
90.15
90.15
90.1
89.9
90.15
90.6
89.85
90.3
90.05
89.7
89.85
89.45
89.7
89.85
89.85
90.25
88.8
89.15
89.7
89.85
89.65
89.6
89.7
90.1
90.0
90.3
90.3
90.2
90.1
90.35
90.35
90.0
89.95
90.2
90.2
90.25
90.3
90.1
90.2
90.25
90.15
90.0
90.4
90.05
90.05
90.3
90.2
90.3
90.15
90.1
90.15
90.0
89.8
89.65
89.9
89.7
89.65
89.65
89.85
90.0
89.7
90.2
90.1
90.3
90.35
90.4
90.35
90.3
90.35
90.1
89.95
90.0
90.2
90.1
90.2
90.35
90.5
90.45
90.0
90.1
90.0
89.95
90.0
89.9
90.0
90.0
89.95
90.15
90.35
89.95
90.35
90.1
89.9
90.0
90.25
90.1
90.2
90.3
90.45
90.35
90.0
90.0
90.15
90.0
90.0
90.0
90.1
90.05
89.6
89.7
89.8
89.6
89.45
89.55
89.95
89.9
89.95
89.8
89.75
89.75
90.0
89.95
89.75
89.65
89.55
89.6
89.55
89.55
89.55
91.0
93.45
93.6
92.65
91.7
91.25
91.8
92.5
92.15
92.05
92.05
92.1
92.1
92.15
92.05
92.05
93.1
93.35
92.7
92.9
92.85
93.1
92.75
93.0
93.0
93.45
93.5
92.5
92.8
92.6
92.4
92.65
92.8
92.5
92.4
91.4
91.2
91.25
92.0
91.7
91.6
91.3
91.45
91.4
90.4
90.2
90.65
90.9
91.0
90.95
90.8
91.4
91.45
91.6
92.4
92.45
91.75
92.0
92.0
91.95
92.3
92.45
92.4
91.85
91.6
91.9
92.45
92.5
92.25
92.45
92.5
92.6
92.0
92.15
91.7
91.8
91.8
92.15
92.15
92.1
91.95
91.9
92.4
92.0
92.3
92.15
92.05
91.9
92.2
91.95
91.85
91.9
91.65
91.85
91.85
92.0
91.9
91.75
91.6
92.3
92.2
91.9
92.0
93.7
92.95
93.4
93.65
93.3
93.2
93.6
93.7
92.4
92.05
92.4
92.55
92.6
92.75
92.65
92.6
91.75
91.65
92.0
91.9
92.0
91.95
92.25
92.45
92.0
92.5
92.5
92.5
92.2
92.2
91.95
91.85
91.7
91.0
90.5
90.15
90.75
91.45
91.75
92.0
91.8
91.8
91.8
92.25
91.9
92.15
92.0
91.95
91.85
92.0
91.2
91.45
91.1
91.35
91.15
91.45
91.15
91.4
91.15
91.1
91.05
91.95
91.3
90.4
90.4
90.7
91.05
91.0
91.1
90.85
90.8
90.35
90.0
90.2
90.0
90.1
90.1
90.2
90.3
90.25
90.85
90.5
90.5
90.4
90.45
90.25
90.15
90.0
90.1
90.1
89.95
90.3
90.2
90.1
90.1
90.1
90.15
89.9
89.85
90.2
90.0
90.0
90.1
89.65
88.6
89.0
89.0
88.45
89.7
88.6
88.65
88.65
88.85
88.95
89.2
89.55
89.0
88.8
88.75
89.3
89.1
89.15
88.75
88.8
88.5
88.5
88.4
88.45
88.85
88.6
88.65
88.65
88.6
88.5
88.7
88.4
88.4
89.5
89.15
89.5
89.5
89.4
89.35
89.75
89.5
89.05
89.35
89.45
89.35
89.35
89.35
89.35
89.35
88.75
88.85
89.1
88.85
88.8
89.45
89.45
89.25
89.2
89.1
88.85
88.85
89.5
89.5
89.3
89.4
89.35
89.3
89.15
89.0
89.15
89.25
89.5
89.5
89.6
89.8
89.75
89.8
89.7
89.75
89.5
89.5
89.45
89.5
89.3
89.25
89.2
89.1
88.8
89.1
89.05
89.4
89.15
88.95
88.95
88.9
88.85
88.8
88.85
89.0
89.0
90.75
89.4
89.7
89.5
89.3
89.1
89.05
88.45
88.75
88.85
88.7
88.85
89.1
89.15
89.1
88.7
89.4
89.2
89.05
89.1
89.25
89.25
89.25
89.05
89.2
89.35
89.3
89.65
89.6
89.9
89.7
89.35
89.35
89.3
89.3
89.45
89.55
89.6
89.55
89.9
89.55
89.5
89.4
89.35
89.5
89.4
89.35
89.25
89.15
89.05
89.1
89.05
89.15
89.0
88.9
88.85
88.95
89.0
89.05
89.2
89.15
89.1
89.1
89.05
89.1
89.05
89.1
89.05
89.1
89.65
89.4
89.5
89.7
89.8
89.8
89.7
89.85
90.2
89.75
89.4
89.4
89.35
89.4
89.4
89.5
89.65
89.4
89.45
89.25
89.3
89.7
89.55
89.55
89.55
89.55
89.3
89.3
89.35
89.35
89.9
89.25
89.5
89.55
89.35
89.35
89.5
89.2
89.25
89.1
89.6
89.45
89.5
89.4
89.6
89.75
89.6
89.55
89.7
89.6
89.3
89.5
89.35
89.55
89.45
89.5
89.65
89.65
89.6
89.0
89.5
89.4
89.35
89.85
89.65
89.8
89.7
89.6
89.8
89.65
89.6
89.25
89.4
89.5
89.6
89.45
89.55
89.55
89.55
89.25
89.15
89.15
89.0
89.05
89.1
89.05
89.0
89.0
89.55
89.9
89.8
89.85
89.9
89.8
89.85
89.8
90.15
90.2
89.8
90.1
90.05
89.9
90.05
90.1
90.15
90.05
90.0
89.95
89.95
90.2
90.0
90.15
90.05
90.0
90.2
90.3
90.0
90.0
90.05
89.75
89.85
90.4
90.35
90.0
90.15
90.1
90.1
89.9
89.65
89.55
89.6
89.5
89.6
89.65
89.65
89.8
89.9
89.45
88.8
88.1
88.1
88.6
88.5
88.2
88.15
88.15
89.0
87.95
88.0
88.1
88.15
88.2
88.25
88.15
88.0
88.0
87.9
87.9
88.4
88.65
88.4
88.55
88.6
88.4
88.2
87.75
87.95
87.6
87.65
88.0
88.0
88.0
88.0
87.9
88.0
87.9
87.05
87.4
87.1
87.1
87.05
87.1
87.05
87.1
87.15
87.15
87.15
86.85
86.85
86.85
86.7
86.8
86.8
86.9
86.5
86.55
86.3
86.15
86.2
86.15
86.15
86.45
86.75
86.05
86.1
86.15
86.05
86.15
85.95
86.0
85.95
86.1
86.8
85.95
86.25
86.2
86.1
86.6
86.3
86.45
86.85
86.45
86.6
86.8
86.85
86.95
86.75
86.65
86.6
86.7
86.65
86.9
86.9
86.55
86.6
86.6
86.5
87.0
86.75
86.7
87.1
87.2
87.2
87.1
86.65
86.7
86.8
86.8
86.3
86.95
87.1
87.25
87.15
87.15
87.2
87.15
87.05
87.1
87.1
87.4
87.4
87.5
87.4
87.6
87.8
87.9
87.55
87.5
96.25
87.45
87.2
86.95
87.4
87.35
87.45
87.25
87.4
87.7
87.25
87.6
87.5
87.7
87.5
87.5
87.4
87.2
87.1
87.15
86.85
87.2
86.9
86.85
87.15
87.1
87.45
87.2
87.3
87.8
87.7
87.85
87.8
87.7
87.3
87.5
87.55
87.55
87.85
87.5
87.65
87.65
87.5
87.5
87.5
87.5
87.15
87.6
87.55
87.3
87.55
87.55
87.55
87.65
87.8
87.7
87.9
88.15
88.1
88.15
88.0
87.9
87.8
87.85
87.9
85.0
87.7
87.7
87.5
87.6
87.75
87.9
87.5
87.7
87.8
87.5
87.1
87.0
87.0
86.9
86.95
86.8
87.0
87.9
87.85
87.1
87.2
87.4
87.3
87.25
87.1
86.95
87.15
87.05
86.9
86.7
86.85
86.85
86.8
86.8
86.9
86.9
86.85
86.8
86.9
86.95
87.0
86.95
87.0
87.4
87.7
87.65
87.7
87.7
87.6
89.5
88.55
88.1
88.15
88.1
88.1
89.05
89.25
89.1
89.35
89.9
90.5
90.6
90.55
90.2
91.25
91.5
90.05
90.8
90.9
90.55
90.6
98.5
96.0
97.95
109.0
110.75
109.65
105.5
103.95
101.6
106.95
104.0
103.75
103.6
97.65
97.0
94.9
95.25
96.1
95.45
94.8
94.7
92.85
92.05
96.3
98.75
97.9
95.65
94.7
95.0
94.75
94.4
94.35
94.35
94.9
94.5
92.7
92.75
93.3
94.35
93.9
93.0
93.1
93.65
92.35
92.55
92.6
92.65
93.1
92.5
93.5
94.15
94.0
93.6
93.8
94.95
96.8
96.35
95.5
96.6
96.35
96.45
97.45
98.8
96.6
95.8
95.7
96.1
95.25
95.45
95.75
94.0
96.0
94.15
94.45
94.5
94.0
94.05
94.4
94.65
93.9
93.95
92.0
92.95
94.0
93.65
93.75
93.05
93.05
93.45
93.0
93.5
92.95
93.1
93.35
93.1
93.3
92.8
92.8
92.8
92.8
93.1
92.2
92.25
91.85
91.8
91.4
91.65
91.55
91.1
91.8
91.4
91.2
91.2
92.25
91.6
91.85
91.6
91.9
92.6
91.5
91.7
92.75
92.35
92.45
92.45
91.65
92.05
92.6
91.75
91.55
91.65
91.75
91.7
91.75
91.55
91.65
92.25
91.85
92.0
92.0
92.05
92.05
92.05
92.25
92.55
92.25
91.95
92.05
92.4
92.4
92.45
92.75
92.4
92.9
92.75
92.35
92.2
92.2
92.1
92.4
92.15
92.1
92.25
92.2
92.3
92.25
92.15
91.8
92.0
92.0
91.9
91.85
91.85
91.85
91.3
91.8
91.65
91.7
91.8
91.65
91.6
91.65
91.55
91.25
91.55
91.55
91.75
91.95
91.9
92.2
92.2
92.05
91.55
91.6
91.6
91.85
92.1
92.1
92.1
92.1
92.1
92.1
94.5
104.3
98.5
99.1
98.5
99.25
99.2
99.35
98.25
98.25
96.0
96.6
97.25
96.2
95.65
95.65
95.8
96.1
96.1
96.0
99.05
98.0
97.8
99.1
99.2
98.65
98.8
99.3
98.55
98.85
98.4
98.3
98.1
98.45
96.9
96.8
96.65
96.6
96.75
96.55
96.6
97.1
96.6
96.85
96.75
96.0
96.0
96.0
96.1
96.2
96.25
96.25
96.1
96.5
96.5
96.4
96.4
96.9
96.1
95.85
96.0
96.0
96.1
96.25
96.15
96.35
96.75
96.95
95.0
95.0
95.1
94.8
95.0
95.05
95.05
94.8
94.95
95.45
95.55
95.35
95.6
95.4
95.4
95.5
95.9
95.5
95.5
95.75
95.5
95.7
95.95
95.55
95.75
95.7
95.6
95.75
93.5
95.3
95.3
95.15
95.1
96.15
96.3
96.15
96.25
96.5
96.25
96.05
96.15
95.9
96.0
96.1
96.0
95.95
96.2
96.1
95.95
96.1
96.0
96.0
96.15
96.05
96.1
96.1
96.0
95.95
96.0
96.95
96.75
96.8
96.95
96.65
96.8
96.7
97.75
97.9
98.65
98.55
98.6
99.1
99.15
99.0
99.15
98.85
98.1
98.05
97.95
98.0
98.0
98.75
98.35
98.5
98.5
98.1
98.25
98.25
98.0
98.2
98.85
99.0
99.15
98.6
98.5
98.8
98.35
98.25
98.35
98.2
98.3
98.35
98.15
98.45
98.1
98.15
98.3
98.5
98.15
98.05
98.25
100.0
99.0
99.25
99.25
100.4
100.4
100.35
99.95
99.6
101.15
105.0
102.65
102.05
101.45
100.7
100.7
102.0
102.05
102.45
105.3
105.4
103.75
104.0
104.0
103.75
103.7
104.2
105.0
104.6
104.15
103.85
103.35
103.2
103.2
103.45
103.55
103.5
103.3
103.05
102.5
103.25
103.15
103.5
104.05
104.1
104.5
104.95
105.15
105.35
105.1
105.95
105.95
106.5
106.65
106.45
106.5
106.8
106.8
106.5
106.3
106.1
106.55
106.6
107.15
106.9
107.25
106.25
106.75
107.2
107.8
107.2
107.75
107.7
108.55
109.05
108.9
108.5
108.8
109.0
109.0
109.15
109.9
110.4
110.15
113.0
112.55
112.6
111.1
111.3
111.5
111.5
111.6
111.5
110.85
110.9
110.75
112.1
112.15
110.5
109.1
108.65
111.4
109.1
109.75
111.65
113.85
113.75
112.85
112.35
113.2
113.6
113.55
110.45
113.0
113.85
114.7
114.85
112.9
113.55
112.7
114.45
113.1
113.6
115.0
114.85
114.5
114.0
113.3
114.45
115.95
114.4
114.95
114.55
114.5
114.85
114.75
115.25
116.95
117.0
117.2
117.7
117.4
117.2
117.3
117.25
117.8
117.6
118.15
118.6
118.95
119.05
118.5
118.6
118.45
118.45
118.95
118.6
117.0
116.45
116.25
116.6
116.7
116.0
114.9
114.05
113.85
111.65
110.35
110.9
111.05
111.0
112.6
112.1
111.35
110.95
109.5
109.05
110.85
110.6
110.95
110.6
110.05
109.05
109.0
113.35
113.25
112.25
111.85
112.3
113.9
113.95
115.9
115.4
115.2
115.25
114.3
113.7
114.25
114.0
113.95
115.25
116.8
116.75
115.0
114.05
115.05
115.15
115.2
115.25
115.35
115.4
115.35
115.35
117.0
108.4
115.8
115.55
115.6
115.25
114.35
114.1
114.2
114.15
114.1
114.25
115.9
115.15
114.5
115.2
115.3
115.65
115.2
115.65
115.7
113.75
115.8
114.05
114.4
114.4
113.8
114.0
113.95
113.9
113.5
113.55
113.45
113.1
113.3
113.25
113.3
113.3
113.3
113.7
112.45
113.15
112.75
112.5
112.8
113.0
112.6
112.45
112.65
112.7
114.25
115.7
115.45
114.5
114.7
114.85
115.0
117.7
118.2
116.1
116.4
115.05
116.95
116.5
119.25
120.6
119.0
120.0
122.45
122.5
122.8
122.1
122.55
122.7
121.2
122.5
123.0
124.95
127.95
128.2
127.9
128.1
128.4
128.4
129.05
129.95
130.0
126.25
127.55
125.1
125.0
125.0
124.7
125.55
125.35
125.0
127.9
124.05
124.7
124.05
125.0
126.95
126.35
126.15
125.5
125.45
126.9
127.05
126.7
126.5
126.25
126.0
125.95
126.25
126.3
125.0
125.15
124.9
124.85
124.9
125.25
126.35
129.15
130.0
130.0
130.15
131.6
131.65
132.0
129.4
130.5
130.7
130.9
130.6
129.5
129.6
129.05
129.25
129.35
129.8
129.75
129.7
129.5
129.5
128.95
128.9
128.6
128.85
128.2
128.8
129.2
129.4
129.15
129.15
129.1
129.0
129.0
128.95
129.0
128.75
128.65
128.2
128.55
129.0
129.5
129.5
129.3
129.25
129.2
128.9
129.4
129.3
128.95
129.05
129.25
129.35
129.0
129.55
129.65
129.35
128.95
125.65
126.2
126.4
126.15
125.2
126.05
126.45
126.85
126.35
127.5
126.2
126.3
126.95
126.95
126.7
126.55
127.5
127.8
127.05
128.4
130.35
130.85
131.15
131.15
131.35
131.95
130.95
131.7
133.1
131.75
132.55
133.2
135.5
135.25
136.0
137.0
137.35
138.5
137.8
139.0
141.6
138.55
136.65
136.4
136.6
137.3
137.15
138.7
139.35
141.0
139.0
139.1
138.45
137.15
137.9
137.55
138.1
137.45
137.4
136.4
136.35
135.95
136.05
136.9
137.35
137.1
137.3
137.25
139.35
141.2
141.75
142.8
147.95
146.9
146.9
147.3
147.3
148.3
148.6
149.25
148.9
146.55
146.75
146.05
148.0
147.2
147.8
149.95
154.95
166.2
160.55
163.0
160.8
162.6
160.7
160.55
163.05
163.8
160.0
155.6
155.35
153.05
154.7
153.1
152.4
153.95
153.9
155.95
154.15
154.0
153.4
153.8
154.05
154.35
153.05
153.3
153.5
155.05
156.95
156.15
156.75
157.4
159.1
157.95
159.05
159.1
161.85
159.65
158.65
159.8
161.4
159.45
159.45
159.9
159.5
159.3
159.3
157.6
159.3
157.65
158.35
159.75
159.45
158.8
159.0
158.75
159.95
158.45
158.05
158.1
158.3
158.25
158.1
158.6
158.15
158.35
156.5
155.8
156.8
157.6
157.35
156.25
156.25
156.55
156.45
156.5
156.45
155.55
156.1
156.2
156.0
155.9
155.0
153.1
148.0
150.0
151.7
149.6
148.8
149.85
148.95
147.95
147.5
148.6
147.95
148.85
148.3
148.0
147.6
147.45
147.75
147.6
147.8
148.05
146.4
145.95
146.95
145.4
144.95
145.35
145.35
145.9
137.7
138.55
137.7
139.85
139.55
140.5
140.0
139.55
139.1
145.1
149.35
139.75
142.05
139.6
139.25
139.0
139.0
138.0
138.05
138.05
125.05
135.0
132.35
133.05
136.65
134.3
134.35
136.0
136.55
136.35
139.95
139.65
140.4
143.45
143.75
146.9
143.7
145.3
144.7
147.05
147.45
145.45
146.45
145.95
144.5
145.1
144.9
143.15
143.2
143.0
143.0
144.05
144.3
143.0
141.0
141.0
139.9
136.8
135.8
134.5
137.0
139.65
138.9
138.8
138.15
136.2
138.65
138.85
136.85
138.6
140.65
138.15
137.9
139.4
139.05
138.45
138.0
137.4
137.65
136.65
138.2
135.25
135.7
135.2
136.0
134.55
134.2
133.4
132.3
130.3
126.55
126.9
127.0
130.3
133.05
133.3
135.95
134.2
134.15
135.0
132.7
133.05
132.6
132.7
134.25
133.8
133.7
132.6
132.7
133.1
135.7
136.4
135.9
136.5
137.75
137.85
137.95
137.75
138.05
139.6
140.45
141.15
141.3
140.6
141.2
141.4
140.9
141.85
138.15
138.15
138.05
137.6
137.1
136.95
134.55
133.8
133.7
132.7
132.9
134.4
134.3
135.15
135.5
135.35
134.6
135.5
134.65
135.35
135.9
135.45
136.25
138.0
139.6
140.4
139.55
139.7
139.5
142.85
140.8
140.65
140.2
138.9
138.1
138.3
137.9
138.3
138.55
137.0
137.95
138.4
137.4
137.75
137.6
137.8
137.3
136.5
136.75
135.55
135.65
134.05
135.5
134.1
134.55
134.45
134.1
133.5
132.55
136.2
134.95
134.55
134.6
134.9
135.9
134.8
135.8
135.7
135.25
135.9
136.4
135.05
135.75
135.3
135.2
135.5
134.85
132.45
131.5
131.65
133.4
133.95
133.9
133.35
133.4
133.85
133.7
132.8
133.1
132.0
132.4
132.35
133.0
132.65
132.8
132.8
132.8
132.1
132.6
132.95
132.6
132.45
131.5
131.45
132.0
131.55
131.5
131.8
131.65
130.5
130.55
131.55
130.65
130.1
129.0
130.4
130.85
130.75
129.5
130.05
129.3
129.7
129.4
128.95
129.0
129.8
129.8
129.35
129.65
129.5
129.95
129.8
129.8
129.6
131.15
131.15
130.75
130.75
130.8
130.75
130.55
130.3
130.1
129.3
129.45
129.1
128.35
128.6
128.5
128.4
128.4
128.25
126.95
126.65
125.6
124.1
124.85
125.35
125.15
125.85
124.75
120.0
126.0
126.25
126.35
127.05
127.55
127.1
127.1
126.75
127.5
127.5
129.25
129.2
129.0
128.95
129.1
129.15
129.35
129.5
130.4
132.95
131.0
131.75
132.25
131.25
131.5
131.15
130.85
130.9
130.5
132.0
128.8
129.35
131.25
129.6
130.0
129.85
129.9
129.65
129.8
138.35
129.9
130.3
129.15
129.35
129.8
128.65
128.55
128.5
128.55
129.85
129.85
128.8
128.8
128.3
126.6
127.75
127.35
127.6
127.5
128.05
128.1
129.0
128.65
128.35
128.15
128.1
127.9
127.65
133.05
133.25
132.55
131.45
130.5
130.6
130.45
130.9
131.1
131.4
131.55
132.25
132.65
132.6
132.3
132.55
131.85
132.4
131.95
131.9
131.15
130.85
130.55
130.6
130.35
130.4
130.55
129.5
131.25
130.9
132.2
132.25
132.0
132.2
132.5
132.25
132.0
131.5
131.3
131.35
131.1
131.2
130.95
131.1
131.2
131.3
131.3
131.8
130.5
131.55
131.3
131.25
130.7
130.45
130.4
130.35
130.4
130.0
130.0
129.7
129.45
129.55
129.0
129.25
129.9
128.95
127.9
127.0
126.4
125.8
125.1
124.95
123.7
122.75
121.4
121.75
119.6
119.45
118.65
116.5
117.0
117.05
116.85
117.95
119.4
119.45
120.45
120.45
123.55
122.6
123.6
123.95
123.05
122.15
120.1
121.85
120.6
121.55
121.25
121.05
122.0
121.2
121.6
121.2
122.95
122.7
122.5
122.65
122.0
122.1
122.25
122.0
122.95
120.1
120.8
119.3
119.3
119.35
119.35
120.0
120.7
120.75
119.0
119.0
122.55
120.2
120.5
120.7
120.65
121.75
120.35
114.45
112.4
112.95
115.4
115.3
116.5
115.9
115.8
114.7
115.05
116.15
116.55
116.95
116.45
116.6
117.9
116.4
116.0
114.85
116.2
115.85
115.3
115.9
115.8
115.45
115.75
115.8
115.35
115.8
115.75
116.25
116.0
116.35
116.3
116.05
116.25
115.65
115.05
115.45
114.95
114.4
114.3
114.0
113.9
113.9
114.8
114.25
113.6
112.05
113.1
113.0
113.05
113.1
113.25
114.0
114.4
114.55
114.0
116.45
115.95
115.75
115.85
115.15
114.85
113.8
114.2
115.3
115.6
115.8
115.25
114.85
114.6
114.2
114.85
115.0
115.45
115.0
115.65
115.0
115.75
115.8
116.95
114.55
114.55
113.55
115.0
113.65
113.1
113.05
112.75
112.75
111.7
111.15
110.75
110.2
110.45
110.35
110.0
109.9
109.95
109.85
109.8
109.75
110.45
112.25
111.8
111.8
111.55
111.75
112.2
112.1
112.1
113.0
117.1
116.6
116.4
116.15
116.1
115.45
115.35
113.85
112.0
110.3
110.9
110.55
110.25
109.75
109.5
108.5
108.05
103.55
106.8
107.3
105.35
105.4
105.1
106.0
105.9
106.0
106.3
106.95
110.2
110.05
109.35
109.75
109.5
109.55
109.65
110.0
110.1
110.45
113.0
112.25
111.8
111.85
111.7
111.75
112.1
111.75
112.25
117.0
110.4
112.05
111.75
111.75
112.35
112.1
111.55
112.4
112.45
112.25
111.85
111.95
110.85
110.95
110.75
111.95
111.95
111.7
110.7
111.95
111.6
111.9
112.0
111.95
110.35
109.9
110.4
110.2
109.8
107.25
108.2
109.85
109.75
110.45
110.3
110.15
110.35
110.5
110.3
110.2
110.35
110.45
110.45
110.5
110.3
110.0
110.8
110.6
110.3
110.0
110.3
110.0
110.25
110.8
110.9
111.2
112.5
113.35
113.75
114.25
115.9
117.95
116.6
115.55
118.95
116.05
116.5
117.2
117.05
117.95
117.7
117.6
118.05
117.95
118.0
117.6
117.35
117.1
116.55
116.9
116.95
115.95
116.1
115.6
115.55
115.9
116.8
115.95
116.8
116.9
116.1
114.85
116.8
116.5
116.65
116.65
116.95
116.95
116.0
116.1
116.45
116.55
116.6
117.6
118.15
118.9
118.0
118.0
118.0
118.15
118.75
118.7
118.85
119.35
119.2
119.65
122.4
121.9
121.7
121.6
121.05
122.55
122.75
121.75
121.85
121.95
119.5
118.55
118.3
117.75
115.6
115.5
116.2
116.95
113.5
112.3
112.55
112.8
111.9
111.8
111.7
111.0
110.75
110.15
110.55
109.35
110.8
109.4
109.8
109.2
110.8
110.4
110.55
110.0
110.25
109.1
107.0
106.1
105.45
106.55
105.7
110.0
109.65
110.45
110.1
110.85
110.8
108.0
110.0
109.5
108.5
110.3
108.95
108.8
108.05
108.95
108.3
108.8
109.4
109.7
108.9
108.7
109.7
109.15
108.5
110.1
110.5
111.15
109.6
108.3
108.9
105.7
102.95
103.35
103.45
103.85
104.0
103.85
105.65
106.5
106.35
106.0
104.65
104.05
104.0
103.35
103.4
104.5
105.85
106.05
107.05
106.5
106.5
106.8
106.6
106.0
106.4
107.0
108.0
108.35
107.5
108.8
108.1
108.35
107.85
109.05
108.1
109.25
109.6
109.55
109.55
109.2
109.8
110.6
111.0
112.5
112.15
112.45
112.45
112.5
112.1
112.25
112.6
112.65
111.05
112.35
113.1
112.75
112.75
112.95
113.05
113.1
113.35
113.35
113.3
114.3
113.55
113.25
113.45
114.1
114.3
114.05
112.85
112.3
110.8
109.75
111.5
109.8
110.15
110.55
109.2
109.0
109.75
109.75
110.7
111.75
111.7
110.5
111.0
111.4
111.5
111.1
110.0
111.95
112.05
111.1
111.0
110.65
111.0
111.0
111.0
111.2
110.3
112.1
113.25
113.25
113.35
112.75
113.35
113.7
113.85
113.9
116.0
115.85
115.6
115.6
115.9
115.6
115.65
115.95
116.0
116.9
116.0
116.15
116.6
116.55
116.7
117.7
117.2
117.8
117.4
117.0
114.5
113.75
113.5
113.65
113.85
114.0
114.85
114.65
114.6
113.35
112.55
112.0
111.95
112.35
114.15
113.25
114.0
113.55
113.8
112.8
114.5
115.4
116.05
116.1
115.55
116.55
116.95
117.3
117.7
118.0
119.4
119.7
118.0
117.7
118.3
118.3
118.35
118.35
119.0
120.95
117.15
116.6
117.1
117.1
118.0
117.2
116.0
116.95
115.95
117.3
117.35
118.0
117.25
117.5
117.55
114.5
113.85
112.55
112.55
110.55
113.95
112.85
110.1
107.9
108.8
106.45
101.0
103.8
102.8
97.5
97.95
99.9
102.0
104.0
107.5
107.25
109.45
107.1
100.0
89.15
73.0
94.95
87.05
85.05
83.5
79.95
79.1
81.4
99.1
89.15
87.0
85.1
91.0
90.8
92.1
91.4
91.9
82.75
84.85
88.85
87.9
85.55
85.55
93.8
99.6
96.35
92.8
100.35
103.6
100.6
102.4
101.2
108.9
103.95
104.95
105.35
105.5
105.8
105.65
105.7
105.05
105.7
105.7
103.8
103.05
103.3
103.35
103.2
103.25
103.4
103.0
101.6
101.6
102.15
102.2
101.65
101.25
101.2
101.65
100.95
101.9
101.8
100.1
101.2
99.5
99.05
97.2
97.7
98.35
96.7
94.45
95.4
95.0
96.45
95.75
96.35
97.35
98.15
97.65
97.1
96.4
96.8
96.85
100.05
97.0
95.4
94.6
93.6
95.45
93.9
93.4
93.8
93.8
93.95
93.3
93.95
92.9
92.05
91.75
91.75
92.1
93.45
94.35
90.35
92.5
91.05
91.3
90.85
89.8
89.5
89.4
89.35
91.0
86.5
85.6
85.4
85.95
86.35
88.25
88.0
88.65
88.75
88.85
89.05
89.1
89.5
89.4
89.65
89.25
89.65
89.8
89.6
89.95
89.8
89.8
89.85
89.65
89.75
89.1
87.75
88.1
88.4
87.85
87.65
87.4
87.0
87.5
87.2
87.35
87.15
87.25
90.0
86.55
85.75
86.0
85.6
85.2
85.35
85.15
85.3
85.95
90.4
85.95
85.7
85.15
84.1
83.15
83.55
84.0
84.4
84.3
83.25
84.75
85.1
87.9
86.35
86.15
85.85
85.5
85.35
84.55
84.55
84.95
86.75
85.8
85.35
85.3
85.25
85.4
84.8
84.6
87.4
85.8
85.25
84.6
84.0
84.05
83.85
83.95
84.1
83.8
80.05
84.05
83.65
82.9
82.8
82.25
82.5
82.55
82.5
82.65
82.75
82.75
82.0
82.6
82.65
83.4
83.85
83.55
83.75
83.3
85.5
84.45
84.5
84.5
83.75
84.35
84.75
84.75
84.9
86.4
85.5
85.9
86.55
86.5
86.1
85.3
85.45
85.25
85.05
85.4
85.25
85.4
85.15
85.05
85.0
84.5
83.9
84.0
83.75
86.0
83.6
83.0
83.25
83.0
83.5
83.85
83.9
83.35
83.15
83.15
83.8
83.35
83.75
83.8
83.8
84.05
82.7
81.45
82.35
81.4
81.25
81.3
81.5
81.45
81.6
81.35
81.05
81.1
81.5
81.25
80.8
80.8
80.45
79.95
79.25
79.85
79.9
80.0
80.05
91.85
87.1
86.75
87.8
89.85
88.95
86.05
86.25
87.5
87.6
85.05
84.0
84.35
83.95
83.5
83.3
83.9
84.1
83.55
82.85
83.0
83.35
83.95
84.05
83.7
83.75
83.9
84.0
84.4
86.0
85.05
85.1
86.45
86.3
86.9
86.85
86.55
86.3
86.65
87.0
88.5
90.15
89.0
89.7
92.45
89.6
90.15
89.7
88.75
95.0
91.95
94.7
94.6
94.7
101.1
100.3
96.3
96.6
96.9
95.3
91.3
90.75
92.9
92.25
91.3
91.35
91.95
91.5
91.65
91.7
88.25
85.5
86.2
86.0
86.8
86.65
85.55
84.8
84.35
83.65
81.45
80.05
81.0
81.55
81.6
82.4
82.1
81.4
81.45
81.9
81.2
80.7
80.35
80.8
80.6
80.55
80.75
80.75
81.7
81.95
81.0
81.0
80.6
80.5
80.45
80.75
80.45
80.0
81.0
80.7
80.8
80.55
80.4
80.4
80.35
80.65
80.5
80.15
80.0
79.7
79.8
79.85
79.75
79.95
79.8
79.6
79.65
79.7
78.45
78.2
78.0
78.2
78.4
78.45
77.9
77.65
77.6
77.75
77.55
77.05
79.15
78.05
77.6
77.55
77.9
78.1
77.6
78.1
77.8
78.35
78.15
78.1
78.1
78.1
77.8
77.95
77.2
76.7
76.95
76.6
76.2
76.0
76.25
76.65
76.5
76.5
76.5
75.95
76.0
76.55
76.15
76.0
75.7
75.7
75.65
75.85
75.55
75.35
75.9
75.95
76.3
76.5
76.35
76.35
76.6
77.4
77.55
78.0
77.95
77.45
77.25
77.85
77.6
76.95
76.4
76.3
76.9
77.4
77.4
77.3
77.7
77.75
77.55
77.25
77.7
77.8
77.9
78.15
77.85
78.25
77.95
77.95
77.95
78.0
77.1
77.8
77.9
77.6
77.8
77.75
77.5
77.6
78.3
78.05
77.65
78.15
78.1
78.25
78.45
79.4
79.4
79.3
79.6
80.25
80.6
81.1
80.55
80.75
80.6
80.5
80.35
80.55
80.15
79.05
79.55
79.8
80.7
80.9
81.45
80.75
81.25
81.45
81.9
81.8
81.95
82.0
81.95
81.85
81.65
81.65
81.95
82.2
82.2
81.3
81.55
81.3
81.25
81.0
81.25
81.4
81.55
81.45
80.45
80.55
80.2
79.85
80.0
80.05
80.35
79.45
79.0
79.45
79.7
79.5
79.7
79.4
79.4
78.95
78.9
78.85
78.85
79.45
78.3
78.5
78.4
78.35
78.7
78.55
78.5
78.65
78.55
77.55
78.35
78.5
78.75
78.7
78.5
78.7
78.65
78.55
78.7
79.1
79.15
79.4
79.5
79.7
79.6
79.95
79.8
79.75
79.55
80.25
80.0
80.25
79.65
80.0
80.05
79.95
79.55
77.85
77.2
78.2
77.5
77.8
