close
560.7
556.1
558.0
550.0
552.2
552.7
550.0
550.6
550.7
550.7
551.1
550.7
551.9
550.0
552.0
550.7
551.0
552.0
551.6
550.9
550.9
550.9
550.2
552.7
552.5
551.6
551.0
550.8
551.1
552.5
555.2
556.0
557.0
557.0
556.8
557.0
556.9
556.1
557.2
556.7
557.3
557.0
553.2
553.1
551.6
551.5
553.1
554.1
551.6
558.0
554.4
554.9
554.8
554.1
554.0
554.0
553.7
556.2
559.5
558.7
557.0
556.0
556.4
556.3
556.2
554.1
553.6
555.1
559.9
555.5
554.5
555.3
555.3
555.0
554.5
554.5
554.8
554.5
555.8
550.2
552.3
552.8
552.3
552.5
552.0
552.0
552.0
552.6
552.0
551.0
552.1
551.0
551.0
551.0
551.0
551.0
554.0
554.0
554.0
553.3
554.0
553.8
552.6
553.5
553.0
553.9
553.8
553.8
553.8
553.9
553.8
553.8
553.8
552.4
554.3
554.4
554.7
554.7
554.3
554.3
555.0
554.7
554.8
554.6
554.6
554.6
555.5
554.8
554.5
555.0
555.7
556.0
555.9
555.7
555.9
554.9
555.6
555.5
555.2
557.2
557.2
557.4
557.7
557.5
557.0
555.6
556.9
556.8
557.0
556.7
556.7
556.9
556.9
556.9
557.1
557.2
559.7
558.0
558.5
559.0
559.2
559.3
560.1
560.1
559.9
559.8
558.7
559.3
559.4
560.0
559.8
560.0
559.6
559.9
559.4
559.0
559.2
559.2
559.0
558.9
558.7
558.8
558.8
559.1
558.8
559.2
559.2
558.8
559.3
559.3
559.5
559.4
559.3
559.2
559.2
559.4
559.6
559.3
559.4
559.5
560.0
559.7
559.6
559.8
559.7
559.7
559.6
559.6
559.7
559.7
559.8
559.8
559.8
559.6
559.6
559.7
559.6
559.3
559.2
559.2
559.0
558.9
558.7
558.2
558.5
558.6
559.1
559.1
559.1
559.4
559.5
559.4
559.3
559.2
559.2
559.1
559.5
559.3
559.2
559.2
559.2
559.1
559.1
559.9
559.9
559.4
559.5
559.5
559.5
559.4
559.4
559.4
559.9
559.5
559.4
559.4
559.4
559.4
559.6
559.1
559.4
559.4
559.4
559.4
559.4
559.3
559.3
559.3
559.4
559.3
559.4
559.4
559.2
559.1
559.1
559.3
559.3
559.0
559.2
559.0
559.1
559.1
559.1
559.3
559.1
559.3
559.4
559.3
559.4
559.4
559.4
559.5
559.7
559.6
559.6
559.4
559.3
559.4
559.4
559.3
559.4
559.4
559.4
559.4
559.3
559.4
559.3
559.3
559.4
559.4
559.3
559.4
559.5
559.5
559.6
559.6
559.4
559.5
559.3
559.6
559.4
559.5
559.5
559.5
559.5
559.5
559.5
559.5
559.3
559.3
559.6
559.6
559.6
559.6
559.6
559.5
559.6
559.6
559.5
559.4
559.5
559.4
559.4
559.4
559.5
559.6
559.5
559.9
559.3
559.5
559.5
559.6
559.6
559.5
559.6
559.4
559.5
559.5
559.5
559.5
560.1
559.6
559.5
559.7
559.5
558.1
559.6
559.6
559.6
559.6
559.6
559.5
559.6
559.6
559.8
559.0
559.6
559.6
559.6
559.5
560.1
559.7
559.4
559.5
559.5
559.2
559.4
559.3
559.3
559.4
559.5
559.3
559.5
559.4
559.5
559.3
559.3
559.2
559.1
559.3
559.3
559.5
559.5
559.2
559.3
559.5
559.4
559.3
559.4
559.4
559.3
559.3
559.4
559.4
559.9
559.6
559.8
559.7
559.7
559.7
559.6
559.6
559.4
559.5
559.5
559.5
559.5
559.5
559.6
559.6
559.6
559.9
559.7
559.7
559.6
559.6
559.7
559.7
559.6
559.5
559.6
559.6
559.6
559.6
559.6
559.6
559.4
559.6
559.4
559.7
559.9
559.9
559.8
559.8
559.7
559.8
559.9
559.9
560.0
559.9
559.8
559.8
560.0
560.0
559.8
560.0
560.0
559.9
559.9
560.0
560.0
560.0
560.0
559.9
559.9
559.9
560.0
559.9
560.0
559.9
559.9
559.9
559.8
559.8
560.0
559.9
559.9
560.0
559.9
559.9
559.9
559.9
562.9
562.4
562.4
561.7
561.7
561.8
561.8
561.9
561.8
561.6
561.7
562.0
562.2
562.2
561.1
561.5
560.0
559.9
560.0
560.4
560.0
560.0
560.0
559.9
559.9
559.9
559.9
560.0
560.1
560.1
560.0
560.0
559.9
560.0
559.9
559.3
559.2
560.2
559.9
560.0
559.9
559.9
560.0
560.0
560.0
561.3
560.5
560.6
560.5
560.5
560.4
560.4
560.2
560.2
560.5
560.0
560.0
560.1
560.2
559.7
560.4
560.2
560.3
560.3
560.0
560.0
560.1
559.8
559.8
559.8
559.9
559.9
559.9
560.2
560.4
559.9
559.9
562.0
561.7
561.6
562.3
561.5
561.1
561.3
561.0
561.2
560.9
561.5
561.5
561.4
561.4
561.3
560.9
561.4
561.0
560.9
560.5
560.7
560.4
560.3
560.4
560.5
560.6
560.3
560.2
560.8
560.7
560.8
560.7
560.7
560.8
560.6
560.5
560.6
560.4
559.7
560.0
559.6
560.0
559.7
559.1
559.9
559.9
559.9
559.9
558.7
559.8
559.4
559.0
559.1
559.5
559.5
559.6
559.6
559.7
559.3
559.5
559.2
559.3
559.4
559.6
559.4
559.4
559.2
559.3
559.6
559.4
558.8
559.2
559.2
559.2
559.1
558.9
559.1
559.3
559.0
558.9
559.3
558.8
558.8
559.2
559.3
559.1
558.9
559.0
558.9
558.7
558.6
558.5
558.5
558.3
558.6
558.2
558.2
558.3
558.3
558.3
558.5
558.5
558.3
558.7
558.8
558.5
558.6
558.6
558.6
558.6
558.2
558.3
558.2
558.2
558.4
558.2
558.2
558.4
558.3
558.2
558.2
558.1
557.6
557.8
557.8
558.1
557.8
557.8
558.0
558.0
557.8
557.4
557.5
557.4
557.5
557.8
557.6
557.6
557.4
557.8
557.2
557.7
558.0
559.2
559.2
559.2
559.0
558.6
558.9
559.3
559.2
559.5
559.9
559.7
560.0
560.7
562.4
561.5
560.8
560.8
562.1
560.7
560.8
560.9
560.9
560.8
559.8
559.8
559.9
562.0
562.0
562.1
562.0
562.0
560.7
560.7
561.6
561.0
561.2
561.0
560.8
560.7
560.8
561.3
561.4
560.8
561.0
561.5
561.7
561.8
560.2
561.6
562.2
562.0
561.9
562.0
562.1
562.0
562.1
562.2
562.4
562.5
562.5
562.6
562.4
561.9
560.8
561.0
561.2
561.3
561.3
561.7
561.1
561.4
561.5
561.0
560.5
561.5
560.6
561.5
561.0
560.6
561.2
561.4
561.6
560.5
561.0
561.3
561.2
561.4
561.5
561.3
561.5
561.1
560.8
561.3
561.3
561.2
561.3
561.8
561.0
559.8
560.3
561.0
561.0
561.1
560.3
561.3
561.3
560.3
559.6
559.4
560.4
560.8
560.6
560.9
561.1
561.1
560.9
561.4
560.7
560.6
560.6
560.8
560.7
560.0
560.6
560.1
560.6
560.1
560.6
560.6
560.8
560.7
560.2
560.5
560.5
560.5
560.2
560.2
560.2
560.3
560.0
560.7
560.3
560.6
560.5
560.5
560.7
560.7
564.7
568.9
564.2
564.1
564.2
564.9
562.7
561.6
562.5
563.0
562.5
563.0
562.8
562.5
562.5
563.5
564.2
563.7
564.8
564.3
563.9
563.7
564.3
564.2
563.7
563.7
563.8
563.9
563.6
563.9
564.0
564.7
564.6
568.0
567.9
568.2
568.2
568.6
568.4
568.5
573.4
574.6
578.4
578.2
578.1
576.5
576.0
578.0
579.7
587.0
588.1
588.0
588.0
587.9
588.1
587.9
587.9
587.9
589.9
588.5
587.9
587.9
587.8
587.6
587.4
587.2
587.2
586.6
585.6
586.5
586.5
586.5
584.6
584.6
586.0
585.6
586.5
584.6
586.0
585.4
587.8
584.5
588.3
585.3
584.7
584.9
585.7
585.6
585.2
585.8
584.6
585.5
586.0
587.7
586.0
586.1
586.5
586.2
583.8
584.2
584.8
584.3
584.8
585.5
584.4
585.0
585.0
584.3
584.8
584.3
584.8
585.3
584.1
587.5
586.0
586.0
585.5
585.7
584.8
585.2
584.2
584.7
585.3
584.7
584.5
584.7
584.9
584.9
585.0
584.0
584.5
584.5
583.9
587.0
583.9
585.5
585.3
584.1
584.9
584.9
584.9
584.9
584.6
584.2
585.0
584.8
584.7
584.8
584.8
585.2
585.0
586.0
586.0
583.8
584.2
584.6
584.1
584.1
584.9
585.4
585.0
585.0
584.8
585.0
584.8
584.8
584.9
574.9
591.2
589.3
587.2
588.5
587.1
587.0
586.5
586.4
588.0
589.8
586.7
586.8
586.1
586.3
586.3
587.0
587.0
586.3
585.5
587.0
585.8
585.8
589.3
588.3
587.2
586.3
587.0
587.1
591.0
589.1
590.0
590.0
589.1
589.7
589.3
589.1
592.0
621.3
590.0
594.3
593.3
600.5
590.5
584.4
588.0
590.0
599.9
592.2
594.0
590.0
590.0
589.2
592.0
595.4
599.9
600.0
603.2
599.0
599.5
599.5
602.2
600.0
597.6
604.0
609.8
604.1
603.7
598.0
598.0
597.0
597.0
597.0
599.3
604.4
605.3
606.6
606.3
600.0
597.0
597.7
600.0
599.4
600.0
600.3
600.3
600.7
598.5
600.1
600.2
600.3
600.3
601.2
602.0
601.9
601.0
601.0
601.0
601.0
601.0
601.0
601.3
601.9
602.2
603.8
603.9
597.0
596.5
597.0
596.0
601.1
601.5
600.0
600.0
596.5
597.9
598.0
601.0
601.0
600.7
601.0
601.0
601.0
601.0
601.0
601.0
601.0
601.2
598.0
595.0
600.9
600.9
601.0
601.0
601.0
601.0
601.0
602.5
576.4
582.0
580.0
575.7
575.5
578.7
578.4
578.0
582.2
592.3
592.3
595.3
595.0
595.0
594.9
595.4
595.0
594.8
594.7
614.9
595.7
595.8
595.6
598.0
597.7
597.0
596.7
595.4
597.4
596.9
596.9
597.2
595.9
595.8
596.9
596.1
601.3
601.3
601.0
601.1
602.0
601.0
601.1
600.1
600.9
601.0
600.9
600.9
601.0
601.0
600.3
601.1
601.0
600.6
600.6
600.5
599.7
599.8
599.8
601.4
601.1
602.0
600.7
601.2
601.1
600.7
600.8
600.8
601.1
601.0
601.0
601.0
600.4
601.4
601.5
601.8
601.6
601.8
601.0
601.2
601.1
601.8
601.1
601.2
601.3
601.2
601.1
601.0
600.6
600.6
600.5
600.6
600.5
600.5
601.0
600.7
600.9
600.7
600.9
600.8
600.8
600.8
600.5
600.6
600.4
600.5
600.4
600.7
600.8
600.8
600.6
600.6
600.5
600.4
600.4
600.4
600.4
600.3
601.0
600.6
600.4
600.4
600.5
600.4
600.3
600.1
604.4
602.8
602.0
605.0
604.0
603.4
603.4
603.4
604.8
603.7
603.9
604.3
604.1
604.1
604.2
604.1
603.4
603.3
603.6
603.7
603.7
603.6
603.7
604.0
604.9
603.4
604.9
604.6
605.0
604.9
605.1
605.0
604.9
606.1
605.7
605.4
605.5
605.5
605.1
605.0
605.2
605.1
605.1
605.1
604.8
604.3
604.3
604.3
604.3
604.3
604.0
604.0
604.0
603.8
603.6
603.0
603.7
603.7
603.5
603.4
603.0
603.1
603.4
603.4
603.4
603.3
603.1
603.1
603.2
603.3
603.3
603.3
603.4
603.6
602.6
602.7
602.7
602.7
602.7
605.0
603.0
603.3
603.3
603.2
603.1
603.0
602.4
602.5
602.4
602.2
601.9
602.0
602.0
601.9
601.8
602.0
601.7
601.7
602.0
603.8
604.5
601.9
601.8
601.8
601.6
601.7
601.5
601.6
601.5
601.4
601.3
601.3
601.4
601.3
601.3
601.3
601.1
601.2
601.2
601.1
601.1
601.2
601.0
601.0
600.9
600.9
600.9
601.0
600.9
600.9
600.9
600.9
600.9
600.6
600.6
600.8
600.7
600.6
600.8
600.7
600.7
600.7
600.7
600.7
600.7
600.7
600.7
600.7
600.7
600.6
600.6
600.6
600.2
600.2
600.2
600.3
600.2
600.1
600.0
599.8
599.6
599.2
598.3
598.8
597.7
597.5
582.6
597.0
598.0
597.2
596.2
596.2
596.1
596.4
595.7
604.8
600.0
598.1
598.5
598.1
598.0
597.4
597.4
597.0
604.8
600.0
598.2
599.0
590.9
590.6
600.0
600.8
600.0
598.7
595.0
609.0
599.2
599.0
598.8
598.0
592.7
593.0
593.0
598.8
595.5
599.1
599.3
599.2
601.1
602.0
600.0
598.0
598.5
597.4
596.5
598.6
590.9
592.0
595.0
596.0
599.1
595.2
598.1
595.1
599.0
601.1
601.3
601.2
601.0
600.1
601.5
599.6
599.6
597.6
599.5
597.9
597.4
596.5
596.3
598.2
598.1
598.2
598.3
598.6
598.9
598.5
599.2
599.0
599.0
598.8
595.6
599.0
599.2
598.6
598.8
598.7
599.0
599.0
599.1
599.6
599.6
599.5
599.1
603.0
602.9
600.5
602.4
600.4
603.0
603.0
604.9
601.3
603.0
603.0
603.0
604.1
601.8
601.3
608.0
601.5
601.2
601.2
601.1
600.8
602.0
600.9
601.9
601.3
601.1
601.8
601.4
601.6
603.0
602.4
601.8
602.3
601.5
604.0
602.9
602.2
602.5
602.8
603.3
601.1
603.7
602.7
602.2
602.2
602.1
602.5
603.2
601.1
602.7
602.8
602.5
602.5
602.7
602.7
601.1
601.2
600.6
602.2
601.7
602.0
601.2
601.2
601.0
602.0
602.5
602.9
602.6
602.7
602.5
601.2
602.7
602.6
602.2
601.7
602.7
602.3
602.5
601.2
602.8
601.3
602.9
601.5
602.6
601.5
599.2
592.7
574.0
562.9
577.9
558.0
556.1
589.9
556.2
556.1
556.2
556.2
555.4
564.9
569.5
555.0
586.0
565.9
573.0
572.0
565.9
563.8
559.0
562.5
561.0
557.9
569.9
562.0
562.3
561.1
560.3
556.6
553.0
559.5
549.3
554.0
545.2
552.9
552.9
555.3
554.1
556.9
557.0
553.0
552.2
552.0
550.8
550.9
552.2
552.0
558.4
557.0
555.6
553.0
553.0
564.9
586.8
587.0
594.0
590.3
591.7
587.8
584.9
588.0
587.0
581.1
583.0
584.1
584.1
578.0
578.4
578.4
586.2
578.3
570.1
567.6
567.5
570.0
573.0
571.1
571.0
568.5
569.6
573.3
568.9
574.9
570.1
570.2
567.8
567.7
566.1
567.0
573.6
574.0
574.0
574.1
571.8
572.1
572.7
568.5
571.2
572.2
568.8
569.0
565.2
566.1
565.9
561.0
566.8
565.6
565.7
556.1
550.0
550.0
550.9
559.2
557.2
556.0
555.6
552.0
553.0
552.0
550.0
550.0
549.0
549.1
549.1
553.0
553.0
549.7
553.0
549.4
547.5
547.5
547.8
545.3
545.2
545.3
545.3
545.3
545.2
552.2
552.7
554.9
552.0
550.1
549.5
550.2
555.9
553.0
553.0
557.3
560.0
556.3
555.0
554.5
556.1
561.9
556.3
556.1
556.3
556.6
554.8
556.5
551.5
555.0
553.0
553.0
554.5
554.5
554.6
552.5
555.0
550.5
551.0
551.9
551.0
552.0
551.0
551.0
551.0
551.0
552.0
552.2
553.0
550.2
549.9
549.9
548.3
548.3
551.3
550.0
554.0
554.0
552.0
550.4
550.4
551.8
551.0
550.8
550.7
550.7
555.0
554.9
554.9
555.0
555.1
555.5
556.0
554.5
553.9
553.5
553.9
554.2
554.0
553.2
555.0
551.1
551.1
550.5
550.5
548.3
553.3
553.0
552.7
550.5
551.0
550.1
552.0
552.0
559.8
554.0
553.8
553.7
552.9
550.1
552.8
553.4
558.5
560.3
558.3
559.9
560.3
563.0
564.3
567.9
569.9
569.0
568.3
568.5
568.3
570.8
581.8
584.1
579.9
565.7
559.9
559.3
557.5
556.7
556.8
558.0
557.2
559.2
563.0
568.0
569.0
555.2
555.0
557.9
556.0
557.7
559.7
558.0
557.8
558.0
556.7
557.7
556.7
557.1
560.0
558.0
557.9
558.4
557.2
557.2
558.4
559.0
559.0
558.4
558.5
557.7
558.0
558.3
558.4
550.1
558.3
558.5
558.5
559.3
556.2
558.3
552.0
557.7
556.9
555.0
553.3
553.6
556.5
555.0
557.6
560.8
560.5
569.9
566.7
568.6
564.4
564.3
565.2
568.4
561.2
567.3
567.0
565.2
564.4
561.6
556.0
558.8
564.9
562.2
562.2
562.0
565.3
563.3
561.9
566.0
563.1
558.8
557.8
557.7
557.5
557.2
562.1
566.4
560.4
560.5
561.5
562.0
562.2
566.0
567.8
565.5
564.3
562.5
565.0
562.1
567.9
566.9
567.8
562.7
564.3
564.1
564.1
564.1
563.8
563.0
563.0
562.1
558.5
560.0
557.0
559.0
561.2
561.9
561.0
561.8
563.0
560.0
558.3
558.8
556.0
558.0
558.7
556.0
561.0
560.5
561.9
560.0
559.6
559.4
559.4
559.2
559.2
555.3
553.2
546.2
545.2
544.0
551.5
547.1
543.1
542.9
543.8
527.0
526.2
526.8
526.1
526.6
517.5
514.0
513.5
513.0
513.0
515.5
518.0
515.2
510.6
517.0
515.6
514.9
515.3
509.9
504.3
508.0
508.8
512.0
510.5
502.4
502.3
502.3
502.3
504.9
503.8
501.4
499.0
491.1
491.3
491.7
492.7
492.2
490.9
496.9
492.4
496.5
489.2
480.3
481.0
482.5
472.3
472.5
475.1
471.6
472.9
480.0
480.0
480.0
480.8
506.5
502.0
500.1
500.1
497.1
494.7
493.6
493.7
493.4
492.5
485.7
482.2
472.2
484.5
477.7
494.6
492.3
490.3
491.0
495.0
494.8
489.9
492.6
495.1
495.4
496.3
495.9
495.3
495.7
496.2
497.0
500.1
501.1
501.7
501.7
501.7
501.9
501.7
504.6
506.5
504.4
506.1
505.7
505.5
505.0
505.8
509.1
510.0
515.0
515.2
515.4
517.6
516.3
513.8
527.9
528.5
528.1
533.2
533.9
533.0
536.0
537.6
538.8
538.8
539.4
539.9
544.0
548.7
549.5
551.5
551.1
570.0
566.6
554.5
553.2
555.0
562.2
558.9
561.5
566.3
560.3
562.6
566.3
568.4
569.8
568.1
562.0
541.6
542.8
545.0
546.0
544.0
540.0
533.4
532.7
530.0
532.0
535.0
528.2
504.2
516.1
507.5
509.0
510.0
504.2
502.3
510.9
523.1
529.2
520.0
524.1
520.8
520.8
521.4
518.0
524.8
528.2
527.6
517.2
526.0
543.0
543.3
545.0
558.7
571.4
570.0
570.0
568.1
570.3
570.0
571.1
571.1
570.9
569.9
569.5
568.1
569.3
575.5
579.0
578.5
586.9
590.0
598.0
599.3
598.6
598.0
598.0
598.0
597.0
595.0
600.0
604.0
604.0
603.0
602.1
603.6
604.0
605.8
605.0
603.5
606.4
605.0
604.0
604.2
604.0
604.0
604.0
605.8
606.8
608.9
608.0
606.2
606.0
606.1
606.2
606.2
614.7
610.0
612.0
609.0
614.8
614.9
613.7
613.8
613.8
613.8
613.8
611.9
613.0
614.0
613.9
614.0
613.9
605.2
609.0
600.2
599.5
599.6
603.0
579.9
583.2
587.0
595.0
606.3
601.0
606.0
607.7
603.7
608.0
605.1
607.0
606.6
605.0
606.0
605.6
602.2
583.0
591.4
582.9
587.5
583.4
577.8
577.6
570.4
581.5
582.0
598.0
592.3
594.0
597.7
597.8
594.8
594.6
599.7
599.8
599.0
592.7
597.1
592.4
592.0
593.0
582.6
594.6
595.0
602.0
602.3
604.6
600.1
603.0
603.0
603.0
601.7
602.9
602.0
603.7
601.5
602.5
602.0
601.3
601.4
601.7
596.1
605.0
607.5
607.4
607.9
608.8
607.4
607.4
602.5
601.2
603.8
603.8
604.5
602.1
604.8
590.0
604.8
604.7
605.7
603.2
600.6
600.1
602.0
603.3
602.1
605.8
604.7
602.0
601.0
605.6
602.6
604.2
603.0
605.0
593.0
609.0
607.0
604.9
606.1
609.9
611.2
611.9
604.3
604.7
609.4
610.2
611.9
611.8
609.0
601.4
604.2
606.2
606.5
605.9
609.1
608.9
604.6
601.5
600.0
608.5
611.0
609.9
609.0
610.0
609.9
609.9
602.0
607.1
609.3
609.6
609.0
610.0
610.0
602.5
605.5
607.0
608.0
610.0
609.0
607.0
585.5
604.0
606.5
604.0
606.0
605.5
608.0
606.5
606.5
603.5
601.5
603.0
605.0
603.5
603.5
606.0
606.0
596.5
600.0
603.0
606.0
606.0
605.5
607.0
605.0
604.0
606.0
609.0
613.0
608.5
603.5
604.5
604.0
608.5
605.0
603.0
603.0
607.0
603.5
603.5
590.0
600.0
600.0
598.0
597.5
604.5
604.5
604.0
602.5
603.0
608.0
606.0
610.5
610.5
609.5
605.0
604.0
607.5
606.0
603.5
603.5
604.5
604.0
609.0
604.0
602.0
605.0
605.0
605.0
608.0
608.0
608.0
608.0
607.5
603.5
603.0
605.5
601.5
605.0
602.0
604.0
604.0
605.0
604.0
601.0
601.0
603.5
603.5
603.5
602.5
603.0
603.0
606.0
605.0
601.5
598.5
600.5
597.5
601.0
603.0
598.5
598.0
600.0
601.0
602.5
599.5
599.0
598.0
599.5
598.0
599.0
600.5
600.0
602.0
598.5
603.0
600.5
599.5
599.0
602.0
601.5
603.5
598.5
602.0
601.5
598.0
602.0
602.5
602.0
601.0
604.5
603.0
601.0
600.5
599.5
600.0
598.0
598.5
599.5
603.5
600.0
599.0
602.0
601.0
600.0
598.5
597.0
599.0
595.0
594.5
604.0
604.5
601.0
604.0
600.5
603.5
602.0
593.5
588.5
585.0
585.0
583.5
583.5
586.5
590.0
586.5
587.5
587.0
588.0
590.0
583.5
584.0
589.0
589.0
587.5
585.0
588.0
588.5
586.0
583.5
579.5
579.5
594.5
599.0
617.0
604.0
602.0
602.0
602.0
602.5
603.0
597.5
597.5
595.0
595.0
597.5
594.5
596.5
595.5
594.0
586.5
579.5
587.0
585.0
588.0
583.5
583.5
601.5
590.5
585.0
584.5
585.0
587.0
584.0
582.5
587.0
587.0
586.5
582.5
575.0
585.5
580.0
568.0
559.0
558.5
557.0
557.0
564.0
567.0
565.0
570.0
562.5
567.0
564.5
564.5
577.5
566.5
565.0
566.5
563.5
566.5
561.5
563.5
576.5
570.0
571.5
580.5
582.0
578.0
580.0
567.0
576.5
567.5
572.0
572.0
568.0
570.0
576.0
574.5
572.5
570.5
564.0
564.0
564.0
562.5
568.5
569.5
569.5
569.0
561.5
561.5
559.0
563.0
551.5
552.0
560.5
567.0
560.5
558.5
544.5
551.5
547.0
551.0
548.5
554.0
560.5
562.0
562.5
557.5
556.5
548.5
547.5
544.5
544.0
546.0
528.5
526.0
524.5
514.0
520.0
518.0
517.5
517.5
518.5
518.0
519.5
519.5
519.0
524.0
523.0
522.0
520.5
519.5
516.0
514.5
516.5
516.0
515.5
519.0
515.0
518.0
519.5
517.5
517.0
520.0
520.0
519.5
522.0
516.5
516.0
516.0
514.5
518.5
511.0
509.5
517.5
517.0
512.5
510.5
513.5
507.0
505.5
504.0
504.0
506.0
505.5
504.5
506.0
506.5
504.0
504.0
504.0
506.5
511.0
510.0
511.5
510.0
512.5
513.5
513.5
511.0
526.5
516.5
516.0
515.0
515.5
515.5
520.5
512.0
527.0
559.0
508.0
503.0
505.5
505.5
506.5
507.0
507.0
510.0
510.0
506.0
509.0
509.5
509.5
507.5
509.0
511.5
513.0
516.5
515.5
514.0
511.5
511.0
511.5
527.5
529.5
519.0
521.5
519.0
518.5
510.0
512.5
512.0
514.0
516.0
510.5
512.5
512.5
509.5
510.0
514.5
511.0
510.0
514.0
514.0
514.5
513.5
521.0
518.0
515.0
514.5
514.0
516.5
516.5
517.0
515.0
517.0
521.5
521.0
518.5
515.0
515.0
515.0
515.5
517.0
515.5
518.0
522.5
523.0
522.0
523.0
521.5
518.0
522.5
518.5
516.0
520.5
518.5
519.0
517.5
516.0
525.0
523.5
521.0
523.0
524.0
522.5
538.0
530.5
539.5
533.0
535.0
533.0
536.0
536.0
538.0
535.0
552.0
580.0
570.0
575.5
575.0
573.5
576.5
574.5
578.5
578.5
580.0
577.0
577.0
571.0
570.0
569.0
568.5
569.0
560.0
562.5
560.0
561.5
560.5
559.5
557.5
558.0
563.0
565.0
567.5
555.0
555.5
555.5
558.5
555.5
556.0
555.5
561.0
555.0
560.0
559.5
558.0
558.0
558.0
557.0
556.0
558.5
555.0
555.5
556.5
559.5
555.5
556.0
556.0
554.5
554.5
570.5
557.0
559.0
559.0
558.5
557.0
557.0
556.5
557.0
555.0
557.0
557.0
556.5
554.5
554.5
550.5
551.0
552.5
559.0
558.5
552.0
551.0
550.0
550.5
550.5
550.5
550.5
550.0
551.5
556.0
551.0
550.5
550.5
551.0
550.0
550.5
550.5
551.5
549.0
549.0
544.5
546.0
544.0
546.5
543.0
546.0
540.0
540.0
539.0
539.0
526.0
549.5
544.5
546.5
553.0
554.0
555.5
556.5
556.0
556.0
550.0
555.5
555.0
556.5
556.5
555.5
555.0
555.0
557.0
550.0
555.5
556.5
553.5
550.5
550.0
548.5
550.0
551.5
552.0
556.0
555.5
553.5
555.0
552.5
552.0
558.5
556.0
554.5
552.0
553.0
555.5
553.5
553.0
554.5
555.0
554.0
552.5
553.5
553.0
552.5
553.0
557.0
555.0
553.5
552.5
552.5
552.0
551.5
550.5
549.0
557.0
550.0
550.0
550.5
555.0
552.0
552.5
549.0
554.0
550.0
550.0
552.0
552.0
552.0
551.0
553.0
550.0
550.5
550.0
553.5
550.5
553.0
555.0
555.0
554.0
552.5
549.5
552.5
559.5
559.5
557.5
555.5
556.0
554.0
554.0
555.5
555.5
557.0
556.5
555.0
553.5
556.5
556.0
556.0
550.5
555.5
558.5
558.5
559.0
564.0
564.5
559.0
560.5
561.5
561.5
562.0
562.5
564.0
565.0
558.5
560.0
561.5
564.5
562.0
563.0
560.0
562.5
556.5
559.0
561.0
560.5
562.0
561.5
562.0
561.0
562.0
560.5
560.0
562.0
575.0
561.0
560.0
558.0
555.0
555.0
554.0
552.5
553.5
580.0
560.0
563.5
560.5
561.0
556.0
550.0
557.5
557.0
553.5
555.5
553.5
556.0
555.0
551.5
550.0
555.0
555.0
552.0
552.0
551.5
551.5
552.0
551.5
551.5
556.0
558.0
555.5
556.0
559.5
553.5
558.5
559.0
556.0
555.0
556.0
559.0
558.0
559.0
559.5
559.0
569.5
563.5
562.5
562.0
558.0
575.0
595.0
595.5
591.5
591.0
591.0
590.5
588.5
590.0
589.0
602.5
596.0
581.5
591.0
596.0
597.5
595.0
595.0
595.0
605.0
599.5
601.5
597.0
596.5
597.5
596.5
595.0
597.5
601.5
599.5
601.5
600.5
600.0
600.5
599.5
602.5
602.0
600.0
596.0
596.0
596.5
597.5
601.5
603.0
597.0
596.5
599.5
597.5
598.5
595.0
600.5
596.0
595.0
595.0
595.0
595.0
595.0
595.0
595.0
595.0
598.5
597.5
595.0
596.5
599.5
596.0
595.0
597.0
597.0
595.0
595.0
595.0
595.0
595.0
599.5
600.0
598.0
599.0
597.0
596.0
596.0
596.0
595.5
598.5
599.0
595.5
595.0
595.0
597.0
597.0
595.0
597.0
596.5
599.0
598.0
595.5
595.0
598.0
598.5
599.5
595.5
596.5
595.0
595.5
598.0
597.0
598.5
598.5
586.5
590.0
601.0
603.0
601.5
601.5
595.5
596.5
597.0
600.0
601.0
596.5
597.5
596.5
598.5
597.5
599.5
599.5
595.0
596.5
599.5
596.5
599.0
599.5
599.0
602.5
615.5
624.5
607.0
608.0
612.0
610.0
609.0
610.5
612.5
629.5
619.0
614.0
612.5
611.0
610.5
610.0
609.5
612.5
624.5
605.5
609.5
606.0
601.0
601.5
600.0
599.0
597.0
579.5
613.5
597.0
595.5
597.0
598.0
591.0
584.5
582.5
581.5
584.5
585.0
584.5
579.5
583.0
577.5
579.5
566.0
550.0
563.5
562.5
562.0
561.0
566.5
564.0
571.5
563.5
558.5
550.0
551.0
552.0
549.5
546.0
542.5
533.0
521.0
533.0
533.5
532.5
530.5
531.0
527.0
528.5
527.5
527.5
533.5
534.0
534.0
532.5
532.5
531.5
532.5
528.5
532.0
531.5
532.5
531.0
531.0
532.0
544.5
559.0
541.0
547.0
553.5
554.0
553.0
554.5
554.0
566.0
571.0
552.5
556.0
557.0
555.0
562.5
563.5
562.5
565.0
547.0
565.5
564.0
563.5
565.5
574.5
571.0
570.0
574.0
555.5
586.5
580.5
580.5
584.0
581.5
579.5
583.5
583.0
580.0
584.5
581.0
584.0
582.5
584.5
595.0
593.5
585.5
585.6
596.2
596.8
592.6
590.8
592.6
591.6
589.0
587.0
594.2
593.4
593.6
590.8
590.2
581.0
566.0
570.0
565.0
559.0
562.0
562.0
572.8
582.0
587.0
575.4
587.0
588.0
581.0
581.2
580.0
582.6
599.6
595.0
591.4
591.2
587.0
586.0
583.8
597.0
590.2
588.2
591.6
585.8
586.6
588.4
589.2
585.2
586.0
597.4
612.4
600.0
600.4
612.8
612.8
613.0
614.0
614.0
614.0
615.8
613.2
604.0
594.2
613.4
608.8
597.4
604.4
596.8
595.0
604.0
602.0
614.0
614.0
609.8
611.2
609.2
614.6
611.0
617.8
609.4
611.4
614.6
614.0
610.0
601.2
615.0
615.0
615.0
615.6
614.4
615.2
602.4
601.0
611.0
605.4
605.4
607.4
603.0
603.4
611.8
613.2
612.6
611.6
612.4
610.2
615.6
612.8
613.0
618.0
617.8
614.0
616.0
613.4
613.8
617.6
597.0
597.4
598.2
597.0
608.8
604.6
601.6
601.0
603.4
601.8
572.2
584.8
579.4
590.0
587.2
582.6
576.2
576.2
576.2
582.6
585.2
578.4
580.8
578.0
585.0
589.4
586.6
586.8
587.0
587.4
583.0
585.6
588.8
589.4
589.4
588.8
585.8
584.6
589.8
589.8
588.0
588.0
596.6
595.2
596.0
606.2
606.0
609.8
606.2
601.2
599.2
591.2
594.0
589.8
600.4
594.2
593.0
591.4
608.8
607.6
607.2
606.2
607.6
609.2
604.8
596.2
603.8
601.2
607.8
609.0
607.4
607.8
609.2
609.6
606.2
604.2
605.8
602.2
604.0
607.0
604.6
603.0
599.8
592.8
591.0
597.4
601.0
604.8
604.0
599.0
601.8
595.0
602.8
598.2
598.2
595.4
595.2
598.0
594.8
594.8
587.4
596.8
596.2
597.0
595.0
597.2
597.0
593.2
590.4
593.6
599.0
599.2
599.6
595.4
594.0
592.2
597.0
595.8
595.0
595.6
593.0
592.0
590.6
594.4
615.0
604.6
603.2
612.4
614.6
612.4
613.6
607.2
602.4
601.0
630.0
610.6
604.0
604.0
607.2
607.8
604.4
604.6
604.2
610.0
606.8
606.8
605.6
610.0
605.2
610.0
602.6
608.8
601.0
600.0
598.2
596.6
594.0
595.8
593.0
594.6
591.2
597.6
595.6
595.6
595.6
591.2
605.0
603.8
605.0
603.8
603.6
603.6
600.0
601.2
598.2
603.8
604.8
602.4
603.6
601.8
603.2
601.8
601.8
605.8
604.0
604.0
607.6
604.0
604.0
603.8
599.8
600.2
604.0
599.4
604.0
599.6
603.8
598.6
598.8
600.0
600.2
599.6
597.0
600.8
600.6
598.0
598.0
598.6
598.0
598.0
600.0
600.2
600.2
598.2
599.0
598.0
599.0
599.2
596.0
598.0
596.4
596.8
595.8
595.8
596.0
595.8
595.8
599.4
606.0
600.8
597.2
595.2
597.2
599.2
595.2
599.2
596.8
593.8
596.4
596.2
595.2
599.4
595.4
595.2
596.8
593.8
582.6
568.4
568.6
568.8
571.4
570.8
572.0
575.4
577.6
574.2
576.8
576.2
577.4
571.6
571.4
560.6
576.6
577.0
578.4
576.8
575.6
575.4
573.4
571.6
566.4
576.0
576.2
572.8
573.8
573.6
572.0
572.8
573.0
565.6
571.8
572.0
569.2
571.8
571.8
570.2
566.2
563.8
550.4
568.8
570.8
573.2
580.4
579.0
578.2
578.2
578.8
578.0
577.8
577.6
575.4
572.4
572.2
574.6
573.6
575.0
573.4
577.0
572.2
577.0
560.6
561.2
560.4
569.2
568.2
567.8
566.0
569.6
568.4
565.2
565.0
550.0
570.0
563.4
560.2
562.6
562.0
558.8
558.4
558.0
550.4
554.0
556.6
556.6
558.0
562.2
563.2
562.2
560.6
565.0
564.0
565.6
565.4
565.8
561.8
561.4
557.2
558.4
555.4
560.2
566.0
566.8
567.0
566.6
564.6
564.8
562.4
560.2
559.8
556.4
556.2
557.2
557.2
554.4
556.8
557.2
556.8
562.2
560.6
560.0
557.2
556.2
557.0
556.2
556.2
560.2
562.4
558.2
558.0
558.8
558.0
558.0
558.8
557.4
557.2
561.0
562.0
564.8
563.2
564.4
567.6
568.6
563.8
570.8
576.0
575.0
575.0
576.0
576.2
575.2
575.0
570.2
572.4
571.2
572.2
569.4
569.0
567.8
564.4
564.0
574.6
575.0
571.8
572.8
574.4
572.8
570.8
572.2
570.2
568.8
566.4
571.4
567.4
566.4
562.2
562.8
545.2
540.2
540.2
548.0
545.0
545.0
548.0
547.2
545.0
549.2
544.2
548.6
550.0
547.4
547.2
544.2
544.8
544.6
544.0
547.8
542.8
541.0
543.2
540.8
534.6
534.0
539.0
534.0
539.6
539.0
536.8
537.0
539.0
537.8
537.8
535.2
537.0
528.6
516.0
527.0
526.2
527.0
525.6
524.8
524.0
524.4
524.4
524.2
523.0
523.0
527.4
526.8
523.6
524.2
529.4
529.2
530.0
523.6
523.4
524.6
523.6
522.6
518.4
519.6
515.0
520.8
525.4
520.0
520.8
532.6
523.0
515.0
517.4
524.8
526.6
526.2
528.6
531.6
534.4
534.4
536.8
540.8
532.0
532.0
532.0
531.6
532.8
531.4
531.4
536.2
532.2
533.0
535.2
536.4
530.2
533.0
534.8
533.2
533.0
533.6
531.4
529.2
527.2
527.6
538.0
529.0
531.0
535.2
538.8
548.8
548.0
549.4
546.2
552.2
550.4
554.4
552.6
554.2
553.6
549.8
547.8
550.0
554.4
549.2
550.2
557.6
553.2
551.6
553.2
552.2
552.2
550.0
540.0
549.0
546.2
547.0
546.0
544.0
543.8
541.0
537.4
548.0
540.2
544.8
543.2
543.2
543.0
544.4
545.0
549.2
563.6
551.4
556.2
549.0
547.6
548.2
546.8
547.8
549.4
546.4
548.8
545.2
538.2
534.2
531.6
531.2
530.4
530.4
544.8
537.8
533.2
532.8
531.6
531.6
524.8
526.0
526.6
524.8
526.6
525.0
526.6
522.4
518.8
518.8
519.0
520.0
535.6
538.6
521.6
524.0
523.8
524.0
518.6
518.2
515.2
517.0
523.6
515.4
515.2
518.2
518.0
513.8
513.0
512.4
513.0
512.0
514.4
515.8
515.8
513.4
514.2
510.2
509.6
509.2
506.0
503.4
501.6
500.4
501.0
496.2
495.2
495.0
495.4
504.8
493.6
497.6
494.0
494.2
491.4
487.2
484.8
483.6
486.8
486.8
480.2
479.8
470.8
471.0
469.6
474.8
501.4
498.8
500.4
509.8
522.6
524.6
525.0
526.6
525.6
525.0
534.8
530.0
523.4
525.4
526.4
526.0
539.0
528.4
526.6
525.0
539.8
522.0
520.8
522.6
518.6
521.6
513.2
513.8
513.8
515.0
520.2
521.6
522.4
517.4
522.6
532.0
529.4
530.0
530.0
532.2
537.6
533.8
533.6
537.0
530.0
527.8
529.2
528.2
544.8
539.8
545.0
535.2
536.4
542.6
529.0
530.2
528.6
529.2
529.2
528.6
527.8
528.8
529.4
532.0
526.8
526.4
528.8
528.8
535.8
528.0
528.0
531.6
534.4
531.6
530.6
532.0
534.2
546.6
536.8
536.8
537.8
537.4
538.8
536.8
537.2
537.2
547.8
534.8
532.6
533.8
537.6
539.8
538.6
538.2
537.8
537.8
539.8
539.0
546.6
549.6
548.8
548.8
547.8
544.0
547.6
544.8
544.6
546.8
553.4
553.0
549.8
549.8
550.4
556.0
564.8
558.4
565.6
567.2
574.8
575.0
565.8
561.0
562.0
565.0
569.2
572.8
569.8
571.0
569.6
569.4
572.2
569.0
568.0
572.2
572.6
573.6
574.6
580.0
578.6
579.0
572.4
590.0
578.6
589.6
588.6
572.8
574.4
577.6
573.0
572.0
572.4
573.8
575.0
575.0
570.0
570.0
570.2
572.6
571.8
573.6
574.4
574.8
573.0
574.8
567.8
573.4
567.0
569.2
572.4
573.6
572.6
572.4
571.2
570.0
576.0
577.0
577.2
572.6
569.6
570.8
574.8
574.0
574.8
573.0
569.0
573.2
578.2
578.6
578.0
577.8
575.0
578.2
571.0
577.0
575.8
582.8
580.6
578.2
580.4
580.4
583.0
578.6
580.8
579.8
577.8
587.6
589.8
589.2
588.6
588.6
589.6
575.0
589.0
590.0
596.4
594.2
603.2
601.2
599.0
598.8
594.2
596.2
596.4
596.4
596.6
596.8
598.8
598.8
599.0
599.0
598.2
595.6
588.0
594.6
589.0
583.2
583.2
581.6
584.4
585.2
588.4
587.8
603.8
594.0
596.8
595.8
593.6
597.4
595.2
598.2
598.8
597.0
597.0
591.6
594.6
594.8
594.4
593.0
597.0
596.0
594.8
593.8
594.6
594.6
598.0
601.0
599.8
599.0
598.2
599.8
598.0
593.4
594.0
598.4
597.2
597.2
594.6
600.0
594.2
595.8
595.8
595.8
597.4
598.6
599.4
595.0
596.6
595.8
598.4
598.6
595.8
595.8
599.0
596.4
595.8
599.4
598.0
599.8
596.2
597.0
594.8
597.4
595.2
597.0
599.8
600.0
597.4
595.6
599.0
596.4
595.6
591.0
591.2
592.8
593.8
592.2
592.6
596.6
593.0
598.6
599.0
598.6
595.0
595.0
595.6
599.8
595.6
594.2
592.8
593.8
593.6
594.4
597.0
596.4
595.0
594.8
594.8
595.0
596.2
596.4
593.0
593.8
593.0
592.6
594.6
596.0
592.8
592.0
597.2
597.8
594.0
595.6
595.0
595.2
598.6
593.8
595.8
597.0
600.4
598.0
598.2
596.4
594.6
600.0
596.2
593.8
593.8
596.4
594.2
595.0
593.6
595.0
594.8
595.0
594.6
580.4
578.6
578.0
579.8
579.8
582.2
585.0
581.4
581.0
581.4
581.4
581.8
578.8
584.2
579.0
580.0
578.4
578.2
574.8
576.2
576.2
576.2
576.0
576.0
578.0
571.0
571.4
570.4
572.4
570.4
576.8
575.8
577.2
578.8
577.0
577.2
577.8
579.4
579.2
577.2
575.6
575.8
579.6
579.4
579.6
577.2
575.4
575.2
577.0
577.2
579.8
580.0
579.8
577.8
579.0
576.6
577.8
595.0
583.6
584.8
581.4
579.4
575.8
577.6
576.4
575.8
577.2
583.8
580.2
580.6
582.2
582.4
580.8
583.0
587.6
578.6
584.8
583.8
579.0
580.2
580.8
579.4
578.4
579.6
580.0
577.2
575.8
576.0
577.2
577.6
580.0
575.2
577.8
575.8
578.0
579.8
576.2
583.6
599.0
590.6
591.2
589.2
589.6
591.0
590.6
595.0
593.0
598.2
603.0
600.4
600.0
602.0
600.0
602.2
600.2
599.0
600.0
599.0
601.2
601.0
599.4
601.0
599.6
601.2
598.0
597.0
600.0
597.4
595.0
595.4
591.8
591.2
592.6
592.4
595.2
593.2
591.0
596.4
597.2
599.4
598.8
599.0
595.4
593.0
593.0
593.2
600.4
598.4
597.6
599.8
600.0
600.0
596.0
599.0
599.8
598.8
600.0
598.6
598.8
599.8
599.0
599.4
597.0
598.6
597.6
592.8
586.4
579.2
578.4
572.4
589.8
576.0
576.2
575.2
576.8
577.4
576.6
567.0
579.6
568.0
573.0
574.6
575.6
580.2
579.0
579.4
578.0
582.6
574.2
578.0
581.6
582.6
592.0
589.6
588.8
588.4
589.8
584.4
592.8
591.2
592.8
591.2
589.6
592.0
603.8
599.6
599.8
595.2
595.0
595.2
600.0
599.2
599.6
598.6
575.4
595.2
594.8
596.8
598.2
593.6
593.8
593.8
598.6
595.0
596.4
596.4
593.4
598.6
599.8
598.2
600.0
599.6
598.2
596.2
591.6
594.6
598.6
598.4
592.4
592.2
593.0
595.2
593.8
596.4
596.8
597.4
598.8
599.2
593.2
599.0
599.0
599.0
593.2
599.6
591.6
595.2
594.8
595.4
595.6
594.8
597.8
597.4
599.0
598.0
599.2
598.4
596.4
598.6
597.8
599.2
598.0
597.4
593.0
592.2
593.0
593.6
593.0
592.8
592.2
589.0
591.6
590.8
594.0
596.6
595.2
595.8
598.0
596.4
598.8
597.0
600.0
599.8
598.4
595.8
597.6
599.4
599.4
599.8
600.0
596.8
598.4
598.2
597.2
596.8
598.0
599.2
596.8
597.8
599.6
595.2
598.6
594.2
593.4
593.6
594.4
596.6
598.0
593.4
595.2
593.0
593.8
593.8
595.6
596.6
599.8
598.8
598.0
598.2
599.4
596.8
599.0
598.0
598.0
598.0
598.6
597.0
599.6
599.8
597.8
598.6
600.0
597.6
600.0
599.8
599.8
598.4
595.8
596.0
596.0
596.0
599.8
599.2
599.8
598.2
598.2
594.2
597.6
594.4
597.0
597.4
585.4
580.6
583.6
583.6
583.2
591.2
565.6
575.4
578.2
579.2
576.2
580.2
584.8
584.6
584.6
572.6
581.4
583.6
583.0
580.2
578.8
582.8
582.2
578.6
580.0
580.8
580.8
583.8
584.2
584.2
584.2
605.2
586.6
589.4
591.0
594.2
593.0
593.2
595.2
595.0
593.4
591.4
595.6
593.8
591.0
590.2
589.4
588.0
588.0
588.0
594.0
594.8
595.0
596.6
595.0
596.2
594.6
593.2
593.8
593.4
593.4
593.4
595.2
596.2
600.0
599.8
597.4
596.6
598.2
596.8
599.8
601.0
600.6
600.4
597.8
597.8
599.8
597.6
598.8
593.4
600.8
597.8
595.8
598.8
598.8
597.6
594.0
594.0
598.4
596.2
598.2
598.2
595.6
596.4
595.4
597.6
598.6
600.0
600.0
599.8
600.0
600.0
599.0
599.6
594.2
567.0
576.0
575.0
573.0
570.0
572.4
572.0
571.4
562.4
563.4
569.0
567.8
565.6
566.8
567.8
567.6
568.4
568.2
567.6
568.8
565.0
571.0
568.8
571.0
569.0
570.2
570.0
571.6
570.2
572.2
572.8
570.0
569.0
570.6
570.8
572.8
568.4
573.6
575.0
573.4
573.2
572.4
572.2
573.0
572.6
572.2
570.6
557.2
569.6
569.0
572.4
572.0
573.0
570.8
568.0
567.0
568.0
567.2
570.8
571.4
570.0
573.0
569.2
566.4
565.0
570.0
570.0
569.8
569.2
569.8
568.6
569.4
570.0
570.2
566.8
566.8
567.6
567.8
571.6
571.2
574.0
572.0
568.2
570.0
571.4
571.4
571.6
577.0
579.0
582.6
577.2
575.8
575.8
576.0
574.6
577.8
576.2
575.4
575.4
577.0
578.4
578.0
578.0
578.4
580.8
590.6
589.8
594.0
586.0
585.6
588.8
587.4
587.6
587.2
587.2
589.0
589.8
586.8
589.6
589.6
590.8
593.0
591.4
590.4
588.2
588.6
586.4
585.8
588.0
587.8
588.0
588.0
588.6
589.2
601.2
592.0
589.4
590.4
589.6
589.6
588.8
588.8
586.6
596.8
598.8
593.4
597.0
597.0
596.2
600.4
598.4
598.4
595.2
593.4
596.2
597.2
599.2
601.0
598.0
598.0
598.0
598.8
600.0
598.8
599.0
597.2
597.8
597.4
598.0
597.8
599.0
600.0
598.6
597.4
598.2
598.0
598.4
598.4
598.8
597.4
599.4
599.0
598.8
599.4
612.2
599.8
598.4
597.6
598.8
599.6
599.0
598.0
599.8
600.0
599.8
599.6
593.2
596.2
591.8
592.0
591.0
591.4
592.2
592.8
591.2
591.0
591.0
590.6
590.6
590.2
590.6
590.4
586.2
590.0
586.0
589.4
590.4
589.8
589.2
589.4
589.4
587.4
587.4
591.8
587.8
588.6
590.0
589.0
588.4
589.0
589.0
586.6
586.0
587.6
588.8
589.4
588.0
585.4
589.0
586.4
586.4
601.8
585.2
587.4
587.6
588.0
587.6
589.2
587.6
588.4
587.2
588.0
587.6
587.4
587.4
588.0
590.2
587.8
587.8
588.0
587.0
586.4
586.2
585.6
585.8
585.4
587.2
586.6
586.4
586.4
584.4
585.2
585.2
590.2
587.2
586.8
585.6
585.8
587.0
588.0
587.8
588.0
589.0
587.0
586.6
582.2
579.2
583.8
584.8
584.4
580.6
599.8
583.8
586.8
587.0
584.8
584.2
587.0
587.0
595.0
586.8
586.6
585.8
586.8
585.4
585.4
590.0
583.6
587.6
584.8
585.4
584.4
586.0
584.4
584.2
584.0
583.4
583.0
580.2
581.8
580.8
585.4
585.0
581.0
582.8
582.8
585.2
586.2
587.2
588.0
590.4
594.0
595.0
587.0
600.0
600.2
596.0
597.4
597.0
597.0
597.2
597.0
591.0
595.4
595.4
594.8
594.0
595.0
596.4
595.2
595.0
596.0
596.0
592.6
595.0
595.6
594.2
594.0
592.6
592.4
592.4
593.0
595.8
593.8
599.0
597.0
592.4
592.2
592.2
592.2
583.0
592.8
591.8
591.4
592.2
590.4
590.4
589.6
589.4
589.6
591.4
591.6
591.8
591.6
592.6
591.2
592.4
590.0
589.6
589.4
587.4
587.6
588.0
587.2
592.0
591.6
590.6
590.2
589.6
592.0
589.8
590.8
597.0
592.4
592.8
592.2
592.0
591.8
592.0
594.8
595.6
599.0
597.8
597.0
597.0
597.4
598.0
598.0
595.2
595.2
600.0
595.4
595.4
596.6
596.2
595.6
595.2
599.0
595.4
598.8
597.2
596.2
593.0
592.0
591.2
591.6
593.8
596.6
598.6
594.8
596.0
595.6
595.8
595.6
591.4
590.8
602.0
594.0
595.8
596.2
593.2
596.8
596.2
596.2
601.4
596.8
599.0
598.6
600.6
598.6
598.8
598.8
598.2
598.6
599.0
598.4
597.6
598.6
598.8
598.4
597.8
599.2
598.8
598.8
598.6
598.2
598.4
597.8
597.4
598.6
598.6
597.8
597.4
596.4
596.6
599.4
599.6
595.4
595.8
594.6
593.4
595.8
595.2
594.0
597.0
596.0
594.0
595.4
594.4
594.4
592.8
592.2
592.2
594.2
595.0
597.2
593.0
591.0
591.0
594.0
594.8
591.2
594.4
594.8
596.6
595.8
598.2
596.0
592.4
594.8
597.0
596.8
596.4
596.2
595.2
595.4
594.8
592.4
593.6
592.6
590.6
592.2
594.4
593.0
593.2
595.0
593.4
592.8
592.2
591.2
593.0
592.6
592.6
591.0
590.6
590.6
590.6
591.2
592.0
592.4
595.6
593.8
593.6
594.0
591.8
592.0
591.6
591.4
592.0
593.0
597.0
594.4
592.4
593.8
593.0
592.8
592.0
592.2
591.6
591.2
595.0
594.2
592.4
595.2
593.6
594.0
585.8
593.0
590.4
590.4
590.8
592.0
591.8
592.4
590.2
593.4
590.8
590.8
591.0
592.4
590.4
592.0
591.0
591.2
591.0
591.0
590.2
592.2
592.4
592.4
590.0
588.0
586.0
585.0
583.2
582.6
583.6
582.4
573.6
580.4
580.2
580.2
580.8
580.6
580.8
582.8
577.4
578.2
581.0
581.8
581.4
581.6
581.4
581.6
581.8
582.0
575.4
586.6
582.8
583.4
584.8
583.4
581.8
583.4
583.0
582.8
586.0
586.2
586.4
586.2
585.6
585.6
586.8
587.0
586.8
587.0
586.4
586.2
587.2
587.2
586.6
586.6
585.8
584.4
583.8
581.8
584.0
582.8
584.2
582.6
582.8
583.2
588.0
587.4
587.0
585.2
586.8
584.0
585.2
584.4
587.2
586.6
584.4
586.4
587.4
587.0
585.0
587.8
590.6
585.2
581.4
583.8
584.0
581.8
581.8
584.6
583.4
581.6
581.8
582.6
583.4
581.8
583.2
583.4
593.6
581.8
583.2
582.8
583.0
585.8
582.8
584.2
582.8
582.8
582.2
583.4
582.0
581.2
580.6
580.8
580.6
580.4
585.0
583.8
584.2
581.6
581.8
581.8
581.0
582.0
582.0
582.2
584.0
582.2
582.6
582.0
582.2
580.2
579.6
577.4
576.4
571.6
581.6
570.8
571.0
571.4
571.4
571.4
571.4
571.6
585.0
572.6
571.0
569.6
571.2
572.0
573.8
574.4
577.8
576.2
574.8
573.2
572.4
573.0
573.4
573.4
572.8
570.4
568.8
576.2
577.4
582.8
584.0
578.8
575.2
574.2
574.2
576.4
579.2
575.8
575.6
574.6
577.0
575.6
575.6
577.8
578.8
576.6
577.0
577.6
576.6
576.4
575.0
576.4
581.6
579.2
577.8
578.6
579.0
576.6
576.6
577.0
576.4
577.0
578.0
578.4
578.6
576.0
579.2
577.6
577.2
577.4
577.6
578.0
577.8
578.2
578.4
578.2
578.2
578.0
578.0
579.6
577.8
577.4
577.6
578.0
578.2
578.2
578.0
578.2
576.8
576.8
576.8
577.0
576.2
577.0
577.2
576.4
577.4
576.6
578.6
578.8
577.8
577.6
578.6
579.6
578.6
577.8
575.4
577.2
574.8
575.4
576.4
576.6
577.2
577.4
577.8
577.6
577.2
577.2
577.2
577.2
577.2
581.0
578.6
576.8
576.0
575.8
575.8
577.0
576.2
576.0
575.4
574.8
572.0
572.2
570.4
569.8
570.0
570.8
570.6
569.4
569.2
569.0
567.8
567.4
567.4
567.4
569.8
568.6
569.8
569.6
567.2
567.2
568.6
567.8
569.6
568.0
568.2
569.0
568.0
568.2
568.2
568.0
567.0
568.4
568.6
570.8
570.4
569.6
569.0
569.0
569.0
569.2
568.8
566.8
571.2
566.2
566.0
564.8
566.6
564.8
565.0
564.8
566.6
566.4
566.0
565.2
565.0
565.0
564.8
565.0
568.0
564.2
564.6
561.0
560.0
564.0
563.0
562.4
562.2
566.0
566.0
565.4
560.0
559.4
560.8
559.2
560.6
560.8
561.8
561.2
559.4
560.2
559.6
559.6
559.0
559.2
559.0
562.0
557.6
557.2
557.2
556.0
554.2
552.6
553.6
553.0
553.4
551.4
551.0
551.4
552.0
552.4
552.4
552.0
552.4
563.0
550.4
554.2
553.6
553.6
554.2
556.0
553.6
553.6
553.8
561.8
554.4
553.8
552.6
553.2
554.2
554.8
554.8
553.8
554.8
552.4
551.6
552.4
552.8
553.0
553.6
554.4
556.0
556.0
552.4
555.8
555.4
553.8
553.2
553.2
554.2
554.2
561.0
563.0
563.2
562.6
563.4
563.2
563.6
563.6
564.0
563.8
565.0
563.0
562.2
558.6
557.0
557.0
558.8
558.0
560.0
564.0
560.8
560.8
560.0
557.6
558.4
557.4
558.0
560.0
561.0
559.4
559.6
557.2
555.4
556.2
555.4
557.2
560.4
554.4
555.6
555.4
555.2
555.2
555.0
555.6
555.8
560.8
556.4
557.8
558.2
557.6
557.2
556.8
557.4
557.6
557.8
556.8
556.4
555.6
556.4
556.2
556.4
557.2
557.2
557.0
557.0
556.8
557.2
556.0
555.2
555.0
555.4
555.2
555.2
557.4
557.0
556.4
553.4
552.6
552.8
553.4
555.4
556.8
555.2
555.8
554.4
553.4
554.2
554.6
553.6
553.4
556.6
557.8
557.6
557.6
557.8
557.0
555.4
555.8
555.2
555.2
557.2
556.8
554.6
555.6
555.6
555.4
554.0
558.8
556.0
555.4
555.2
555.2
555.4
554.0
555.4
554.6
555.6
556.0
556.4
556.2
554.2
555.4
555.0
555.0
555.0
556.2
554.6
555.2
555.0
554.6
555.6
555.6
555.6
555.8
555.0
554.6
557.0
556.0
554.2
554.6
553.6
553.8
554.8
557.0
556.0
555.0
555.4
555.2
555.0
554.8
553.8
554.0
570.4
555.0
555.4
555.4
555.0
555.0
555.0
555.2
553.4
555.4
554.6
554.8
555.0
555.6
554.4
554.2
554.2
554.0
560.0
556.6
558.0
558.4
559.6
559.0
559.0
558.8
558.4
560.0
558.8
559.0
558.6
558.6
558.0
556.8
557.4
555.4
558.4
556.2
556.4
557.0
557.6
556.2
556.2
555.4
555.6
556.6
557.6
558.6
557.6
558.2
557.4
555.6
556.2
557.6
557.2
557.8
557.8
558.2
556.4
556.2
556.0
556.2
555.8
557.2
555.8
556.0
556.6
556.0
556.0
556.0
555.8
560.0
557.6
557.6
557.6
557.4
557.4
556.8
557.2
557.4
555.4
557.0
556.2
556.8
555.8
555.8
555.8
556.2
556.6
557.2
556.4
556.2
555.8
555.4
555.4
555.8
555.8
556.2
557.2
556.0
556.6
556.2
556.2
555.8
556.2
556.8
556.2
560.0
556.4
556.4
556.4
556.8
556.2
557.0
557.2
557.0
560.0
558.0
559.2
559.4
558.8
557.2
556.2
553.2
552.4
550.0
550.2
548.6
549.6
544.0
538.2
539.4
537.0
536.2
534.8
526.4
527.0
516.6
519.6
522.2
520.2
520.0
522.0
523.4
528.0
527.2
530.6
529.2
528.0
529.0
524.4
526.4
526.8
528.0
533.8
530.0
531.2
531.2
533.0
533.8
536.6
541.0
541.8
543.0
540.8
542.6
541.4
538.6
542.0
540.4
540.2
540.0
540.6
545.0
545.0
545.4
545.6
545.4
545.0
545.6
543.8
543.4
544.4
544.8
546.2
547.6
550.8
550.8
552.8
559.0
555.8
551.8
552.8
553.0
549.4
549.4
550.4
550.4
550.2
550.2
550.2
551.8
551.8
551.6
551.6
551.2
549.2
549.6
550.6
552.8
553.6
555.2
555.2
553.0
553.0
554.2
553.8
553.2
545.0
547.2
546.8
547.0
548.6
550.8
549.2
548.0
548.6
547.4
546.4
546.0
545.0
544.8
544.8
547.8
544.2
544.0
546.8
549.4
551.0
550.8
551.4
552.0
550.4
549.8
550.4
548.0
548.2
548.4
548.0
548.6
547.4
547.2
547.4
545.6
546.8
546.8
544.2
545.2
545.8
545.8
547.8
548.6
548.4
546.0
545.2
544.0
544.6
543.6
543.6
543.8
543.2
543.4
544.8
547.8
544.2
544.0
543.2
543.4
543.8
543.6
542.8
543.6
543.8
543.6
544.2
543.2
543.6
544.0
545.0
544.0
544.0
545.4
545.0
547.0
546.6
546.2
547.8
547.2
547.2
556.0
543.6
545.4
544.2
544.2
545.4
545.2
545.0
544.8
545.0
544.2
543.6
543.4
544.0
546.0
544.0
543.8
543.8
545.2
543.8
541.8
541.8
540.2
540.0
540.2
541.0
541.6
540.6
545.0
544.6
544.6
544.2
543.8
544.2
545.0
544.8
544.8
541.8
544.0
541.8
540.4
541.0
540.6
541.0
541.2
541.8
542.2
541.4
538.8
538.2
538.6
538.6
539.0
538.2
539.4
540.0
539.0
539.8
540.6
540.0
539.0
540.8
539.0
539.4
538.6
538.8
539.2
539.2
537.8
539.0
538.0
537.8
539.4
539.2
538.2
537.8
537.0
535.6
535.6
534.2
531.0
535.8
536.6
536.4
537.6
536.0
536.0
534.0
534.4
533.4
533.0
534.8
533.8
533.8
532.2
534.8
535.2
535.8
533.4
535.4
530.2
529.4
530.6
533.8
533.2
531.0
530.6
529.6
531.0
530.4
530.4
530.4
530.0
530.2
530.2
530.0
530.0
530.6
531.8
531.2
530.4
531.2
531.4
530.6
530.0
529.2
532.0
530.2
530.6
529.8
530.8
529.6
529.8
529.4
529.0
528.2
529.8
530.4
530.2
529.6
530.2
529.4
530.0
530.6
530.2
530.0
529.0
529.6
529.6
528.0
530.2
529.8
529.4
529.2
530.2
531.8
530.6
530.2
529.4
529.6
532.6
532.6
532.4
532.2
531.2
530.8
531.6
531.0
536.6
535.0
535.8
537.2
534.6
535.0
534.6
533.6
534.4
533.4
535.0
538.4
550.0
552.2
540.4
541.4
541.6
541.4
540.2
539.2
539.0
539.0
540.0
537.2
537.0
538.4
537.2
539.2
538.2
542.0
540.4
538.6
544.0
544.2
542.6
542.2
540.8
542.4
541.2
540.8
539.8
542.6
542.4
541.8
540.4
540.4
540.8
539.8
540.0
539.8
531.6
532.4
533.4
532.8
532.4
533.6
532.6
532.4
531.4
531.2
527.6
526.8
528.4
526.8
526.0
527.0
527.8
528.2
525.4
527.8
526.2
528.2
526.0
525.6
524.2
524.2
523.0
512.2
517.0
512.2
510.0
510.8
511.2
517.4
517.0
547.2
544.6
538.0
536.0
535.8
533.2
534.0
529.6
529.0
528.0
525.6
536.4
531.0
532.0
532.8
530.8
530.4
530.6
527.4
530.0
524.4
525.2
525.0
525.2
523.8
523.2
523.2
522.2
526.0
523.6
522.8
523.8
523.6
522.0
522.8
520.4
518.2
514.2
521.6
523.6
522.4
520.2
522.2
521.0
519.2
519.0
515.4
509.0
492.6
494.6
494.2
496.8
495.4
504.4
508.2
504.8
508.8
500.0
500.6
499.4
501.4
501.8
501.4
502.2
504.0
501.2
492.2
489.4
494.6
493.4
490.0
490.8
488.2
489.6
488.8
489.4
489.0
490.8
485.2
484.2
481.2
484.2
488.0
488.2
480.6
485.0
480.6
483.2
477.8
473.8
473.0
471.4
467.2
473.2
473.2
466.0
466.4
466.4
464.4
462.8
458.2
459.6
450.6
448.4
448.6
449.2
449.2
444.8
443.8
442.0
442.4
431.4
435.6
436.0
435.2
434.6
435.0
433.2
437.4
437.6
474.2
447.0
450.6
451.8
453.8
454.6
452.4
454.0
459.2
469.8
453.2
441.4
444.8
445.4
445.6
445.4
447.0
447.2
447.6
474.0
458.8
461.8
460.8
458.8
457.4
456.6
453.0
451.2
442.8
461.8
453.6
455.4
454.4
451.0
452.0
450.2
450.4
450.8
450.8
446.6
448.6
444.0
444.8
447.0
445.6
448.6
447.0
447.0
440.0
451.4
451.8
450.2
450.2
450.0
449.4
449.2
448.6
449.8
446.8
447.0
447.8
446.4
447.0
447.4
448.2
447.6
447.8
452.2
453.2
453.6
454.6
454.2
453.8
453.4
456.0
469.2
466.0
455.4
458.6
459.0
459.4
460.0
460.0
459.6
459.6
460.2
460.2
462.8
462.0
463.0
463.2
462.8
460.6
450.8
459.0
460.2
456.0
460.4
459.6
464.6
464.2
460.0
458.4
459.4
454.0
453.6
457.2
453.6
452.6
451.2
452.2
451.2
453.0
453.8
453.8
455.0
456.4
458.8
461.8
460.4
460.0
460.0
459.8
459.2
456.0
454.2
455.0
456.0
455.2
456.4
459.4
458.8
458.6
466.8
463.8
464.8
464.2
465.6
463.4
464.6
465.0
466.0
467.0
462.6
463.0
461.8
462.2
464.0
462.4
463.8
464.6
466.0
461.6
461.6
461.2
463.0
464.0
464.4
463.0
462.2
445.6
463.0
463.0
461.8
465.4
464.8
464.2
462.8
460.8
461.4
462.6
450.0
447.2
446.4
441.0
443.4
442.8
442.2
442.4
440.0
445.0
444.4
443.2
443.0
440.0
440.4
437.0
439.0
425.8
420.0
422.0
425.2
426.2
426.2
423.8
424.0
422.8
417.0
417.0
418.8
418.6
418.8
418.8
417.2
417.8
416.4
418.2
418.8
401.8
403.8
404.4
404.2
405.2
405.6
406.8
406.4
399.2
406.8
407.0
409.2
411.8
414.2
416.0
418.0
415.8
415.2
421.6
418.2
419.4
421.4
421.4
421.4
420.6
422.8
413.0
412.6
412.4
413.8
412.6
412.6
413.2
412.0
413.0
406.2
412.0
411.6
411.8
412.4
412.0
412.2
411.0
411.8
412.0
410.2
410.2
411.4
411.4
411.8
412.8
413.4
415.0
411.0
414.4
419.6
420.0
420.4
420.8
421.4
421.0
418.8
419.0
416.0
424.2
424.4
420.0
417.8
420.0
421.6
422.0
420.0
419.8
416.0
413.0
412.6
412.2
413.0
413.4
413.4
412.0
412.0
413.0
419.6
418.8
418.8
417.2
417.6
419.2
419.6
419.4
420.0
421.4
421.0
421.6
422.2
421.4
422.8
421.8
423.0
422.2
424.4
424.4
423.4
424.2
424.4
424.2
423.8
423.4
426.0
425.2
425.0
424.6
423.8
427.0
426.2
426.2
426.4
427.6
429.8
430.0
430.8
431.8
432.0
432.0
432.4
431.8
431.0
425.6
426.4
426.2
428.2
428.4
429.4
427.8
427.6
417.6
423.2
413.8
415.0
416.2
416.2
413.8
415.4
416.0
415.0
419.0
418.4
419.4
417.6
418.8
418.8
418.4
419.2
419.0
419.8
419.2
420.2
422.2
422.4
422.0
422.2
422.0
422.0
423.2
423.0
423.0
422.0
423.0
422.8
421.6
421.2
422.0
418.8
419.8
421.8
421.8
422.4
422.4
421.8
421.8
421.6
421.8
421.2
422.8
423.2
424.4
424.4
424.0
425.0
423.6
422.0
423.0
422.4
422.6
422.6
422.2
422.2
421.0
421.6
423.0
422.4
423.8
424.8
424.2
424.0
423.4
423.4
424.0
426.0
426.0
426.6
426.0
424.4
423.8
425.4
425.4
425.8
422.2
421.8
422.2
421.4
421.2
421.4
421.6
420.0
420.0
420.6
420.4
421.6
421.8
424.2
424.6
424.2
424.8
424.8
421.2
422.0
422.6
422.8
423.6
422.8
422.4
423.6
435.2
435.2
429.2
429.4
429.0
428.8
429.8
430.2
428.4
428.0
429.4
430.0
429.8
429.2
430.4
430.4
430.0
430.2
430.0
430.4
430.4
437.0
436.4
438.0
436.0
435.2
435.2
435.8
441.2
439.4
436.4
436.8
437.2
438.4
437.8
436.0
436.2
436.6
435.0
439.6
439.6
439.0
439.6
438.6
439.4
438.4
440.6
440.0
447.0
447.2
446.4
446.6
447.4
447.6
447.6
447.6
448.2
449.2
447.4
449.4
449.4
450.0
452.0
450.2
451.4
451.8
447.2
445.8
443.8
442.2
442.6
445.2
446.0
445.8
447.6
441.0
446.4
446.0
447.2
445.6
446.8
447.6
450.0
450.0
441.0
444.8
450.0
449.6
450.0
451.4
451.2
449.4
451.8
454.0
455.0
458.8
457.6
456.6
457.2
457.8
454.8
452.6
454.6
455.0
455.6
455.6
456.0
456.0
456.0
456.0
456.0
458.8
465.0
465.8
465.4
465.8
466.6
468.0
470.0
469.0
478.2
478.4
478.6
478.4
478.6
480.0
479.0
478.6
502.6
489.6
490.0
491.0
502.0
504.0
498.2
497.0
496.4
519.8
512.8
511.0
515.0
518.4
523.6
524.8
527.8
525.4
530.0
526.0
527.8
532.6
534.6
535.6
538.0
534.2
537.0
533.0
538.0
534.4
536.2
535.0
535.0
535.8
535.8
535.4
536.0
532.0
533.4
530.6
531.0
533.2
534.8
534.8
534.6
533.8
530.8
534.8
533.0
535.6
539.0
539.2
538.6
539.2
537.0
540.0
540.0
539.0
539.6
541.2
542.4
544.0
542.2
544.8
548.2
547.4
545.4
548.4
544.6
545.6
544.4
544.2
544.4
538.8
538.0
538.8
544.0
539.6
540.0
542.6
543.0
540.2
538.0
537.4
538.2
539.4
540.0
538.8
539.2
539.6
550.0
539.8
540.8
541.2
541.0
539.0
541.0
540.0
540.4
542.8
539.8
538.0
538.0
538.0
538.0
538.2
539.4
533.2
533.2
532.4
530.8
530.4
529.8
529.6
526.8
520.8
525.0
522.0
527.0
524.2
524.8
521.0
523.4
521.4
525.0
522.6
518.8
517.2
516.8
511.6
512.4
511.0
510.6
508.4
525.2
516.2
516.6
515.6
516.8
520.0
517.0
518.0
510.2
508.2
515.0
510.0
510.2
507.8
506.0
502.0
501.0
500.8
498.2
495.2
499.4
498.6
497.4
499.8
499.6
498.0
499.4
497.2
497.0
491.8
496.6
495.4
495.4
497.4
498.0
499.4
505.0
517.6
520.8
521.4
520.4
519.8
521.4
521.0
521.0
520.6
516.0
512.6
512.8
510.4
510.6
511.8
510.6
508.6
508.6
510.8
514.4
511.6
511.2
509.2
509.0
508.8
509.8
510.0
510.0
508.8
507.2
507.0
508.8
508.4
507.8
508.2
508.0
510.0
512.2
508.4
509.0
510.2
510.0
509.8
509.0
508.4
508.2
508.2
504.6
505.2
507.8
508.0
508.8
507.8
508.2
508.0
511.4
508.4
509.0
511.4
511.8
511.0
510.6
511.4
511.6
513.4
511.0
512.4
513.6
513.2
505.0
497.2
498.0
498.2
499.4
496.8
497.4
498.2
498.2
496.6
493.2
494.6
494.8
492.0
494.8
494.8
495.0
495.2
495.0
496.6
495.8
496.8
496.8
497.0
496.0
497.8
497.6
496.8
496.2
499.0
499.4
500.0
501.0
499.2
499.0
500.6
502.2
502.8
505.4
508.0
508.0
508.4
511.0
510.6
510.8
510.4
510.2
510.8
511.8
506.2
507.2
504.2
506.4
506.4
507.4
507.4
509.0
512.8
496.0
505.2
502.6
502.6
503.2
504.0
504.6
507.4
508.0
510.0
511.6
512.2
519.6
518.2
517.4
520.8
520.4
517.0
520.8
517.8
512.8
511.6
511.0
511.2
516.0
516.2
515.0
516.0
512.6
511.6
512.0
512.4
512.2
513.0
514.0
513.0
514.0
513.2
514.0
507.0
507.2
508.2
507.8
507.0
505.6
507.4
504.8
504.6
503.8
501.0
501.4
502.0
503.0
503.0
503.0
498.8
499.2
499.0
499.2
499.2
499.2
499.4
499.8
500.0
498.0
497.8
498.0
498.6
495.4
496.2
496.0
496.2
497.8
489.0
490.4
493.8
492.6
492.8
491.2
490.8
491.0
491.2
490.6
490.8
493.0
490.8
493.8
493.6
492.4
495.0
491.2
496.8
495.0
494.6
495.8
497.4
497.4
492.0
492.4
492.6
493.4
493.0
490.2
491.0
491.0
489.2
490.4
490.6
490.8
489.8
489.0
488.8
483.4
482.6
483.8
481.8
483.4
483.4
475.0
472.0
470.0
472.2
470.6
471.0
471.8
471.6
472.2
472.0
471.4
467.2
466.0
465.8
465.8
464.8
464.0
463.0
454.0
453.2
452.0
453.2
452.4
452.2
454.6
454.8
455.0
464.0
440.2
435.6
437.8
436.8
432.4
421.0
422.6
424.6
424.4
420.2
421.0
420.4
421.4
422.0
422.2
422.4
424.8
426.4
428.6
423.8
424.8
424.6
424.0
424.4
424.6
424.6
424.0
434.2
425.4
422.0
426.2
425.6
425.8
422.6
423.4
427.4
433.6
426.0
428.0
428.0
428.2
427.6
425.2
427.8
425.2
425.2
424.2
419.0
419.6
418.8
419.2
416.6
416.0
415.0
417.2
418.6
413.0
413.0
413.0
415.6
416.0
407.0
406.4
418.0
415.8
411.6
411.4
411.6
412.0
406.0
406.6
407.0
408.6
405.2
411.0
406.8
406.2
405.8
403.4
404.6
404.8
405.0
406.6
406.6
407.0
404.2
404.6
405.0
405.2
404.8
405.4
400.6
402.8
403.0
400.2
401.0
401.6
402.6
403.0
402.8
402.2
402.0
401.6
405.6
405.2
407.2
406.6
406.8
406.8
405.8
405.6
405.0
411.6
405.0
404.6
404.8
404.6
404.0
405.0
404.2
403.4
404.6
402.0
396.0
396.0
393.8
394.6
395.8
391.0
375.8
376.2
366.4
368.0
367.6
368.0
368.0
368.0
364.4
361.8
362.0
361.4
365.6
367.0
368.0
367.4
367.0
367.8
368.4
368.0
366.2
365.6
367.0
368.2
367.6
367.6
366.0
365.0
360.4
360.8
365.8
341.4
337.4
338.2
338.6
336.8
335.8
337.8
341.2
345.0
351.6
346.4
348.6
347.0
346.2
345.8
346.0
346.6
348.6
347.8
345.6
340.4
342.4
342.4
341.6
342.2
343.2
344.0
344.8
342.6
346.2
344.8
344.0
345.2
344.2
344.0
344.2
345.0
343.0
343.8
343.8
343.8
343.2
343.2
344.0
342.2
342.8
342.0
342.0
343.8
343.6
344.2
344.4
342.4
344.0
344.8
342.0
341.8
341.0
341.6
342.8
341.8
341.8
342.6
344.4
347.0
348.2
347.8
348.0
348.2
348.6
350.4
352.0
350.8
351.2
351.0
349.4
350.8
349.8
349.2
350.8
349.6
350.2
349.6
348.0
349.6
348.2
348.0
349.6
348.2
347.8
347.4
347.6
346.6
346.4
346.6
346.4
345.6
346.0
345.0
345.2
346.6
342.8
342.6
342.2
342.0
341.0
341.6
341.8
340.8
340.6
340.4
340.6
339.2
338.6
338.4
339.0
337.6
338.4
336.6
338.8
339.0
338.6
338.8
338.0
338.6
338.0
338.6
339.2
338.6
338.2
338.8
337.0
336.4
335.2
328.0
330.2
330.0
330.0
324.2
324.6
324.0
324.6
312.8
311.2
310.6
309.4
309.0
311.2
310.8
311.8
310.8
306.0
305.0
305.6
306.8
307.2
306.2
306.2
306.0
307.0
307.6
301.2
302.6
300.6
301.2
301.4
301.0
300.4
302.8
302.2
302.8
304.2
306.6
306.8
310.0
311.8
310.4
302.0
303.4
303.0
303.8
303.0
302.6
304.4
304.0
304.4
303.8
304.0
303.0
303.2
306.0
305.8
304.8
305.2
305.0
305.6
306.8
306.8
307.0
306.8
307.6
304.6
306.2
304.6
305.0
296.0
297.2
299.0
300.8
299.2
298.0
299.2
297.6
296.0
295.6
296.8
296.0
297.4
298.8
297.2
292.8
290.4
290.0
290.0
290.4
290.2
290.4
290.0
290.0
290.4
289.8
289.8
289.4
290.6
289.8
290.0
291.6
293.0
292.6
288.0
288.2
290.0
290.4
291.0
291.0
290.0
290.6
290.0
290.6
292.0
293.0
292.6
293.0
288.6
290.2
289.6
290.0
291.2
288.8
290.6
290.4
290.8
292.8
293.6
297.0
295.2
302.4
297.6
299.0
300.0
300.4
300.2
300.2
306.6
307.0
308.6
303.8
297.6
299.2
299.6
299.6
299.8
299.8
299.6
299.2
307.2
299.2
299.4
299.0
298.2
298.2
300.4
300.2
298.8
299.0
299.8
300.0
300.6
297.8
298.4
299.8
299.2
299.6
300.0
301.6
301.6
300.6
300.8
301.6
300.0
299.2
300.0
298.4
297.2
293.8
295.6
295.0
295.6
296.4
297.6
298.6
298.8
298.8
298.0
298.4
298.4
299.4
299.4
299.4
299.0
299.8
299.6
300.4
302.2
300.0
300.0
300.0
299.2
300.0
301.0
301.4
301.4
302.0
300.4
300.4
299.0
298.8
298.8
299.2
299.2
299.4
298.2
298.0
298.8
297.8
298.6
298.2
296.8
298.6
298.0
298.0
296.8
298.6
298.4
298.2
298.2
298.4
298.8
298.6
299.4
299.0
299.8
295.4
296.0
296.0
296.0
295.8
296.0
295.8
298.0
298.4
298.6
298.2
298.2
298.6
298.8
296.8
296.4
297.0
298.0
298.2
297.8
297.6
299.0
295.0
295.6
295.8
295.6
296.4
298.0
298.2
297.6
296.6
294.4
294.4
293.2
294.4
294.4
295.8
296.0
296.8
296.4
295.4
293.6
295.0
295.8
295.2
296.6
296.8
296.0
296.2
294.8
295.2
294.8
294.8
295.8
295.0
295.0
295.2
295.0
295.0
295.2
294.8
294.2
294.4
294.6
294.6
293.6
294.2
294.8
295.0
295.2
294.0
294.8
294.0
294.2
293.2
294.0
295.0
295.0
294.2
294.2
294.2
293.8
294.0
294.0
294.2
290.6
290.2
290.6
290.2
289.8
293.2
293.6
292.2
292.0
289.8
289.6
290.0
289.4
288.0
290.6
279.2
278.8
281.0
282.0
280.0
280.8
280.8
278.6
275.4
277.0
276.6
277.2
275.6
276.2
276.0
276.0
275.8
273.2
273.0
273.4
273.8
273.8
273.4
273.6
274.6
274.8
275.6
275.0
276.4
274.8
273.2
274.0
274.4
265.0
265.6
265.6
261.4
260.8
260.6
260.2
262.2
263.2
263.2
264.0
263.2
264.6
266.4
264.4
260.8
262.0
261.4
262.2
262.0
260.2
261.2
261.6
262.0
254.2
256.0
254.8
253.4
252.2
249.4
256.0
243.8
245.0
239.6
239.0
240.0
239.2
241.4
240.0
240.0
242.0
239.2
240.6
240.4
240.6
241.0
239.0
238.4
239.2
239.4
238.8
241.0
242.0
240.2
240.6
239.4
239.6
236.6
238.4
235.8
234.6
231.6
230.8
227.4
228.8
226.8
228.8
228.0
227.6
227.0
225.4
225.6
225.6
226.0
227.8
233.6
231.2
230.8
245.8
249.0
239.2
242.2
241.6
241.8
241.0
242.6
239.8
245.0
245.0
241.0
234.4
235.6
240.4
239.6
238.8
237.4
238.4
241.2
241.0
241.4
241.2
241.4
240.6
239.4
239.2
237.6
238.0
241.4
239.4
238.6
237.4
237.8
236.8
237.8
237.6
236.2
241.0
239.2
239.4
239.2
239.2
235.0
235.0
234.6
234.2
235.8
235.0
236.0
235.0
234.6
234.2
234.2
233.6
233.0
234.0
237.2
236.8
237.8
239.8
240.0
242.0
244.8
244.4
242.6
248.8
249.8
249.2
249.6
250.2
250.0
249.6
249.8
251.0
251.2
255.4
257.4
255.6
256.8
256.8
256.6
256.0
257.0
258.0
259.0
264.4
265.0
266.2
266.8
267.0
267.2
264.6
264.8
263.2
276.0
291.4
297.0
293.2
293.8
291.0
286.4
286.0
290.2
293.6
348.6
332.0
332.8
332.8
330.0
300.0
296.6
294.6
300.0
307.0
300.0
293.4
290.6
284.8
279.8
285.2
289.6
289.8
289.2
289.2
271.4
268.0
266.8
267.0
266.8
267.0
265.4
267.0
266.6
267.4
272.2
269.4
267.8
267.2
266.8
266.2
267.0
264.8
258.0
259.0
256.8
259.0
261.4
260.8
261.2
261.2
261.4
261.0
260.2
264.6
262.8
261.0
260.0
259.0
260.2
259.8
259.8
258.0
257.4
257.2
255.0
252.6
253.2
254.2
253.8
253.8
253.6
255.4
255.2
254.2
252.6
251.6
250.2
251.0
250.0
251.2
251.4
249.8
249.4
250.0
243.2
239.8
240.2
240.2
240.4
240.8
240.2
240.2
237.6
238.4
252.0
248.0
250.0
250.4
252.0
253.0
253.8
254.0
256.8
256.4
257.8
259.4
253.0
250.6
254.6
254.0
253.8
252.4
252.0
252.8
251.4
251.2
249.6
249.8
249.4
250.0
248.4
248.2
247.0
247.4
244.6
245.8
245.6
240.0
240.0
239.0
239.6
239.8
240.0
239.6
239.6
235.0
233.0
230.0
230.0
230.0
230.6
230.8
231.6
233.8
234.4
234.0
234.4
233.8
233.6
233.4
233.6
233.0
236.0
239.2
237.4
227.8
229.4
229.8
227.0
227.0
228.8
227.6
228.8
228.0
228.6
219.0
219.8
221.8
222.2
222.0
221.8
222.0
223.4
222.6
215.4
216.6
216.6
216.6
218.0
218.8
216.0
214.2
218.4
214.8
216.6
212.4
213.6
214.0
214.8
214.6
215.0
214.4
219.2
218.4
216.0
216.2
213.0
208.2
209.2
208.0
209.0
210.0
211.0
211.4
211.8
211.8
211.6
201.8
202.6
202.4
202.4
203.0
203.0
201.4
197.4
199.2
199.8
199.2
199.2
199.8
199.0
199.0
203.8
203.0
202.4
202.0
202.0
201.8
202.6
203.8
204.2
204.8
202.4
202.6
203.4
203.2
205.4
206.6
206.6
206.8
206.8
207.6
220.8
209.8
209.6
209.6
209.2
209.8
208.0
208.8
209.0
214.8
211.4
211.6
208.4
208.8
209.2
208.4
208.6
207.2
208.2
207.0
206.6
208.4
208.4
208.2
208.8
208.4
208.4
208.0
208.2
209.0
209.4
209.2
208.2
207.6
207.2
208.0
207.8
207.2
209.2
209.0
204.8
205.0
204.8
204.8
205.0
205.0
205.2
205.2
204.8
211.0
206.4
206.2
207.0
207.2
207.0
208.0
209.4
208.2
208.8
209.6
209.0
209.6
209.6
213.0
212.8
211.8
210.8
211.6
211.6
206.6
207.0
206.8
206.4
206.8
206.2
206.6
205.6
205.0
208.2
205.0
204.0
203.6
202.8
202.6
203.0
202.4
202.6
202.4
202.0
201.8
202.2
201.2
199.6
199.4
199.4
197.8
198.0
197.8
198.4
198.8
197.4
197.8
198.2
197.6
198.0
198.4
198.2
197.8
197.2
198.2
197.4
197.4
196.8
197.2
196.2
197.0
197.0
197.6
196.8
196.0
196.2
196.0
196.0
196.2
196.4
196.2
197.2
196.8
191.8
190.2
190.0
189.4
189.6
189.8
189.6
189.6
190.0
192.2
186.8
186.6
186.6
186.6
186.6
186.8
185.8
186.0
186.8
188.6
185.2
185.2
185.4
185.4
185.4
185.4
185.0
185.4
185.6
198.6
205.8
193.6
189.8
189.6
188.8
189.4
189.6
190.8
192.4
187.0
187.4
188.4
188.6
188.8
188.8
190.0
190.2
191.2
197.0
189.2
189.2
190.2
190.4
190.4
191.2
191.6
190.8
190.2
192.0
191.2
192.4
191.4
191.4
191.4
191.4
191.8
192.2
192.4
193.4
192.2
192.6
192.8
192.8
192.6
192.2
191.2
192.0
190.4
194.0
190.6
190.8
190.0
190.8
187.0
188.4
188.6
187.8
185.8
186.0
188.6
189.0
188.2
188.8
187.8
188.8
188.0
187.6
184.0
183.0
181.8
181.8
181.8
182.2
182.2
182.4
182.4
182.4
180.4
183.8
180.4
181.4
181.6
181.4
181.4
181.4
181.2
181.2
180.6
180.6
181.4
179.4
179.4
179.4
179.0
176.4
175.6
176.2
175.2
175.0
172.8
171.4
171.8
171.8
171.8
171.6
170.4
171.8
170.0
170.0
169.0
168.2
170.2
171.0
171.0
167.4
169.4
169.2
166.8
167.6
168.8
168.8
168.4
168.8
167.8
168.2
168.6
168.8
166.0
166.0
165.6
161.8
163.2
163.4
162.8
162.2
162.2
162.0
161.0
160.6
158.0
157.4
156.0
154.0
155.0
155.0
153.6
154.4
155.0
155.0
156.2
157.6
161.0
159.0
159.6
160.0
160.6
161.4
161.6
162.0
166.4
166.0
165.8
165.8
165.4
165.6
166.0
166.0
165.8
166.0
164.4
163.6
161.6
160.8
161.6
161.6
162.0
162.0
161.8
162.0
162.0
162.6
162.8
163.0
162.6
164.2
163.2
163.4
164.2
164.0
164.0
162.8
163.6
163.6
163.0
168.0
166.8
167.6
168.2
168.0
168.2
176.4
177.2
177.4
178.4
176.8
175.8
174.6
175.0
177.0
183.8
183.6
179.6
180.4
177.8
179.4
180.4
180.2
180.4
181.8
182.4
179.8
179.6
179.0
177.4
176.0
172.6
174.8
176.2
177.0
176.2
175.4
176.8
177.2
177.8
176.4
175.4
176.0
176.0
176.0
171.4
170.8
171.0
171.0
170.6
170.6
169.2
169.4
169.2
170.0
170.2
170.0
169.6
169.8
171.4
170.6
168.8
168.2
170.0
174.8
169.0
170.0
170.0
170.0
170.6
170.0
170.2
170.0
170.0
169.8
169.0
169.6
170.0
170.4
169.2
169.8
168.8
169.0
169.0
169.0
170.0
170.4
169.4
169.8
169.8
168.0
167.4
167.4
167.8
165.6
168.2
166.8
167.0
167.2
167.8
167.0
167.2
167.8
166.2
167.0
166.4
166.0
167.0
167.8
167.0
168.8
168.4
168.4
168.4
167.8
167.4
168.4
167.4
169.0
168.4
167.8
167.6
168.0
168.0
168.4
169.2
169.4
168.2
169.4
169.0
168.4
168.2
168.0
168.0
169.6
169.0
169.6
169.4
169.4
169.4
169.6
168.6
170.2
170.0
171.4
169.6
170.2
171.0
171.2
170.2
170.2
170.0
170.2
169.8
169.0
169.2
169.8
169.2
168.8
168.6
167.8
168.2
168.2
167.2
168.0
167.2
167.2
167.6
167.6
167.6
167.2
167.0
167.0
168.4
168.8
169.0
168.8
167.6
164.0
166.4
167.6
167.4
168.0
167.4
166.4
166.8
167.0
166.2
165.6
166.0
166.0
166.0
166.2
165.4
167.0
166.6
166.2
166.4
167.4
168.2
168.0
168.4
168.4
168.2
169.6
168.8
168.6
168.8
168.4
168.8
168.8
169.2
170.6
171.8
170.6
169.8
171.0
170.8
170.4
171.0
171.0
171.0
170.0
169.4
169.6
170.2
170.0
170.0
169.2
168.6
168.6
168.4
166.8
167.6
167.4
167.0
166.0
166.6
166.8
167.2
167.2
168.0
167.8
168.4
168.2
168.0
167.6
167.6
167.8
167.8
168.0
166.4
166.0
166.4
166.0
165.6
165.6
165.6
165.6
165.6
166.4
165.4
165.2
164.4
164.0
161.8
167.6
177.2
173.0
170.0
170.2
168.8
168.6
167.2
167.6
167.6
168.8
167.4
167.2
167.0
170.0
169.6
168.8
169.6
169.4
169.4
168.6
169.4
169.2
169.2
169.8
169.6
168.6
169.2
170.0
168.6
166.8
167.0
167.2
167.8
167.6
168.0
167.4
168.0
168.2
167.4
169.4
167.0
168.4
168.4
170.0
170.4
170.4
170.4
170.6
170.4
170.6
169.4
170.6
170.8
174.8
174.4
174.8
173.6
174.6
175.2
174.4
174.8
175.2
175.8
173.0
172.8
171.8
172.6
172.2
172.8
170.8
170.2
169.4
171.4
171.8
171.0
170.8
170.4
170.4
170.2
170.2
171.6
172.4
170.8
172.8
172.8
171.2
171.4
170.8
170.6
170.4
171.0
170.6
170.8
171.0
170.6
170.4
170.0
170.6
170.2
172.0
170.8
171.6
170.6
170.8
172.2
172.0
171.4
171.0
170.6
170.8
170.4
170.6
171.8
171.8
171.8
172.4
171.8
172.2
173.4
172.4
173.2
173.2
173.2
173.2
172.8
173.2
173.2
172.6
173.4
174.4
174.0
174.0
174.2
173.8
173.8
173.2
173.0
172.8
173.4
174.0
175.2
175.4
175.2
176.6
176.2
176.4
175.0
176.0
176.2
174.2
176.2
176.2
176.2
175.2
175.8
175.2
176.4
178.8
178.0
178.4
178.0
177.4
178.4
178.2
177.8
177.4
175.4
178.0
177.6
176.0
175.6
176.0
175.2
175.4
175.0
175.0
175.0
175.2
175.8
175.6
174.8
173.6
172.6
174.8
174.6
173.8
174.0
173.8
176.2
174.2
174.2
174.0
174.0
174.4
175.2
174.0
173.6
173.4
173.4
173.8
173.6
173.8
174.4
174.4
173.0
172.8
172.6
172.6
172.4
173.6
173.4
173.4
173.0
172.6
173.0
173.2
173.0
172.0
172.0
172.4
173.0
172.2
172.4
172.8
171.6
171.0
171.8
171.2
171.0
171.0
171.0
170.2
170.0
170.0
169.8
169.8
169.6
169.8
168.2
168.2
168.4
168.4
168.2
167.6
165.0
165.2
165.0
165.0
166.4
165.8
166.0
166.0
166.0
165.8
165.6
164.0
163.4
164.0
164.2
164.6
165.2
165.4
165.4
166.0
165.8
164.6
164.0
165.0
163.4
165.0
164.6
164.6
163.8
165.0
164.0
164.4
164.6
166.8
165.8
164.8
166.0
164.2
164.2
163.2
166.0
166.0
167.4
171.4
170.0
170.0
170.0
170.4
170.2
170.0
170.2
170.4
170.4
170.8
168.4
169.8
169.2
169.0
168.8
168.6
168.6
169.0
169.0
168.2
165.4
166.4
166.4
166.4
167.0
167.0
166.0
166.2
166.0
165.6
165.2
165.6
165.8
166.2
166.2
165.6
165.2
165.0
166.0
166.2
167.6
167.8
166.4
167.4
167.0
166.2
165.2
166.0
166.0
166.4
166.6
167.0
166.4
166.2
166.6
165.8
166.0
165.6
166.0
166.0
165.6
164.6
163.0
164.2
164.0
164.2
163.8
163.2
165.2
164.4
164.2
163.8
164.0
163.8
163.4
163.6
163.6
163.2
163.0
163.4
163.2
163.2
163.4
163.4
163.4
163.2
163.2
164.0
162.6
162.0
162.6
162.0
159.6
159.4
160.2
159.2
160.0
159.2
159.4
159.4
159.8
160.0
161.0
160.0
159.6
160.4
160.4
160.4
159.6
159.8
159.0
160.0
159.0
159.0
159.0
158.6
158.8
158.8
159.2
159.0
158.6
158.8
158.6
158.4
158.2
159.0
158.0
158.4
157.2
156.8
156.8
157.0
157.6
157.8
157.8
157.4
157.0
155.8
155.8
155.0
155.6
155.4
155.2
155.2
155.4
154.0
154.0
152.8
152.4
152.4
152.6
152.2
152.2
152.4
152.2
152.2
152.0
147.6
147.0
147.4
148.4
149.6
149.0
148.2
148.0
147.6
147.0
149.0
149.4
147.2
146.6
146.0
145.2
144.8
144.0
144.4
144.4
153.8
154.0
152.2
150.6
149.6
146.0
149.2
149.2
150.2
156.0
156.8
156.8
160.4
161.0
162.0
161.0
161.4
162.0
164.2
166.4
161.6
162.4
160.6
160.4
159.6
159.2
159.4
156.6
156.0
156.2
150.4
151.4
151.0
151.2
152.6
153.6
153.4
154.4
154.2
155.2
155.6
159.4
159.8
158.6
158.0
158.2
157.4
157.4
157.0
158.0
158.4
158.2
158.8
158.0
157.8
158.2
157.8
157.6
157.2
158.2
156.6
156.8
156.6
155.6
156.0
156.0
156.0
155.8
156.2
156.8
154.6
154.4
155.0
154.8
155.0
154.8
154.6
154.4
153.4
153.6
154.4
154.0
154.8
154.8
157.0
156.2
156.4
155.4
155.8
155.8
156.4
155.2
155.6
155.2
155.4
154.4
154.0
153.8
153.8
154.6
153.0
153.4
153.6
153.0
153.2
153.2
153.2
153.0
152.8
152.6
152.4
152.8
153.0
153.0
152.8
153.4
153.0
153.4
153.6
154.4
153.0
152.2
152.8
152.4
152.0
152.4
152.6
152.4
152.4
153.0
152.0
153.0
153.2
152.6
152.4
152.2
152.8
153.0
152.2
152.4
152.4
152.0
151.8
152.4
151.6
151.8
152.4
152.6
153.6
152.8
153.0
152.6
152.2
152.8
152.8
152.8
153.0
152.8
153.6
152.6
153.0
152.8
152.2
152.8
153.2
152.8
152.6
152.2
153.2
152.8
152.4
153.2
153.2
154.2
153.4
153.2
153.4
152.6
157.2
154.2
154.2
153.2
153.6
153.6
153.2
153.0
154.0
153.8
154.4
154.6
154.6
154.6
154.6
154.8
155.2
155.6
156.2
155.4
156.4
157.0
156.4
158.8
158.2
158.8
158.2
158.0
157.8
157.8
157.8
156.2
155.4
155.8
155.2
154.2
154.0
154.6
154.2
153.2
153.4
153.8
154.2
153.8
154.2
154.6
154.0
153.8
154.2
154.0
154.8
154.4
154.8
154.6
154.2
155.0
155.2
154.6
155.6
156.4
157.0
156.2
156.0
156.2
156.4
156.2
157.2
157.2
157.4
158.2
158.2
159.0
156.6
157.2
157.8
156.6
156.6
156.4
156.4
156.4
156.2
156.6
156.0
155.8
155.6
155.6
155.0
154.2
155.0
154.4
155.0
154.8
163.4
160.4
158.0
158.2
158.6
158.8
158.6
159.4
161.8
162.4
163.0
163.0
163.6
162.6
162.8
162.6
164.0
164.6
173.6
173.8
172.0
170.6
173.4
173.8
171.2
171.0
169.6
171.6
167.4
169.8
169.4
168.6
169.0
169.4
169.0
168.6
168.4
170.2
169.6
169.0
171.2
171.6
170.2
170.4
171.0
171.0
172.2
171.6
170.6
170.4
170.8
170.6
170.6
170.4
170.2
170.4
170.0
169.8
170.0
172.0
171.2
171.0
170.8
170.8
169.4
170.0
170.0
169.0
168.2
168.2
170.0
169.8
169.6
169.2
168.8
169.2
170.4
184.6
184.4
182.8
185.2
186.4
189.4
196.8
190.0
190.4
193.0
183.0
179.4
183.6
185.0
187.2
185.8
184.2
184.2
183.0
184.2
190.6
187.4
188.0
188.0
188.8
189.4
190.6
188.4
189.0
192.0
188.6
191.8
190.8
189.0
190.6
191.6
191.2
191.6
191.6
194.0
190.0
187.8
188.0
186.8
187.6
189.4
190.2
188.4
187.6
190.0
188.4
188.0
187.6
186.8
187.6
187.2
186.8
187.8
188.0
185.0
182.2
181.0
183.0
182.6
181.6
178.2
176.6
178.6
178.6
182.0
184.2
183.0
184.6
184.4
183.2
182.2
182.8
182.6
181.6
180.2
177.8
178.6
176.6
172.8
171.2
173.2
173.8
174.0
175.0
174.6
175.4
176.4
176.6
178.0
177.4
177.4
174.6
175.0
175.2
178.2
180.8
179.8
181.6
182.4
183.0
182.8
182.4
182.4
182.4
184.6
194.6
196.2
189.6
189.0
189.6
187.8
188.0
188.6
190.0
190.0
189.8
185.2
187.6
181.8
185.2
184.4
186.0
185.8
188.0
187.6
186.8
187.4
187.4
187.8
187.4
187.0
187.2
188.0
189.0
190.0
190.4
189.8
189.6
190.0
187.6
186.4
187.0
187.0
187.0
185.2
186.0
185.8
185.0
185.4
185.0
184.0
184.2
184.2
184.2
184.4
183.8
184.0
184.0
184.0
181.2
181.2
181.0
181.4
181.8
182.4
182.4
182.2
182.4
182.2
182.2
182.4
182.8
183.2
183.0
183.0
183.0
182.6
182.6
182.6
183.6
184.4
185.6
188.0
187.0
185.6
186.0
186.0
187.0
187.0
186.4
187.2
188.6
187.4
183.8
180.8
183.4
182.8
183.6
182.8
182.6
182.8
187.6
183.6
181.2
181.6
181.8
181.8
182.2
182.2
182.4
182.4
186.4
183.0
183.0
182.8
182.4
183.0
183.0
183.0
183.0
182.6
184.6
183.0
182.8
184.8
184.8
183.8
184.6
184.6
184.6
183.8
186.0
182.4
182.4
182.8
183.0
183.0
183.0
183.2
183.8
184.0
185.0
184.0
183.6
182.0
183.0
182.4
180.8
181.6
182.6
183.0
183.0
186.4
184.8
186.0
184.8
185.0
185.0
185.0
184.8
184.6
185.2
185.6
185.2
185.6
185.4
185.2
185.2
184.8
184.0
183.0
184.2
184.0
184.0
183.0
183.2
183.4
183.4
183.2
183.0
183.0
184.0
183.0
182.8
183.0
183.4
183.4
183.6
187.6
190.2
190.8
191.2
188.6
188.0
190.2
190.2
191.4
192.8
194.4
199.4
200.0
201.8
204.0
205.8
206.0
206.6
204.6
203.2
200.2
198.4
196.0
196.0
194.0
195.4
197.2
195.6
197.6
197.8
197.2
196.0
194.8
194.8
199.8
197.2
198.6
199.0
201.2
200.0
199.6
201.0
201.2
202.6
202.8
199.6
200.2
198.2
198.0
199.2
197.2
198.8
197.0
197.0
194.0
193.4
191.0
192.6
193.0
190.4
191.4
190.8
189.2
189.2
185.4
185.6
185.6
184.2
184.8
185.4
186.8
186.4
186.0
186.8
185.6
183.4
183.0
183.0
184.2
184.0
183.8
183.8
182.6
182.6
183.0
183.4
183.2
183.4
182.6
183.6
184.6
183.6
183.8
184.0
184.6
184.8
184.0
182.2
182.8
182.4
182.2
182.2
181.4
181.0
177.8
177.6
177.4
176.6
176.0
180.6
179.8
179.8
178.6
180.0
177.4
176.8
176.8
177.6
177.2
177.0
177.4
177.2
177.4
180.0
180.0
178.2
176.4
177.2
178.6
177.8
177.8
177.4
177.0
178.0
176.8
177.0
175.8
177.8
177.2
178.0
177.0
177.0
175.0
177.0
175.8
176.2
175.0
175.4
175.4
174.8
174.2
174.0
173.4
174.8
170.2
170.2
170.0
169.6
169.6
170.0
170.0
171.0
171.0
170.6
171.0
171.8
169.0
168.0
167.8
167.8
168.0
167.8
168.6
168.6
167.0
166.6
166.2
167.6
167.0
166.0
167.0
166.2
166.0
167.0
166.0
165.4
164.4
164.2
165.0
165.6
165.6
166.0
165.8
165.8
165.8
166.0
165.8
166.6
166.4
166.8
167.0
166.6
166.6
166.0
165.2
165.2
164.8
165.0
165.0
164.4
164.6
164.0
162.2
163.2
162.6
162.2
160.8
159.0
157.8
158.8
159.4
159.0
156.0
156.4
155.8
154.2
151.0
150.6
152.2
153.6
152.6
153.0
153.0
152.8
156.6
154.0
155.4
156.0
156.0
155.6
156.2
156.4
156.8
157.0
161.6
159.4
158.0
158.2
158.0
157.8
157.6
157.6
158.0
158.0
159.0
158.8
159.4
158.2
158.8
159.0
157.0
157.4
157.8
157.0
154.6
153.8
151.8
152.8
152.6
153.0
152.4
152.8
152.4
155.0
156.0
154.6
154.2
154.4
154.6
155.4
154.6
154.0
153.6
152.4
153.0
153.0
153.0
152.2
153.8
154.0
154.4
153.8
152.8
153.0
154.6
155.6
157.6
161.0
158.4
160.0
159.4
159.4
160.4
158.8
159.8
160.8
160.4
159.6
159.0
158.0
158.4
156.6
158.6
160.4
159.8
159.0
158.0
158.0
156.8
156.8
156.8
157.0
155.0
156.0
156.2
154.2
153.8
151.0
153.8
153.4
152.4
152.0
152.4
153.0
154.4
154.8
154.4
154.6
154.6
155.0
155.6
155.8
157.0
156.4
155.8
156.6
156.6
155.4
156.2
155.8
155.4
153.0
152.2
155.4
152.4
153.0
152.6
153.0
153.6
153.6
153.4
153.4
153.8
154.0
154.4
153.0
153.6
153.8
153.8
153.8
153.8
153.2
152.4
152.8
153.6
151.0
151.2
150.6
152.0
151.2
149.0
149.2
149.0
148.0
146.2
147.8
147.8
148.0
147.4
147.8
147.2
147.8
146.8
147.8
148.0
148.8
149.0
149.2
148.8
149.2
149.4
149.0
149.4
150.4
154.2
153.8
153.8
153.8
154.4
153.6
154.6
154.8
155.2
156.0
154.0
153.0
152.2
152.2
152.2
152.4
153.0
152.8
152.6
152.0
150.8
150.2
149.6
150.4
150.4
150.6
150.2
150.4
151.2
153.4
152.6
152.4
152.8
151.8
150.4
150.2
150.4
150.6
150.4
150.6
151.6
151.8
151.6
151.8
151.8
152.2
152.2
151.6
151.6
151.6
152.0
151.8
151.2
151.2
151.0
150.4
151.0
150.4
150.0
150.4
150.2
149.8
149.4
149.2
149.4
150.0
150.4
150.0
150.4
151.0
150.8
151.0
150.8
151.8
152.4
152.4
151.6
151.6
151.6
152.2
152.0
152.8
152.8
152.6
152.2
152.2
151.6
151.6
151.8
152.8
152.0
151.8
151.2
150.8
150.6
150.8
150.8
150.8
151.0
151.6
152.0
152.6
152.6
152.4
153.2
153.0
153.6
153.4
154.0
164.2
163.2
165.0
165.0
166.6
165.8
163.8
163.8
164.0
165.6
166.8
171.0
170.8
173.8
174.2
173.0
172.2
172.0
171.0
172.8
170.0
171.0
170.8
169.8
168.6
169.0
168.0
169.4
168.2
168.2
167.8
163.8
164.2
164.8
168.2
166.8
166.0
166.8
167.6
170.0
170.2
168.6
168.6
168.6
167.8
166.0
167.0
165.6
164.8
165.8
166.8
166.0
167.2
167.0
166.4
165.8
165.8
166.0
165.8
166.8
165.6
167.4
167.2
166.6
166.8
166.4
166.8
166.0
166.2
167.6
166.8
165.0
165.4
164.8
163.0
160.8
161.8
158.8
157.6
159.6
158.8
158.8
153.8
154.2
154.6
155.0
149.4
155.0
155.2
156.4
155.8
153.8
154.6
154.2
153.0
152.4
152.2
152.0
153.0
153.0
150.4
149.2
149.2
149.8
148.0
145.8
145.8
146.4
145.0
145.0
150.8
152.6
151.0
149.0
151.2
150.0
150.4
149.8
149.8
153.6
151.6
151.0
150.6
151.0
151.6
151.6
151.2
152.2
152.4
152.0
150.6
150.4
150.0
150.2
150.0
150.4
149.8
150.0
151.0
151.0
148.6
147.6
143.6
139.4
140.2
140.0
141.4
141.0
139.4
142.2
142.4
140.6
141.6
142.0
142.4
142.0
141.2
140.6
140.6
141.0
140.2
141.8
143.2
143.0
143.6
144.0
144.2
144.0
141.4
140.4
142.2
148.0
148.4
147.4
146.0
146.0
147.0
146.2
146.2
147.2
147.4
146.0
146.0
146.8
147.8
147.0
147.0
147.4
148.2
149.2
153.8
154.8
154.8
153.8
153.6
153.8
153.4
152.8
152.4
153.6
151.6
152.8
152.6
152.2
152.4
151.0
151.4
151.2
150.4
152.4
152.6
151.8
151.8
151.4
151.2
151.0
150.4
150.4
149.0
149.0
146.8
149.2
146.6
146.6
147.2
147.8
146.8
148.0
148.2
150.4
152.6
151.4
151.4
151.2
150.8
151.6
150.0
150.8
149.2
150.4
150.6
149.2
149.0
150.2
150.2
150.4
150.0
150.4
150.2
151.0
150.4
150.8
149.8
150.2
150.4
150.2
149.8
149.6
149.8
150.6
151.0
151.0
150.2
150.0
150.2
151.2
151.6
151.2
152.0
151.0
150.6
150.6
150.2
150.2
150.6
150.4
151.2
151.0
151.0
150.0
149.2
149.0
148.6
148.2
147.6
148.4
148.4
148.4
145.2
150.0
149.4
148.8
149.0
148.2
149.8
148.8
149.0
149.0
150.2
158.0
156.2
155.2
154.2
156.2
155.0
154.2
155.8
156.4
159.8
159.2
159.4
156.4
158.4
158.6
157.0
156.0
156.6
157.0
155.8
153.8
153.0
153.4
154.0
154.2
154.4
154.2
151.2
150.6
153.0
152.6
151.6
152.4
152.0
152.6
152.2
149.2
147.4
146.6
149.0
145.8
145.6
145.4
144.4
142.8
143.2
139.2
121.8
130.2
128.0
114.0
115.4
116.8
119.0
119.0
122.4
125.4
131.2
127.6
114.8
82.8
76.8
92.0
83.0
78.8
78.4
76.8
76.8
77.8
83.0
97.6
87.0
82.6
81.2
81.0
82.6
89.8
85.4
86.2
86.2
73.6
77.6
77.6
76.0
82.0
87.0
95.0
95.8
93.0
102.0
103.2
98.8
102.2
101.8
104.0
107.4
107.2
107.2
107.4
107.0
107.0
107.6
106.8
107.4
109.0
109.6
107.4
108.2
108.0
107.4
107.0
107.6
108.2
107.8
111.8
106.6
107.0
108.0
107.6
108.2
108.0
110.4
110.6
111.0
111.4
107.4
107.4
105.0
101.2
103.2
104.6
104.6
103.0
103.6
104.2
102.0
102.6
105.2
103.4
103.0
103.2
103.4
102.0
101.6
101.6
103.0
102.6
102.0
102.6
102.2
102.4
102.8
102.2
102.4
102.4
101.8
102.4
101.4
101.4
100.4
99.8
100.0
99.8
100.4
100.4
101.6
101.4
101.0
100.4
100.4
99.8
100.2
99.8
99.8
99.0
96.8
96.8
97.0
96.6
96.6
97.2
97.6
98.6
98.8
99.0
99.4
98.8
98.0
97.0
98.4
97.8
98.4
98.6
98.6
99.0
97.6
97.2
96.0
95.8
95.6
95.6
94.0
94.2
93.8
92.2
91.8
92.6
92.0
91.8
93.0
92.4
92.2
93.2
93.8
93.8
92.2
92.2
91.6
90.0
90.4
90.0
90.2
90.2
90.0
89.6
88.6
87.8
87.0
86.2
85.0
86.2
87.2
88.0
88.6
88.8
86.8
88.8
89.4
89.2
89.0
88.4
88.6
89.2
87.2
89.4
88.0
87.4
95.4
93.6
94.0
93.2
92.8
92.6
91.6
93.8
93.2
102.8
98.8
103.4
102.4
104.6
110.0
106.4
103.2
105.0
98.6
93.8
96.0
95.0
94.4
95.0
93.0
93.6
92.4
94.0
95.4
94.4
93.6
93.2
93.6
93.6
95.4
96.2
95.6
95.4
97.0
97.2
97.8
99.0
98.2
97.4
98.6
96.8
98.2
98.4
98.8
98.4
98.8
99.2
97.4
96.2
96.8
96.0
96.0
95.8
97.2
96.8
96.6
96.6
96.0
96.2
97.0
100.0
99.8
98.2
97.6
97.4
97.8
98.0
101.0
98.8
98.4
98.0
97.8
98.0
98.4
98.8
98.6
98.6
98.2
97.6
98.0
97.6
97.2
96.6
96.4
97.0
97.0
96.2
96.2
96.6
95.8
96.6
96.6
96.8
96.8
96.6
96.8
96.0
95.8
96.2
95.8
96.0
95.6
95.0
94.2
93.6
93.0
93.6
92.8
92.6
91.4
91.6
92.0
93.0
91.6
91.6
92.0
92.2
91.8
92.2
91.8
91.8
91.6
91.6
92.8
92.6
93.6
96.0
96.4
94.8
95.0
94.6
94.8
96.6
96.4
97.8
97.2
97.0
97.2
97.0
97.4
96.6
96.8
97.4
98.0
98.4
98.0
97.6
97.6
97.4
97.6
97.2
96.4
96.2
95.2
95.4
95.2
96.8
98.0
99.2
98.0
97.8
97.2
98.6
102.4
100.4
98.6
99.6
98.8
97.8
98.4
97.6
98.0
99.0
100.4
101.8
98.6
98.8
98.0
97.0
96.6
96.2
97.4
96.2
96.0
95.2
94.4
94.4
94.8
95.2
96.6
94.4
93.8
91.0
91.8
92.0
91.4
92.0
91.6
92.0
92.6
92.8
93.0
93.0
94.4
93.6
93.8
93.6
93.0
92.4
92.0
92.0
92.6
92.6
92.4
92.8
92.8
92.4
92.6
92.2
92.4
92.2
92.4
92.6
92.8
92.4
92.4
91.8
91.8
92.0
91.6
92.2
91.8
93.0
91.4
91.2
91.0
91.0
91.2
91.0
90.8
90.6
90.4
90.2
90.8
90.6
90.0
90.2
90.4
90.6
90.6
90.4
90.2
90.0
90.0
90.0
90.0
89.8
90.0
89.8
90.0
89.6
89.8
89.4
88.0
87.0
87.2
86.6
86.6
86.8
87.2
87.8
86.4
86.6
86.6
85.8
85.8
85.8
85.2
85.4
86.0
85.8
86.0
85.4
85.8
85.6
91.8
89.8
88.4
88.8
89.2
89.2
88.4
88.8
90.6
91.8
92.0
90.6
90.2
90.4
89.4
90.0
89.6
89.8
89.8
89.8
90.0
89.6
89.0
87.8
87.8
88.0
87.8
90.4
86.6
89.0
88.2
87.6
87.8
87.4
87.4
88.6
88.6
88.6
86.6
86.8
87.2
87.0
86.4
86.4
86.6
86.8
86.4
87.4
87.2
89.0
88.6
88.2
88.6
88.0
88.6
88.2
88.0
89.0
88.6
90.8
89.4
90.2
89.6
89.0
89.8
88.8
88.8
88.2
90.0
90.0
89.6
91.2
90.4
89.2
89.4
89.2
89.0
89.0
89.2
89.0
89.6
89.6
89.8
89.2
89.6
89.8
89.8
90.0
89.2
89.6
89.6
89.6
89.6
89.8
89.6
89.6
89.2
89.2
90.0
90.4
89.6
89.8
89.2
91.0
91.8
92.0
90.8
91.0
91.0
90.6
92.2
92.2
92.0
91.8
92.0
92.4
92.2
93.0
91.8
92.4
91.6
92.0
91.6
91.8
92.0
92.0
91.6
91.4
91.6
91.4
91.4
91.4
91.0
91.2
91.8
91.6
91.4
91.6
92.0
91.2
91.4
91.6
92.8
92.4
92.8
92.0
91.6
93.0
91.8
91.4
91.0
89.8
90.2
89.8
90.0
90.2
89.6
90.0
83.4
86.0
