close
36.63
36.7
36.62
36.65
36.86
36.86
36.79
36.85
36.89
36.92
36.97
37.0
36.9
37.1
37.2
37.33
37.33
37.46
37.46
37.98
37.87
37.81
38.06
38.0
38.08
37.72
37.81
37.72
37.75
37.7
37.89
37.51
37.47
37.4
37.49
37.89
37.86
38.02
37.92
37.87
37.83
37.3
37.02
37.34
37.61
37.16
37.04
37.17
37.12
36.82
36.74
36.27
36.07
36.21
36.21
36.25
36.09
36.51
36.51
36.55
36.63
36.63
36.67
36.87
36.79
36.92
36.92
37.0
36.38
36.38
36.76
36.72
36.48
36.59
35.93
35.87
35.44
35.39
35.31
35.28
35.39
36.0
35.97
36.16
36.33
36.07
36.05
36.1
36.04
36.0
36.0
36.07
36.07
36.1
36.1
36.17
36.17
36.1
36.1
36.15
36.15
36.1
35.67
35.82
35.78
35.89
35.78
35.72
35.7
35.46
35.42
35.4
35.3
35.1
35.55
35.6
35.5
35.4
35.55
35.5
35.6
35.7
35.15
35.4
35.05
34.95
34.8
35.05
35.15
35.25
35.1
35.1
35.15
35.2
35.25
35.05
35.0
34.9
35.0
35.15
35.15
35.05
35.15
35.05
35.3
35.5
35.15
35.15
35.45
35.5
35.4
35.5
32.0
30.0
28.0
25.0
25.0
25.0
25.0
23.0
21.0
19.5
19.5
19.5
18.0
19.1
19.5
19.7
19.8
19.9
20.3
20.7
19.9
19.8
19.8
19.5
24.5
24.5
24.5
27.5
33.9
30.0
36.0
22.2
23.6
32.5
29.9
32.1
34.0
25.1
35.0
47.5
30.0
30.0
35.0
36.5
36.8
39.9
39.9
48.0
31.0
40.0
30.2
33.9
32.4
37.9
32.9
27.0
28.0
31.3
32.7
27.9
28.9
31.2
32.7
36.0
31.2
33.0
27.0
26.6
24.5
24.5
24.5
30.0
25.0
25.0
34.9
25.6
20.3
26.4
25.0
25.0
25.0
25.1
25.0
25.0
25.1
25.9
27.1
25.0
28.5
25.0
25.0
30.0
39.9
41.9
30.3
43.9
41.2
30.0
30.0
30.0
30.0
30.0
29.9
18.4
28.5
19.0
22.8
15.0
15.6
21.8
29.0
29.0
28.9
24.0
22.0
28.5
28.5
28.5
24.0
27.8
29.7
28.1
28.0
27.9
27.5
28.1
29.2
28.4
27.8
22.5
27.9
27.4
26.6
26.0
25.8
26.0
26.8
26.2
26.0
25.0
25.0
26.6
28.2
28.2
27.4
28.0
27.6
27.0
27.4
36.0
37.6
37.6
52.4
73.2
73.2
102.4
102.4
102.4
102.4
102.4
102.2
102.0
102.4
111.8
89.2
86.2
77.0
75.2
73.0
72.0
69.8
65.0
64.0
65.2
62.4
63.0
63.0
62.2
61.6
62.0
61.0
66.0
67.2
63.8
63.8
62.0
61.4
61.4
63.0
60.6
61.6
60.0
58.4
57.6
57.0
54.4
55.6
54.4
55.0
55.0
55.8
50.2
50.0
48.8
45.6
45.2
47.2
52.0
53.0
52.0
50.2
49.0
48.2
48.2
48.6
48.6
46.8
45.0
43.0
42.6
42.6
43.4
43.0
42.0
57.4
58.6
58.6
58.6
58.6
57.6
58.6
58.6
62.0
70.0
70.2
70.4
66.6
67.6
67.8
66.0
68.0
64.4
51.8
51.4
54.0
57.2
54.0
52.6
54.4
54.6
54.2
57.0
53.0
52.0
53.4
53.0
52.4
53.6
51.4
51.6
56.2
58.2
58.8
58.4
58.8
58.6
58.6
57.4
57.0
58.8
57.4
55.6
56.0
55.6
52.8
54.8
54.2
53.2
52.8
53.4
52.8
53.0
57.8
54.2
55.4
56.4
54.0
54.6
53.6
53.8
53.8
53.2
53.4
53.4
54.2
53.4
53.0
53.2
53.0
52.6
52.2
52.2
51.4
51.6
51.4
51.0
51.0
52.2
52.0
49.0
49.8
49.2
50.2
53.0
53.0
51.0
52.6
52.2
52.0
53.0
51.4
51.8
52.0
52.4
52.0
51.6
52.4
51.6
51.0
51.2
51.8
51.8
51.6
50.6
50.6
51.2
49.6
50.0
49.0
49.6
49.6
49.0
49.0
49.0
48.6
49.6
50.4
48.2
49.0
49.0
48.6
48.6
48.2
47.8
47.8
46.8
47.4
46.2
45.6
45.4
46.4
46.0
46.6
45.8
46.4
45.6
45.4
45.4
46.0
45.0
44.0
44.0
44.4
45.0
44.4
43.8
43.8
44.0
44.0
44.0
43.6
42.2
41.4
41.6
41.6
41.8
41.0
39.8
39.2
37.8
36.6
37.0
37.6
37.8
38.8
38.0
38.0
38.6
42.0
41.2
40.8
40.2
40.4
40.4
40.2
40.2
40.0
40.0
45.8
49.2
47.2
47.2
48.0
48.0
46.0
45.2
42.0
43.6
43.6
43.2
42.8
42.8
42.4
41.0
42.0
42.4
41.8
42.2
42.2
42.0
41.8
42.0
43.4
43.0
41.2
41.8
41.2
40.8
41.6
40.2
41.0
41.2
42.0
41.5
41.1
41.8
41.2
41.1
41.0
41.0
41.0
38.5
39.3
39.4
39.0
37.7
37.4
37.9
38.0
37.5
37.9
37.6
37.5
37.5
38.1
36.9
37.2
36.2
37.6
37.1
37.0
36.7
35.8
35.3
35.4
35.7
35.3
35.3
35.1
33.1
34.0
34.6
33.0
33.9
34.2
35.7
47.8
43.8
41.0
41.8
47.6
42.8
42.1
44.5
47.7
47.0
45.2
45.9
44.1
43.0
44.5
39.5
39.5
39.6
39.5
40.2
40.0
40.2
42.0
40.9
39.4
38.9
38.7
38.7
38.6
38.8
38.6
38.6
38.6
39.3
39.0
39.0
38.4
38.6
39.2
39.4
37.8
38.0
38.3
38.1
37.4
37.5
37.8
37.4
36.7
36.0
36.5
36.3
37.3
38.0
38.0
37.3
37.7
37.3
38.0
37.8
37.0
36.8
36.9
36.5
37.3
36.8
36.6
44.9
39.8
39.6
39.8
39.6
39.3
39.3
38.7
37.3
37.2
37.3
37.8
37.7
37.9
37.6
37.2
37.3
37.6
37.3
36.9
37.4
36.8
36.5
36.4
36.6
36.4
36.4
36.7
36.4
36.3
37.1
37.5
37.1
38.2
38.2
37.6
37.4
37.2
36.9
36.9
37.4
37.7
36.6
36.1
36.8
37.2
37.4
37.6
37.7
38.2
37.8
37.4
37.4
35.5
35.5
36.8
35.7
36.1
36.1
36.1
35.6
35.4
36.5
35.6
36.1
35.3
36.4
36.1
35.4
34.8
35.6
36.4
36.1
36.3
36.1
36.0
36.0
35.3
34.9
34.7
35.6
35.6
36.3
36.1
36.2
35.5
36.1
35.9
35.7
36.3
36.5
37.0
35.7
36.0
35.4
35.3
35.3
36.0
36.4
36.0
36.0
36.5
35.7
36.9
35.4
35.4
35.6
34.7
35.3
35.3
34.8
34.7
35.3
36.0
35.0
34.5
34.6
34.2
33.3
33.0
33.2
32.5
33.2
33.7
33.1
33.5
34.6
34.3
34.0
34.5
33.6
33.4
33.3
33.3
33.6
33.3
33.3
33.0
32.8
33.2
33.5
33.1
33.0
33.3
33.5
32.7
32.9
32.8
31.8
32.3
32.0
32.7
32.0
35.3
36.1
35.1
35.0
34.4
34.6
34.1
33.0
33.0
33.3
33.6
33.3
33.5
32.9
32.8
32.8
32.9
33.2
33.2
33.0
33.2
32.8
33.2
33.2
33.0
32.0
32.5
32.2
32.6
32.8
32.4
32.8
35.2
34.0
33.6
33.1
33.3
33.7
32.9
33.6
33.7
33.1
33.7
33.1
33.5
33.4
33.0
33.3
33.5
33.7
33.7
33.3
33.1
33.1
33.0
33.6
34.4
33.9
33.2
33.0
33.6
34.8
34.8
34.0
34.3
34.5
35.0
34.1
35.3
34.9
34.5
32.6
34.0
33.4
33.0
32.9
32.9
33.0
32.9
32.5
31.7
31.3
31.3
31.0
31.3
31.5
31.6
31.1
31.0
31.8
31.0
30.8
31.0
30.7
30.7
30.9
30.2
30.5
30.0
30.4
30.3
30.0
29.5
30.0
31.6
32.3
31.2
32.3
31.5
33.3
32.0
32.3
32.0
32.0
31.4
31.4
31.4
31.4
31.9
31.6
31.9
31.7
32.0
31.3
31.0
31.2
31.3
31.0
30.7
31.3
31.4
30.9
30.7
30.5
31.2
31.1
31.1
30.0
30.3
30.2
30.2
30.1
31.3
30.9
30.8
31.9
33.2
31.7
31.8
31.2
31.3
31.2
31.1
31.0
31.1
30.8
30.9
30.7
30.0
30.0
31.0
31.0
30.7
31.1
31.0
31.0
32.5
31.2
31.4
31.6
31.7
31.9
31.6
31.4
31.6
31.0
31.9
31.9
32.0
32.1
31.3
31.0
31.0
30.9
30.5
30.2
30.2
29.6
30.0
30.2
30.3
30.3
29.7
29.9
30.2
29.8
29.8
29.9
29.9
29.8
30.0
30.7
30.2
30.4
30.6
30.3
30.4
30.1
30.0
30.4
29.9
30.3
30.2
29.8
29.9
29.6
30.0
30.0
29.8
30.1
30.1
29.8
30.0
29.8
29.7
29.9
29.6
29.6
29.6
29.9
29.9
29.7
29.6
29.8
29.8
30.1
30.1
30.2
30.0
30.0
29.9
30.2
29.9
29.6
29.6
29.8
30.0
29.6
29.7
29.9
30.1
30.4
30.0
30.5
30.0
29.9
30.3
30.6
30.5
31.0
31.0
31.2
30.6
30.7
30.5
31.4
33.0
30.9
31.0
32.0
32.3
32.4
32.4
32.3
31.4
30.9
32.7
32.4
32.0
32.1
32.6
32.9
34.2
35.2
34.3
34.3
34.7
34.7
33.5
33.2
33.2
33.9
34.0
33.7
33.7
33.0
32.6
33.3
34.6
33.9
33.6
33.9
33.9
36.7
35.7
35.9
35.4
35.6
36.3
35.7
35.9
35.2
34.5
34.0
34.1
34.6
34.9
35.0
36.1
35.6
36.0
38.4
38.6
39.3
38.0
38.0
39.0
37.5
37.5
37.0
36.8
35.9
36.5
37.0
38.8
39.0
37.2
36.2
37.7
38.2
37.6
37.4
36.9
37.0
36.9
36.0
35.5
36.0
36.3
35.7
35.9
35.3
34.9
35.3
36.0
35.5
36.1
35.5
34.7
34.6
37.0
36.9
36.9
37.2
36.9
36.9
37.3
38.0
38.9
37.4
37.8
38.2
38.0
37.9
38.9
38.2
39.1
38.8
38.8
39.2
38.2
38.3
38.2
37.3
37.3
37.3
38.4
37.5
37.5
37.5
38.7
39.4
48.8
44.7
45.3
44.4
44.0
44.0
42.2
42.8
43.0
43.8
42.3
42.4
42.7
42.3
42.5
42.5
42.9
41.2
41.7
42.9
43.9
42.8
43.2
43.5
43.4
45.5
44.9
46.0
43.9
43.9
43.8
43.9
43.9
42.6
42.5
42.2
42.1
41.8
41.6
42.4
42.8
43.5
41.3
40.0
41.5
41.8
43.9
42.8
42.5
43.1
43.1
42.3
43.3
42.9
42.2
42.0
41.6
42.7
42.3
43.1
42.0
43.0
43.5
42.0
42.7
44.1
42.9
42.9
42.9
42.9
42.9
42.2
42.3
42.0
42.0
42.7
42.6
42.0
42.2
44.8
43.0
41.1
40.3
40.3
40.4
40.4
40.1
40.8
40.0
39.9
34.0
37.8
35.7
35.6
38.9
36.8
39.0
36.8
37.9
38.9
38.6
39.7
39.0
38.8
37.9
39.0
38.9
39.1
40.0
38.7
38.0
37.9
37.2
36.9
38.8
37.4
38.7
39.6
38.9
38.0
39.6
50.1
49.6
47.2
47.0
47.3
49.0
47.9
46.7
45.8
45.8
42.1
40.4
40.4
40.8
41.3
41.6
41.4
41.6
41.2
38.0
35.7
37.1
37.8
37.0
37.5
36.9
36.4
37.0
37.5
38.2
38.7
40.4
37.2
37.9
38.0
35.4
34.7
34.7
35.0
34.9
34.4
34.3
35.9
36.0
36.4
38.2
37.9
37.9
37.9
37.2
37.0
34.7
35.5
36.2
35.4
35.4
34.8
35.0
38.6
37.3
37.9
38.0
37.5
37.8
37.9
37.1
37.5
36.8
36.7
36.6
36.5
36.6
36.4
36.8
37.0
40.0
39.9
39.9
38.0
37.4
37.5
37.4
36.4
36.1
37.0
37.0
35.4
36.3
36.0
35.9
35.9
35.9
36.4
36.4
35.7
36.0
36.1
36.1
36.1
35.8
35.8
36.2
36.8
36.1
36.2
36.1
34.3
34.5
34.7
34.4
34.4
34.6
35.2
35.9
35.9
35.2
35.2
35.2
35.2
35.3
35.5
35.5
35.5
35.0
35.0
35.1
35.4
37.0
36.4
36.8
36.4
36.8
37.8
36.4
36.7
36.6
36.7
36.4
36.9
37.0
36.9
37.0
37.1
37.8
36.6
37.8
37.6
37.7
37.8
36.4
37.6
37.8
38.0
37.6
36.2
37.3
37.9
38.3
38.5
39.0
43.1
41.1
42.0
41.0
41.0
41.0
40.0
41.0
40.8
41.6
41.1
40.0
40.4
39.5
40.5
40.3
39.4
41.7
41.5
40.9
40.0
39.5
39.5
39.2
39.8
40.0
40.3
40.5
39.6
39.0
39.6
38.8
37.5
38.9
36.5
37.4
37.2
37.3
38.6
37.0
37.8
37.4
37.1
37.4
37.4
37.3
38.6
37.2
37.1
36.9
35.3
36.0
35.7
36.3
35.8
36.2
36.2
37.3
37.3
37.9
36.9
36.9
37.1
38.0
37.1
37.8
37.4
36.9
37.6
38.9
38.8
38.5
39.5
40.0
40.0
40.0
40.1
40.5
39.9
40.1
39.8
40.2
39.6
40.2
40.2
40.5
40.5
39.5
39.7
39.8
40.0
41.0
40.8
40.5
40.2
40.6
40.3
40.1
40.7
41.3
40.5
40.0
40.8
39.3
39.4
39.4
39.3
39.9
40.0
40.0
39.3
39.0
38.7
39.6
39.3
39.5
40.2
40.4
39.4
39.3
38.5
38.5
38.6
38.8
38.0
38.0
38.2
37.5
39.9
39.1
38.5
38.7
38.9
38.5
38.3
38.6
38.7
38.9
37.7
37.1
36.6
37.8
37.6
37.6
38.0
36.9
38.0
37.8
37.2
38.1
38.5
37.8
37.0
36.7
37.1
37.3
37.0
37.2
37.3
37.4
37.6
37.3
37.1
37.8
37.9
37.2
38.6
38.8
38.2
38.3
38.3
39.0
39.4
39.0
37.9
38.6
38.9
38.3
37.5
37.9
38.5
38.3
37.8
38.3
38.0
37.9
38.0
37.8
38.1
37.6
37.7
38.3
37.6
37.6
37.5
37.4
38.2
37.5
38.1
37.5
37.5
38.0
38.0
38.3
37.8
37.8
38.2
38.2
38.4
38.0
38.2
38.7
38.7
38.2
38.6
38.7
38.2
38.5
38.8
38.3
37.6
38.2
38.3
38.6
38.1
38.2
38.6
38.2
38.7
38.8
39.0
37.7
38.6
38.8
38.4
38.2
38.8
38.0
37.9
38.1
37.0
37.5
38.2
38.4
37.7
37.5
37.8
37.6
38.4
37.8
38.7
38.9
39.0
38.5
38.9
38.5
38.5
38.5
38.4
38.4
37.7
37.7
38.1
38.2
38.0
38.0
38.0
37.3
37.5
37.9
37.8
38.5
38.5
39.0
37.7
38.0
37.5
38.2
38.3
38.3
38.1
38.2
38.9
38.8
37.0
38.2
37.1
37.9
37.2
37.7
37.1
37.0
37.0
36.6
38.1
38.0
37.9
37.5
37.6
37.7
38.8
38.4
38.3
38.3
38.1
37.4
39.0
38.5
37.3
37.3
37.8
37.9
38.2
38.0
38.7
37.9
37.5
37.3
37.4
37.9
37.3
37.8
37.8
37.8
37.8
37.8
37.5
37.0
37.5
37.8
38.0
37.8
37.9
37.2
37.9
38.0
37.9
37.8
38.3
37.9
38.2
37.9
38.1
38.3
38.5
37.6
38.6
38.7
38.7
38.0
38.0
38.5
38.9
38.9
38.9
40.0
39.0
42.0
41.4
39.6
40.1
40.5
40.0
39.8
40.6
40.5
43.6
40.5
41.3
41.2
40.5
40.5
40.5
40.5
40.6
40.6
41.8
40.5
40.9
40.9
40.7
40.5
40.8
40.5
40.9
40.5
40.5
40.5
41.0
40.6
40.9
40.5
40.5
40.5
40.5
38.0
38.5
38.7
38.7
38.7
38.7
38.7
36.4
39.8
38.9
38.0
38.5
38.4
38.2
38.6
39.7
38.1
38.9
38.9
38.5
38.4
39.1
39.4
38.5
39.0
38.5
38.7
38.4
38.3
38.1
38.5
41.5
41.5
39.1
39.3
39.6
38.8
39.5
38.6
39.8
39.1
39.4
39.5
39.2
39.0
39.4
39.3
39.3
39.6
40.0
39.7
39.5
39.2
39.3
38.6
38.6
38.8
38.0
38.2
38.7
38.7
38.5
38.8
38.9
38.5
38.8
38.8
38.5
38.9
38.9
38.6
39.0
39.0
39.0
39.0
38.6
39.0
38.7
38.9
38.7
38.5
38.4
38.7
38.7
38.2
38.1
38.6
38.7
38.7
40.9
40.6
38.7
39.0
39.6
40.0
39.9
39.0
39.4
40.4
39.6
39.9
39.3
39.4
39.4
39.4
39.8
39.3
39.3
38.9
39.6
39.3
39.9
39.7
39.1
39.5
39.9
39.9
39.9
39.5
39.7
39.4
39.0
39.0
39.1
39.1
38.8
38.3
38.2
38.0
38.2
38.2
38.3
38.3
38.4
38.0
37.8
37.8
38.1
37.9
38.0
38.3
38.3
37.8
37.8
37.7
37.9
37.6
37.9
37.5
37.9
38.0
38.4
38.5
38.0
38.6
37.9
38.2
39.0
45.5
41.4
40.1
40.1
39.9
39.7
40.6
40.8
40.5
39.7
39.6
39.3
39.0
39.2
39.1
39.0
38.8
38.7
38.7
38.6
38.9
38.2
38.3
38.2
37.9
37.7
37.6
37.8
37.8
37.7
38.2
38.3
38.0
38.3
38.5
38.2
38.6
39.0
38.4
38.2
38.2
38.0
37.4
38.1
38.0
38.1
38.0
38.5
38.0
37.7
37.7
38.0
38.0
38.5
38.2
38.4
38.0
37.9
37.9
38.0
37.9
38.2
38.0
37.9
38.5
38.1
38.3
38.3
38.2
37.8
38.0
38.0
38.3
37.9
38.4
37.7
39.0
40.4
38.9
38.6
39.2
39.4
38.2
38.9
39.3
37.2
37.3
37.3
37.6
37.8
37.5
37.4
37.7
37.7
37.2
37.0
37.2
37.3
37.3
38.7
38.0
37.9
38.2
38.2
37.7
37.5
37.5
37.3
36.4
37.0
37.6
37.2
37.1
37.7
36.5
37.8
36.7
37.1
38.5
38.6
38.7
38.2
38.6
38.0
37.6
37.6
37.6
38.2
38.4
37.6
37.2
37.5
37.2
37.2
37.9
38.0
38.2
38.4
39.0
39.0
38.9
38.5
37.9
38.3
37.8
38.5
38.1
37.8
38.1
38.4
37.9
37.9
37.9
37.9
37.8
38.3
38.5
38.4
38.4
37.9
38.3
38.0
38.0
38.4
38.2
38.0
38.1
38.2
38.5
38.3
38.3
38.6
38.0
38.5
38.5
38.7
38.7
38.5
38.3
38.9
40.6
39.1
38.7
39.6
39.0
39.0
38.5
38.9
39.3
38.8
38.4
38.7
38.8
39.1
38.7
38.3
38.3
38.3
38.0
38.0
38.0
38.1
38.7
37.8
37.9
38.5
38.0
38.5
38.5
38.2
39.0
38.4
38.0
38.2
38.4
38.2
38.1
38.4
38.1
38.1
38.5
38.7
38.4
38.4
38.5
38.4
38.1
38.0
38.0
38.2
38.1
38.4
38.0
38.4
38.3
38.1
38.3
38.3
38.4
38.3
38.4
38.5
38.6
38.6
38.6
38.4
38.7
38.7
38.9
38.9
38.9
38.9
38.5
38.8
38.9
39.0
39.0
39.1
39.1
39.1
39.0
38.4
39.1
38.3
40.9
41.6
39.3
39.1
38.2
38.6
38.5
38.9
39.0
39.6
39.2
39.2
38.8
38.7
39.6
39.9
39.0
39.7
39.4
41.3
39.7
39.0
39.6
39.7
39.2
39.1
39.2
38.9
38.9
38.9
38.9
38.1
38.6
38.7
38.7
40.6
40.3
40.1
40.0
40.0
39.8
39.8
39.8
39.0
39.0
39.1
39.2
39.9
39.7
39.3
39.0
38.8
38.3
38.6
38.8
38.9
38.8
38.6
38.7
38.5
39.1
39.2
39.1
39.1
39.0
39.4
39.8
39.1
39.5
39.0
39.3
39.2
39.2
38.9
38.3
38.7
38.6
38.6
38.7
39.0
39.0
39.4
39.0
39.0
39.1
39.0
39.0
38.8
38.8
38.8
39.2
38.7
38.8
39.0
38.9
38.7
38.7
38.7
38.9
38.6
38.6
38.9
38.9
38.6
38.9
39.0
38.9
38.9
39.8
39.2
39.1
39.3
40.2
40.1
40.0
39.9
38.7
38.5
38.7
38.9
39.0
38.9
38.9
38.5
38.9
38.9
39.0
39.3
39.4
38.4
38.4
38.5
38.7
38.7
39.7
39.6
39.8
40.0
39.4
39.5
39.9
40.5
39.4
39.3
39.6
39.6
39.8
39.4
39.7
39.6
39.8
40.3
41.0
40.0
40.0
40.3
40.7
40.5
40.5
40.4
40.3
40.9
40.2
40.2
40.2
40.2
40.3
40.3
41.7
40.7
41.2
41.0
40.7
40.9
41.5
41.9
41.6
42.4
42.0
42.8
42.8
42.9
42.8
44.6
42.4
41.7
42.2
42.3
42.3
41.5
42.6
41.8
42.0
41.1
42.0
41.8
40.9
40.5
40.0
40.3
40.7
40.4
40.7
40.7
40.8
40.2
40.8
40.4
41.0
41.7
40.6
40.5
41.5
42.9
42.0
42.1
42.2
41.2
41.3
41.3
41.0
41.8
41.7
42.0
41.2
40.9
41.1
41.0
43.4
42.3
42.7
41.2
42.0
42.7
43.0
41.6
42.1
41.7
40.9
41.1
42.0
41.7
41.0
41.4
41.2
41.1
40.8
39.9
39.0
39.0
39.4
39.4
39.5
39.7
39.8
39.7
39.7
40.7
39.9
40.4
40.5
40.5
40.1
40.5
40.5
40.6
40.7
40.0
40.0
40.0
40.0
39.8
39.7
39.5
39.9
40.4
39.9
40.0
40.0
39.6
40.2
39.5
39.5
39.5
39.1
39.4
39.4
39.0
39.2
39.4
39.2
39.1
39.3
39.3
39.2
39.3
39.3
39.5
39.6
39.3
39.6
39.7
39.8
39.9
39.5
39.9
39.6
39.6
39.9
40.0
39.6
40.1
40.5
40.8
40.3
40.3
39.8
39.7
40.2
40.0
40.3
40.4
39.7
40.6
40.3
40.4
39.7
39.6
40.1
40.8
40.1
39.8
40.5
40.0
40.6
40.2
41.0
41.0
41.2
44.4
44.6
43.2
43.1
44.6
50.2
52.4
52.3
49.0
47.5
47.4
47.9
47.7
46.7
45.5
45.0
44.9
44.8
43.6
42.9
42.5
42.7
43.1
43.2
42.6
49.4
51.1
50.5
50.2
52.9
50.0
50.1
50.8
48.0
45.1
51.0
56.0
59.6
57.4
56.0
55.7
52.0
53.8
65.4
65.0
65.7
66.1
66.0
65.8
64.6
68.8
69.9
70.1
93.5
91.7
91.8
89.0
97.2
92.5
92.7
94.8
97.5
105.5
84.0
80.8
79.2
80.0
80.8
79.6
79.1
76.5
74.4
76.0
68.5
68.9
68.0
67.5
67.0
66.5
66.8
67.0
68.6
74.7
72.5
72.0
74.7
71.9
70.9
70.8
69.5
71.4
73.3
73.0
74.4
72.5
73.2
72.9
73.0
73.2
72.8
71.0
70.8
70.2
70.8
71.1
71.0
70.0
70.7
72.5
69.7
70.0
70.4
69.0
70.0
69.8
69.7
69.9
70.5
70.3
69.6
69.4
69.6
69.0
68.8
68.8
69.2
69.0
66.0
68.2
66.4
71.4
71.1
69.4
68.2
67.4
68.6
65.9
65.6
65.6
66.3
66.5
66.7
67.2
67.2
67.8
66.3
66.6
66.2
66.1
66.1
66.1
66.5
67.8
68.1
68.0
66.6
66.6
68.8
67.3
68.4
67.9
68.0
68.9
71.0
79.5
82.6
83.4
82.8
78.2
82.0
80.0
75.4
74.9
76.6
72.1
72.9
71.5
72.6
72.9
73.7
72.5
71.9
71.1
71.0
72.9
71.5
71.2
71.5
70.8
70.7
70.6
70.9
71.5
68.5
69.1
69.5
69.0
69.0
68.9
68.1
68.1
68.0
67.6
66.3
67.0
66.0
66.2
65.4
64.6
66.4
68.2
71.8
67.1
66.6
66.7
66.7
65.7
64.3
65.0
65.6
65.5
64.6
64.4
64.3
63.4
64.7
64.9
66.6
66.5
65.5
65.4
64.6
64.9
66.0
65.0
65.0
65.0
64.0
64.6
62.7
62.4
63.6
62.9
63.6
63.4
63.4
63.4
63.3
62.1
62.0
61.8
61.9
61.9
61.9
62.0
61.4
61.5
58.8
58.8
58.0
57.6
57.5
57.7
58.1
58.3
58.1
55.2
55.6
56.0
56.0
55.9
56.1
56.2
57.0
57.0
57.8
63.0
62.2
62.5
65.6
65.7
65.4
63.9
63.5
64.6
65.1
63.4
63.2
61.7
61.8
62.1
61.0
62.2
62.7
61.4
61.8
61.5
62.3
61.5
62.0
61.9
60.4
60.7
60.3
60.4
59.7
59.6
59.7
59.9
57.6
57.8
59.8
59.8
59.7
59.0
59.0
59.0
60.0
59.0
59.0
58.0
57.9
58.4
58.0
58.3
57.6
58.6
58.5
58.3
58.0
58.0
57.0
58.7
62.6
60.4
60.2
60.1
60.0
60.5
59.6
60.2
59.4
60.3
58.6
59.5
58.7
60.1
61.8
62.0
62.0
62.0
62.5
62.3
61.0
61.9
62.1
62.2
62.6
61.7
62.1
62.0
61.5
62.1
62.0
61.5
62.1
62.1
62.1
60.3
61.1
61.0
59.5
59.9
58.8
59.8
59.1
60.0
59.2
60.0
58.2
59.8
58.3
58.0
57.5
58.0
58.1
67.7
64.7
64.3
61.4
66.0
65.2
66.4
63.2
65.3
66.5
65.5
65.6
65.7
65.1
65.2
63.9
63.2
65.0
62.4
61.5
62.0
61.8
61.6
61.5
61.5
61.6
61.2
61.2
61.3
60.2
60.8
60.8
60.9
59.9
61.0
61.5
60.0
61.0
61.0
61.4
61.1
61.1
61.2
61.1
59.1
59.7
59.6
60.0
58.5
59.4
59.6
59.0
59.0
58.8
59.1
59.1
60.0
60.0
61.5
61.2
60.6
61.9
61.1
60.0
60.0
60.0
60.2
59.9
60.0
59.8
59.9
59.6
60.3
60.1
59.1
60.2
60.2
59.1
59.1
59.1
59.2
60.3
60.3
59.9
59.5
60.4
59.1
59.5
59.5
59.5
57.4
57.7
56.8
58.2
58.6
58.6
57.9
57.2
57.2
58.2
57.8
57.9
58.8
57.1
58.6
56.5
57.2
57.2
58.6
60.0
61.0
60.0
61.0
61.0
60.9
59.5
59.5
59.1
60.0
59.8
59.1
59.0
59.4
59.4
58.4
58.5
57.5
58.8
59.8
58.9
59.6
58.4
57.9
58.2
59.2
58.9
58.6
57.2
59.4
60.0
59.5
59.9
58.9
59.1
59.0
59.4
58.6
59.2
59.2
57.3
57.8
57.5
57.5
57.6
57.6
57.7
57.4
57.6
57.1
57.4
57.5
57.2
57.3
59.4
58.7
58.7
58.3
59.1
58.0
58.0
57.5
57.4
57.6
57.6
57.8
57.9
57.7
57.8
59.0
58.1
58.4
57.7
57.7
57.8
57.9
57.9
57.9
60.0
58.7
58.0
58.0
57.9
58.0
58.0
58.6
59.3
59.0
57.2
57.7
57.9
57.7
58.4
58.4
58.0
57.6
57.6
57.8
57.9
57.6
57.9
57.9
57.3
57.3
58.7
57.2
57.2
58.2
57.2
57.4
57.3
57.3
57.3
58.2
58.1
58.0
58.2
57.0
57.9
57.3
57.1
57.9
57.1
57.1
57.1
57.8
57.7
57.1
57.7
58.5
57.3
57.4
57.2
58.1
57.1
57.9
57.9
57.9
57.9
57.2
58.0
58.0
57.3
57.9
57.9
57.9
57.6
57.6
57.4
57.6
57.7
58.1
57.5
57.2
57.6
57.6
57.6
57.5
57.6
57.5
57.5
57.2
57.2
57.4
58.1
57.8
57.9
57.5
57.4
57.2
57.4
57.5
57.6
57.7
57.8
57.9
57.9
57.6
57.6
57.9
57.4
57.4
57.5
57.9
57.6
57.2
57.6
57.7
58.1
57.7
58.0
57.7
57.2
57.4
57.4
57.2
57.2
57.2
57.9
57.8
57.0
57.0
57.0
57.2
57.0
57.8
56.2
56.7
57.0
56.8
57.5
56.9
57.5
57.0
57.0
57.5
57.7
57.7
56.9
57.5
57.5
57.7
57.7
57.2
57.1
57.6
57.3
56.9
57.2
57.0
56.5
56.4
57.2
56.6
56.1
56.2
56.4
56.1
56.1
56.5
56.5
56.4
56.3
56.3
56.3
55.9
55.9
55.9
56.1
56.2
55.7
57.0
56.1
56.1
57.0
56.3
56.4
56.7
56.5
56.8
56.5
56.5
56.8
56.8
56.7
56.1
56.8
56.2
56.0
56.8
56.3
56.3
56.7
56.3
56.3
56.5
56.3
56.2
56.6
56.7
56.6
56.6
56.3
56.7
56.7
57.0
57.0
58.6
57.0
56.8
57.0
56.2
56.1
56.6
56.6
55.0
54.7
57.4
55.7
56.0
56.1
55.9
56.8
57.4
57.2
56.1
57.6
55.6
55.7
56.3
57.3
57.1
57.1
56.2
56.8
57.1
58.0
56.5
56.0
56.5
56.0
56.5
57.8
56.1
56.0
56.0
56.1
56.0
56.4
56.4
56.0
56.1
56.5
56.5
56.5
56.3
56.0
56.0
56.0
55.8
55.5
56.0
55.3
55.7
55.4
55.8
55.3
55.8
56.5
56.5
55.9
55.8
56.3
56.3
56.4
56.4
56.3
56.2
56.0
56.3
56.3
58.7
55.8
55.4
56.0
55.5
55.9
55.9
56.0
56.0
55.6
56.0
56.3
55.9
55.7
55.3
55.4
55.4
55.8
55.3
55.5
55.5
55.5
55.5
56.4
55.6
56.0
55.6
55.4
55.4
55.9
55.8
55.4
55.7
55.5
55.4
55.1
55.7
55.3
55.4
55.5
56.0
55.7
55.0
55.0
55.0
55.0
55.0
55.0
55.0
55.0
55.0
54.8
54.8
54.8
54.8
54.8
55.1
54.8
54.7
54.8
54.7
54.6
54.5
54.5
54.8
56.2
55.1
55.5
54.8
54.9
55.3
55.4
55.3
55.5
55.3
54.8
54.8
54.8
55.4
55.0
54.9
54.9
54.9
54.9
54.6
54.6
54.8
54.8
54.8
54.8
54.6
54.8
54.6
54.5
54.7
54.6
54.6
54.6
54.0
54.0
54.0
54.4
54.1
54.1
54.0
53.7
53.7
53.7
53.2
53.9
54.2
54.2
54.3
54.4
54.4
54.3
54.3
54.4
54.0
54.3
54.5
54.5
54.0
54.4
54.4
53.6
53.4
53.4
53.9
53.9
53.6
53.8
53.8
54.0
53.5
53.5
53.4
53.3
53.6
53.6
53.5
53.4
53.4
52.2
53.5
53.5
53.5
53.0
53.5
53.6
52.9
52.9
52.9
52.9
52.9
53.0
53.0
52.9
52.6
53.0
53.0
53.0
53.0
52.0
52.2
52.2
52.9
52.1
52.2
51.6
51.8
52.0
52.0
52.0
51.7
52.0
51.4
50.8
51.0
51.5
51.5
50.5
50.5
50.4
51.0
51.0
50.6
49.3
49.7
49.5
49.3
49.1
49.8
49.8
49.8
49.5
49.5
49.5
49.5
49.0
49.4
49.5
48.3
48.6
48.3
48.5
47.0
48.0
48.0
46.3
47.0
47.1
47.0
47.0
47.0
47.5
47.3
46.6
46.1
47.3
47.3
46.6
45.5
46.9
46.9
46.3
45.5
45.6
46.3
46.3
46.3
46.2
45.3
45.3
45.0
45.0
45.0
45.0
46.0
44.1
45.0
44.9
44.9
44.9
44.4
44.0
44.7
44.0
44.0
44.0
44.0
44.0
44.0
43.3
44.7
43.3
44.0
44.4
44.3
44.4
43.3
43.4
44.0
44.0
43.3
44.1
43.7
53.5
57.8
56.6
56.5
55.7
56.8
61.2
61.2
61.2
65.0
58.1
59.1
60.3
56.5
55.5
55.0
55.4
55.6
54.7
56.7
51.0
51.1
50.7
51.2
50.5
51.9
49.9
49.3
50.2
50.0
49.9
50.0
50.0
48.6
48.5
48.0
48.1
48.2
52.5
53.9
59.8
57.0
57.7
62.5
66.4
66.4
66.4
63.0
84.0
74.0
72.1
73.8
70.6
65.3
62.0
61.4
62.5
62.6
59.1
58.1
55.8
57.0
58.0
54.7
54.8
55.2
57.4
53.1
54.7
53.4
55.0
53.4
53.0
53.8
54.4
53.6
54.3
53.3
53.0
53.1
52.5
52.9
53.0
53.1
52.6
52.8
52.8
53.2
52.9
53.0
53.0
53.0
52.8
53.0
53.2
52.9
52.1
51.6
51.6
52.5
51.0
52.5
51.4
51.3
52.4
51.0
50.8
49.5
50.0
50.4
50.0
49.5
50.0
50.4
50.3
50.2
50.5
50.8
50.7
49.8
49.8
50.8
49.9
48.8
50.1
50.8
51.3
51.2
50.7
49.8
49.9
50.8
50.0
51.2
50.5
49.9
49.5
49.7
48.9
49.7
49.6
49.1
48.6
48.6
47.7
48.6
50.0
49.1
49.3
49.8
49.9
49.8
49.8
49.7
49.6
49.1
49.1
49.6
51.1
51.0
50.1
50.2
49.9
50.9
50.1
51.4
52.1
52.6
52.8
51.0
51.7
51.5
50.5
50.6
50.6
51.5
51.4
50.9
51.0
50.6
51.0
50.3
50.0
50.2
51.2
49.7
50.0
49.3
49.6
53.5
51.6
53.2
59.5
58.4
57.1
55.4
54.8
57.3
55.9
56.8
56.0
56.0
56.0
56.0
56.3
55.9
56.2
55.7
56.0
55.5
55.4
55.2
54.6
55.1
55.0
55.0
55.0
55.0
54.8
53.8
54.0
53.7
53.3
52.8
53.0
53.6
53.0
53.0
53.2
53.0
53.2
52.7
51.4
53.4
52.4
52.2
51.9
52.0
52.0
52.4
52.5
52.8
52.2
52.1
52.6
52.5
52.3
52.0
52.0
52.0
52.4
52.2
51.6
52.1
51.6
51.0
50.5
51.3
50.4
50.9
50.4
50.9
50.8
50.8
50.2
49.0
49.0
49.3
48.6
48.6
50.1
50.6
52.6
50.7
51.2
50.9
50.2
51.8
50.1
50.9
51.8
51.1
50.2
49.2
48.9
48.3
48.2
49.2
49.9
48.6
49.4
49.4
49.0
48.6
49.1
50.9
49.5
49.9
49.5
48.3
48.1
48.3
48.4
48.7
48.5
49.6
49.6
49.4
49.5
49.6
49.0
49.4
49.4
49.6
49.3
48.6
47.5
46.7
45.7
44.5
44.3
44.5
45.0
45.5
45.5
45.4
44.2
44.0
44.0
44.8
44.9
44.5
44.4
44.3
45.1
43.8
45.3
45.3
45.5
45.6
46.1
46.4
44.9
44.8
44.8
44.9
45.8
45.1
45.9
45.4
43.9
44.0
47.8
46.3
46.2
46.0
46.5
47.5
47.0
48.9
46.8
47.0
46.8
47.4
48.1
48.4
46.4
46.8
46.6
46.4
48.5
46.4
46.3
46.3
46.4
46.3
46.3
46.4
46.6
46.1
46.0
45.7
45.7
45.0
45.2
45.5
45.7
45.2
45.2
45.6
45.1
45.1
45.0
45.1
45.0
44.0
44.0
44.5
44.2
44.2
44.2
44.3
44.4
44.8
44.8
44.7
44.0
44.8
44.8
44.8
44.8
44.8
44.6
44.8
44.5
44.3
44.8
44.7
44.7
45.0
44.9
44.9
45.4
45.4
45.5
45.1
45.3
45.4
45.0
45.7
45.6
45.0
44.9
46.0
45.5
45.1
45.6
45.5
45.4
45.4
45.4
45.5
45.4
45.4
44.2
44.1
44.3
44.3
44.4
44.2
44.2
44.6
44.7
44.2
44.9
44.6
44.9
45.2
45.4
44.8
44.7
44.7
45.2
44.7
45.1
44.7
45.3
45.3
45.1
45.1
45.5
45.3
45.1
44.8
44.5
44.4
44.3
44.5
44.5
44.2
44.2
42.7
43.0
41.6
39.8
39.8
38.0
37.5
37.5
37.5
37.5
37.9
39.6
38.7
44.2
44.0
28.0
29.0
37.6
37.6
37.9
33.6
30.6
30.5
35.2
39.0
40.8
39.0
35.9
40.4
41.0
41.0
41.9
41.3
41.8
41.0
40.9
41.8
41.0
43.0
38.5
39.8
37.1
39.7
39.6
43.6
42.0
42.0
43.0
42.9
43.8
41.8
44.0
41.7
42.3
41.4
39.8
40.8
40.9
40.3
39.0
39.9
40.3
40.2
40.2
40.0
40.0
40.0
39.9
39.7
39.7
39.5
39.7
39.1
39.8
39.8
39.8
39.0
39.5
39.5
39.0
39.0
39.1
38.8
38.8
38.6
38.2
38.3
38.3
38.3
38.5
38.4
38.1
38.1
38.2
38.0
38.1
38.2
39.0
38.5
38.4
39.4
39.4
39.7
38.5
38.9
39.3
45.7
53.4
54.1
54.1
54.1
54.1
54.1
59.5
70.3
72.0
71.5
70.3
70.8
70.5
75.6
75.6
75.6
77.6
64.3
64.5
64.2
62.7
63.6
61.8
60.5
56.8
58.0
59.5
53.5
52.6
57.0
58.3
57.9
54.1
54.1
54.9
55.9
60.0
59.5
55.3
58.2
57.5
58.4
56.9
57.0
56.9
56.8
55.2
56.2
55.1
54.2
53.1
52.2
52.9
55.2
55.3
54.1
52.9
53.5
53.0
53.4
53.5
52.4
52.5
52.1
53.4
52.8
51.8
52.2
51.3
51.8
51.7
52.6
51.2
50.3
51.4
50.6
51.0
50.5
54.1
51.5
51.9
55.5
52.5
55.7
54.9
57.8
55.5
55.1
55.6
54.8
54.9
55.3
55.8
59.5
56.0
56.9
56.8
53.9
53.3
53.4
54.0
53.3
54.0
54.0
55.5
55.9
55.8
58.7
58.3
57.9
59.3
59.3
59.1
59.0
57.7
56.4
55.9
56.3
56.7
58.3
59.8
56.4
56.5
57.4
57.2
56.8
56.9
56.9
57.2
58.2
58.3
57.6
57.1
57.1
56.1
56.1
57.0
56.5
55.9
57.4
55.7
54.9
55.2
55.9
56.0
55.5
56.6
55.7
55.1
54.1
54.0
54.5
54.9
54.5
54.7
54.2
56.2
54.7
54.1
54.1
54.5
54.1
54.1
55.3
57.0
55.5
55.5
54.9
54.7
55.0
55.1
55.0
54.3
55.2
54.1
52.7
52.8
53.8
55.3
55.9
55.1
56.4
60.0
56.0
58.7
59.4
59.5
59.8
59.8
60.2
60.5
60.2
61.8
61.6
62.4
62.0
60.7
59.5
60.1
63.9
63.5
66.0
64.4
63.7
61.1
60.0
58.3
58.6
59.1
59.1
59.5
60.5
58.0
57.9
57.1
57.7
57.6
57.4
58.0
58.1
56.9
56.9
56.7
56.7
56.2
56.3
56.3
56.0
56.1
57.2
56.5
56.1
56.3
55.7
56.3
57.7
57.0
57.1
55.5
51.5
50.2
51.9
51.4
53.2
54.2
54.9
56.9
57.5
55.7
58.4
57.1
59.0
59.7
57.9
59.4
59.9
60.2
60.0
61.5
59.4
59.8
63.0
61.0
61.9
62.0
61.8
61.6
61.0
59.1
59.0
59.5
57.4
58.9
59.9
56.5
58.4
58.9
56.3
55.1
55.5
54.9
54.8
55.2
55.4
55.9
55.1
55.2
54.5
54.0
54.1
53.9
53.9
54.0
53.9
53.4
53.8
56.3
55.5
55.7
55.1
55.4
55.4
55.2
54.6
53.9
53.8
55.5
53.8
54.1
53.7
55.0
54.3
53.8
53.4
53.4
53.6
53.7
53.9
53.8
54.2
54.6
53.7
54.6
54.2
53.6
53.2
53.2
54.5
53.2
53.9
54.7
54.7
54.1
54.3
53.7
54.3
53.3
52.8
52.3
52.6
52.6
52.7
52.9
52.5
52.4
51.1
51.4
51.4
50.6
50.6
51.0
51.3
51.0
51.5
51.0
51.6
51.1
51.0
50.6
50.6
50.6
51.0
50.0
50.6
50.6
50.3
51.0
50.9
53.9
52.7
52.2
52.3
53.5
54.0
53.8
53.8
53.5
53.9
53.9
53.9
53.4
53.9
53.1
53.9
53.5
53.9
53.0
53.5
52.9
53.5
53.7
52.9
53.2
53.4
53.5
53.0
52.2
53.1
53.5
53.8
53.1
55.0
56.3
54.5
54.1
54.0
53.4
53.4
53.8
53.8
55.9
54.0
53.4
54.9
53.5
53.0
57.8
55.0
57.4
57.4
56.4
57.5
57.5
57.5
58.0
57.8
57.9
56.8
57.0
56.7
56.9
56.9
57.5
57.3
56.6
56.6
56.7
56.0
55.9
57.1
56.5
57.8
58.4
57.7
57.9
57.6
57.7
57.1
55.6
57.4
57.5
56.9
56.5
56.4
55.0
55.7
55.2
55.3
54.5
55.2
54.7
55.3
54.8
54.4
54.8
54.0
54.0
54.3
54.7
54.9
52.4
