close
26.47
26.5
24.0
26.8
25.0
25.0
25.0
26.5
25.0
25.0
26.55
26.55
26.52
26.6
25.08
25.0
24.8
26.62
26.65
26.7
26.6
26.62
26.0
26.42
25.8
26.5
25.8
26.8
27.2
27.2
27.2
27.21
27.2
27.2
27.2
27.5
27.25
27.22
27.24
27.25
27.2
26.98
27.25
26.98
26.98
26.98
27.26
26.98
26.98
26.98
26.98
27.26
27.2
27.2
27.0
27.2
19.34
14.86
23.0
27.14
27.145
27.145
27.145
27.25
27.25
25.0
23.0
22.8
25.2
27.26
24.01
27.26
27.26
27.26
24.1
27.2
27.26
27.3
27.2
27.25
27.3
27.0
27.27
27.27
28.0
27.3
27.32
24.4
27.0
27.3
27.67
27.67
27.67
27.78
27.78
27.7
27.65
27.0
27.8
27.82
27.8
27.82
27.8
27.82
27.8
27.82
27.82
27.82
27.901
27.915
27.915
27.915
27.92
27.9
28.72
28.72
26.39
26.401
26.39
26.4
26.47
20.2
24.0
26.4
26.4
26.2
26.95
22.0
26.995
22.0
24.995
26.0
25.991
26.0
26.0
25.999
25.33
25.33
26.0
25.33
25.33
26.0
26.0
25.33
25.33
25.3
26.47
26.47
26.47
26.7
26.41
26.47
27.5
26.83
25.5
24.0
27.55
24.55
24.55
24.9
25.5
27.57
27.19
27.365
27.6
27.6
27.6
27.5
27.7
27.0
27.0
27.92
27.72
27.72
25.0
22.0
18.03
26.4
27.8
27.8
27.8
27.8
28.0
22.1
26.986
26.75
26.5
26.5
26.5
26.0
26.0
26.5
27.45
28.01
28.01
28.01
27.0
28.0
28.0
28.0
28.0
28.1
28.15
28.15
28.41
29.0
28.41
28.48
28.55
28.9
29.0
28.5
29.0
29.0
28.7
28.9
28.0
28.5
29.0
28.8
27.15
28.1
28.72
23.0
28.0
27.25
28.82
28.82
28.5
28.0
27.0
28.01
28.15
28.15
26.47
29.0
29.0
27.0
27.0
29.0
27.5
28.0
30.0
28.0
28.0
27.979
28.5
27.884
28.5
28.5
28.5
28.5
28.0
23.5
27.9
20.8
27.5
28.5
28.5
28.5
28.5
28.0
28.4
28.6
27.6
28.5
29.0
28.4
28.7
28.4
28.4
28.7
28.3
29.0
29.7
28.3
29.4
29.4
28.3
28.3
28.3
28.3
28.3
29.0
29.0
28.9
28.5
28.0
27.5
28.7
38.6
28.7
28.5
26.8
33.3
27.8
29.0
26.9
27.5
27.5
28.5
27.4
28.7
26.8
28.7
22.2
37.6
26.0
29.0
36.2
24.7
26.2
35.0
35.0
35.9
28.8
48.4
48.4
49.0
49.0
35.5
35.5
31.0
40.0
40.0
32.1
33.0
33.5
33.5
30.9
30.9
31.0
31.0
31.5
32.9
40.7
42.8
32.8
33.0
32.5
35.0
32.9
32.0
30.5
32.0
31.9
31.5
32.0
32.7
33.2
32.0
32.9
30.5
30.4
30.5
30.4
30.8
30.1
30.2
30.2
30.1
31.5
30.3
30.3
30.0
29.8
31.0
31.0
29.9
29.1
29.1
29.1
29.1
29.1
29.9
29.1
30.1
30.3
31.0
30.1
30.0
29.1
30.1
30.8
29.4
29.2
29.3
30.0
29.2
29.1
29.1
30.7
29.5
28.2
29.0
29.0
28.6
28.4
28.0
30.1
30.1
30.1
29.1
29.0
28.9
29.0
29.0
29.0
29.4
28.5
29.9
28.3
29.4
30.2
29.1
29.1
28.6
28.4
28.8
28.2
28.2
28.5
30.1
28.8
28.5
29.1
28.8
30.1
29.1
29.0
26.0
28.5
28.8
28.1
28.9
29.1
29.9
28.0
29.7
28.1
28.2
28.1
28.0
26.6
27.0
30.1
29.1
29.0
29.0
29.8
29.9
29.0
28.9
29.4
27.9
29.8
29.8
27.0
30.2
30.0
29.9
29.0
27.5
28.0
27.9
27.7
28.0
27.6
29.7
27.7
30.0
30.1
30.1
29.0
29.0
29.4
30.1
28.3
26.7
26.7
26.7
26.7
26.7
26.7
26.7
26.7
26.7
26.0
26.5
26.4
26.4
26.4
26.1
26.5
26.5
25.2
25.3
26.3
26.4
26.3
25.5
25.4
25.5
25.5
25.6
26.0
25.0
26.5
26.6
26.4
26.5
26.7
25.5
25.9
25.9
25.9
25.5
26.4
26.1
26.4
25.8
26.3
26.0
25.5
25.3
25.5
26.2
25.9
26.2
25.8
26.1
25.8
25.4
25.4
25.4
25.0
25.0
25.2
25.1
25.0
25.7
25.3
25.0
25.2
25.0
25.4
25.0
25.0
25.3
25.8
25.3
25.1
25.1
25.0
25.0
22.2
25.9
24.9
24.5
24.9
24.0
24.0
24.0
24.0
24.4
23.9
24.4
24.4
24.2
23.7
23.6
25.0
23.3
23.3
24.2
22.5
22.5
23.5
23.7
22.9
24.2
24.0
24.0
23.1
23.7
23.8
23.8
23.9
24.0
24.0
24.1
24.1
24.5
25.0
24.0
24.0
24.9
24.1
24.0
24.1
24.1
24.1
26.3
26.1
26.1
25.0
24.0
24.5
25.0
25.8
26.2
24.9
25.5
25.0
25.0
25.0
25.0
25.8
25.6
25.6
25.8
26.2
25.0
25.9
25.3
25.0
25.0
25.8
25.5
25.0
26.5
25.5
26.0
26.4
25.0
25.6
25.5
26.2
26.5
26.4
26.6
26.0
26.4
26.6
26.0
25.3
25.3
25.3
25.0
24.9
24.0
26.0
25.0
25.0
26.5
26.6
25.8
26.3
26.6
26.6
25.0
24.9
25.0
25.1
26.0
25.5
25.5
25.9
24.6
26.5
26.3
25.1
25.1
25.1
25.5
26.0
26.3
26.3
26.4
26.0
24.9
26.2
26.2
25.6
26.2
25.0
25.0
24.8
24.9
24.9
24.9
24.5
24.5
24.5
24.0
24.1
24.0
24.1
24.5
24.7
24.3
24.3
24.3
24.0
24.1
23.6
23.7
23.7
24.3
23.8
23.8
24.5
27.3
26.0
24.5
24.6
24.7
25.1
25.7
25.8
25.8
25.4
25.0
24.9
24.8
24.4
24.3
23.9
24.9
23.8
24.3
23.6
23.9
24.5
23.5
23.5
23.6
23.8
23.3
23.6
23.9
23.5
23.4
23.8
23.4
23.9
23.6
23.4
23.8
23.8
23.8
23.9
23.2
22.9
23.1
23.4
23.4
23.7
23.6
22.6
23.0
23.3
23.3
23.3
23.8
23.7
23.1
23.6
23.9
23.3
23.6
23.3
23.4
23.3
23.5
23.3
23.7
23.6
23.4
23.3
23.3
22.8
23.3
23.4
23.1
22.9
22.8
23.3
23.4
23.1
23.3
23.0
23.6
23.5
24.4
24.4
23.8
24.1
24.2
23.7
24.0
23.3
23.9
23.7
24.3
23.7
23.7
23.8
23.3
23.3
23.1
23.7
24.2
24.2
23.3
23.8
23.8
24.1
23.8
23.9
23.8
23.5
23.1
23.7
23.4
23.3
23.3
23.4
23.4
23.3
23.4
23.8
24.2
24.7
24.4
24.0
24.2
24.2
23.7
23.6
23.6
23.3
24.0
23.2
26.4
31.0
29.0
29.3
30.4
32.8
32.8
32.8
36.1
40.9
38.8
40.3
37.0
34.5
31.2
32.0
33.9
33.0
34.5
34.0
30.7
30.8
30.6
28.5
27.5
26.5
27.0
27.6
26.8
25.5
25.9
26.0
26.0
25.8
26.0
25.9
26.0
26.0
25.3
25.7
26.5
26.9
26.5
26.2
25.6
26.0
26.5
25.3
25.3
25.9
24.9
25.0
25.0
25.5
25.3
24.9
25.1
27.0
26.5
26.4
26.7
26.9
27.0
26.4
25.9
25.7
25.9
26.7
25.7
26.0
25.5
25.4
25.0
25.6
25.6
25.0
24.9
24.8
25.0
25.1
25.4
25.4
25.5
25.2
25.2
25.2
25.2
26.1
26.1
26.1
25.5
25.7
25.7
25.7
26.3
25.8
26.0
26.9
26.1
25.9
25.8
26.0
26.6
26.9
26.9
25.9
25.9
25.6
25.2
25.3
25.2
25.2
25.4
25.4
26.0
25.5
25.4
25.2
25.0
25.2
25.0
25.2
25.1
25.2
25.0
24.9
24.5
25.0
25.1
24.8
25.0
24.8
24.7
24.5
24.6
24.7
24.7
24.8
24.8
24.8
24.4
24.6
24.6
24.5
24.6
24.4
24.5
24.7
24.3
24.5
24.0
24.4
24.6
24.6
24.2
24.5
25.0
24.4
24.4
24.4
24.4
24.1
24.5
24.5
24.5
24.4
24.6
24.6
24.7
24.6
24.7
24.7
24.5
24.5
24.1
24.2
24.2
24.4
23.9
23.9
24.3
23.9
23.8
23.5
24.0
24.0
24.0
24.0
24.3
24.1
24.1
24.1
24.0
24.0
24.1
24.1
23.7
23.8
23.9
23.9
23.8
23.9
23.8
24.5
24.0
24.0
23.9
24.0
23.8
24.4
24.2
24.1
24.5
24.4
24.3
24.3
24.3
24.4
24.0
24.0
23.9
23.8
23.4
23.6
23.2
23.4
23.4
23.4
23.5
23.5
23.4
23.5
23.4
23.4
23.2
23.2
22.5
23.0
23.0
23.4
23.4
23.4
23.4
22.7
23.0
23.1
23.0
23.0
23.1
23.1
23.0
23.1
23.1
23.2
23.1
23.0
23.0
22.8
22.7
22.8
23.2
23.3
23.2
23.2
23.0
23.2
22.8
22.7
23.2
23.2
22.6
22.9
23.1
23.1
23.0
22.8
23.2
22.6
22.7
22.8
22.5
22.9
22.9
22.8
22.8
23.1
23.0
23.0
23.0
23.0
22.5
22.9
24.0
24.1
24.1
24.0
24.2
24.4
24.3
23.6
23.6
24.5
23.8
23.8
23.7
23.8
23.8
23.8
23.4
23.1
23.2
23.0
22.6
22.6
23.4
23.6
23.8
23.7
23.5
23.4
24.7
24.0
24.4
23.7
23.0
23.4
23.0
22.9
23.3
22.7
23.0
22.8
23.1
23.2
23.4
23.1
23.0
23.0
23.0
23.3
23.2
23.1
23.0
22.9
22.8
23.1
23.1
23.0
22.5
22.0
22.0
22.0
22.2
22.1
22.4
22.2
22.0
21.9
22.0
22.0
22.0
22.0
22.0
22.2
21.8
21.9
22.0
21.3
21.0
21.4
21.0
21.9
21.2
21.4
21.3
21.0
20.8
20.7
20.3
20.3
21.1
20.0
20.1
20.5
20.7
21.0
20.0
20.2
20.1
20.5
20.1
19.8
19.7
19.7
20.3
19.6
19.7
19.8
19.5
19.6
20.0
20.1
19.8
19.8
19.5
19.2
19.5
19.3
19.5
19.2
19.2
19.0
19.0
19.1
19.0
19.1
19.1
19.0
19.3
19.0
19.0
18.6
18.9
18.2
18.7
18.4
18.4
18.6
18.6
18.4
18.1
18.1
18.0
18.2
18.1
18.0
17.9
18.0
18.0
18.0
18.0
17.9
18.0
18.0
17.6
18.0
17.9
18.0
18.0
17.9
17.9
17.9
17.9
18.0
18.0
18.1
18.0
18.1
18.1
18.0
18.0
18.1
18.0
18.1
18.1
18.1
18.0
18.1
18.2
18.7
18.4
18.4
18.4
18.5
18.0
18.0
18.1
18.1
18.1
18.0
18.1
18.2
18.2
18.2
18.0
18.1
18.0
18.1
18.0
18.0
18.0
18.0
18.1
17.6
17.9
17.9
17.8
17.7
17.7
17.9
17.5
17.5
17.5
17.6
17.4
17.5
17.5
17.5
17.5
17.3
17.5
17.5
17.4
17.4
17.4
17.4
17.4
17.2
17.1
17.0
17.0
17.0
17.1
16.9
16.9
16.9
17.0
17.1
17.0
17.0
17.0
17.0
16.9
17.0
17.0
17.0
17.2
17.0
17.0
17.3
17.0
16.9
17.4
17.3
17.0
17.0
16.9
17.0
17.0
17.0
17.0
17.2
17.0
17.0
17.0
17.0
17.1
16.9
16.9
17.0
17.0
17.1
17.1
17.1
17.0
17.0
17.0
17.0
17.0
17.0
17.2
17.0
17.0
17.0
17.0
17.0
16.9
17.2
17.2
17.0
17.0
16.5
16.5
16.7
16.7
16.6
16.5
16.7
16.6
16.0
16.2
16.2
16.3
16.3
16.3
16.4
16.2
16.1
15.8
15.9
15.8
15.8
15.7
15.7
15.5
15.2
15.3
15.3
15.1
15.3
15.3
15.5
15.5
15.3
15.4
15.4
15.3
15.2
15.5
15.1
15.0
14.7
14.4
14.4
14.8
14.8
14.9
14.6
14.6
14.7
14.8
14.7
14.6
14.8
14.7
14.7
14.6
14.4
14.7
14.4
14.4
14.2
14.5
14.3
14.2
14.3
14.2
14.5
13.9
13.8
13.9
13.9
13.9
13.9
13.6
13.7
13.8
14.1
14.0
14.2
14.0
14.0
14.1
13.5
13.7
13.7
13.6
13.8
13.9
14.0
13.9
14.2
13.7
14.1
13.8
13.7
13.7
13.7
13.7
13.8
13.8
13.9
13.7
13.8
13.8
13.6
13.8
13.7
13.5
13.5
13.5
13.5
13.5
13.4
13.5
13.5
13.5
13.5
13.4
13.4
13.5
13.4
13.4
13.4
13.4
12.9
12.8
12.9
13.0
12.9
12.9
13.0
13.0
12.7
12.9
12.8
12.8
12.6
12.5
12.6
12.7
13.0
12.7
12.5
12.5
12.5
12.5
12.5
12.5
12.6
12.6
12.7
12.7
12.7
12.7
12.6
12.7
12.6
12.7
12.4
12.4
12.6
12.7
12.6
12.7
12.7
13.0
13.0
13.6
13.1
13.3
12.9
13.0
13.2
13.1
13.2
13.1
12.5
13.3
13.1
13.1
12.9
13.1
13.0
13.0
13.1
13.1
13.1
13.0
13.1
13.1
13.0
13.3
13.3
13.3
13.2
13.1
13.2
13.2
13.1
13.4
13.5
13.6
14.0
13.7
13.7
13.7
13.7
13.9
14.0
13.9
13.5
13.8
13.8
13.8
13.9
13.8
14.0
14.0
13.7
13.9
13.6
13.7
13.5
13.6
13.5
13.7
13.2
13.1
13.1
13.2
13.3
13.2
13.1
12.9
13.2
13.3
13.4
13.5
13.5
13.3
13.5
13.4
13.3
13.2
13.4
13.2
13.4
13.1
13.1
13.2
13.3
13.2
13.0
13.1
13.0
13.1
13.2
13.2
13.4
13.4
13.5
13.4
13.4
13.4
13.4
13.4
13.4
13.4
13.2
13.4
13.2
13.2
13.1
13.5
13.1
13.0
13.1
12.8
12.8
13.0
12.8
12.8
12.8
13.0
13.2
13.2
13.2
13.1
13.0
13.0
13.1
13.2
13.1
13.1
13.1
13.0
13.0
13.2
13.0
13.0
13.0
13.0
13.1
13.1
12.9
13.0
13.1
13.1
13.1
13.0
13.0
13.0
13.0
13.0
13.0
13.0
13.0
13.1
12.9
13.0
13.0
12.9
12.8
12.9
12.9
12.9
12.9
12.9
13.0
13.0
12.8
12.8
13.0
13.0
12.9
12.8
12.5
12.9
12.6
12.7
12.8
12.6
12.7
12.6
12.7
12.8
12.8
12.8
12.8
12.8
12.8
12.6
12.7
12.6
12.4
12.3
12.4
12.4
12.4
12.4
12.4
12.4
12.4
12.5
12.6
12.6
12.6
12.5
12.5
12.5
12.6
12.5
12.6
12.6
12.7
12.8
12.7
12.8
12.5
12.7
12.6
12.8
12.7
12.6
12.7
12.7
12.7
12.5
12.7
12.5
12.6
12.6
12.5
12.4
12.4
12.4
12.5
12.4
12.5
12.5
12.3
12.2
12.4
12.3
12.3
12.4
12.4
12.1
12.3
12.4
12.4
12.2
12.2
12.1
12.3
12.3
12.2
12.2
12.1
12.2
12.2
12.3
12.3
12.2
12.3
12.3
12.1
12.2
12.2
12.2
11.9
11.9
12.0
11.9
12.0
12.0
11.9
11.9
11.9
11.8
11.6
11.8
11.4
11.9
12.0
12.0
12.0
11.9
11.8
11.9
11.9
11.5
11.8
11.8
11.8
11.8
11.9
11.8
11.3
11.5
11.5
11.5
11.5
11.5
11.5
11.1
11.0
11.1
11.0
11.0
11.0
11.0
11.0
11.0
11.0
11.0
11.0
11.0
11.0
11.0
11.0
11.0
10.8
10.8
10.7
10.7
10.7
11.0
11.0
11.3
10.9
10.9
10.9
10.9
10.8
10.9
10.8
10.8
10.7
10.6
10.8
10.9
10.8
10.9
11.1
10.9
10.8
10.5
10.5
10.5
10.3
10.4
10.0
10.0
10.0
9.8
9.8
9.8
9.7
9.3
9.0
9.1
9.1
9.0
8.9
8.8
8.7
8.8
8.9
8.8
8.9
8.8
8.8
8.6
8.6
8.6
8.6
8.6
8.6
8.6
8.6
8.6
8.6
8.6
8.6
8.6
8.6
8.6
8.6
8.6
8.6
8.5
8.6
8.6
8.6
8.6
8.6
8.6
8.6
8.6
8.7
8.5
8.6
8.6
8.5
8.6
8.6
8.6
8.6
8.6
9.3
9.7
9.7
9.4
9.6
9.4
9.4
9.1
9.5
9.5
9.7
10.1
10.2
10.3
10.7
10.6
11.2
12.0
11.5
11.8
12.9
13.5
13.2
12.9
13.2
12.4
12.2
12.2
12.2
12.3
11.7
11.7
11.7
11.5
11.5
11.7
11.6
11.7
11.7
11.8
11.6
11.3
11.3
11.4
11.2
11.3
11.3
11.4
11.0
12.5
12.0
12.0
11.9
12.0
12.5
12.1
12.4
12.2
12.1
12.0
12.0
12.4
12.3
12.2
12.3
12.1
12.2
12.1
12.1
11.9
11.8
11.9
11.8
12.0
12.1
12.1
11.9
11.9
11.8
11.9
11.8
12.0
12.0
11.9
12.0
11.8
11.9
11.9
11.9
11.8
11.7
11.7
11.7
11.8
11.6
11.5
11.5
11.6
11.5
11.6
11.7
11.4
11.3
11.2
11.4
11.5
11.5
11.6
11.7
11.6
11.6
11.6
11.6
11.7
11.7
11.6
11.7
11.6
11.5
11.6
11.9
11.8
11.9
11.6
11.9
11.9
11.6
11.6
11.5
11.7
11.5
11.5
11.4
11.5
11.4
11.4
11.2
11.3
11.4
11.5
11.5
11.5
11.5
11.5
11.5
11.5
11.4
11.4
11.5
11.4
11.5
11.2
11.4
11.2
11.3
11.3
11.3
11.1
11.2
11.1
11.3
11.4
11.2
11.2
11.3
11.4
11.4
11.2
11.2
10.9
11.1
11.0
11.1
11.2
11.1
11.1
11.1
11.1
11.0
11.0
11.0
10.5
10.8
10.6
10.6
10.8
10.8
10.8
10.6
10.3
10.5
10.5
10.6
10.5
10.5
10.1
10.0
10.3
10.5
10.3
10.1
10.2
10.3
10.2
10.4
10.5
10.8
11.4
11.4
11.2
11.2
11.4
11.5
11.4
11.6
11.6
11.3
11.1
11.1
11.0
11.0
11.0
11.0
10.8
10.8
10.7
11.0
10.7
10.7
10.9
10.7
11.0
10.9
11.1
10.9
10.9
10.9
10.8
11.0
10.9
11.3
11.2
11.1
11.2
11.76
11.41
11.53
11.63
11.63
11.4
11.19
11.0
11.0
11.0
11.14
11.02
11.0
10.85
11.0
10.95
10.81
10.96
11.1
10.85
10.82
11.25
10.97
11.0
11.21
11.0
10.95
11.08
11.1
11.1
11.1
11.03
11.03
11.0
11.0
11.08
11.31
11.12
11.3
11.18
11.01
11.09
11.09
11.14
11.1
11.22
11.22
11.2
11.05
11.05
11.08
11.08
11.06
11.21
11.23
11.23
11.15
11.1
11.1
11.06
11.11
11.06
11.1
11.01
11.01
11.01
11.0
11.0
11.18
11.07
11.18
11.1
11.41
11.47
11.24
11.5
11.55
11.3
11.4
11.1
11.14
11.1
11.1
11.15
11.11
11.2
11.0
10.76
10.77
10.77
10.8
10.72
10.83
10.97
10.81
10.84
10.8
10.83
10.79
10.75
10.75
10.73
10.83
10.8
10.7
10.7
10.7
10.7
10.81
10.7
10.82
10.87
10.95
10.91
10.7
10.8
10.7
10.8
10.83
10.69
10.82
10.85
10.75
10.8
10.53
10.7
10.77
10.6
10.9
10.97
10.8
11.0
10.8
10.92
10.93
10.9
10.83
10.8
10.8
10.91
10.92
10.91
10.6
10.91
10.7
10.72
10.89
10.92
10.93
11.1
11.6
11.41
11.3
11.42
11.2
11.29
11.38
11.4
11.39
11.7
11.74
11.74
11.67
11.65
11.7
11.73
11.95
11.71
11.81
11.8
12.49
12.43
12.41
12.23
12.2
12.18
12.39
12.94
13.19
13.51
13.4
13.79
13.76
13.9
14.17
13.8
14.15
13.5
13.36
13.91
14.44
14.06
13.73
13.95
13.8
13.26
13.4
13.01
13.16
13.2
13.18
13.3
13.25
13.23
13.01
13.2
13.4
13.25
13.3
13.23
13.08
13.3
13.21
13.24
13.88
13.42
13.65
13.42
13.51
13.68
13.48
13.44
13.69
13.5
14.0
14.0
13.78
14.0
14.04
13.95
14.35
14.13
14.21
14.65
14.3
14.2
14.15
14.48
14.56
14.26
14.3
14.73
14.47
14.4
14.75
14.74
14.74
14.74
14.72
14.7
14.34
14.29
14.0
14.17
14.0
14.23
14.16
14.3
14.39
14.45
14.11
13.97
14.01
14.15
14.18
14.14
13.95
14.1
14.17
14.13
14.12
14.14
14.6
14.77
14.85
14.79
14.63
14.52
14.97
14.79
14.6
14.4
14.52
14.4
14.5
14.36
14.49
14.39
14.39
14.2
14.3
14.36
14.36
14.23
14.1
14.19
14.19
14.3
14.3
14.22
14.1
14.29
14.23
14.18
14.15
14.16
14.2
14.26
14.13
14.39
14.25
14.21
14.08
14.18
14.18
14.18
14.16
14.09
14.35
14.46
14.26
14.31
14.5
14.35
14.35
14.37
14.4
14.4
14.34
14.4
14.48
14.47
14.33
14.41
14.49
14.49
14.5
14.34
14.32
14.3
14.3
14.4
14.3
14.36
14.33
14.74
14.7
14.7
14.88
14.8
14.61
14.6
14.7
14.56
14.84
14.66
14.72
14.7
14.52
14.7
14.62
14.68
14.61
14.64
14.59
14.62
14.76
14.76
14.73
14.7
14.7
14.76
14.79
14.73
14.9
14.87
14.84
14.9
15.51
15.51
15.31
16.4
16.49
16.36
16.15
16.57
16.46
17.21
16.92
16.71
17.34
17.27
17.2
16.89
16.87
17.08
17.08
17.08
17.1
16.8
16.82
16.77
16.82
16.95
16.85
16.6
16.34
16.4
16.45
16.39
16.3
16.39
16.34
16.42
16.36
16.4
16.3
16.32
16.33
16.41
16.34
16.34
16.41
16.41
16.39
16.41
16.4
16.43
16.25
16.26
16.4
16.3
16.29
16.39
16.4
16.31
16.0
16.09
16.15
16.0
16.0
16.14
16.19
16.19
16.19
16.19
16.21
16.3
16.38
16.32
16.51
16.48
16.75
16.96
16.69
16.89
16.96
16.96
16.82
16.79
16.79
16.9
16.91
16.94
16.87
16.88
16.91
16.6
16.6
16.55
16.6
16.7
16.96
16.48
16.53
16.6
16.7
16.43
16.55
16.54
16.41
16.54
16.56
16.46
16.31
16.45
16.48
16.4
16.11
16.43
16.4
16.39
16.55
16.55
16.57
16.43
16.75
16.87
17.11
17.11
17.31
17.48
17.29
17.45
17.34
17.34
17.34
17.18
17.0
17.14
17.15
17.17
17.2
17.19
17.21
17.3
17.28
17.31
17.2
17.44
17.46
17.5
17.46
17.23
17.16
17.21
17.17
17.08
17.25
17.23
17.0
17.06
16.84
16.95
16.99
16.99
16.98
16.99
17.05
17.07
17.07
17.04
17.1
17.14
17.04
17.15
17.05
16.95
16.89
16.93
16.95
16.88
16.89
16.83
16.87
16.89
16.75
16.78
17.05
17.92
17.59
17.57
17.45
17.52
17.45
17.81
17.51
17.56
17.58
17.35
17.44
17.31
17.6
17.7
17.57
17.46
17.45
17.65
17.54
17.59
17.45
17.47
17.47
17.74
17.63
17.62
17.8
17.97
18.27
18.67
19.01
18.86
18.87
19.2
19.47
18.9
19.0
18.68
18.83
18.89
18.86
18.93
19.0
19.0
18.9
18.55
18.17
17.9
18.0
18.07
18.1
17.91
17.9
18.0
18.04
18.28
18.04
17.94
18.15
18.09
17.95
17.98
17.73
17.81
17.8
17.58
17.7
17.8
17.76
17.7
17.74
17.73
17.7
17.71
17.45
17.09
17.03
16.96
16.85
16.69
16.98
16.64
16.53
16.8
17.28
17.3
16.96
16.96
17.06
16.85
17.08
17.1
16.84
16.64
16.5
16.73
16.51
16.73
17.02
17.05
17.0
16.81
16.89
16.98
16.75
16.77
16.81
16.79
16.81
16.75
16.77
16.71
16.74
16.7
16.72
16.79
16.6
16.63
16.68
16.58
16.55
16.31
16.46
16.31
16.31
16.38
16.31
16.2
16.11
16.29
16.29
16.23
16.2
16.32
16.2
16.38
16.46
16.46
16.37
16.39
16.31
16.31
16.15
16.05
16.1
16.18
16.21
16.21
16.11
16.05
16.0
15.93
16.08
15.8
15.76
16.04
15.89
15.71
15.51
15.5
15.67
16.35
16.29
15.63
15.34
15.62
15.64
15.76
15.74
15.63
15.49
15.55
15.61
15.5
15.61
15.64
15.64
15.75
15.74
15.82
15.91
15.89
15.63
15.76
15.63
15.6
15.58
15.77
15.53
15.49
15.5
15.47
15.34
15.49
15.5
15.34
15.37
15.35
15.56
15.56
15.56
15.55
15.5
15.59
15.5
15.52
15.78
15.78
15.64
15.58
15.48
15.48
15.21
15.21
15.21
15.21
15.19
15.01
15.01
14.93
15.0
14.9
14.36
14.32
14.0
14.0
14.03
14.07
14.05
14.38
14.52
14.79
14.79
14.71
14.29
14.4
14.4
14.52
14.79
14.79
14.66
14.66
14.79
14.83
14.7
14.65
14.74
14.6
14.59
14.55
14.64
14.64
14.52
14.52
14.6
14.63
14.54
14.92
14.92
14.92
15.0
15.0
15.2
15.2
14.97
15.46
15.1
14.98
14.96
15.18
15.38
15.25
15.2
15.4
15.49
15.48
15.5
15.5
15.34
15.35
15.2
15.34
15.35
15.34
15.34
15.18
15.3
15.27
15.35
15.21
15.2
15.21
15.1
15.33
15.32
15.34
15.09
15.2
15.2
15.35
15.35
15.35
15.21
15.2
15.06
14.92
15.06
15.0
15.21
15.13
15.06
15.0
14.92
15.0
14.8
14.65
14.65
14.7
14.7
14.89
14.93
14.93
14.65
14.79
14.79
14.79
14.79
14.65
14.65
14.51
14.65
14.52
14.65
14.51
14.51
14.45
14.17
14.18
14.24
14.2
14.2
14.21
14.24
14.37
14.2
14.1
14.1
14.21
14.65
14.51
14.48
14.3
14.19
14.37
14.2
14.35
14.35
14.14
14.17
14.19
14.28
14.0
14.13
14.11
13.96
14.0
14.1
13.99
14.1
14.03
14.1
14.0
14.1
14.0
14.0
14.0
14.0
13.97
13.98
14.0
14.0
14.1
14.0
14.0
14.05
13.99
13.93
14.0
13.99
13.99
13.96
13.61
13.6
13.8
13.68
13.5
13.5
13.5
13.67
13.53
13.68
13.82
13.94
13.94
13.92
13.94
13.97
13.95
13.97
13.95
13.69
13.7
13.79
13.7
13.67
13.75
13.59
13.6
13.59
13.41
13.27
13.3
13.25
13.33
13.37
13.39
13.4
13.3
13.25
13.25
13.27
13.2
13.04
13.12
13.25
13.26
12.83
12.8
12.72
12.65
12.65
12.5
12.42
12.7
12.59
12.56
12.43
12.8
12.33
12.56
12.44
12.3
12.35
12.13
12.17
12.17
12.15
12.26
12.04
12.3
12.3
12.3
12.29
12.42
12.49
12.59
12.68
12.68
12.56
12.67
12.44
12.52
12.52
12.67
12.68
12.68
12.67
12.67
12.7
12.8
12.8
12.81
12.96
13.2
13.3
13.36
13.25
13.36
13.25
13.53
13.53
13.39
13.5
13.2
12.84
13.33
14.09
13.54
13.82
13.82
13.9
14.08
14.1
13.81
13.81
13.97
13.97
13.75
13.93
13.93
14.4
15.21
15.5
15.8
15.74
15.8
15.86
15.93
16.03
16.04
15.94
16.5
16.31
16.05
16.17
16.13
16.04
15.3
15.35
15.22
15.5
15.5
15.63
15.52
15.6
15.75
16.03
15.76
15.76
15.79
16.0
16.34
17.99
17.68
17.45
17.46
17.55
17.68
17.46
17.35
17.45
17.71
17.43
17.33
17.45
17.24
17.12
16.99
16.98
17.21
16.61
16.97
17.0
17.16
17.01
16.89
17.05
16.89
16.95
16.72
16.76
16.65
16.61
16.7
16.75
16.75
16.78
16.98
16.98
16.98
16.9
16.98
17.0
16.9
16.98
16.58
16.56
16.6
16.46
16.58
16.44
16.58
16.59
16.69
16.69
16.6
16.64
16.66
16.71
16.32
16.39
16.38
16.17
16.4
16.41
16.46
16.53
16.5
16.43
16.42
16.45
16.45
16.44
16.45
16.44
16.45
16.31
16.0
16.0
16.01
15.96
15.97
15.34
15.76
15.78
15.78
15.85
15.84
15.72
15.74
15.78
15.9
16.1
15.97
15.95
15.93
15.89
15.9
15.9
16.0
15.99
15.99
15.97
16.0
16.0
16.09
16.1
16.15
15.91
15.99
16.0
16.05
16.0
16.04
16.01
16.01
16.2
16.2
16.32
16.45
16.4
16.41
16.45
16.46
16.6
16.53
16.73
16.79
16.8
16.8
16.58
16.44
16.51
16.58
16.7
16.65
16.59
16.64
16.67
16.59
16.59
16.45
16.17
16.0
16.0
15.95
16.0
15.76
15.82
15.9
16.04
15.99
16.0
16.0
15.9
15.82
15.63
15.98
15.88
15.9
15.91
16.37
16.32
16.45
16.6
16.5
16.7
16.72
16.85
16.84
16.58
16.63
16.46
16.7
16.85
16.98
16.71
17.06
17.07
16.84
16.8
16.85
16.81
16.81
16.81
16.71
16.85
17.0
17.0
16.8
16.71
16.66
16.71
16.61
16.73
17.03
17.15
17.09
13.96
13.01
12.81
12.92
12.85
12.68
12.1
12.24
12.35
12.25
12.17
12.27
12.17
12.28
12.28
12.27
12.15
12.16
12.48
12.45
12.48
12.28
12.32
12.34
12.41
11.98
11.9
11.79
11.9
11.82
11.81
11.8
11.87
11.9
12.1
12.16
12.29
12.25
12.25
12.15
12.23
12.24
12.37
12.4
12.38
12.27
12.28
12.27
12.25
12.17
11.94
12.12
12.16
12.29
12.17
12.17
12.25
12.18
12.26
12.15
12.19
12.17
12.24
12.29
12.29
12.36
12.33
12.29
12.29
12.35
12.54
12.41
12.5
12.4
12.35
12.3
12.56
12.56
12.43
12.51
12.46
12.45
12.29
12.1
12.2
12.13
12.11
12.18
12.11
12.1
12.09
12.0
12.06
12.01
12.07
12.01
12.29
12.49
12.31
12.1
12.1
12.15
12.08
12.14
12.13
12.14
12.27
12.12
12.25
12.14
12.11
12.1
12.11
12.13
12.12
12.06
12.03
12.08
12.29
12.05
12.79
12.1
12.06
12.04
12.14
12.07
12.06
12.01
12.01
12.09
12.1
12.01
12.15
12.09
12.1
12.3
12.24
12.26
12.22
12.22
12.21
12.17
12.16
12.28
12.28
12.28
12.31
12.37
12.21
12.21
12.21
12.19
12.16
12.1
12.2
12.2
12.2
12.29
12.16
12.16
12.16
12.2
12.2
12.0
12.16
12.19
12.01
12.04
12.07
12.16
12.1
12.1
12.29
12.2
12.29
12.17
12.29
12.3
12.29
12.3
12.29
12.4
12.31
12.25
12.29
12.17
12.29
12.21
12.29
12.42
12.35
12.36
12.26
12.26
12.38
12.31
12.29
12.16
12.29
12.23
12.2
12.21
12.2
12.29
12.28
12.29
12.5
12.52
12.78
12.52
12.7
12.48
12.45
12.45
12.44
12.3
12.29
12.39
12.41
12.29
12.3
12.31
12.3
12.26
12.3
12.42
12.42
12.4
12.39
12.4
12.35
12.42
12.23
12.32
12.41
12.41
12.42
12.31
12.32
12.32
12.4
12.29
12.3
12.4
12.29
12.4
12.29
12.62
12.4
12.4
12.3
12.3
12.4
13.14
12.42
12.4
12.3
12.4
12.41
12.42
12.3
12.3
12.31
12.36
12.36
12.31
12.32
12.42
12.54
12.49
12.54
12.61
12.6
12.68
12.63
12.62
12.5
12.61
12.56
12.53
12.58
12.55
12.7
12.51
12.51
12.55
12.56
12.6
12.6
12.51
12.67
12.66
12.6
12.6
12.47
12.64
12.51
12.5
12.48
12.52
12.47
12.54
12.6
12.7
12.61
12.65
12.65
12.65
12.66
12.67
12.5
12.83
12.76
12.75
12.82
12.78
12.82
12.77
13.11
12.97
12.69
12.8
12.8
12.73
12.75
12.69
12.81
12.95
12.97
13.11
12.83
12.95
13.12
12.9
12.83
12.83
13.06
12.97
12.95
12.98
12.93
13.08
13.01
13.09
12.9
12.9
12.9
12.94
12.92
12.83
12.85
12.85
12.83
12.84
12.84
13.0
13.0
13.0
12.84
12.95
13.1
13.1
13.1
12.93
12.89
12.89
13.0
12.88
12.87
12.87
12.86
12.86
13.11
12.97
13.1
13.01
13.0
13.06
13.0
13.0
12.99
12.88
12.99
13.09
12.83
12.95
12.8
12.93
12.8
12.69
12.66
12.62
12.6
12.57
12.59
12.7
12.7
12.57
12.42
12.52
12.73
12.7
12.7
13.0
13.0
13.01
12.97
13.0
13.0
13.1
13.12
13.11
13.05
13.04
13.05
12.84
12.84
12.98
12.98
12.99
13.01
13.15
13.06
13.1
12.98
12.97
12.97
12.85
12.8
12.85
12.88
12.92
13.05
12.85
12.83
12.97
12.72
12.87
12.7
12.7
12.66
12.74
12.7
12.7
12.6
12.61
12.69
12.73
12.7
12.78
12.68
12.82
12.72
12.81
12.82
12.82
12.83
12.76
12.7
12.69
12.83
12.83
12.99
13.1
13.0
13.09
13.15
13.12
13.13
13.2
13.2
13.18
13.11
13.2
13.24
13.36
13.37
13.37
13.36
13.35
13.28
13.37
13.25
13.28
13.01
13.23
13.2
13.2
13.17
13.15
13.19
13.0
13.16
13.24
13.24
13.14
13.21
13.12
13.2
13.23
13.18
13.09
13.1
13.15
13.23
13.07
13.07
13.21
13.06
13.01
13.09
13.1
13.08
13.11
13.2
13.2
13.2
13.15
13.15
13.15
13.15
13.39
13.19
13.05
12.94
12.97
13.07
13.08
13.08
12.85
12.86
13.06
13.0
13.06
13.06
12.9
12.92
12.94
13.02
13.09
13.05
12.99
12.9
13.02
13.0
13.0
13.05
13.11
13.04
13.0
12.98
12.98
12.9
12.96
12.96
13.0
13.0
13.1
13.1
13.09
13.01
13.0
13.01
12.98
13.0
12.98
13.0
12.85
12.98
12.97
12.9
12.98
12.98
12.9
12.9
13.1
12.91
13.07
13.2
13.2
13.03
13.14
13.0
13.17
13.0
13.01
13.19
13.19
13.2
13.05
13.04
13.07
13.19
13.07
13.12
13.2
13.02
13.0
13.16
13.17
13.24
13.22
13.2
13.19
13.17
13.25
13.25
13.11
13.38
13.37
13.24
13.31
13.37
13.34
13.97
13.59
13.67
13.57
13.65
13.35
13.45
13.4
13.21
13.29
13.4
13.39
13.33
13.25
13.2
13.48
13.49
13.59
13.5
13.59
13.57
13.55
13.55
13.42
13.68
13.59
13.4
13.54
13.29
13.33
13.42
13.55
13.8
13.78
13.88
13.76
13.88
13.82
13.82
13.9
14.05
14.07
13.86
13.81
13.86
13.9
13.81
13.79
13.69
13.57
13.46
13.45
13.54
13.59
13.62
13.68
13.74
13.75
13.65
13.65
13.65
13.55
13.57
13.54
13.65
13.7
13.55
13.55
13.66
13.54
13.61
13.57
13.77
13.65
13.75
13.74
13.74
13.77
13.8
13.77
13.5
13.45
13.74
13.75
13.49
13.56
13.7
13.79
13.81
14.0
14.03
14.01
14.27
14.39
14.82
14.51
14.65
14.74
14.68
14.6
14.64
14.74
14.74
14.86
14.78
14.85
14.98
15.0
15.06
15.0
15.1
14.92
15.2
15.33
15.2
15.2
15.39
15.5
15.45
15.4
15.41
15.57
15.58
15.5
15.56
15.5
15.57
15.7
15.75
15.7
15.7
15.7
15.64
15.55
15.66
15.65
15.87
15.9
15.97
15.96
15.83
15.83
15.81
15.8
15.85
15.8
16.0
15.9
15.9
15.8
15.87
15.9
15.7
15.7
15.9
15.62
15.8
15.66
15.65
15.9
16.02
16.2
16.2
16.28
16.27
16.32
16.33
16.31
16.6
16.51
16.5
16.5
16.51
16.5
15.7
16.58
16.5
16.45
16.5
16.31
16.5
16.5
16.5
16.5
15.7
16.19
16.32
16.3
16.5
16.6
16.43
16.5
16.59
16.5
16.7
16.59
16.71
16.56
16.7
16.98
17.0
16.86
17.0
17.35
17.21
17.15
17.31
17.34
17.56
17.2
17.2
17.11
17.0
17.0
17.06
17.23
17.3
17.3
17.26
17.19
17.24
17.25
17.29
17.6
17.6
17.68
17.6
17.59
17.7
17.51
17.99
17.95
17.8
18.19
18.1
18.0
18.05
18.4
18.32
17.9
17.99
18.0
17.93
18.02
17.99
17.99
18.02
18.13
18.3
18.01
18.28
18.08
17.83
17.82
17.9
17.99
17.74
17.61
17.7
17.77
17.88
17.73
17.77
18.2
18.1
18.0
18.06
18.07
17.98
17.7
18.08
17.8
17.86
17.8
17.87
17.89
17.87
17.88
17.8
17.87
17.8
17.81
18.03
17.91
17.94
17.94
18.03
18.03
18.03
17.9
17.8
17.9
18.0
17.8
17.9
17.92
17.81
17.9
18.01
18.0
18.0
17.92
17.9
17.95
17.85
17.87
17.9
17.91
17.95
17.95
17.95
18.0
18.0
17.96
17.95
17.99
17.95
18.0
18.12
18.05
18.13
17.92
17.83
17.8
17.77
17.7
17.71
17.9
17.8
17.99
17.81
17.7
17.88
17.71
17.7
17.71
17.7
17.7
17.7
17.9
17.9
17.8
17.81
17.81
18.0
17.86
18.0
17.98
17.98
17.98
17.81
17.83
17.83
17.83
17.97
17.8
17.85
18.1
18.08
17.81
17.8
17.85
17.85
17.85
17.81
18.0
17.99
18.12
18.09
17.91
17.8
17.8
17.8
17.71
17.7
17.73
17.94
17.7
18.0
17.81
17.81
17.82
17.81
17.7
17.72
17.6
17.62
17.9
17.67
17.8
17.8
17.8
17.89
17.84
17.7
17.7
17.8
17.73
17.8
17.9
17.9
17.9
17.9
17.92
17.84
17.99
17.81
17.7
17.7
17.97
17.96
17.8
17.52
17.5
17.6
17.76
17.8
18.04
17.81
17.81
17.8
17.8
17.8
18.1
18.1
18.06
18.0
18.03
18.19
18.22
18.22
18.25
18.22
18.0
18.0
18.01
17.99
18.06
17.92
17.93
17.9
18.18
18.03
17.9
17.9
17.79
17.98
17.87
17.8
17.81
17.79
18.07
18.01
18.02
18.02
18.01
18.0
17.7
18.06
18.07
17.71
18.15
17.86
18.0
17.89
17.99
17.99
17.81
17.81
17.94
17.99
17.99
17.99
18.17
18.14
18.0
17.91
18.04
17.8
17.8
17.79
17.8
17.86
17.95
17.8
17.9
17.7
17.53
17.87
17.66
17.51
17.7
17.67
17.82
17.79
17.85
17.97
17.97
17.73
17.75
17.75
18.0
17.73
17.6
17.64
17.99
17.75
17.73
17.73
17.98
17.96
17.96
17.98
17.96
17.76
17.69
17.72
17.72
17.8
17.77
17.7
17.62
17.77
17.6
17.97
18.0
17.73
17.73
17.72
17.85
17.55
17.87
17.85
18.03
17.63
17.58
17.68
17.91
17.71
17.52
17.81
17.78
17.8
17.79
17.8
17.6
17.85
17.85
17.75
17.5
17.5
17.68
17.4
17.39
17.49
17.38
16.77
16.96
16.53
16.31
16.65
16.49
16.65
16.6
16.0
16.0
16.02
15.99
16.06
16.07
16.04
15.96
15.91
15.73
15.73
15.68
15.49
15.43
15.42
15.4
15.25
15.16
15.0
15.0
15.0
15.01
15.0
14.97
15.0
15.0
14.89
14.8
14.78
14.66
14.5
14.7
14.7
14.51
14.52
14.44
14.22
14.44
14.2
14.18
14.19
14.35
14.34
14.35
14.15
14.15
14.0
14.0
13.83
13.86
13.97
13.97
13.85
13.97
13.61
13.89
13.85
13.84
13.8
13.9
13.8
13.95
13.71
13.85
13.85
13.85
13.8
13.73
13.95
13.95
13.95
13.9
13.9
13.9
13.93
13.95
13.89
13.85
13.94
13.94
13.81
13.95
13.9
14.0
13.87
13.9
13.8
13.73
13.76
13.94
13.94
13.96
14.39
14.98
14.68
14.39
14.74
14.82
14.95
14.93
14.93
14.94
14.98
14.72
14.81
14.6
14.39
14.6
14.63
14.52
14.53
14.4
14.43
14.69
14.9
14.89
14.78
14.7
14.55
14.54
14.55
14.7
14.85
14.86
14.86
14.61
14.85
14.85
15.01
15.04
15.22
15.3
15.3
15.3
15.31
15.25
15.32
15.4
15.51
15.52
15.32
15.5
15.49
15.51
15.18
15.33
15.42
15.42
15.43
15.15
15.45
15.45
15.44
15.38
15.18
15.01
15.03
15.32
15.05
15.31
15.31
15.11
15.42
15.46
15.6
15.95
15.9
15.9
15.94
15.48
15.6
16.2
16.28
16.51
16.25
16.17
16.1
16.37
16.15
16.18
16.17
15.81
15.82
16.13
16.16
15.74
15.68
15.95
15.68
15.68
15.93
15.8
15.75
15.79
15.57
15.58
15.52
15.25
15.4
15.22
15.2
15.2
15.24
15.19
15.0
15.17
15.36
15.37
15.36
15.35
15.4
15.57
15.5
15.3
15.6
15.5
15.7
15.8
15.85
15.85
16.0
16.0
16.0
16.3
16.37
16.35
16.35
16.7
16.7
17.0
17.18
17.0
17.04
17.3
17.02
17.25
17.29
17.18
17.0
17.1
17.0
16.81
16.81
16.81
16.96
16.95
16.96
16.8
16.8
17.0
16.84
16.61
16.72
16.92
17.0
17.0
17.0
17.0
17.37
17.35
17.01
17.01
16.82
16.84
17.0
17.0
16.89
17.0
17.0
17.0
17.08
17.15
17.27
17.26
17.26
17.26
17.3
17.41
17.48
17.71
17.95
18.0
18.0
18.0
18.0
18.1
18.18
18.18
18.01
18.3
18.2
18.05
18.06
18.2
18.0
18.2
18.0
18.05
18.05
18.1
18.36
18.2
18.2
18.18
17.9
18.0
18.01
18.0
18.0
18.03
18.0
18.0
17.87
17.8
17.95
17.94
17.89
17.87
17.79
16.9
16.11
16.21
16.1
16.11
16.8
16.38
16.26
16.65
16.65
17.17
17.17
16.94
16.61
16.9
16.61
16.68
16.61
16.26
16.5
16.64
16.64
16.45
16.8
16.7
16.61
16.61
16.7
16.7
16.43
16.69
16.5
16.49
16.49
16.38
16.49
16.4
16.61
16.63
16.24
16.46
16.45
16.66
16.66
17.07
17.34
17.5
17.5
17.62
17.88
17.5
17.48
17.78
17.8
17.36
17.8
17.69
17.93
17.7
17.83
17.88
17.88
17.88
17.88
17.51
17.59
17.65
17.24
17.4
17.35
17.35
17.7
17.62
17.32
17.62
17.79
17.38
17.65
17.47
17.56
17.84
17.5
17.75
17.25
17.6
17.2
17.55
17.55
17.7
17.4
17.05
17.1
17.25
16.9
17.25
17.5
17.4
17.45
17.45
17.5
17.1
17.5
16.0
15.5
16.0
16.1
16.15
16.0
15.9
15.85
16.0
16.0
15.8
15.9
15.95
16.2
16.0
16.05
15.9
16.1
15.8
15.8
15.65
15.55
15.75
15.9
15.75
15.55
15.65
15.75
15.65
15.55
15.75
15.85
15.6
15.55
15.5
15.5
15.75
15.7
15.85
15.85
16.1
16.0
15.85
15.7
15.6
15.7
15.65
15.65
15.65
15.8
15.85
15.8
15.55
15.5
15.5
15.45
15.55
15.5
15.5
15.5
15.3
15.35
15.15
15.05
15.2
15.2
15.2
15.2
15.15
15.2
15.35
15.6
15.65
15.5
15.45
15.55
15.7
15.7
15.7
15.7
15.45
15.6
15.7
15.7
15.5
15.6
15.55
15.65
15.65
15.5
15.45
15.25
15.35
15.35
15.25
15.2
15.3
15.35
15.25
15.4
15.4
15.85
15.9
15.8
15.45
15.2
15.6
15.45
15.8
15.6
15.6
15.45
15.45
15.45
15.6
15.55
15.45
15.4
15.75
15.4
15.65
15.3
15.65
15.4
15.7
15.7
15.7
15.7
15.55
15.5
15.85
15.55
15.5
15.7
15.5
15.65
15.75
15.75
15.75
15.75
15.2
15.5
15.5
15.6
15.7
15.65
15.75
16.0
16.0
16.35
16.2
16.2
16.2
16.45
16.5
16.6
16.8
16.9
16.9
17.0
16.85
16.85
17.1
17.0
17.1
17.45
17.45
17.15
17.15
17.25
17.35
17.1
17.15
17.1
17.15
17.1
17.1
17.25
17.3
17.25
17.2
17.25
17.4
17.25
17.2
17.3
17.35
17.35
17.3
17.3
17.35
17.4
17.4
17.4
17.65
17.65
17.55
17.5
17.6
17.7
17.55
17.75
17.65
17.65
17.65
17.6
17.65
17.75
17.75
18.05
17.5
17.75
17.65
17.75
17.75
17.65
17.8
17.6
17.65
17.5
17.65
17.6
17.6
17.65
17.75
17.75
17.8
17.6
17.75
17.65
17.65
17.65
17.65
17.65
17.65
17.9
17.85
17.55
17.9
17.95
17.8
17.75
17.75
17.8
17.95
16.2
16.85
17.0
17.3
17.15
16.95
16.8
16.9
16.8
17.2
17.0
17.0
16.9
16.9
16.95
16.95
17.0
17.15
17.05
17.15
17.1
17.05
17.05
17.1
16.9
17.0
16.95
16.95
16.9
16.85
16.85
16.85
17.0
16.9
17.05
17.05
16.75
16.75
16.75
16.8
16.75
16.75
16.75
16.75
16.7
16.6
16.35
16.35
16.3
16.3
16.3
16.3
16.3
16.35
16.35
16.35
16.35
16.0
16.05
16.25
16.2
16.15
16.15
16.1
16.15
16.05
16.05
16.15
16.4
16.45
16.45
16.45
16.35
16.5
16.35
16.4
16.35
16.4
16.35
16.2
16.2
16.2
16.4
16.4
16.4
16.4
16.3
16.6
16.35
16.35
16.35
16.1
16.45
16.3
16.25
16.1
16.2
16.1
16.25
16.1
16.1
15.9
15.8
15.95
15.95
15.9
16.05
16.2
15.95
15.9
15.95
16.0
15.9
15.9
15.7
15.75
15.9
15.95
15.85
15.75
15.8
15.75
15.8
15.8
15.75
15.5
15.45
15.75
15.75
15.8
15.6
15.75
15.75
15.8
15.95
15.95
16.1
16.1
16.05
16.0
16.0
16.0
15.8
15.8
15.9
15.75
15.75
15.85
15.8
15.95
15.95
15.9
16.15
16.05
16.2
16.3
16.4
16.35
16.05
16.25
16.95
16.2
16.3
16.0
16.25
16.2
16.05
16.0
16.2
16.3
16.35
16.35
16.35
15.6
16.0
16.4
16.35
16.05
16.05
16.35
16.05
16.3
16.0
16.4
16.4
16.4
16.5
16.15
16.4
16.6
16.6
16.4
16.4
16.4
16.7
16.5
16.5
16.5
16.7
16.95
17.05
17.0
17.2
17.2
17.2
16.9
16.9
17.0
17.0
17.3
17.25
17.25
17.15
17.3
17.35
17.1
17.1
17.1
17.1
17.2
17.2
17.1
17.15
17.15
17.15
17.3
17.35
17.45
17.35
17.35
17.35
17.7
17.45
17.45
17.55
17.6
17.9
17.8
17.5
17.75
17.55
17.8
17.7
17.5
17.8
17.5
17.7
17.7
17.7
18.1
17.95
17.9
17.8
17.75
17.95
17.8
17.75
18.0
18.05
18.0
18.0
18.0
18.1
18.1
17.7
18.1
18.15
18.25
18.0
18.0
18.0
18.0
17.9
18.0
18.3
18.1
17.9
18.1
18.05
18.0
18.0
17.7
18.0
17.95
18.0
18.0
18.0
18.5
18.45
18.45
18.4
18.3
18.35
18.3
18.15
18.35
18.1
18.2
17.9
18.15
17.9
17.75
18.0
18.0
17.95
18.15
17.9
17.9
17.9
17.8
17.75
17.8
17.8
17.85
17.9
17.9
17.9
18.0
17.9
17.9
17.8
17.9
18.0
17.9
17.8
17.75
17.75
17.75
17.75
17.9
17.9
17.85
17.65
17.85
17.65
17.65
17.8
18.0
17.85
17.8
17.75
17.7
17.8
17.65
17.6
17.6
17.6
17.75
17.6
17.6
17.65
17.8
17.65
17.8
17.7
17.65
17.8
17.8
17.8
17.8
17.7
17.75
17.5
17.7
17.8
17.75
17.8
17.6
17.6
17.8
17.8
17.8
17.75
17.75
17.8
17.75
17.8
17.8
17.65
17.75
17.75
17.55
17.5
17.6
17.6
17.7
17.7
17.55
17.7
17.65
17.6
17.7
17.7
17.75
17.8
17.8
17.8
17.8
17.8
17.8
17.8
17.8
17.8
17.75
17.8
17.8
17.8
17.8
17.8
17.8
17.8
17.8
17.8
17.8
17.8
17.8
17.7
17.7
17.75
18.0
17.8
17.8
17.8
17.75
17.8
17.95
18.05
17.8
17.6
17.8
17.8
17.8
17.8
17.8
17.75
17.45
17.75
17.8
17.8
17.55
17.8
17.8
17.8
17.8
17.8
17.8
18.0
18.1
18.1
18.25
18.3
18.2
17.9
18.2
17.9
18.25
18.45
18.3
18.0
18.2
18.2
18.1
18.0
18.45
18.15
18.15
18.5
18.5
18.45
18.5
18.35
18.6
18.6
18.7
18.65
18.9
18.9
19.0
18.75
19.1
19.1
19.1
19.3
19.5
19.9
19.7
19.8
19.75
19.9
19.5
20.0
20.0
20.05
20.0
20.1
20.2
20.6
20.95
20.95
20.85
20.55
20.55
20.45
20.95
21.0
21.0
21.15
21.25
21.3
21.3
21.35
21.3
21.5
21.35
21.4
21.65
21.7
21.95
21.7
22.0
21.9
22.2
22.25
22.4
22.5
22.2
22.7
22.5
22.95
22.95
22.85
22.7
23.0
23.15
22.8
23.1
23.3
23.1
23.3
23.0
23.0
23.0
23.0
22.8
22.7
22.8
23.0
23.0
23.55
23.3
23.35
23.4
23.4
23.3
23.35
23.65
23.7
23.65
23.65
23.85
23.9
23.85
23.6
23.9
23.7
24.0
23.85
24.0
23.8
23.95
24.2
23.65
23.65
23.7
23.9
23.95
24.0
23.9
24.0
23.3
23.0
23.25
23.3
23.35
23.55
23.65
23.75
23.85
24.2
23.8
23.6
23.8
23.85
23.95
24.0
24.1
23.9
23.95
23.7
23.9
23.9
24.0
23.95
23.75
23.85
23.8
23.8
23.95
23.9
23.8
24.3
24.2
24.1
24.1
24.2
24.2
24.2
24.2
24.2
24.15
24.15
24.15
24.2
24.2
24.2
24.15
24.0
24.35
24.35
24.15
24.2
24.2
24.15
24.1
23.8
23.7
24.0
24.35
24.35
24.05
24.05
24.05
24.3
23.7
23.95
23.9
23.8
23.9
24.05
24.1
24.15
24.15
24.2
24.1
23.75
23.8
23.75
23.75
23.7
23.7
23.8
23.65
23.75
23.6
23.45
23.95
23.95
24.0
24.0
24.1
24.1
23.9
23.7
23.75
24.0
24.1
24.1
24.05
24.1
24.15
23.8
23.8
24.0
24.0
24.15
24.0
24.2
24.2
24.25
24.25
24.1
24.1
24.2
24.5
24.25
24.3
24.15
24.15
24.15
24.2
24.3
24.5
24.45
24.55
24.7
24.5
24.4
24.45
24.7
24.2
24.25
24.0
24.0
24.0
24.05
24.0
24.05
24.35
24.0
24.15
24.45
24.25
24.2
23.75
24.45
23.3
23.3
23.4
23.6
23.6
23.55
23.15
23.55
23.45
23.5
23.6
23.6
23.5
23.6
23.6
23.7
23.7
23.75
23.75
24.0
24.0
24.1
23.8
24.0
23.6
23.9
24.0
24.0
24.0
24.0
24.1
24.2
24.2
24.0
24.2
24.15
24.2
24.2
24.45
24.5
24.3
24.5
24.4
24.25
23.95
24.5
24.1
24.1
24.25
24.25
24.3
24.25
24.25
24.0
24.0
23.95
24.0
24.0
23.95
24.0
24.0
24.2
24.25
24.2
24.0
24.05
24.35
24.1
24.0
24.1
24.1
24.0
24.0
23.95
24.45
24.25
24.0
24.1
24.2
24.25
24.0
24.25
24.2
24.2
24.0
24.55
24.15
24.15
24.0
24.3
24.0
24.0
24.1
24.0
24.05
24.05
24.5
24.1
24.15
24.1
23.85
24.05
24.05
24.2
24.0
24.3
24.15
23.95
24.1
24.0
24.0
24.0
24.1
24.0
24.15
24.0
24.0
23.8
24.0
24.0
24.05
24.05
24.05
24.05
24.35
24.25
24.2
24.2
24.2
24.2
24.25
24.4
24.4
24.45
23.85
24.1
24.2
24.25
24.5
24.6
24.5
24.2
24.2
24.2
24.2
24.35
24.5
24.2
24.2
24.25
24.15
24.3
24.15
24.15
24.0
24.2
24.0
24.0
24.1
24.1
24.1
24.1
23.75
24.05
24.1
24.1
24.1
24.05
24.05
24.15
24.05
24.1
24.15
24.15
24.1
24.05
24.0
24.05
24.5
24.4
24.1
24.0
24.0
24.1
24.3
24.05
24.0
24.1
24.0
24.1
24.0
24.0
24.0
24.0
24.0
24.0
24.35
24.3
24.1
24.1
24.1
24.1
24.1
24.15
24.25
24.1
24.1
24.1
24.0
24.0
24.0
24.05
24.05
24.05
24.05
24.05
24.0
24.0
23.8
24.0
24.0
23.9
24.0
24.0
24.0
24.0
24.0
24.25
24.0
24.1
24.0
24.05
24.0
24.0
24.0
24.05
24.05
24.05
24.1
23.65
24.05
24.0
24.1
24.2
24.35
24.35
24.3
24.3
24.4
24.45
24.45
24.35
24.45
24.5
24.5
24.3
24.3
23.75
23.95
24.0
24.0
23.95
23.9
24.0
23.9
23.9
23.85
23.8
23.75
23.75
23.65
23.65
23.6
23.55
23.65
23.65
23.55
23.6
23.55
23.55
23.6
23.6
23.6
23.6
23.5
23.5
23.4
23.4
23.15
23.15
23.15
23.05
23.25
23.05
23.2
23.0
22.9
23.3
23.0
22.5
22.5
22.6
22.2
22.0
23.55
23.0
22.8
23.25
22.4
22.1
22.1
22.2
22.2
22.0
21.85
21.85
21.75
21.5
22.0
22.3
21.4
21.3
21.25
21.1
21.1
21.35
21.35
21.3
21.6
21.25
21.0
20.8
20.8
21.0
21.0
20.85
20.9
20.7
20.7
20.9
20.7
20.75
21.0
21.0
21.2
22.35
22.0
21.8
22.1
21.7
21.65
21.7
21.75
22.05
22.05
22.0
22.0
22.0
22.0
21.65
22.0
22.0
22.0
22.1
21.9
21.75
22.1
21.95
22.1
21.85
21.4
21.9
21.95
22.0
22.0
22.0
22.0
22.0
22.15
22.0
21.5
22.0
22.0
22.05
22.0
22.05
22.0
22.0
22.0
22.05
22.1
22.15
22.15
21.95
22.1
22.45
22.15
22.15
22.25
22.4
22.2
22.3
22.3
22.3
22.15
22.25
22.3
22.2
22.35
22.3
22.65
22.5
22.4
22.4
22.65
22.8
22.4
22.6
22.4
22.55
22.6
22.45
22.45
22.6
22.55
22.65
22.65
22.8
22.8
22.75
22.8
22.8
22.55
22.75
22.6
22.65
22.6
22.7
22.85
23.0
23.1
23.0
23.3
23.1
23.05
23.1
23.25
23.1
23.0
23.15
22.85
23.15
23.15
23.1
23.3
23.1
23.2
23.3
23.1
23.15
23.15
22.95
23.2
23.3
23.3
23.5
23.55
23.2
23.2
23.4
23.3
23.25
23.3
23.3
23.3
24.0
23.9
23.9
23.6
24.0
23.75
24.25
23.95
24.0
23.75
23.65
23.65
23.8
23.85
23.25
23.95
23.85
23.9
23.9
23.85
23.85
24.0
24.05
24.05
24.25
24.2
24.2
24.15
24.45
24.5
24.6
24.65
24.7
24.7
24.75
24.6
24.85
24.75
24.8
24.85
25.0
25.35
25.0
25.05
24.75
24.9
24.6
24.7
24.85
25.05
24.7
24.7
25.25
25.3
25.1
25.3
25.05
25.35
25.35
25.35
25.5
25.65
25.7
25.7
25.65
25.7
25.8
25.75
25.75
25.75
25.55
25.3
25.75
25.7
25.35
25.45
25.4
25.7
25.45
25.7
25.75
25.65
25.75
25.5
25.4
25.45
25.7
25.7
25.65
25.7
25.7
25.6
25.65
25.6
25.55
23.2
24.3
24.3
24.35
24.25
24.0
24.15
23.95
23.9
23.85
24.55
24.6
24.6
24.75
24.6
24.4
24.7
24.55
24.5
24.15
24.4
24.05
24.1
23.95
23.9
23.95
23.9
23.8
23.8
23.8
24.1
24.05
24.2
24.0
24.0
23.75
23.85
24.05
24.0
23.95
23.85
23.75
24.0
23.8
24.45
24.15
23.95
23.8
23.75
23.95
23.5
23.7
23.45
23.6
23.45
23.55
23.65
23.35
23.6
23.4
23.55
23.7
23.65
23.8
23.9
23.7
23.7
23.65
23.45
23.45
23.55
23.55
23.3
23.45
23.45
23.2
23.1
23.15
22.95
22.95
23.1
22.95
22.85
23.0
23.05
23.45
23.5
23.65
23.55
23.75
23.6
23.95
23.9
23.9
23.9
24.0
23.9
23.9
23.9
23.95
23.95
24.0
23.95
23.95
23.9
23.95
23.95
23.95
23.95
23.95
23.9
23.95
24.0
23.95
23.9
23.95
24.05
23.9
23.9
24.0
23.45
24.05
23.95
23.95
23.85
23.65
23.35
23.3
23.55
23.35
23.95
23.95
24.0
24.0
23.9
23.95
23.95
24.0
24.0
24.05
24.05
24.05
23.3
23.5
23.8
23.8
23.5
23.7
23.75
23.5
23.75
23.7
23.7
23.95
23.85
23.95
24.0
24.0
23.95
23.9
23.75
23.8
23.8
23.85
23.85
23.4
23.95
23.95
23.75
23.9
23.75
24.0
23.95
23.9
23.95
23.7
24.0
23.8
23.75
23.9
23.9
23.9
24.0
23.9
23.45
23.9
24.0
24.0
23.95
24.0
23.95
24.0
24.0
24.0
24.0
24.0
23.9
23.95
23.8
24.0
24.0
23.95
23.9
24.0
23.9
24.0
23.95
23.9
23.95
23.95
23.95
23.95
23.9
24.05
23.9
23.8
23.8
24.0
23.9
24.0
23.95
23.95
23.9
23.95
23.95
23.9
23.9
23.85
23.8
23.8
23.9
23.35
23.85
23.9
23.8
23.7
23.7
23.9
23.75
23.5
23.7
23.85
23.75
23.8
23.35
23.7
23.85
23.5
23.9
23.75
23.75
23.75
23.8
24.0
23.95
23.85
23.75
23.75
23.75
23.7
23.8
23.7
23.75
23.65
23.85
23.8
23.75
23.9
23.8
23.9
23.95
23.95
23.9
23.95
23.55
23.9
23.95
24.0
23.95
24.0
23.95
23.8
23.85
23.45
23.65
23.6
23.6
23.6
23.5
23.65
23.5
23.4
23.3
23.5
23.5
23.95
23.6
23.65
23.65
23.75
23.9
23.75
23.8
23.85
23.8
23.8
23.8
23.85
23.8
23.8
23.7
23.8
23.8
23.65
23.75
23.8
23.6
23.0
23.5
23.45
23.1
23.45
23.7
23.05
23.5
23.7
23.15
23.7
23.75
23.6
23.65
23.45
23.8
23.8
23.8
23.7
23.85
23.35
23.5
23.5
23.7
23.1
23.65
23.65
23.65
23.7
23.55
23.75
23.5
23.7
23.6
23.55
23.55
23.5
23.5
23.7
23.6
23.7
23.6
23.55
23.6
23.6
23.65
23.55
23.6
23.65
23.05
23.2
23.2
23.15
23.2
23.6
23.5
23.25
23.25
23.1
23.0
23.0
22.7
22.9
22.95
22.9
22.7
22.6
22.65
22.85
22.45
22.75
22.8
22.5
22.6
22.3
22.45
22.3
22.15
22.05
22.15
22.35
22.85
23.0
23.2
23.0
23.1
22.9
23.05
23.0
23.25
23.3
23.1
22.9
22.8
22.8
22.65
22.65
22.5
22.65
22.55
22.6
22.6
22.65
22.75
22.65
22.4
22.9
22.8
23.0
22.95
22.55
22.9
24.0
23.8
23.95
23.95
24.0
24.0
24.0
23.65
23.95
23.75
23.95
23.8
23.95
23.7
23.95
23.95
23.8
23.65
23.95
24.0
23.95
23.95
23.9
23.85
23.9
24.0
24.0
23.95
23.8
24.0
23.95
23.8
23.75
23.9
23.9
23.9
23.8
23.75
23.9
23.85
23.85
23.85
23.85
23.85
23.9
23.9
23.85
23.85
23.95
24.0
23.85
24.0
23.95
23.85
23.85
23.9
24.0
24.0
23.95
23.95
24.0
23.9
23.9
23.95
24.0
24.0
23.95
24.0
23.95
24.0
23.9
24.0
23.9
23.85
23.85
24.0
23.8
24.0
24.0
23.9
23.95
23.9
23.8
23.8
24.0
24.0
24.25
23.95
24.0
24.0
23.95
23.9
23.8
23.85
23.95
24.0
24.0
24.0
23.85
23.85
23.95
23.95
24.0
24.0
23.95
24.0
24.0
24.0
25.05
24.0
24.0
24.0
24.15
24.1
24.2
24.05
24.1
24.1
24.15
24.2
24.25
24.25
24.5
24.4
24.45
24.4
24.4
24.35
24.5
24.5
24.3
24.0
23.8
23.9
23.95
24.1
24.2
24.2
24.05
24.1
24.2
24.1
24.15
24.15
24.2
24.2
24.15
24.3
24.75
24.65
24.65
24.65
24.75
24.75
24.75
24.8
25.45
25.7
25.45
25.35
25.4
25.5
25.3
25.4
25.5
25.4
25.45
25.45
25.45
25.45
25.5
25.6
25.5
25.6
25.7
25.8
25.8
25.9
25.85
26.05
26.15
26.1
26.4
26.25
26.3
26.2
26.3
26.35
26.35
26.25
26.25
26.3
26.3
26.4
26.35
26.4
26.35
26.4
26.15
26.05
26.15
26.0
26.15
25.95
26.1
26.1
26.15
26.05
26.15
26.05
26.15
26.15
26.1
26.05
26.0
26.15
26.0
26.05
26.05
26.05
26.0
26.05
26.05
26.05
25.95
26.0
26.0
26.15
26.3
26.25
26.3
26.25
26.25
26.15
26.25
26.1
26.15
26.2
26.3
26.3
26.3
26.3
26.2
26.1
26.25
26.55
26.8
26.7
26.8
26.75
26.75
27.0
27.4
27.35
27.6
28.25
28.5
29.55
29.4
29.1
28.7
28.9
28.8
29.0
29.2
29.2
29.35
29.25
29.4
29.2
29.15
29.35
29.3
29.05
29.15
29.15
28.85
28.9
28.9
28.95
28.9
29.0
29.1
28.95
28.9
29.3
29.25
29.25
29.3
29.25
29.2
29.25
29.2
29.15
29.2
29.25
29.25
29.3
29.05
29.2
29.35
29.4
29.5
29.5
29.4
29.55
29.45
29.3
29.35
29.35
29.3
29.25
29.35
29.4
29.3
29.25
29.5
29.5
29.65
29.65
30.25
30.35
30.9
30.95
30.8
30.75
31.5
31.55
31.35
31.75
31.4
31.45
31.5
31.55
31.45
31.4
31.4
31.45
31.4
31.6
31.4
31.4
31.25
31.4
31.45
31.5
31.75
31.55
32.7
32.8
32.9
32.6
32.8
32.6
32.75
32.85
32.8
32.55
32.75
32.75
32.65
32.45
32.15
32.4
32.7
32.5
30.35
29.0
28.7
28.6
28.75
28.6
28.7
28.65
28.7
28.6
27.7
27.2
27.25
27.3
27.45
27.45
27.7
27.75
27.55
27.5
27.3
27.2
26.6
26.55
26.55
26.5
25.75
26.15
25.4
25.45
25.5
25.5
25.45
25.4
25.4
25.45
25.4
25.7
25.7
25.6
25.6
25.6
25.6
25.7
25.8
26.25
26.7
27.1
26.9
27.15
27.1
27.15
27.15
27.15
27.0
27.0
27.5
27.45
27.5
27.3
27.35
27.6
27.6
27.3
27.35
27.65
28.3
27.4
27.75
27.8
28.15
27.95
27.9
28.0
28.2
28.2
29.1
28.95
28.8
28.95
28.9
29.0
29.1
29.1
28.95
28.7
28.85
28.55
28.3
28.2
28.1
27.8
28.15
28.0
28.0
27.6
27.65
27.65
27.6
27.75
27.85
27.8
27.85
27.7
27.7
27.6
27.6
27.6
27.6
27.75
27.95
28.0
27.7
27.7
27.6
27.5
27.3
27.45
27.3
27.3
27.5
27.35
27.55
27.5
27.75
27.55
27.5
27.55
27.5
27.55
27.3
27.4
27.45
27.4
27.4
27.4
27.6
27.6
27.4
27.45
27.55
27.6
27.65
27.6
27.6
27.2
27.6
27.5
27.45
27.5
27.4
27.5
27.7
27.4
27.5
27.35
27.55
27.45
27.4
27.55
27.45
27.4
27.4
27.4
26.95
27.1
27.5
27.55
27.3
27.35
27.1
27.15
26.85
26.85
26.75
26.75
26.7
26.3
26.4
26.45
26.55
26.7
26.75
26.85
26.65
26.6
26.85
26.9
26.8
27.0
26.95
26.95
26.85
27.3
27.0
26.95
27.35
27.2
27.2
27.3
27.15
27.25
27.3
27.4
27.3
27.2
27.0
27.05
27.2
27.0
27.15
26.95
27.0
27.05
27.0
27.0
27.0
26.95
27.0
27.0
27.05
26.95
27.0
27.0
27.1
27.05
27.2
27.35
27.25
27.55
27.45
27.35
27.35
27.5
27.55
27.35
27.5
27.4
27.35
27.1
27.15
27.3
27.05
27.05
27.1
27.2
27.0
26.85
26.6
26.65
27.0
26.95
26.75
26.65
26.55
26.55
26.6
26.55
26.5
26.7
26.7
26.5
26.7
26.7
26.55
26.5
26.65
26.6
26.5
26.6
26.45
26.45
26.4
26.6
26.6
26.65
26.65
26.55
26.55
26.7
26.55
26.55
26.65
26.6
26.85
26.9
26.9
27.05
27.1
27.1
27.0
27.15
27.0
27.2
27.25
27.25
27.2
27.25
27.3
27.25
27.3
27.1
26.95
27.0
27.05
27.1
27.1
27.1
27.15
27.1
27.15
27.3
27.3
27.15
27.0
26.8
28.35
27.15
27.15
27.3
27.2
27.4
27.7
27.45
27.45
27.35
27.45
27.5
27.55
27.6
27.6
27.65
27.65
27.7
27.75
27.55
27.55
27.65
27.4
27.5
27.8
27.7
27.7
27.7
27.7
28.0
27.75
27.55
27.7
27.7
27.6
27.6
27.55
27.6
27.5
27.7
27.5
27.5
27.5
27.5
27.5
27.7
27.5
27.55
28.45
28.15
28.3
28.65
28.45
28.55
28.7
28.35
28.5
28.8
28.95
28.95
28.8
28.6
28.85
28.7
28.55
28.5
28.35
28.4
28.35
28.4
28.1
27.9
27.55
27.5
27.55
27.7
27.8
27.8
27.8
27.6
27.5
27.45
27.2
27.2
27.25
26.9
26.1
25.8
25.0
24.65
25.3
26.0
25.6
25.0
24.9
25.4
25.2
25.85
25.4
25.55
25.25
25.25
25.3
25.25
25.65
25.7
25.5
25.45
25.45
25.6
25.25
25.5
25.55
25.5
25.45
25.45
25.65
25.65
25.9
25.75
25.7
25.9
25.8
26.0
25.65
25.5
25.4
25.3
25.3
25.4
24.7
25.15
25.2
25.15
25.0
25.05
25.15
25.1
25.0
23.9
24.05
24.5
24.1
24.35
24.35
24.5
24.6
24.35
24.35
24.5
24.45
24.5
24.5
24.85
24.75
24.1
24.35
24.05
24.0
23.0
23.05
23.05
22.75
21.95
21.35
21.45
22.7
22.55
23.0
23.1
23.35
23.35
23.5
23.25
23.45
23.55
23.5
23.5
22.55
23.6
23.5
23.85
23.3
23.85
24.1
24.15
24.8
24.7
24.85
24.35
24.1
24.3
24.3
24.1
24.1
24.55
24.6
24.0
24.5
24.25
24.6
24.75
24.55
24.55
24.55
24.6
24.6
24.6
25.0
25.05
25.05
25.15
25.2
25.1
25.1
25.4
25.95
25.9
25.4
25.05
25.05
25.5
25.1
25.1
24.85
25.0
25.0
25.15
24.8
25.55
25.3
25.75
25.5
25.35
25.6
25.7
25.45
25.2
25.45
25.85
25.7
25.4
25.3
25.35
25.35
25.3
25.3
25.4
25.1
25.2
25.4
25.8
25.9
25.85
25.55
25.55
25.3
25.4
25.1
25.2
25.25
25.35
25.3
25.1
25.2
25.6
26.1
25.95
25.95
25.95
26.05
26.05
26.2
26.25
25.65
26.2
26.2
26.0
25.95
25.75
25.75
25.75
25.75
27.5
27.85
27.8
27.85
27.85
27.2
27.1
26.9
27.0
26.4
26.05
26.15
26.0
26.0
26.25
26.3
26.2
26.3
26.3
26.5
26.25
26.2
26.2
26.0
26.0
26.15
26.1
25.9
26.4
26.0
26.2
26.2
26.1
26.15
26.25
26.75
26.5
26.55
26.4
26.4
26.5
26.3
26.2
26.6
26.3
26.35
26.5
26.45
26.25
26.15
26.15
26.1
26.45
26.4
26.25
26.3
26.5
26.55
26.35
26.6
26.8
26.9
26.9
26.9
26.6
26.6
26.4
26.75
26.65
26.85
27.35
27.65
27.9
28.0
27.6
28.05
27.8
27.6
27.7
28.0
28.4
28.3
28.35
28.35
28.4
28.35
28.45
29.7
29.8
30.0
28.45
28.95
28.75
28.6
28.3
27.95
27.9
28.4
28.4
28.85
28.9
28.7
28.15
28.4
27.85
27.8
28.0
28.1
27.55
27.8
27.7
27.6
27.7
27.7
27.85
27.65
27.6
27.8
27.75
27.6
27.3
27.2
27.15
27.1
27.15
27.2
27.5
27.5
27.9
27.65
26.4
26.8
26.75
26.65
26.85
27.05
27.3
27.45
27.35
27.4
27.45
27.5
27.55
27.7
27.5
27.65
27.7
27.35
27.45
27.5
27.6
27.7
27.7
27.7
27.65
27.6
27.2
27.2
27.25
27.4
27.3
27.4
27.55
27.55
27.65
27.65
27.6
27.7
27.6
27.5
27.5
27.5
27.7
27.65
27.95
27.8
27.9
27.85
27.85
27.7
27.7
27.7
27.7
27.65
27.75
27.85
27.65
27.65
27.7
27.5
27.65
27.7
27.65
27.65
27.65
27.5
27.55
27.5
27.55
27.5
27.45
27.45
27.4
27.55
27.5
27.6
27.75
27.65
27.5
27.6
27.6
27.7
27.5
27.6
27.5
27.45
27.45
27.55
27.55
27.55
27.55
27.75
27.75
27.7
27.9
27.8
27.85
28.25
28.1
28.25
28.25
28.1
28.3
28.3
28.3
28.1
28.25
28.1
28.1
28.05
28.2
28.15
28.15
28.1
28.2
28.2
28.15
27.9
28.0
28.25
28.2
28.25
28.15
28.1
28.15
28.25
27.8
28.1
27.9
28.05
27.95
28.15
28.05
28.0
28.1
27.65
27.8
27.9
28.0
28.1
27.95
28.2
28.2
28.25
28.2
28.15
28.15
28.25
28.15
28.1
28.15
28.2
28.15
28.5
28.5
28.35
28.35
28.45
28.45
28.3
28.2
28.1
28.1
28.0
28.1
28.05
28.1
28.2
28.0
27.85
27.95
28.0
27.8
27.8
28.0
28.05
27.7
27.8
27.8
27.6
27.45
27.6
27.6
27.55
27.6
27.6
27.75
27.5
27.75
28.0
28.1
28.15
28.15
28.0
28.05
27.95
28.0
27.9
27.65
27.05
27.15
27.2
27.3
27.1
27.3
27.2
27.55
27.4
27.35
27.05
27.05
27.1
27.15
27.05
27.2
27.1
27.05
27.15
26.9
26.9
26.9
26.95
26.9
26.8
26.5
26.5
26.5
26.4
26.7
26.65
26.7
26.75
26.6
26.15
26.25
26.4
26.45
26.65
26.7
26.75
26.6
27.0
27.0
26.8
26.95
27.0
26.95
27.05
27.05
26.9
27.05
27.05
27.0
27.0
27.05
27.0
26.95
26.9
26.85
26.75
26.9
26.9
26.2
26.45
26.5
26.35
26.4
26.35
26.2
26.3
26.5
26.15
26.15
26.2
26.2
26.2
26.2
26.15
26.15
26.2
26.1
26.15
26.2
26.05
26.0
25.9
26.0
26.05
25.95
25.95
26.0
25.95
26.0
25.75
25.65
25.6
25.65
25.7
25.65
25.7
25.6
25.95
25.8
25.8
25.95
25.85
25.75
25.95
26.0
26.0
26.2
26.2
26.0
26.0
25.9
26.05
26.0
25.9
26.25
26.6
26.4
26.4
26.5
26.25
26.3
26.25
26.3
26.3
26.0
25.95
25.95
25.95
25.95
25.9
25.9
26.0
26.0
26.2
26.25
26.25
26.3
26.3
26.4
26.5
26.3
26.3
26.15
26.2
26.2
26.2
25.8
26.0
26.0
25.95
25.95
25.9
25.95
25.95
25.95
25.95
25.9
25.85
25.9
26.0
26.0
25.95
26.0
26.0
26.0
25.9
25.9
26.0
26.1
26.25
26.2
26.3
26.3
26.25
26.1
26.25
26.3
26.15
26.2
26.15
26.1
26.25
26.25
26.25
26.25
26.3
26.3
26.35
26.3
26.3
26.25
26.3
26.3
26.15
26.25
26.05
26.2
26.5
26.05
26.05
26.0
26.05
26.05
25.9
26.0
26.0
26.1
26.25
26.3
26.15
26.05
26.15
26.25
26.15
26.15
26.15
26.1
25.95
26.2
26.1
25.9
25.95
25.85
25.95
26.0
25.9
25.95
26.0
26.0
25.95
25.9
26.0
25.95
25.95
26.0
25.8
25.8
25.9
25.85
26.0
25.85
25.95
26.0
26.0
25.85
25.9
26.0
26.25
26.2
26.15
26.0
26.15
26.1
26.1
26.15
26.25
26.2
26.25
26.2
26.15
26.25
26.5
26.65
26.3
26.3
26.25
26.3
26.5
26.55
26.45
26.35
26.35
26.5
26.55
26.65
26.75
26.95
26.85
27.05
26.9
27.1
27.0
27.0
27.3
27.2
27.4
27.4
27.35
27.45
27.55
27.35
27.35
27.1
27.1
27.2
27.1
27.2
26.95
26.95
26.4
26.35
26.35
26.4
26.3
26.25
26.4
26.2
26.4
26.6
26.45
26.55
26.55
26.55
26.6
26.65
26.7
26.65
26.75
26.65
26.7
26.75
26.8
26.75
26.75
26.7
26.8
26.8
26.85
26.75
26.8
26.75
26.8
26.7
26.65
26.65
26.85
26.85
26.8
26.85
26.8
26.8
26.9
27.05
26.95
26.5
26.75
26.8
26.8
26.75
26.85
26.8
27.15
26.95
27.05
27.05
27.1
27.2
27.2
26.9
27.1
27.3
27.95
28.3
28.45
28.6
28.4
27.9
27.8
27.9
28.0
28.0
28.35
28.4
28.3
28.0
28.0
27.95
28.35
28.2
28.15
28.7
29.4
29.5
29.45
29.8
29.5
29.25
29.45
30.35
29.95
30.5
28.4
28.75
28.65
27.9
28.2
28.6
28.6
28.9
28.95
28.35
28.65
28.6
28.7
28.55
28.6
28.5
28.6
28.4
28.6
28.1
28.1
28.05
28.1
28.2
28.0
28.05
27.9
27.95
28.25
28.3
27.9
28.05
28.1
28.0
28.0
28.0
28.15
28.2
28.1
28.05
28.0
28.1
28.1
28.0
27.9
27.9
28.0
28.1
27.65
27.75
27.85
27.8
27.8
27.85
27.9
28.05
27.85
28.35
28.4
28.35
28.05
28.15
28.2
28.05
28.0
28.1
28.15
28.2
28.45
28.6
28.75
28.95
29.05
29.0
30.55
29.9
29.2
29.4
29.8
30.25
30.2
30.6
30.6
30.85
30.5
30.2
30.0
30.5
30.3
30.2
30.35
30.35
30.2
30.15
29.95
30.0
30.4
29.1
28.65
28.9
28.8
28.55
28.7
28.6
28.6
28.7
28.95
28.7
28.6
28.7
28.65
28.8
28.85
28.85
28.7
28.85
28.55
28.45
28.55
28.65
28.7
28.55
28.7
28.75
28.85
29.25
29.0
28.8
28.8
28.8
29.0
28.8
29.1
29.0
29.2
32.0
36.9
37.2
38.35
38.7
38.3
38.15
38.75
39.4
39.9
41.25
38.75
38.1
38.65
39.35
39.95
40.3
39.65
38.85
38.4
38.4
37.9
37.3
37.55
37.7
37.75
38.1
37.55
37.4
37.2
37.0
36.95
36.05
36.0
35.9
36.2
36.0
36.0
36.2
37.0
36.6
36.0
36.0
36.0
35.55
36.0
35.45
35.7
35.8
36.1
35.7
35.85
35.95
35.85
35.7
36.05
35.9
35.85
35.55
35.4
35.0
34.9
34.95
35.05
34.9
35.05
35.15
35.05
34.85
34.8
34.45
33.95
33.7
33.75
34.45
34.8
34.85
35.5
35.8
35.3
35.65
35.6
35.6
35.35
35.2
35.2
36.1
36.35
36.35
36.3
36.55
36.5
36.5
36.6
36.55
37.0
36.75
36.0
36.1
36.15
36.0
36.05
36.1
35.35
35.95
35.6
35.15
35.6
35.5
35.6
35.75
35.7
35.7
35.65
35.2
34.85
35.0
35.3
35.3
35.3
35.15
34.9
35.35
35.35
35.35
35.3
35.15
35.1
35.15
35.15
35.15
35.05
35.2
35.25
35.1
35.0
35.3
35.05
34.9
34.85
34.9
35.1
35.1
35.0
35.15
34.95
34.95
35.1
35.15
35.15
35.15
34.8
34.9
34.85
34.95
34.55
34.05
34.5
34.2
34.4
34.0
34.1
33.9
34.0
34.3
35.15
35.45
35.15
35.6
36.25
36.15
36.05
36.2
36.2
36.25
36.2
36.9
36.7
37.0
36.75
37.15
37.25
37.25
37.35
37.25
37.55
37.15
37.2
37.8
37.75
37.6
37.6
37.75
37.5
37.65
37.65
37.8
38.1
37.8
38.0
37.75
37.9
37.9
37.75
37.85
38.0
38.0
38.6
38.75
38.8
38.8
38.8
38.8
38.85
38.9
38.95
38.5
38.25
38.3
38.4
38.2
37.8
38.45
38.3
38.35
37.8
38.0
37.95
37.8
38.2
37.9
38.0
38.2
38.2
36.2
36.9
36.95
37.05
37.0
36.95
36.75
35.85
35.7
35.8
35.45
35.7
36.1
36.05
35.95
35.9
35.7
35.75
35.85
34.65
35.35
36.0
35.95
36.1
36.15
36.85
36.55
36.45
36.55
36.4
36.65
36.2
36.15
35.7
36.3
36.15
36.25
36.45
36.95
37.0
36.8
36.1
36.2
35.9
35.95
36.2
36.0
36.95
35.9
35.45
35.7
35.5
35.75
36.15
36.4
36.0
36.0
36.25
35.95
35.8
36.05
35.8
35.75
35.9
35.9
35.9
36.15
35.75
35.55
35.3
35.4
35.3
35.25
35.2
35.05
35.1
35.3
35.35
35.4
35.25
35.45
35.05
35.1
35.25
35.25
35.4
35.15
35.1
35.25
35.25
35.15
35.2
35.4
35.7
35.5
35.45
35.5
35.45
35.05
35.4
35.3
35.3
35.5
35.7
35.2
35.25
35.2
35.2
35.3
35.15
35.05
35.15
35.05
34.9
34.95
35.1
34.95
34.9
34.95
34.95
34.75
34.75
34.75
34.95
34.85
34.7
34.75
34.7
34.65
34.5
34.45
34.6
35.0
35.0
34.7
34.9
34.95
34.95
35.05
35.3
35.4
35.65
35.5
35.5
35.5
35.6
35.55
35.8
35.65
35.0
34.95
35.0
35.05
35.1
35.6
35.55
35.7
35.8
35.5
35.55
35.45
35.7
36.05
36.1
35.9
36.15
36.35
36.55
36.8
36.75
36.55
36.15
36.2
36.5
36.55
36.3
36.4
36.45
36.7
36.95
38.35
38.3
38.2
38.1
37.9
37.85
37.8
38.1
38.1
38.35
39.15
39.35
39.7
39.0
39.4
39.45
39.25
39.35
39.4
39.25
38.85
39.15
38.95
38.5
38.6
39.0
39.0
38.9
39.0
39.05
39.0
38.85
38.7
38.65
38.85
38.9
38.85
38.65
39.0
39.0
38.95
39.1
38.9
38.95
38.7
38.8
38.65
38.75
39.0
38.75
38.8
38.95
39.0
38.9
38.95
38.95
39.5
39.4
39.3
39.2
39.35
39.4
39.4
39.55
39.45
39.65
38.5
37.2
37.5
37.45
37.85
37.7
37.7
37.65
38.3
38.05
36.75
34.8
36.05
37.05
36.9
37.0
36.6
36.3
36.1
36.25
36.2
36.3
36.35
36.35
36.2
36.3
36.55
36.7
37.8
37.05
37.15
37.3
37.35
37.05
37.15
37.2
37.0
37.2
37.35
37.4
37.4
37.35
37.4
37.45
37.6
37.55
37.2
37.55
37.6
37.7
37.9
37.8
37.8
37.8
37.85
37.75
38.25
38.8
38.8
38.65
38.75
38.7
38.8
38.85
38.8
39.15
39.5
39.4
39.5
39.45
39.45
39.4
38.9
39.05
39.45
39.5
39.5
39.7
39.6
39.3
38.95
38.2
38.05
38.15
38.3
38.65
38.75
38.7
38.7
38.4
38.55
38.55
38.8
39.0
38.9
39.1
38.95
38.9
38.9
38.85
38.65
38.85
38.9
39.05
39.05
39.0
39.0
39.0
39.0
39.0
39.0
39.05
39.2
39.45
39.35
39.5
39.4
39.45
39.65
39.8
39.85
39.85
39.9
40.7
40.65
40.75
40.6
40.7
40.5
40.3
40.6
40.6
40.9
40.95
41.0
41.05
41.1
41.1
41.2
41.35
41.25
41.3
42.45
42.7
42.5
42.6
42.8
43.0
43.6
43.4
43.6
43.65
45.6
45.0
45.5
45.75
45.15
45.8
45.4
45.3
45.3
46.8
47.05
47.05
46.95
46.75
46.8
46.9
46.8
47.0
47.3
48.9
48.0
48.55
48.85
49.0
49.25
49.75
48.5
48.75
48.6
46.75
46.5
46.55
47.3
46.1
46.2
46.15
45.8
45.55
45.8
46.8
46.6
46.3
45.8
46.0
45.85
45.95
46.0
45.9
46.5
46.25
46.25
46.15
46.45
46.25
46.3
46.05
45.9
43.55
43.2
43.4
43.3
43.3
43.25
43.05
42.8
42.85
43.0
42.65
42.05
42.2
41.95
41.75
41.8
41.9
41.6
41.55
41.5
41.95
42.55
43.3
43.1
43.2
43.15
43.0
42.95
42.95
43.0
43.35
43.3
43.35
43.2
43.45
43.1
43.15
43.05
43.1
43.2
43.35
43.05
42.9
43.05
43.1
43.05
42.55
42.5
42.5
42.8
42.7
42.4
42.5
42.95
42.55
42.45
42.6
42.5
42.4
42.1
42.05
42.15
42.4
42.15
42.05
42.35
42.45
42.35
41.7
41.95
41.8
41.65
41.45
41.65
41.4
41.5
41.7
41.3
41.6
41.5
41.3
41.35
41.45
41.4
41.15
41.05
40.6
40.7
40.75
40.95
40.7
40.85
40.9
40.95
41.2
41.05
41.1
40.75
40.75
40.7
40.6
40.65
40.3
40.3
40.4
40.05
40.15
40.15
40.15
40.25
40.15
40.0
40.1
39.8
39.8
40.3
40.7
40.7
40.6
40.35
40.6
40.4
40.6
40.7
41.0
41.0
41.45
41.4
41.6
41.4
41.65
41.45
41.35
41.3
41.8
41.7
42.25
41.95
42.0
42.1
42.1
42.15
42.2
42.3
42.25
42.2
42.05
41.95
42.1
42.0
42.15
42.0
42.1
42.05
42.25
42.0
42.25
41.7
41.35
41.4
41.45
41.3
41.55
41.3
41.4
41.4
41.2
41.5
41.7
41.65
41.6
41.6
41.25
41.6
41.45
41.5
41.65
41.65
41.5
41.55
41.45
41.4
41.5
41.4
41.55
41.5
41.35
41.35
41.2
41.4
41.1
41.2
41.35
41.2
41.35
41.25
41.2
41.3
41.25
41.3
41.2
41.15
41.0
41.0
40.75
40.75
40.45
40.45
40.55
40.45
40.7
40.75
40.8
40.75
40.65
40.75
40.9
40.8
40.75
40.45
40.65
40.45
40.5
40.5
40.6
40.9
40.8
40.75
41.0
41.35
41.5
41.45
41.6
41.5
41.45
41.35
41.55
41.6
41.85
41.4
41.55
41.6
41.7
41.7
41.95
42.25
42.0
41.7
42.45
41.95
41.9
42.05
42.05
42.15
41.6
41.7
41.6
41.1
41.55
41.45
41.4
41.5
41.45
41.4
41.4
41.35
41.3
41.3
41.4
41.2
40.9
40.85
40.9
40.95
41.0
41.0
41.0
41.25
40.55
41.1
41.1
41.15
41.25
41.3
41.25
41.1
41.1
41.05
40.9
41.2
41.1
41.25
41.3
41.15
41.15
41.1
41.2
41.15
41.2
41.05
41.0
41.0
41.05
41.05
41.2
41.1
41.1
40.75
40.75
40.9
40.7
40.75
40.65
40.8
40.8
41.15
40.95
40.95
40.95
41.1
40.95
40.9
40.9
40.9
41.4
40.85
40.9
40.95
40.95
40.85
40.85
40.9
40.75
40.8
41.0
41.0
41.0
40.95
40.95
40.95
41.0
41.1
40.95
41.3
41.05
41.1
41.05
41.0
41.0
41.05
41.05
41.0
41.0
41.1
40.9
41.0
40.7
40.85
41.0
41.0
41.0
41.1
40.95
40.8
41.0
41.0
41.1
41.05
41.0
41.0
40.95
40.9
40.95
41.0
41.05
41.0
41.15
40.9
40.9
41.0
40.9
40.9
40.95
40.9
40.95
41.0
40.9
40.85
41.05
41.3
40.95
40.8
40.9
41.0
41.0
41.0
41.2
41.05
41.1
41.1
41.15
41.05
41.0
40.95
41.05
40.95
41.1
41.15
41.0
41.35
41.75
43.45
43.55
43.1
42.6
43.0
42.85
42.4
42.2
42.15
42.0
42.05
41.7
41.9
42.25
41.85
41.75
42.0
41.55
43.55
44.15
43.9
43.55
43.55
43.65
43.8
43.85
43.75
43.55
42.8
43.5
43.3
43.3
43.2
43.35
43.1
42.8
42.65
43.2
43.2
43.25
42.9
42.75
42.75
42.6
42.35
42.1
42.3
42.6
42.85
42.8
42.75
42.6
42.65
42.6
42.55
42.0
42.15
42.3
42.05
42.1
42.25
42.1
42.25
42.1
42.7
42.3
42.1
42.35
42.15
42.2
42.2
42.3
42.2
42.25
42.0
42.05
42.35
42.1
41.95
42.2
42.1
42.2
42.1
42.0
41.55
41.6
41.6
41.85
42.0
41.85
41.65
41.9
41.85
42.2
42.2
42.3
42.4
42.5
42.45
42.4
42.1
42.25
42.05
42.45
42.6
42.45
42.6
42.65
42.4
42.3
42.2
42.45
42.3
42.5
42.45
42.45
42.55
42.45
42.45
42.15
42.3
42.1
42.15
42.15
41.95
42.0
42.15
41.9
41.85
41.7
41.9
42.0
41.85
42.2
41.95
41.85
41.9
42.1
42.0
42.7
42.3
42.25
42.0
42.2
42.3
41.75
41.95
42.15
42.5
42.0
42.05
42.05
42.1
42.05
42.0
41.9
42.0
42.15
41.8
41.75
41.8
41.8
41.7
41.8
41.8
41.95
41.85
42.0
41.85
41.9
41.8
41.85
41.65
41.6
41.4
41.6
41.7
41.3
41.35
41.3
41.15
41.2
41.0
41.0
41.0
40.75
41.1
41.05
41.35
41.1
41.25
41.25
41.25
41.25
41.15
41.15
41.15
41.25
41.05
41.3
41.35
41.4
41.2
40.85
40.85
40.8
40.65
40.75
40.95
40.95
41.05
41.05
41.05
40.8
40.95
40.75
40.65
40.75
40.9
40.9
40.8
40.75
40.8
40.75
40.75
40.7
40.8
40.7
40.5
40.6
40.65
40.55
40.55
40.4
40.85
40.55
40.45
40.8
40.95
41.0
41.0
41.0
40.9
40.85
40.7
41.35
41.35
41.15
41.0
40.95
40.8
41.0
40.9
40.8
41.4
41.25
41.05
41.05
41.25
41.25
41.15
41.2
41.1
41.2
41.1
41.0
41.05
41.0
41.0
40.9
40.95
41.05
41.0
41.3
41.3
41.35
41.45
41.4
41.15
41.2
41.1
41.2
41.3
41.55
41.35
41.2
41.25
41.15
41.3
41.2
41.0
41.05
41.05
41.05
41.2
40.95
41.0
41.0
40.8
40.75
40.8
40.95
41.1
41.05
41.0
41.0
41.1
40.95
41.0
41.0
41.2
41.05
41.1
41.1
41.2
41.2
41.25
41.2
41.2
41.25
41.45
41.5
41.65
41.55
41.55
41.6
41.75
41.6
41.6
41.4
41.6
41.4
41.65
41.4
41.65
41.5
41.4
41.6
41.6
41.85
41.9
41.75
41.7
41.7
41.85
41.7
41.7
41.7
41.25
41.75
41.85
41.6
41.6
41.4
41.25
41.45
41.45
41.25
41.35
41.45
41.3
41.45
41.2
41.25
41.45
41.45
41.3
41.05
41.25
41.25
41.3
41.35
41.25
40.85
41.2
41.05
40.8
41.0
40.95
40.9
40.95
40.9
40.9
40.9
40.9
40.9
41.0
41.0
41.05
41.15
41.15
41.15
41.05
41.1
41.25
41.0
41.3
41.2
41.5
41.8
41.45
41.45
41.65
41.65
41.6
41.9
41.55
41.7
41.75
41.6
41.65
41.65
41.6
41.55
41.65
41.95
41.85
41.65
41.65
41.7
41.55
41.5
41.5
41.45
41.55
41.55
41.65
41.7
41.6
41.65
41.55
41.7
41.85
41.65
42.3
41.9
41.7
41.7
41.6
41.7
41.7
41.6
41.7
41.65
41.95
41.8
41.8
41.6
41.8
41.9
41.9
41.8
41.8
41.9
41.85
41.8
41.85
41.9
41.55
41.85
41.65
41.7
41.65
41.55
41.5
41.55
41.55
41.6
41.55
41.6
41.65
41.65
41.7
41.75
41.65
41.7
41.7
41.5
41.75
41.7
41.75
41.85
41.85
41.65
41.8
41.7
41.8
41.7
41.75
41.7
41.95
41.95
41.95
41.85
41.95
41.95
41.9
41.9
42.0
41.65
41.75
41.9
41.8
42.05
42.2
42.25
42.25
42.15
42.15
42.45
42.7
42.7
42.55
42.6
42.7
42.7
42.65
42.7
42.9
42.8
42.7
42.55
42.55
42.6
42.5
42.3
42.45
42.5
42.5
42.65
43.05
43.6
44.6
44.25
44.5
43.9
44.05
44.8
44.05
44.15
44.0
43.95
43.55
43.5
42.9
43.15
43.55
43.3
43.25
42.8
43.1
43.0
43.05
43.3
43.3
43.5
43.65
43.3
43.2
43.25
43.25
43.15
43.1
43.35
43.25
43.0
43.4
42.9
42.95
43.6
43.65
43.8
44.0
43.3
43.95
43.7
43.9
44.25
44.4
43.95
44.4
44.4
44.5
44.55
44.9
45.0
45.15
45.3
44.55
44.8
44.8
44.75
44.5
44.65
44.75
45.75
45.3
45.5
45.0
45.25
45.15
45.05
44.95
45.15
45.2
45.2
45.2
45.2
45.45
45.75
45.75
45.6
45.8
45.7
46.0
46.3
46.25
46.25
46.3
45.7
45.55
45.6
45.6
45.75
46.0
45.45
44.7
44.8
44.6
44.8
44.85
45.2
44.7
44.7
44.5
44.65
44.65
44.55
44.5
44.65
44.65
44.8
44.75
44.9
45.05
45.0
45.1
45.4
45.25
45.0
44.9
44.95
44.7
44.85
44.75
44.55
44.8
44.7
44.4
44.5
44.45
44.65
44.55
44.4
44.45
44.25
44.35
44.5
44.75
44.6
44.5
44.5
44.6
44.95
44.7
44.75
44.45
44.6
44.7
44.6
44.85
44.85
44.95
45.0
45.0
44.9
45.0
45.05
45.0
45.15
45.25
45.1
45.05
44.85
45.0
45.05
45.1
45.3
45.3
47.95
46.45
46.5
45.85
46.0
46.1
46.15
46.2
46.3
46.65
46.65
46.35
46.2
46.25
45.65
45.7
45.95
46.45
46.3
46.35
45.85
46.55
46.5
46.55
46.2
46.25
46.15
46.25
46.1
46.3
46.2
46.4
46.5
46.4
46.45
46.5
46.35
46.2
46.2
46.0
46.25
46.1
46.0
46.15
46.25
46.25
46.0
46.1
46.25
45.95
46.3
46.2
46.3
46.25
46.4
46.3
46.3
46.35
46.35
46.9
46.85
47.0
46.55
46.65
46.6
47.05
46.9
46.85
47.8
47.0
46.85
46.8
46.9
46.85
46.95
46.85
46.8
46.85
46.9
47.0
46.7
46.7
46.85
46.8
46.75
46.7
46.8
46.9
46.9
46.85
47.0
46.95
46.85
47.0
47.0
46.95
47.2
46.95
46.9
47.0
47.05
47.05
47.1
46.95
46.95
47.05
47.0
46.95
46.85
46.95
46.9
47.0
47.0
46.9
46.9
46.9
46.95
46.9
46.9
46.85
46.8
46.8
46.75
46.8
46.9
46.5
46.6
46.75
46.75
46.6
46.7
46.75
46.65
46.6
46.75
46.45
46.4
46.5
46.4
46.5
46.45
46.45
46.6
46.45
46.55
46.6
46.7
46.75
46.85
46.75
46.65
46.85
46.75
46.7
46.65
46.75
46.85
46.85
46.8
46.85
46.7
46.75
46.7
46.8
46.75
46.8
46.7
46.7
46.75
46.8
46.75
46.8
47.2
46.9
46.9
46.85
46.95
46.95
46.95
47.0
46.9
46.95
46.95
47.6
47.45
47.45
47.1
47.4
47.9
47.85
47.9
47.85
47.9
47.7
47.35
47.3
47.3
47.6
47.6
47.55
47.35
47.25
47.45
47.7
47.75
47.55
47.55
47.3
47.5
47.55
47.6
47.75
47.3
47.3
47.35
47.3
47.3
47.05
47.05
46.75
46.7
47.3
47.0
47.0
47.1
47.15
46.95
46.8
46.85
46.95
47.1
47.0
47.05
47.2
47.5
47.4
47.3
47.25
47.35
47.6
47.3
47.25
47.3
47.7
47.85
47.5
47.4
47.3
47.3
47.3
46.4
46.8
46.8
46.8
46.9
46.6
46.45
46.65
46.35
43.75
44.45
44.65
44.6
44.8
44.7
44.3
44.4
43.9
43.45
43.6
44.0
44.0
44.2
43.65
43.3
43.4
43.3
43.45
43.4
44.45
44.1
44.1
44.1
44.25
44.3
44.45
44.2
44.0
44.15
44.45
44.3
44.2
44.2
44.25
44.1
44.0
44.0
43.9
44.05
44.25
44.8
45.05
44.8
44.65
44.65
44.45
44.45
44.35
44.45
44.7
44.7
44.65
44.7
44.7
44.65
44.85
44.8
44.7
44.85
44.6
44.7
44.65
44.75
44.55
44.7
44.7
44.5
44.55
44.65
44.7
44.55
44.65
44.6
44.55
44.5
44.85
44.3
44.4
44.4
44.45
44.45
44.25
44.15
44.3
44.15
44.15
44.05
43.9
44.15
44.15
44.25
44.0
43.95
44.0
44.35
43.65
43.95
43.85
43.85
43.85
43.8
43.85
43.9
43.8
44.35
43.75
44.0
43.8
43.65
43.55
43.55
43.6
43.6
43.8
44.2
43.8
43.85
43.8
43.9
43.95
43.85
43.9
43.85
43.75
43.9
44.0
43.85
43.75
43.7
43.8
43.75
43.8
43.6
43.7
43.4
43.4
43.45
43.5
43.45
43.7
43.65
43.45
43.5
44.0
43.55
43.5
43.55
43.45
43.45
43.55
43.45
43.4
43.45
43.65
43.8
43.45
43.5
43.45
43.45
43.5
43.25
43.25
42.95
42.85
43.0
43.0
43.15
43.05
42.9
43.05
43.0
43.15
43.5
43.25
43.25
43.2
43.25
43.35
43.25
43.25
43.45
43.4
43.3
43.4
43.8
43.75
43.85
43.45
43.7
43.5
43.55
43.5
43.6
43.5
43.6
43.5
43.5
43.65
43.65
43.6
43.4
43.35
43.3
43.4
43.2
43.5
43.7
43.75
43.55
43.45
43.35
43.5
43.65
43.85
43.75
43.85
43.9
43.7
43.8
43.85
43.9
43.95
43.65
43.9
43.8
43.75
43.8
43.9
43.9
43.9
43.75
43.8
43.65
43.6
43.45
43.5
43.5
43.4
43.5
43.4
43.45
43.5
43.45
43.5
43.7
43.7
43.6
43.65
43.6
43.6
44.05
44.05
43.8
43.75
44.25
43.6
43.75
43.55
43.45
43.55
43.55
43.6
43.45
43.6
43.5
43.35
43.15
43.25
43.2
43.55
43.45
43.4
43.35
43.25
43.75
43.65
43.65
43.7
43.7
43.9
43.7
43.7
43.8
43.7
43.65
44.2
43.95
43.85
43.9
43.9
43.85
44.0
44.1
44.15
44.0
44.0
43.7
43.7
43.85
43.7
43.45
43.55
43.6
43.6
43.65
43.5
43.5
43.55
43.6
43.6
43.75
43.6
43.55
43.65
43.6
43.55
43.5
43.6
43.7
43.4
43.5
43.45
43.55
43.55
43.5
43.45
43.6
43.6
43.6
43.6
43.6
43.7
43.6
43.55
43.65
43.5
43.5
43.55
43.6
43.6
43.55
43.55
43.5
43.5
43.6
43.6
43.65
43.6
43.55
43.6
43.55
43.55
43.5
43.55
43.5
43.8
43.85
43.85
43.9
43.75
43.75
44.0
44.0
44.1
44.25
44.1
44.3
44.35
44.25
44.25
44.25
44.5
44.75
44.05
44.0
43.6
43.7
43.6
43.25
43.45
43.6
43.6
44.0
43.85
43.9
43.5
43.75
43.55
43.55
43.7
43.5
43.55
43.55
43.55
43.65
43.65
43.65
43.7
43.65
43.8
43.8
43.8
43.9
43.8
44.05
44.05
44.05
44.05
44.1
44.0
44.05
44.05
44.05
44.05
44.05
44.05
44.0
44.05
44.05
44.05
43.95
43.95
44.0
43.95
43.6
43.5
43.45
43.45
43.45
43.35
43.25
43.25
43.5
43.55
43.45
43.5
43.55
43.55
43.55
43.5
43.65
43.5
43.7
43.65
43.75
43.7
43.5
43.5
43.6
43.55
43.4
43.55
43.45
43.45
43.45
43.4
43.45
43.45
43.55
43.45
43.45
43.4
43.3
43.4
43.4
43.15
43.25
43.3
43.55
43.65
43.9
43.3
43.55
43.45
43.55
43.55
43.65
43.55
43.5
43.55
43.65
43.5
43.6
43.65
43.6
43.65
43.75
43.75
43.65
43.85
44.0
44.25
44.35
44.15
44.25
44.35
44.15
44.25
44.35
44.4
44.1
44.2
44.15
44.15
44.2
44.15
44.2
44.2
44.35
44.3
44.3
44.25
44.15
44.2
44.35
44.2
44.45
44.4
44.3
44.2
44.2
44.15
44.05
44.2
44.25
44.1
44.0
44.1
44.05
44.2
44.75
44.7
44.7
44.85
45.1
45.05
45.3
45.4
45.3
45.3
45.3
44.9
44.5
44.45
44.45
44.75
44.3
44.35
44.25
44.4
44.3
44.6
44.6
44.65
44.6
44.4
44.5
44.5
44.65
44.65
44.8
44.65
44.6
44.6
44.9
44.65
44.8
44.65
44.4
44.85
44.3
44.4
44.55
44.65
44.45
44.3
44.3
44.35
44.3
44.35
44.4
44.2
43.55
43.35
43.55
43.5
43.45
43.65
43.75
43.95
43.9
43.2
43.3
43.4
43.55
43.5
43.75
43.85
43.8
43.7
43.7
43.5
43.35
43.4
43.25
43.4
43.55
43.45
43.6
43.55
43.85
43.45
43.65
44.0
44.25
44.35
44.25
44.2
44.15
44.15
44.65
44.25
44.2
44.35
44.5
44.6
44.65
44.65
44.75
44.65
45.15
44.8
44.85
45.0
44.85
45.0
45.05
45.15
45.45
45.85
45.9
46.05
45.85
46.0
45.9
45.75
45.65
46.05
45.95
46.05
45.85
45.85
45.9
45.95
45.65
45.4
45.65
45.0
45.75
45.45
45.3
45.3
45.55
45.25
45.25
45.3
45.3
45.0
44.9
45.1
45.05
45.1
44.95
44.85
44.85
44.9
44.95
44.95
45.0
45.6
45.8
46.4
46.3
46.5
46.5
46.6
47.65
47.55
47.9
47.45
47.35
47.35
47.4
47.5
47.65
47.4
47.1
46.75
47.05
47.05
47.3
47.15
47.25
47.45
47.75
47.8
47.9
48.05
48.1
48.2
48.1
48.2
48.15
47.9
48.25
49.45
49.65
53.35
54.85
54.8
54.15
54.9
55.1
56.0
61.25
60.05
61.25
62.0
62.4
61.9
62.45
62.1
62.15
62.15
66.15
65.3
65.5
65.95
66.2
60.9
61.0
60.8
61.15
61.0
57.75
56.25
56.15
56.95
57.95
57.8
56.7
58.35
58.6
56.95
57.75
58.1
58.3
58.0
58.15
57.0
57.35
57.1
57.1
55.6
56.1
55.6
55.85
55.9
56.15
55.9
55.95
56.1
56.1
60.75
62.2
62.35
60.55
61.9
60.65
61.05
60.95
62.25
63.8
64.7
64.0
63.3
60.65
61.85
61.4
61.6
61.3
61.1
61.1
60.0
59.6
60.0
60.7
60.35
60.1
59.7
59.6
59.8
61.1
61.1
62.8
61.65
61.15
61.1
61.3
60.9
60.4
61.2
61.25
61.5
60.1
60.8
60.6
60.2
60.15
60.3
60.35
60.55
60.25
59.55
59.3
59.2
59.5
59.75
59.75
59.75
59.7
60.25
59.6
58.9
58.75
58.5
58.6
58.5
58.25
58.6
58.55
57.35
56.65
57.05
56.9
57.0
56.8
56.8
56.75
56.95
56.4
55.55
55.65
54.6
54.05
55.45
58.35
58.0
56.85
58.8
56.5
57.5
57.25
57.65
57.5
57.7
57.6
57.15
56.5
57.35
57.9
57.3
57.3
57.35
57.25
57.3
57.1
56.8
56.9
57.6
57.35
57.8
58.5
59.65
59.85
60.0
58.3
59.05
59.3
58.25
57.7
58.05
57.8
58.55
59.25
58.75
59.9
59.7
58.6
59.2
58.95
60.0
59.0
59.3
59.45
59.1
59.5
60.0
60.15
61.7
61.05
60.6
60.75
60.4
60.25
60.25
60.05
60.75
61.05
60.85
60.8
60.75
61.1
61.1
61.8
61.25
62.75
62.55
62.1
63.0
63.0
62.7
63.5
63.6
63.7
65.0
65.95
70.2
67.2
68.8
67.5
65.85
66.7
66.8
68.2
66.35
68.2
66.45
67.1
66.75
66.35
66.35
66.85
66.8
67.0
67.25
65.4
65.65
65.55
65.9
65.95
67.05
66.75
66.75
66.75
68.6
67.6
67.6
67.9
68.0
68.05
68.1
68.5
68.75
67.2
68.3
68.6
68.35
68.05
67.9
67.75
67.5
67.95
68.1
68.45
69.4
67.6
67.0
66.9
67.25
66.65
66.8
66.4
66.6
66.5
66.85
63.25
64.4
63.85
63.7
63.85
63.3
63.65
63.6
63.7
61.35
62.9
62.1
61.45
62.4
62.2
61.95
61.8
61.6
60.55
60.5
60.6
60.9
60.7
60.5
60.0
60.05
60.2
62.15
62.25
62.65
61.0
62.4
61.9
60.9
60.45
60.55
61.05
61.7
61.75
62.1
62.05
62.05
62.05
61.85
61.9
62.0
62.3
62.75
62.9
63.0
62.7
64.25
63.2
63.6
63.15
63.2
63.15
62.75
63.3
62.45
62.15
62.15
62.05
61.95
60.85
61.8
61.45
61.1
60.8
60.55
60.45
60.8
61.15
61.3
61.75
61.4
61.6
61.9
61.65
61.65
61.95
62.1
62.0
61.9
61.25
61.7
61.6
61.65
61.6
61.55
61.7
61.45
61.4
61.7
61.6
61.55
61.5
61.4
61.3
61.35
61.4
61.35
60.45
61.05
60.85
60.85
60.95
60.85
60.85
60.8
60.95
61.45
60.45
60.5
60.75
61.0
61.0
60.7
60.45
60.45
60.55
60.65
60.65
60.55
60.65
61.2
61.0
60.75
60.55
60.25
60.3
60.3
60.15
60.45
60.15
60.15
60.45
60.1
60.2
59.9
59.7
59.7
59.9
59.8
59.7
59.45
59.0
59.4
58.35
58.15
58.4
58.35
58.25
58.0
57.7
57.6
57.65
57.45
56.7
57.55
57.6
57.65
57.75
57.4
57.5
57.8
57.6
59.5
59.05
58.2
58.5
58.75
58.6
58.45
58.1
57.95
59.45
60.2
59.45
59.8
59.55
59.55
59.75
59.35
59.55
59.25
59.25
60.2
60.3
60.7
59.55
60.05
60.3
60.45
59.95
60.1
