close
12.6
13.3
13.31
12.657
13.699
13.696
13.694
13.008
13.0
13.411
13.403
13.097
12.987
12.5
12.499
9.5
9.9
9.5
9.5
9.5
9.5
9.5
9.497
9.3
9.699
9.4
9.41
9.488
9.2
9.239
9.09
9.099
9.497
9.9
9.25
9.15
9.86
10.5
10.031
11.44
10.502
10.75
10.55
10.8
10.75
10.599
10.599
11.0
10.5
10.303
10.0
10.28
10.29
10.285
10.292
10.001
10.11
9.956
9.65
9.8
9.899
9.75
10.175
9.8
9.411
9.85
9.85
9.588
11.999
12.65
10.565
10.8
10.65
10.55
14.9
14.43
12.5
13.6
13.7
12.651
13.95
13.13
13.13
14.5
13.301
13.555
13.002
12.13
12.628
12.001
12.28
12.2
12.261
13.699
13.799
12.999
13.0
13.75
13.01
13.011
13.8
13.5
13.6
13.6
13.6
14.2
14.0
14.0
14.0
14.0
14.0
13.855
14.0
13.85
14.0
14.1
14.099
13.408
12.75
12.211
12.201
10.6
10.7
10.998
10.428
10.49
10.5
10.599
10.5
10.256
10.999
10.361
10.33
10.367
10.35
10.499
10.687
10.499
10.642
10.317
10.319
10.59
10.59
9.85
10.05
10.478
10.361
10.477
10.977
10.977
10.972
10.25
10.554
10.12
10.2
10.2
10.2
10.3
10.698
10.695
10.552
10.846
10.03
9.932
9.85
9.675
9.676
10.99
10.17
9.85
9.811
10.11
10.576
10.574
10.0
9.853
10.545
11.0
10.94
10.494
10.363
10.395
10.4
10.4
10.562
10.699
10.201
10.3
10.898
10.89
10.897
10.422
10.887
10.889
11.099
10.432
10.968
10.8
10.995
10.614
10.458
10.875
10.787
10.333
10.003
10.35
10.006
10.48
10.498
10.497
10.05
10.25
10.495
10.05
10.303
10.055
10.2
10.2
10.304
10.059
9.67
9.97
9.901
9.901
9.557
9.999
9.999
9.85
9.98
9.9
9.999
9.947
10.379
10.495
10.7
10.991
10.7
10.765
10.5
11.05
11.0
11.01
10.99
10.99
11.85
11.504
11.5
11.48
11.5
11.483
11.919
11.265
11.001
11.0
10.762
10.934
10.764
10.439
10.995
11.0
11.0
11.0
11.2
11.201
11.2
11.5
11.887
11.35
11.497
11.397
10.501
11.0
11.1
10.799
10.9
11.0
11.5
10.801
10.997
11.2
11.4
12.0
12.5
12.4
11.392
11.37
11.3
11.112
11.199
11.014
11.0
11.2
11.0
11.16
11.001
11.3
11.3
12.0
11.3
11.029
11.799
11.205
11.0
10.85
10.411
10.85
10.75
10.9
10.28
11.0
10.9
11.0
11.0
11.854
11.15
11.205
11.0
11.0
11.248
10.882
11.0
11.0
11.0
11.328
12.501
12.55
11.5
11.56
12.25
12.25
11.9
11.656
11.664
11.25
11.5
11.528
11.486
11.466
11.5
12.15
12.2
12.001
12.029
12.059
12.0
11.9
11.899
11.745
11.927
11.209
11.204
11.5
11.218
11.191
10.515
10.6
10.896
10.9
10.403
11.095
11.103
11.1
10.848
11.911
11.39
10.893
12.5
12.19
12.19
11.228
11.517
11.23
11.5
11.794
11.4
11.4
10.97
11.0
11.0
11.951
11.15
10.9
11.397
11.397
11.36
11.359
11.005
11.2
11.0
11.0
11.411
11.0
10.999
10.998
11.0
11.0
11.0
11.0
11.001
11.001
11.0
11.0
11.0
10.999
10.545
11.0
11.3
11.32
10.5
10.512
10.799
10.401
10.799
11.3
10.51
10.301
10.401
10.42
10.75
10.991
10.9
10.5
10.5
10.501
10.55
11.0
10.3
10.301
10.0
9.999
10.1
10.488
10.85
10.609
10.552
10.551
11.0
11.197
10.802
10.5
10.5
10.998
10.998
10.998
10.0
10.501
10.857
10.438
10.1
10.74
10.65
10.648
10.851
10.844
10.6
10.6
10.751
10.925
11.0
12.88
12.0
11.001
11.291
11.799
11.797
11.948
11.997
11.996
11.45
11.501
11.5
11.501
12.299
11.7
12.0
12.0
12.4
12.0
12.0
12.0
11.999
11.849
11.85
10.377
11.847
10.781
11.85
11.711
12.0
11.8
12.0
12.0
12.0
12.0
11.0
11.2
10.611
10.627
10.777
10.3
10.75
11.1
11.45
11.5
11.5
11.5
11.998
11.0
11.0
11.443
10.625
11.134
10.78
10.773
11.772
11.8
11.301
11.0
11.0
11.0
5.689
5.818
5.796
5.9
5.796
5.799
5.551
5.688
5.501
5.648
5.569
5.595
5.507
5.509
5.412
5.287
5.45
5.55
5.539
5.416
5.447
5.453
5.448
5.44
5.499
5.451
5.451
5.45
5.538
5.477
5.479
5.538
5.52
5.403
5.481
5.529
5.739
5.884
5.672
5.85
5.801
5.773
5.829
5.82
5.773
5.8
5.85
5.741
5.745
5.657
5.531
5.65
5.591
5.786
5.799
5.799
5.87
5.789
5.87
5.789
5.866
5.656
5.993
5.889
5.887
5.899
5.544
5.258
5.25
5.293
5.015
5.002
5.001
5.0
4.942
4.99
4.95
4.951
4.456
4.645
4.697
4.735
4.542
4.58
4.598
4.638
4.65
4.701
4.644
4.702
4.721
4.869
4.919
4.805
4.808
4.898
4.805
4.897
4.858
4.8
4.75
4.776
4.8
4.772
4.774
4.815
4.81
4.698
4.74
4.847
4.935
4.949
4.835
4.834
4.844
4.801
4.897
4.898
4.933
4.844
4.871
4.756
4.887
4.8
4.897
4.82
4.948
4.946
4.804
4.916
4.84
4.95
4.9
4.855
4.86
4.92
4.92
4.87
4.899
4.863
4.865
4.915
4.867
4.802
4.801
4.802
4.896
4.851
4.85
4.816
4.8
4.75
4.705
4.664
4.7
4.617
4.639
4.601
4.6
4.6
4.571
4.6
4.76
4.719
4.7
4.7
4.85
4.724
4.721
4.671
4.6
4.652
4.6
4.349
4.401
4.4
4.493
4.538
4.537
4.5
4.4
4.35
4.5
4.403
4.456
4.639
4.625
4.568
4.55
4.55
4.549
4.55
4.55
4.599
4.599
4.515
4.699
4.591
4.541
4.5
4.536
4.537
4.522
4.604
4.601
4.626
4.551
4.555
4.597
4.6
4.5
4.5
4.45
4.547
4.543
4.54
4.543
4.544
4.549
4.505
4.548
4.538
4.406
4.488
4.45
4.411
4.351
4.416
4.35
4.35
4.3
4.3
4.25
4.25
4.268
4.25
4.2
4.199
4.161
4.149
4.25
4.1
4.0
3.949
4.0
4.011
3.934
3.986
3.756
3.773
3.693
3.65
3.634
3.698
3.628
3.616
3.615
3.614
3.65
3.65
3.6
3.571
3.649
3.6
3.643
3.599
3.65
3.6
3.55
3.6
3.52
3.539
3.519
3.577
3.53
3.5
3.75
3.65
3.58
3.6
3.575
3.61
3.597
3.6
3.59
3.65
3.7
3.725
3.816
3.761
3.822
3.785
3.821
3.85
4.101
3.8
4.134
4.007
4.25
4.15
4.099
4.063
4.051
4.011
4.45
4.518
4.451
4.452
4.51
4.548
4.6
4.669
4.55
4.569
4.629
4.661
4.6
4.502
4.572
4.421
4.421
4.401
4.579
4.589
4.5
4.6
4.56
4.505
4.501
4.333
4.289
4.283
4.264
4.378
4.454
4.415
4.567
4.55
4.689
4.691
4.65
4.688
4.652
4.591
4.571
4.57
4.597
4.598
4.778
4.778
4.632
4.598
4.561
4.545
4.616
4.616
4.552
4.598
4.551
4.431
4.435
4.488
4.479
4.396
4.4
4.4
4.41
4.413
4.7
4.7
4.62
4.632
4.526
4.462
4.4
4.3
4.26
4.348
4.399
4.479
4.405
4.258
4.23
4.201
4.219
4.215
4.216
4.216
4.21
3.9
4.07
4.066
4.07
4.055
4.058
4.051
4.053
4.053
4.053
4.05
3.923
4.0
4.044
4.001
4.002
4.002
3.965
3.98
3.9
3.898
3.8
3.838
3.834
3.835
3.763
3.897
3.897
3.898
3.9
3.902
3.947
3.94
3.997
3.999
4.0
3.976
3.953
3.969
3.9
3.9
3.91
3.879
3.904
3.925
3.925
3.925
3.881
3.887
3.861
3.879
3.835
3.83
3.84
3.8
3.815
3.815
3.805
3.805
3.72
3.75
3.67
3.795
3.86
3.85
3.85
3.885
3.84
3.84
3.88
3.895
3.91
3.9
4.095
4.085
3.99
3.95
3.955
4.005
4.16
4.0
3.98
4.085
4.02
3.93
3.925
4.04
3.945
3.915
3.91
3.94
3.995
3.925
3.805
3.9
3.89
3.805
3.885
3.865
3.865
3.9
3.99
4.0
4.03
4.03
3.97
3.51
3.85
3.99
4.015
4.0
4.025
3.94
4.025
4.1
4.105
3.85
3.965
3.93
3.95
3.9
3.955
3.95
4.0
3.95
3.86
3.99
3.935
3.95
3.96
3.96
4.2
4.095
3.97
3.95
3.93
3.95
4.0
4.065
3.97
4.01
3.955
4.005
3.99
3.995
4.0
4.3
4.0
4.0
4.01
3.96
4.015
3.99
4.005
3.98
3.98
3.955
3.995
3.995
3.8
3.695
3.7
3.7
3.695
3.74
3.7
3.74
3.695
3.7
3.7
3.765
3.72
3.73
3.775
3.825
3.83
3.83
3.845
3.89
3.9
3.725
3.775
3.765
3.89
3.905
4.07
4.055
4.04
4.125
4.14
4.09
4.115
4.135
4.18
4.225
4.1
4.1
4.1
4.075
4.0
4.02
4.04
3.985
3.99
4.0
4.375
4.275
4.35
4.17
4.135
4.355
4.395
4.395
4.285
4.255
4.245
4.22
4.01
4.12
4.4
4.395
4.315
4.395
4.365
4.31
4.255
4.395
4.39
4.38
4.4
4.395
4.39
4.245
4.285
4.225
4.2
4.215
4.08
4.05
4.005
4.18
4.18
4.12
4.14
4.195
4.135
4.15
4.165
4.195
4.15
4.15
4.0
4.0
3.905
4.0
4.015
4.125
4.0
3.95
3.995
4.0
3.92
3.92
4.005
4.02
4.18
4.05
4.03
3.99
3.82
3.825
3.865
3.845
3.845
3.795
3.815
3.805
3.805
3.62
3.745
3.8
3.61
3.6
3.635
3.645
3.65
3.71
3.745
3.01
3.61
3.66
3.65
3.525
3.69
3.695
3.695
3.83
3.7
3.7
3.7
3.99
3.86
3.9
3.91
3.905
3.82
3.97
3.975
3.88
3.82
3.85
3.73
3.7
3.535
3.49
3.535
3.51
3.52
3.5
3.585
3.405
3.4
3.54
3.43
3.45
3.5
3.54
3.59
3.53
3.635
4.82
4.82
5.39
5.235
5.345
5.65
5.68
5.49
5.775
5.63
5.22
5.12
5.0
4.8
4.82
4.78
4.75
4.745
4.635
4.88
4.885
4.44
4.495
4.43
4.6
4.505
4.52
4.5
4.595
4.7
4.695
4.69
4.76
4.595
4.395
4.515
4.5
4.495
4.495
4.5
4.555
4.6
4.505
4.595
4.6
4.475
4.555
4.49
4.35
4.75
4.67
4.65
4.69
4.7
4.83
4.8
4.75
4.695
4.62
4.385
4.345
4.46
4.365
4.47
4.08
4.17
4.27
4.27
4.3
4.305
4.305
4.185
4.17
4.19
4.19
4.3
4.185
4.275
4.35
4.36
4.345
4.34
4.33
4.295
4.295
4.25
4.24
4.2
4.195
4.22
4.12
3.9
3.935
4.21
4.3
4.245
4.26
4.15
4.11
4.085
4.06
4.075
4.055
4.065
4.06
4.08
4.0
3.995
3.87
3.925
3.98
3.91
3.95
3.955
3.9
3.88
3.945
3.945
3.95
3.995
3.98
4.02
3.96
4.015
3.935
3.94
3.935
4.0
3.97
3.96
3.955
3.9
3.965
3.955
3.9
3.93
3.95
3.9
3.895
3.89
3.89
3.93
3.975
3.9
3.89
3.89
3.85
3.885
3.855
3.88
4.005
3.915
3.925
3.8
3.885
3.885
3.82
3.845
3.88
3.855
3.87
3.88
3.81
3.845
3.84
3.855
3.875
3.885
3.885
3.835
3.83
3.85
3.87
3.915
3.93
3.91
3.9
3.865
3.815
3.88
3.83
3.88
3.835
3.9
3.93
3.93
3.835
3.895
3.85
3.9
3.97
4.075
4.4
4.125
4.11
4.14
4.085
4.15
4.01
4.055
4.035
4.0
4.065
4.11
4.15
4.115
4.13
4.0
4.0
3.995
3.955
3.965
3.96
3.885
3.935
3.91
3.895
3.96
3.92
3.905
3.92
3.895
3.94
3.94
3.935
3.95
3.895
3.965
3.965
3.905
3.985
3.93
4.0
4.0
3.995
3.99
3.98
3.95
3.945
3.935
3.965
3.945
3.95
3.995
3.935
3.945
3.925
3.935
3.935
3.955
3.995
3.935
3.945
4.0
3.94
3.955
3.975
3.95
3.97
3.98
4.0
3.975
3.985
3.995
4.08
4.04
4.05
4.035
4.065
3.99
3.91
3.955
3.975
3.955
3.955
3.955
4.0
4.0
4.1
4.095
4.08
4.07
4.1
4.215
4.325
4.125
5.27
5.325
4.85
4.88
4.915
4.92
4.925
4.905
4.9
4.74
4.8
4.865
4.77
4.805
4.86
4.6
4.635
4.6
4.555
4.555
4.47
4.47
4.465
4.46
4.55
4.53
4.56
4.5
4.355
4.39
4.405
4.35
4.425
4.45
4.45
4.375
4.385
4.45
4.495
4.45
4.4
4.4
4.45
4.42
4.455
4.6
4.425
4.44
4.75
4.86
4.81
4.8
4.8
4.78
4.86
4.78
4.985
4.685
4.53
4.425
4.5
4.525
4.455
4.5
4.48
4.48
4.48
4.435
4.505
4.465
4.59
4.485
4.465
4.58
4.4
4.5
4.46
4.46
4.5
4.45
4.5
4.5
4.325
4.45
4.415
4.41
4.23
4.28
4.035
3.995
4.05
4.05
4.07
4.2
4.125
4.115
4.115
4.18
4.105
4.2
4.2
4.035
4.2
4.2
4.185
4.21
4.235
4.205
4.22
4.215
4.185
4.16
4.165
4.15
4.2
4.19
4.22
4.22
4.18
4.155
4.195
4.195
4.4
4.3
4.315
4.335
4.285
4.36
4.315
4.32
4.275
4.265
4.3
4.295
4.295
4.215
4.29
4.225
4.275
4.295
4.235
4.22
4.3
4.335
4.28
4.36
4.29
4.34
4.5
4.4
4.48
4.6
4.525
4.435
4.35
4.35
4.35
4.43
4.3
4.4
4.49
4.42
4.4
4.475
4.4
4.355
4.315
4.385
4.4
4.455
4.305
4.41
4.4
4.4
4.32
4.39
4.31
4.37
4.3
4.295
4.25
4.25
4.275
4.23
4.45
4.3
4.17
4.4
4.93
4.615
4.665
4.67
4.77
4.45
4.47
4.475
4.48
4.4
4.44
4.25
4.305
4.3
4.3
4.3
4.345
4.34
4.34
4.355
4.425
4.36
4.355
4.35
4.35
4.26
4.4
4.43
4.33
4.325
4.37
4.385
4.3
4.385
4.385
4.355
4.3
4.4
4.395
4.33
4.225
4.3
4.3
4.295
4.295
4.25
4.2
4.25
4.195
4.205
4.1
4.185
4.13
4.11
4.13
4.13
4.13
4.15
4.05
4.08
4.08
4.075
4.12
4.125
4.1
4.12
4.14
4.13
4.12
4.125
4.125
4.125
4.085
4.15
4.145
4.145
4.15
4.075
4.15
4.055
4.095
4.1
4.1
4.035
4.04
4.1
4.1
4.095
4.075
4.09
4.095
4.1
4.095
4.095
4.075
4.075
4.07
4.09
4.095
4.09
4.1
4.09
4.135
4.1
4.14
4.145
4.095
4.14
4.135
4.1
4.1
4.135
4.105
4.08
4.095
4.155
4.125
4.2
4.195
4.195
4.195
4.2
4.17
4.195
4.2
4.2
4.195
4.2
4.15
4.085
4.145
4.145
4.1
4.09
4.11
4.1
4.14
4.105
4.1
4.095
4.1
4.1
4.045
4.085
4.09
4.09
4.11
4.11
4.12
4.115
4.11
4.1
4.075
4.11
4.125
4.125
4.115
4.14
4.105
4.0
4.005
4.05
4.15
4.095
4.095
4.16
4.1
4.09
4.055
4.09
4.06
4.06
4.01
4.15
4.295
4.1
4.095
4.04
4.01
4.05
4.03
4.1
4.14
4.065
4.02
4.095
4.095
4.08
4.06
4.15
4.06
4.0
4.0
4.02
4.035
4.065
4.035
4.03
4.03
4.035
4.03
4.085
4.095
4.095
4.05
4.09
4.11
4.0
4.08
4.02
4.02
4.0
4.075
4.015
4.0
4.02
4.11
4.065
4.09
4.07
4.08
4.045
4.02
4.015
4.02
3.985
4.0
4.005
4.05
4.04
4.01
4.03
4.03
4.035
4.0
4.05
4.01
4.005
4.02
4.0
4.015
4.0
4.0
4.04
4.005
4.005
4.05
4.065
4.05
3.995
3.975
4.06
4.01
4.05
4.005
4.02
4.045
3.975
4.03
4.005
4.035
4.03
4.035
4.01
4.01
4.055
4.07
4.02
4.01
4.09
4.075
4.09
4.015
4.035
4.04
4.025
4.005
4.015
4.085
4.1
4.095
4.09
4.09
4.06
4.09
4.1
4.1
4.095
4.095
4.095
4.105
4.155
4.16
4.165
4.04
4.03
4.03
4.03
4.085
4.09
4.03
4.065
4.035
4.1
4.1
4.11
4.105
4.105
4.105
4.115
4.2
4.21
4.235
4.22
4.17
4.3
4.2
4.2
4.205
4.105
4.185
4.15
4.15
4.15
4.15
4.15
4.165
4.23
4.11
4.135
4.09
4.115
4.06
4.095
4.05
4.045
4.045
4.095
4.02
4.02
4.05
4.05
4.05
4.05
4.05
4.015
4.05
4.05
4.05
4.01
4.015
4.01
4.005
4.09
4.075
4.075
4.075
4.02
4.085
4.08
4.005
4.005
4.055
3.97
4.005
4.08
4.065
4.1
4.12
4.1
4.1
4.135
4.1
4.185
4.115
4.18
4.17
4.155
4.205
4.19
4.3
4.245
4.25
4.155
4.15
4.145
4.125
4.16
4.23
4.185
4.2
4.22
4.2
4.125
4.16
4.235
4.105
4.105
4.095
4.095
4.095
4.095
4.065
4.035
4.04
4.015
4.18
4.065
4.16
4.03
4.055
4.06
4.055
4.01
3.99
4.0
4.0
4.03
3.98
4.01
4.04
4.01
4.0
4.04
4.02
4.02
3.99
4.07
4.08
4.04
3.95
4.03
4.02
4.06
4.06
4.03
3.98
4.02
3.98
4.04
4.05
3.98
3.96
4.0
4.05
4.04
4.04
4.03
4.01
4.01
4.03
4.03
4.01
4.04
4.0
4.04
4.03
4.0
3.98
3.95
4.0
3.94
4.0
3.96
4.02
4.0
4.0
3.95
4.01
4.0
3.98
3.98
4.13
4.1
4.05
4.11
4.15
3.94
4.0
3.99
3.99
4.15
4.11
4.14
4.1
4.15
4.11
4.11
4.03
4.02
4.02
4.0
4.02
4.06
4.06
4.07
4.06
4.14
4.06
4.12
4.14
4.11
4.11
4.04
4.04
4.14
4.11
4.12
4.12
4.09
4.08
4.09
4.03
4.03
4.08
4.08
4.09
4.14
4.1
4.09
4.09
4.1
4.09
4.07
4.1
4.09
4.09
4.1
4.1
4.15
4.15
4.15
4.15
4.15
4.15
4.19
4.15
4.12
4.12
4.14
4.12
4.15
4.15
4.09
4.07
4.1
4.06
4.1
4.07
4.06
4.14
4.13
4.1
4.13
4.08
4.07
4.03
4.05
4.06
4.06
4.08
4.07
3.92
4.03
3.99
4.03
4.01
4.01
3.96
3.95
4.0
3.98
4.0
3.99
3.9
3.95
3.95
3.93
3.93
4.03
4.03
4.02
3.98
3.95
3.9
3.9
3.86
3.86
3.83
3.82
3.8
3.87
3.87
3.89
3.91
3.93
3.97
3.91
3.94
3.99
3.93
3.85
3.95
3.9
3.85
3.88
3.86
3.8
3.78
3.78
3.75
3.75
3.79
3.8
3.8
3.82
3.8
3.8
3.82
3.84
3.81
3.8
3.81
3.83
3.83
3.84
3.8
3.82
3.83
3.77
3.87
3.9
3.86
3.89
3.77
3.85
3.86
3.81
4.11
4.15
4.16
4.19
4.32
4.1
4.28
4.15
4.17
4.13
4.08
4.13
4.15
4.1
4.09
4.1
4.1
4.1
4.06
4.04
4.03
4.05
4.0
4.0
4.08
4.01
4.05
4.09
4.1
4.02
3.99
3.99
3.98
4.0
4.02
4.04
3.99
4.04
3.99
3.99
3.94
3.99
3.96
4.0
3.99
4.02
4.0
3.97
4.0
4.0
4.01
4.0
4.01
3.97
4.01
4.08
4.04
4.04
4.01
4.01
4.0
4.01
4.04
4.02
4.02
4.03
4.04
4.01
4.14
4.07
4.07
4.05
4.06
4.07
4.08
4.08
3.96
4.01
4.08
4.05
4.06
4.05
4.02
4.03
4.03
4.15
4.15
4.07
4.1
4.1
4.05
4.05
4.01
4.06
4.03
4.03
4.03
4.04
4.04
4.01
4.01
4.0
4.02
4.02
4.03
4.0
4.0
4.0
4.06
4.0
4.0
3.99
4.01
3.99
4.01
4.0
4.01
3.97
3.97
3.96
4.0
4.0
3.97
4.01
4.0
4.0
3.92
3.87
3.9
3.94
4.0
4.01
4.04
4.04
4.0
4.04
4.06
4.05
4.09
4.1
4.05
4.0
4.0
3.97
3.95
4.05
4.0
4.0
4.0
4.0
3.92
3.9
3.9
3.9
3.9
3.9
3.74
3.88
3.9
3.91
3.9
3.9
3.99
3.95
3.99
3.96
3.96
3.94
3.96
3.87
3.89
3.9
3.87
3.88
3.89
3.89
4.0
4.0
4.0
3.95
3.99
3.94
4.7
4.4
4.4
4.5
4.48
4.36
4.22
4.5
4.31
4.36
4.4
4.39
4.3
4.04
4.16
4.76
5.4
5.05
5.12
5.4
5.24
5.33
5.48
6.36
6.4
6.0
6.05
6.2
5.98
6.0
5.74
5.34
5.4
5.77
6.2
6.06
6.45
6.41
6.4
6.49
7.07
7.01
6.94
7.0
6.59
6.32
7.15
6.99
6.62
6.39
5.83
6.09
5.77
5.8
6.0
5.83
5.9
5.75
5.93
5.96
5.94
5.82
5.62
8.0
7.14
7.0
7.05
7.34
6.76
7.25
7.1
7.3
7.3
6.9
7.0
7.06
6.93
7.04
7.11
6.82
6.98
6.78
6.98
6.51
6.3
6.05
5.99
7.01
6.89
7.2
6.61
6.67
6.69
6.67
6.74
6.77
6.25
6.37
6.32
6.4
6.25
5.93
5.85
6.0
6.01
6.01
6.0
5.95
6.0
5.93
6.06
6.03
6.08
6.1
6.15
6.13
6.0
6.0
6.3
6.77
6.25
6.31
6.23
6.16
6.01
5.94
6.02
6.03
6.17
6.16
6.18
6.15
6.18
6.18
6.17
6.18
6.13
6.08
6.17
6.2
6.18
6.14
6.14
6.21
6.25
6.16
6.2
6.37
6.35
6.46
6.42
6.39
6.3
6.35
6.38
6.48
6.2
6.23
6.21
6.2
6.4
6.3
6.22
6.29
6.15
6.26
6.16
5.99
6.0
6.01
6.18
6.14
6.0
5.96
5.95
5.7
5.74
5.45
5.7
5.64
5.3
5.28
5.39
5.28
5.22
5.16
5.24
5.25
5.25
5.25
5.27
5.25
5.29
5.23
5.2
5.25
5.21
5.3
5.24
5.21
5.2
5.19
5.14
5.21
5.15
5.14
5.21
5.2
5.13
5.12
5.2
5.15
5.08
5.04
5.06
5.05
5.11
5.13
5.01
5.05
5.11
5.05
5.08
5.1
5.09
5.29
5.23
5.15
5.17
5.2
5.14
5.15
5.19
5.13
5.09
5.08
5.14
5.16
5.13
5.12
5.12
5.13
5.14
5.1
5.14
5.06
5.02
5.0
5.0
5.06
5.11
5.12
5.0
4.96
4.98
4.9
4.9
4.93
4.97
4.97
4.98
4.97
4.92
4.99
4.94
4.9
4.9
4.87
4.97
4.96
4.98
4.89
4.7
4.73
4.69
4.6
4.73
4.76
4.73
4.63
4.46
4.45
4.48
4.38
4.38
4.3
4.38
4.47
4.45
4.32
4.3
4.35
4.34
4.42
4.39
4.82
4.76
4.79
4.82
4.92
4.81
4.81
4.79
4.83
4.88
4.83
4.86
4.83
5.22
5.0
4.93
4.96
4.83
4.7
4.6
4.55
4.54
4.7
4.71
4.69
4.58
4.64
4.56
4.57
4.57
4.57
4.48
4.5
4.5
4.5
4.48
4.47
4.45
4.52
4.49
4.66
4.6
4.53
4.51
4.51
4.58
4.54
4.53
4.51
4.57
4.55
4.59
4.59
4.56
4.5
4.54
4.57
4.53
4.5
4.41
4.44
4.47
4.48
4.46
4.45
4.45
4.47
4.45
4.44
4.47
4.43
4.33
4.42
4.39
4.38
4.39
4.37
4.36
4.36
4.4
4.67
4.52
4.56
4.62
4.56
4.69
4.57
4.5
4.48
4.5
4.55
4.51
4.59
4.58
4.58
4.58
4.78
4.88
4.79
4.84
4.89
4.92
4.8
4.81
4.72
4.82
4.78
4.77
4.83
4.77
4.7
4.7
4.98
4.87
4.84
4.88
4.81
4.84
4.74
4.79
4.89
4.88
4.98
4.9
5.3
5.12
5.18
5.15
5.24
5.11
5.19
5.22
5.18
5.1
5.05
4.98
5.18
5.02
5.1
5.1
5.03
5.0
5.08
5.09
5.06
5.21
5.17
5.1
5.24
5.12
5.07
5.12
4.99
5.11
5.05
5.0
5.1
5.12
5.0
5.04
5.01
5.05
5.12
5.09
5.1
5.2
5.13
5.03
5.07
5.04
5.1
5.09
5.06
5.05
5.18
5.08
5.09
5.05
5.1
5.1
5.1
5.15
5.0
5.02
5.08
5.01
5.07
5.09
5.18
5.19
5.2
5.25
5.17
5.14
5.15
5.11
5.05
5.13
5.05
5.05
5.1
5.1
5.1
5.18
5.15
5.16
5.34
6.31
6.92
7.1
7.22
7.5
8.82
9.25
10.31
10.98
11.65
11.4
11.56
9.2
9.31
9.1
8.56
9.17
8.79
8.8
8.85
9.31
8.9
8.8
9.15
9.1
8.82
8.69
8.6
8.57
8.45
8.3
8.57
8.44
8.4
8.41
8.46
8.43
8.5
8.33
8.2
7.93
7.92
8.07
7.87
7.75
7.67
7.5
7.66
7.59
7.49
7.18
7.19
6.89
6.8
6.9
6.96
6.98
6.95
7.03
8.42
8.2
8.0
7.92
8.61
8.27
8.03
8.21
7.91
8.1
8.32
8.03
7.92
7.67
7.7
7.59
7.74
7.77
7.9
7.72
7.74
7.84
7.75
7.77
7.7
7.78
7.79
7.8
7.77
7.72
7.87
7.79
8.0
8.0
7.97
7.95
8.01
7.91
8.08
8.03
7.96
8.06
7.94
7.94
7.84
7.95
7.84
8.0
7.88
7.99
7.98
7.92
8.13
9.77
9.49
9.6
8.77
8.86
9.5
9.02
8.71
8.85
8.84
8.95
8.99
9.2
8.81
8.82
8.8
8.75
8.8
8.69
8.63
8.61
8.44
8.19
7.96
8.03
7.9
8.03
8.18
7.97
7.9
7.95
7.68
7.55
7.59
7.65
7.5
7.41
7.49
7.51
7.43
7.3
7.37
7.64
7.68
7.7
7.39
7.42
7.72
7.52
7.57
7.82
7.76
7.69
7.73
7.66
7.58
7.69
7.57
7.62
7.55
7.42
7.42
7.51
7.4
7.73
7.7
7.61
7.45
7.46
7.54
7.44
7.46
7.54
7.45
7.3
7.38
7.31
7.28
7.24
7.25
7.27
7.27
7.21
7.19
7.21
7.19
7.0
7.01
6.91
7.53
7.38
7.25
7.21
7.17
7.22
7.19
7.09
7.16
6.9
6.88
6.83
6.85
6.95
6.85
6.89
6.87
6.94
6.8
6.82
6.91
7.14
6.95
6.86
6.8
6.9
6.8
6.85
6.89
6.78
6.86
6.81
6.9
6.95
6.93
6.87
6.87
6.85
6.81
6.61
6.62
6.79
6.86
7.36
7.0
7.1
7.08
7.07
7.03
7.07
7.02
7.23
7.23
7.15
7.11
7.01
6.99
6.97
6.9
6.9
6.8
6.79
6.84
6.83
6.77
6.84
6.78
6.8
6.88
6.81
6.8
6.85
6.8
6.8
6.79
6.79
6.79
6.71
6.7
6.6
6.75
6.8
6.75
6.8
6.75
6.82
6.8
6.61
6.93
6.97
7.04
7.06
6.9
6.85
6.89
6.9
6.93
6.9
6.75
6.72
6.79
6.81
6.85
6.81
6.9
6.98
6.94
7.0
7.0
6.94
6.9
6.78
6.85
6.99
6.86
6.9
6.9
6.91
6.88
6.94
6.81
6.85
7.11
7.1
7.14
7.1
7.06
7.03
7.03
7.05
7.15
7.2
7.16
7.25
7.21
7.3
7.36
7.4
7.35
7.44
7.46
7.58
7.48
7.46
7.43
7.45
7.46
7.4
7.37
7.3
7.31
7.23
7.22
7.24
7.27
7.24
7.29
7.21
7.06
7.06
7.04
7.0
7.08
7.01
7.08
7.08
7.13
7.14
7.12
7.12
7.07
7.04
7.1
7.06
7.06
7.04
7.11
7.07
7.19
7.07
7.14
7.08
7.6
7.42
7.55
7.53
7.44
7.35
7.23
7.38
7.24
7.32
7.21
7.18
7.16
7.24
7.3
7.16
7.2
7.28
7.29
7.49
7.3
7.31
7.37
7.17
7.16
7.2
7.25
7.34
7.26
7.28
7.28
7.16
7.2
7.18
7.23
7.27
7.17
7.27
7.15
7.1
7.14
7.08
7.08
7.1
7.12
7.12
7.15
7.1
7.13
7.19
7.9
7.51
7.68
7.58
7.68
7.72
7.47
7.59
7.41
7.55
7.4
7.51
7.4
7.49
7.41
7.47
7.31
7.31
7.42
7.31
7.31
7.26
7.35
7.37
7.39
7.35
7.32
7.27
7.25
7.29
7.3
7.3
7.26
7.32
7.25
7.2
7.19
7.17
7.25
7.3
7.18
7.13
7.17
7.12
7.14
7.1
7.13
7.13
7.22
7.2
7.2
7.05
7.05
7.1
7.0
7.1
7.15
7.1
7.1
7.07
7.14
7.06
7.22
7.15
7.09
7.12
7.09
7.08
7.0
6.98
7.03
7.03
7.05
7.0
6.98
7.05
7.08
7.42
7.35
7.3
7.19
7.16
7.21
7.15
7.19
7.45
7.41
7.33
7.33
7.54
7.47
7.39
7.62
7.74
7.8
7.66
7.72
7.68
7.68
7.65
7.62
7.74
7.62
7.6
7.37
7.39
7.35
7.41
7.36
7.33
7.38
7.54
7.6
7.51
7.51
7.46
7.48
7.57
7.47
7.72
7.54
7.51
7.45
7.51
7.28
7.35
7.4
7.35
7.35
7.35
7.41
7.35
7.34
7.34
7.33
7.4
7.36
7.5
7.44
7.5
7.4
7.48
7.49
7.4
7.45
7.35
7.29
7.5
7.55
7.65
7.56
7.57
7.53
7.55
7.5
7.62
7.67
8.18
7.89
7.82
7.82
7.95
7.8
7.8
7.75
7.77
7.8
7.75
7.75
7.75
7.71
7.74
7.75
7.88
7.67
7.69
7.85
7.95
7.83
7.82
7.77
7.82
7.77
7.83
7.77
7.78
7.8
7.6
7.6
7.56
7.47
7.53
7.5
7.49
7.73
7.47
7.48
7.49
7.53
7.51
7.47
7.57
7.47
7.46
7.39
7.37
7.5
7.55
7.43
7.37
7.4
7.48
7.5
7.5
7.5
7.55
7.45
7.5
7.45
7.4
7.39
7.36
7.4
7.4
7.5
7.69
7.54
7.59
7.57
7.63
7.51
7.51
7.48
7.44
7.44
7.41
7.46
7.4
7.56
7.52
7.6
7.52
7.57
7.57
7.54
7.54
7.45
7.56
7.53
7.46
7.41
7.52
7.5
7.41
7.43
7.57
7.5
7.5
7.5
7.46
7.4
7.4
7.38
7.5
7.48
7.49
7.46
7.43
7.38
7.49
7.4
7.36
7.39
7.44
7.45
7.41
7.42
7.43
7.4
7.39
7.36
7.4
7.4
7.4
7.39
7.41
7.43
7.4
7.33
7.4
7.4
7.4
7.4
7.34
7.39
7.4
7.4
7.37
7.36
7.38
7.4
7.39
7.42
7.5
7.54
7.55
7.54
7.52
7.53
7.46
7.62
7.5
7.52
7.6
7.56
7.57
7.56
7.5
7.5
7.48
7.46
7.48
7.4
7.4
7.4
7.4
7.48
7.45
7.42
7.43
7.37
7.42
7.42
7.45
7.49
7.48
7.38
7.45
7.39
7.38
7.35
7.3
7.38
7.26
7.3
7.38
7.4
7.41
7.44
7.36
7.36
7.4
7.3
7.33
7.46
7.36
7.4
7.5
7.4
7.39
7.35
7.35
7.37
7.37
7.34
7.46
7.48
7.5
7.61
7.55
7.55
7.6
7.6
7.61
7.61
7.61
7.59
7.58
7.54
7.68
7.6
7.6
7.6
7.67
7.57
7.57
7.57
7.68
7.61
7.6
7.6
7.56
7.56
7.6
7.57
7.57
7.6
7.55
7.6
7.6
7.58
7.56
7.58
7.61
7.58
7.61
7.56
7.61
7.58
7.58
7.58
7.58
7.6
7.57
7.58
7.55
7.55
7.6
7.56
7.59
7.56
7.58
7.58
7.62
7.62
7.62
7.68
7.64
7.61
7.7
7.66
7.62
7.6
7.68
7.73
7.61
7.61
7.61
7.6
7.71
7.6
7.7
7.82
7.89
7.9
7.84
7.8
8.01
8.0
8.41
8.33
8.41
9.1
8.6
8.76
8.63
8.48
9.0
9.09
9.2
9.0
8.64
8.51
8.64
8.6
8.5
8.57
8.65
9.04
8.4
8.1
8.14
7.96
8.01
8.14
8.1
7.84
7.8
7.88
7.7
7.67
7.63
7.67
7.7
7.71
7.74
7.72
7.8
7.76
7.8
7.82
7.8
7.8
7.85
7.81
7.8
7.85
7.81
7.8
7.88
7.93
7.91
7.9
8.13
8.02
8.0
8.08
8.01
8.0
8.0
8.05
8.13
8.14
8.0
8.0
8.07
7.99
8.0
8.12
8.06
8.09
8.1
8.0
8.0
8.03
8.06
8.06
8.0
7.98
8.1
8.1
8.0
8.09
8.0
7.99
7.95
7.96
7.99
7.95
7.96
7.96
8.04
8.08
7.88
7.91
7.94
7.89
7.88
7.86
7.92
7.88
7.87
7.92
7.96
7.89
7.84
7.85
7.93
8.01
7.94
7.9
7.97
7.93
8.0
8.0
8.02
8.0
8.0
8.0
8.06
7.99
8.0
8.07
8.09
8.13
8.05
8.14
8.09
8.24
8.2
8.04
8.05
8.03
8.03
8.25
8.06
8.07
8.06
8.1
8.05
8.05
8.06
8.11
8.16
8.17
8.12
8.18
8.13
8.05
8.04
8.02
8.14
8.15
8.06
8.04
8.08
8.03
8.03
8.09
7.99
8.0
8.0
8.02
8.02
8.02
8.0
7.98
8.04
8.02
7.95
7.95
7.95
8.06
8.06
8.08
8.11
8.05
8.03
8.03
8.06
8.01
8.07
8.0
8.05
8.04
8.14
8.04
8.01
7.95
7.94
7.95
7.98
7.92
7.98
7.9
7.91
7.91
7.98
7.92
7.99
7.98
8.02
8.0
7.98
7.95
7.91
7.96
7.96
7.99
7.88
7.79
7.88
7.9
7.9
7.78
7.86
8.0
7.98
7.97
7.98
7.87
7.85
7.83
7.79
7.79
7.86
7.8
7.81
7.77
7.9
7.92
7.9
7.9
7.89
7.9
7.9
7.9
7.91
7.89
7.89
7.89
7.85
7.85
7.9
7.91
7.91
7.91
7.91
7.57
7.55
7.55
7.59
7.58
7.59
7.6
7.5
7.64
7.67
7.61
7.63
7.7
7.6
7.6
7.6
7.66
7.69
7.52
7.59
7.59
7.66
7.62
7.62
7.58
7.58
7.58
7.57
7.57
7.62
7.55
7.55
7.55
7.5
7.5
7.46
7.55
7.52
7.52
7.53
7.6
7.64
7.67
7.54
7.58
7.55
7.6
7.5
7.54
7.48
7.45
7.48
7.45
7.43
7.4
7.41
7.41
7.4
7.4
7.41
7.42
7.41
7.42
7.41
7.41
7.41
7.44
7.4
7.41
7.41
7.4
7.38
7.41
7.4
7.42
7.42
7.4
7.41
7.36
7.36
7.32
7.31
7.36
7.33
7.25
7.35
7.35
7.31
7.35
7.36
7.38
7.71
7.6
7.64
7.61
7.6
7.55
7.55
7.55
7.66
7.6
7.67
7.66
7.67
7.65
7.6
8.28
7.81
7.91
8.2
8.11
7.88
8.0
7.86
7.93
7.94
7.76
7.7
7.63
7.61
7.67
7.53
7.56
7.6
7.6
7.49
7.56
7.5
7.52
7.52
7.51
7.49
7.49
7.52
7.82
7.6
7.66
7.66
7.69
7.71
7.6
7.49
7.53
7.66
7.64
7.6
7.6
7.68
7.65
7.8
7.79
7.77
7.98
7.83
7.81
7.82
7.81
7.75
7.75
7.73
7.75
7.68
7.68
7.65
7.65
7.68
7.65
7.63
7.62
7.52
7.64
7.55
7.54
7.53
7.52
7.51
7.45
7.45
7.52
7.52
7.5
7.42
7.49
7.41
7.5
7.51
7.51
7.48
7.47
7.46
7.46
7.5
7.5
7.52
7.52
7.52
7.53
7.53
7.63
7.7
7.62
7.55
7.64
7.58
7.54
7.54
7.6
7.6
7.56
7.56
7.54
7.55
7.56
7.56
7.56
7.56
7.57
7.56
7.56
7.54
7.54
7.55
7.52
7.47
7.49
7.5
7.4
7.48
7.5
7.48
7.5
7.45
7.45
7.5
7.5
7.46
7.49
7.5
7.48
7.47
7.49
7.4
7.47
7.44
7.47
7.44
7.48
7.5
7.46
7.49
7.46
7.49
7.5
7.46
7.48
7.41
7.4
7.4
7.5
7.47
7.4
7.4
7.32
7.39
7.37
7.4
7.41
7.42
7.4
7.41
7.35
7.4
7.5
7.49
7.37
7.47
7.47
7.39
7.43
7.49
7.5
7.45
7.5
7.45
7.48
7.45
7.48
7.64
7.62
7.54
7.67
7.55
7.53
7.55
7.53
7.5
7.58
7.55
7.47
7.52
7.55
7.51
7.55
7.65
7.65
7.6
7.63
7.77
7.59
7.62
7.69
7.6
7.62
7.68
7.75
7.72
7.66
7.8
7.8
7.8
7.67
7.7
7.69
7.65
7.64
7.73
7.64
7.53
7.58
7.58
7.48
7.54
7.54
7.58
7.5
7.51
7.5
7.6
7.6
7.47
7.51
7.47
7.49
7.47
7.49
7.51
7.47
7.6
7.6
7.47
7.57
7.58
7.58
7.6
7.6
7.56
7.56
7.58
7.55
7.52
7.53
7.52
7.54
7.54
7.49
7.46
7.47
7.47
7.5
7.47
7.47
7.49
7.5
7.47
7.5
7.47
7.64
7.65
8.47
8.07
8.36
8.17
7.93
7.73
8.06
7.89
7.73
7.7
7.78
7.83
7.71
7.7
7.76
7.58
7.47
7.47
7.65
7.52
7.52
7.55
7.53
7.53
7.47
7.45
7.47
7.49
7.48
7.49
7.53
7.53
7.55
7.62
7.63
7.52
7.51
7.52
7.51
7.53
7.51
7.52
7.58
7.58
7.9
7.84
7.83
7.7
7.58
7.61
7.65
7.6
7.6
7.74
7.74
7.64
7.6
7.57
7.5
7.61
7.63
7.5
7.59
7.54
7.66
7.64
7.56
7.6
7.55
7.52
7.57
7.57
7.63
7.64
7.61
7.64
7.81
7.94
7.94
7.94
7.82
7.82
7.9
7.86
7.93
7.95
8.05
8.04
8.03
8.07
8.05
8.23
8.16
8.21
8.07
8.04
8.3
8.68
8.48
8.41
8.49
8.5
8.4
8.86
8.97
9.7
9.6
9.63
9.57
9.7
10.74
9.95
10.25
10.0
9.49
9.25
9.28
9.87
9.73
9.5
9.72
9.37
9.56
9.37
9.24
9.02
9.2
8.99
9.1
8.98
8.77
8.88
8.63
9.02
8.75
8.63
8.88
8.8
8.75
8.8
8.94
8.98
9.21
9.27
9.22
9.2
9.12
9.13
9.21
9.28
9.27
9.13
9.54
9.69
9.5
9.59
9.46
9.48
9.95
9.91
10.03
9.88
9.77
9.61
9.59
9.7
9.88
9.71
9.58
9.71
9.74
9.63
9.57
9.53
9.5
9.51
9.49
9.5
9.51
9.51
9.48
9.0
9.35
9.27
9.35
9.42
9.5
9.48
9.34
9.3
9.24
9.27
9.24
9.21
9.27
9.39
9.32
9.32
9.38
9.38
9.4
9.4
9.44
9.3
9.37
9.31
9.38
9.36
9.3
9.26
9.3
9.21
9.33
9.33
9.3
9.26
9.26
9.2
9.21
9.21
9.21
9.23
8.9
8.89
8.9
8.9
8.99
8.87
8.96
8.93
8.78
8.86
8.61
8.44
8.6
8.52
8.55
8.53
8.52
8.56
8.55
8.35
8.68
8.83
8.82
8.88
8.8
8.88
8.87
8.9
9.28
9.24
9.2
9.24
9.07
9.17
9.04
8.94
8.83
8.88
8.89
8.91
8.92
8.92
8.9
8.93
8.85
8.9
8.87
8.85
8.87
8.87
9.0
9.06
8.9
8.75
8.81
8.82
9.0
9.01
8.97
9.13
9.09
9.11
9.07
8.92
9.1
9.1
9.05
9.05
9.14
9.16
9.15
9.16
9.16
9.17
9.14
9.15
9.13
9.1
9.12
9.13
9.14
9.14
9.1
9.16
9.17
9.22
9.58
9.55
9.6
9.6
9.58
9.52
9.44
9.53
9.53
9.62
9.59
9.58
9.47
9.54
9.59
9.51
9.59
9.62
9.56
9.59
9.7
9.77
9.7
9.66
9.67
9.68
9.82
9.99
9.98
9.8
9.69
9.81
9.83
9.7
9.52
9.49
9.52
9.52
9.53
9.49
9.41
9.46
9.34
9.47
9.4
9.35
9.39
9.28
9.12
9.32
9.33
9.39
9.44
9.4
9.31
9.3
9.3
9.2
9.21
9.33
9.31
9.34
9.32
9.39
9.33
9.33
9.37
9.43
9.37
9.34
9.32
9.3
9.18
9.25
9.22
9.33
9.37
9.3
9.34
9.31
9.27
9.33
9.27
9.25
9.45
9.51
9.49
9.45
9.53
9.33
9.4
9.29
9.35
9.27
9.3
9.48
9.46
9.41
9.41
9.39
9.41
9.45
9.45
9.4
9.4
9.55
9.6
10.2
9.99
10.11
10.45
10.06
10.2
10.2
10.2
10.18
10.1
10.1
10.35
10.44
10.1
10.3
10.38
10.16
10.25
10.29
10.2
10.21
10.25
10.3
10.15
10.19
10.1
10.1
10.17
10.05
10.1
10.19
10.15
10.17
10.01
10.21
10.21
10.23
10.28
10.24
10.2
10.21
10.12
10.17
10.22
10.15
10.1
10.1
10.24
10.2
10.2
10.28
10.26
10.5
10.5
10.51
11.9
12.0
11.48
10.88
11.05
11.15
11.22
11.78
11.64
11.58
11.47
11.2
11.18
11.15
11.2
11.33
11.25
11.24
11.54
11.3
11.38
11.44
11.26
11.55
11.56
11.47
11.62
11.9
11.8
12.0
11.88
12.2
13.07
13.0
13.05
13.11
13.18
13.2
13.3
13.49
12.88
12.93
12.72
12.8
12.92
13.0
13.15
13.01
13.21
12.75
12.73
13.05
13.08
13.05
12.99
12.99
13.09
13.2
13.05
13.04
13.14
13.2
12.9
12.72
12.78
12.86
12.9
12.67
12.8
12.74
12.84
12.84
12.56
12.87
12.52
12.5
12.84
12.5
12.3
12.35
12.3
12.3
12.16
12.1
12.1
12.3
12.48
12.58
12.34
12.23
12.08
12.07
12.1
12.25
12.08
11.7
11.9
11.73
11.69
11.81
11.71
11.66
11.78
11.78
11.4
11.43
11.61
11.5
11.49
11.5
11.5
11.58
11.55
11.28
11.21
11.23
11.23
11.12
11.13
11.11
10.93
10.83
10.66
10.67
10.68
10.57
10.66
10.7
10.65
10.51
10.5
10.55
10.54
10.55
10.57
10.6
10.67
10.72
10.75
10.75
10.73
10.75
10.57
10.65
10.53
10.49
10.44
10.48
10.5
10.37
10.2
10.1
10.0
10.1
10.23
10.1
10.0
10.19
10.3
10.53
10.45
10.11
10.17
10.94
11.0
11.18
10.45
10.37
10.51
10.8
10.6
10.7
10.51
10.5
10.91
10.6
10.59
10.5
10.59
10.52
10.5
10.66
10.75
10.68
10.56
10.6
10.44
10.5
10.5
10.5
10.47
10.75
10.55
10.61
10.63
10.45
10.44
10.41
10.3
10.3
10.42
10.36
10.41
10.4
10.4
10.61
10.5
10.43
10.7
10.61
10.37
10.37
10.38
10.22
10.32
10.49
10.52
10.32
10.37
10.23
10.14
10.01
10.14
9.91
9.84
9.56
9.49
9.65
9.53
9.5
9.4
9.81
9.83
9.99
10.0
9.83
9.9
9.9
9.78
9.87
9.77
9.9
9.99
9.9
9.85
9.95
9.82
9.81
9.95
9.94
9.77
10.0
10.0
9.98
10.0
9.9
9.9
10.0
10.0
10.0
9.97
10.0
9.86
9.92
10.0
10.0
10.25
10.33
10.0
10.0
10.0
10.0
9.91
9.99
9.99
10.0
9.99
9.86
9.85
9.84
9.98
9.99
9.99
9.9
9.9
9.9
9.99
9.99
9.8
9.98
9.8
9.8
9.8
9.69
9.77
9.78
9.82
9.6
9.72
9.77
9.76
9.69
9.62
9.71
9.67
9.66
9.65
9.66
9.57
10.39
9.67
9.52
9.43
9.58
9.43
9.26
9.06
9.21
9.12
9.31
9.3
9.32
9.13
9.34
9.4
9.34
9.32
9.34
9.36
9.16
9.4
9.4
9.38
9.47
9.64
9.57
9.74
9.73
9.73
9.75
9.75
9.59
9.57
9.74
9.88
9.8
9.75
9.83
9.71
9.69
9.67
9.62
9.75
9.6
9.6
9.75
9.62
9.7
9.55
9.67
9.65
9.59
9.65
9.6
9.95
10.04
9.77
9.8
9.85
9.88
9.87
9.73
9.81
9.8
9.68
9.68
9.68
9.67
9.75
9.4
9.45
9.35
9.42
9.42
9.35
9.43
9.49
9.49
9.48
9.78
9.6
9.79
9.7
9.62
9.78
9.69
10.0
9.86
9.84
9.74
9.73
9.7
9.61
9.65
9.61
9.57
9.51
9.5
9.44
9.63
9.49
9.27
9.11
9.26
9.28
9.3
9.21
9.31
9.25
9.1
9.22
9.24
9.2
9.11
9.11
9.23
9.22
9.39
9.39
9.28
9.22
9.15
9.07
9.1
9.03
9.01
9.0
9.1
8.86
8.54
8.81
8.9
8.93
8.93
8.93
8.9
9.0
9.15
9.14
9.05
9.05
9.02
9.23
9.19
9.2
9.2
9.2
9.27
9.39
9.29
9.19
9.2
9.7
9.78
9.69
9.69
9.7
9.7
9.7
9.7
9.75
9.71
9.74
9.8
9.65
9.65
10.38
10.5
10.36
10.29
10.51
10.51
10.31
10.25
10.29
10.5
10.47
10.23
10.14
10.0
9.85
9.85
9.85
9.95
9.92
9.91
9.87
9.96
9.95
9.9
9.77
9.35
9.45
9.63
9.68
9.5
9.46
9.54
9.58
9.67
9.59
9.46
9.44
9.41
9.35
9.17
9.27
9.24
9.16
9.05
9.05
9.0
9.05
8.95
8.93
9.01
9.05
9.0
9.08
9.01
9.2
9.27
9.08
9.23
9.16
9.24
9.28
9.5
9.45
9.5
9.5
9.5
9.15
9.4
9.4
9.4
9.4
9.26
9.37
9.3
9.2
9.03
9.06
9.12
9.06
9.1
9.14
9.17
9.16
9.06
8.99
9.1
9.14
9.15
9.1
9.11
9.1
9.17
9.18
9.23
9.22
9.3
9.3
9.1
9.07
9.07
9.05
9.07
9.0
9.0
9.0
8.97
9.09
9.09
9.09
9.09
9.16
9.2
9.2
9.2
9.2
9.22
9.25
9.25
9.58
9.58
9.58
9.25
9.25
9.25
9.26
9.26
9.3
9.3
9.2
9.23
9.12
9.12
9.12
9.09
9.06
9.03
9.09
9.22
9.25
9.24
9.15
9.12
9.2
9.25
9.03
9.33
9.45
9.45
9.33
9.35
9.33
9.2
9.33
9.27
9.14
9.07
9.18
9.26
9.08
9.18
9.07
9.13
9.1
9.1
9.44
9.4
8.98
9.1
9.03
9.15
9.05
9.13
9.17
9.18
9.55
9.26
9.2
9.19
9.27
9.2
9.05
9.05
9.04
9.05
9.05
9.05
9.04
8.92
9.02
8.78
8.9
8.78
8.9
8.76
8.87
9.1
9.1
9.1
9.1
9.09
9.09
9.15
9.05
9.1
9.1
9.2
9.1
9.2
9.23
9.1
9.1
9.1
9.15
9.06
9.08
9.1
9.1
9.1
9.14
9.15
9.24
9.3
9.23
9.28
9.21
9.3
9.15
9.3
9.3
9.29
9.3
9.33
9.25
9.19
9.2
9.17
9.18
9.16
9.14
9.25
9.45
9.21
9.25
9.16
9.28
9.18
9.29
9.19
9.16
9.15
9.32
9.3
9.15
9.15
9.15
9.25
9.16
9.2
9.15
9.3
9.35
9.4
9.32
9.3
9.23
9.4
9.4
9.28
9.21
9.29
9.37
9.15
9.38
9.37
9.23
9.27
9.29
9.3
9.3
9.3
9.3
9.3
9.25
9.25
9.2
9.29
9.2
9.28
9.28
9.29
9.39
9.39
9.42
9.47
9.44
9.39
9.43
9.65
9.68
10.14
10.09
9.95
9.88
10.0
9.66
9.66
9.67
9.73
9.73
9.77
9.67
9.67
9.67
9.67
9.56
9.56
9.66
9.68
9.57
9.58
9.41
9.36
9.16
9.16
9.27
9.33
9.25
9.16
9.25
9.4
9.47
9.47
9.4
9.37
9.48
9.54
9.36
9.33
9.38
9.36
9.35
9.36
9.37
9.48
9.45
9.44
9.28
9.43
9.46
9.44
9.58
9.5
9.35
9.48
9.42
9.45
9.58
9.45
9.49
9.43
9.42
9.4
9.34
9.33
9.4
9.36
9.31
9.32
9.33
9.32
9.21
9.39
9.29
9.29
9.36
9.39
9.39
9.24
9.31
9.29
9.3
9.47
9.58
9.49
9.7
9.62
9.7
9.72
9.77
9.54
9.54
9.37
9.32
9.36
9.35
9.41
9.4
9.41
9.5
9.5
9.5
9.4
9.5
9.64
9.65
9.72
9.74
9.77
9.7
9.62
9.63
9.47
9.71
9.71
9.71
9.71
9.5
9.42
9.45
9.4
9.35
9.32
9.35
9.36
9.36
9.36
9.33
9.33
9.2
9.2
9.28
9.28
9.29
9.28
9.29
9.29
9.22
9.25
9.41
9.46
9.44
9.35
9.35
9.32
9.26
9.25
9.21
9.3
9.3
9.31
9.3
9.3
9.3
9.14
9.37
9.19
9.22
9.31
9.38
9.38
9.59
9.48
9.45
9.48
9.43
9.44
9.36
9.38
9.31
9.47
9.26
9.21
9.35
9.29
9.4
9.51
9.49
9.5
9.53
9.5
9.54
9.54
9.53
9.4
9.5
9.41
9.3
9.41
9.3
9.3
9.29
9.3
9.26
9.2
9.25
9.15
9.24
9.23
9.23
9.38
9.4
9.42
9.33
9.4
9.34
9.38
9.38
9.38
9.33
9.32
9.2
9.27
9.3
9.32
9.38
9.38
9.63
9.56
9.89
9.4
9.5
9.49
9.63
9.46
9.5
9.49
9.5
9.36
9.42
9.42
9.63
9.39
9.4
9.57
9.54
9.59
9.67
9.55
9.5
9.54
9.5
9.47
9.43
9.4
9.37
9.34
9.32
9.32
9.35
9.39
9.35
9.36
9.45
9.44
9.42
9.35
9.35
9.39
9.31
9.31
9.3
9.3
9.29
9.34
9.34
9.24
9.2
9.2
9.23
9.2
9.24
9.24
9.33
9.23
9.33
9.35
9.46
9.3
9.31
9.23
9.4
9.44
9.4
9.4
9.34
9.37
9.3
9.34
9.32
9.3
9.33
9.33
9.32
9.31
9.33
9.28
9.31
9.24
9.35
9.29
9.28
9.22
9.28
9.23
9.31
9.31
9.37
9.3
9.3
9.33
9.28
9.25
9.25
9.25
9.23
9.22
9.22
9.21
9.3
9.26
9.24
9.33
9.25
9.25
9.24
9.34
9.22
9.25
9.31
9.23
9.3
9.3
9.3
9.27
9.34
9.34
9.35
9.36
9.35
9.32
9.33
9.31
9.25
9.24
9.2
9.2
9.2
9.2
9.2
9.19
9.2
9.2
9.2
9.3
9.26
9.28
9.27
9.27
9.26
9.25
9.27
9.41
9.27
9.26
9.26
9.28
9.26
9.25
9.25
9.3
9.26
9.25
9.22
9.26
9.26
9.26
9.2
9.3
9.24
9.21
9.24
9.26
9.29
9.41
9.41
9.32
9.36
9.35
9.32
9.34
9.26
9.26
9.2
9.2
9.24
9.29
9.29
9.28
9.28
9.28
9.22
9.27
9.21
9.23
9.34
9.31
9.34
9.35
9.35
9.32
9.38
9.27
9.25
9.36
9.38
9.35
9.28
9.27
9.35
9.38
9.32
9.21
9.3
9.28
9.26
9.25
9.25
9.38
9.35
9.36
9.46
9.38
9.36
9.28
9.3
9.39
9.35
9.3
9.3
9.3
9.22
9.27
9.3
9.3
9.26
9.26
9.26
9.25
9.3
9.3
9.3
9.3
9.3
9.3
9.29
9.27
9.28
9.29
9.22
9.2
9.25
9.2
9.25
9.3
9.31
9.33
9.42
9.44
9.37
9.36
9.4
9.46
9.46
9.32
9.4
9.35
9.4
9.44
9.44
9.37
9.54
9.69
9.76
9.82
10.2
10.36
10.33
10.39
10.4
10.26
10.21
10.31
10.28
10.29
10.27
10.26
10.27
10.28
10.17
10.1
10.15
9.93
9.85
10.0
10.07
10.01
9.98
10.18
10.0
10.1
10.05
10.24
10.49
10.42
10.32
10.4
10.39
10.39
10.3
10.32
10.32
10.34
10.3
10.2
10.06
9.82
9.98
10.01
10.06
10.05
10.25
10.29
10.38
10.37
10.42
10.52
10.45
10.49
10.53
10.42
10.33
10.37
10.4
10.33
10.33
10.33
10.5
10.33
10.52
10.53
10.53
10.46
10.5
10.4
10.33
10.3
10.3
10.42
10.39
10.45
10.43
10.43
10.44
10.45
10.42
10.3
10.3
10.3
10.3
10.33
10.31
10.26
10.27
10.34
10.27
10.29
10.34
10.3
10.3
10.3
10.3
10.36
10.37
10.36
10.3
10.3
10.23
10.29
10.25
10.28
10.21
10.2
10.2
10.2
10.26
10.3
10.25
10.21
10.2
10.09
10.2
10.2
10.45
10.32
10.36
10.29
10.2
10.37
10.4
10.21
10.45
10.56
10.36
10.49
10.32
10.32
10.23
10.45
10.5
10.5
10.36
10.5
10.2
10.2
10.2
10.23
10.24
10.25
10.24
10.29
10.31
10.29
10.29
10.34
10.34
10.35
10.36
10.41
10.3
10.18
10.23
10.29
10.23
10.17
10.16
10.24
10.2
10.2
10.29
10.19
10.15
10.15
10.32
10.19
10.13
10.15
10.12
10.1
10.14
10.15
10.19
10.2
10.13
10.05
10.05
10.03
10.21
10.1
10.08
10.15
10.1
10.02
10.1
10.2
10.19
9.95
10.0
10.13
10.0
9.96
9.75
9.86
9.85
9.76
9.8
9.72
9.72
9.81
9.72
9.78
9.68
9.75
9.87
9.68
9.82
9.83
9.73
9.88
9.73
9.68
9.64
9.73
9.67
9.73
9.79
9.73
9.62
9.75
9.83
9.89
9.93
9.93
9.95
9.97
9.8
9.82
9.87
9.89
9.8
9.8
9.82
9.79
9.89
9.9
9.91
9.7
9.93
9.94
9.99
9.87
9.8
9.93
9.84
9.92
9.92
9.8
9.8
9.79
9.8
9.82
9.69
9.77
9.8
9.81
9.84
9.93
9.9
9.99
9.8
9.94
9.84
9.97
10.0
10.0
10.0
9.97
9.99
9.98
9.97
10.05
9.9
9.97
9.9
9.88
9.97
9.85
9.98
9.97
9.86
9.87
10.13
10.18
10.19
10.19
10.19
10.18
10.15
10.08
10.14
10.14
10.08
10.17
10.25
10.23
10.2
10.15
10.15
10.15
10.15
10.15
10.08
10.15
10.15
10.15
10.16
10.2
10.2
10.2
10.2
10.21
10.1
10.45
10.27
10.2
10.2
10.32
10.33
10.2
10.2
10.35
10.24
10.24
10.15
10.14
10.19
10.14
10.14
10.14
10.08
10.18
10.08
10.3
10.21
10.2
10.32
10.3
10.2
10.2
10.19
10.2
10.3
10.21
10.2
10.19
10.19
10.24
10.24
10.2
10.2
10.2
10.2
10.05
10.06
10.05
10.07
10.05
10.05
10.05
10.05
9.99
9.82
9.91
9.85
9.75
9.63
9.63
9.65
9.83
9.83
9.83
9.83
9.71
9.87
9.68
9.71
9.79
9.5
9.48
9.54
9.42
9.41
9.48
9.61
9.57
9.45
9.44
9.3
9.31
9.26
9.29
9.32
9.34
9.4
9.33
9.33
9.31
9.39
9.33
9.36
9.48
9.34
9.49
9.49
9.33
9.5
9.56
9.35
9.49
9.52
9.56
9.6
9.35
9.31
9.42
9.4
9.39
9.33
9.4
9.44
9.49
9.49
9.48
9.37
9.87
9.75
9.82
9.62
9.79
9.8
9.72
9.7
9.78
9.62
9.7
9.7
9.7
9.61
9.7
9.7
9.65
9.65
9.6
9.6
9.6
9.51
9.59
9.6
9.6
9.59
9.6
9.58
9.6
9.58
9.46
9.59
9.47
9.47
9.46
9.46
9.41
9.5
9.49
9.43
9.5
9.52
9.51
9.5
9.49
9.4
9.45
9.49
9.5
9.49
9.48
9.45
9.48
9.42
9.48
9.48
9.48
9.47
9.4
9.45
9.45
9.44
9.48
9.48
9.48
9.41
9.4
9.44
9.46
9.34
9.4
9.33
9.3
9.37
9.4
9.4
9.39
9.33
9.44
9.38
9.37
9.37
9.4
9.39
9.37
9.39
9.4
9.3
9.3
9.34
9.33
9.35
9.29
9.25
9.29
9.26
9.25
9.29
9.3
9.28
9.29
9.31
9.29
9.44
9.43
9.43
9.34
9.28
9.3
9.26
9.3
9.3
9.4
9.31
9.38
9.38
9.25
9.37
9.29
9.28
9.28
9.35
9.34
9.27
9.3
9.3
9.35
9.44
9.53
9.43
9.5
9.43
9.42
9.45
9.47
9.48
9.42
9.42
9.39
9.42
9.3
9.39
9.36
9.29
9.35
9.29
9.27
9.35
9.37
9.26
9.37
9.37
9.37
9.39
9.28
9.27
9.3
9.3
9.32
9.26
9.31
9.31
9.31
9.31
9.24
9.25
8.96
8.67
8.8
8.82
8.88
8.78
9.0
9.0
8.9
8.85
8.9
9.02
9.08
9.2
9.23
9.02
9.1
9.1
9.03
9.03
9.07
9.08
9.22
9.09
9.22
9.03
9.14
9.03
9.05
9.2
9.1
9.2
9.2
9.1
9.18
9.16
9.06
8.93
9.07
9.08
8.97
9.01
9.01
8.98
9.03
9.11
9.21
9.1
9.22
9.33
9.35
9.25
9.24
9.2
9.24
9.35
9.35
9.33
9.35
9.17
9.33
9.44
9.42
9.41
9.22
9.34
9.34
9.17
9.29
9.29
9.29
9.3
9.33
9.24
9.26
9.33
9.22
9.22
9.21
9.34
9.33
9.23
9.1
9.14
9.26
9.14
9.22
9.14
9.08
9.14
9.08
9.06
9.02
9.02
9.03
9.12
9.24
9.03
9.15
9.11
9.21
9.2
9.02
9.17
9.15
9.18
9.09
9.18
8.99
9.14
9.1
9.1
9.1
9.02
9.14
9.15
9.0
9.08
9.12
9.1
8.98
8.98
8.97
9.04
8.97
9.0
9.07
9.07
9.0
9.03
9.02
9.08
9.0
9.05
9.03
9.0
9.0
9.0
9.0
9.04
9.12
9.02
9.1
9.13
9.13
9.14
9.03
9.1
9.02
9.1
9.01
9.06
9.08
9.02
9.08
9.12
9.02
9.02
9.09
9.09
9.0
9.12
9.08
9.12
9.06
9.05
9.04
9.05
9.08
9.09
9.07
9.04
9.1
9.02
9.02
9.0
9.0
9.0
9.01
9.05
9.08
9.01
9.05
9.04
9.07
9.07
9.07
9.06
9.02
9.02
9.0
9.05
9.05
9.18
9.12
9.23
9.08
9.06
9.05
9.04
9.08
9.04
9.03
9.04
9.09
9.04
9.02
9.08
9.13
9.13
9.08
9.08
9.0
9.0
9.08
9.05
9.06
9.08
9.0
9.06
9.05
9.05
9.05
9.05
9.05
9.05
9.04
9.1
9.1
9.15
9.15
9.2
9.2
9.22
9.14
9.15
9.1
9.1
9.25
9.4
9.5
9.6
9.75
9.67
9.66
9.65
9.8
9.8
9.83
10.05
10.07
9.8
10.13
10.15
10.17
10.1
10.1
10.4
10.48
10.6
10.69
10.7
10.78
11.03
11.0
11.01
11.26
11.25
11.15
11.1
11.17
11.16
11.3
11.38
11.31
11.73
11.52
11.5
11.58
11.55
11.71
12.0
12.01
12.23
12.23
12.17
12.22
12.26
12.2
12.48
12.51
12.59
12.6
12.5
12.53
12.7
12.75
13.13
13.26
13.3
13.12
13.2
13.1
13.1
13.34
13.3
13.89
13.71
13.3
13.28
13.3
13.28
13.28
13.28
13.3
13.45
13.35
13.0
13.0
13.0
13.04
13.0
13.0
13.03
12.99
12.82
12.8
12.93
12.82
12.83
12.82
12.82
12.9
12.98
12.98
12.81
13.0
12.8
12.9
12.9
12.47
12.45
12.64
12.47
12.63
12.49
12.5
12.41
12.33
12.29
12.37
12.12
11.85
11.57
11.46
11.51
11.44
11.4
11.14
10.73
10.65
10.66
10.67
10.67
10.6
10.49
10.35
10.43
10.89
10.98
11.03
11.0
11.13
10.96
10.83
10.73
10.73
10.66
10.79
10.67
10.66
10.51
10.5
10.63
10.43
10.47
10.47
10.47
10.5
10.5
10.45
10.44
10.48
10.33
10.23
10.4
10.28
10.37
10.58
10.46
10.46
10.58
10.68
10.74
10.4
10.45
10.54
10.53
10.52
10.54
10.53
10.37
10.38
10.5
10.49
10.34
10.36
10.47
10.47
10.34
10.34
10.46
10.34
10.26
10.32
10.26
10.16
10.21
10.36
10.16
10.23
10.07
10.07
10.23
10.08
10.22
10.23
10.08
10.1
10.18
10.2
10.18
10.2
10.3
10.19
10.19
10.29
10.13
10.11
10.24
10.08
10.21
10.08
10.08
10.08
10.18
10.17
10.16
10.11
10.15
10.15
10.2
10.08
10.07
10.12
10.2
10.2
10.08
10.08
10.07
10.07
10.17
10.14
10.12
10.07
10.07
10.07
10.05
10.03
10.02
10.0
10.03
10.0
9.9
9.87
9.97
9.87
10.0
9.89
9.87
10.0
9.86
9.99
9.81
10.0
9.88
9.88
10.04
9.99
10.07
9.99
9.9
9.9
9.9
9.98
9.96
10.0
10.08
10.0
10.12
10.03
10.1
10.09
9.99
9.99
10.09
10.0
10.0
10.09
10.09
10.09
10.09
10.09
10.08
10.1
10.07
10.08
10.04
10.08
10.04
9.97
10.04
9.99
9.97
9.99
10.0
9.84
10.0
10.0
10.0
10.0
9.96
9.94
9.94
9.99
9.97
10.08
10.09
10.09
9.94
9.9
9.86
9.86
9.93
9.95
9.8
9.9
9.89
9.9
9.89
9.86
9.88
9.83
9.93
9.84
9.81
9.92
9.83
9.83
10.0
9.95
9.86
10.07
10.0
9.89
9.92
9.8
9.91
9.83
9.98
10.04
9.93
10.07
10.08
10.09
9.85
9.83
10.01
9.83
9.99
9.97
9.93
9.86
9.9
9.83
9.83
9.83
9.83
9.83
9.83
9.83
9.99
9.99
9.99
10.0
9.98
9.89
9.98
9.98
9.96
9.99
9.9
9.9
9.98
9.98
10.0
9.96
10.0
10.0
9.98
10.0
10.0
9.95
9.95
9.95
9.93
9.9
10.0
10.0
9.95
9.99
10.0
9.99
9.98
9.88
9.98
9.96
9.85
9.9
9.85
9.95
9.95
9.86
10.01
10.01
10.01
9.93
9.93
10.04
9.97
10.18
10.1
10.1
10.11
10.1
10.11
10.14
10.24
10.1
10.11
10.03
10.06
10.13
10.05
10.13
9.95
10.04
10.04
9.96
9.98
10.49
10.35
10.36
10.43
10.35
10.32
10.27
10.23
10.3
10.18
10.12
10.11
10.1
10.09
10.06
10.11
10.06
10.11
10.09
10.07
10.05
10.04
10.05
10.12
10.2
10.43
10.23
10.31
10.32
10.31
10.27
10.12
9.97
9.99
10.06
10.16
10.05
10.0
10.15
9.98
10.13
10.12
10.0
10.0
10.14
10.14
10.0
9.99
9.89
9.91
9.88
10.1
10.1
9.95
10.1
10.0
10.0
10.0
9.89
9.8
9.8
9.8
9.75
9.8
9.8
9.91
9.88
9.9
9.9
9.95
9.95
9.95
9.83
9.95
10.0
9.99
9.87
9.9
9.9
9.83
9.9
9.9
9.91
10.0
9.9
9.9
9.9
10.03
9.9
9.89
9.84
9.84
9.81
9.77
9.81
9.8
9.9
9.9
9.9
9.81
9.79
9.8
9.72
9.78
9.79
9.8
9.77
9.77
9.77
9.8
9.8
9.8
9.8
9.75
9.79
9.8
9.8
9.8
9.8
10.0
10.0
9.82
9.79
9.79
9.84
9.78
9.85
9.84
9.85
9.9
9.79
9.85
9.85
9.85
9.8
9.85
9.85
9.85
9.85
9.85
9.9
9.77
9.81
9.8
9.82
9.83
9.8
9.8
9.75
9.8
9.8
9.76
9.6
9.7
9.73
9.71
9.8
9.73
9.8
9.7
9.8
9.8
9.8
9.7
9.62
9.74
9.74
9.7
9.65
9.74
9.77
9.74
9.8
9.71
9.8
9.8
9.79
9.75
9.8
9.68
9.79
9.72
9.79
9.8
9.8
9.8
9.72
9.78
9.8
9.8
9.79
9.67
9.8
9.8
9.8
9.7
9.79
9.76
9.73
9.79
9.8
9.7
9.63
9.75
9.61
9.59
9.55
9.56
9.77
9.79
9.8
9.8
9.8
9.79
9.66
9.66
9.75
9.75
9.7
9.75
9.65
9.65
9.56
9.64
9.65
9.5
9.6
9.65
9.41
9.45
9.55
9.58
9.52
9.48
9.6
9.6
9.6
9.5
9.42
9.4
9.28
9.46
9.3
9.3
9.31
9.25
9.26
9.2
9.2
9.2
9.19
9.37
9.32
9.28
9.39
9.35
9.36
9.44
9.56
9.56
9.5
9.6
9.78
9.61
9.79
9.58
9.59
9.74
9.63
9.75
9.67
9.95
9.97
9.93
10.07
9.97
9.86
9.88
9.8
9.6
9.6
9.63
9.87
9.64
9.64
9.66
9.87
9.95
9.9
9.86
9.97
9.83
9.81
9.9
9.97
9.62
9.77
9.78
9.66
9.78
9.74
9.76
9.76
9.78
9.67
9.77
9.7
9.7
9.78
9.89
9.85
9.67
9.88
9.88
9.7
9.7
9.65
9.7
9.7
9.7
9.63
9.73
9.75
9.66
9.75
9.75
9.7
9.7
9.75
9.65
9.7
9.69
9.7
9.65
9.64
9.65
9.65
9.69
9.7
9.7
9.65
9.7
9.6
9.57
9.58
9.58
9.56
9.65
9.65
9.65
9.65
9.74
9.7
9.7
9.69
9.65
9.65
9.56
9.6
9.48
9.3
9.46
9.46
9.46
9.48
9.5
9.5
9.45
9.4
9.41
9.58
9.36
9.55
9.5
9.59
9.5
9.7
9.64
9.56
9.53
9.65
9.51
9.6
9.6
9.7
9.59
9.62
9.8
9.96
9.92
9.92
9.87
9.84
9.94
10.14
9.83
9.98
9.83
9.84
9.95
9.94
9.83
10.0
9.77
9.99
9.84
9.97
9.8
9.98
9.95
9.94
9.9
9.98
9.76
9.75
9.91
9.89
9.9
9.89
9.94
9.98
10.03
9.95
10.0
10.0
9.95
10.0
9.95
10.13
9.92
10.1
9.94
10.09
10.1
9.99
10.04
10.02
9.91
9.89
10.0
9.89
9.89
9.9
9.9
9.94
9.85
9.99
10.05
10.12
10.14
10.13
10.07
10.02
10.01
9.91
9.9
9.9
9.9
9.9
9.9
9.9
9.9
9.96
9.95
9.95
9.9
9.9
9.9
9.9
9.88
9.85
9.85
9.9
9.9
9.83
9.9
9.9
9.85
9.85
9.95
9.85
9.89
9.88
9.92
9.92
9.92
9.82
9.95
9.9
9.9
9.9
9.85
9.8
9.89
9.9
9.71
9.9
9.9
9.85
9.85
9.9
9.85
9.85
9.8
9.85
9.85
9.75
9.81
9.68
9.81
9.74
9.83
9.86
9.85
9.8
9.8
9.8
9.8
9.8
9.85
9.8
9.78
9.77
9.76
9.66
9.75
9.75
9.8
9.7
9.74
9.75
9.8
9.7
9.67
9.7
9.6
9.69
9.67
9.67
9.7
9.65
9.65
9.65
9.65
9.65
9.78
9.65
9.62
9.64
9.69
9.63
9.68
9.71
9.71
9.71
9.66
9.65
9.65
9.65
9.68
9.68
9.69
9.63
9.69
9.62
9.65
9.64
9.64
9.66
9.6
9.73
9.58
9.55
9.61
9.53
9.61
9.56
9.6
9.61
9.62
9.56
9.56
9.62
9.59
9.53
9.5
9.51
9.5
9.54
9.55
9.46
9.55
9.45
9.45
9.48
9.45
9.45
9.54
9.54
9.43
9.43
9.52
9.55
9.52
9.38
9.45
9.35
9.44
9.44
9.45
9.45
9.45
9.44
9.4
9.4
9.44
9.38
9.43
9.42
9.39
9.42
9.42
9.44
9.45
9.38
9.39
9.46
9.47
9.4
9.42
9.47
9.5
9.52
9.5
9.5
9.44
9.44
9.49
9.43
9.48
9.52
9.5
9.48
9.47
9.42
9.43
9.48
9.49
9.45
9.52
9.53
9.52
9.53
9.53
9.5
9.51
9.56
9.55
9.5
9.52
9.55
9.54
9.51
9.53
9.55
9.64
9.57
9.5
9.6
9.55
9.57
9.53
9.59
9.53
9.5
9.51
9.57
9.54
9.5
9.56
9.53
9.5
9.52
9.53
9.53
9.55
9.55
9.5
9.52
9.53
9.47
9.5
9.54
9.51
9.5
9.52
9.58
9.52
9.54
9.55
9.54
9.58
9.55
9.64
9.61
9.61
9.61
9.63
9.64
9.56
9.68
9.75
9.78
9.64
9.56
9.63
9.55
9.6
9.57
9.6
9.57
9.58
9.59
9.6
9.64
9.65
9.74
9.74
9.69
9.65
9.64
9.65
9.69
9.62
9.6
9.64
9.64
9.64
9.65
9.65
9.7
9.65
9.65
9.65
9.69
9.65
9.65
9.65
9.73
9.73
9.7
9.53
9.65
9.69
9.65
9.64
9.65
9.7
9.7
9.65
9.66
9.7
9.61
9.64
9.65
9.64
9.61
9.66
9.66
9.61
9.62
9.6
9.58
9.57
9.63
9.6
9.6
9.66
9.69
9.6
9.58
9.64
9.63
9.6
9.64
9.59
9.61
9.62
9.62
9.57
9.8
9.63
9.69
9.74
9.75
9.68
9.63
9.77
9.75
9.75
9.65
9.74
9.67
9.65
9.7
9.7
9.66
9.64
9.7
9.72
9.73
9.75
9.66
9.65
9.71
9.72
9.65
9.66
9.79
9.66
9.66
9.66
9.66
9.66
9.66
9.63
9.63
9.66
9.73
9.65
9.73
9.65
9.7
9.65
9.72
9.71
9.78
9.67
9.74
9.65
9.64
9.73
9.7
9.7
9.7
9.72
9.72
9.73
9.73
9.73
9.8
9.76
9.8
9.8
9.81
9.81
9.76
9.81
9.79
9.83
9.83
9.85
9.85
9.75
9.76
9.8
9.8
9.85
9.88
9.85
9.91
9.87
9.88
9.88
9.88
9.89
9.86
9.99
9.94
9.9
9.86
9.86
9.87
9.93
9.93
9.91
9.96
9.97
9.9
9.9
9.9
9.94
9.94
9.92
9.97
9.9
9.9
9.83
9.83
9.83
9.89
9.86
9.71
9.84
9.75
9.82
9.75
9.67
9.65
9.71
9.6
9.6
9.69
9.58
9.5
9.49
9.44
9.44
9.42
9.4
9.41
9.44
9.39
9.39
9.44
9.4
9.28
9.3
9.3
9.29
9.23
9.37
9.3
9.3
9.3
9.3
9.29
9.28
9.34
9.2
9.18
9.16
9.27
9.27
9.2
9.18
9.16
9.15
9.21
9.16
9.16
9.2
9.22
9.15
9.17
9.18
9.18
9.14
9.22
9.22
9.33
9.2
9.32
9.15
9.21
9.21
9.23
9.2
9.24
9.28
9.22
9.16
9.25
9.24
9.24
9.24
9.18
9.25
9.26
9.26
9.26
9.25
9.27
9.27
9.31
9.34
9.3
9.3
9.29
9.3
9.3
9.26
9.26
9.29
9.29
9.26
9.25
9.25
9.29
9.29
9.28
9.2
9.26
9.27
9.27
9.34
9.27
9.27
9.3
9.3
9.27
9.27
9.39
9.27
9.27
9.39
9.29
9.25
9.39
9.3
9.27
9.26
9.35
9.27
9.28
9.3
9.27
9.28
9.27
9.33
9.2
9.25
9.22
9.3
9.32
9.33
9.33
9.34
9.34
9.3
9.3
9.3
9.34
9.3
9.3
9.3
9.27
9.27
9.28
9.34
9.33
9.3
9.43
9.3
9.37
9.33
9.43
9.39
9.33
9.41
9.44
9.49
9.52
9.38
9.38
9.5
9.49
9.5
9.49
9.36
9.38
9.34
9.4
9.33
9.31
9.43
9.41
9.41
9.4
9.44
9.4
9.41
9.4
9.41
9.4
9.4
9.41
9.41
9.53
9.33
9.4
9.4
9.4
9.43
9.43
9.41
9.4
9.45
9.47
9.45
9.47
9.45
9.45
9.43
9.43
9.4
9.43
9.43
9.4
9.44
9.4
9.36
9.39
9.36
9.47
9.4
9.46
9.36
9.4
9.36
9.35
9.45
9.45
9.4
9.4
9.5
9.5
9.4
9.5
9.5
9.4
9.41
9.55
9.46
9.5
9.47
9.55
9.5
9.5
9.56
9.56
9.49
9.55
9.49
9.55
9.56
9.5
9.55
9.55
9.5
9.5
9.55
9.56
9.47
9.54
9.5
9.5
9.5
9.56
9.56
9.51
9.55
9.46
9.56
9.5
9.5
9.51
9.53
9.5
9.54
9.51
9.57
9.65
9.68
9.68
9.68
9.68
9.58
9.58
9.56
9.6
9.58
9.65
9.51
9.64
9.6
9.6
9.59
9.6
9.6
9.68
9.63
9.65
9.65
9.69
9.69
9.65
9.7
9.76
9.74
9.74
9.78
9.78
9.78
9.8
9.8
9.86
9.77
9.85
9.84
9.84
9.86
9.86
9.85
9.86
9.87
9.82
9.87
9.88
9.87
9.87
9.82
9.85
9.85
9.88
9.88
9.88
9.87
9.88
9.87
9.87
9.85
9.87
9.85
9.84
9.71
9.79
9.76
9.79
9.79
9.83
9.7
9.79
9.75
9.71
9.73
9.75
9.75
9.81
9.85
9.87
9.87
9.81
9.72
9.8
9.72
9.72
9.69
9.72
9.71
9.71
9.7
9.71
9.7
9.7
9.69
9.68
9.68
9.68
9.7
9.7
9.62
9.68
9.62
9.77
9.77
9.77
9.82
9.8
9.96
9.81
9.83
9.91
9.3
9.81
9.81
9.88
9.92
9.81
9.83
9.81
9.85
9.82
9.85
9.9
9.98
9.9
9.92
9.98
9.82
9.82
9.99
9.99
9.96
9.99
9.99
9.89
9.98
9.94
9.86
9.91
9.98
9.99
9.9
9.96
9.6
9.65
9.71
9.78
9.64
9.69
9.73
9.7
9.71
9.7
9.7
9.68
9.68
9.65
9.7
9.69
9.7
9.78
9.7
9.7
9.7
9.7
9.7
9.7
9.7
9.7
9.62
9.62
9.73
9.61
9.68
9.68
9.62
9.62
9.7
9.64
9.7
9.6
9.7
9.59
9.6
9.58
9.65
9.7
9.66
9.68
9.68
9.66
9.83
9.69
9.64
9.46
9.54
9.55
9.53
9.53
9.53
9.44
9.52
9.54
9.54
9.53
9.46
9.46
9.52
9.57
9.61
9.56
9.56
9.54
9.55
9.5
9.47
9.4
9.5
9.43
9.4
9.4
9.35
9.43
9.45
9.43
9.42
9.4
9.44
9.37
9.4
9.56
9.56
9.5
9.47
9.43
9.49
9.54
9.49
9.38
9.38
9.4
9.46
9.48
9.4
9.41
9.45
9.45
9.41
9.45
9.4
9.4
9.4
9.49
9.44
9.44
9.49
9.44
9.44
9.32
9.39
9.39
9.35
9.36
9.36
9.39
9.35
9.39
9.39
9.55
9.36
9.3
9.3
9.35
9.37
9.31
9.33
9.41
9.35
9.35
9.45
9.46
9.4
9.31
9.31
9.3
9.3
9.38
9.38
9.38
9.34
9.34
9.34
9.37
9.38
9.39
9.46
9.46
9.52
9.47
9.4
9.45
9.45
9.38
9.38
9.33
9.4
9.4
9.44
9.43
9.45
9.4
9.39
9.44
9.42
9.43
9.39
9.46
9.4
9.39
9.46
9.46
9.46
9.38
9.44
9.45
9.45
9.45
9.45
9.39
9.35
9.45
9.45
9.38
9.45
9.4
9.4
9.4
9.4
9.42
9.41
9.36
9.45
9.45
9.49
9.44
9.43
9.41
9.5
9.4
9.44
9.45
9.4
9.4
9.4
9.45
9.45
9.5
9.49
9.48
9.5
9.48
9.46
9.46
9.46
9.44
9.48
9.4
9.4
9.45
9.47
9.5
9.47
9.5
9.57
9.53
9.5
9.48
9.48
9.47
9.45
9.43
9.44
9.47
9.42
9.47
9.43
9.48
9.44
9.4
9.44
9.5
9.45
9.47
9.48
9.49
9.49
9.49
9.42
9.4
9.42
9.48
9.5
9.46
9.47
9.5
9.5
9.5
9.5
9.45
9.38
9.44
9.39
9.44
9.44
9.45
9.45
9.45
9.45
9.49
9.45
9.47
9.42
9.46
9.39
9.4
9.4
9.39
9.4
9.37
9.45
9.4
9.39
9.4
9.4
9.4
9.31
9.4
9.4
9.35
9.4
9.44
9.4
9.39
9.39
9.41
9.42
9.42
9.4
9.39
9.4
9.35
9.4
9.36
9.4
9.4
9.4
9.35
9.4
9.4
9.4
9.36
9.36
9.34
9.38
9.38
9.34
9.41
9.37
9.4
9.4
9.37
9.4
9.36
9.43
9.38
9.43
9.4
9.4
9.4
9.4
9.4
9.42
9.39
9.4
9.4
9.4
9.4
9.39
9.4
9.4
9.4
9.4
9.36
9.45
9.4
9.43
9.39
9.39
9.39
9.4
9.4
9.4
9.4
9.4
9.4
9.36
9.3
9.32
9.38
9.38
9.37
9.38
9.38
9.38
9.34
9.3
9.31
9.31
9.31
9.3
9.3
9.27
9.3
9.3
9.3
9.3
9.3
9.3
9.3
9.3
9.3
9.3
9.37
9.38
9.3
9.34
9.35
9.35
9.37
9.3
9.3
9.3
9.32
9.35
9.29
9.3
9.32
9.32
9.29
9.3
9.31
9.26
9.3
9.26
9.31
9.27
9.26
9.25
9.26
9.3
9.26
9.32
9.32
9.26
9.31
9.31
9.26
9.3
9.31
9.31
9.31
9.32
9.28
9.3
9.29
9.3
9.3
9.3
9.28
9.25
9.22
9.26
9.27
9.28
9.27
9.32
9.28
9.26
9.28
9.29
9.34
9.36
9.36
9.4
9.34
9.33
9.33
9.36
9.4
9.4
9.4
9.39
9.4
9.35
9.26
9.33
9.35
9.38
9.34
9.4
9.38
9.4
9.35
9.4
9.4
9.38
9.34
9.39
9.37
9.35
9.31
9.35
9.4
9.4
9.4
9.36
9.37
9.36
9.36
9.4
9.4
9.39
9.39
9.35
9.35
9.35
9.38
9.36
9.36
9.4
9.4
9.4
9.35
9.31
9.38
9.4
9.38
9.4
9.35
9.4
9.4
9.39
9.43
9.43
9.46
9.36
9.39
9.4
9.4
9.39
9.37
9.39
9.35
9.35
9.36
9.35
9.35
9.31
9.34
9.31
9.31
9.38
9.4
9.35
9.35
9.4
9.38
9.4
9.39
9.37
9.31
9.33
9.32
9.35
9.35
9.35
9.37
9.34
9.36
9.38
9.37
9.38
9.37
9.39
9.4
9.4
9.37
9.39
9.3
9.35
9.31
9.32
9.33
9.32
9.38
9.31
9.34
9.34
9.36
9.33
9.33
9.31
9.29
9.32
9.33
9.29
9.32
9.36
9.34
9.35
9.3
9.34
9.31
9.33
9.31
9.33
9.31
9.25
9.27
9.29
9.33
9.33
9.32
9.27
9.3
9.3
9.29
9.32
9.31
9.29
9.31
9.32
9.34
9.34
9.33
9.34
9.31
9.32
9.32
9.3
9.32
9.33
9.32
9.29
9.26
9.31
9.31
9.3
9.2
9.25
9.25
9.25
9.26
9.29
9.29
9.27
9.4
9.55
9.56
9.57
9.57
9.59
9.67
9.7
9.66
9.64
9.63
9.55
9.55
9.57
9.51
9.57
9.55
9.58
9.58
9.59
9.55
9.54
9.63
9.59
9.57
9.57
9.59
9.58
9.68
9.65
9.57
9.56
9.5
9.41
9.43
9.45
9.42
9.49
9.48
9.39
9.35
9.41
9.53
9.47
9.51
9.43
9.59
9.65
9.68
9.59
9.74
9.7
9.75
9.72
9.68
9.6
9.64
9.62
9.65
9.61
9.6
9.66
9.79
9.76
9.85
9.92
9.93
9.81
9.65
9.6
9.6
9.57
9.57
9.53
9.6
9.51
9.54
9.57
9.53
9.45
9.49
9.56
9.5
9.54
9.5
9.56
9.5
9.49
9.53
9.49
9.53
9.57
9.58
9.55
9.56
9.55
9.53
9.58
9.65
9.6
9.6
9.61
9.6
9.6
9.6
9.5
9.5
9.55
9.6
9.65
9.6
9.59
9.6
9.62
9.74
9.75
9.73
9.7
9.7
9.65
9.6
9.6
9.6
9.6
9.6
9.64
9.64
9.6
9.6
9.6
9.6
9.6
9.6
9.58
9.6
9.6
9.6
9.6
9.6
9.77
9.65
9.82
9.6
9.6
9.6
9.7
9.64
9.64
9.55
9.6
9.6
9.65
9.7
9.6
9.63
9.64
9.68
9.64
9.6
9.6
9.66
9.61
9.65
9.65
9.8
9.85
9.8
9.78
9.75
9.9
9.91
9.91
9.9
9.82
9.85
9.92
9.93
9.93
9.95
10.01
10.9
10.9
10.9
10.86
10.81
10.92
10.89
11.27
11.34
11.6
11.4
11.27
11.1
10.77
10.78
10.82
10.78
10.81
10.91
10.97
10.88
10.85
10.79
10.83
10.79
10.83
10.73
10.84
10.78
10.88
10.84
10.91
10.87
10.87
10.7
10.72
10.71
10.89
10.7
10.59
10.68
10.74
10.65
10.75
10.7
11.1
10.9
11.02
11.1
11.11
11.14
11.08
11.15
11.05
11.04
11.41
11.55
11.33
11.38
11.3
11.45
11.45
11.4
11.48
11.6
11.39
11.32
11.39
11.39
11.32
11.44
11.37
11.37
11.43
11.65
11.44
11.4
11.4
11.38
11.36
11.38
11.31
11.16
11.15
11.25
11.18
11.22
11.31
11.23
11.18
11.29
11.24
11.34
11.3
11.26
11.24
11.22
11.17
11.19
11.23
11.19
11.22
11.31
11.3
11.24
11.22
11.27
11.15
11.31
11.28
11.26
11.15
11.28
11.2
11.2
11.27
11.3
11.21
11.27
11.3
11.28
11.26
11.26
11.3
11.31
11.26
11.26
11.17
11.21
11.28
11.27
11.22
11.39
11.39
11.32
11.3
11.31
11.37
11.72
11.8
12.21
12.29
12.34
12.37
12.39
12.33
12.45
12.49
12.87
12.62
12.36
12.3
12.42
12.35
12.36
12.41
12.52
12.52
12.39
12.45
12.42
12.37
12.44
12.44
12.4
12.32
12.43
12.42
12.29
12.29
12.39
12.32
12.25
12.27
12.29
12.19
12.02
12.0
12.13
12.1
12.2
12.2
12.1
12.17
12.21
12.15
12.42
12.4
12.4
12.38
12.2
12.25
12.37
12.34
12.33
12.54
12.48
12.49
12.5
12.32
12.5
12.38
12.45
12.45
13.27
13.26
13.41
13.44
13.3
13.3
13.29
13.3
13.6
13.67
13.52
13.62
13.52
13.57
13.46
13.4
13.5
13.53
13.53
13.43
13.41
13.31
13.19
13.29
13.15
13.2
13.34
13.31
13.4
13.43
13.4
13.43
13.38
13.3
13.37
13.38
13.37
13.3
13.4
13.34
13.37
13.35
13.39
13.25
13.25
13.39
13.31
12.51
12.19
12.12
12.18
12.22
12.32
12.32
12.25
12.23
12.12
12.28
12.18
12.28
12.21
12.21
12.1
12.07
12.1
12.07
12.18
12.2
12.0
11.79
11.86
11.8
11.83
11.84
11.72
11.63
11.76
11.74
11.47
11.54
11.47
11.47
11.47
11.44
11.53
11.59
11.53
11.53
11.66
11.73
11.75
11.68
11.71
11.72
11.81
11.93
11.98
11.81
11.75
11.79
11.79
11.87
12.25
12.2
12.2
12.15
12.26
12.45
12.55
12.72
12.64
12.72
12.8
12.7
12.82
12.88
13.09
13.32
13.33
13.32
13.2
13.2
13.16
13.07
13.16
13.2
13.49
13.29
13.16
12.95
13.39
13.35
13.32
13.23
13.32
13.32
13.3
13.37
13.24
13.25
13.17
13.2
13.24
13.21
13.15
13.13
13.13
13.13
13.11
13.1
13.03
13.11
13.08
13.2
13.05
13.18
13.12
13.0
13.06
13.08
13.06
13.04
13.06
13.1
13.12
13.1
13.08
13.12
13.08
13.1
13.1
13.1
13.11
12.98
13.01
13.12
13.07
13.16
13.09
13.1
13.06
13.08
13.08
13.09
13.15
13.13
13.14
13.14
13.12
13.1
13.13
13.15
13.2
13.03
13.11
13.12
13.09
13.1
13.2
13.08
13.14
13.13
13.2
13.17
13.13
13.1
13.09
13.0
12.99
12.98
13.05
13.05
13.04
13.02
13.05
13.01
12.96
13.0
12.93
12.9
12.97
12.9
12.9
12.99
13.01
12.89
12.97
13.04
12.98
13.01
13.15
13.03
13.07
13.1
13.15
13.16
13.0
13.08
12.96
13.04
13.03
12.99
13.01
13.0
13.08
13.1
13.1
13.09
13.26
13.29
13.3
13.23
13.32
13.3
13.29
13.28
13.37
13.24
13.19
13.27
13.24
13.22
13.22
13.15
13.14
13.2
13.24
13.2
13.19
13.11
13.17
13.18
13.15
13.19
13.18
13.41
13.35
13.5
13.76
14.05
13.93
14.01
14.19
14.4
14.59
14.58
14.31
14.45
14.24
14.28
14.26
14.28
14.18
14.4
14.68
14.25
14.4
14.44
14.41
14.33
14.36
14.32
14.21
14.12
14.4
14.27
14.24
14.21
14.31
14.38
14.45
14.36
14.33
14.35
14.45
14.31
14.27
14.38
14.29
14.39
14.34
14.39
14.39
14.4
14.31
14.33
14.4
14.36
14.57
14.55
14.51
14.46
14.56
14.48
14.58
14.57
14.56
14.52
14.4
14.54
14.73
14.84
15.1
14.96
15.05
15.06
14.91
15.08
15.13
15.6
15.58
15.7
15.61
15.85
15.88
15.74
15.59
15.65
15.42
15.4
15.35
15.34
15.43
15.44
15.01
15.12
15.22
15.48
15.57
15.59
15.37
15.34
15.4
15.45
15.54
15.5
15.46
15.37
15.39
15.36
15.45
15.47
15.37
15.43
15.46
15.5
15.4
15.28
15.3
15.37
15.14
15.26
15.3
15.2
15.36
15.59
15.5
15.46
15.6
15.49
15.33
15.41
15.53
15.49
15.6
15.64
15.8
15.73
15.74
15.73
15.8
15.79
15.71
15.69
15.62
15.69
15.69
15.66
15.8
15.75
15.62
15.58
15.78
15.9
15.9
15.96
16.0
16.02
16.35
16.48
16.34
16.4
16.42
16.6
16.7
16.7
16.77
16.75
16.76
16.6
16.57
16.62
16.8
16.2
16.46
16.45
16.41
16.39
16.26
16.19
16.23
16.3
16.57
16.38
16.5
16.43
16.43
16.43
16.4
15.52
15.75
15.6
15.22
14.9
14.67
14.15
14.4
14.76
14.6
14.55
14.55
14.08
14.36
14.77
14.94
15.06
15.13
14.96
14.37
14.59
14.69
14.62
15.09
15.04
14.95
14.88
14.76
14.76
14.76
14.8
15.06
15.35
15.08
15.01
15.2
15.25
15.25
15.17
15.37
15.09
15.18
15.14
15.0
15.11
14.77
14.87
15.0
15.24
15.39
15.27
15.35
15.25
15.29
15.16
15.04
15.02
14.9
14.83
14.81
14.79
13.26
14.32
14.38
14.37
14.4
14.52
14.46
14.6
14.92
14.5
14.82
14.82
14.83
14.9
14.92
14.92
14.79
14.73
14.2
14.01
13.78
13.63
13.67
13.3
13.4
13.52
13.05
13.02
13.0
13.05
13.01
13.02
13.0
13.08
13.6
13.41
13.4
13.4
13.56
13.14
13.04
13.09
12.89
12.67
12.61
12.57
12.65
13.03
12.69
12.52
12.52
12.64
12.55
12.65
12.5
12.81
13.07
13.07
12.95
12.89
12.8
12.89
12.61
12.61
12.7
12.75
12.63
12.52
12.77
12.68
12.77
12.7
12.7
12.69
12.66
12.5
13.08
12.82
12.99
12.82
12.77
12.7
12.46
12.75
12.77
12.76
12.61
12.76
12.58
12.65
12.63
12.67
12.8
12.88
13.22
13.65
13.6
13.76
13.6
13.78
13.62
13.54
13.53
13.65
13.83
14.07
13.96
14.06
13.79
13.72
13.83
13.83
13.84
13.89
14.41
14.25
14.41
14.29
14.22
14.48
14.62
14.53
14.53
14.83
14.78
14.72
14.65
14.7
14.71
15.12
15.12
15.09
15.62
15.82
15.86
15.66
15.56
15.64
15.61
15.7
15.7
15.89
15.89
15.9
15.67
15.71
15.78
15.82
15.79
15.71
16.09
17.15
17.75
17.56
18.41
18.12
17.92
17.59
17.6
17.98
18.3
17.3
17.5
17.55
17.33
17.05
17.49
17.34
17.44
17.35
17.03
17.15
17.03
17.07
17.05
17.03
17.05
17.06
17.1
17.2
17.02
17.01
16.92
16.93
16.9
16.83
16.86
16.86
16.94
17.2
17.18
17.05
17.16
17.13
17.2
17.1
17.09
17.0
17.05
17.11
17.3
17.21
17.16
17.16
17.2
17.2
17.15
17.15
17.29
17.67
17.6
17.58
17.55
17.64
17.68
17.74
17.91
17.89
18.03
17.98
18.13
18.17
18.12
18.08
18.29
18.24
18.5
18.85
19.82
20.3
20.9
20.6
20.41
20.4
20.85
20.79
21.0
21.42
22.22
22.25
22.1
22.17
22.29
22.44
22.81
24.82
25.0
25.01
23.35
24.0
23.76
23.43
23.16
23.01
22.8
23.11
22.84
23.09
23.95
24.07
23.75
23.8
23.98
23.9
23.64
23.38
23.5
23.03
23.21
23.17
23.24
23.12
23.14
23.11
23.12
23.11
23.0
23.07
22.9
22.87
22.62
22.18
22.45
22.15
22.48
22.49
22.7
22.0
24.49
23.88
22.91
23.07
22.95
22.9
23.04
23.35
23.44
24.3
23.32
23.57
23.47
23.4
23.29
23.34
23.41
23.43
23.5
23.7
23.14
23.49
23.22
23.28
23.23
23.27
23.22
23.27
23.31
23.12
23.18
23.14
23.07
23.06
23.08
23.23
23.07
23.0
22.61
22.52
22.65
22.5
22.66
22.64
22.4
22.5
22.68
22.34
22.38
22.4
22.22
22.33
22.35
22.31
22.4
22.38
22.4
22.24
22.06
21.99
22.0
21.2
21.21
21.45
21.47
21.52
21.4
21.33
21.52
21.53
21.4
21.4
21.37
21.38
21.3
21.47
21.8
21.57
21.66
21.63
21.67
21.61
21.55
21.59
21.53
21.29
21.29
21.37
21.43
21.6
21.7
21.71
21.8
21.81
21.97
22.5
22.51
22.58
22.51
22.61
22.8
23.0
22.89
22.97
23.35
23.24
23.09
23.25
23.3
23.66
23.46
23.34
23.38
23.67
23.88
24.12
24.37
24.35
24.23
24.2
24.33
24.35
24.83
23.43
23.48
23.64
23.69
23.68
23.88
23.98
24.12
23.75
23.8
23.7
23.62
23.54
23.54
23.71
23.74
23.84
23.9
23.61
23.76
23.76
23.72
23.88
23.9
23.86
24.35
24.24
24.14
24.2
24.12
24.25
24.31
24.39
24.49
24.17
24.19
24.57
24.43
24.61
24.65
24.62
24.63
24.28
24.23
24.1
24.02
24.0
23.32
23.64
23.69
23.69
23.68
23.75
23.76
23.74
23.8
23.93
23.99
24.1
24.0
23.88
23.88
23.55
23.6
23.67
23.53
23.69
23.73
23.62
23.6
23.58
23.53
23.52
23.63
23.47
23.71
23.79
23.8
23.8
23.82
23.84
23.82
23.84
23.76
24.59
24.45
24.5
24.4
24.2
24.24
24.18
24.29
24.34
24.34
24.5
24.5
24.55
24.44
24.4
24.4
24.34
24.13
24.17
24.1
24.1
24.15
24.19
24.18
24.12
24.0
24.1
24.07
24.13
24.0
24.5
24.49
24.4
24.4
24.46
24.38
24.4
24.4
24.4
24.4
24.36
24.29
24.33
24.36
24.41
24.47
24.46
24.29
24.36
24.3
24.3
24.26
24.29
24.3
24.35
24.39
24.3
24.3
24.47
24.44
24.25
24.39
24.36
24.35
24.24
24.2
24.26
24.07
24.3
24.29
24.34
24.3
24.28
24.33
24.35
24.26
24.27
24.33
24.3
24.31
24.34
24.38
24.31
24.27
24.27
24.2
24.07
24.14
24.22
24.29
24.13
24.07
23.56
23.82
23.49
23.51
23.38
23.21
23.38
23.57
23.58
23.34
23.29
23.48
24.35
24.38
24.22
24.3
24.51
24.38
24.39
24.54
24.36
24.54
24.59
24.46
24.47
24.42
24.45
24.45
24.42
24.3
24.59
24.32
24.6
24.64
24.53
24.44
24.49
24.45
24.4
24.41
24.02
24.23
24.28
24.24
24.24
24.3
24.28
23.96
23.89
24.51
24.71
24.66
24.7
24.67
24.65
24.65
24.29
24.46
25.0
24.88
24.73
24.65
24.76
24.84
24.74
24.79
24.74
24.89
24.86
24.75
24.77
24.9
25.2
25.12
25.64
25.7
25.26
25.49
25.99
25.74
25.83
25.77
25.73
25.7
25.8
25.9
25.9
26.0
26.6
26.24
26.62
26.7
26.78
26.9
26.85
26.8
26.42
26.61
26.82
26.78
26.79
26.63
26.64
26.58
26.72
26.65
26.65
25.39
26.04
26.13
26.44
26.34
26.25
26.04
25.92
25.79
25.7
25.7
26.19
26.15
26.05
26.0
26.0
26.16
26.17
25.64
25.6
25.61
25.52
24.9
24.93
24.85
24.79
24.63
24.7
24.62
24.57
24.8
24.5
24.44
24.35
23.91
24.4
24.1
24.11
24.2
24.59
24.58
23.7
24.08
24.11
23.99
23.99
24.0
24.0
23.88
24.15
24.56
24.09
24.23
24.05
24.22
24.17
24.16
24.1
24.21
24.2
24.59
24.66
25.44
25.45
25.21
25.32
25.5
25.4
25.48
25.84
25.72
25.72
25.65
25.65
25.62
25.63
25.9
25.69
26.0
26.01
25.82
25.97
25.92
26.08
26.15
26.21
26.25
26.5
26.31
26.49
26.62
26.54
26.42
26.01
26.1
26.0
26.0
26.58
26.5
26.56
26.41
26.37
26.43
26.38
26.45
26.45
26.54
26.68
26.45
26.6
26.63
26.65
26.58
26.54
26.38
26.01
25.9
25.6
25.53
25.71
25.7
25.64
25.73
25.7
26.24
26.3
26.27
26.25
26.25
26.28
26.27
26.26
26.34
26.62
26.5
26.59
26.56
26.51
26.44
26.45
26.6
26.58
26.55
26.5
26.54
26.47
26.39
26.24
26.33
26.4
26.38
26.42
26.49
26.49
26.5
26.52
26.45
26.49
26.53
26.67
26.6
26.66
26.72
26.64
26.6
26.65
26.74
26.73
26.65
26.62
26.93
26.78
26.79
26.69
26.99
27.15
27.2
27.45
27.57
27.81
27.82
30.6
31.11
31.5
30.98
30.58
30.18
30.2
30.6
30.9
31.49
32.6
32.69
32.85
32.71
33.33
32.97
33.51
33.6
33.4
35.5
36.79
36.8
36.75
36.45
36.59
37.3
37.96
39.46
38.9
39.67
37.27
38.06
37.83
37.0
37.03
37.59
37.4
38.32
39.0
39.32
39.53
39.8
39.76
39.63
40.1
40.19
40.09
40.0
39.42
38.69
38.79
38.9
38.95
38.76
38.82
38.9
38.84
37.7
37.48
39.58
39.75
39.45
39.79
39.51
39.3
39.38
38.95
39.02
39.2
39.97
38.72
39.33
39.19
38.98
38.99
38.53
38.55
39.01
38.79
38.22
37.85
37.5
37.55
37.2
37.3
37.3
37.5
38.4
39.66
38.75
39.17
39.08
39.04
38.72
39.0
39.31
39.31
41.0
41.21
42.95
43.15
44.0
43.71
44.14
45.28
48.41
47.68
47.19
46.8
53.5
53.89
53.62
53.7
52.3
53.0
52.54
50.49
50.55
50.7
52.56
52.67
52.7
52.53
52.97
53.54
53.29
52.99
53.3
52.07
49.84
48.24
49.09
49.1
48.12
47.31
47.51
48.2
47.67
45.66
47.91
48.09
48.85
48.56
48.27
48.55
48.6
48.99
48.79
47.88
48.83
48.3
48.48
48.5
48.38
48.5
48.2
48.3
48.2
47.52
48.34
48.39
48.18
48.29
48.3
47.78
47.1
47.66
47.26
47.98
49.9
49.56
49.59
49.46
49.7
49.77
49.6
49.3
49.7
50.0
50.42
50.19
50.81
50.67
49.91
50.61
50.26
49.86
49.98
49.28
49.3
49.02
49.13
49.2
49.38
49.5
49.02
48.75
47.78
47.7
47.82
48.0
47.34
47.55
47.78
47.75
48.81
48.3
48.11
47.55
47.56
47.71
47.28
47.43
47.0
47.08
47.16
47.8
47.69
47.87
47.86
47.7
47.72
47.59
47.5
47.5
47.05
46.73
47.0
47.01
47.17
47.09
46.93
46.81
46.6
46.5
45.5
45.2
44.96
44.62
44.8
44.79
45.67
45.7
46.09
46.25
47.27
47.24
46.99
46.53
46.76
46.92
46.58
46.06
46.05
46.31
47.53
47.89
47.96
48.11
48.1
48.12
48.22
48.11
47.88
48.01
48.0
47.92
48.1
48.12
47.9
47.78
47.72
47.61
47.32
48.07
47.7
46.98
47.46
48.16
48.01
48.27
48.05
48.0
47.75
46.77
47.05
47.02
47.18
46.95
46.93
46.72
46.34
46.65
46.15
46.22
46.28
46.06
46.01
45.86
46.11
46.01
45.54
45.28
45.36
45.33
45.06
45.1
44.79
44.36
44.65
44.8
43.97
44.97
45.13
45.49
45.47
45.44
45.41
45.24
45.43
45.3
45.55
45.3
45.06
44.57
43.71
43.23
43.25
43.51
43.6
43.81
41.66
42.2
42.3
42.35
42.15
42.44
42.99
42.96
42.8
43.13
42.88
43.25
43.1
43.0
42.99
43.31
43.9
43.18
43.25
43.28
42.91
43.16
43.89
43.84
43.4
43.2
43.09
42.89
43.1
43.28
43.2
43.36
43.22
43.2
43.32
43.4
43.35
43.3
43.38
44.4
44.02
43.95
44.09
44.08
44.05
43.75
43.89
43.84
43.96
43.81
44.95
44.88
44.86
44.97
44.99
44.88
45.0
45.01
45.18
44.0
44.47
44.77
44.73
44.77
44.5
44.34
44.25
44.33
44.54
44.69
44.54
44.62
44.5
44.5
44.46
44.42
44.58
44.33
44.37
42.84
42.67
42.63
42.87
42.89
42.87
42.68
42.64
42.32
42.3
41.77
41.79
41.65
41.81
41.2
40.92
41.18
41.18
41.2
41.0
40.27
40.59
40.91
40.92
40.95
40.95
40.87
40.72
41.01
41.21
40.82
40.43
40.48
40.63
40.59
40.84
40.74
41.0
42.8
42.05
42.3
41.9
41.65
41.63
42.0
41.66
41.9
41.88
41.3
41.35
41.4
41.36
41.65
42.04
42.57
41.8
42.42
42.5
42.72
42.73
43.0
43.17
42.98
43.19
43.15
42.88
43.12
43.6
42.58
42.65
42.8
42.16
42.14
42.17
42.26
42.18
42.18
42.5
42.8
42.67
42.37
42.39
42.57
42.76
42.38
42.44
42.48
43.1
42.9
42.94
42.84
42.35
42.76
42.5
42.37
42.53
42.53
42.27
42.24
42.56
42.43
42.55
42.55
42.71
42.75
42.76
42.48
42.29
42.4
42.46
42.45
42.37
42.37
42.43
42.3
42.5
42.49
42.38
42.33
41.91
42.0
41.89
41.6
41.49
41.3
41.59
41.57
41.52
41.53
41.4
41.3
41.32
41.39
41.31
42.0
42.0
41.74
42.0
41.88
41.98
42.13
42.45
42.34
42.07
42.34
42.32
42.22
42.43
42.46
42.49
42.3
42.2
42.8
42.43
42.51
42.6
42.67
42.74
42.56
41.89
42.66
42.66
42.69
43.0
43.25
43.05
43.0
43.28
43.37
43.39
43.24
42.9
42.5
42.58
42.5
42.61
42.58
42.75
42.46
42.58
43.59
43.79
43.54
43.51
43.45
43.16
43.38
43.4
43.6
45.17
45.74
45.32
44.73
44.51
45.04
44.8
44.93
45.0
45.2
45.35
45.55
45.46
45.55
45.47
45.37
45.09
44.73
45.47
45.11
45.0
44.9
45.14
44.95
45.09
45.02
45.44
45.21
44.9
45.43
45.3
45.12
45.1
45.22
45.05
45.01
44.91
44.61
44.64
44.55
44.59
44.56
44.79
44.63
44.57
44.54
44.06
45.02
44.7
44.6
44.74
44.7
44.77
44.8
44.71
44.6
44.58
43.3
44.37
44.65
44.74
44.75
44.99
43.5
43.73
43.78
43.74
43.05
42.3
42.57
42.53
42.45
42.5
42.03
41.92
41.88
41.9
41.86
41.89
41.79
41.45
41.32
41.44
41.68
41.7
41.72
41.76
41.75
41.74
41.73
41.72
41.68
41.37
41.44
42.3
42.37
42.39
42.43
43.07
43.32
43.0
43.34
42.5
43.27
43.24
43.3
43.23
43.27
43.23
43.29
43.25
43.28
43.47
43.87
43.31
43.6
43.64
43.65
43.65
43.79
43.79
43.88
44.42
44.38
44.39
44.4
44.5
44.48
44.41
43.88
43.98
44.3
44.45
45.01
44.63
45.4
44.95
43.84
43.03
43.28
43.22
43.55
43.96
43.9
43.65
43.69
43.68
43.68
43.68
43.68
43.72
43.8
44.0
43.95
43.9
43.9
43.98
43.89
43.8
43.79
43.9
43.61
44.0
43.99
44.0
44.0
44.0
43.9
43.95
44.12
44.05
44.05
44.21
44.48
44.42
44.6
44.5
44.54
44.59
44.55
44.6
44.69
45.42
45.44
45.34
45.42
45.35
45.09
45.17
45.33
45.25
45.48
45.6
45.64
45.74
45.76
45.59
45.65
45.84
46.0
45.99
46.78
47.08
46.79
46.98
46.94
47.54
47.53
47.4
47.77
47.69
48.9
48.32
48.23
48.25
48.37
48.73
48.89
48.66
48.21
48.5
48.63
48.66
49.25
49.19
49.1
49.11
49.01
49.2
49.4
50.44
51.56
51.37
51.3
51.22
51.0
51.19
51.0
51.09
49.92
50.4
48.45
48.14
48.47
49.08
48.43
48.41
48.45
48.49
48.5
48.84
49.88
49.7
49.0
49.18
49.09
48.93
49.0
49.75
49.06
49.3
49.79
49.87
49.9
49.83
49.8
49.87
49.8
49.82
49.8
47.25
46.96
46.89
47.12
47.02
47.01
47.1
46.91
46.85
46.78
46.69
45.9
46.42
46.01
45.75
45.85
45.74
45.67
45.33
45.04
45.03
45.33
45.4
46.24
46.49
47.08
47.25
47.33
47.16
47.1
47.55
47.03
47.45
47.05
47.54
48.06
47.96
47.83
47.73
47.94
47.95
48.48
48.2
48.34
48.08
48.02
47.91
47.43
47.26
47.51
46.9
47.05
46.79
46.65
46.45
46.44
46.49
46.56
46.56
46.59
46.31
46.07
45.99
45.79
45.61
45.58
45.56
46.04
46.71
46.9
46.96
46.54
46.8
46.82
46.5
46.37
46.5
46.5
46.3
46.3
46.6
46.78
46.57
46.38
46.25
46.47
46.47
46.02
46.17
45.51
46.74
46.54
46.38
46.52
46.33
46.25
46.12
46.64
46.5
46.41
46.07
46.08
46.14
46.0
45.92
45.4
45.95
45.54
45.4
45.9
45.76
45.8
45.8
45.74
45.68
45.79
45.51
46.05
46.35
46.4
46.26
46.33
46.24
46.05
46.17
46.14
46.1
46.26
46.37
46.51
46.4
46.29
46.26
46.3
46.46
46.69
46.11
46.97
47.3
47.28
47.83
47.65
47.73
47.85
48.07
48.11
47.6
47.6
47.59
47.56
47.48
47.4
47.52
47.49
46.7
48.03
47.74
47.87
47.61
46.53
46.87
46.66
46.57
46.73
46.89
46.31
47.15
47.05
47.01
47.25
47.38
47.52
47.49
47.4
47.14
47.33
47.35
47.2
47.01
46.9
47.21
47.19
47.12
47.09
47.04
46.79
47.05
46.99
46.92
46.72
46.72
46.67
46.59
46.51
46.7
46.76
46.69
46.58
46.51
46.4
46.41
46.5
46.45
46.42
47.0
46.55
46.3
46.2
46.19
45.81
45.63
45.44
45.31
45.46
45.5
45.55
45.9
46.0
45.8
45.83
45.94
45.93
45.69
45.51
45.7
45.71
45.61
45.61
45.68
45.65
45.57
45.62
45.6
45.5
46.03
46.05
45.97
46.01
46.01
46.05
46.09
46.39
46.24
46.1
45.7
45.88
46.03
46.06
46.64
46.99
47.92
46.91
46.96
47.38
47.16
46.99
47.08
47.02
47.07
46.88
46.81
46.9
46.71
46.91
46.87
46.78
46.37
46.55
46.46
46.47
46.33
46.25
46.21
46.43
46.22
46.15
45.93
46.35
46.15
46.08
46.0
46.0
46.23
46.33
46.31
46.14
46.1
46.07
46.07
46.1
46.11
45.96
46.0
46.14
46.16
45.92
45.96
45.95
45.98
46.19
46.09
46.19
46.0
46.04
45.99
45.9
45.86
45.9
45.85
45.83
45.84
45.86
45.85
45.63
45.59
45.22
45.33
45.33
45.33
45.31
45.21
45.39
45.74
44.6
44.77
44.48
44.71
44.71
44.82
44.92
44.99
44.96
45.25
45.24
45.17
45.05
45.13
45.14
45.02
45.12
45.0
45.0
45.08
45.1
45.25
45.46
45.23
45.25
45.34
45.37
46.0
45.51
45.17
45.21
45.3
45.37
45.42
45.21
45.22
45.01
45.42
45.68
45.59
45.39
45.39
45.33
45.27
45.22
44.96
44.96
44.34
44.06
44.4
44.57
44.6
44.54
44.4
44.47
44.42
43.92
43.94
43.84
43.82
43.89
43.92
43.84
43.83
43.79
43.66
43.7
43.62
43.6
43.52
43.4
43.63
43.65
43.69
43.42
43.55
43.53
43.42
43.37
43.55
43.5
44.08
43.99
44.3
44.0
43.5
43.79
43.77
43.8
44.17
44.57
44.17
43.83
44.1
44.91
46.2
46.99
47.43
46.12
46.41
46.55
46.5
46.11
46.12
46.47
46.45
46.01
45.61
45.1
45.48
45.55
45.69
45.6
46.47
49.0
49.14
49.28
48.71
48.67
48.46
48.59
48.41
48.41
48.98
46.91
47.32
46.85
46.76
46.79
46.76
46.74
46.73
46.79
47.4
46.65
45.9
46.18
46.08
46.2
46.12
45.49
45.63
45.47
46.0
45.6
45.57
45.89
46.0
45.7
45.74
45.75
45.75
45.85
45.99
45.64
45.2
45.3
45.24
45.38
45.37
45.39
45.16
45.19
45.23
44.75
44.75
45.1
44.91
45.09
45.0
45.2
45.07
44.81
44.75
44.9
44.77
44.77
44.93
44.96
44.98
44.8
44.68
44.6
44.9
44.55
44.44
44.44
44.4
44.42
44.44
44.4
44.39
44.37
45.03
44.95
45.04
44.91
45.1
45.15
45.27
45.37
45.3
45.4
45.55
45.7
45.65
45.67
45.67
45.59
45.6
45.17
45.2
45.06
45.29
45.24
45.09
45.04
45.02
44.81
44.64
44.6
44.85
44.95
44.78
44.7
44.68
44.63
44.43
44.4
44.2
43.85
44.0
44.38
44.7
44.43
44.35
44.39
44.54
44.44
44.5
44.56
44.6
44.48
44.5
44.62
44.68
44.67
44.59
44.67
44.71
44.74
44.44
44.68
44.6
44.63
44.6
44.64
44.68
44.6
44.07
44.28
44.44
44.5
44.46
44.47
44.49
44.35
44.39
44.35
44.4
44.32
43.86
44.07
44.03
44.05
44.07
44.06
44.2
44.09
43.8
43.8
43.82
43.82
44.0
43.96
43.74
43.71
43.74
43.57
43.98
44.13
43.92
43.75
44.05
43.95
43.94
43.91
43.91
43.87
43.87
43.79
43.61
43.61
43.6
43.76
43.71
43.55
43.6
43.55
43.81
43.77
43.8
43.86
43.73
43.81
43.7
43.75
43.62
44.4
43.57
43.46
43.44
43.45
43.49
43.46
43.58
43.52
43.0
43.12
42.56
42.15
42.25
42.57
42.8
42.83
42.57
42.69
42.55
42.41
42.7
42.64
42.43
42.34
42.8
42.73
43.08
43.5
43.51
43.45
43.32
43.3
43.35
43.37
43.34
43.34
43.49
43.41
43.33
43.37
43.47
43.62
43.59
43.5
43.5
43.43
43.43
43.49
43.15
43.07
43.01
43.09
43.14
42.94
42.8
42.89
42.81
43.65
43.54
43.5
43.51
43.35
43.14
43.08
43.13
43.07
43.15
43.34
43.35
43.32
43.58
43.7
43.18
43.03
43.12
43.2
42.91
43.01
43.09
43.12
43.05
43.02
43.05
42.9
43.0
42.9
43.36
43.38
43.4
43.46
43.45
43.39
43.39
43.36
43.36
43.7
43.21
43.35
43.6
43.7
43.69
43.99
44.0
44.0
45.9
44.9
44.67
44.93
44.92
44.8
44.87
44.91
44.99
44.94
44.94
45.04
44.17
44.08
43.96
44.03
44.25
44.33
44.14
44.08
44.02
44.44
43.99
43.9
44.0
44.0
44.0
44.03
43.88
43.76
43.73
43.76
43.73
43.66
43.63
43.67
43.32
43.3
43.2
43.39
43.26
43.31
43.42
43.29
43.26
43.27
43.21
43.35
43.1
43.25
43.32
43.44
43.45
43.54
43.64
43.57
43.51
43.47
43.47
43.37
43.39
43.2
43.19
43.2
43.05
43.13
42.89
42.94
42.92
43.21
43.02
42.99
43.03
43.15
43.2
43.1
43.16
43.35
43.56
43.5
43.67
43.69
43.56
43.41
43.5
43.36
43.4
43.63
43.79
43.57
43.75
43.55
43.69
43.72
43.7
43.7
43.78
43.84
43.62
43.79
43.63
43.71
43.69
43.61
43.52
43.55
43.56
43.83
43.81
43.68
43.66
43.78
43.86
43.85
43.78
43.72
44.0
44.0
43.87
43.82
43.79
43.85
43.75
43.86
43.85
43.94
43.86
43.78
43.77
43.65
43.58
43.65
43.67
43.82
43.75
43.79
43.78
43.72
43.86
43.88
43.83
43.81
43.73
43.6
43.44
43.59
43.61
43.6
43.49
43.37
43.82
43.79
43.81
43.98
44.32
44.27
43.52
43.75
43.8
43.88
43.94
44.0
44.8
44.73
44.62
44.82
45.09
45.12
45.01
45.01
45.01
44.86
44.86
44.91
44.61
44.62
44.62
44.56
44.48
44.52
44.63
45.0
44.89
44.55
44.44
44.46
44.66
44.75
44.79
44.71
44.74
44.64
44.64
45.05
45.65
45.52
45.47
45.45
45.45
45.42
45.42
45.08
45.24
44.93
44.9
44.92
44.89
44.84
44.57
44.51
44.54
44.62
45.2
44.97
45.08
44.99
45.43
45.61
45.39
45.34
45.32
45.29
45.29
45.74
45.61
45.65
45.42
45.37
45.3
45.4
45.21
45.02
45.0
45.11
45.0
44.87
44.89
44.83
45.12
44.9
44.75
44.66
44.31
44.35
44.39
44.37
44.42
44.37
44.35
44.32
44.38
44.23
44.17
44.45
44.55
44.4
44.3
44.25
44.52
44.45
44.57
44.53
44.17
44.45
44.28
44.2
44.29
44.68
44.43
44.47
44.47
44.66
44.62
44.9
45.0
44.41
44.66
44.72
44.57
44.44
44.33
43.73
43.75
43.83
43.2
43.72
43.9
44.06
43.84
43.78
43.85
43.71
43.71
44.15
44.04
44.11
44.12
44.11
44.16
43.79
43.74
44.12
44.21
44.04
43.91
43.92
43.94
44.02
44.18
44.18
44.17
44.15
44.35
43.85
43.84
44.05
44.05
43.96
44.35
44.51
44.7
44.57
44.75
44.7
44.68
44.6
44.57
44.5
44.59
44.48
44.58
44.92
44.81
44.98
45.27
45.18
45.09
45.08
45.01
44.93
44.33
44.55
44.54
44.88
44.65
44.5
44.33
44.57
44.6
44.68
44.55
44.63
44.68
44.52
44.5
44.54
44.63
44.74
44.52
44.51
44.4
44.34
45.19
44.81
44.61
44.71
44.63
44.76
44.65
44.9
45.06
45.01
44.95
44.98
44.83
44.92
44.85
44.87
44.85
44.99
45.1
45.08
44.99
44.86
44.98
45.2
45.08
45.29
45.21
46.0
46.56
46.41
46.23
46.28
46.24
46.2
46.25
46.55
46.16
46.79
46.43
46.05
45.83
45.57
45.55
46.0
46.15
46.02
46.0
46.0
46.5
46.3
46.15
46.13
45.76
45.84
46.18
45.99
46.11
45.98
46.09
46.09
46.16
46.43
46.09
46.01
46.0
45.99
46.03
45.98
46.16
46.2
46.14
46.19
46.12
46.2
46.2
45.81
46.31
46.32
46.32
46.35
46.39
46.35
46.38
46.32
46.3
46.5
46.92
47.0
47.03
47.01
47.03
47.05
47.1
46.63
47.05
46.52
46.75
46.77
46.82
46.89
46.87
46.76
46.7
46.77
46.75
46.78
46.82
46.86
46.7
46.67
46.63
46.74
46.74
46.75
47.0
46.79
46.86
46.88
47.0
46.94
46.97
46.94
46.89
46.9
47.02
46.93
46.84
46.92
46.94
46.93
46.9
46.88
46.84
46.88
46.82
46.89
46.76
46.61
46.7
46.63
46.62
46.73
46.71
46.78
46.65
46.79
46.74
46.75
46.7
46.68
46.65
46.7
46.65
46.58
46.47
46.48
46.46
46.43
46.46
46.4
46.41
46.56
46.7
46.64
46.51
46.5
46.55
46.59
46.52
46.52
46.6
46.44
46.58
46.7
46.8
46.8
46.65
46.65
46.69
46.57
46.73
46.68
46.8
46.73
46.65
46.74
46.62
46.59
46.37
46.3
46.42
46.54
46.56
46.57
46.59
46.06
46.14
45.71
45.9
46.3
46.18
46.14
46.05
46.19
46.12
46.16
46.26
46.14
45.93
46.4
46.42
46.59
46.62
46.65
46.64
46.63
46.6
46.57
46.49
46.41
46.51
46.47
46.4
46.4
46.47
46.4
46.46
46.39
46.5
46.65
46.63
46.65
46.56
46.5
46.62
46.62
46.68
46.64
46.4
46.5
46.5
46.5
46.5
46.5
46.5
46.5
46.5
46.5
46.5
46.44
46.34
46.35
46.56
46.22
46.1
45.95
47.71
47.09
47.1
47.04
47.1
47.09
47.11
47.18
47.3
47.2
47.33
47.1
47.18
47.45
47.43
47.64
47.41
47.47
47.34
47.21
47.75
46.28
46.31
46.33
46.28
46.4
46.54
46.27
46.42
46.14
44.37
44.78
44.68
44.72
44.61
44.8
44.4
44.37
43.96
43.6
43.58
44.19
44.71
44.63
44.46
44.45
44.61
44.62
44.49
44.51
44.6
44.58
44.86
44.7
44.83
44.78
44.58
44.7
44.7
44.51
44.7
44.48
44.07
44.09
44.18
44.11
44.03
44.03
44.43
44.93
45.25
44.7
44.79
44.6
44.63
44.75
44.74
44.74
44.8
44.87
44.88
44.96
44.87
44.87
44.89
44.86
44.91
44.7
44.79
44.84
44.68
44.58
44.59
44.87
44.7
44.66
44.81
44.88
45.0
44.87
44.84
44.93
44.8
44.88
44.96
44.96
45.13
44.88
44.83
44.61
44.59
44.58
44.5
44.48
44.49
44.14
44.25
44.2
44.2
44.25
44.3
44.26
44.13
44.18
43.61
43.77
44.07
43.95
43.73
43.87
43.87
43.87
43.8
43.94
44.09
43.87
44.03
43.95
44.02
43.7
43.65
43.62
43.9
43.87
44.06
43.9
43.81
44.1
43.95
43.89
43.84
43.96
43.82
44.5
44.1
43.94
43.78
43.76
43.82
43.78
43.77
43.69
43.66
43.95
43.45
43.46
43.47
43.49
43.48
43.82
43.57
43.48
43.54
44.49
43.69
43.6
43.65
43.6
43.5
43.5
43.58
43.45
43.68
43.76
43.84
43.65
43.6
43.61
43.64
43.55
43.32
43.4
43.22
42.97
42.93
43.06
43.25
43.26
43.05
43.1
43.01
43.29
43.47
43.5
43.54
43.4
43.47
43.53
43.54
43.54
43.6
43.54
43.53
43.6
43.85
43.79
43.86
43.6
43.6
43.62
43.7
43.62
43.57
43.7
43.56
43.51
43.66
43.75
43.8
43.65
43.75
43.68
43.56
43.56
43.51
43.79
43.76
43.86
43.74
43.6
43.75
43.77
43.99
43.98
43.8
43.94
43.93
43.98
43.96
43.94
44.0
43.84
43.69
43.99
44.04
44.0
44.0
44.29
44.17
43.98
43.92
43.84
43.82
43.76
43.7
43.93
43.6
43.79
43.85
43.73
43.78
43.8
43.8
44.02
44.18
44.0
44.09
44.05
44.06
44.0
44.29
44.19
44.07
44.05
44.75
44.02
44.03
43.98
43.88
43.78
43.88
43.95
43.78
43.77
43.85
43.87
43.84
43.76
43.85
43.8
43.78
43.6
43.78
43.79
43.98
43.75
43.84
43.89
43.97
43.98
44.0
43.95
43.86
43.86
44.07
43.84
44.11
44.62
44.18
44.33
44.2
44.18
44.17
44.25
44.3
44.24
44.38
44.34
43.96
43.95
43.91
43.91
43.85
43.54
43.62
43.8
43.82
43.72
43.73
43.77
43.77
43.72
44.0
43.7
43.64
43.71
43.64
43.51
43.5
43.63
43.57
43.54
43.42
43.56
43.64
43.69
43.68
43.67
43.73
43.73
43.64
43.93
43.7
43.78
43.73
43.82
43.78
43.72
43.78
43.67
43.79
43.79
43.51
43.77
43.7
43.77
43.8
43.79
43.73
43.7
43.8
44.07
43.84
43.73
43.73
43.8
43.8
43.76
43.85
43.78
43.77
43.99
43.91
44.03
44.02
43.96
43.95
44.14
44.17
44.26
44.24
44.17
44.36
44.35
44.43
44.31
44.31
44.88
44.81
44.3
44.08
43.77
43.67
43.27
43.6
43.7
43.69
44.54
44.09
44.02
43.83
44.02
43.92
43.86
43.87
43.81
43.77
43.87
43.87
44.19
43.7
43.91
43.91
43.7
43.71
43.88
44.14
44.18
43.99
44.07
44.11
44.12
44.18
44.0
44.17
44.15
44.06
44.26
44.08
44.32
44.27
44.23
44.27
44.19
44.15
44.03
44.02
44.0
43.75
43.88
43.91
43.73
43.85
43.64
43.65
43.58
43.29
43.29
42.83
43.65
43.48
43.66
43.56
43.6
43.64
43.61
43.56
43.61
43.88
43.87
43.79
43.49
43.45
43.69
43.48
43.6
43.14
42.93
43.17
43.23
43.48
43.67
43.66
43.55
43.65
43.5
43.62
43.5
43.56
43.6
43.58
43.61
43.59
43.65
43.64
43.65
43.55
43.61
43.67
43.8
43.83
43.67
43.65
43.82
43.72
43.89
43.85
43.94
43.87
43.77
43.92
43.99
43.98
44.0
45.2
44.8
44.92
44.66
44.8
45.4
45.0
45.1
45.0
44.85
44.97
44.67
44.62
44.57
44.57
44.61
44.63
44.7
44.52
44.98
44.82
44.64
44.65
44.73
44.63
44.74
44.77
44.88
44.88
44.74
44.63
44.6
44.5
44.51
44.51
44.57
44.64
44.49
44.49
44.6
44.87
44.88
44.82
44.92
44.83
45.5
45.5
45.5
45.89
45.78
45.66
45.68
45.44
45.0
44.9
44.55
45.01
44.78
44.51
44.54
44.22
44.52
44.5
44.99
45.0
44.79
44.74
44.66
44.5
44.71
45.0
45.0
45.0
44.7
44.66
44.85
44.77
44.74
44.79
44.66
44.86
44.53
44.54
44.51
44.53
44.51
44.45
44.25
44.6
44.54
44.6
44.34
44.0
43.82
43.5
43.6
43.62
43.62
43.85
43.99
43.84
43.68
43.69
43.68
43.76
43.8
44.03
44.13
44.0
44.01
44.0
44.12
43.77
43.67
43.67
43.65
43.86
43.8
43.8
43.86
43.85
43.19
43.83
43.97
44.38
44.51
44.58
44.58
44.57
44.53
44.5
44.66
44.54
44.54
44.6
44.59
44.58
45.0
45.0
45.02
45.67
45.0
45.2
45.29
45.18
45.12
45.06
45.22
45.17
45.15
45.86
46.0
46.29
46.47
46.3
46.17
46.24
46.08
45.8
45.54
45.89
46.18
46.02
46.0
46.05
46.1
45.78
45.64
45.69
45.85
45.73
45.5
45.28
45.49
45.29
45.37
45.31
45.62
45.74
45.16
45.15
45.24
45.24
45.2
45.26
45.2
45.16
45.21
45.38
45.1
45.18
46.0
46.64
46.51
46.6
46.53
46.85
47.25
48.5
48.12
47.99
47.95
47.78
47.8
47.55
47.55
47.84
47.79
47.52
47.4
47.24
47.5
47.5
47.51
47.23
47.45
47.71
47.68
48.05
48.02
48.09
48.25
48.21
48.24
48.35
48.3
48.6
48.4
49.74
49.84
53.67
55.5
55.16
54.34
55.06
55.41
55.9
61.89
60.65
61.0
62.09
62.64
62.23
62.68
62.27
62.67
64.56
66.1
65.21
65.4
66.07
65.71
61.26
61.03
61.0
61.11
60.4
58.19
55.56
56.43
56.77
57.9
57.99
56.76
58.45
57.6
59.98
56.88
57.88
57.85
58.38
58.1
57.98
57.09
57.31
56.75
57.38
55.9
56.06
55.71
55.7
55.83
55.94
55.69
55.9
55.64
60.61
60.3
59.88
59.97
60.93
60.97
61.26
61.0
62.5
63.3
64.4
63.9
62.69
60.54
61.59
61.19
61.25
61.44
60.8
60.8
59.73
59.43
59.67
59.98
59.97
59.99
59.45
59.86
59.1
59.2
61.0
60.78
62.73
61.41
61.15
60.89
61.11
61.05
60.68
61.8
61.3
61.27
60.3
60.75
60.69
60.39
60.26
60.45
60.29
60.21
59.68
59.4
59.32
59.51
59.81
59.58
59.57
59.64
59.71
59.7
58.8
58.67
58.38
58.47
58.41
58.24
58.38
58.0
57.18
56.91
56.8
56.86
56.87
56.87
56.63
56.66
56.37
55.77
55.64
54.64
54.07
55.51
58.98
57.64
56.87
57.1
57.3
57.4
57.22
57.47
57.64
57.76
57.51
56.69
56.12
56.61
57.59
57.11
57.14
57.25
57.29
57.29
56.72
56.75
56.83
57.2
57.35
57.9
58.59
59.82
60.4
59.91
58.48
59.14
59.0
58.24
57.95
58.17
57.9
59.73
59.09
58.94
60.05
59.59
60.07
59.32
58.77
60.05
59.37
59.52
59.34
59.55
59.98
59.55
60.65
62.46
61.27
61.42
61.17
60.81
60.98
60.5
60.5
60.7
61.15
62.08
61.21
61.39
61.07
61.19
62.1
62.09
61.74
62.58
62.43
62.17
63.14
63.09
63.09
63.75
64.36
64.29
63.42
65.9
70.77
67.03
69.4
67.32
65.98
66.94
66.9
68.22
68.23
68.27
66.5
67.15
66.96
66.43
66.64
66.98
66.97
67.0
68.27
65.68
65.82
66.0
66.5
66.98
68.36
67.57
66.69
66.9
68.8
68.36
68.51
68.63
69.01
69.1
69.6
69.1
69.09
69.17
68.6
68.28
68.26
68.4
67.94
67.64
68.24
68.5
68.0
69.21
68.03
67.25
67.11
67.09
66.97
67.25
66.71
66.72
66.5
66.93
63.43
64.22
64.44
64.02
64.16
63.6
63.62
63.77
63.0
61.42
63.05
62.11
62.21
62.52
62.6
62.16
62.08
61.5
61.19
60.59
60.59
60.76
60.94
60.83
60.75
60.56
60.52
60.01
60.8
62.07
63.0
62.87
61.2
62.16
62.02
60.95
60.52
60.97
62.47
62.16
62.11
62.13
62.19
62.18
62.22
62.19
62.11
62.2
63.3
63.18
63.16
63.11
63.92
63.66
63.39
63.32
63.66
62.8
63.24
62.5
62.34
62.43
62.17
62.17
61.17
60.68
61.8
61.57
61.19
61.36
61.1
60.43
60.95
61.16
61.22
61.7
61.85
61.65
61.86
62.41
62.07
62.03
62.3
62.32
62.39
62.18
61.52
61.96
61.96
62.0
61.99
61.8
62.0
62.0
62.0
62.47
62.1
62.05
62.06
61.85
61.93
61.9
61.8
61.6
60.87
61.25
61.0
61.0
61.04
61.14
61.14
61.0
60.78
60.79
60.93
61.06
61.06
61.06
60.77
60.81
61.0
60.56
61.25
60.9
60.94
61.06
61.1
61.76
61.24
61.38
61.06
61.14
60.78
61.39
61.36
61.3
61.27
61.29
61.34
61.21
60.9
60.62
60.6
60.92
60.29
60.15
60.09
60.42
60.13
60.26
59.4
59.46
59.13
59.45
59.21
59.09
59.19
59.02
59.0
58.8
59.1
58.18
58.4
58.3
58.2
58.22
58.2
58.38
58.2
58.4
58.59
58.8
59.6
59.09
58.74
58.61
58.75
58.71
58.47
58.39
58.4
58.86
59.91
59.53
59.63
59.9
59.84
59.66
59.85
59.24
59.78
61.48
60.44
60.51
61.18
60.09
60.17
60.61
60.26
59.87
59.8
59.8
60.44
60.13
60.19
59.9
60.41
59.85
59.97
59.97
60.21
59.94
60.35
60.3
60.42
60.55
60.46
60.69
60.99
60.48
60.1
59.54
60.0
59.78
59.8
59.54
59.83
59.58
59.42
59.22
59.51
59.62
59.71
59.76
59.83
59.57
59.62
59.43
59.54
59.55
59.36
59.62
58.9
59.0
58.9
58.96
59.0
58.63
58.63
58.63
58.15
58.76
58.53
58.28
58.4
58.2
58.14
58.24
58.2
59.01
58.98
58.34
58.76
58.73
58.55
58.47
58.32
58.21
59.08
58.26
57.55
57.66
57.67
57.59
57.67
57.69
57.6
57.6
58.09
58.31
58.33
57.8
58.04
58.01
57.71
57.85
57.71
58.72
59.0
58.16
58.2
58.25
58.25
58.4
58.06
58.21
57.98
58.3
58.21
58.33
57.99
58.21
57.8
57.7
57.97
58.2
58.19
58.24
58.39
58.04
58.29
58.11
58.0
57.9
58.07
57.9
57.74
57.66
57.12
57.68
57.3
57.11
57.49
56.6
56.38
56.44
57.2
57.1
57.34
57.24
57.21
56.88
56.74
56.76
56.6
55.02
56.77
55.99
55.4
55.59
55.74
55.72
56.3
56.5
56.99
57.09
57.1
57.01
57.09
57.04
57.14
57.11
57.05
56.75
56.77
57.0
57.06
57.05
57.05
56.99
56.53
56.58
56.85
56.4
55.56
55.05
56.14
55.82
55.07
53.96
55.37
55.39
55.13
55.47
55.63
56.33
56.65
55.37
54.6
54.92
54.51
54.48
53.7
53.51
54.24
51.82
52.13
51.71
52.27
52.04
51.3
51.06
50.44
51.52
51.6
52.35
52.99
53.68
52.51
52.37
53.17
53.03
52.85
53.22
53.64
54.8
54.29
54.35
54.6
54.41
53.1
53.46
53.89
54.1
53.36
54.2
53.96
53.98
52.94
53.43
53.0
53.58
53.0
54.14
51.89
51.84
51.0
50.21
50.59
51.3
50.79
51.36
50.6
50.7
51.49
51.13
51.16
50.55
50.59
50.29
50.18
51.39
51.19
51.01
49.98
49.64
49.84
49.81
49.99
50.1
50.75
50.49
50.1
50.07
50.23
49.73
50.06
49.6
50.0
49.83
50.0
49.99
49.1
49.99
49.69
49.1
49.48
49.13
49.19
49.0
49.23
49.58
49.26
50.0
50.5
50.65
50.29
50.27
49.8
49.88
50.0
50.04
49.6
50.5
50.76
51.0
52.31
53.04
55.7
53.52
53.33
51.74
52.2
53.11
52.78
53.19
53.42
53.14
53.25
52.32
52.47
52.4
51.03
51.69
51.31
51.55
51.17
51.36
51.42
51.3
51.0
53.06
52.62
53.3
53.7
52.86
53.01
52.76
52.75
52.77
53.0
52.82
52.17
52.6
52.6
52.6
52.9
52.93
52.81
52.93
52.36
52.44
52.8
52.33
52.66
52.43
52.35
52.53
52.41
52.8
53.21
53.53
53.52
53.28
53.48
53.2
53.5
53.6
53.37
53.63
53.57
53.46
53.28
53.6
53.9
53.66
53.3
53.15
53.0
52.22
51.38
51.48
51.18
50.79
51.11
51.65
51.8
51.8
51.8
50.37
50.72
51.22
50.48
50.97
51.5
50.76
51.36
51.74
52.0
51.89
51.97
51.81
51.67
51.65
51.76
51.35
51.69
51.13
52.16
51.83
51.91
51.79
51.63
51.81
51.88
51.93
52.0
52.03
52.15
52.11
52.06
52.55
54.33
54.3
54.98
54.3
54.46
54.18
54.99
53.77
53.89
54.5
54.93
54.96
54.83
55.71
54.3
53.99
53.99
53.6
52.26
51.9
51.8
50.8
51.36
50.61
50.66
48.78
48.39
46.81
47.28
47.12
47.34
47.2
47.96
48.2
48.94
48.93
44.14
38.36
39.81
46.64
43.07
43.28
40.37
41.0
41.16
40.48
40.48
46.11
44.09
44.53
44.4
44.72
44.03
44.9
44.75
44.55
46.55
47.81
47.78
47.76
47.8
48.5
48.48
48.18
47.68
47.41
49.0
47.78
47.63
47.53
47.62
48.7
47.99
47.76
47.83
47.75
47.99
47.89
48.01
47.96
47.9
48.2
48.03
48.0
48.04
47.96
47.97
47.97
47.9
48.01
47.99
48.9
47.64
47.77
47.67
47.88
47.91
47.83
47.77
47.95
48.02
48.02
46.8
46.76
46.52
46.35
46.7
46.73
46.55
46.65
46.51
45.23
46.45
46.25
46.32
46.98
46.79
46.82
46.63
46.31
46.3
47.37
46.61
46.5
46.6
46.45
46.51
46.07
46.36
46.29
46.65
46.51
46.84
46.28
46.21
46.08
46.1
45.63
45.8
46.01
45.95
46.8
46.5
46.8
47.2
46.91
46.58
47.1
47.6
55.8
50.2
51.85
53.97
53.56
54.14
53.86
53.74
53.15
52.61
52.71
52.29
54.2
52.49
51.54
52.48
52.35
52.28
51.6
51.31
51.28
51.28
51.0
50.68
52.11
51.9
51.69
51.56
51.06
51.8
51.26
51.18
51.3
51.98
51.65
51.58
51.76
51.71
51.78
51.7
51.78
51.56
50.11
51.8
51.97
52.0
52.0
51.68
51.25
51.24
51.06
51.22
51.94
51.69
51.83
51.88
51.33
51.52
51.47
51.29
51.19
51.19
51.2
50.78
50.62
50.38
50.74
50.68
50.6
50.35
50.48
50.26
50.26
50.01
50.73
50.22
50.25
50.32
50.45
50.04
49.49
49.5
50.58
50.67
50.1
49.79
49.28
49.98
50.18
50.31
50.04
50.0
50.46
49.49
48.51
48.69
48.47
48.64
48.56
48.74
48.77
48.52
48.01
49.58
49.3
49.33
49.53
49.38
49.57
49.52
49.64
49.52
49.21
49.91
49.62
49.72
49.75
49.76
49.74
49.66
49.66
49.86
50.2
49.68
49.69
49.87
49.8
49.37
49.2
48.84
47.9
47.6
48.5
48.8
48.54
48.6
48.84
48.93
48.58
48.24
49.43
49.02
49.2
48.7
48.72
48.44
48.32
48.28
48.12
48.08
48.38
48.34
48.5
49.82
49.57
49.16
49.39
49.41
49.7
49.22
48.91
48.9
53.79
51.77
50.1
50.24
50.27
50.03
50.22
50.1
50.2
50.19
50.44
50.2
50.18
49.97
50.02
50.06
50.0
49.75
49.77
49.81
49.87
49.4
49.53
49.56
49.57
49.52
49.4
48.98
48.96
48.9
48.53
48.3
48.54
49.08
48.96
48.7
48.5
48.56
48.76
48.77
49.9
49.4
49.43
49.27
49.12
49.09
49.2
49.12
49.02
48.8
49.0
49.3
49.35
49.37
49.35
49.36
49.28
49.22
49.26
49.21
49.45
49.01
49.34
49.2
49.14
49.18
49.18
49.22
49.1
49.01
49.2
49.18
48.86
48.98
48.94
48.98
48.98
48.93
48.94
48.91
49.27
48.66
48.64
48.16
48.45
48.2
48.52
48.64
48.56
48.73
48.93
48.25
48.11
48.36
48.19
48.24
48.15
48.0
47.85
47.91
48.18
47.25
47.15
46.45
46.28
46.88
47.23
47.2
47.09
47.02
47.0
47.64
47.47
47.6
47.68
47.49
47.74
47.17
47.94
47.98
47.98
48.58
48.37
48.0
48.11
48.39
48.35
48.38
47.65
47.86
48.27
48.36
48.09
48.18
48.02
48.08
48.02
48.14
48.06
48.07
48.15
48.46
48.12
48.18
47.78
48.06
48.12
48.1
47.96
48.03
48.1
48.03
47.99
47.9
47.97
48.07
48.09
47.96
48.01
48.01
48.32
48.0
48.15
48.04
48.22
48.22
48.06
48.07
48.0
47.98
48.25
47.98
47.94
48.0
48.06
48.08
48.12
48.11
48.13
48.08
48.15
48.08
47.98
48.13
48.06
48.02
48.05
48.02
48.06
48.15
48.38
48.35
48.37
48.34
48.38
48.37
48.39
48.36
48.29
48.3
48.45
48.29
48.3
48.26
48.27
48.22
48.3
48.38
48.3
48.38
48.39
48.35
48.39
48.43
48.45
48.52
48.42
48.44
48.4
48.41
48.41
48.47
48.36
48.25
48.17
48.29
48.32
48.38
48.29
48.47
48.59
49.99
49.45
49.96
49.75
49.48
49.8
49.57
49.74
49.69
50.0
50.34
50.0
49.99
49.92
49.99
50.0
50.0
49.94
50.0
50.17
49.99
49.96
49.99
50.0
50.1
50.1
50.16
50.08
50.09
50.18
50.37
50.87
50.9
51.85
51.55
51.7
51.51
51.61
51.84
51.52
52.4
52.15
52.2
52.27
52.16
51.85
51.89
51.89
52.04
46.84
47.95
48.38
48.48
48.31
48.19
48.1
48.1
48.07
48.11
47.96
47.6
47.27
47.15
47.07
46.54
46.68
46.56
46.48
46.38
46.37
45.25
43.95
44.0
44.26
44.72
44.7
44.51
44.89
45.01
45.1
45.51
44.93
45.3
45.3
45.16
45.22
44.95
44.95
45.23
45.23
45.07
45.08
45.03
44.9
44.98
44.93
44.97
44.99
44.84
44.0
43.85
43.44
43.5
43.46
43.36
43.63
43.53
43.42
43.58
43.83
42.48
42.38
42.25
42.22
42.52
42.55
42.37
42.32
42.1
42.1
41.84
41.53
41.48
41.45
41.64
41.42
41.69
41.8
41.67
41.64
40.22
39.53
