close
773.5
781.5
774.5
764.0
772.0
773.0
778.0
780.0
780.0
780.0
785.0
787.5
775.0
789.0
782.0
789.0
800.0
776.0
785.5
788.0
785.0
791.5
794.0
790.0
776.5
783.5
774.0
775.0
773.5
773.5
774.0
773.0
770.0
773.0
773.5
772.5
771.0
770.0
774.0
780.0
780.5
780.0
775.0
779.0
776.5
770.5
782.5
777.5
770.0
779.0
778.5
778.5
779.0
784.5
779.0
778.5
779.5
779.5
780.0
772.0
778.5
778.0
779.0
778.0
785.5
769.0
755.0
755.0
754.5
754.5
754.0
761.5
764.5
765.0
765.0
765.0
765.0
765.0
764.5
765.0
769.0
768.5
767.0
769.0
768.0
769.5
769.0
749.5
768.0
767.0
769.5
769.0
769.0
763.5
753.5
763.0
763.0
764.0
768.0
750.5
750.0
750.0
745.0
741.0
735.5
735.0
725.5
735.0
730.0
728.0
729.0
721.5
722.0
735.0
735.5
731.5
749.5
754.0
758.0
758.0
755.0
751.0
759.5
758.0
760.0
757.5
762.0
748.0
759.5
759.0
759.5
747.0
759.0
759.5
758.0
759.0
760.0
760.0
760.0
759.5
748.0
758.5
775.0
759.0
757.5
759.0
759.0
761.0
757.0
744.0
755.0
749.5
746.0
767.0
766.5
757.5
750.0
759.0
759.0
760.0
749.0
754.5
751.5
746.0
754.5
754.5
752.0
750.5
748.0
749.5
747.0
747.0
740.5
730.0
748.0
747.0
747.0
746.0
746.0
737.5
746.0
751.0
742.0
748.0
747.0
748.0
747.0
745.5
748.0
747.5
747.5
748.0
748.0
748.0
741.5
745.5
751.0
748.5
749.0
747.5
748.5
748.0
748.0
751.0
743.5
737.5
737.0
737.5
741.5
733.0
738.5
737.5
737.5
736.5
739.5
739.5
725.0
716.0
723.0
727.5
718.0
751.5
736.0
737.0
731.0
740.0
738.0
739.0
732.0
728.0
728.5
729.5
764.5
739.0
731.0
735.0
739.5
737.5
735.0
737.0
765.0
701.5
730.0
730.0
729.5
729.0
729.5
732.0
729.0
730.0
728.5
730.5
729.0
728.0
724.5
720.0
728.5
720.5
720.5
725.0
720.5
725.0
718.0
717.0
715.0
724.0
724.0
724.0
724.0
720.5
724.0
742.0
720.0
714.0
714.5
715.0
714.0
714.0
714.0
712.5
712.0
708.5
706.0
702.0
703.5
704.0
699.5
695.0
683.0
689.0
686.0
684.5
678.0
671.0
650.0
680.0
690.0
693.5
713.5
712.0
710.0
710.0
706.0
702.0
700.0
711.0
701.0
699.5
686.5
525.0
560.0
589.5
606.5
592.5
585.0
590.0
580.0
583.0
594.5
573.0
610.0
612.5
604.0
603.5
600.0
603.5
604.5
600.5
600.0
631.5
638.0
638.0
631.0
639.0
638.5
639.5
640.0
639.5
630.0
625.0
620.0
607.5
593.0
573.5
570.0
577.5
570.5
575.5
570.0
570.0
576.0
571.5
570.0
564.5
562.0
570.0
568.5
566.0
565.5
572.5
573.5
577.0
577.0
576.5
576.0
566.0
567.0
567.0
566.5
572.0
566.5
566.0
568.5
567.0
570.5
568.0
568.0
569.5
572.5
565.5
569.5
560.0
555.5
571.0
555.0
564.0
570.0
564.5
566.0
561.5
561.0
562.0
558.5
558.0
561.5
560.5
559.5
555.0
561.0
558.5
558.0
570.5
575.0
577.0
577.5
580.0
590.0
600.0
616.0
611.5
611.5
610.5
612.5
611.0
616.0
617.5
638.0
642.0
650.0
643.0
644.0
642.0
650.0
649.0
649.0
647.0
642.0
642.0
638.0
638.0
650.0
675.0
682.0
687.5
687.0
685.5
680.5
685.5
691.0
700.0
690.0
690.0
691.0
687.0
685.0
685.0
684.0
680.0
689.0
680.0
675.0
673.0
672.0
689.0
687.0
686.0
686.0
690.0
689.0
686.0
685.0
685.0
690.0
694.0
695.0
690.0
688.0
690.0
703.0
704.0
730.0
735.0
737.0
730.0
727.0
729.0
727.0
730.0
740.0
741.0
740.0
731.0
725.0
730.0
735.0
743.0
734.0
735.0
733.0
738.0
742.0
745.0
747.0
748.0
741.0
744.0
745.0
747.0
743.0
745.0
742.0
746.0
745.0
741.0
741.0
746.0
746.0
743.0
745.0
748.0
748.0
749.0
746.0
747.0
747.0
745.0
743.0
751.0
748.0
746.0
748.0
745.0
745.0
746.0
746.0
770.0
748.0
750.0
751.0
747.0
746.0
749.0
746.0
748.0
749.0
753.0
758.0
753.0
755.0
756.0
754.0
754.0
754.0
752.0
750.0
755.0
755.0
755.0
755.0
755.0
755.0
758.0
755.0
754.0
739.0
739.0
740.0
739.0
740.0
740.0
739.0
748.0
739.0
740.0
740.0
744.0
741.0
744.0
744.0
744.0
745.0
749.0
752.0
751.0
752.0
751.0
752.0
752.0
753.0
750.0
759.0
758.0
756.0
755.0
756.0
759.0
758.0
754.0
751.0
761.0
755.0
755.0
756.0
755.0
760.0
759.0
755.0
760.0
749.0
764.0
755.0
767.0
767.0
767.0
760.0
725.0
743.0
743.0
744.0
721.0
714.0
713.0
701.0
701.0
737.0
706.0
719.0
724.0
710.0
726.0
707.0
695.0
707.0
705.0
696.0
702.0
697.0
693.0
689.0
690.0
698.0
697.0
699.0
699.0
700.0
699.0
697.0
691.0
695.0
691.0
702.0
656.0
684.0
682.0
686.0
684.0
684.0
682.0
679.0
681.0
683.0
680.0
680.0
680.0
680.0
700.0
697.0
700.0
682.0
683.0
686.0
685.0
686.0
690.0
693.0
695.0
689.0
682.0
686.0
685.0
690.0
690.0
706.0
697.0
697.0
694.0
695.0
703.0
703.0
701.0
713.0
711.0
711.0
715.0
719.0
724.0
724.0
723.0
723.0
742.0
742.0
754.0
755.0
759.0
760.0
755.0
754.0
748.0
744.0
738.0
721.0
729.0
720.0
715.0
719.0
722.0
720.0
723.0
728.0
721.0
708.0
719.0
719.0
719.0
718.0
717.0
740.0
741.0
738.0
733.0
733.0
749.0
730.0
732.0
739.0
744.0
745.0
744.0
750.0
750.0
748.0
748.0
749.0
749.0
749.0
747.0
756.0
750.0
746.0
741.0
741.0
741.0
740.0
740.0
741.0
749.0
747.0
747.0
750.0
748.0
745.0
741.0
742.0
744.0
746.0
748.0
740.0
747.0
741.0
741.0
718.0
732.0
723.0
719.0
711.0
711.0
707.0
705.0
707.0
720.0
719.0
718.0
713.0
712.0
708.0
698.0
707.0
705.0
710.0
709.0
695.0
692.0
697.0
703.0
703.0
704.0
698.0
696.0
697.0
703.0
708.0
701.0
700.0
694.0
699.0
700.0
700.0
696.0
692.0
691.0
695.0
696.0
686.0
698.0
686.0
690.0
695.0
695.0
700.0
700.0
724.0
719.0
721.0
719.0
714.0
711.0
711.0
713.0
718.0
717.0
720.0
716.0
716.0
710.0
708.0
705.0
705.0
709.0
708.0
703.0
700.0
700.0
699.0
698.0
703.0
700.0
694.0
695.0
703.0
717.0
717.0
719.0
711.0
707.0
712.0
708.0
704.0
706.0
704.0
701.0
703.0
697.0
700.0
701.0
700.0
693.0
698.0
696.0
694.0
692.0
694.0
692.0
688.0
696.0
695.0
679.0
672.0
677.0
676.0
667.0
670.0
663.0
662.0
666.0
662.0
674.0
675.0
675.0
666.0
668.0
663.0
653.0
654.0
657.0
658.0
660.0
665.0
657.0
660.0
664.0
675.0
693.0
700.0
700.0
704.0
710.0
710.0
719.0
729.0
726.0
714.0
721.0
720.0
744.0
753.0
749.0
748.0
745.0
741.0
748.0
747.0
743.0
728.0
733.0
770.0
742.0
730.0
681.0
684.0
678.0
649.0
639.0
624.0
633.0
639.0
629.0
625.0
611.0
612.0
644.0
628.0
618.0
636.0
648.0
673.0
661.0
660.0
670.0
700.0
700.0
699.0
700.0
700.0
696.0
693.0
708.0
716.0
743.0
739.0
744.0
743.0
744.0
746.0
745.0
726.0
718.0
716.0
721.0
726.0
724.0
721.0
724.0
722.0
720.0
724.0
726.0
726.0
726.0
726.0
724.0
723.0
725.0
730.0
725.0
718.0
716.0
715.0
720.0
713.0
680.0
689.0
692.0
708.0
743.0
743.0
752.0
745.0
655.0
669.0
658.0
660.0
658.0
649.0
652.0
647.0
641.0
639.0
628.0
632.4
632.8
633.0
631.2
630.6
630.6
632.0
617.6
628.8
613.8
615.0
614.0
616.0
618.0
617.0
616.6
615.6
617.6
620.0
620.0
615.4
624.2
624.0
624.8
644.6
650.0
632.2
610.2
616.8
615.8
616.0
616.8
616.6
616.4
615.0
618.0
615.0
613.0
617.8
615.2
615.2
617.6
617.8
615.2
617.8
618.0
613.0
619.0
619.8
622.0
618.0
619.8
615.2
621.8
621.6
635.0
627.8
622.0
624.4
621.0
633.4
635.0
627.4
634.2
634.8
645.6
636.0
633.6
634.6
637.0
634.0
635.8
639.8
643.0
667.8
694.0
697.4
697.4
722.0
727.2
724.2
732.0
732.0
731.2
732.0
732.0
732.0
732.0
732.0
740.0
745.0
745.0
745.0
743.6
749.0
750.0
752.6
753.0
785.0
784.8
758.2
755.0
755.0
755.0
755.0
755.0
755.0
760.0
757.2
757.0
757.0
756.8
756.6
760.0
783.0
803.4
769.8
770.0
770.0
770.0
777.0
777.0
777.0
781.0
783.0
798.0
798.0
798.0
799.0
798.8
777.0
781.4
795.0
779.0
800.0
799.8
782.8
779.8
781.0
777.0
782.0
776.2
790.0
785.2
765.0
772.4
760.0
767.4
766.8
766.0
751.0
740.6
759.0
763.8
767.0
766.6
768.6
769.8
778.0
781.0
783.0
759.4
763.2
763.2
766.6
759.0
761.4
768.8
769.0
770.0
770.6
777.0
752.8
766.4
762.4
769.0
768.0
777.0
760.4
772.8
772.8
765.0
775.0
762.8
775.8
775.8
775.8
776.0
762.0
769.8
769.6
774.0
771.0
770.6
773.6
773.6
777.0
780.4
772.4
773.0
773.0
773.0
773.0
775.0
773.0
775.0
769.0
758.2
773.4
774.8
762.0
766.6
766.6
761.2
756.0
758.8
756.0
750.0
748.8
749.0
753.6
754.4
757.0
759.0
758.2
766.0
765.0
768.0
754.8
752.0
744.4
758.8
760.0
752.8
753.0
751.8
752.8
750.4
748.0
752.6
751.0
750.0
752.0
748.0
751.0
752.0
754.0
753.0
757.0
754.0
734.6
736.0
734.6
738.0
736.4
740.8
740.0
736.0
734.8
721.0
725.2
727.0
716.4
714.0
700.0
702.0
701.0
697.0
699.0
699.0
702.8
699.6
698.6
698.8
699.0
699.0
698.6
695.0
675.4
676.8
675.0
675.0
675.0
672.2
668.0
661.0
660.0
689.4
697.4
696.8
693.2
687.2
686.6
686.6
680.2
712.0
691.0
689.0
691.0
690.0
686.0
681.6
697.6
700.0
720.0
699.4
698.8
700.8
703.0
703.0
704.4
702.6
706.0
700.0
700.2
699.6
693.0
692.6
695.0
700.6
704.4
696.8
698.2
696.0
700.4
700.6
701.0
702.0
735.0
740.0
715.0
717.2
717.2
713.8
717.0
712.6
710.8
714.2
714.4
714.6
700.6
697.6
696.8
700.0
700.2
699.0
699.0
698.8
698.2
694.2
692.4
704.8
706.4
708.2
710.4
707.2
704.8
711.0
726.0
714.8
710.4
716.2
716.4
707.6
706.0
712.8
719.0
724.8
726.0
720.0
721.0
724.8
732.0
733.4
730.6
735.0
723.0
721.2
715.4
714.0
712.8
710.0
708.8
721.6
715.0
711.4
712.6
712.2
713.0
713.2
712.6
721.0
713.4
704.8
701.8
707.0
707.8
710.0
709.4
710.0
718.0
707.4
712.8
711.2
711.4
712.8
712.8
715.0
715.0
716.6
712.0
707.6
707.8
706.0
709.6
709.6
710.8
703.0
703.0
696.0
695.6
696.0
715.0
713.2
711.4
717.4
717.6
714.2
704.0
692.0
688.2
689.6
691.0
707.8
691.0
682.2
682.0
677.0
675.0
679.0
680.6
674.2
676.6
666.6
666.0
664.0
659.2
672.6
672.8
675.4
652.8
650.2
650.2
647.2
639.8
641.0
641.0
636.0
646.0
645.6
640.0
650.0
649.4
654.6
648.0
645.6
639.4
645.2
643.6
640.0
639.0
639.2
636.0
635.8
630.0
620.0
622.6
621.8
617.0
627.8
628.2
628.8
634.4
615.2
616.0
614.8
611.0
607.8
603.8
620.8
612.6
611.6
599.4
601.2
592.6
592.0
592.6
600.4
605.4
610.2
613.0
607.0
607.2
591.6
597.0
597.6
604.0
601.0
605.4
606.0
607.2
598.0
596.8
597.6
601.4
605.0
605.4
608.0
611.8
613.2
614.0
611.8
607.8
607.2
610.0
605.2
606.2
606.6
606.6
599.6
599.0
599.6
601.2
599.4
599.8
596.6
598.0
599.0
594.6
591.8
591.8
603.0
593.8
593.2
590.2
582.4
589.0
595.4
592.2
593.4
593.0
593.6
590.2
594.0
591.0
595.8
584.2
590.2
593.6
593.0
593.0
590.6
593.4
600.0
591.0
594.4
601.8
601.4
601.0
603.0
602.6
598.6
598.6
598.6
599.6
599.6
601.4
603.0
600.0
602.4
601.8
603.0
602.0
600.6
601.4
603.0
606.0
604.8
604.6
603.6
603.4
601.4
599.0
597.0
595.0
602.8
611.0
616.0
611.0
608.4
608.2
611.6
613.0
612.0
638.8
639.0
639.0
634.6
636.8
641.6
641.8
641.8
655.4
660.2
657.2
658.2
660.4
655.0
654.4
651.0
645.4
649.6
628.6
623.8
623.4
621.0
613.8
614.0
613.0
614.6
601.4
589.4
598.6
599.8
604.0
608.0
605.6
606.4
593.0
595.6
596.8
597.6
599.6
599.2
598.4
595.0
591.4
589.4
588.4
587.0
590.0
587.2
588.4
584.0
583.4
582.8
582.6
586.0
589.6
584.0
582.0
582.6
582.0
582.6
581.6
582.4
582.0
582.2
580.4
584.2
582.4
580.6
582.2
581.4
580.0
585.6
584.0
583.0
582.8
577.2
571.4
572.0
573.6
572.0
570.0
575.0
585.0
575.8
573.8
568.0
556.0
558.0
559.6
560.8
561.6
561.6
565.2
567.4
568.4
565.4
558.2
556.0
555.0
559.6
564.6
562.8
561.4
563.0
551.4
543.0
545.0
544.6
543.8
545.0
544.6
545.0
534.0
533.8
537.0
534.8
533.0
533.0
538.0
541.0
531.0
531.6
536.0
551.0
550.0
553.4
552.4
551.6
555.0
557.6
567.6
563.0
561.0
560.2
561.8
562.6
562.6
561.6
560.6
570.0
569.8
569.8
570.8
570.4
568.6
569.0
569.6
576.4
578.0
577.2
577.0
576.6
576.6
577.0
577.2
581.0
585.0
589.2
589.0
588.4
588.0
583.0
577.4
588.6
588.0
592.8
586.0
579.0
579.2
574.2
575.8
575.6
575.4
562.8
566.4
565.2
564.6
564.6
565.0
564.0
556.8
562.6
558.8
565.0
564.4
562.0
562.4
561.0
566.0
569.4
575.0
579.4
560.4
560.6
561.0
563.4
564.0
562.8
564.0
565.8
574.8
567.2
567.0
568.8
567.4
566.4
567.4
570.0
568.0
574.2
575.6
558.4
550.0
552.2
551.6
550.6
550.6
549.4
553.2
551.6
530.6
521.0
521.0
516.4
519.0
517.8
521.2
525.4
521.2
528.8
520.6
517.0
519.2
521.4
522.0
525.0
520.2
522.0
522.0
518.0
513.0
515.0
516.2
514.4
516.4
515.6
525.0
534.4
528.6
551.8
560.4
562.2
560.4
560.0
560.0
560.4
560.0
580.0
581.2
580.8
580.2
580.0
581.0
580.0
581.0
580.8
580.2
572.8
584.0
583.0
582.0
578.8
578.4
579.0
575.4
592.0
580.0
582.4
583.8
577.0
573.2
572.8
572.0
573.6
579.2
569.8
574.8
572.6
554.2
553.2
558.0
559.0
558.0
560.8
568.6
562.2
559.6
562.0
564.4
566.0
567.2
567.4
567.6
565.8
565.4
557.2
555.0
557.6
559.2
558.2
566.0
567.2
563.4
568.2
562.4
569.6
573.4
568.8
568.8
571.6
570.2
569.2
570.4
568.2
569.2
569.0
568.8
569.4
569.8
570.0
571.4
565.2
562.6
563.2
566.2
566.8
566.2
573.8
574.0
572.4
571.8
571.6
571.2
572.2
571.2
570.6
569.6
567.6
569.8
569.0
567.2
568.2
565.8
565.8
567.8
567.8
565.6
567.0
564.8
561.0
558.0
560.0
562.6
562.4
560.8
566.0
566.0
563.2
563.8
563.0
560.0
560.0
560.0
562.4
558.8
559.4
558.8
556.0
558.0
558.0
558.0
556.2
558.4
544.0
549.0
551.6
551.2
552.0
550.2
551.4
551.8
551.6
552.4
547.4
555.2
555.0
553.6
552.4
546.0
555.2
553.8
552.0
551.6
551.0
551.6
553.4
547.6
552.2
547.4
546.6
548.8
550.6
551.0
550.4
549.8
549.6
549.6
552.0
550.6
556.0
555.6
555.2
555.6
556.0
554.4
557.0
554.8
549.0
557.0
563.0
562.2
558.4
558.2
560.0
558.8
559.6
559.4
549.6
550.4
552.8
551.0
550.4
557.2
554.0
557.0
556.6
556.4
559.8
559.8
559.0
559.4
560.0
557.8
559.6
557.2
556.8
559.8
560.0
560.0
559.6
559.6
559.2
559.2
559.0
559.0
557.4
559.0
557.2
558.8
558.8
556.6
556.6
556.6
558.8
558.8
559.0
556.4
559.0
558.2
556.8
560.0
555.8
558.8
557.4
558.2
554.2
554.2
554.4
557.0
556.4
556.6
556.0
559.2
557.2
557.4
557.6
557.6
557.6
557.8
557.2
558.0
555.6
555.2
552.2
555.6
552.0
552.6
553.8
555.4
557.6
552.4
551.8
552.0
553.4
554.4
555.6
552.8
554.6
554.4
549.4
550.0
551.0
551.2
553.2
551.4
548.6
548.6
547.8
547.0
546.2
547.2
546.4
547.2
548.0
547.0
551.2
546.8
552.6
548.8
550.6
552.4
552.4
551.0
549.8
551.8
545.6
545.6
546.6
546.0
546.0
551.4
549.8
551.6
553.4
551.6
551.2
550.8
551.2
549.0
551.0
553.6
553.4
558.2
558.4
558.2
554.4
553.4
546.0
547.8
548.2
547.8
544.2
543.6
540.4
542.2
541.0
546.0
547.2
549.8
549.0
550.0
543.0
547.2
546.8
550.0
550.0
541.6
544.6
544.6
545.2
541.4
539.0
538.8
539.4
539.2
538.4
539.6
540.0
540.6
541.4
541.2
541.6
538.4
539.4
534.8
532.6
527.0
527.0
527.0
527.0
523.8
524.0
518.8
525.6
530.0
528.6
529.6
528.6
527.8
528.0
528.0
528.2
529.0
530.4
529.6
530.8
531.6
534.6
534.0
534.2
534.6
531.6
533.8
533.8
534.0
533.2
534.2
536.2
536.6
536.4
533.6
538.0
538.6
542.4
538.2
538.4
538.4
540.0
544.0
543.2
542.8
544.4
554.0
548.0
548.8
548.4
548.8
551.2
551.6
552.2
561.6
560.0
558.4
554.2
555.0
555.6
557.0
558.4
559.0
559.0
560.0
556.8
546.6
551.2
550.2
550.0
552.0
552.8
557.6
557.6
554.8
559.2
556.6
560.0
557.0
559.8
551.8
553.8
552.4
552.0
542.2
543.0
542.6
544.4
546.6
546.8
540.8
532.2
528.8
537.0
539.8
547.0
549.0
607.0
596.0
564.2
559.4
556.4
561.2
561.0
560.4
555.0
555.6
560.4
560.0
547.2
549.4
552.0
546.2
547.2
542.6
542.8
545.2
540.6
536.4
536.4
536.6
529.0
529.2
529.8
533.4
531.4
530.8
533.8
535.0
529.0
530.0
528.8
529.8
529.0
527.8
525.2
527.8
529.8
529.0
529.0
524.0
525.2
523.8
525.2
527.0
526.4
526.2
522.6
525.0
527.0
525.2
525.4
526.6
526.0
520.0
520.2
521.0
515.4
515.4
514.2
514.0
513.2
513.8
508.2
500.2
507.4
506.6
504.4
501.0
500.4
498.0
495.0
507.4
501.6
501.0
501.0
500.4
501.8
500.4
501.0
501.0
501.0
501.0
499.2
496.8
497.6
498.2
498.8
500.0
499.0
502.0
493.8
485.6
490.0
490.8
491.8
489.2
488.2
490.0
490.0
475.4
479.8
486.4
490.2
491.8
490.2
490.0
490.0
504.2
495.8
490.2
487.4
495.0
488.4
498.6
499.4
499.8
500.0
498.4
499.4
498.8
498.8
499.0
498.8
497.8
497.4
497.8
498.0
498.0
492.4
491.0
492.0
491.2
491.8
493.6
490.0
492.2
484.6
490.0
490.8
489.4
489.2
489.4
487.6
484.6
478.0
480.8
475.0
476.0
475.4
475.8
472.0
475.2
476.0
472.2
472.8
471.4
471.4
471.8
472.4
473.8
473.0
471.8
471.0
470.2
468.2
468.4
467.4
472.2
471.8
470.4
470.4
469.8
469.6
461.2
455.0
450.6
449.4
451.8
451.4
452.2
451.0
452.8
454.6
465.0
457.4
457.8
456.6
454.4
454.2
455.0
472.2
479.8
479.6
480.2
484.4
491.8
494.0
499.2
508.0
496.0
499.0
498.4
496.2
497.0
494.6
498.0
494.0
491.0
485.0
484.6
483.6
483.6
484.2
483.4
482.2
482.2
489.0
498.0
497.0
494.0
491.2
491.0
496.4
499.4
499.2
496.0
487.2
489.6
493.4
488.8
495.8
493.0
491.2
488.4
490.0
491.2
492.0
492.2
490.0
487.0
488.8
495.0
494.0
493.8
492.2
490.0
488.2
489.0
487.8
487.6
493.6
491.4
488.8
487.8
489.2
488.8
489.0
488.0
485.2
482.6
485.6
489.0
488.0
489.6
485.6
486.4
486.6
485.8
484.6
483.0
490.0
492.0
485.6
487.0
488.0
488.0
484.6
487.0
491.8
491.0
492.0
488.0
488.0
492.8
480.2
481.0
478.0
479.0
482.0
485.6
492.0
494.8
496.0
498.0
499.8
499.6
491.0
493.0
497.6
492.6
493.8
487.4
480.0
482.8
482.4
483.6
483.2
485.2
482.6
483.0
481.0
483.0
485.2
486.4
486.4
484.2
483.2
481.0
482.0
481.6
481.2
485.2
485.0
481.6
482.2
480.2
480.4
480.2
482.6
480.6
482.8
482.0
480.2
480.6
480.6
480.2
480.2
478.6
485.4
484.6
484.6
480.4
482.2
482.0
481.4
481.8
481.0
486.2
491.4
499.6
507.0
502.2
498.8
489.4
494.4
499.2
506.6
499.6
497.0
499.8
500.0
506.4
511.0
509.4
512.0
517.4
521.4
515.8
521.8
521.4
522.8
524.0
523.8
512.4
521.6
525.8
528.6
533.4
530.0
529.8
529.0
528.8
519.8
522.6
526.6
525.6
525.4
525.2
525.0
525.0
525.0
524.8
530.0
524.6
520.0
518.8
519.0
519.0
519.0
519.0
514.2
519.2
519.6
521.8
523.2
522.4
523.2
520.0
520.0
520.0
518.0
527.0
520.0
517.8
517.6
516.8
517.2
516.8
515.0
515.0
496.2
515.6
514.6
514.8
514.6
514.8
515.6
512.4
511.8
513.0
517.8
517.6
517.6
517.6
516.0
515.6
518.0
517.4
517.0
519.0
514.4
514.2
514.6
515.0
515.4
516.8
516.8
503.6
502.2
506.4
509.0
512.0
510.0
511.4
510.0
510.0
509.6
515.8
512.0
514.4
516.0
520.0
520.0
512.4
513.0
512.6
513.0
513.2
514.6
511.8
511.0
510.2
505.2
505.8
505.8
506.4
508.6
507.4
509.0
508.0
507.0
508.8
505.8
510.2
509.4
509.4
510.2
507.0
506.6
505.8
506.4
511.4
509.8
512.0
520.0
520.0
519.8
519.8
519.8
519.8
518.0
502.2
505.2
505.2
505.0
505.4
505.4
505.0
505.8
503.2
505.0
503.0
503.8
503.6
502.2
497.0
497.6
497.4
498.0
497.0
497.8
498.4
497.4
497.8
497.8
497.4
497.2
496.8
499.8
500.2
500.0
498.4
496.0
496.6
497.0
496.2
496.6
491.0
494.4
487.2
487.6
488.0
487.0
485.6
488.8
499.4
493.4
487.2
487.6
485.6
486.2
486.4
485.0
484.2
487.0
487.0
485.2
482.6
482.4
482.0
483.0
482.6
482.0
483.0
480.0
480.2
480.2
480.4
480.6
483.8
482.8
481.0
480.6
483.8
483.8
480.6
483.4
483.4
483.0
482.2
481.8
481.6
482.0
483.4
475.2
483.4
476.2
477.8
478.8
479.6
495.4
490.0
481.0
478.0
477.6
478.2
479.2
479.2
479.4
479.8
479.8
479.8
496.4
491.0
494.4
492.8
492.0
492.2
491.4
491.4
491.0
492.4
497.6
499.0
498.2
498.0
498.4
499.0
499.0
499.6
500.6
500.4
500.2
500.6
500.2
500.2
500.4
500.0
495.4
500.0
499.0
493.6
493.0
494.8
496.2
497.4
496.4
500.2
496.0
495.6
495.2
495.0
494.0
492.4
503.4
490.0
493.2
493.2
494.0
494.0
495.0
493.0
498.4
492.4
493.0
493.0
494.0
492.8
493.2
503.0
495.6
496.4
497.2
497.6
496.8
497.6
498.8
500.0
494.8
498.8
497.0
496.8
499.6
494.4
494.4
494.2
494.8
496.4
496.6
495.2
496.2
497.4
497.4
497.0
497.0
498.4
498.8
496.8
496.2
494.8
499.2
503.0
500.2
495.0
497.0
495.4
497.8
498.6
499.4
500.0
496.0
499.2
495.0
495.0
496.6
496.4
498.4
499.0
498.0
495.2
495.6
498.6
496.4
498.0
498.2
497.0
497.2
497.0
497.0
495.4
495.2
496.8
497.8
496.6
496.2
496.2
495.2
495.6
495.4
496.0
495.0
495.4
499.2
498.4
495.8
495.4
495.0
494.8
499.4
487.0
482.8
490.2
484.8
485.4
485.2
487.2
486.8
485.0
486.0
489.0
488.0
486.2
483.0
483.0
483.2
483.0
483.0
480.4
481.2
481.6
481.2
483.0
482.6
482.0
482.8
480.4
480.0
480.8
481.6
480.0
482.2
477.0
479.8
480.0
481.6
481.2
482.6
481.2
480.4
482.0
482.6
481.4
479.2
481.4
481.0
481.4
482.8
482.4
480.4
479.4
479.6
479.8
480.0
480.6
479.8
480.0
480.6
480.2
480.6
481.0
480.0
480.6
478.2
480.6
479.8
480.2
480.6
480.2
480.0
479.6
479.8
480.4
480.4
479.8
480.6
480.0
479.8
480.0
479.8
476.0
480.6
487.6
484.8
483.2
483.4
484.4
484.2
479.2
480.4
481.6
479.6
478.2
478.4
478.6
483.2
479.0
478.0
480.2
479.6
482.0
485.2
484.6
484.6
482.0
481.0
482.6
482.8
485.0
485.6
485.4
485.2
484.8
484.8
484.8
485.2
486.0
492.4
485.2
481.8
481.8
482.6
482.6
482.8
486.8
485.6
485.0
481.2
482.2
482.0
484.2
485.8
485.6
491.0
487.6
487.0
478.4
478.0
480.0
475.0
483.8
482.6
485.6
487.0
486.6
488.0
487.4
486.8
488.6
487.4
484.0
488.6
486.0
479.8
469.8
468.0
468.0
470.6
471.6
470.0
470.0
471.0
471.0
468.0
469.8
468.2
470.0
464.4
471.6
469.6
470.8
470.0
468.8
468.4
466.2
466.2
468.0
467.2
463.2
463.0
459.0
459.0
464.0
458.4
456.0
458.6
459.6
464.8
464.4
468.6
468.4
466.6
470.0
473.8
474.0
473.0
472.0
469.8
468.8
470.0
470.0
472.8
481.0
466.6
469.6
466.6
469.6
468.2
464.2
467.2
470.0
466.6
459.2
460.0
457.0
461.8
461.6
460.8
454.0
449.2
449.4
478.2
473.6
470.6
468.0
482.0
482.0
480.0
485.0
488.2
488.8
485.0
490.0
481.2
492.0
493.4
491.2
493.4
491.4
491.0
505.2
496.0
497.2
498.0
495.0
491.0
489.0
486.0
489.0
486.0
493.6
491.4
492.4
490.0
488.8
487.0
486.2
486.6
488.2
492.4
495.8
495.6
492.0
494.0
497.0
490.2
489.4
494.4
500.2
500.4
496.8
497.2
499.0
500.4
500.6
506.0
499.4
495.0
500.6
499.0
500.6
495.0
493.0
490.0
499.8
495.6
500.4
500.6
500.4
492.4
497.0
499.4
499.2
500.2
500.2
500.2
497.6
492.0
496.2
492.6
499.6
499.0
495.8
500.0
500.0
500.4
500.4
500.0
500.0
499.8
497.4
500.0
497.2
500.4
500.0
500.0
500.2
500.6
500.4
500.0
500.4
500.4
500.2
500.6
500.6
496.4
497.8
500.0
497.6
499.6
500.4
499.8
500.0
500.4
498.6
500.4
500.0
500.6
500.2
500.6
500.4
496.8
496.6
500.0
500.0
499.8
500.6
500.6
500.6
499.8
500.6
500.6
495.4
500.6
500.0
499.6
500.6
500.0
498.0
500.6
498.0
499.4
498.6
499.4
500.6
498.0
498.0
500.4
500.6
500.6
495.6
495.4
494.2
494.6
500.2
493.8
494.0
493.0
493.0
493.0
492.0
479.4
480.8
478.2
474.6
474.0
472.8
476.2
476.8
476.0
480.0
474.4
480.4
480.4
476.2
481.8
480.4
483.4
479.6
480.8
480.0
487.2
482.4
480.2
484.6
480.0
479.0
477.0
470.0
476.0
478.0
465.2
476.2
469.4
467.2
465.8
465.8
470.0
468.6
470.0
466.0
465.4
464.2
462.0
462.0
461.0
466.0
463.8
460.4
459.6
459.8
464.0
463.6
463.6
460.0
460.0
454.2
455.0
454.2
455.8
458.6
458.0
459.6
459.4
458.0
452.4
452.6
452.4
452.2
452.8
452.2
454.6
454.2
453.4
453.0
456.4
453.4
453.2
452.2
454.8
452.0
456.0
456.4
454.6
454.4
454.4
453.0
453.0
453.2
452.0
458.4
467.2
466.0
467.0
466.0
465.6
466.0
465.4
469.0
462.0
467.0
460.0
458.2
458.2
458.8
461.6
458.0
463.0
459.0
460.0
465.4
462.4
462.2
463.2
460.6
458.6
462.0
462.0
462.0
462.0
462.0
464.8
468.4
466.2
469.6
469.0
469.6
463.2
464.6
462.6
462.4
460.6
459.6
460.0
458.6
460.8
462.4
459.2
459.2
459.8
459.0
458.0
457.4
464.4
460.0
456.4
456.2
455.6
457.4
458.2
455.2
467.2
460.0
463.0
463.2
465.4
464.8
464.4
464.2
465.6
463.2
472.0
467.4
467.6
469.4
466.4
466.0
463.0
467.4
466.2
462.0
464.2
465.2
459.4
461.2
458.6
462.6
461.0
461.6
462.0
460.4
460.0
460.0
454.6
456.0
455.8
458.0
459.2
458.0
458.0
460.0
461.2
459.2
458.8
458.8
458.4
459.0
458.2
460.2
458.0
458.0
459.2
458.8
458.0
458.8
458.4
458.0
459.8
460.8
460.2
460.0
459.8
461.6
458.0
458.0
460.2
460.2
459.4
458.0
463.6
468.0
466.8
468.4
469.0
467.4
468.6
472.6
489.2
483.0
485.2
472.8
475.0
477.0
472.4
476.4
474.0
470.0
467.0
469.0
469.2
468.6
469.4
469.0
470.2
481.0
480.0
481.8
485.2
480.0
480.0
480.0
482.8
484.6
481.2
479.8
479.8
479.8
478.6
476.8
476.4
478.0
474.0
473.6
472.4
472.4
471.2
471.4
471.2
474.6
475.6
476.8
476.4
475.6
468.8
468.0
468.0
468.0
470.0
470.0
468.0
463.0
463.0
463.0
463.0
463.0
466.0
469.0
465.6
466.0
466.0
466.0
469.2
469.0
470.0
471.8
466.6
470.0
465.8
465.0
465.8
476.0
470.0
472.0
474.0
472.0
475.6
472.0
469.6
469.4
473.4
471.6
467.2
468.2
468.2
468.2
467.0
471.6
469.0
474.2
468.2
473.6
467.4
469.8
470.0
468.4
468.4
467.8
467.8
467.8
469.8
471.0
470.0
470.2
468.2
468.6
468.2
468.2
469.2
468.8
469.4
469.4
469.4
468.4
467.6
466.6
466.2
466.6
464.8
464.8
464.8
464.8
465.2
469.6
467.2
470.8
474.6
472.2
476.2
469.0
467.2
468.8
467.4
469.8
469.2
467.4
474.2
472.4
470.8
468.2
484.4
477.0
479.8
482.6
479.6
484.8
484.8
497.8
499.4
496.0
497.0
485.0
485.0
508.8
509.4
505.6
502.0
501.0
501.0
501.8
500.2
502.8
499.8
500.2
499.0
499.0
500.2
502.0
497.0
498.2
510.0
514.8
510.2
509.8
508.0
498.8
497.2
505.8
503.4
502.0
502.6
502.6
501.8
501.0
501.0
504.0
501.4
497.0
497.2
494.8
493.0
494.8
493.0
495.0
490.2
490.2
490.8
492.6
491.4
490.2
490.2
491.8
490.8
490.8
489.4
488.2
488.2
486.8
484.8
480.8
480.0
480.0
478.4
478.4
478.8
477.8
477.2
477.6
480.0
480.0
477.6
478.4
478.4
477.4
478.2
481.8
480.0
478.6
478.6
478.6
477.6
479.2
477.8
477.8
477.8
486.0
493.4
505.6
500.2
500.0
493.0
489.6
490.0
490.4
487.2
490.0
487.8
480.0
479.8
479.2
479.8
480.0
483.8
485.0
479.0
477.4
477.4
477.0
480.2
479.8
479.8
479.8
478.2
477.0
479.2
501.0
503.8
503.4
503.4
501.0
510.0
511.0
524.0
524.4
525.0
527.2
525.0
527.0
527.0
527.0
519.0
517.0
523.4
526.8
526.0
528.6
523.4
523.4
505.2
500.0
497.8
527.0
527.0
521.4
518.0
507.4
507.4
495.2
499.8
502.8
509.0
505.0
507.0
509.8
508.2
508.0
507.6
510.0
505.2
515.2
516.0
512.6
514.4
510.6
514.0
514.0
505.0
511.6
515.0
515.0
515.0
513.2
513.0
513.0
510.0
512.6
512.4
512.6
513.6
511.0
511.0
511.4
511.0
512.6
511.6
516.0
515.0
515.0
515.0
515.0
515.0
513.0
513.6
514.0
514.8
515.0
513.0
514.0
514.0
519.2
519.2
528.6
528.0
527.6
520.2
517.4
517.2
535.0
530.0
533.6
533.0
536.2
530.0
530.0
529.4
536.8
538.0
538.0
540.4
537.6
537.4
538.2
539.0
539.0
539.0
536.6
523.6
522.6
520.0
524.0
525.6
524.4
524.0
524.0
534.4
534.4
519.0
517.6
518.4
518.2
516.6
514.4
515.8
514.0
516.8
516.8
508.2
509.2
509.0
508.4
509.0
511.2
509.0
518.2
513.0
517.0
515.2
514.4
514.4
514.0
513.6
513.6
523.4
513.8
512.2
508.8
505.2
504.4
504.4
503.8
496.6
496.8
496.8
498.6
498.0
497.6
499.4
499.8
498.6
498.6
501.6
500.4
502.0
504.0
500.4
499.2
500.0
504.0
503.2
497.2
506.6
506.4
505.2
504.8
505.2
508.4
507.0
506.8
501.0
518.0
504.8
502.8
506.0
510.0
507.4
505.2
507.6
509.2
505.2
510.2
502.8
501.4
499.8
500.2
500.2
501.6
500.8
507.8
507.0
506.0
507.2
512.0
515.0
514.8
513.4
515.0
512.8
512.2
512.2
515.0
514.8
514.0
506.0
505.0
505.0
508.2
509.4
504.4
502.4
501.0
501.0
500.0
507.4
502.2
502.2
501.8
500.4
502.4
497.4
497.2
496.2
498.8
498.0
497.0
498.6
495.8
497.8
499.2
497.8
508.2
500.0
499.8
501.0
501.6
503.0
504.0
504.6
505.0
505.0
503.0
499.2
500.0
500.6
498.2
497.0
497.2
490.2
478.8
470.0
486.4
486.0
481.4
480.0
480.0
481.4
481.4
481.8
482.0
486.6
488.2
489.0
491.6
487.4
488.0
486.6
489.2
488.4
491.0
489.6
486.2
488.6
486.6
487.4
487.2
491.8
498.8
494.6
492.4
491.6
489.8
489.6
491.6
491.4
491.6
496.4
490.0
489.6
491.4
490.0
488.4
489.4
491.6
491.8
491.6
489.6
486.4
487.8
485.6
482.2
482.4
484.4
484.4
484.4
483.2
491.8
492.0
493.8
495.0
497.4
498.0
500.4
500.2
499.8
500.8
497.8
499.6
499.6
500.4
499.6
499.8
500.0
499.0
498.2
499.2
499.0
498.8
499.4
499.2
498.2
499.6
495.0
496.4
494.8
495.6
496.6
496.8
496.2
495.2
495.2
499.8
497.8
497.2
497.2
497.2
497.6
496.8
497.8
496.6
497.0
496.2
498.4
496.4
498.6
498.2
499.8
497.6
497.4
498.0
499.4
500.0
498.2
498.2
498.8
498.8
499.0
499.8
499.8
499.0
498.6
498.8
507.0
507.0
509.6
506.8
506.8
505.2
498.0
498.0
498.0
496.4
496.0
498.0
497.0
497.6
497.8
509.0
505.8
505.0
505.2
505.0
505.2
505.2
504.4
503.2
503.0
505.4
502.2
502.8
504.2
504.8
504.4
518.2
513.0
502.6
504.0
505.6
517.0
517.0
517.0
517.8
517.0
513.4
482.4
505.0
495.2
495.2
496.2
498.6
497.0
504.8
509.2
511.8
508.4
504.0
496.6
499.4
494.4
495.8
500.8
509.8
503.2
500.4
499.6
502.4
502.6
501.4
500.8
502.8
499.2
501.6
510.6
511.0
511.2
511.0
515.0
514.6
514.6
512.8
513.0
513.0
513.0
510.2
502.2
503.0
502.2
499.6
503.0
509.0
505.4
502.0
500.4
500.2
510.0
515.0
482.4
491.2
493.6
491.4
493.0
496.6
495.0
493.6
491.8
495.6
496.6
496.2
498.8
494.4
492.2
491.0
480.0
479.8
479.8
479.0
480.0
478.0
478.0
478.0
475.8
474.8
473.0
473.4
473.2
473.4
472.4
469.0
468.0
467.8
449.8
429.0
443.0
443.4
442.8
465.0
462.4
459.0
450.6
464.6
487.2
476.2
472.6
468.8
464.6
499.0
487.0
490.0
490.0
490.2
490.0
490.0
490.0
496.0
499.0
499.0
481.6
491.0
488.6
487.8
484.0
486.6
486.0
470.6
487.4
483.6
470.6
466.0
468.2
468.2
466.4
465.2
451.8
474.8
468.8
464.8
465.8
467.0
466.2
468.2
468.2
451.2
464.8
465.0
467.6
468.0
468.2
468.0
468.4
464.0
461.0
475.0
474.0
473.2
471.0
462.2
461.8
462.2
461.0
477.0
466.0
464.0
469.4
463.2
467.2
465.0
467.8
468.6
464.2
473.2
471.6
464.0
461.4
457.0
457.8
456.6
457.0
453.0
459.8
461.4
461.2
458.2
453.4
456.0
456.8
459.2
462.0
467.0
465.6
461.0
460.0
462.2
463.2
460.2
461.6
469.6
463.4
463.4
459.2
457.2
459.8
459.2
458.6
458.6
457.0
460.8
460.4
456.6
457.0
455.6
457.8
457.8
458.6
454.0
459.4
458.8
457.0
455.4
456.2
457.4
455.2
455.2
452.4
456.8
455.6
455.0
453.0
453.2
453.0
452.6
453.0
453.0
457.0
457.2
457.4
457.6
458.2
456.0
454.8
453.8
452.0
456.4
453.0
452.4
454.4
454.4
452.6
454.0
456.2
455.8
458.0
457.8
453.2
453.6
452.2
452.8
453.0
455.0
452.8
461.0
454.8
455.0
453.8
457.8
457.0
455.8
455.0
457.6
457.6
455.2
454.8
454.2
454.0
454.2
453.0
453.6
453.0
452.6
450.2
453.0
452.0
447.4
447.4
446.2
447.0
448.0
447.8
446.4
453.8
452.2
449.6
448.6
449.6
446.8
447.4
449.0
446.2
449.8
452.0
455.4
450.4
452.0
453.0
451.6
452.2
451.4
449.8
451.0
448.8
446.8
447.0
446.2
447.2
446.4
448.4
444.6
447.0
444.8
439.4
438.4
443.2
443.6
441.8
440.8
440.8
441.0
441.8
440.4
434.4
433.8
433.0
429.8
437.8
441.0
437.0
438.8
438.8
439.6
443.0
438.0
437.4
437.0
437.4
433.4
435.6
435.2
435.4
436.8
434.0
435.8
432.0
433.2
433.2
433.2
433.6
436.2
435.0
432.2
435.6
432.2
436.0
435.0
433.0
430.8
430.4
431.0
430.0
433.0
435.0
433.6
433.6
433.4
434.6
434.0
433.2
430.0
433.0
432.2
433.6
434.8
434.4
433.0
433.2
434.8
430.0
433.0
434.2
432.0
432.8
431.4
433.0
434.0
430.0
426.0
429.6
429.0
428.8
429.0
429.4
430.0
430.0
429.2
430.2
433.8
433.8
434.0
434.0
435.2
435.0
434.0
433.0
430.4
433.0
427.2
428.4
429.4
429.4
429.0
426.6
426.0
425.0
438.4
462.8
460.4
453.8
448.0
450.0
454.8
454.2
463.4
469.8
470.8
457.4
456.8
459.0
458.6
455.8
455.6
467.2
465.2
465.2
456.6
461.0
462.0
466.4
466.6
466.6
464.4
465.0
464.4
466.6
465.8
465.4
465.6
466.0
467.2
467.6
467.2
467.2
464.6
463.6
461.6
464.0
463.2
461.0
456.8
450.4
446.2
449.6
446.8
442.0
442.2
444.6
443.8
443.6
442.0
440.4
447.2
443.6
443.6
445.0
445.4
440.6
427.8
424.2
424.0
427.2
422.2
422.8
422.8
420.2
412.8
410.2
410.2
405.0
406.0
406.2
406.2
407.2
407.0
407.2
406.0
407.2
407.0
423.4
414.0
414.2
414.4
415.4
415.8
414.6
408.6
406.0
407.0
406.0
405.6
404.4
404.2
404.4
406.4
409.0
406.8
410.0
415.0
413.6
412.8
410.8
412.2
411.8
412.0
411.8
408.6
408.0
409.4
408.2
408.2
407.2
408.0
406.4
408.0
410.0
407.8
407.8
407.6
408.0
407.6
407.4
408.4
408.4
411.0
412.0
412.0
410.2
410.2
409.4
411.0
409.8
408.8
409.2
407.8
407.6
408.8
409.8
409.0
409.0
409.0
396.4
406.0
409.6
409.0
410.0
409.8
411.4
411.2
411.6
422.0
416.0
416.6
416.0
416.6
416.6
416.6
412.2
410.8
410.0
409.8
412.6
412.4
410.6
411.0
411.6
411.2
413.4
441.0
450.0
474.0
457.0
458.0
458.2
457.6
458.2
458.0
457.2
459.0
453.0
453.6
459.8
460.0
460.0
460.0
457.2
455.2
455.8
455.0
469.0
470.0
466.6
469.4
469.0
469.2
469.0
467.4
467.6
466.2
466.4
463.4
463.2
463.0
464.8
464.6
464.6
463.2
463.4
463.8
463.0
462.4
463.2
463.2
462.8
462.0
461.0
463.6
462.2
462.8
462.6
461.6
461.4
461.8
464.0
462.0
462.6
464.0
466.0
465.8
463.2
465.0
463.2
463.0
463.8
462.6
464.6
465.0
463.8
464.6
463.8
464.0
464.0
463.8
462.8
463.6
464.8
465.0
463.4
463.4
463.4
462.0
462.0
460.8
461.0
462.2
461.4
460.6
459.4
459.4
459.8
459.0
457.0
462.0
458.0
457.6
459.0
458.0
457.2
458.0
452.6
454.4
453.8
453.8
455.0
455.4
453.2
454.0
451.4
452.6
454.4
454.0
454.0
453.4
453.6
454.0
455.2
455.4
454.0
456.0
457.0
457.2
457.2
456.6
456.0
456.2
456.8
454.4
460.6
459.6
461.2
459.6
459.6
459.6
460.0
459.0
462.0
461.6
461.8
460.0
457.2
457.4
458.0
457.2
456.0
456.4
459.0
459.0
460.0
459.4
459.2
458.6
460.2
456.0
464.0
463.0
463.0
463.2
466.2
464.0
462.6
460.0
460.0
462.6
461.6
460.8
459.2
460.0
459.8
459.2
460.4
459.0
460.2
464.4
465.6
463.2
462.0
460.8
464.0
463.0
461.0
470.0
460.0
460.0
461.4
460.0
459.2
459.4
458.8
458.8
458.0
459.2
459.2
457.4
457.6
458.2
458.4
458.0
458.8
456.8
465.4
459.0
459.2
457.8
456.8
457.0
459.6
457.4
465.4
459.2
459.2
457.4
460.0
458.4
457.6
458.0
458.0
457.0
461.4
461.8
461.0
460.2
460.4
460.6
460.4
460.6
458.0
460.6
460.2
513.8
513.2
511.8
512.0
513.4
513.0
512.8
513.0
513.8
513.2
513.0
512.4
514.0
513.0
512.8
511.8
512.0
512.2
512.2
512.2
512.4
512.2
513.0
513.2
512.8
512.6
513.4
512.6
512.8
512.8
513.0
513.4
513.2
513.2
512.8
513.0
513.2
513.2
513.2
513.4
512.4
513.0
512.6
512.6
512.6
513.2
513.2
513.6
513.2
513.6
513.4
513.4
513.2
513.0
514.0
514.0
514.2
514.2
514.0
514.0
514.0
513.4
513.0
515.0
515.8
515.8
516.8
516.8
515.4
515.6
516.2
516.8
516.0
518.4
518.2
518.4
519.2
519.4
518.6
519.0
519.4
520.8
520.4
520.6
520.0
518.4
518.4
519.0
518.0
518.0
518.4
519.0
518.8
518.8
518.8
518.6
519.0
518.8
518.4
518.0
518.4
519.0
519.2
519.2
519.0
518.8
519.0
518.8
518.0
518.6
519.0
518.8
518.8
518.8
519.0
518.8
519.0
519.0
519.0
519.2
520.0
519.2
520.4
520.4
520.4
520.4
520.4
520.6
520.2
521.2
521.0
521.4
522.8
522.2
522.8
523.0
522.8
522.4
522.4
523.0
522.2
522.6
523.2
523.0
523.4
523.4
523.4
523.6
522.6
522.8
523.2
523.6
523.2
523.2
523.2
523.8
524.4
524.0
524.0
524.0
524.0
524.2
524.6
524.0
523.6
523.8
524.0
524.4
523.6
523.6
523.8
524.0
524.6
523.2
523.4
523.8
523.8
523.6
524.2
523.8
524.0
524.0
523.4
523.2
523.6
523.8
523.4
523.8
524.4
524.2
524.4
524.0
524.4
524.0
524.2
525.0
525.2
525.0
525.0
525.4
524.6
524.8
524.6
525.2
524.8
525.0
525.2
525.8
525.4
525.6
525.2
525.6
525.6
526.0
525.8
526.0
526.2
526.0
525.8
526.8
526.8
526.4
526.4
526.2
526.6
526.6
526.6
526.6
526.4
527.2
527.2
527.2
527.0
527.4
527.0
527.0
527.0
527.4
527.2
527.2
527.4
527.2
527.6
528.4
527.8
527.6
527.6
527.6
528.0
527.8
528.2
528.6
528.0
528.0
528.0
528.0
528.2
528.0
528.8
528.8
528.8
528.2
528.6
528.6
529.0
529.0
529.2
529.2
529.6
529.6
529.0
528.6
528.6
528.6
528.6
528.8
529.0
529.0
529.0
528.8
529.2
529.2
529.0
529.2
529.2
529.2
529.0
528.8
529.0
529.2
528.8
528.8
529.0
529.0
527.8
528.6
527.8
528.4
527.8
527.8
528.2
528.2
528.0
528.2
529.0
529.2
528.6
528.6
528.8
529.0
528.6
528.2
528.4
528.0
528.0
528.2
528.2
528.8
528.2
528.0
528.0
527.2
527.2
527.2
527.0
528.0
527.6
528.0
526.6
528.4
528.0
528.6
528.4
528.0
528.6
528.6
528.0
528.0
528.2
528.2
528.2
529.0
528.2
528.2
528.2
528.2
528.6
528.4
528.4
528.4
528.2
528.8
528.2
528.2
528.2
528.2
528.6
528.2
528.8
528.2
528.8
528.8
528.6
528.6
528.6
528.6
528.8
528.6
528.6
529.0
528.6
528.8
528.6
528.6
528.6
528.8
529.4
528.6
528.8
528.2
528.4
529.2
529.0
529.0
529.2
529.2
529.6
528.8
529.6
530.2
529.4
529.4
529.2
530.0
529.6
529.8
525.0
525.4
529.0
527.4
529.4
529.0
529.0
525.8
529.4
528.0
529.2
528.0
529.4
511.2
507.4
503.8
504.4
505.6
506.2
509.4
508.8
505.8
505.8
517.4
516.2
516.2
515.2
515.2
512.6
515.0
512.8
530.8
527.6
527.2
524.2
524.2
523.6
515.0
514.8
510.2
515.0
503.4
502.0
502.2
503.0
503.8
501.0
503.8
503.8
501.0
500.2
501.0
500.6
500.6
493.4
492.4
491.6
494.2
494.4
508.8
502.8
505.0
504.0
500.0
494.4
499.8
501.0
501.6
498.2
492.2
493.6
492.2
488.6
490.4
484.0
481.4
483.0
482.2
482.2
482.4
483.8
482.6
482.0
477.2
481.4
479.6
479.6
481.0
477.8
477.8
468.2
470.0
470.0
470.6
470.0
472.0
473.0
470.2
470.0
470.4
470.4
468.6
466.6
473.6
472.6
473.0
474.2
475.0
474.8
471.6
476.8
466.6
474.8
476.0
475.4
475.4
475.4
478.6
478.2
478.8
473.8
473.4
473.2
473.0
470.6
470.0
470.4
478.0
475.2
475.2
479.0
476.6
478.0
480.0
481.0
478.4
479.6
479.0
478.2
478.8
480.4
480.8
478.8
477.6
478.8
477.2
477.6
477.6
477.2
480.8
483.4
483.0
482.0
480.8
480.8
483.4
479.0
483.2
483.6
481.2
481.4
479.0
477.2
479.0
479.6
478.8
481.2
484.2
481.4
481.4
481.8
482.0
481.6
481.0
484.8
485.6
492.6
493.2
491.4
489.6
486.4
486.4
486.2
488.0
476.6
477.6
475.2
478.2
478.4
478.4
476.0
478.2
484.2
480.4
475.2
477.4
480.0
476.8
478.6
480.2
479.0
480.6
478.2
479.4
480.4
480.4
481.0
482.0
476.0
480.8
481.0
485.4
484.6
482.2
484.8
482.6
480.4
482.8
484.6
486.0
487.0
485.4
483.2
485.0
483.0
479.2
480.2
477.6
478.2
478.6
476.8
476.4
473.0
472.8
476.8
475.2
473.2
473.0
472.0
471.0
472.4
472.4
469.0
470.0
469.0
467.2
466.2
466.2
466.0
464.2
462.2
465.6
461.8
461.8
459.0
459.0
458.4
455.0
458.8
458.2
460.8
459.6
459.8
460.0
460.2
460.8
461.8
461.4
460.8
461.6
461.4
461.2
450.0
464.2
461.0
459.0
458.2
459.0
457.8
457.4
456.0
460.8
461.2
460.2
459.6
459.0
459.0
458.0
458.0
459.0
457.4
464.0
463.0
462.0
462.2
462.2
462.0
466.4
466.6
467.6
466.2
465.0
463.2
460.2
459.8
460.8
460.0
460.0
460.6
462.2
462.0
465.6
465.6
467.8
468.0
465.8
466.8
466.4
460.6
459.2
460.0
461.0
462.2
461.6
460.4
461.0
463.4
461.8
464.6
464.6
460.0
461.8
458.8
461.4
462.0
460.6
467.6
465.8
468.0
468.8
468.6
468.6
467.0
467.6
468.2
465.0
465.4
464.2
464.6
463.0
462.0
462.0
461.8
464.6
464.8
463.4
465.0
462.6
464.2
464.0
462.4
464.0
463.4
463.4
463.4
462.4
462.0
462.0
463.0
461.8
463.6
463.6
463.6
463.6
462.4
462.4
463.2
462.2
463.6
463.6
468.6
468.8
473.0
465.2
467.6
466.8
465.8
466.2
467.8
466.0
468.4
468.8
468.8
470.4
467.2
468.4
469.8
468.2
468.8
468.0
468.0
469.0
467.2
469.2
470.4
468.0
468.2
465.0
465.6
464.0
466.6
466.0
464.2
465.8
466.0
466.2
464.2
466.4
466.0
467.6
468.8
469.6
468.8
469.0
473.0
468.0
472.2
467.4
470.6
473.0
472.8
474.8
474.8
475.0
475.0
472.0
471.4
473.0
476.2
474.4
474.4
476.2
476.0
477.0
477.4
479.0
477.8
483.0
495.6
496.0
497.2
496.6
499.0
497.2
497.0
500.0
500.0
500.8
500.8
511.8
504.4
501.2
500.0
499.0
499.4
496.8
496.2
495.4
498.0
496.0
495.8
494.6
491.4
494.0
491.6
491.6
493.2
491.6
495.6
492.6
494.0
494.0
496.6
494.6
497.4
496.0
497.2
495.8
493.0
493.2
493.0
493.0
486.8
497.0
491.8
491.6
494.2
491.4
491.4
485.0
480.0
480.0
478.0
481.6
483.6
482.6
481.0
482.0
488.0
491.0
490.2
491.8
486.4
502.6
500.0
500.0
499.4
502.6
501.0
502.4
499.0
500.0
500.6
500.4
504.0
504.8
504.4
502.8
502.6
501.6
502.0
500.4
499.2
505.0
505.6
497.6
498.6
498.6
500.0
501.0
500.8
500.0
496.6
499.4
500.8
500.0
499.6
495.6
496.6
495.8
496.0
496.0
496.2
501.6
498.4
498.2
498.4
499.0
500.0
500.0
500.0
500.8
500.4
500.4
500.4
500.6
501.0
500.4
500.4
500.6
500.8
497.4
498.2
498.2
499.2
500.6
500.6
502.8
501.0
503.0
502.8
504.2
502.0
500.2
502.4
501.2
501.2
501.2
498.2
498.2
498.2
498.4
497.0
499.0
499.0
498.8
498.4
498.4
497.2
498.6
496.0
492.6
496.8
496.2
493.0
493.4
493.2
498.4
498.4
495.6
495.8
497.6
497.6
497.8
502.0
502.0
499.0
501.6
499.0
499.0
500.0
495.4
495.8
499.4
499.4
495.2
499.6
495.6
497.4
494.2
498.6
498.6
499.0
498.6
498.6
500.0
501.0
498.4
501.2
501.2
501.4
503.0
500.6
497.4
498.0
499.8
499.6
500.0
498.4
500.8
498.6
496.4
496.4
498.2
498.6
498.2
498.2
498.4
498.8
500.6
497.8
496.0
495.8
496.4
496.8
497.0
496.4
496.6
496.4
498.8
498.8
499.4
499.0
498.0
499.4
496.4
498.6
498.0
497.4
498.6
498.0
498.0
498.0
496.6
497.2
497.8
496.0
499.8
495.8
497.6
498.0
498.0
496.4
496.4
496.0
496.0
497.2
497.4
494.2
493.0
494.2
494.4
493.8
495.0
492.4
492.2
492.0
491.6
492.0
493.0
492.4
497.6
497.8
495.2
494.4
494.4
497.2
494.6
490.8
493.8
492.0
492.2
493.0
493.0
493.6
492.0
492.8
492.6
495.2
497.6
496.8
493.4
492.2
493.2
491.2
494.2
492.0
491.6
491.2
490.4
491.2
491.2
493.8
492.6
493.8
494.6
494.2
490.0
489.0
491.0
489.6
490.4
490.4
492.8
491.8
489.4
489.0
488.0
489.8
490.6
488.0
489.8
490.0
486.4
486.6
488.4
487.4
487.0
487.0
486.0
488.4
488.4
488.0
488.4
488.6
487.4
488.4
488.6
489.4
492.2
492.2
489.8
488.8
487.8
486.4
491.2
489.8
490.6
492.2
487.4
491.4
513.6
505.6
507.0
496.4
499.4
495.0
494.6
494.0
497.6
497.2
493.0
494.6
492.6
492.6
494.8
494.8
494.8
492.8
494.6
494.6
493.2
492.0
492.2
497.0
496.8
493.8
493.8
492.2
492.2
492.2
491.8
497.2
493.0
494.2
495.0
494.0
494.0
492.6
492.8
494.2
495.0
492.6
491.0
492.0
492.6
489.4
485.0
489.6
486.8
487.2
489.2
487.2
487.2
486.8
486.8
483.0
485.4
485.0
486.4
486.6
485.0
485.8
485.0
485.0
486.4
487.4
487.0
486.4
485.0
485.8
485.0
485.0
485.0
485.0
488.8
488.4
484.0
484.0
483.4
484.2
487.2
484.6
485.6
485.8
484.8
484.0
485.8
486.2
485.6
485.6
484.2
484.0
483.8
489.0
487.0
484.0
484.0
484.6
485.0
486.2
483.0
484.8
484.6
484.4
484.6
484.8
504.6
510.4
486.4
483.0
483.0
485.8
486.6
483.2
483.6
483.2
483.4
483.2
483.2
483.2
483.6
484.4
484.6
486.2
485.0
487.0
489.4
493.4
491.6
493.6
491.6
488.6
493.4
489.4
528.4
515.6
512.0
509.6
511.4
511.0
516.4
514.0
514.4
513.4
518.6
504.2
503.4
502.2
501.4
499.4
499.0
501.6
500.2
500.6
505.2
507.4
506.2
508.4
509.0
509.0
507.4
507.2
509.0
507.0
507.2
507.6
508.2
506.6
506.6
506.2
506.0
507.0
506.0
507.6
506.2
507.6
507.6
507.6
505.8
505.2
505.2
505.0
510.4
508.0
507.6
507.8
509.8
509.6
504.4
504.4
504.0
503.8
503.8
504.6
504.6
504.6
505.0
505.0
504.6
504.6
503.8
503.0
504.8
504.6
500.0
500.0
500.0
497.0
496.2
498.4
499.8
499.8
498.2
498.2
497.2
499.2
496.6
493.6
495.0
494.6
495.0
495.0
512.2
510.4
498.8
503.0
502.8
501.0
500.0
500.0
500.0
497.2
494.6
496.8
496.8
491.0
491.0
490.0
490.8
490.0
490.8
489.0
484.4
488.8
488.8
489.0
489.6
489.6
489.4
487.8
489.6
492.0
492.8
488.0
486.6
486.4
486.2
485.2
484.2
486.0
485.6
488.2
486.4
486.4
487.8
487.8
486.0
485.8
484.8
485.8
485.8
485.6
484.4
485.2
485.2
486.6
488.0
489.8
491.0
491.4
491.2
491.8
494.4
496.0
492.0
494.0
494.0
492.2
491.6
493.2
492.0
492.0
490.0
490.0
490.0
488.0
489.8
488.0
489.8
488.2
488.2
491.0
489.2
492.8
493.0
492.6
491.8
490.2
491.6
499.6
497.0
494.8
498.2
498.2
498.0
496.2
498.2
497.0
491.4
490.0
489.0
487.4
488.6
488.6
488.0
489.8
489.2
489.6
491.0
490.0
488.0
486.2
489.2
486.2
488.6
489.4
489.6
489.0
486.6
486.4
486.4
490.0
490.0
490.0
492.6
492.8
490.0
489.2
489.2
492.4
495.4
492.0
493.6
492.8
492.8
491.0
492.8
486.2
489.0
490.0
487.8
489.6
487.8
489.2
487.6
492.4
491.4
490.6
489.2
489.2
489.2
491.4
488.6
489.0
488.4
486.8
484.8
485.4
483.0
484.2
483.0
484.0
485.0
484.2
485.2
484.2
485.2
480.0
479.2
480.4
480.8
480.6
482.4
480.0
479.8
480.2
484.8
482.4
482.4
483.4
483.2
482.0
482.0
482.4
480.2
480.2
480.0
481.2
481.0
481.0
480.2
479.0
479.0
479.2
479.8
480.2
481.0
480.8
481.0
481.0
478.2
478.2
478.2
480.2
481.0
480.0
480.0
478.8
478.8
479.8
480.0
478.8
476.6
481.2
481.4
480.4
478.8
478.4
479.6
479.0
479.6
480.0
479.6
480.0
479.6
478.0
479.2
480.0
485.6
480.4
474.6
474.2
478.0
474.4
474.2
472.2
476.2
477.8
475.0
472.4
472.2
472.2
472.8
472.0
472.2
470.0
470.0
469.8
470.2
471.6
470.4
469.4
469.8
469.4
472.8
472.8
472.4
473.8
470.8
472.4
470.0
470.6
470.0
466.6
467.4
470.4
470.4
470.4
472.6
472.4
472.6
472.6
472.6
471.0
469.0
469.8
468.0
467.4
467.0
467.2
467.0
466.6
468.4
467.0
467.0
465.8
464.2
466.8
462.4
458.6
458.6
458.8
459.0
459.8
460.0
459.8
458.8
459.0
459.0
459.0
459.2
459.0
456.2
457.0
457.0
457.0
456.4
455.4
455.4
457.0
455.8
454.6
454.2
453.8
453.8
453.4
452.8
455.0
454.8
454.0
452.4
453.6
451.6
451.6
451.6
451.8
450.0
449.8
449.4
449.2
448.0
448.0
449.6
449.0
450.0
449.8
449.8
449.0
449.0
449.0
449.2
450.0
451.0
451.0
453.6
448.8
450.8
449.0
449.0
448.8
453.8
454.0
454.2
456.6
456.6
456.8
460.0
459.0
459.8
460.0
460.0
457.4
457.2
457.0
454.8
454.8
455.2
457.0
457.0
454.2
453.2
454.2
454.0
455.0
457.8
459.0
457.0
456.0
456.0
456.2
458.0
458.8
460.0
460.0
460.0
461.0
459.4
459.2
459.2
460.0
460.0
458.2
457.6
457.0
456.2
455.6
455.8
455.8
463.0
464.4
464.4
461.2
463.8
460.0
462.8
462.6
462.0
461.4
457.6
454.2
454.2
451.6
454.2
453.0
453.8
453.4
454.0
453.2
453.2
454.2
452.0
455.0
455.0
455.2
454.0
455.2
455.2
452.0
451.0
451.8
450.0
451.6
449.6
449.0
450.8
449.8
450.0
452.2
452.0
452.2
450.2
452.2
450.6
451.4
454.4
453.4
454.0
454.2
456.2
460.0
460.4
460.4
459.0
457.2
456.2
455.0
454.8
454.0
458.4
458.2
458.2
456.6
455.4
456.0
456.0
456.0
457.0
458.2
458.4
459.2
460.0
457.6
459.8
454.0
457.4
454.0
455.2
455.2
454.2
455.6
455.6
455.8
456.4
457.0
458.0
459.0
459.0
458.2
457.2
458.2
457.4
458.6
456.4
458.4
457.2
458.0
459.8
458.2
458.2
449.8
449.8
458.4
458.2
458.0
456.6
457.6
456.4
455.4
458.2
458.8
458.8
458.8
458.8
458.8
456.2
459.0
454.8
454.8
457.6
451.4
455.8
460.4
459.8
459.8
459.8
460.0
456.0
455.0
454.0
454.0
454.0
455.0
454.4
456.8
458.4
457.8
456.0
457.4
454.2
455.2
455.2
456.0
456.0
454.4
456.0
456.2
454.6
457.4
458.0
458.2
456.4
459.6
457.2
459.8
457.0
456.8
457.8
458.2
459.0
458.0
464.0
474.8
474.4
473.4
468.8
466.6
471.2
466.2
469.2
470.8
470.8
470.0
470.0
476.0
478.0
477.8
479.2
480.2
478.0
478.4
478.6
478.8
478.4
478.4
478.2
479.8
479.0
475.4
472.2
471.4
470.0
487.0
467.0
467.2
470.2
467.0
465.8
471.8
468.2
469.8
469.4
469.2
471.2
465.2
473.4
470.4
470.0
469.0
467.6
466.2
466.0
465.0
467.4
463.8
466.6
466.6
464.0
464.0
467.2
465.0
465.0
465.0
466.0
464.4
459.4
463.2
462.8
460.4
460.0
460.0
461.6
463.2
460.8
470.0
471.4
465.8
465.2
457.4
458.6
453.8
456.0
451.2
451.0
452.0
451.2
453.8
451.6
455.2
457.0
457.0
457.0
457.2
457.2
458.8
457.2
458.0
458.8
459.4
456.8
454.8
457.8
456.6
462.8
464.2
460.0
460.0
462.6
457.2
459.2
461.0
462.4
462.6
465.0
467.4
469.8
468.4
466.0
460.2
465.6
463.2
465.0
464.2
463.2
458.6
458.6
458.2
461.0
461.0
458.6
458.6
458.0
458.8
457.2
456.4
456.2
461.6
456.0
455.2
455.4
455.4
456.2
456.0
457.8
457.6
455.4
455.2
455.6
457.2
456.4
458.2
457.4
458.0
455.0
457.6
456.2
456.2
454.2
456.6
451.6
451.2
448.8
448.8
448.8
448.8
448.0
447.6
449.0
450.0
452.6
452.2
451.4
452.2
452.2
454.2
451.8
453.8
454.0
456.2
458.8
456.0
456.0
459.8
459.8
456.0
456.0
456.0
456.4
456.2
456.4
454.0
452.4
454.0
455.6
455.2
459.0
458.0
457.4
457.6
454.2
454.0
454.0
453.4
457.0
453.2
453.0
454.8
453.2
452.6
453.8
457.0
456.4
453.2
454.4
454.0
454.4
451.8
454.0
454.0
452.4
452.2
454.6
452.8
450.2
451.2
450.2
450.0
448.0
447.6
443.8
446.6
446.8
447.0
445.0
445.0
446.6
446.6
446.8
450.8
452.0
453.8
454.0
454.6
452.4
454.6
450.6
453.0
454.0
456.0
454.8
453.4
453.2
453.2
454.0
452.8
452.8
458.2
454.2
457.8
457.6
451.0
449.0
449.8
451.0
449.2
453.2
450.8
450.6
448.0
450.6
448.4
449.8
449.8
449.4
450.0
450.4
435.0
450.0
440.0
440.0
441.8
440.0
440.0
443.2
440.4
443.4
443.2
440.0
443.2
443.2
440.8
442.6
442.6
449.0
448.8
445.8
444.0
445.0
445.2
449.0
445.2
445.2
445.4
445.2
446.8
446.6
445.2
446.0
446.0
444.8
446.0
446.4
445.6
446.4
444.6
445.0
447.0
445.0
442.0
442.2
445.0
442.6
441.8
441.8
442.4
443.8
442.0
441.0
441.2
441.2
441.2
444.4
449.6
449.8
443.8
443.0
443.0
443.4
444.0
444.2
444.4
442.6
442.6
441.8
443.6
441.8
441.2
445.0
435.6
442.0
442.2
443.2
443.2
440.0
442.0
441.8
441.4
438.4
438.8
438.8
438.8
440.0
439.8
436.0
441.0
440.2
440.0
440.4
438.0
440.0
438.4
437.4
438.8
439.0
437.6
437.4
439.6
439.2
439.4
437.8
437.8
437.6
437.4
437.0
437.6
438.2
436.0
436.0
435.6
436.0
432.6
430.4
428.4
429.8
429.6
428.6
428.6
428.8
425.0
426.6
427.0
427.0
426.2
426.0
426.4
426.6
429.0
430.0
428.6
428.6
428.2
431.8
432.0
434.8
433.2
432.6
432.2
429.4
432.8
435.0
435.0
440.0
437.6
437.4
433.8
433.6
435.0
435.0
432.8
431.2
432.8
432.2
429.4
427.0
427.8
428.0
428.2
433.6
429.0
430.4
430.2
430.2
433.0
436.0
436.2
432.4
432.6
432.6
429.4
428.4
428.4
429.6
428.8
433.4
429.2
430.0
430.2
430.4
431.2
430.4
429.4
434.0
431.6
429.8
429.0
428.4
427.0
427.2
430.2
427.6
427.2
429.2
427.0
427.4
427.6
428.0
428.4
428.6
428.2
428.0
430.2
428.6
429.0
431.2
428.8
431.6
432.0
428.6
433.2
429.8
433.2
434.0
431.0
427.0
429.4
429.8
427.8
430.0
431.0
429.0
429.2
429.4
428.2
431.0
430.8
430.4
431.4
431.2
428.2
428.2
427.6
431.4
431.6
431.2
432.4
432.0
431.8
432.2
433.4
429.8
429.2
431.6
430.4
430.4
430.0
430.2
430.0
427.6
429.2
430.0
430.0
430.2
430.2
431.0
430.0
432.2
431.6
432.4
432.0
430.8
432.0
429.2
432.0
431.2
431.8
434.8
435.4
436.0
439.6
448.0
452.6
457.4
455.8
450.0
447.0
447.8
446.6
441.6
438.2
435.2
438.4
439.0
438.8
438.8
446.6
446.6
432.4
451.8
448.6
448.0
448.0
448.0
450.0
448.4
448.4
449.8
446.4
449.2
450.2
450.0
453.2
445.0
452.8
452.4
449.4
457.8
461.2
459.8
453.4
449.6
449.8
447.6
453.0
450.0
450.0
451.0
451.0
450.0
450.0
450.0
449.6
449.4
453.0
454.4
454.4
452.4
452.4
440.0
440.0
440.6
440.0
442.0
442.0
448.4
449.4
448.0
444.6
435.0
449.8
447.8
447.4
444.4
446.8
445.4
450.0
449.8
451.2
448.4
447.4
448.0
446.4
447.6
448.4
448.4
447.4
447.4
445.4
446.0
448.4
446.6
449.0
449.0
449.2
451.6
447.8
445.4
444.6
447.4
445.0
446.6
450.0
453.0
449.6
449.2
451.8
451.0
451.0
435.0
447.2
447.8
451.2
451.8
447.8
448.2
448.2
450.0
447.6
449.6
448.4
444.0
450.0
459.2
448.6
449.0
451.8
450.0
449.0
450.0
449.4
446.8
446.8
449.4
450.0
446.8
448.6
450.6
448.0
448.8
448.8
449.4
451.0
452.4
453.8
454.6
464.4
462.8
461.2
465.2
463.2
463.8
463.2
463.2
465.2
468.6
468.6
468.8
468.4
468.2
477.6
475.4
479.6
480.8
478.6
477.6
482.2
484.6
484.6
481.6
484.6
485.0
487.2
491.6
484.0
484.0
485.2
490.0
487.8
487.0
487.0
484.2
487.4
484.0
485.0
483.0
484.2
489.0
491.0
488.4
488.8
487.6
490.4
487.8
487.8
491.8
492.6
491.6
491.4
498.4
498.0
495.6
497.8
499.2
502.4
497.6
499.8
500.0
501.2
500.2
505.8
503.8
503.0
505.4
503.0
504.6
506.8
504.6
510.0
509.0
509.8
509.8
515.0
513.6
513.6
515.6
514.0
510.0
504.8
500.0
512.2
512.4
515.6
511.2
513.4
515.0
517.8
515.0
515.6
513.6
514.2
515.6
510.0
509.8
510.0
518.6
518.0
514.2
514.2
505.0
510.2
502.0
502.2
512.4
516.6
511.2
517.6
511.0
509.6
515.0
505.6
510.6
517.0
515.4
515.6
515.8
515.8
539.8
530.6
529.0
521.0
517.6
517.4
520.0
520.0
517.0
532.8
524.8
524.4
521.8
524.6
522.0
520.2
522.8
523.8
535.6
538.4
544.2
541.4
538.0
538.0
538.0
538.0
535.4
535.4
526.4
529.4
535.8
531.2
529.4
526.6
520.0
501.0
526.4
522.2
520.4
520.4
521.2
519.0
520.0
533.4
525.2
532.8
526.2
530.2
530.2
531.0
528.4
529.4
529.6
531.6
545.0
541.4
542.0
541.8
541.2
540.8
539.6
534.8
534.4
530.8
530.2
534.4
549.8
540.8
527.8
529.0
530.8
532.8
528.0
524.6
524.4
524.6
525.0
527.4
532.8
528.6
536.6
530.4
529.6
527.8
531.0
524.4
528.0
531.0
527.0
530.0
532.0
528.2
525.0
526.4
530.4
530.2
530.2
528.2
526.8
528.0
528.0
528.0
528.0
530.0
528.0
528.0
528.0
529.0
525.6
533.8
530.4
527.2
533.0
533.2
533.2
522.6
525.6
527.0
527.0
527.0
525.4
527.0
528.0
527.2
525.4
529.8
526.2
529.0
526.0
530.2
530.0
526.4
526.4
526.4
526.6
526.2
524.0
525.8
531.2
527.6
530.0
527.6
527.0
527.2
528.8
525.0
522.4
529.2
528.4
528.8
528.4
528.4
524.8
526.2
527.8
529.8
530.0
530.6
530.6
530.2
524.0
524.2
528.2
528.2
528.0
528.0
528.0
528.8
524.2
525.4
529.8
529.0
529.6
529.6
525.6
529.8
529.0
529.0
529.0
529.0
529.0
534.0
532.8
527.2
530.0
530.0
527.6
528.2
529.0
534.0
526.0
526.0
526.0
510.2
514.4
510.4
510.4
510.0
510.0
509.8
509.8
509.8
509.8
510.0
509.8
504.2
516.8
506.8
510.6
511.6
509.2
509.2
503.2
496.6
495.0
493.6
499.0
498.0
498.0
499.0
499.0
499.0
498.6
501.4
505.6
505.8
499.8
501.8
498.6
507.6
507.4
506.8
505.4
512.6
529.8
527.8
501.6
510.4
517.6
523.2
523.4
519.2
522.6
505.4
488.8
488.4
487.6
474.6
474.6
474.6
455.2
468.8
470.2
469.4
469.2
478.6
478.2
478.6
478.4
473.0
478.4
479.0
477.0
478.8
470.2
469.4
473.0
475.0
482.4
490.4
485.0
498.4
486.8
487.4
489.8
487.0
485.2
481.2
476.8
485.6
487.4
479.8
475.4
470.2
473.6
475.4
475.4
473.8
472.4
469.2
470.0
470.0
470.2
468.4
466.2
466.0
466.6
469.8
472.8
469.4
467.4
469.4
469.6
467.2
467.4
468.8
468.8
469.0
469.0
468.8
468.8
468.8
472.4
470.8
471.2
475.0
471.2
471.2
471.2
471.6
470.2
469.8
469.8
470.0
479.8
474.6
470.2
470.0
469.8
470.0
469.8
470.0
470.2
468.8
474.4
469.0
469.0
469.2
469.2
469.2
474.0
474.4
477.0
476.6
472.6
471.0
471.6
469.2
457.0
477.0
478.0
476.2
471.8
479.0
474.8
474.6
474.4
477.6
477.2
471.2
473.6
473.6
477.0
479.0
475.6
474.4
474.2
473.4
474.8
470.6
473.0
470.6
471.0
473.0
470.0
467.6
467.6
470.0
470.0
467.0
472.2
472.2
472.2
472.0
468.2
461.6
439.0
430.8
438.8
431.4
438.6
438.8
433.8
438.8
439.2
412.8
375.4
413.0
422.4
422.4
422.4
413.0
413.0
420.0
480.0
425.8
426.0
440.0
441.0
433.0
440.0
376.0
433.6
431.4
431.0
420.0
422.4
420.0
417.2
415.6
419.0
424.8
417.0
378.2
422.4
422.4
432.4
437.8
434.6
437.0
438.0
445.0
450.0
500.0
473.8
465.2
469.2
465.0
465.2
465.2
462.6
470.0
471.2
461.0
464.6
464.6
461.2
461.6
461.6
461.4
464.2
469.4
468.6
470.8
470.0
466.4
470.8
476.4
467.6
473.2
469.6
467.8
464.0
460.8
461.8
458.2
454.6
454.4
458.6
459.4
450.0
448.6
446.2
450.0
450.0
452.2
452.0
450.2
456.0
450.4
453.4
455.4
455.2
450.4
455.4
452.2
454.2
454.2
453.4
458.0
448.0
444.6
444.6
453.4
452.4
458.4
458.4
456.6
456.0
460.8
455.8
455.8
455.6
453.4
453.6
458.6
457.4
453.4
451.0
451.8
452.0
452.2
456.0
450.4
457.6
449.8
449.4
454.8
455.0
449.8
454.0
450.0
450.0
454.6
455.0
457.4
457.0
450.4
450.4
449.2
447.6
448.6
441.4
441.4
441.4
448.2
445.2
441.4
440.6
445.0
440.8
438.6
440.0
438.6
445.0
443.2
443.2
446.0
440.6
442.0
444.6
442.0
446.2
438.2
438.2
442.6
442.0
438.4
438.4
441.0
442.8
442.8
441.8
440.2
441.6
441.0
442.0
441.2
444.6
444.6
440.0
443.0
440.0
438.8
438.8
438.8
441.6
439.2
441.2
439.2
439.0
441.4
439.2
441.6
441.2
440.8
439.4
438.2
438.0
439.2
436.2
436.0
439.0
435.8
439.0
439.0
439.0
440.0
440.0
434.8
436.2
440.0
440.0
439.6
440.0
439.0
437.4
437.2
437.2
439.0
439.0
440.0
439.6
440.0
439.6
440.0
440.0
440.0
435.8
440.0
445.0
444.6
444.6
445.0
444.6
444.6
445.0
444.6
445.0
445.0
445.0
448.2
448.8
455.0
455.0
454.4
452.0
448.8
452.0
448.6
454.6
455.0
454.4
454.4
454.4
455.0
454.4
455.0
460.0
460.0
459.0
459.0
460.0
460.0
460.8
462.6
471.6
475.0
473.4
475.0
475.0
475.0
467.8
471.6
470.8
471.2
471.2
472.0
472.4
472.0
472.4
472.6
473.0
473.6
473.0
473.6
479.6
479.6
480.0
477.2
477.0
480.2
480.6
489.8
492.0
492.4
492.6
490.0
492.4
492.4
492.6
490.2
495.0
491.8
495.0
495.0
495.0
495.4
495.4
495.2
494.0
495.8
490.4
499.0
500.0
500.2
499.0
500.2
500.0
500.0
501.0
538.6
523.6
521.4
525.4
525.6
518.8
514.6
517.4
522.0
518.8
514.2
521.4
517.0
515.6
515.0
516.4
516.6
517.6
514.4
515.0
515.2
516.4
513.8
513.0
512.8
511.8
510.4
511.6
511.0
513.4
514.6
512.6
515.0
523.0
524.0
517.2
517.2
517.2
516.4
516.6
519.0
523.4
522.2
524.8
525.0
524.8
525.0
525.4
523.0
525.4
526.6
527.6
524.6
529.8
522.6
526.0
522.0
522.0
521.2
521.0
524.0
527.8
528.0
528.6
541.6
537.2
534.0
547.6
540.6
543.0
555.0
555.0
555.0
546.0
549.8
543.8
552.6
553.8
545.8
541.8
544.6
533.8
536.6
535.4
552.0
546.8
544.8
545.0
552.0
543.2
544.2
545.0
547.8
554.0
550.0
549.8
549.8
546.6
546.6
544.6
549.2
549.2
543.6
533.0
536.0
530.2
534.4
540.8
541.0
531.0
531.6
527.6
535.0
538.0
532.6
539.0
534.0
538.0
534.4
536.0
537.0
539.0
539.0
539.0
540.2
542.2
544.2
539.6
541.4
540.0
542.0
540.6
547.0
547.0
560.2
556.6
555.0
563.0
556.2
557.8
557.8
551.8
551.8
552.0
551.4
552.0
545.4
546.0
550.4
553.4
550.8
552.0
553.8
552.0
560.6
566.0
567.4
573.0
567.2
565.0
562.0
565.2
566.2
562.0
563.0
564.8
570.0
565.4
563.8
572.8
569.2
570.0
575.0
579.2
590.0
587.4
598.0
590.8
590.2
590.0
615.0
615.0
609.4
616.0
611.2
609.6
613.6
614.8
613.0
594.0
583.6
