close
5.0
5.07
5.07
5.0
5.07
5.07
5.07
4.998
4.998
4.998
4.9995
4.5005
4.5
4.5
4.5005
4.5005
4.2
4.42
4.31
4.3465
4.3465
4.3465
4.3
4.3465
4.3775
4.3775
4.3875
6.0
4.398
4.322
4.4495
4.38
4.385
4.5165
5.0
4.4
4.41
4.5155
4.58
4.56
4.58
4.5
4.37
4.37
4.479
4.37
4.261
4.261
4.376
4.261
4.2305
4.32
4.33
4.21
4.25
4.13
4.13
4.08
4.06
4.06
4.08
4.11
4.12
4.12
4.12
4.12
4.12
4.15
4.17
4.17
4.09
4.22
4.1
4.22
4.2
4.22
4.22
4.12
4.22
4.15
4.22
4.03
4.05
4.0
4.11
4.12
4.16
4.21
4.22
4.17
4.2
4.23
4.25
4.2
4.23
4.24
4.25
4.22
4.2
4.2495
4.1605
4.25
4.2
4.18
4.2
4.22
4.22
4.11
4.15
4.15
4.15
4.18
4.19
4.15
4.15
4.15
4.09
4.1
4.11
4.11
4.11
4.11
4.1
4.1
4.1
4.13
4.05
4.1
4.09
4.0005
4.0895
4.09
4.001
4.0005
4.1
4.02
3.91
4.05
3.935
4.049
4.0
4.0
3.94
3.928
5.0
3.96
3.96
3.93
3.94
3.95
4.0
3.94
3.93
4.06
3.97
3.96
3.9795
3.87
3.98
3.98
3.99
4.0
4.0
3.8455
4.0
3.3305
3.799
3.334
4.22
4.2495
3.7
3.7
4.2
3.9
3.7005
3.61
3.9
3.4
3.5
3.5
3.999
3.9
3.797
3.1415
3.45
3.45
2.999
3.295
2.9
2.9
2.707
2.8
2.899
3.398
2.838
2.701
2.9015
3.0
2.716
2.8005
2.99
3.19
3.16
3.15
3.15
2.9
2.71
2.96
2.96
3.07
2.9
2.7
2.94
2.84
2.83
2.79
2.79
2.6
2.46
2.8
2.78
2.77
2.75
2.75
2.75
2.75
2.75
2.74
2.6
2.77
2.74
2.74
2.62
2.74
2.63
2.62
2.64
2.73
2.72
2.69
2.67
2.7
2.71
2.7
2.65
2.7
2.72
2.7
2.57
2.7
2.7
2.65
2.71
2.51
2.57
2.69
2.69
2.7
2.63
2.59
2.7
2.66
2.67
2.62
2.62
3.73
3.4
3.72
3.45
3.55
3.52
3.57
4.0
3.74
3.45
3.68
3.42
3.67
3.5
3.55
3.46
3.14
3.11
3.44
2.78
3.19
3.15
2.97
3.0
3.0
3.01
2.92
2.92
2.92
2.8
2.71
2.67
2.67
2.63
2.55
2.66
2.59
2.68
2.58
2.58
2.53
2.66
2.53
2.59
2.6
2.6
2.55
2.61
2.55
2.58
2.52
2.49
2.4
2.3
2.13
2.21
2.21
2.21
2.2
2.4
2.33
2.3
2.37
2.21
2.2
2.21
2.24
2.39
2.3
2.26
2.33
2.25
2.4
2.35
2.26
2.16
2.22
2.2
2.15
2.12
2.25
2.17
2.16
2.48
2.43
2.48
2.49
2.48
2.49
2.7
2.62
2.57
2.55
2.61
2.56
2.54
2.53
2.5
2.6
2.78
2.67
2.6
2.59
2.45
2.49
2.56
2.57
2.5
2.55
2.38
2.32
2.47
2.44
2.45
2.44
2.42
2.37
2.38
2.42
2.37
2.48
2.36
2.35
2.46
2.38
2.36
2.32
2.36
2.32
2.35
2.05
2.35
2.35
2.27
2.26
2.35
2.28
2.26
2.33
2.25
2.33
2.35
2.37
2.37
2.38
2.31
2.29
2.35
2.38
2.32
2.32
2.3
2.31
2.28
2.32
2.27
2.29
2.34
2.3
2.32
2.29
2.35
2.35
2.28
2.28
2.29
2.28
2.1
2.22
2.22
2.17
2.12
2.26
2.17
2.22
2.22
2.17
2.17
2.22
2.2
2.24
2.22
2.14
2.13
2.2
2.19
2.6
2.5
2.52
2.5
2.52
2.28
2.27
2.27
2.37
2.28
2.38
2.25
2.03
2.24
2.17
2.1
2.17
2.19
2.19
2.14
2.22
2.21
2.22
2.15
2.13
2.13
2.14
2.13
2.12
2.11
2.11
2.1
2.3
2.44
2.44
2.37
2.41
2.42
2.12
2.25
2.35
2.35
2.23
2.16
2.13
2.14
2.13
2.25
2.2
2.24
2.23
2.22
2.21
2.24
2.15
2.21
2.2
2.14
2.12
2.2
2.12
2.17
2.15
2.19
2.2
2.2
2.24
2.17
2.24
2.23
2.16
2.23
2.2
2.16
2.22
2.22
2.15
2.18
2.18
2.2
2.12
2.12
2.12
2.15
2.15
2.15
2.18
2.13
2.14
2.15
2.12
2.11
2.1
2.11
2.23
2.5
2.93
2.67
2.69
2.93
2.93
2.93
3.22
2.77
3.25
3.06
3.17
2.9
2.75
2.76
2.79
2.7
2.6
2.58
2.37
2.73
2.65
2.65
2.5
2.57
2.45
2.41
2.41
2.42
2.41
2.58
2.5
2.45
2.51
2.58
2.5
2.49
2.52
2.53
2.64
2.58
2.52
2.62
2.61
2.5
2.49
2.4
2.46
2.42
2.49
2.48
2.5
2.45
2.5
2.43
2.51
2.5
2.49
2.5
2.5
2.45
2.5
2.5
2.4
2.47
2.48
2.5
2.5
2.41
2.49
2.4
2.5
2.49
2.39
2.5
2.49
2.4
2.44
2.44
2.48
2.49
2.49
2.56
2.5
2.47
2.41
2.55
2.5
2.5
2.56
2.56
2.49
2.46
2.53
2.47
2.6
2.5
2.51
2.56
2.53
2.52
2.52
2.52
2.52
2.52
2.53
2.52
2.52
2.46
2.52
2.44
2.63
2.62
2.6
2.61
2.62
2.54
2.61
2.53
2.53
2.59
2.6
2.62
2.62
2.6
2.61
2.5
2.52
2.59
2.6
2.57
2.56
2.5
2.52
2.52
2.43
2.68
2.8
2.73
2.74
2.75
2.67
2.71
2.72
2.99
2.81
2.57
2.57
2.58
2.45
2.58
2.52
2.5
2.5
2.52
2.59
2.42
2.43
2.35
2.35
2.43
2.47
2.39
2.33
2.4
2.4
2.38
2.35
2.33
2.38
2.35
2.3
2.35
2.33
2.33
2.29
2.3
2.34
2.38
2.32
2.31
2.3
2.36
2.39
2.3
2.31
2.32
2.33
2.36
2.24
2.26
2.3
2.31
2.31
2.43
2.38
2.37
2.33
2.33
2.34
2.38
2.37
2.34
2.33
2.35
2.46
2.44
2.45
2.46
2.45
2.38
2.43
2.41
2.33
2.4
2.42
2.36
2.4
2.42
2.4
2.34
2.4
2.4
2.39
2.39
2.35
2.3
2.3
2.29
2.3
2.29
2.29
2.37
2.28
2.3
2.3
2.3
2.38
2.3
2.3
2.29
2.29
2.14
2.3
2.26
2.26
2.3
2.25
2.29
2.28
2.29
2.3
2.26
2.24
2.2
2.21
2.15
2.16
2.12
2.14
2.14
2.14
2.17
2.27
2.17
2.19
2.18
2.2
2.21
2.21
2.25
2.23
2.22
2.05
2.02
2.01
2.03
2.09
2.06
2.02
2.01
2.01
2.14
2.05
2.04
2.0
2.03
2.03
2.03
2.03
2.03
2.01
2.03
2.02
2.05
2.04
2.03
2.04
2.03
2.03
2.04
2.02
2.08
2.05
2.03
2.08
2.02
2.03
2.0
1.98
2.01
1.98
1.97
1.95
2.02
1.94
1.92
1.9
2.0
1.91
1.87
1.86
1.99
1.9
1.92
1.93
1.9
1.9
1.9
2.05
2.05
2.04
2.08
2.08
2.09
2.09
2.1
2.08
2.03
2.16
2.07
2.07
2.07
2.08
2.09
2.09
2.24
2.05
2.1
2.07
1.99
1.98
2.02
2.0
2.02
2.01
2.07
2.05
2.02
2.02
2.08
2.08
2.03
2.06
2.02
2.06
2.06
2.04
2.04
2.04
2.03
2.0
2.02
2.01
2.02
1.96
1.98
1.97
1.97
1.96
1.97
1.97
1.94
1.91
1.93
1.99
2.0
1.99
2.0
2.0
1.99
1.93
1.99
2.0
1.99
1.92
1.91
1.94
1.95
1.94
1.94
1.92
1.96
1.92
1.92
1.9
1.92
1.91
1.93
1.94
1.93
1.93
1.92
1.91
1.93
1.94
1.94
1.94
1.93
1.92
1.94
1.93
1.95
1.97
1.96
1.91
1.93
1.95
1.94
1.95
1.92
1.94
1.94
1.85
1.87
1.83
1.84
1.82
1.84
1.84
1.84
1.85
1.85
1.86
1.86
1.87
1.92
1.9
1.95
1.95
1.96
1.92
1.94
1.93
1.92
1.91
1.9
1.93
1.93
1.93
1.97
1.95
1.97
1.97
1.98
1.96
2.01
1.96
1.99
1.99
1.98
1.99
1.97
1.99
2.0
2.2
2.01
1.99
1.99
1.98
1.91
1.92
1.91
1.94
1.96
1.94
1.97
1.96
1.94
1.97
1.96
1.94
1.89
1.93
1.92
1.94
1.94
1.91
1.92
1.93
1.94
1.94
1.94
1.93
1.94
1.92
1.94
1.93
1.92
1.92
1.92
1.93
1.94
1.92
1.94
1.94
1.94
1.94
1.95
1.95
1.93
1.94
1.96
1.97
1.95
1.96
1.98
1.97
2.0
1.98
1.97
1.97
1.99
1.99
1.99
2.0
2.0
2.02
2.08
2.06
2.04
2.08
2.05
2.05
2.07
2.07
2.21
2.1
2.13
2.14
2.17
2.17
2.22
2.2
2.17
2.16
2.16
2.18
2.14
2.15
2.15
2.15
2.15
2.05
2.14
2.11
2.12
2.12
2.15
2.14
2.08
2.02
2.06
1.97
1.97
1.97
1.99
1.99
1.99
2.02
2.0
2.02
2.04
2.01
2.0
2.0
1.99
2.02
1.99
2.02
2.03
2.03
2.03
1.98
1.97
1.99
1.95
1.96
1.92
1.95
1.97
1.98
1.95
1.95
1.94
1.95
1.97
1.97
1.98
1.98
1.98
1.96
1.98
1.99
1.98
1.98
1.98
1.98
1.99
1.96
1.97
1.97
1.95
1.97
1.96
1.94
1.95
1.96
1.96
1.95
1.96
1.96
1.96
1.95
1.96
1.96
1.97
1.94
1.96
1.92
1.93
1.95
1.98
2.01
1.98
1.98
2.01
2.01
1.97
1.97
1.97
1.96
1.96
1.96
1.96
1.96
1.96
1.96
1.96
1.94
1.96
1.98
1.98
1.97
1.98
1.98
1.97
1.98
1.98
1.98
1.96
1.97
1.96
1.96
1.94
1.95
1.95
1.92
1.95
1.95
1.95
1.95
1.95
1.91
1.94
1.95
1.95
1.95
1.95
1.95
1.95
1.97
2.0
1.99
2.01
1.97
1.95
1.95
1.96
1.96
1.99
1.99
1.93
1.95
1.93
1.95
1.96
1.97
1.93
1.92
1.91
1.93
1.94
2.0
1.96
1.96
1.96
1.97
1.95
1.96
1.96
1.96
1.87
1.83
1.82
1.84
1.84
1.84
1.85
1.86
1.8
1.84
1.84
1.81
1.82
1.84
1.84
1.85
1.85
1.85
1.84
1.86
1.85
2.01
1.88
1.86
1.86
1.87
1.84
1.84
1.85
1.86
1.87
1.86
1.81
1.81
1.82
1.81
1.82
1.83
1.84
1.84
1.84
1.84
1.85
1.84
1.84
1.83
1.83
1.81
1.81
1.82
1.8
1.82
1.82
1.81
1.81
1.81
1.8
1.81
1.8
1.82
1.8
1.82
1.81
1.81
1.8
1.85
1.81
1.83
1.84
1.85
1.84
1.85
1.84
1.85
1.84
1.85
1.84
1.84
1.89
1.87
1.87
1.86
1.89
1.89
1.89
1.88
2.01
1.98
1.96
1.9
1.9
1.94
1.94
1.96
1.96
1.97
1.97
2.0
1.98
2.0
2.0
2.0
1.97
1.86
1.86
1.86
1.85
1.86
1.86
1.86
1.89
1.87
1.87
1.87
1.82
1.85
1.81
1.8
1.8
1.83
1.84
1.84
1.82
1.84
1.83
1.78
1.8
1.78
1.78
1.77
1.76
1.77
1.77
1.77
1.78
1.78
1.77
1.77
1.78
1.79
1.95
1.89
1.8
1.89
1.8
1.81
1.81
1.79
1.79
1.8
1.78
1.8
1.8
1.79
1.81
1.85
1.85
1.85
1.84
1.84
1.85
1.84
1.85
1.85
1.85
1.84
1.77
1.76
1.79
1.8
1.79
1.79
1.79
1.79
1.81
1.81
1.81
1.79
1.81
1.79
1.84
1.81
1.81
1.8
1.8
1.8
1.89
1.82
1.78
1.75
1.79
1.75
1.78
1.75
1.75
1.75
1.75
1.75
1.74
1.76
1.74
1.76
1.76
1.76
1.77
1.77
1.75
1.76
1.75
1.77
1.77
1.77
1.75
1.7
1.73
1.74
1.73
1.74
1.74
1.74
1.74
1.7
1.73
1.7
1.73
1.74
1.74
1.73
1.74
1.74
1.73
1.7
1.73
1.73
1.73
1.7
1.71
1.7
1.66
1.65
1.66
1.67
1.62
1.66
1.69
1.66
1.73
1.73
1.72
1.73
1.76
1.75
1.81
1.78
1.81
1.8
1.78
1.8
1.8
1.8
1.8
1.79
1.79
1.78
1.7
1.75
1.78
1.76
1.75
1.75
1.75
1.78
1.74
1.75
1.76
1.74
1.73
1.73
1.73
1.72
1.67
1.71
1.72
1.72
1.69
1.65
1.6
1.61
1.63
1.62
1.62
1.64
1.64
1.63
1.55
1.57
1.58
1.58
1.56
1.57
1.57
1.53
1.54
1.55
1.55
1.56
1.47
1.56
1.58
1.53
1.53
1.56
1.59
2.0
1.83
1.8
1.8
1.8
1.85
2.3
2.19
2.0
1.98
2.06
2.1
2.07
1.91
1.87
1.89
1.96
1.95
1.82
1.86
1.84
1.91
1.86
1.82
1.8
1.81
1.81
1.82
1.8
1.81
1.81
1.81
1.8
1.8
1.79
1.8
1.8
1.81
1.78
1.77
1.77
1.75
1.75
1.76
1.76
1.74
1.74
1.77
1.77
1.77
1.78
1.78
1.78
1.77
1.79
1.71
1.71
1.74
1.72
1.76
1.74
1.69
1.76
1.74
1.73
1.71
1.7
1.71
1.7
1.7
1.71
1.72
1.7
1.7
1.71
1.71
1.68
1.71
1.72
1.8
1.77
1.8
1.77
1.82
1.81
1.85
1.85
1.85
1.85
1.82
1.84
1.84
1.8
1.75
1.79
1.76
1.8
1.8
1.77
1.78
1.76
1.78
1.75
1.75
1.75
1.76
1.74
1.73
1.75
1.74
1.75
1.73
1.71
1.75
1.72
1.72
1.73
1.73
1.74
1.74
1.68
1.73
1.75
1.67
1.69
1.69
1.65
1.99
1.85
1.76
1.76
1.8
1.79
1.79
1.76
1.92
1.87
1.8
1.79
1.74
1.76
1.72
1.74
1.76
1.81
1.77
1.76
1.8
1.8
1.83
1.82
1.82
1.8
1.75
1.79
1.8
1.83
1.82
1.86
1.83
1.82
1.84
1.86
1.82
1.86
1.82
1.83
1.81
1.78
1.81
1.8
1.83
1.8
1.78
1.71
1.74
1.76
1.78
1.78
1.76
1.75
1.79
1.79
1.76
1.78
1.79
1.79
1.76
1.78
1.79
1.79
1.79
1.81
1.86
1.84
1.71
1.67
1.65
1.7
1.7
1.7
1.7
1.6
1.6
1.6
1.59
1.59
1.57
1.53
1.52
1.51
1.54
1.56
1.53
1.5
1.52
1.48
1.49
1.82
1.62
1.6
1.63
1.6
1.56
1.57
1.59
1.8
1.66
1.7
1.72
1.7
1.67
1.74
1.71
1.68
1.76
1.79
1.76
1.79
1.77
1.74
1.77
1.75
1.75
1.75
1.74
1.7
1.7
1.71
1.7
1.71
1.71
1.7
1.7
1.7
1.7
1.73
1.72
1.72
1.7
1.69
1.69
1.68
1.71
1.69
1.71
1.73
1.72
1.7
1.7
1.7
1.66
1.69
1.7
1.6
1.6
1.62
1.68
1.64
1.67
1.68
1.66
1.66
1.71
1.71
1.7
1.72
1.74
1.74
1.71
1.67
1.7
1.68
1.72
1.67
1.66
1.66
1.66
1.62
1.64
1.64
1.63
1.64
1.65
1.63
1.62
1.61
1.61
1.61
1.6
1.6
1.6
1.57
1.59
1.59
1.59
1.58
1.58
1.58
1.57
1.58
1.58
1.58
1.59
1.55
1.57
1.5
1.52
1.48
1.49
1.56
1.51
1.49
1.5
1.48
1.48
1.47
1.48
1.48
1.46
1.46
1.45
1.46
1.43
1.42
1.41
1.75
1.66
1.65
1.67
1.61
1.62
1.64
1.63
1.59
1.64
1.64
1.63
1.59
1.61
1.61
1.61
1.63
1.65
1.52
1.52
1.52
1.52
1.52
1.51
1.51
1.51
1.51
1.5
1.53
1.53
1.51
1.51
1.52
1.51
1.52
1.51
1.51
1.71
1.61
1.57
1.59
1.61
1.58
1.6
1.57
1.55
1.56
1.56
1.55
1.6
1.6
1.65
1.69
1.65
1.63
1.66
1.68
1.65
1.66
1.65
1.65
1.64
1.65
1.64
1.61
1.63
1.6
1.58
1.58
1.53
1.55
1.55
1.54
1.53
1.57
1.57
1.57
1.6
1.61
1.89
1.84
1.73
1.99
1.76
1.79
1.77
1.8
1.78
1.71
1.81
1.72
1.71
1.65
1.65
1.76
1.7
1.73
1.69
1.81
1.83
1.67
1.76
1.87
1.88
1.57
1.59
1.74
1.67
1.75
1.71
1.5
1.71
1.65
1.73
1.7
1.7
1.77
1.7
1.63
1.73
1.72
1.72
1.73
1.73
1.71
1.68
1.68
1.69
1.67
1.65
1.65
1.59
1.59
1.56
1.55
1.56
1.57
1.54
1.72
1.58
1.79
1.75
1.76
1.63
1.61
1.63
1.67
1.57
1.59
1.67
1.61
1.65
1.6
1.6
1.63
1.69
1.69
1.61
1.64
1.6
1.6
1.78
1.83
1.6
1.6
1.85
1.68
1.7
1.67
1.66
1.65
1.64
1.65
1.6
1.75
1.77
1.71
1.7
1.68
1.59
1.76
1.61
1.61
1.62
1.62
1.7
1.67
1.62
1.62
1.66
1.5
1.6
1.6
1.5
1.63
1.6
1.56
1.55
1.56
1.58
1.74
1.59
1.62
1.61
1.6
1.6
1.61
1.6
1.59
1.59
1.59
1.59
1.6
1.5
1.61
1.61
1.59
1.57
1.64
1.5
1.56
1.71
1.7
1.65
1.71
1.36
1.7
1.88
1.96
1.66
1.67
1.67
1.65
1.66
1.67
1.63
1.72
1.71
1.65
1.63
1.62
1.67
1.7
1.57
1.58
1.55
1.57
1.56
1.78
1.63
1.6
1.61
1.64
1.62
1.63
1.63
1.73
1.62
1.6
1.72
1.55
1.61
1.65
1.61
1.53
1.63
1.59
1.58
1.6
1.47
1.5
1.5
1.55
1.51
1.5
1.58
1.58
1.57
1.58
1.62
1.59
1.58
1.58
1.51
1.5
1.58
1.58
1.59
1.62
1.6
1.57
1.5
1.59
1.51
1.58
1.49
1.5
1.5
1.51
1.49
1.52
1.52
1.55
1.55
1.52
1.65
1.51
1.59
1.57
1.74
1.71
1.72
1.71
1.7
1.6
1.62
1.63
1.66
1.66
1.77
1.49
1.55
1.58
1.58
1.61
1.54
1.52
1.59
1.59
1.54
1.61
1.57
1.61
1.61
1.61
1.73
1.61
1.6
1.59
1.58
1.61
1.61
1.58
1.61
1.49
1.49
1.48
1.48
1.51
1.51
1.48
1.48
1.48
1.51
1.51
1.5
1.49
1.5
1.53
1.53
1.53
1.52
1.5
1.49
1.53
1.53
1.6
1.59
1.5
1.56
1.5
1.5
1.5
1.5
1.5
1.54
1.55
1.54
1.51
1.54
1.54
1.5
1.51
1.51
1.51
1.5
1.5
1.52
1.56
1.58
1.57
1.51
1.51
1.5
1.51
1.5
1.49
1.51
1.52
1.51
1.52
1.52
1.5
1.52
1.52
1.52
1.54
1.53
1.53
1.55
1.5
1.51
1.48
1.51
1.51
1.54
1.54
1.56
1.57
1.56
1.55
1.49
1.51
1.54
1.48
1.48
1.48
1.49
1.49
1.51
1.5
1.5
1.5
1.51
1.51
1.52
1.51
1.52
1.52
1.52
1.56
1.5
1.52
1.49
1.51
1.51
1.47
1.48
1.49
1.47
1.45
1.49
1.49
1.45
1.49
1.49
1.52
1.52
1.51
1.5
1.5
1.51
1.51
1.5
1.5
1.49
1.5
1.51
1.48
1.49
1.48
1.48
1.5
1.47
1.49
1.48
1.48
1.72
1.52
1.52
1.53
1.55
1.51
1.51
1.5
1.53
1.49
1.5
1.49
1.49
1.51
1.49
1.58
1.54
1.51
1.55
1.5
1.5
1.5
1.5
1.5
1.49
1.5
1.49
1.52
1.48
1.48
1.48
1.48
1.48
1.48
1.48
1.48
1.48
1.48
1.48
1.48
1.48
1.48
1.48
1.47
1.47
1.47
1.47
1.47
1.57
1.57
1.56
1.54
1.52
1.51
1.5
1.51
1.5
1.49
1.49
1.52
1.49
1.49
1.48
1.48
1.58
1.54
1.53
1.52
1.51
1.5
1.51
1.49
1.5
1.5
1.5
1.5
1.5
1.5
1.49
1.5
1.49
1.49
1.49
1.49
1.48
1.49
1.5
1.5
1.48
1.49
1.49
1.48
1.48
1.48
1.48
1.48
1.48
1.48
1.51
1.48
1.48
1.48
1.51
1.75
1.62
1.49
1.56
1.52
1.49
1.49
1.77
1.7
1.6
1.68
1.69
1.52
1.56
1.62
1.52
1.5
1.52
1.54
1.53
1.51
1.51
1.6
1.52
1.51
1.56
1.55
1.55
1.5
1.5
1.5
1.54
1.56
1.5
1.65
1.58
1.54
1.53
1.55
1.59
1.52
1.51
1.57
1.52
1.53
1.51
1.51
1.51
1.53
1.53
1.53
1.53
1.52
1.52
1.53
1.52
1.52
1.53
1.54
1.54
1.53
1.54
1.51
1.53
1.53
1.58
1.51
1.68
1.6
1.56
1.64
1.65
1.62
1.63
1.64
1.64
1.64
1.63
1.59
1.64
1.62
1.61
1.65
1.68
1.68
1.68
1.75
1.73
1.74
1.78
1.74
1.75
1.68
1.68
1.66
1.58
1.59
1.6
1.58
1.61
1.62
1.6
1.6
1.65
1.67
1.6
1.6
1.6
1.58
1.58
1.56
1.59
1.59
1.55
1.56
1.57
1.57
1.57
1.58
1.59
1.57
1.56
1.58
1.54
1.54
1.56
1.57
1.56
1.58
1.58
1.67
1.63
1.67
1.68
1.68
1.69
1.67
1.7
1.7
1.73
1.57
1.57
1.57
1.57
1.59
1.57
1.56
1.55
1.54
1.57
1.58
1.59
1.59
1.57
1.56
1.55
1.55
1.56
1.58
1.57
1.55
1.53
1.58
1.56
1.54
1.54
1.52
1.57
1.61
1.7
1.5
1.55
1.52
1.54
1.55
1.54
1.53
1.54
1.54
1.54
1.54
1.52
1.48
1.51
1.51
1.46
1.45
1.46
1.44
1.44
1.45
1.45
1.45
1.43
1.41
1.41
1.43
1.41
1.28
1.26
1.25
1.24
1.21
1.21
1.23
1.24
1.24
1.24
1.24
1.24
1.22
1.24
1.24
1.24
1.24
1.23
1.23
1.23
1.24
1.23
1.24
1.23
1.21
1.2
1.18
1.15
1.17
1.15
1.13
1.14
1.07
1.08
1.11
1.1
1.07
1.09
1.08
1.11
1.13
1.14
1.12
1.15
1.13
1.17
1.15
1.15
1.14
1.15
1.14
1.14
1.16
1.15
1.14
1.16
1.16
1.17
1.24
1.23
1.23
1.25
1.21
1.25
1.22
1.23
1.26
1.3
1.27
1.26
1.3
1.27
1.26
1.28
1.24
1.27
1.26
1.26
1.17
1.19
1.2
1.2
1.2
1.2
1.19
1.17
1.17
1.16
1.18
1.16
1.18
1.17
1.16
1.17
1.17
1.17
1.18
1.19
1.18
1.18
1.18
1.17
1.17
1.17
1.15
1.16
1.15
1.15
1.16
1.16
1.16
1.16
1.17
1.14
1.12
1.14
1.14
1.12
1.12
1.12
1.14
1.12
1.15
1.16
1.18
1.18
1.23
1.22
1.22
1.22
1.21
1.22
1.23
1.21
1.21
1.23
1.21
1.22
1.22
1.21
1.16
1.16
1.17
1.17
1.14
1.15
1.14
1.15
1.14
1.13
1.16
1.16
1.13
1.17
1.16
1.17
1.17
1.17
1.13
1.16
1.17
1.16
1.16
1.16
1.15
1.13
1.14
1.15
1.14
1.13
1.13
1.13
1.13
1.12
1.12
1.12
1.12
1.1
1.1
1.1
1.09
1.09
1.1
1.1
1.01
1.01
1.06
1.09
1.14
1.12
1.13
1.15
1.0
1.01
1.01
1.0
0.97
0.99
0.99
0.97
0.99
0.99
0.98
0.98
0.97
0.97
0.99
1.0
1.0
1.0
1.0
1.1
1.1
1.03
0.99
1.02
1.04
1.05
1.04
1.02
1.02
1.03
1.02
1.0
0.94
0.96
0.96
0.96
0.94
0.91
0.93
0.93
0.94
0.89
0.9
0.9
0.91
0.91
0.9
0.9
0.91
0.9
0.88
0.89
0.89
0.9
0.9
0.9
0.89
0.87
0.86
0.86
0.86
0.87
0.87
0.86
0.85
0.86
0.85
0.86
0.87
0.87
0.87
0.87
0.85
0.85
0.85
0.86
0.86
0.86
0.85
0.85
0.84
0.83
0.84
0.84
0.83
0.84
0.81
0.82
0.78
0.79
0.79
0.79
0.79
0.78
0.78
0.79
0.77
0.77
0.79
0.79
0.78
0.77
0.8
0.77
0.79
0.79
0.77
0.79
0.77
0.78
0.78
0.78
0.77
0.78
0.78
0.79
0.79
0.79
0.78
0.76
0.76
0.74
0.72
0.73
0.72
0.7
0.68
0.75
0.75
0.74
0.72
0.74
0.75
0.87
1.0
0.94
0.95
0.97
0.92
0.9
0.95
0.94
0.95
0.85
0.87
0.86
0.96
0.97
0.9
0.89
0.9
0.89
0.89
0.89
0.87
0.86
0.84
0.86
0.84
0.84
0.87
0.86
0.88
0.88
0.85
0.84
0.84
0.83
0.84
0.84
0.85
0.85
0.85
0.85
0.83
0.85
0.85
0.85
0.85
0.85
0.85
0.86
0.84
0.83
0.83
0.82
0.84
0.84
0.84
0.83
0.84
0.83
0.82
0.81
0.81
0.8
0.8
0.81
0.8
0.82
0.85
0.84
0.85
0.83
0.84
0.83
0.83
0.84
0.83
0.83
0.83
0.84
0.84
0.83
0.83
0.83
0.83
0.83
0.83
0.85
0.85
0.83
0.85
0.83
0.84
0.83
0.83
0.86
0.85
0.82
0.82
0.8
0.8
0.81
0.79
0.79
0.79
0.78
0.79
0.8
0.8
0.78
0.78
0.79
0.8
0.81
0.77
0.78
0.79
0.78
0.78
0.79
0.79
0.77
0.78
0.77
0.78
0.77
0.77
0.77
0.76
0.77
0.77
0.76
0.76
0.76
0.76
0.66
0.69
0.7
0.7
0.7
0.7
0.7
0.7
0.7
0.7
0.7
0.72
0.72
0.69
0.7
0.7
0.7
0.71
0.76
0.74
0.74
0.72
0.71
0.71
0.69
0.7
0.79
0.78
0.75
0.76
0.72
0.74
0.72
0.73
0.72
0.74
0.73
0.74
0.75
0.69
0.65
0.65
0.65
0.65
0.66
0.62
0.61
0.62
0.65
0.65
0.62
0.66
0.66
0.66
0.67
0.64
0.66
0.67
0.66
0.68
0.67
0.68
0.68
0.68
0.68
0.68
0.69
0.7
0.69
0.64
0.67
0.66
0.66
0.66
0.65
0.65
0.65
0.65
0.63
0.63
0.62
0.63
0.62
0.59
0.61
0.62
0.62
0.62
0.62
0.63
0.63
0.63
0.61
0.61
0.61
0.58
0.57
0.54
0.58
0.56
0.59
0.57
0.58
0.58
0.6
0.6
0.55
0.58
0.56
0.58
0.59
0.59
0.6
0.58
0.58
0.59
0.58
0.59
0.6
0.6
0.59
0.59
0.59
0.59
0.59
0.59
0.6
0.61
0.62
0.6
0.63
0.63
0.61
0.6
0.6
0.62
0.59
0.6
0.62
0.6
0.63
0.63
0.64
0.63
0.65
0.61
0.64
0.64
0.64
0.64
0.64
0.65
0.62
0.61
0.59
0.63
0.63
0.63
0.64
0.59
0.61
0.6
0.6
0.61
0.61
0.59
0.6
0.6
0.6
0.58
0.58
0.6
0.62
0.61
0.62
0.6
0.58
0.59
0.58
0.6
0.6
0.58
0.6
0.61
0.61
0.61
0.61
0.61
0.62
0.62
0.62
0.62
0.62
0.77
0.73
0.79
0.86
0.86
0.89
1.18
1.14
1.2
1.2
1.19
1.2
1.2
1.2
1.2
1.2
1.6
1.67
1.67
1.6
1.66
1.67
1.67
1.67
1.67
1.84
2.27
2.24
2.3
2.33
2.33
2.33
2.33
2.33
2.33
2.45
3.23
3.24
3.24
3.25
3.25
3.25
3.25
3.25
3.58
2.35
2.04
1.98
2.19
1.98
1.95
1.95
1.95
1.95
1.76
1.91
1.9
1.85
1.74
1.79
1.84
1.77
1.83
1.8
1.84
1.9
1.86
1.8
1.81
1.76
1.75
1.75
1.79
1.8
1.79
1.8
2.0
1.86
1.95
1.9
1.89
1.9
1.85
1.83
1.75
1.72
1.64
1.69
1.66
1.68
1.61
1.62
1.64
1.64
1.62
1.57
1.59
1.59
1.58
1.56
1.57
1.61
1.62
1.49
1.46
1.54
1.51
1.51
1.53
1.49
1.45
1.39
1.41
1.44
1.37
1.41
1.38
1.38
1.4
1.39
1.41
1.43
1.44
1.42
1.37
1.37
1.33
1.34
1.33
1.32
1.33
1.3
1.63
1.54
1.53
1.38
1.39
1.39
1.47
1.4
1.38
1.4
1.39
1.39
1.34
1.34
1.38
1.39
1.39
1.42
1.4
1.42
1.42
1.4
1.45
1.44
1.46
1.45
1.45
1.45
1.46
1.45
1.47
1.47
1.46
1.45
1.45
1.46
1.45
1.58
1.59
1.5
1.45
1.43
1.42
1.35
1.35
1.34
1.38
1.33
1.3
1.31
1.3
1.3
1.27
1.29
1.29
1.26
1.25
1.25
1.24
1.23
1.23
1.23
1.2
1.21
1.25
1.19
1.17
1.17
1.14
1.11
1.12
1.1
1.1
1.1
1.11
1.08
1.01
0.99
0.99
0.97
1.01
1.0
0.97
0.91
0.91
0.88
0.84
0.88
0.85
0.83
0.82
0.85
0.9
0.97
0.98
1.07
0.97
0.95
0.96
0.97
1.01
1.07
1.05
1.05
1.01
0.99
1.0
1.0
0.96
0.98
0.98
1.08
1.16
1.14
1.13
1.13
1.17
1.15
1.16
1.16
1.26
1.26
1.26
1.21
1.16
1.2
1.19
1.2
1.19
1.15
1.15
1.15
1.01
0.99
0.99
1.02
1.03
1.02
1.04
1.0
1.02
1.02
1.02
1.03
1.03
1.01
1.03
1.01
1.0
1.0
1.01
0.99
1.0
0.98
0.98
0.98
0.96
0.97
0.98
0.98
0.97
0.97
0.96
0.97
1.01
0.95
0.95
0.82
0.89
0.86
0.82
0.83
0.84
0.83
0.81
0.83
0.82
0.81
0.81
0.8
0.81
0.71
0.73
0.71
0.71
0.69
0.68
0.51
0.54
0.59
0.61
0.65
0.68
0.66
0.68
0.68
0.63
0.61
0.6
0.65
0.62
0.63
0.63
0.64
0.64
0.64
0.64
0.61
0.63
0.63
0.63
0.62
0.62
0.6
0.61
0.61
0.61
0.62
0.62
0.61
0.61
0.6
0.62
0.6
0.6
0.62
0.63
0.61
0.62
0.6
0.61
0.59
0.6
0.59
0.6
0.59
0.59
0.59
0.59
0.58
0.58
0.56
0.56
0.56
0.56
0.6
0.59
0.6
0.63
0.64
0.64
0.62
0.61
0.62
0.62
0.62
0.62
0.64
0.62
0.7
0.69
0.74
0.72
0.72
0.68
0.69
0.69
0.69
0.67
0.68
0.66
0.66
0.67
0.66
0.67
0.64
0.63
0.62
0.65
0.76
0.74
0.74
0.81
0.77
0.78
0.8
0.78
0.86
0.88
0.88
0.88
0.87
0.89
0.9
0.93
1.06
1.03
0.95
1.03
1.01
0.98
0.93
0.86
0.87
0.86
0.82
0.78
0.82
0.78
0.78
0.8
0.76
0.78
0.79
0.8
0.82
0.82
0.88
0.87
0.88
0.88
0.87
0.85
0.85
0.81
0.77
0.81
0.8
0.77
0.82
0.76
0.76
0.74
0.75
0.75
0.72
0.74
0.73
0.74
0.75
0.76
0.77
0.78
0.76
0.76
0.77
0.75
0.7
0.68
0.71
0.69
0.67
0.69
0.69
0.67
0.66
0.66
0.72
0.7
0.71
0.7
0.72
0.7
0.75
0.7
0.72
0.7
0.69
0.7
0.68
0.69
0.67
0.68
0.69
0.68
0.67
0.68
0.67
0.68
0.68
0.67
0.67
0.65
0.66
0.67
0.66
0.67
0.66
0.68
0.69
0.66
0.63
0.66
0.65
0.66
0.66
0.65
0.66
0.67
0.67
0.67
0.67
0.67
0.67
0.66
0.66
0.66
0.66
0.66
0.63
0.63
0.62
0.61
0.6
0.62
0.61
0.61
0.61
0.63
0.64
0.63
0.66
0.77
0.75
0.71
0.72
0.76
0.75
0.75
0.76
0.74
0.77
0.75
0.76
0.75
0.75
0.75
0.76
0.75
0.76
0.75
0.77
0.75
0.74
0.75
0.75
0.74
0.73
0.72
0.74
0.75
0.75
0.76
0.74
0.74
0.73
0.73
0.73
0.75
0.75
0.7
0.69
0.71
0.72
0.7
0.71
0.72
0.72
0.72
0.69
0.73
0.73
0.73
0.74
0.74
0.71
0.67
0.68
0.68
0.69
0.7
0.7
0.68
0.69
0.71
0.7
0.71
0.68
0.68
0.7
0.69
0.69
0.69
0.69
0.67
0.68
0.68
0.69
0.68
0.67
0.66
0.67
0.67
0.67
0.67
0.64
0.65
0.66
0.66
0.66
0.65
0.64
0.65
0.64
0.67
0.71
0.68
0.66
0.67
0.65
0.67
0.67
0.67
0.67
0.68
0.67
0.66
0.66
0.65
0.66
0.66
0.66
0.66
0.66
0.66
0.67
0.66
0.67
0.66
0.65
0.65
0.63
0.65
0.68
0.67
0.66
0.66
0.65
0.65
0.65
0.65
0.65
0.64
0.67
0.66
0.66
0.66
0.65
0.65
0.65
0.64
0.64
0.63
0.63
0.64
0.64
0.63
0.64
0.63
0.65
0.64
0.64
0.63
0.65
0.64
0.65
0.64
0.64
0.64
0.64
0.64
0.64
0.64
0.63
0.63
0.65
0.65
0.65
0.64
0.64
0.63
0.64
0.64
0.64
0.65
0.65
0.65
0.64
0.65
0.64
0.65
0.64
0.64
0.64
0.65
0.64
0.64
0.64
0.63
0.64
0.64
0.65
0.65
0.63
0.64
0.64
0.64
0.64
0.63
0.63
0.64
0.64
0.64
0.64
0.64
0.63
0.63
0.64
0.64
0.63
0.64
0.64
0.65
0.65
0.64
0.65
0.6
0.61
0.62
0.62
0.61
0.61
0.61
0.62
0.6
0.6
0.6
0.61
0.6
0.61
0.62
0.61
0.62
0.63
0.64
0.63
0.63
0.62
0.62
0.63
0.63
0.62
0.6
0.61
0.62
0.62
0.62
0.62
0.65
0.63
0.62
0.64
0.62
0.62
0.64
0.64
0.63
0.63
0.63
0.62
0.63
0.63
0.63
0.62
0.6
0.6
0.6
0.59
0.59
0.59
0.59
0.6
0.6
0.59
0.6
0.6
0.61
0.61
0.6
0.6
0.6
0.59
0.6
0.61
0.61
0.61
0.61
0.61
0.61
0.61
0.61
0.62
0.61
0.62
0.62
0.62
0.62
0.62
0.62
0.62
0.61
0.61
0.61
0.64
0.58
0.6
0.61
0.61
0.63
0.63
0.63
0.62
0.63
0.62
0.61
0.61
0.61
0.61
0.62
0.77
0.75
0.73
0.73
0.76
0.68
0.78
0.86
0.86
0.93
0.88
0.79
0.8
0.79
0.9
0.88
0.87
0.87
0.86
0.81
0.82
0.84
0.78
0.81
0.8
0.78
0.72
0.7
0.71
0.74
0.76
0.74
0.73
0.74
0.74
0.73
0.74
0.75
0.76
0.9
0.85
0.82
0.85
0.85
1.02
1.01
1.03
1.04
1.1
1.17
1.22
1.2
1.16
1.22
1.22
1.2
1.21
1.17
1.21
1.05
1.05
1.15
1.18
1.16
1.17
1.15
1.13
1.12
1.02
1.03
1.03
1.06
1.03
1.0
1.0
0.97
0.94
0.94
0.93
0.91
0.94
0.93
0.9
0.9
0.87
0.87
0.88
0.88
0.89
0.86
0.86
0.82
0.84
0.89
0.87
0.84
0.84
0.83
0.84
0.86
0.87
0.85
0.84
0.83
0.84
0.89
0.85
0.85
0.86
0.87
0.96
1.01
1.0
1.1
1.13
1.02
0.88
0.85
0.87
0.87
0.92
0.92
0.89
0.92
0.88
0.88
0.88
0.89
0.9
0.9
0.9
0.89
0.86
0.89
0.88
0.88
0.88
0.86
0.86
0.86
0.86
0.83
0.84
0.83
0.84
0.84
0.84
0.85
0.85
0.86
0.84
0.85
0.84
0.85
0.84
0.84
0.84
0.86
0.86
0.84
0.86
0.85
0.85
0.86
0.85
0.87
0.89
0.89
0.92
0.93
0.9
0.91
0.9
0.9
0.94
0.93
0.94
0.93
0.91
0.93
0.95
1.0
1.01
1.03
1.01
1.03
1.04
1.04
1.0
1.02
0.96
0.97
0.96
0.97
0.97
0.97
0.97
0.97
0.96
0.96
0.96
0.97
0.98
0.96
0.96
0.94
0.95
0.95
0.93
0.9
0.93
0.91
0.93
0.92
0.9
0.89
0.88
0.89
0.89
0.88
0.89
0.89
0.89
0.89
0.9
0.89
0.88
0.92
0.91
0.91
0.92
0.91
0.9
0.95
0.95
0.91
0.93
0.92
0.92
0.91
0.92
0.9
0.9
0.89
0.89
0.88
0.87
0.88
0.88
0.88
0.89
0.89
0.88
0.96
0.96
0.93
0.91
0.96
0.94
0.96
0.95
0.95
0.93
0.92
0.91
0.89
0.9
0.9
0.89
0.89
0.88
0.89
0.88
0.88
0.89
0.89
0.88
0.87
0.88
0.88
0.88
0.87
0.87
0.864
0.861
0.865
0.864
0.863
0.861
0.867
0.853
0.858
0.856
0.854
0.856
0.847
0.846
0.845
0.839
0.863
0.885
0.883
0.88
0.877
0.878
0.873
0.885
0.878
0.87
0.88
0.876
0.851
0.873
0.868
0.869
0.865
0.87
0.866
0.873
0.876
0.875
0.874
0.86
0.854
0.856
0.851
0.87
0.885
0.882
0.88
0.862
0.87
0.852
0.872
0.869
0.84
0.872
0.853
0.862
0.861
0.859
0.863
0.859
0.859
0.859
0.855
0.854
0.846
0.845
0.845
0.845
0.851
0.849
0.85
0.855
0.825
0.84
0.86
0.855
0.854
0.842
0.82
0.835
0.839
0.817
0.806
0.81
0.803
0.807
0.814
0.818
0.825
0.818
0.809
0.8
0.809
0.81
0.832
0.829
0.829
0.819
0.811
0.827
0.83
0.826
0.832
0.828
0.828
0.827
0.816
0.813
0.824
0.814
0.82
0.816
0.81
0.809
0.806
0.805
0.808
0.799
0.772
0.782
0.785
0.787
0.789
0.784
0.789
0.788
0.78
0.78
0.776
0.775
0.776
0.776
0.774
0.777
0.785
0.778
0.774
0.78
0.775
0.771
0.782
0.821
0.818
0.82
0.791
0.805
0.808
0.808
0.8
0.789
0.788
0.803
0.803
0.776
0.779
0.78
0.8
0.789
0.788
0.794
0.783
0.779
0.782
0.771
0.778
0.774
0.78
0.783
0.769
0.782
0.778
0.78
0.778
0.775
0.776
0.775
0.77
0.765
0.768
0.777
0.778
0.764
0.764
0.763
0.761
0.776
0.774
0.775
0.777
0.76
0.76
0.755
0.755
0.76
0.755
0.742
0.742
0.745
0.724
0.725
0.724
0.711
0.721
0.72
0.719
0.73
0.715
0.713
0.718
0.714
0.717
0.715
0.719
0.717
0.719
0.718
0.717
0.716
0.719
0.72
0.717
0.746
0.748
0.737
0.743
0.741
0.743
0.753
0.749
0.729
0.738
0.739
0.819
0.85
0.848
0.908
0.856
0.869
0.897
0.873
0.888
0.901
0.812
0.791
0.806
0.794
0.8
0.809
0.808
0.804
0.801
0.804
0.821
0.798
0.8
0.794
0.798
0.79
0.776
0.76
0.768
0.74
0.748
0.731
0.737
0.742
0.735
0.733
0.729
0.73
0.745
0.75
0.744
0.76
0.751
0.744
0.75
0.753
0.759
0.733
0.736
0.737
0.733
0.729
0.738
0.735
0.726
0.738
0.733
0.725
0.74
0.722
0.725
0.728
0.715
0.722
0.717
0.716
0.714
0.698
0.703
0.7
0.704
0.69
0.692
0.699
0.685
0.68
0.68
0.676
0.681
0.681
0.676
0.675
0.754
0.732
0.728
0.729
0.737
0.734
0.716
0.729
0.73
0.731
0.744
0.766
0.766
0.775
0.751
0.746
0.74
0.733
0.731
0.746
0.75
0.704
0.719
0.709
0.707
0.737
0.72
0.724
0.718
0.725
0.701
0.701
0.708
0.704
0.703
0.707
0.704
0.705
0.715
0.694
0.697
0.704
0.696
0.7
0.705
0.711
0.707
0.706
0.706
0.684
0.69
0.71
0.709
0.69
0.701
0.7
0.695
0.701
0.711
0.706
0.707
0.708
0.708
0.707
0.708
0.707
0.739
0.739
0.739
0.744
0.741
0.74
0.739
0.742
0.738
0.725
0.736
0.735
0.736
0.73
0.736
0.735
0.735
0.743
0.73
0.807
0.919
0.866
0.87
0.812
0.823
0.818
0.833
0.795
0.801
0.8
0.768
0.782
0.783
0.787
0.796
0.78
0.795
0.757
0.765
0.756
0.763
0.766
0.772
0.76
0.77
0.762
0.77
0.77
0.788
0.775
0.775
0.766
0.763
0.75
0.767
0.751
0.755
0.767
0.768
0.77
0.771
0.773
0.792
0.794
0.799
0.791
0.79
0.79
0.792
0.788
0.789
0.797
0.793
0.799
0.8
0.795
0.786
0.797
0.797
0.797
0.792
0.805
0.794
0.813
0.798
0.797
0.796
0.809
0.813
0.81
0.809
0.823
0.8
0.801
0.802
0.81
0.81
0.815
0.815
0.805
0.788
0.792
0.78
0.79
0.793
0.804
0.795
0.792
0.789
0.796
0.819
0.809
0.807
0.803
0.803
0.8
0.8
0.808
0.801
0.8
0.808
0.801
0.804
0.803
0.803
0.805
0.825
0.819
0.813
0.8
0.795
0.824
0.818
0.82
0.821
0.805
0.806
0.808
0.814
0.805
0.807
0.818
0.807
0.816
0.814
0.811
0.804
0.809
0.801
0.798
0.798
0.8
0.798
0.783
0.799
0.791
0.794
0.788
0.788
0.8
0.795
0.798
0.797
0.797
0.797
0.795
0.785
0.765
0.77
0.77
0.769
0.762
0.765
0.745
0.705
0.7
0.7
0.6995
0.7005
0.7
0.7
0.7
0.706
0.7
0.7
0.698
0.6985
0.6975
0.6885
0.69
0.6895
0.69
0.69
0.69
0.6965
0.69
0.6905
0.6905
0.6905
0.694
0.694
0.69
0.69
0.69
0.688
0.6945
0.6845
0.6885
0.682
0.679
0.677
0.6765
0.659
0.6635
0.685
0.671
0.6495
0.671
0.665
0.6585
0.662
0.66
0.6695
0.6695
0.6635
0.66
0.66
0.662
0.65
0.654
0.65
0.65
0.65
0.654
0.65
0.65
0.6465
0.6405
0.645
0.6465
0.6435
0.645
0.636
0.61
0.6
0.6025
0.624
0.6095
0.62
0.6205
0.616
0.609
0.6005
0.604
0.6005
0.6005
0.6015
0.606
0.61
0.601
0.6015
0.6065
0.606
0.5995
0.5995
0.5985
0.5975
0.58
0.6005
0.604
0.603
0.5945
0.5955
0.5805
0.594
0.599
0.599
0.5995
0.5915
0.6
0.605
0.5945
0.608
0.6
0.6
0.6025
0.6015
0.6
0.6045
0.599
0.6005
0.597
0.603
0.6415
0.6305
0.6185
0.612
0.6105
0.613
0.6085
0.6045
0.6035
0.609
0.6075
0.601
0.605
0.595
0.599
0.6005
0.6005
0.601
0.5975
0.602
0.631
0.6245
0.6185
0.6135
0.6165
0.6345
0.6285
0.614
0.6085
0.605
0.6125
0.612
0.6185
0.6025
0.6065
0.6135
0.6025
0.603
0.602
0.603
0.6035
0.615
0.613
0.6055
0.6105
0.606
0.605
0.602
0.6035
0.6
0.6035
0.608
0.594
0.5985
0.5895
0.5875
0.5885
0.5845
0.588
0.5935
0.5915
0.5945
0.5925
0.5925
0.5925
0.59
0.5905
0.59
0.584
0.592
0.5915
0.5915
0.5875
0.59
0.5935
0.5935
0.596
0.5935
0.5925
0.6035
0.601
0.6075
0.6155
0.617
0.6095
0.6045
0.6055
0.6
0.61
0.6
0.6025
0.604
0.598
0.603
0.6
0.6
0.608
0.602
0.6005
0.6015
0.6005
0.6
0.6
0.6
0.6055
0.6
0.596
0.598
0.5975
0.5995
0.6
0.602
0.5955
0.5955
0.5995
0.595
0.6055
0.6
0.601
0.6
0.601
0.6015
0.594
0.5995
0.5985
0.606
0.596
0.5995
0.596
0.6
0.596
0.5945
0.594
0.5945
0.594
0.5935
0.595
0.596
0.598
0.596
0.598
0.6
0.594
0.5995
0.6025
0.6
0.6
0.602
0.599
0.592
0.603
0.602
0.6
0.597
0.597
0.5985
0.6
0.608
0.608
0.615
0.609
0.61
0.61
0.6155
0.607
0.6185
0.6185
0.6115
0.6175
0.6135
0.613
0.6125
0.613
0.61
0.6095
0.613
0.61
0.613
0.613
0.6045
0.6125
0.605
0.608
0.6145
0.6145
0.6085
0.614
0.607
0.613
0.624
0.62
0.619
0.617
0.605
0.607
0.6295
0.619
0.619
0.618
0.626
0.628
0.6205
0.6265
0.621
0.616
0.609
0.6005
0.6
0.601
0.603
0.604
0.603
0.6
0.6005
0.6055
0.601
0.6035
0.61
0.613
0.6105
0.607
0.603
0.603
0.6005
0.6025
0.6005
0.602
0.6035
0.604
0.604
0.602
0.6035
0.598
0.6025
0.603
0.603
0.6025
0.601
0.5955
0.6
0.592
0.5995
0.5985
0.5995
0.5995
0.599
0.5985
0.585
0.5935
0.5815
0.584
0.5955
0.5975
0.599
0.598
0.597
0.599
0.5935
0.57
0.55
0.559
0.5645
0.5615
0.5595
0.561
0.567
0.567
0.5655
0.5575
0.5565
0.56
0.557
0.5605
0.552
0.54
0.542
0.541
0.5425
0.5415
0.538
0.5375
0.5415
0.5385
0.5395
0.538
0.5325
0.533
0.535
0.535
0.519
0.5165
0.5095
0.5155
0.516
0.517
0.518
0.517
0.5165
0.515
0.513
0.5105
0.51
0.512
0.509
0.4975
0.496
0.486
0.4595
0.473
0.473
0.4785
0.485
0.4775
0.4745
0.4795
0.4735
0.4705
0.4735
0.469
0.4645
0.46
0.466
0.4675
0.461
0.4635
0.462
0.464
0.46
0.4635
0.4565
0.4615
0.4645
0.4675
0.464
0.466
0.466
0.463
0.4675
0.4655
0.46
0.4545
0.459
0.4565
0.4545
0.4545
0.456
0.456
0.4585
0.4575
0.458
0.461
0.452
0.452
0.452
0.454
0.4545
0.454
0.4535
0.4535
0.4535
0.456
0.4545
0.4535
0.456
0.455
0.456
0.455
0.455
0.4545
0.4515
0.4535
0.4545
0.453
0.455
0.4555
0.457
0.457
0.456
0.453
0.4535
0.456
0.4575
0.459
0.4615
0.462
0.461
0.4605
0.46
0.4615
0.4615
0.4615
0.4585
0.457
0.4575
0.458
0.4605
0.459
0.458
0.4575
0.458
0.4595
0.46
0.461
0.459
0.459
0.458
0.4595
0.4595
0.459
0.4595
0.454
0.457
0.4555
0.453
0.46
0.4565
0.4565
0.455
0.4595
0.4575
0.459
0.459
0.462
0.462
0.459
0.461
0.46
0.46
0.461
0.459
0.4605
0.458
0.462
0.462
0.461
0.462
0.4615
0.462
0.4605
0.4585
0.4605
0.4595
0.456
0.4555
0.4555
0.452
0.4535
0.4535
0.4505
0.4505
0.453
0.451
0.449
0.4505
0.45
0.45
0.45
0.4505
0.452
0.448
0.449
0.448
0.4495
0.4505
0.4505
0.452
0.44
0.4005
0.395
0.395
0.397
0.398
0.3985
0.399
0.3945
0.398
0.362
0.3665
0.366
0.3645
0.3675
0.3685
0.368
0.372
0.3705
0.3615
0.365
0.3765
0.3695
0.364
0.364
0.3685
0.372
0.3655
0.3635
0.362
0.3645
0.3645
0.364
0.365
0.3645
0.3645
0.3655
0.3655
0.377
0.3765
0.376
0.363
0.3695
0.3685
0.3645
0.364
0.368
0.3735
0.3665
0.3635
0.361
0.3555
0.355
0.3495
0.3475
0.3395
0.3375
0.331
0.3065
0.3185
0.3175
0.321
0.3225
0.3275
0.322
0.351
0.359
0.3555
0.3435
0.3485
0.339
0.3385
0.341
0.342
0.34
0.34
0.3405
0.338
0.3375
0.3385
0.34
0.3395
0.3395
0.3385
0.3465
0.3395
0.338
0.3405
0.34
0.3435
0.3445
0.34
0.345
0.3445
0.343
0.346
0.342
0.3395
0.347
0.3465
0.341
0.3385
0.34
0.338
0.3325
0.334
0.3275
0.34
0.339
0.3435
0.338
0.3375
0.338
0.337
0.335
0.334
0.3315
0.3315
0.33
0.337
0.339
0.337
0.33
0.3305
0.3285
0.327
0.3205
0.3155
0.3115
0.3125
0.3195
0.309
0.307
0.3
0.2995
0.296
0.3
0.3005
0.302
0.298
0.2915
0.286
0.287
0.285
0.2935
0.297
0.296
0.2965
0.2945
0.2915
0.295
0.292
0.2915
0.2895
0.3465
0.314
0.3065
0.3035
0.3055
0.3115
0.303
0.3025
0.3025
0.3025
0.302
0.314
0.3035
0.302
0.302
0.3005
0.3005
0.293
0.29
0.284
0.29
0.2935
0.301
0.3
0.303
0.304
0.3015
0.302
0.3045
0.3075
0.3145
0.3205
0.32
0.3465
0.3305
0.371
0.3605
0.348
0.3615
0.3745
0.3465
0.3575
0.358
0.351
0.353
0.348
0.346
0.34
0.339
0.3395
0.328
0.319
0.3175
0.3175
0.3185
0.328
0.321
0.322
0.324
0.3205
0.318
0.3125
0.3135
0.3125
0.312
0.314
0.3125
0.309
0.308
0.3115
0.3365
0.33
0.326
0.326
0.3335
0.314
0.3195
0.317
0.3145
0.3185
0.3195
0.3145
0.3205
0.3195
0.3185
0.3205
0.3145
0.317
0.317
0.3205
0.3095
0.311
0.3145
0.313
0.3145
0.3135
0.3125
0.313
0.31
0.3165
0.314
0.313
0.315
0.31
0.302
0.302
0.305
0.307
0.311
0.3075
0.3045
0.3045
0.3015
0.3
0.304
0.302
0.302
0.302
0.302
0.3015
0.3045
0.304
0.304
0.3005
0.3005
0.3015
0.299
0.3015
0.3
0.3005
0.2995
0.3015
0.3015
0.3015
0.301
0.2995
0.299
0.3005
0.3005
0.3
0.301
0.3
0.3
0.294
0.289
0.2925
0.29
0.2945
0.296
0.2945
0.293
0.295
0.29
0.293
0.293
0.2925
0.289
0.2955
0.297
0.2975
0.295
0.292
0.293
0.2995
0.2985
0.297
0.2975
0.2985
0.297
0.2985
0.3
0.3
0.295
0.295
0.301
0.299
0.3145
0.3705
0.3745
0.358
0.3415
0.3335
0.3315
0.3315
0.345
0.3465
0.345
0.341
0.324
0.3215
0.3335
0.334
0.3325
0.346
0.3345
0.3385
0.3375
0.336
0.3325
0.3295
0.3305
0.331
0.324
0.328
0.31
0.3095
0.32
0.311
0.3145
0.317
0.313
0.316
0.315
0.3105
0.314
0.3095
0.31
0.3135
0.3105
0.309
0.305
0.3105
0.302
0.3
0.3015
0.3035
0.3005
0.3025
0.305
0.3045
0.304
0.3155
0.31
0.3105
0.325
0.3495
0.3555
0.3475
0.351
0.354
0.3815
0.4335
0.4335
0.4765
0.523
0.4265
0.45
0.487
0.512
0.4965
0.5025
0.476
0.4755
