close
1186.0
1195.0
1197.4
1209.6
1208.2
1205.8
1203.4
1198.4
1197.0
1206.0
1202.0
1207.0
1203.8
1203.6
1207.0
1216.8
1213.0
1214.4
1225.0
1219.8
1223.4
1216.6
1217.0
1217.0
1216.8
1217.0
1215.4
1217.8
1217.0
1213.8
1213.8
1213.0
1213.4
1214.6
1215.2
1211.6
1214.6
1216.0
1218.0
1218.4
1217.6
1218.0
1216.0
1216.0
1217.0
1216.4
1214.0
1214.0
1211.6
1203.4
1200.0
1201.4
1202.0
1200.4
1199.4
1198.0
1209.8
1201.0
1201.0
1202.2
1206.4
1208.6
1211.4
1208.8
1210.0
1208.6
1220.0
1214.0
1216.8
1217.6
1217.6
1217.0
1217.4
1219.6
1225.0
1225.8
1225.8
1227.0
1229.0
1225.0
1224.0
1223.8
1225.6
1220.0
1222.8
1224.0
1223.2
1221.2
1222.8
1222.0
1224.0
1222.6
1222.8
1222.0
1225.0
1226.2
1226.8
1226.8
1227.8
1230.0
1234.0
1234.4
1235.6
1234.4
1239.4
1240.2
1240.6
1241.2
1244.8
1243.0
1240.2
1239.4
1246.6
1259.6
1268.6
1273.2
1275.2
1273.2
1268.8
1258.8
1261.2
1276.0
1261.4
1261.4
1258.6
1256.0
1256.8
1255.2
1252.0
1251.4
1250.0
1262.4
1262.8
1260.0
1260.4
1256.6
1254.8
1255.0
1252.8
1255.0
1274.0
1258.4
1263.2
1253.0
1253.6
1250.2
1249.2
1248.2
1243.2
1241.0
1250.0
1246.8
1246.0
1241.0
1227.8
1226.4
1217.8
1217.2
1215.6
1215.8
1219.8
1216.2
1216.8
1217.0
1218.6
1209.8
1210.2
1216.4
1218.0
1210.8
1217.8
1215.6
1211.8
1205.0
1204.2
1199.6
1199.0
1199.6
1202.0
1207.0
1208.0
1207.0
1208.0
1208.0
1203.6
1206.6
1204.2
1206.0
1211.6
1206.2
1205.2
1207.0
1206.4
1201.4
1201.0
1199.2
1199.4
1208.0
1206.2
1201.6
1201.2
1201.0
1204.6
1205.8
1205.0
1207.0
1203.0
1200.8
1200.8
1200.8
1199.0
1195.4
1194.2
1193.6
1192.4
1194.2
1192.8
1188.6
1182.0
1181.4
1180.6
1178.8
1176.0
1182.2
1185.8
1177.0
1188.4
1183.4
1183.4
1181.6
1182.4
1179.0
1176.8
1179.6
1176.4
1161.0
1171.4
1164.4
1156.0
1153.6
1141.8
1143.0
1137.4
1133.8
1133.0
1131.8
1133.6
1134.4
1137.0
1136.8
1138.6
1135.6
1138.8
1140.0
1146.0
1145.0
1148.2
1152.0
1155.2
1162.4
1167.8
1171.0
1167.8
1171.6
1181.4
1189.0
1191.8
1186.8
1187.4
1190.0
1187.0
1186.2
1207.8
1190.8
1194.8
1203.2
1204.4
1211.6
1211.0
1222.2
1225.0
1228.4
1230.0
1236.4
1234.6
1231.2
1232.0
1237.0
1235.0
1234.6
1235.4
1238.8
1248.2
1246.4
1247.2
1248.0
1249.0
1255.6
1253.0
1242.8
1234.8
1227.8
1226.2
1228.0
1237.6
1237.8
1232.2
1235.4
1237.8
1235.0
1249.0
1239.0
1243.0
1248.6
1249.4
1247.6
1251.6
1250.4
1249.4
1257.2
1266.0
1265.0
1272.4
1278.6
1276.0
1279.8
1290.8
1286.2
1288.6
1300.0
1304.8
1305.2
1292.0
1300.2
1302.6
1301.2
1298.0
1303.4
1302.2
1299.6
1305.0
1316.8
1319.0
1322.0
1323.0
1322.0
1327.0
1327.4
1322.4
1327.0
1326.4
1326.2
1327.0
1324.6
1322.6
1322.4
1320.0
1340.0
1333.8
1320.0
1315.6
1298.8
1298.2
1296.6
1293.2
1289.0
1293.2
1285.6
1285.6
1297.8
1297.2
1303.0
1303.4
1308.0
1306.8
1306.0
1300.8
1304.6
1305.0
1302.0
1303.4
1301.6
1305.0
1302.8
1303.2
1303.4
1310.0
1305.6
1306.2
1308.2
1307.8
1302.0
1303.4
1301.2
1303.8
1313.8
1301.4
1302.6
1301.8
1303.0
1302.8
1303.0
1303.2
1305.8
1305.0
1307.0
1309.0
1305.4
1304.8
1305.2
1305.0
1305.6
1303.6
1308.6
1302.4
1307.0
1306.0
1306.2
1307.0
1307.4
1308.0
1311.0
1311.2
1341.2
1352.0
1348.2
1347.0
1347.8
1344.8
1343.8
1341.4
1332.4
1340.0
1329.2
1320.0
1319.6
1317.6
1315.2
1314.6
1314.2
1320.0
1322.8
1321.0
1330.2
1332.2
1339.2
1338.8
1340.2
1344.0
1344.8
1350.2
1349.8
1355.0
1355.0
1354.6
1358.4
1358.0
1365.0
1365.2
1366.8
1355.2
1367.6
1368.2
1370.6
1371.0
1379.0
1380.2
1384.8
1400.2
1398.4
1403.6
1407.0
1408.8
1411.0
1415.2
1422.6
1428.2
1432.4
1426.4
1434.0
1430.6
1437.2
1433.2
1432.8
1429.0
1426.8
1425.8
1426.4
1428.2
1437.6
1440.4
1449.6
1454.6
1466.0
1451.4
1461.4
1453.8
1470.0
1452.4
1462.0
1479.8
1474.6
1472.8
1474.0
1476.6
1449.2
1452.0
1451.0
1450.0
1451.4
1451.6
1459.6
1463.0
1467.0
1463.4
1464.4
1465.2
1490.0
1471.4
1472.4
1474.0
1473.2
1474.8
1473.6
1473.6
1471.4
1473.2
1463.8
1459.4
1457.4
1450.2
1449.0
1449.6
1442.0
1448.2
1448.0
1460.6
1451.4
1452.2
1448.0
1449.6
1446.2
1447.4
1447.6
1445.8
1444.8
1446.8
1443.6
1441.6
1444.6
1442.0
1441.8
1442.8
1439.8
1436.4
1438.4
1450.6
1436.4
1437.8
1440.0
1441.6
1441.6
1440.6
1436.4
1437.4
1427.6
1425.8
1438.4
1428.4
1423.0
1423.2
1424.2
1406.6
1410.0
1399.2
1391.2
1420.6
1426.2
1435.8
1435.6
1442.0
1441.0
1445.2
1444.0
1450.0
1449.8
1435.0
1437.0
1440.0
1442.4
1460.8
1469.6
1468.0
1468.0
1477.6
1460.0
1463.6
1466.4
1466.0
1469.0
1481.4
1482.0
1480.8
1486.2
1502.4
1505.8
1504.6
1505.2
1511.0
1510.2
1514.2
1517.2
1515.0
1520.4
1544.8
1538.8
1548.4
1550.0
1560.8
1549.2
1548.0
1558.6
1545.0
1567.0
1569.6
1571.4
1591.8
1609.8
1600.0
1588.2
1586.4
1588.0
1590.4
1609.6
1626.4
1600.8
1624.0
1632.6
1627.8
1630.2
1632.4
1637.4
1635.2
1660.0
1655.4
1657.2
1663.2
1654.0
1639.6
1643.0
1641.2
1641.4
1645.2
1650.0
1660.8
1667.0
1657.6
1641.4
1650.0
1654.6
1665.2
1663.6
1662.0
1673.6
1680.0
1689.0
1687.0
1676.8
1668.2
1664.0
1671.8
1673.8
1670.6
1690.0
1680.4
1663.8
1663.4
1665.0
1659.8
1664.0
1677.4
1670.0
1684.8
1699.6
1671.0
1657.8
1660.0
1662.0
1651.0
1659.0
1664.0
1665.2
1671.6
1665.0
1664.4
1660.0
1660.0
1658.6
1658.4
1657.4
1659.8
1657.8
1654.0
1640.8
1627.8
1635.8
1635.0
1640.6
1633.0
1618.2
1650.0
1612.8
1613.0
1612.6
1610.0
1604.4
1603.4
1605.6
1610.0
1610.2
1601.0
1614.0
1633.8
1618.2
1616.0
1610.6
1600.2
1600.2
1600.4
1604.0
1615.8
1612.2
1620.4
1608.4
1608.6
1610.2
1600.4
1606.8
1608.4
1624.8
1628.0
1640.0
1652.0
1654.4
1658.8
1655.8
1658.8
1648.6
1646.0
1644.4
1641.8
1626.8
1626.0
1622.0
1625.6
1635.6
1639.2
1640.8
1644.0
1631.6
1580.0
1607.0
1598.8
1599.6
1598.0
1596.4
1599.6
1597.0
1596.2
1590.6
1567.0
1549.8
1552.6
1537.4
1533.8
1549.2
1579.0
1574.0
1590.8
1595.2
1573.0
1583.6
1572.8
1592.0
1579.4
1578.2
1567.0
1551.4
1533.6
1551.0
1500.0
1475.2
1423.6
1405.6
1433.0
1463.8
1487.0
1464.6
1467.8
1474.2
1448.6
1455.0
1480.2
1460.4
1421.2
1383.8
1394.6
1421.2
1438.0
1437.4
1420.0
1408.2
1385.0
1393.2
1392.4
1385.0
1393.0
1411.2
1406.6
1419.6
1381.4
1411.8
1415.0
1425.6
1449.4
1439.0
1445.0
1440.8
1454.4
1524.0
1448.4
1459.4
1458.6
1461.4
1462.4
1459.6
1469.0
1475.6
1482.0
1400.4
1405.4
1398.8
1338.0
1296.8
1282.4
1240.4
1268.6
1159.4
1116.6
1005.0
1150.6
1124.0
1150.0
1145.0
1162.6
1137.6
1127.2
1131.6
1131.0
1157.8
1190.0
1211.0
1220.6
1211.0
1216.8
1187.2
1152.6
1170.6
1167.2
1083.0
1100.4
1080.0
1055.0
1033.4
1071.4
1051.0
1015.0
999.2
960.6
989.0
1026.2
1020.0
1015.4
1020.0
1044.8
1055.8
1033.8
1035.4
1045.0
1017.2
1043.8
998.6
1006.4
1005.2
997.2
992.6
977.4
1012.0
1010.8
1000.2
1010.0
978.6
968.4
961.6
964.0
963.8
927.0
933.4
934.6
939.8
896.8
922.0
901.6
895.2
895.8
874.6
867.4
874.6
873.8
894.0
840.0
888.8
863.6
868.8
885.0
920.0
879.4
908.2
934.0
980.4
1001.8
980.0
992.0
980.0
979.6
985.4
979.0
984.2
987.0
922.6
919.0
915.2
920.2
908.2
928.8
922.4
918.0
924.2
956.8
939.8
963.6
972.6
955.2
963.2
958.8
962.0
951.6
996.0
1006.6
994.6
992.2
974.0
982.0
977.4
972.2
966.0
960.4
955.0
945.0
928.0
920.4
934.6
930.2
931.6
934.0
947.0
940.0
939.0
930.4
921.0
916.4
922.8
913.6
904.0
902.8
895.0
882.0
837.6
832.6
836.0
848.6
838.6
838.0
838.4
833.6
831.8
855.0
856.0
901.8
890.0
892.0
879.8
870.0
870.0
893.8
900.0
878.0
885.4
878.2
881.6
880.0
881.4
880.0
872.2
862.8
860.8
879.0
864.8
859.0
861.6
860.6
863.2
857.6
845.8
822.0
835.0
840.0
848.8
858.2
860.4
858.0
853.2
857.6
861.8
862.0
862.0
870.2
887.2
882.2
893.0
906.0
911.0
925.4
948.2
944.6
950.0
969.0
1025.6
1013.0
999.0
1002.6
977.6
981.4
975.4
961.4
956.2
940.4
963.0
954.4
951.2
948.4
941.4
940.0
948.8
960.6
959.0
980.0
984.8
974.6
966.4
958.6
947.2
942.4
939.2
936.0
931.0
939.0
935.8
931.0
930.2
930.4
933.0
934.6
933.4
935.0
940.6
936.0
921.6
917.4
912.6
914.6
916.6
916.4
913.4
914.4
912.4
925.0
931.8
935.0
940.6
947.0
943.4
943.8
945.6
944.6
940.0
931.0
928.8
932.4
939.2
942.2
928.2
922.6
914.4
913.2
930.0
923.4
914.4
914.6
919.8
917.6
915.6
897.8
897.6
891.0
915.0
907.2
901.2
900.8
893.2
894.4
890.6
886.8
882.0
895.0
904.0
893.0
894.0
889.2
885.8
872.4
873.8
865.2
870.6
875.0
861.0
852.8
853.0
849.8
852.2
841.4
840.8
841.8
842.2
843.0
836.2
845.2
853.2
856.8
849.0
851.8
859.6
852.4
856.2
858.0
869.0
857.2
855.4
864.6
862.4
862.6
871.0
870.2
877.0
875.0
856.2
889.2
887.6
897.6
915.8
913.6
922.6
901.2
905.6
904.0
930.8
919.2
927.6
924.6
916.4
915.0
909.2
917.6
938.2
940.0
940.0
960.6
965.0
977.0
974.0
977.4
995.4
996.4
989.2
999.0
1000.2
1029.6
1012.0
1017.0
1026.0
1018.0
1022.2
1026.6
1027.6
1025.0
1034.8
1018.0
994.0
1012.4
1016.0
1004.4
1011.6
1018.0
1020.0
1025.0
1006.0
1006.0
998.8
1005.8
1003.8
1007.0
1009.6
1022.8
1018.6
1020.0
1030.0
1027.8
1015.6
1017.0
1018.0
1024.8
1027.8
1027.0
1023.6
1024.0
1024.0
1034.2
1037.0
1035.4
1028.8
1022.0
1017.4
1018.4
1014.8
1024.0
1029.4
1042.0
1039.2
1045.8
1038.8
1033.0
1028.0
1036.6
1049.6
1029.6
1032.0
1035.0
1034.6
1032.2
1035.0
1037.2
1041.8
1038.4
1044.6
1040.2
1032.4
1030.6
1028.6
1028.0
1032.2
1034.0
1037.0
1043.0
1043.2
1034.0
1028.0
1037.4
1053.2
1067.4
1070.8
1052.8
1049.6
1040.8
1047.8
1052.2
1054.8
1059.8
1058.2
1050.8
1056.4
1050.0
1044.2
1049.6
1084.0
1081.4
1070.8
1065.0
1082.0
1069.0
1069.8
1069.8
1070.4
1070.0
1080.0
1083.6
1081.6
1080.4
1081.0
1081.0
1084.8
1088.4
1088.4
1082.0
1090.0
1091.4
1089.2
1081.0
1075.0
1076.8
1081.4
1089.0
1093.6
1102.8
1108.4
1105.6
1132.8
1138.2
1143.0
1138.0
1133.0
1139.0
1140.8
1144.2
1147.6
1160.2
1165.2
1146.4
1141.0
1145.4
1149.0
1166.8
1163.6
1167.2
1154.2
1148.8
1161.8
1163.2
1159.4
1165.4
1172.2
1175.4
1183.0
1184.6
1199.0
1207.6
1218.0
1218.8
1212.2
1217.0
1215.6
1210.6
1211.6
1213.4
1226.0
1220.0
1216.0
1201.6
1210.6
1217.2
1213.4
1212.2
1224.0
1221.2
1222.0
1228.2
1250.0
1263.0
1261.4
1260.4
1265.2
1243.6
1237.0
1245.8
1249.8
1272.6
1286.0
1286.8
1275.4
1274.6
1271.0
1274.6
1266.6
1273.2
1273.0
1238.6
1222.2
1227.6
1207.0
1220.0
1219.2
1236.2
1223.4
1253.0
1259.8
1245.4
1219.6
1213.8
1214.6
1223.4
1204.8
1206.4
1201.6
1203.8
1212.0
1205.6
1209.2
1218.8
1210.4
1218.0
1215.4
1227.2
1242.2
1258.6
1259.0
1256.6
1257.8
1252.4
1243.4
1249.4
1257.2
1242.6
1235.6
1235.6
1242.8
1232.0
1221.8
1213.8
1220.6
1219.0
1215.6
1220.2
1216.0
1215.0
1217.0
1220.4
1224.0
1219.2
1220.6
1215.8
1220.6
1218.0
1216.0
1222.4
1230.0
1243.4
1255.0
1246.4
1257.4
1251.8
1250.2
1251.8
1249.6
1246.8
1230.0
1204.6
1216.0
1205.6
1208.6
1197.0
1199.6
1205.2
1214.0
1205.2
1201.4
1203.8
1206.0
1206.0
1210.6
1209.6
1205.0
1211.4
1211.2
1197.6
1186.8
1190.0
1209.8
1202.2
1207.4
1198.8
1202.0
1201.0
1205.0
1180.2
1271.8
1251.4
1236.4
1235.2
1243.4
1246.4
1248.4
1249.0
1250.0
1239.2
1310.0
1309.8
1311.8
1325.2
1321.6
1300.4
1305.2
1304.8
1312.8
1319.6
1323.0
1317.0
1315.4
1317.4
1320.4
1322.2
1308.0
1323.2
1309.6
1308.2
1317.2
1312.0
1315.0
1313.6
1318.6
1320.4
1327.6
1326.6
1335.0
1344.0
1349.2
1343.2
1345.0
1345.6
1343.2
1340.4
1339.2
1340.2
1335.4
1320.4
1341.0
1368.0
1372.8
1372.6
1370.4
1369.2
1369.6
1371.8
1380.0
1433.6
1441.0
1446.0
1445.8
1443.6
1438.8
1440.0
1442.2
1436.2
1420.0
1461.0
1456.4
1465.8
1465.0
1458.6
1457.2
1453.0
1453.6
1457.4
1457.6
1473.2
1473.0
1479.2
1497.6
1488.0
1491.2
1481.0
1472.2
1462.2
1450.0
1465.8
1453.6
1422.2
1431.8
1458.0
1460.2
1457.0
1456.8
1458.0
1469.8
1460.0
1460.8
1456.0
1434.8
1431.0
1421.8
1437.0
1434.2
1437.6
1440.2
1433.4
1424.0
1419.0
1408.4
1411.0
1413.2
1422.8
1432.2
1447.0
1426.2
1459.8
1458.6
1461.0
1460.6
1467.6
1463.4
1459.0
1458.8
1456.0
1481.0
1486.8
1507.0
1503.8
1502.2
1505.6
1492.4
1514.6
1494.8
1503.8
1495.0
1487.0
1489.2
1486.0
1487.4
1490.0
1486.6
1491.0
1490.0
1472.0
1470.2
1467.8
1445.6
1464.4
1464.8
1463.4
1466.8
1464.2
1460.0
1467.0
1456.2
1463.0
1456.6
1458.0
1465.0
1469.0
1477.4
1470.2
1486.2
1503.0
1498.2
1500.8
1500.0
1494.8
1491.0
1494.4
1504.4
1518.4
1538.4
1549.8
1533.2
1527.2
1524.0
1536.8
1545.4
1540.6
1522.6
1534.4
1540.6
1548.0
1540.4
1545.2
1548.0
1543.6
1531.2
1531.6
1543.0
1541.4
1546.0
1545.0
1543.2
1546.2
1546.6
1555.0
1573.8
1583.0
1583.0
1581.6
1590.0
1595.8
1612.0
1609.0
1608.2
1613.2
1610.0
1615.8
1641.2
1658.8
1667.6
1649.8
1649.6
1659.0
1673.4
1663.8
1655.8
1664.8
1658.8
1660.8
1657.0
1654.4
1663.0
1653.0
1654.0
1660.4
1661.2
1707.8
1747.8
1715.0
1710.0
1714.0
1718.6
1729.8
1713.4
1722.6
1750.2
1751.4
1752.6
1757.4
1770.0
1781.6
1773.0
1764.0
1770.0
1793.6
1766.0
1766.6
1770.0
1765.4
1763.0
1735.0
1732.4
1753.0
1756.0
1721.2
1742.0
1751.0
1738.8
1747.0
1751.6
1757.0
1757.2
1757.4
1775.8
1787.6
1780.0
1794.0
1793.0
1793.0
1828.6
1823.0
1843.8
1832.4
1832.0
1880.0
1873.4
1884.4
1875.2
1892.0
1885.0
1823.0
1826.6
1804.6
1808.0
1840.0
1820.8
1814.8
1832.0
1812.4
1814.0
1813.2
1794.4
1818.0
1820.0
1803.0
1801.4
1807.0
1755.0
1786.6
1791.4
1786.6
1791.6
1778.2
1836.6
1845.2
1846.4
1831.0
1847.0
1851.0
1862.2
1855.0
1870.0
1897.0
1878.2
1880.6
1878.4
1886.2
1900.8
1900.2
1896.6
1889.0
1892.8
1883.4
1880.8
1883.6
1881.8
1879.2
1889.6
1882.0
1882.0
1884.2
1891.0
1884.0
1890.0
1882.2
1885.0
1883.6
1881.6
1883.8
1883.0
1884.8
1884.0
1876.8
1903.6
1916.4
1918.2
1923.0
1919.4
1920.6
1914.4
1919.0
1926.0
1927.0
1930.0
1939.0
1941.8
1951.4
1952.0
1976.0
1956.0
1955.0
1953.0
1927.8
1920.0
1911.8
1921.0
1927.0
1932.8
1931.0
1934.2
1939.4
1943.2
1964.0
1960.8
1937.6
1927.0
1936.0
1939.4
1935.8
1925.6
1918.0
1910.0
1918.4
1918.6
1916.2
1919.8
1919.0
1937.0
1934.4
1887.0
1871.4
1874.2
1862.0
1850.8
1833.2
1826.2
1820.0
1825.6
1868.0
1862.2
1865.0
1856.2
1878.0
1884.0
1859.0
1836.8
1829.2
1815.0
1816.4
1820.0
1806.4
1798.0
1808.4
1809.4
1808.0
1804.4
1800.0
1804.0
1796.0
1771.0
1774.8
1778.0
1779.6
1757.8
1762.0
1767.8
1773.2
1784.0
1788.8
1791.8
1829.4
1824.0
1818.0
1793.2
1784.6
1772.2
1767.6
1775.8
1773.8
1768.2
1756.0
1758.0
1767.2
1767.0
1771.0
1766.4
1770.0
1751.4
1750.0
1705.6
1703.4
1726.8
1723.2
1708.6
1710.6
1702.8
1709.0
1707.4
1718.2
1719.2
1722.4
1720.6
1703.2
1767.0
1745.0
1725.6
1737.0
1734.0
1743.6
1771.4
1764.2
1793.0
1786.0
1795.4
1795.4
1789.2
1788.4
1828.6
1772.0
1753.4
1762.0
1775.6
1778.4
1775.4
1786.0
1787.0
1797.0
1787.4
1781.0
1778.6
1772.2
1771.2
1770.2
1772.0
1800.0
1808.6
1817.8
1831.8
1821.2
1830.2
1834.6
1837.2
1827.2
1830.8
1821.4
1807.2
1804.0
1819.0
1809.0
1791.8
1790.8
1805.8
1816.2
1816.0
1813.0
1827.8
1828.0
1813.4
1818.4
1828.2
1818.6
1824.0
1827.6
1881.4
1894.6
1893.0
1897.8
1879.6
1875.4
1888.0
1889.8
1893.8
1889.8
1884.2
1890.0
1890.2
1892.0
1895.2
1918.0
1922.6
1917.6
1907.6
1916.0
1926.0
1924.4
1917.4
1923.4
1922.0
1920.2
1921.6
1922.8
1922.8
1923.2
1957.0
1957.4
1958.0
1956.0
1981.0
1960.6
1996.4
1988.2
1987.2
1991.8
1994.6
1995.4
1999.6
2000.0
2040.0
1977.0
1997.0
2000.0
1997.2
1988.2
1992.4
1996.2
1987.8
1982.0
1985.0
1976.2
1972.0
1976.6
1981.2
1984.8
1920.4
1926.8
1922.8
1919.0
1907.0
1908.8
1891.8
1899.8
1899.4
1911.8
1919.6
1911.4
1904.0
1895.0
1930.0
1873.8
1878.4
1865.8
1852.6
1856.2
1853.6
1842.0
1840.6
1833.6
1840.6
1847.0
1853.0
1890.0
1876.0
1884.8
1900.0
1891.0
1913.2
1898.8
1900.2
1883.8
1901.2
1950.4
1908.8
1898.8
1891.8
1899.8
1893.4
1878.0
1830.2
1808.2
1833.0
1824.8
1826.4
1819.8
1810.8
1806.8
1821.8
1819.0
1813.0
1817.0
1821.2
1815.2
1807.4
1817.6
1812.0
1811.6
1817.0
1817.6
1822.8
1832.8
1850.0
1869.6
1834.6
1829.6
1825.0
1836.0
1835.8
1848.8
1833.0
1835.2
1821.0
1809.8
1791.0
1800.0
1801.4
1803.2
1792.0
1800.0
1799.2
1792.0
1789.0
1788.0
1770.2
1784.0
1813.2
1810.8
1808.4
1779.6
1801.4
1798.0
1790.0
1794.6
1799.0
1799.0
1800.0
1795.8
1800.0
1825.6
1851.8
1842.6
1848.6
1846.4
1869.2
1876.0
1888.4
1899.0
1886.4
1875.0
1880.0
1885.0
1888.2
1900.0
1857.8
1854.6
1852.0
1860.0
1833.0
1808.6
1825.4
1846.8
1837.6
1837.0
1839.8
1832.2
1823.8
1845.0
1830.0
1819.0
1824.0
1809.2
1818.6
1820.0
1818.6
1824.6
1822.6
1837.6
1825.8
1831.8
1831.6
1826.4
1821.6
1817.6
1817.0
1827.4
1825.0
1823.0
1839.2
1834.8
1824.0
1840.0
1832.6
1833.0
1834.6
1836.0
1839.4
1841.4
1836.8
1838.2
1827.0
1827.8
1823.6
1820.6
1815.0
1804.0
1811.4
1805.2
1818.6
1808.0
1821.0
1840.0
1802.0
1809.6
1820.4
1826.6
1835.4
1838.0
1841.6
1848.8
1843.8
1836.2
1834.8
1835.6
1847.2
1830.6
1841.0
1845.0
1862.2
1859.4
1865.4
1874.8
1884.6
1900.0
1896.2
1920.0
1902.2
1900.0
1902.0
1902.4
1916.8
1946.8
1946.2
1934.2
1921.0
1927.8
1950.0
1955.2
1977.2
1977.4
1979.8
1963.4
1963.4
1968.0
1966.2
1968.0
1967.8
1983.0
1987.0
1975.0
1981.8
1981.4
1989.4
1990.0
1990.8
1977.6
1977.0
1966.4
1968.4
1969.6
1963.2
1974.4
1981.6
1980.0
1987.0
1989.6
1993.0
2005.6
2006.0
2001.0
2012.8
1980.6
1968.0
1940.0
1940.0
1962.2
1938.0
1954.2
1953.8
1938.4
1938.2
1950.2
1948.4
1992.2
1968.4
1950.8
1938.0
1942.6
1934.0
1951.0
1954.2
1937.4
1994.2
1997.0
1994.0
1985.0
1991.0
1991.4
1994.2
1985.4
1997.0
2079.2
2077.0
2176.2
2148.2
2165.0
2163.4
2092.0
2116.0
2109.4
2128.0
2132.2
2123.0
2127.6
2125.0
2106.4
2088.0
2082.2
2081.2
2081.6
2083.2
2105.0
2077.0
2060.2
2061.2
2084.0
2063.4
2033.8
2035.2
2030.4
2031.0
2047.8
2040.2
2034.4
2025.2
2026.0
2049.0
2001.0
2000.2
1996.8
2000.4
1990.6
2008.2
2029.6
2037.2
2035.6
2026.6
2024.2
2032.0
2036.8
2028.4
2028.4
2040.6
2043.6
2053.2
2043.6
2046.4
2045.0
2049.4
2050.8
2070.6
2064.8
2065.0
2062.8
2062.4
2070.0
2083.8
2065.6
2066.2
2073.0
2060.2
2064.6
2062.0
2065.0
2058.0
2074.6
2077.0
2074.6
2065.0
2062.0
2074.2
2041.0
2035.0
2040.2
2051.4
2047.8
2037.4
2042.6
2037.2
2040.0
2048.4
2052.8
2054.0
2050.6
2045.2
2078.8
2045.8
2040.0
2040.2
2038.4
2030.2
2016.4
2008.2
2011.0
2015.0
2010.0
2006.2
2007.6
2000.8
2006.0
1999.8
2013.4
2011.2
2016.0
2016.0
2016.8
2013.8
2018.6
2014.2
2006.0
2012.2
2006.0
2004.0
2006.6
2011.0
1987.0
1984.0
1991.6
1998.8
2010.0
2006.4
2000.4
2005.8
2015.0
2012.0
2010.6
2008.8
2009.8
2004.8
2010.0
2012.2
2002.6
2002.2
2003.0
2003.2
2001.2
1997.4
1997.6
1984.6
1991.6
1987.8
1985.4
1990.4
1985.0
1973.4
1980.6
1990.0
1986.4
1971.0
1973.6
1961.8
1955.4
1960.8
1951.0
1963.0
1961.0
1954.6
1955.8
1950.2
1948.4
1950.6
1946.8
1932.6
1935.6
1938.4
1928.8
1931.4
1930.0
1937.0
1930.0
1930.0
1928.6
1929.0
1913.8
1917.4
1929.2
1927.4
1937.0
1945.6
1966.2
1998.6
1992.0
1986.8
1991.0
1989.8
1986.6
1985.8
1997.4
1988.4
1990.0
1946.8
1916.8
1901.6
1901.4
1901.4
1875.0
1889.6
1890.0
1890.0
1889.8
1898.0
1881.2
1877.2
1898.8
1881.8
1867.2
1873.2
1873.0
1859.8
1852.6
1853.6
1852.0
1854.6
1852.0
1854.6
1856.4
1860.2
1861.8
1864.6
1910.2
1911.4
1928.6
1921.8
1911.2
1931.0
1910.0
1910.0
1909.6
1899.4
1903.0
1905.4
1931.0
1873.6
1872.2
1859.8
1867.0
1876.0
1868.8
1877.2
1876.8
1883.8
1883.8
1879.6
1875.6
1886.0
1888.6
1874.0
1868.6
1851.6
1812.6
1833.0
1826.0
1844.8
1843.8
1839.0
1825.0
1831.6
1831.0
1827.2
1822.8
1827.6
1800.0
1820.6
1819.4
1816.2
1795.2
1785.0
1788.0
1775.0
1782.0
1770.0
1767.2
1762.2
1763.0
1753.4
1766.6
1750.8
1801.0
1829.4
1819.6
1807.0
1814.2
1811.6
1788.6
1745.8
1674.8
1697.4
1701.8
1700.0
1700.2
1702.0
1686.0
1731.8
1725.8
1743.8
1734.4
1737.8
1731.2
1732.0
1726.4
1733.0
1728.6
1738.0
1738.0
1738.8
1739.8
1739.8
1758.0
1761.0
1769.8
1795.2
1803.2
1804.4
1799.0
1796.0
1790.0
1790.4
1795.0
1799.0
1803.4
1805.4
1800.0
1803.4
1793.6
1804.0
1805.6
1812.2
1827.0
1814.4
1815.4
1813.6
1817.0
1812.2
1812.0
1817.6
1821.8
1821.8
1816.2
1859.2
1879.4
1878.6
1879.6
1894.4
1895.0
1893.0
1889.4
1868.0
1863.8
1861.6
1865.0
1877.8
1858.2
1859.0
1889.8
1875.0
1879.6
1874.4
1878.0
1886.8
1931.4
1959.8
1975.8
1968.0
1963.0
1968.8
1965.0
1954.0
1954.0
2013.4
1991.0
2008.6
2024.0
2040.8
2000.0
1944.0
1925.8
1863.0
1905.4
1954.8
1955.2
1937.0
1929.2
1941.4
1870.4
1890.0
1883.0
1874.8
1884.2
1895.6
1892.4
1902.8
1893.4
1897.4
1892.4
1891.0
1891.0
1874.6
1859.0
1878.6
1852.6
1874.0
1859.4
1864.2
1863.8
1858.4
1888.0
1891.0
1878.8
1877.0
1872.4
1872.2
1872.2
1872.4
1888.8
1889.0
1891.2
1893.6
1904.6
1906.2
1933.0
1950.0
1946.4
1959.6
1944.4
1949.6
1946.6
1948.2
1954.6
1952.2
1946.8
1954.6
1960.0
1956.0
1972.6
1997.4
2007.6
2003.0
1994.2
1987.6
1986.0
1989.2
2020.0
2020.0
2053.8
2068.8
2068.6
2097.0
2097.2
2095.0
2086.4
2100.0
2092.0
2084.4
2083.8
2093.8
2088.2
2080.0
2065.0
2094.2
2056.0
2064.2
2090.8
2095.0
2096.8
2145.0
2155.0
2146.8
2146.8
2137.4
2137.8
2144.8
2165.0
2170.0
2186.4
2195.8
2157.2
2164.6
2157.0
2155.8
2157.8
2134.2
2113.2
2138.4
2144.0
2135.8
2136.0
2100.4
2143.8
2113.4
2136.2
2131.8
2133.6
2145.4
2144.0
2150.0
2166.2
2156.6
2153.8
2149.8
2152.2
2158.4
2082.4
2138.8
2206.6
2234.8
2234.6
2260.4
2248.8
2249.2
2258.6
2279.0
2271.4
2268.2
2266.8
2276.6
2279.0
2290.0
2344.4
2282.6
2254.4
2216.6
2232.6
2230.0
2233.2
2236.0
2244.0
2237.8
2238.6
2237.0
2243.0
2246.8
2256.0
2274.0
2280.6
2283.2
2304.6
2317.8
2327.6
2321.6
2309.0
2319.8
2315.0
2330.0
2330.0
2330.8
2337.6
2350.0
2354.0
2300.4
2316.0
2310.0
2321.0
2298.6
2300.8
2303.8
2298.2
2287.4
2284.2
2288.6
2287.6
2299.8
2300.0
2282.6
2330.0
2330.8
2319.2
2302.2
2277.4
2260.0
2261.6
2293.8
2285.6
2290.0
2288.4
2290.8
2284.4
2293.8
2297.0
2279.8
2278.8
2290.0
2289.8
2292.8
2286.8
2302.6
2322.6
2316.0
2321.6
2320.0
2316.6
2300.0
2323.0
2316.0
2301.8
2292.8
2288.2
2287.0
2283.0
2270.0
2273.2
2263.2
2270.4
2278.6
2280.0
2274.0
2261.0
2260.0
2255.8
2262.4
2272.4
2261.2
2256.8
2265.2
2265.2
2275.0
2267.6
2268.0
2262.4
2262.6
2262.0
2263.0
2257.0
2284.2
2243.2
2205.8
2176.8
2170.0
2191.6
2194.2
2197.0
2210.2
2219.4
2217.4
2218.6
2211.4
2219.4
2185.0
2197.8
2192.0
2186.6
2199.6
2191.4
2195.2
2188.6
2191.6
2196.0
2195.4
2198.8
2201.2
2200.0
2201.2
2212.6
2195.8
2283.0
2288.4
2294.6
2296.2
2261.6
2289.6
2299.6
2300.6
2302.4
2309.2
2304.4
2304.8
2304.6
2300.0
2283.6
2263.4
2237.2
2223.8
2214.8
2223.0
2237.8
2247.4
2243.8
2247.2
2247.0
2249.4
2249.8
2244.0
2227.4
2251.2
2273.6
2279.2
2276.8
2283.6
2286.6
2306.6
2291.4
2292.0
2285.6
2293.0
2286.8
2286.8
2289.8
2289.8
2281.6
2305.2
2331.2
2337.6
2344.0
2349.6
2347.6
2323.2
2350.0
2337.2
2349.2
2350.0
2350.8
2360.0
2376.0
2373.4
2346.8
2340.2
2334.6
2338.2
2363.0
2368.0
2365.4
2380.0
2370.2
2374.0
2377.2
2376.6
2373.0
2390.0
2403.4
2417.0
2460.0
2480.0
2472.0
2429.6
2406.6
2426.0
2422.8
2416.0
2441.0
2454.6
2439.0
2445.8
2465.0
2459.2
2367.4
2364.4
2367.6
2360.2
2357.2
2359.4
2370.4
2365.0
2364.0
2373.8
2374.8
2371.6
2368.2
2360.0
2368.0
2383.0
2398.8
2399.2
2414.4
2442.0
2422.2
2419.8
2430.4
2438.4
2438.8
2437.6
2435.4
2440.0
2414.0
2421.2
2438.0
2442.0
2442.4
2420.2
2381.0
2382.8
2396.2
2398.4
2391.2
2392.0
2383.8
2383.8
2387.0
2410.0
2379.0
2371.8
2359.4
2351.0
2352.2
2353.2
2339.4
2339.6
2343.0
2343.4
2350.6
2348.0
2356.6
2357.0
2360.0
2351.2
2381.0
2390.8
2415.0
2456.4
2467.4
2490.0
2492.4
2488.6
2469.8
2458.0
2434.6
2443.0
2456.6
2441.0
2473.4
2468.0
2457.0
2412.0
2444.0
2442.8
2437.8
2439.0
2426.0
2340.0
2318.8
2299.0
2245.4
2271.6
2297.0
2288.0
2245.0
2280.8
2285.0
2300.0
2285.8
2293.0
2276.0
2268.8
2272.2
2276.0
2272.6
2271.6
2268.0
2297.8
2284.2
2279.4
2282.0
2282.6
2276.4
2282.8
2281.8
2295.2
2316.0
2315.2
2312.8
2306.2
2310.0
2308.4
2300.2
2288.6
2371.0
2377.6
2377.0
2376.6
2382.2
2385.0
2381.2
2396.6
2364.8
2374.6
2385.0
2382.0
2383.8
2380.0
2376.2
2353.6
2369.4
2385.8
2412.8
2445.0
2435.2
2429.8
2430.6
2429.0
2426.4
2422.0
2422.0
2423.0
2430.0
2410.8
2456.8
2476.0
2466.8
2434.0
2453.0
2438.4
2427.8
2451.0
2446.4
2447.0
2441.6
2443.0
2446.0
2469.8
2412.8
2443.4
2443.6
2427.2
2430.8
2415.6
2417.6
2423.8
2447.2
2438.4
2427.4
2436.4
2436.2
2430.0
2444.6
2435.4
2383.4
2360.0
2345.4
2350.0
2348.0
2324.4
2330.8
2333.4
2346.0
2360.6
2371.0
2378.6
2382.2
2359.6
2375.2
2407.0
2408.0
2390.2
2390.6
2390.2
2389.4
2390.0
2382.4
2370.8
2392.4
2381.4
2371.6
2376.4
2398.4
2380.8
2381.8
2386.0
2373.6
2372.2
2374.6
2367.0
2354.6
2357.2
2372.8
2369.6
2367.6
2370.0
2366.4
2396.8
2363.0
2376.4
2366.6
2366.2
2360.2
2372.8
2361.4
2359.0
2363.8
2351.6
2359.0
2349.0
2359.2
2355.0
2354.0
2336.0
2336.2
2332.2
2335.4
2335.4
2330.2
2329.4
2332.0
2329.0
2338.8
2338.8
2346.4
2342.0
2343.2
2335.4
2356.6
2352.2
2353.8
2354.8
2352.8
2351.2
2348.4
2361.4
2366.2
2367.2
2364.2
2365.6
2360.4
2365.2
2373.2
2357.8
2348.4
2344.0
2344.0
2355.4
2347.6
2338.6
2337.6
2357.6
2367.6
2358.2
2358.8
2357.2
2360.2
2357.6
2385.0
2373.2
2375.0
2368.0
2382.2
2392.2
2392.8
2377.2
2366.2
2365.8
2362.8
2366.8
2365.0
2360.4
2395.2
2448.4
2410.0
2384.0
2428.4
2435.4
2465.2
2480.0
2488.0
2514.2
2486.8
2482.4
2478.8
2478.2
2473.0
2461.4
2479.2
2499.0
2498.0
2483.8
2467.8
2461.0
2455.4
2451.8
2440.4
2445.0
2453.2
2445.4
2452.0
2454.0
2429.0
2437.8
2471.8
2483.6
2484.4
2496.8
2477.4
2454.2
2459.0
2460.2
2456.6
2474.2
2477.0
2470.0
2469.8
2598.8
2631.6
2797.2
2809.6
2831.0
2834.8
2874.8
2864.6
2945.8
2927.0
2900.0
2898.8
2892.0
2902.0
2925.0
2900.0
3072.8
3040.2
3030.0
3031.0
3045.2
3039.8
3018.0
2975.6
2974.2
2971.6
2969.6
2964.2
2972.8
2970.0
3025.0
2963.4
2963.2
2938.0
2914.8
2896.6
2868.8
2839.2
2853.4
2886.8
2940.0
2929.0
2901.6
2912.4
2912.2
2919.8
2942.8
2860.4
2865.8
2880.8
2887.4
2884.0
2873.2
2861.4
2859.6
2855.4
2861.2
2870.8
2877.8
2882.0
2880.0
2878.4
2925.0
2934.6
2970.0
2972.2
2985.0
2997.4
3007.8
3020.0
3040.8
3027.8
3021.8
3007.4
3008.2
3005.0
3005.2
3142.2
3199.8
3224.4
3265.4
3248.6
3314.0
3246.0
3270.0
3273.4
3259.0
3253.2
3247.0
3250.0
3290.0
3337.4
3348.6
3345.2
3357.6
3411.0
3492.4
3440.6
3416.8
3395.0
3364.8
3392.0
3417.2
3422.6
3449.8
3456.6
3374.8
3360.0
3362.6
3304.8
3304.0
3263.6
3255.0
3281.2
3257.6
3225.6
3234.0
3242.0
3254.6
3256.2
3278.8
3295.0
3225.0
3198.4
3158.6
3162.2
3132.4
3163.0
3137.4
3158.0
3135.8
3137.4
3139.4
3154.0
3171.4
3170.0
3065.0
2959.8
2998.0
3011.4
2994.0
3019.2
3023.4
2974.8
3000.0
2998.2
2996.6
3000.0
3005.2
3000.0
2999.4
3027.6
2984.6
2996.0
2998.4
3015.8
3049.0
3016.2
3073.2
3048.8
3069.2
3058.0
3055.6
3068.0
3065.0
3088.4
3106.4
3122.0
3129.6
3114.8
3134.0
3132.2
3103.4
3109.6
3106.6
3084.2
3088.6
3095.8
3096.0
3112.0
3124.6
3084.8
3074.4
3054.0
3069.4
3066.0
3059.6
3062.2
3058.2
3047.2
3040.2
3050.0
3046.2
3047.4
3049.8
3051.0
3052.6
3049.2
3037.4
3050.6
3026.2
3025.4
3023.0
2976.2
3035.0
3028.8
3026.4
3040.0
3023.8
3023.4
2990.2
3008.0
2933.0
2953.4
2995.6
3039.2
3014.4
3041.2
3040.8
3049.2
3045.0
3056.8
3058.8
3057.2
3053.2
3031.0
3097.8
3132.6
3137.2
3109.2
3092.0
3090.6
3069.8
3066.0
3081.8
3112.8
3108.4
3099.6
3094.4
3090.8
3090.6
3140.0
3240.0
3229.4
3185.8
3221.2
3218.0
3226.0
3226.6
3233.8
3230.0
3233.8
3229.0
3232.0
3243.0
3275.0
3294.2
3216.6
3218.0
3225.4
3220.6
3202.2
3208.2
3235.8
3210.4
3210.0
3229.0
3224.0
3220.0
3223.6
3225.0
3223.4
3225.6
3233.0
3226.2
3228.0
3236.0
3224.2
3224.2
3219.2
3221.0
3222.2
3222.0
3223.8
3223.4
3230.0
3238.8
3216.8
3219.6
3214.0
3188.4
3186.0
3170.4
3180.0
3170.8
3187.6
3206.0
3200.0
3194.8
3199.2
3208.0
3189.0
3246.0
3202.2
3207.2
3217.4
3228.8
3223.2
3233.6
3229.0
3229.6
3237.8
3240.4
3246.0
3254.8
3260.2
3275.0
3335.8
3331.4
3330.4
3332.0
3349.2
3341.2
3376.2
3382.0
3366.0
3374.8
3392.0
3397.0
3400.0
3429.6
3356.0
3417.2
3454.0
3445.0
3440.4
3463.6
3474.4
3482.8
3465.0
3478.4
3472.6
3463.0
3476.0
3474.6
3576.2
3647.0
3595.4
3579.6
3540.2
3550.8
3536.8
3540.0
3551.0
3543.4
3552.8
3566.8
3590.0
3594.0
3594.6
3626.0
3578.4
3541.0
3542.8
3535.2
3548.8
3562.0
3551.0
3537.2
3525.6
3552.6
3528.0
3536.2
3532.2
3530.6
3492.8
3542.2
3500.8
3493.4
3490.6
3483.6
3491.6
3486.0
3523.6
3536.4
3552.0
3550.0
3543.4
3545.0
3559.0
3618.0
3591.6
3503.0
3591.2
3593.2
3594.6
3607.6
3555.6
3574.2
3587.8
3567.2
3577.6
3579.2
3590.0
3598.0
3599.8
3597.0
3560.0
3573.8
3593.8
3605.4
3670.0
3676.0
3705.0
3735.0
3754.0
3764.0
3760.0
3758.0
3758.4
3784.0
3884.0
3807.6
3878.0
3927.6
3959.4
3912.0
3892.0
3852.6
3882.8
3881.4
3874.8
3891.8
3894.0
3900.0
3875.2
3984.0
3902.4
3920.0
3925.2
3922.4
3880.0
3895.2
3899.4
3927.0
3866.8
3860.6
3849.6
3847.8
3841.0
3850.0
3943.2
3897.0
3941.6
3948.0
3967.6
4016.4
3999.2
4053.4
4074.8
4067.6
4060.0
4056.6
4062.0
4060.0
4106.6
4192.0
4207.8
4206.2
4210.8
4237.8
4239.6
4230.0
4234.6
4225.2
4218.4
4212.6
4225.0
4236.8
4249.0
4274.0
4385.0
4196.0
4087.4
4127.4
4186.2
4234.0
4196.8
4177.2
4151.0
4170.6
4164.6
4217.2
4212.2
4192.0
4095.0
4029.0
3912.0
3840.6
3829.8
3828.6
3885.4
3821.2
3822.0
3765.0
3799.8
3829.0
3817.6
3825.0
3825.0
3824.8
3788.6
3868.6
3845.0
3856.2
3876.8
3899.8
3936.8
3939.0
3967.0
3916.2
3913.4
3884.6
3903.2
3899.8
3860.0
3892.2
3965.0
3925.2
3965.2
3959.6
4002.4
3990.2
3885.6
3868.0
3897.8
3859.2
3862.6
3852.6
3857.0
3900.0
3871.2
3877.0
3851.0
3852.2
3869.0
3860.0
3869.0
3875.0
3888.0
3893.6
3876.0
3878.0
3871.0
3888.0
3888.0
3924.0
3896.2
3890.0
3881.2
3863.0
3861.0
3867.6
3863.8
3851.2
3837.0
3834.0
3836.4
3831.0
3828.0
3830.0
3827.6
3822.2
3831.0
3856.4
3873.0
3847.0
3865.8
3858.0
3842.0
3835.6
3840.8
3829.0
3829.2
3820.8
3821.0
3781.2
3703.8
3706.0
3697.2
3672.0
3689.6
3662.6
3766.2
3775.2
3784.0
3780.4
3757.6
3710.0
3710.0
3741.2
3751.2
3730.8
3752.0
3769.0
3801.6
3848.2
3780.0
3788.6
3832.2
3810.4
3807.2
3814.0
3810.8
3805.0
3760.0
3726.6
3709.4
3740.6
3708.6
3703.0
3739.2
3711.0
3714.0
3717.8
3734.0
3739.6
3755.2
3753.2
3747.8
3773.8
3755.2
3802.2
3784.2
3744.6
3766.0
3767.6
3790.0
3792.6
3765.0
3739.0
3738.6
3758.0
3756.0
3755.4
3780.0
3706.2
3730.0
3722.0
3730.0
3723.4
3723.6
3753.6
3782.4
3876.0
3880.6
3903.0
3910.4
3905.8
3908.2
3920.0
3905.4
3905.8
3943.0
4076.6
4165.0
4238.2
4284.2
4333.8
4296.0
4320.8
4274.4
4291.4
4293.8
4309.8
4415.0
4363.2
4300.0
4289.2
4333.6
4294.2
4292.8
4292.4
4285.0
4280.0
4275.4
4276.0
4290.6
4289.8
4317.4
4339.0
4335.2
4377.6
4474.0
4513.0
4505.0
4579.0
4510.0
4513.2
4525.0
4497.4
4485.0
4506.8
4512.2
4513.6
4553.0
4477.0
4453.4
4478.2
4474.6
4476.4
4467.2
4503.2
4463.0
4402.0
4475.6
4484.8
4512.0
4466.8
4494.0
4493.8
4464.2
4470.4
4454.0
4376.0
4354.6
4394.6
4373.0
4369.0
4375.0
4292.6
4316.6
4298.4
4289.6
4280.2
4299.8
4303.0
4339.8
4320.0
4285.0
4272.6
4295.6
4312.0
4303.2
4325.0
4295.2
4307.6
4312.4
4314.0
4312.0
4328.8
4328.2
4316.0
4307.2
4310.6
4323.6
4327.4
4347.8
4379.2
4440.0
4448.0
4430.0
4434.0
4419.6
4425.0
4448.0
4430.0
4351.0
4365.2
4337.4
4293.6
4279.8
4287.0
4323.2
4320.0
4305.0
4280.8
4268.6
4263.2
4269.4
4260.0
4302.6
4320.8
4288.8
4308.4
4302.8
4324.0
4334.8
4322.0
4302.0
4338.6
4318.2
4296.0
4280.6
4289.6
4265.0
4302.4
4294.6
4286.8
4282.0
4294.6
4289.8
4308.6
4317.0
4314.0
4342.0
4336.6
4341.4
4349.0
4339.8
4333.8
4381.8
4341.0
4343.0
4315.4
4315.6
4301.0
4364.2
4313.4
4318.0
4324.4
4293.4
4314.4
4349.2
4337.8
4324.0
4306.6
4346.0
4341.0
4348.8
4323.0
4309.4
4346.0
4342.4
4366.4
4345.0
4350.2
4331.2
4333.0
4329.2
4328.2
4423.6
4455.0
4546.4
4542.2
4514.0
4508.4
4512.6
4488.6
4503.2
4477.8
4485.2
4473.4
4478.0
4475.2
4515.0
4468.4
4444.4
4456.0
4440.0
4415.2
4391.4
4397.6
4400.8
4407.0
4414.8
4432.0
4426.6
4434.4
4436.0
4448.0
4549.0
4577.2
4604.2
4584.0
4572.0
4571.0
4585.2
4567.6
4513.6
4523.2
4553.4
4544.4
4538.2
4568.8
4596.0
4564.4
4580.8
4581.4
4594.8
4594.2
4599.8
4693.0
4743.6
4700.0
4710.4
4700.8
4707.8
4700.4
4696.2
4737.6
4724.4
4725.0
4729.2
4729.0
4730.0
4769.4
4762.8
4759.0
4727.0
4730.0
4742.0
4736.0
4731.2
4733.6
4730.0
4701.2
4662.0
4664.0
4675.2
4686.0
4710.8
4719.2
4724.4
4717.0
4702.2
4711.2
4706.6
4700.0
4700.4
4719.2
4675.0
4682.4
4668.0
4670.2
4695.6
4671.8
4610.8
4554.0
4550.0
4594.6
4577.0
4582.2
4583.8
4590.8
4591.0
4552.4
4537.0
4567.4
4561.0
4563.4
4555.4
4559.6
4531.8
4555.0
4543.0
4544.0
4549.2
4540.8
4545.0
4523.6
4636.0
4656.0
4655.6
4647.2
4623.0
4585.8
4548.4
4523.8
4525.0
4556.4
4558.0
4559.8
4557.0
4558.8
4550.2
4479.6
4568.0
4556.6
4563.0
4545.6
4567.2
4559.0
4550.2
4565.6
4563.2
4560.2
4559.8
4561.6
4560.0
4560.0
4550.8
4567.0
4535.2
4524.8
4516.4
4499.0
4429.0
4390.0
4456.0
4448.0
4465.0
4452.0
4440.2
4450.0
4448.0
4420.0
4423.6
4379.6
4344.8
4340.2
4335.8
4325.0
4335.0
4395.6
4388.0
4373.8
4381.0
4384.4
4375.2
4388.0
4357.2
4372.4
4393.8
4393.4
4360.0
4384.0
4362.0
4311.6
4393.2
4365.6
4369.2
4367.0
4356.6
4354.8
4379.0
4393.6
4412.0
4461.2
4516.4
4541.4
4512.6
4519.6
4588.0
4643.0
4590.0
4574.4
4582.0
4580.8
4588.8
4611.2
4586.0
4590.0
4562.6
4545.4
4563.2
4575.6
4564.0
4529.4
4599.0
4560.6
4556.4
4556.4
4559.6
4560.6
4560.0
4602.8
4558.8
4485.8
4465.8
4442.8
4437.6
4402.8
4366.0
4390.6
4408.8
4418.0
4424.4
4412.0
4425.4
4424.6
4374.6
4346.6
4342.8
4345.2
4345.0
4298.0
4257.4
4283.8
4259.0
4286.0
4332.8
4349.0
4354.0
4354.8
4354.0
4379.6
4460.0
4446.2
4419.4
4444.6
4408.2
4402.8
4426.0
4399.0
4409.0
4372.4
4398.0
4400.0
4379.0
4378.0
4407.8
4415.8
4415.8
4398.4
4418.2
4427.0
4491.4
4459.2
4500.0
4469.0
4453.4
4452.8
4459.4
4463.2
4485.6
4415.4
4385.6
4417.2
4425.0
4468.4
4478.0
4502.8
4533.6
4525.0
4525.0
4511.4
4521.4
4497.0
4523.8
4506.2
4570.8
4538.2
4518.8
4525.4
4516.4
4517.2
4525.0
4492.6
4471.0
4479.0
4474.6
4471.2
4472.0
4477.0
4475.4
4416.2
4389.2
4373.6
4364.2
4367.4
4378.0
4412.6
4447.6
4379.8
4387.0
4384.4
4407.2
4402.2
4420.0
4420.0
4412.6
4366.4
4322.0
4336.8
4332.6
4338.6
4341.2
4306.6
4308.6
4305.0
4317.0
4312.4
4329.0
4319.0
4327.8
4262.2
4281.8
4275.0
4273.2
4346.8
4376.8
4401.2
4406.2
4347.8
4353.0
4360.0
4358.4
4358.0
4361.4
4391.0
4393.0
4372.8
4346.0
4356.0
4372.0
4399.2
4379.8
4401.0
4435.0
4409.0
4405.2
4406.2
4435.0
4444.0
4450.2
4441.2
4422.8
4426.2
4417.2
4416.0
4416.2
4425.0
4443.0
4470.0
4456.0
4461.0
4465.4
4457.8
4454.8
4465.2
4452.0
4448.6
4449.0
4446.2
4446.0
4462.0
4489.6
4505.4
4520.0
4504.2
4490.0
4495.4
4514.0
4512.0
4537.2
4483.0
4486.0
4500.0
4476.6
4507.8
4502.4
4500.0
4509.8
4540.0
4530.0
4540.4
4523.6
4530.8
4523.8
4500.0
4590.8
4695.0
4764.4
4839.0
4836.6
4874.2
4868.8
4893.0
4886.0
4794.2
4803.8
4823.8
4830.0
4827.4
4807.2
4812.6
4777.2
4780.8
4772.8
4777.6
4741.2
4771.4
4787.4
4868.2
4856.0
4859.2
4858.0
4859.0
4845.6
4846.0
4796.2
4744.2
4725.0
4679.4
4653.6
4679.2
4700.2
4702.6
4670.0
4663.0
4660.8
4661.4
4658.6
4657.4
4670.0
4671.6
4611.6
4615.8
4655.8
4681.8
4693.8
4696.0
4727.4
4707.4
4726.4
4726.0
4758.8
4731.8
4727.6
4727.6
4712.8
4713.2
4719.6
4717.0
4716.2
4726.4
4601.6
4634.8
4633.0
4637.2
4632.8
4629.4
4620.0
4610.0
4601.0
4575.4
4548.0
4552.6
4545.8
4533.4
4517.8
4550.0
4549.2
4512.4
4534.4
4527.4
4549.4
4564.4
4593.2
4593.2
4647.0
4630.4
4608.0
4622.2
4583.0
4595.8
4634.6
4655.0
4645.0
4655.0
4637.0
4628.0
4647.2
4636.8
4669.2
4605.6
4532.2
4573.8
4565.0
4517.2
4539.4
4532.4
4548.4
4565.2
4577.2
4578.4
4579.4
4580.0
4575.8
4543.4
4616.0
4578.6
4532.8
4493.0
4494.0
4568.2
4611.6
4634.8
4670.0
4639.2
4630.2
4641.6
4655.0
4645.0
4678.0
4741.6
4700.2
4710.8
4685.0
4738.4
4731.4
4735.6
4738.0
4760.4
4709.6
4700.6
4702.6
4727.0
4730.2
4738.0
4741.8
4747.6
4774.8
4766.0
4772.6
4750.0
4765.2
4751.0
4771.8
4760.0
4757.2
4761.0
4758.4
4756.0
4742.0
4804.0
4787.2
4789.4
4796.0
4772.8
4770.2
4783.4
4799.4
4807.0
4801.2
4803.4
4808.2
4807.8
4809.2
4796.0
4948.2
4974.0
4969.2
4968.6
4997.6
4999.4
5027.8
5076.0
5130.0
5094.4
5093.2
5079.8
5093.0
5097.8
5108.4
5287.2
5283.2
5273.2
5270.6
5269.2
5282.4
5286.2
5374.4
5589.8
5470.8
5487.4
5490.8
5500.0
5512.0
5540.0
5512.4
5527.8
5549.0
5526.2
5516.4
5523.8
5514.0
5508.4
5514.8
5471.2
5494.2
5494.0
5492.8
5491.0
5539.8
5498.2
5487.8
5461.8
5466.2
5480.0
5510.0
5499.0
5500.0
5522.0
5508.2
5510.6
5513.2
5512.0
5512.6
5549.8
5560.2
5515.8
5537.2
5535.4
5547.4
5552.2
5549.8
5530.0
5494.6
5442.2
5481.0
5477.6
5466.8
5472.2
5436.0
5284.0
5222.8
5238.0
5177.8
5170.0
5143.0
5184.6
5229.0
5330.0
5316.0
5298.6
5305.0
5308.0
5315.0
5350.0
5252.2
5169.2
5171.6
5126.6
5123.0
5122.0
5149.4
5150.0
5165.0
5155.8
5164.4
5160.6
5164.4
5183.0
5200.0
5074.0
5071.0
5076.4
5072.6
5076.6
5055.6
5183.0
5316.6
5310.0
5313.2
5317.6
5307.8
5307.2
5308.4
5316.8
5193.0
5190.2
5174.2
5187.6
5203.8
5215.8
5219.8
5239.0
5230.0
5238.2
5229.0
5238.0
5232.6
5230.0
5194.2
5195.6
5195.0
5161.4
5151.4
5159.4
5151.0
5144.4
5156.0
5159.6
5160.4
5164.2
5162.2
5161.4
5160.0
5180.0
5230.0
5239.4
5243.6
5228.2
5239.4
5235.4
5232.4
5258.0
5297.0
5268.0
5285.0
5275.2
5279.8
5300.0
5298.0
5327.8
5368.6
5351.2
5348.0
5340.0
5324.0
5328.2
5304.2
5300.0
5333.8
5334.8
5332.6
5330.6
5329.0
5349.0
5380.6
5400.6
5525.6
5526.8
5555.6
5666.6
5729.8
5724.6
5733.8
5719.8
5710.6
5715.0
5737.0
5723.0
5700.0
5656.8
5734.0
5745.8
5730.0
5740.0
5752.8
5743.6
5720.2
5720.8
5725.8
5729.2
5728.2
5723.2
5732.2
5736.4
5700.0
5682.2
5707.4
5707.6
5668.8
5631.0
5566.8
5521.8
5512.0
5528.6
5535.0
5556.8
5532.0
5532.2
5532.2
5455.6
5459.0
5449.0
5471.6
5479.8
5467.4
5452.4
5464.2
5460.0
5475.8
5466.8
5427.2
5465.6
5458.2
5470.0
5367.4
5383.8
5370.0
5416.8
5388.2
5405.8
5397.8
5404.0
5459.2
5446.0
5447.0
5469.6
5463.0
5440.0
5476.0
5655.4
5629.2
5638.4
5713.8
5696.6
5706.0
5720.0
5721.4
5743.8
5724.8
5731.2
5734.6
5734.6
5716.8
5745.0
5710.4
5707.2
5700.6
5704.0
5735.2
5752.0
5719.8
5711.0
5730.0
5737.4
5727.6
5736.8
5725.6
5728.6
5726.2
5676.0
5681.2
5679.8
5702.4
5743.0
5769.2
5771.6
5808.6
5800.0
5801.4
5797.0
5799.8
5816.4
5808.0
5844.0
5744.0
5744.0
5765.6
5759.0
5721.0
5729.8
5802.2
5875.8
5925.2
5913.4
5905.0
5895.0
5907.0
5889.0
5911.0
6057.4
6088.0
6239.4
6121.0
6150.0
6180.0
6090.2
6129.8
6152.0
6146.2
6146.0
6134.6
6135.0
6135.4
6096.2
6082.0
6065.6
6049.0
6056.8
6060.8
6095.4
6145.0
6140.0
6110.8
6118.8
6123.0
6128.8
6134.8
6124.4
6136.0
6215.8
6233.8
6289.2
6278.0
6252.0
6252.6
6126.0
6123.6
6150.0
6160.4
6190.0
6180.2
6170.0
6174.8
6175.0
6229.0
6212.4
6208.4
6234.0
6233.4
6216.2
6233.0
6216.4
6221.2
6214.8
6222.6
6222.0
6217.0
6210.0
6170.0
6225.8
6271.4
6345.0
6344.0
6427.4
6356.8
6451.8
6409.0
6391.8
6414.0
6416.2
6416.2
6424.4
6421.0
6439.4
6325.0
6370.0
6348.2
6313.0
6340.2
6378.4
6356.4
6320.0
6338.8
6340.0
6336.4
6349.4
6363.6
6347.0
6302.0
6355.0
6348.0
6400.0
6416.8
6416.0
6422.4
6409.2
6395.2
6381.6
6400.0
6399.0
6390.0
6382.2
6383.2
6383.2
6421.6
6442.0
6442.2
6481.0
6490.0
6512.2
6534.4
6575.0
6578.0
6628.0
6616.0
6595.0
6632.0
6630.0
6640.0
6790.0
6892.0
6950.0
6837.0
6780.2
6790.8
6855.0
6804.6
6727.0
6788.0
6788.0
6761.2
6768.2
6762.2
6753.0
6846.0
6784.2
6779.0
6762.0
6774.4
6769.6
6730.4
6658.2
6660.6
6690.2
6692.4
6692.2
6684.6
6680.6
6719.4
6644.2
6622.0
6645.8
6651.6
6623.2
6617.2
6658.6
6617.4
6652.4
6681.2
6690.0
6670.0
6672.0
6673.0
6694.8
6634.2
6646.0
6647.2
6621.0
6610.0
6613.6
6627.8
6622.4
6600.0
6591.6
6595.0
6600.0
6610.4
6625.0
6657.4
6681.2
6740.8
6671.0
6682.0
6706.4
6713.4
6728.4
6779.0
6751.8
6775.6
6788.2
6789.2
6781.8
6796.6
6810.0
6629.6
6596.0
6538.2
6509.8
6533.8
6533.4
6532.4
6536.2
6455.0
6477.0
6481.8
6508.2
6509.4
6527.4
6519.4
6262.4
6158.8
6232.2
6291.8
6281.0
6328.8
6292.0
6261.6
6289.4
6281.0
6291.2
6306.6
6310.0
6306.0
6306.0
6383.8
6345.0
6313.2
6301.0
6298.8
6327.8
6347.8
6326.2
6359.0
6375.8
6375.0
6392.0
6409.4
6393.0
6397.2
6444.0
6493.0
6520.0
6576.8
6525.2
6537.4
6510.0
6393.2
6440.4
6419.4
6429.8
6422.4
6413.0
6412.0
6400.0
6450.0
6405.0
6425.4
6424.8
6369.4
6384.6
6314.0
6309.2
6347.0
6327.0
6333.0
6354.6
6349.6
6379.0
6414.8
6356.0
6366.0
6330.2
6336.0
6374.8
6365.8
6375.0
6449.4
6444.0
6410.2
6405.4
6416.4
6419.6
6410.2
6430.4
6511.0
6523.2
6502.6
6507.2
6508.0
6504.6
6512.0
6500.4
6477.0
6477.4
6471.0
6480.6
6469.4
6480.0
6518.0
6457.8
6452.8
6506.2
6531.0
6534.4
6524.6
6496.8
6476.6
6500.0
6508.2
6506.2
6504.8
6493.4
6519.0
6525.0
6499.0
6489.0
6526.6
6551.8
6534.6
6523.0
6504.6
6510.2
6520.0
6505.0
6514.2
6513.0
6513.6
6523.2
6519.0
6512.4
6520.8
6509.4
6513.4
6534.0
6545.0
6548.0
6560.6
6632.0
6647.4
6636.0
6658.8
6664.0
6660.0
6660.0
6555.8
6515.6
6540.0
6525.0
6547.8
6538.8
6447.6
6426.2
6368.0
6423.0
6469.4
6485.0
6479.8
6474.8
6455.0
6375.6
6334.0
6350.6
6301.6
6295.0
6299.0
6269.8
6288.0
6324.0
6302.2
6314.4
6313.0
6313.0
6314.0
6314.0
6302.0
6287.0
6300.8
6299.0
6302.4
6305.0
6294.0
6294.2
6400.0
6376.2
6382.0
6389.2
6374.0
6357.0
6364.4
6262.2
6266.4
6256.2
6175.6
6107.0
6065.4
5971.0
6101.4
6098.0
6121.0
6124.8
6107.6
6110.0
6113.8
6100.0
6116.2
6181.8
6182.4
6186.0
6130.6
6105.6
6132.0
6205.4
6222.0
6223.0
6208.0
6204.0
6164.0
6169.8
6150.0
6354.8
6336.0
6355.0
6374.0
6437.0
6358.4
6355.0
6355.2
6387.8
6418.8
6399.0
6385.2
6414.0
6416.6
6420.0
6431.2
6480.0
6490.6
6528.6
6514.4
6509.0
6522.8
6558.0
6571.8
6542.6
6548.4
6526.6
6530.2
6544.2
6569.0
6597.4
6649.2
6674.8
6702.2
6670.0
6689.2
6730.0
6725.4
6750.0
6742.6
6723.8
6701.0
6721.8
6747.2
6760.0
6778.8
6827.4
6844.8
6852.6
6864.8
6830.6
6816.0
6800.0
6751.0
6732.0
6700.2
6730.0
6747.0
6749.0
6750.0
6829.2
6866.8
6896.0
6947.4
6949.0
6909.0
6910.4
6922.0
6945.8
6939.8
6951.0
6946.2
6936.0
6925.0
6940.0
7088.8
7064.6
7057.0
7030.0
7025.8
7006.0
7055.0
7026.4
7018.0
7044.8
7045.0
7046.4
7052.6
7062.2
7050.0
7056.6
7017.4
7017.8
7026.2
7079.0
7068.8
7081.2
7066.0
7039.6
7035.0
7030.4
7036.2
7037.4
7027.0
7032.0
7024.6
7000.0
7003.0
6987.2
6992.4
6996.6
7005.0
7012.6
7030.0
7018.2
7018.6
7022.6
7023.4
7025.2
7016.0
7018.6
7035.8
7054.8
7042.4
7042.2
7038.0
7043.6
7035.0
7041.0
7042.8
7037.0
7027.0
7026.4
7047.0
7069.0
7121.0
7190.6
7195.8
7211.0
7214.6
7225.6
7223.8
7188.2
7200.0
7209.8
7211.0
7216.4
7229.0
7213.6
7223.0
7284.6
7354.6
7322.8
7337.8
7340.6
7354.4
7350.2
7370.0
7421.8
7401.6
7398.0
7413.0
7423.0
7433.8
7468.8
7155.0
7275.2
7256.8
7274.4
7265.4
7263.2
7247.4
7246.0
7270.8
7268.4
7270.0
7247.4
7206.0
7213.0
7186.2
7270.0
7089.8
7042.4
7054.4
6994.2
6923.8
6992.2
6980.0
6929.2
7007.4
6986.0
6985.0
6982.4
6983.4
7023.2
6846.0
6872.2
6949.0
6942.0
6895.0
6881.0
6871.2
6816.4
6832.2
6841.6
6847.8
6846.6
6844.0
6844.4
6897.0
7035.0
7010.8
7004.6
6996.8
6981.2
6935.0
6961.4
6927.6
6908.0
6936.2
6950.0
6992.2
6975.6
7003.2
7043.2
6999.0
6991.2
6968.0
6928.8
6933.0
6937.4
6954.0
6996.8
7051.2
7022.2
7031.8
7034.8
7024.2
7029.0
7001.8
7004.2
7019.8
6993.0
6995.0
6979.6
6986.8
6989.4
6996.2
7000.0
7007.0
7028.6
7020.0
7000.2
7005.4
7034.4
6946.0
6939.6
6906.2
6869.2
6880.0
6854.6
6827.0
6760.2
6710.2
6765.0
6837.0
6825.0
6822.0
6807.0
6830.4
6681.0
6611.6
6549.4
6556.0
6560.0
6545.8
6507.8
6521.0
6630.0
6622.8
6622.0
6619.2
6622.8
6633.0
6667.6
6634.2
6609.2
6622.6
6636.8
6611.6
6605.0
6597.2
6594.0
6597.0
6583.0
6585.2
6582.4
6580.2
6600.8
6580.0
6580.0
6525.6
6516.2
6446.0
6513.6
6489.2
6473.6
6430.0
6500.0
6498.0
6475.0
6472.8
6444.0
6452.2
6453.0
6691.6
6679.2
6664.2
6688.8
6749.0
6723.4
6760.4
6853.0
6854.0
6889.0
6858.6
6861.2
6866.0
6889.4
6890.0
6961.4
6876.2
6895.4
6918.2
6905.2
6915.8
6950.8
6940.6
7021.0
7002.0
6996.6
6984.0
6980.0
6986.0
6980.0
6915.2
6976.2
7060.2
7046.4
7020.0
6993.0
6946.2
6978.2
7004.0
6993.0
6999.0
7001.2
6994.4
6999.4
7039.6
6893.4
6921.2
6941.0
6976.6
6971.0
6968.0
6973.4
6974.2
7009.8
6986.0
6986.6
6976.8
6977.6
6961.2
6999.6
6930.0
6926.0
6912.8
6947.6
6952.0
6941.6
6937.2
6891.2
6911.8
6910.2
6903.0
6897.8
6900.6
6897.0
6940.0
6730.6
6779.8
6799.6
6784.0
6776.6
6777.0
6774.6
6726.8
6704.2
6705.6
6701.8
6706.6
6701.4
6702.8
6696.0
6590.4
6603.0
6704.0
6707.8
6733.4
6784.0
6772.0
6850.0
6805.6
6781.0
6775.0
6764.0
6770.2
6752.2
6792.6
6842.0
6804.0
6833.8
6836.6
6842.8
6842.6
6805.4
6790.0
6800.0
6807.8
6807.8
6802.8
6800.8
6803.2
6850.0
6650.6
6681.0
6719.8
6726.0
6693.6
6700.2
6712.6
6789.4
6781.6
6778.4
6786.0
6782.8
6789.4
6794.0
6800.0
6698.0
6661.0
6655.0
6661.4
6627.0
6626.0
6603.6
6593.0
6645.0
6640.0
6658.8
6636.6
6650.8
6637.2
6666.8
6536.2
6490.0
6472.6
6474.6
6484.2
6480.4
6466.0
6441.6
6440.6
6465.2
6478.2
6482.8
6478.8
6486.8
6497.0
6519.0
6447.6
6380.6
6438.8
6472.0
6547.8
6509.8
6535.0
6573.8
6588.2
6580.0
6597.8
6605.4
6553.0
6550.2
6735.8
6692.4
6680.6
6708.0
6702.4
6703.2
6671.0
6694.0
6800.0
6763.2
6764.0
6762.6
6765.0
6740.0
6750.0
6580.4
6719.4
6759.8
6710.8
6690.0
6702.6
6749.4
6757.2
6743.0
6720.0
6709.0
6700.0
6727.2
6725.0
6747.6
6655.0
6663.8
6603.6
6639.0
6687.2
6685.0
6737.6
6705.4
6695.6
6690.0
6681.0
6687.0
6677.8
6687.0
6680.0
6639.0
6688.6
6684.4
6707.4
6704.2
6721.6
6694.2
6660.2
6667.0
6675.0
6678.6
6689.4
6678.0
6681.0
6733.4
6680.0
6686.0
6652.8
6678.8
6661.4
6677.4
6678.6
6668.4
6686.6
6680.8
6690.0
6683.2
6685.2
6693.0
6715.2
6644.0
6629.8
6630.2
6618.2
6552.0
6534.8
6558.4
6557.6
6537.8
6548.2
6563.0
6556.8
6555.8
6565.0
6599.0
6482.6
6487.2
6434.6
6442.0
6448.0
6426.0
6417.0
6411.2
6415.0
6423.2
6450.6
6456.8
6447.0
6449.4
6468.0
6304.4
6219.8
6298.4
6277.8
6269.8
6231.0
6243.8
6214.0
6223.2
6215.8
6208.2
6217.6
6217.4
6197.2
6173.0
6320.6
6300.0
6308.0
6327.4
6327.2
6380.0
6386.0
6394.0
6387.8
6396.2
6410.2
6402.6
6397.4
6402.0
6404.0
6389.6
6382.2
6425.0
6505.8
6513.6
6555.0
6544.0
6618.0
6661.4
6613.0
6613.6
6626.0
6613.0
6628.4
6654.0
6742.8
6795.8
6791.4
6790.8
6795.2
6748.0
6715.2
6798.0
6781.2
6784.0
6780.0
6790.0
6794.6
6778.6
6788.0
6869.4
6927.4
6905.0
6916.4
6913.0
6911.2
6901.8
6772.2
6673.0
6669.8
6664.0
6658.4
6662.2
6667.2
6690.0
6865.4
6760.0
6735.0
6767.6
6810.4
6805.0
6765.6
6796.2
6829.8
6816.2
6815.0
6816.0
6818.8
6835.0
6890.0
6858.8
6854.8
6874.4
6867.0
6877.4
6889.4
6964.8
6965.2
6940.0
6966.6
6990.0
6975.0
6990.6
6986.2
7000.0
7177.6
7197.4
7164.8
7181.6
7198.6
7182.0
7184.0
7175.6
7178.6
7123.0
7125.6
7125.0
7124.8
7140.0
7158.0
7129.0
7155.4
7111.4
7123.2
7133.4
7120.8
7132.8
7130.8
7157.4
7170.4
7170.0
7174.8
7159.8
7155.0
7170.0
7090.0
7130.0
7135.8
7162.0
7162.0
7194.2
7187.0
7176.0
7193.0
7197.0
7191.2
7192.4
7198.0
7206.0
7197.8
7219.8
7222.2
7254.4
7269.0
7259.0
7281.6
7313.4
7339.8
7348.0
7333.0
7339.8
7338.0
7337.4
7331.4
7360.0
7463.0
7556.2
7615.8
7637.6
7645.0
7438.4
7577.2
7577.0
7590.0
7602.0
7605.0
7609.0
7619.0
7610.4
7644.0
7770.0
7844.0
7868.8
7893.0
7911.6
7867.0
7880.0
7846.0
7758.0
7769.4
7772.0
7731.0
7701.0
7767.6
7820.0
7813.6
7695.0
7735.8
7782.8
7779.6
7788.0
7809.0
7798.4
7820.0
7836.0
7844.0
7829.2
7835.0
7820.2
7849.8
7831.0
7911.2
7885.4
7871.0
7839.4
7719.6
7809.0
7760.0
7710.8
7749.8
7745.0
7747.0
7721.0
7724.0
7728.0
7580.8
7639.8
7632.8
7700.0
7729.0
7779.4
7808.0
7776.6
7778.0
7775.0
7781.8
7798.4
7792.4
7805.0
7847.8
7863.0
7920.0
7914.2
7838.0
7847.4
7865.6
7858.6
7778.8
7850.0
7840.0
7827.0
7835.0
7838.8
7824.4
7858.2
7869.0
7843.0
7863.0
7843.2
7868.4
7911.8
7915.6
7868.4
7847.0
7867.8
7851.0
7848.0
7859.2
7853.0
7860.6
7838.8
7808.2
7781.0
7718.0
7768.8
7743.8
7748.6
7681.2
7676.0
7682.4
7661.6
7701.8
7671.2
7660.0
7660.0
7628.6
7602.6
7566.6
7546.0
7557.2
7552.4
7540.0
7531.0
7599.2
7584.4
7584.4
7571.4
7578.8
7600.0
7648.8
7482.0
7427.4
7401.0
7411.8
7384.4
7396.2
7366.0
7368.6
7322.8
7306.6
7325.0
7309.6
7322.6
7310.2
7347.8
7184.8
7128.8
7169.4
7176.6
7181.0
7192.0
7268.0
7230.0
7275.2
7271.2
7271.0
7280.0
7298.0
7268.0
7268.0
7325.0
7275.4
7257.6
7276.6
7283.8
7254.4
7235.0
7267.0
7358.2
7367.8
7357.6
7368.6
7401.4
7396.8
7469.0
7333.8
7257.8
7288.2
7256.0
7250.8
7227.6
7207.4
7229.2
7301.6
7315.2
7284.6
7269.4
7299.8
7310.0
7324.8
7434.0
7617.4
7630.0
7696.8
7731.0
7664.0
7714.2
7765.0
7749.8
7776.0
7802.6
7800.0
7800.0
7790.8
7824.8
7826.0
7812.8
7872.0
7871.6
7908.2
7860.0
7910.4
7882.6
7872.8
7865.0
7851.0
7850.6
7870.4
7867.0
7899.0
7762.4
7834.0
7816.8
7832.8
7875.2
7846.8
7864.8
7881.8
7885.8
7876.6
7879.0
7863.6
7866.0
7852.8
7900.0
7797.0
7887.4
7882.0
7911.2
7945.2
7933.6
7953.0
7975.8
8023.0
8023.0
8011.4
8008.4
7991.6
8025.0
8005.0
8188.6
8323.6
8435.0
8494.0
8352.6
8324.0
8324.8
8350.4
8360.6
8317.4
8320.0
8364.2
8347.8
8345.0
8400.0
8306.2
8114.6
8024.6
8026.0
8037.6
8024.2
8000.0
7911.0
7957.0
7990.2
7999.0
7973.2
7992.2
7983.6
7983.6
8063.2
7867.4
7760.0
7722.2
7736.2
7669.4
7687.8
7684.4
7678.0
7629.8
7684.6
7687.0
7646.6
7654.2
7670.0
7685.4
7438.4
7388.2
7395.4
7592.6
7414.4
7378.6
7393.8
7534.0
7417.0
7484.0
7496.0
7504.0
7508.0
7559.0
7438.8
7342.0
7325.0
7344.0
7328.4
7301.2
7253.0
7270.2
7282.4
7330.0
7329.0
7331.2
7340.2
7334.0
7335.0
7454.0
7634.6
7648.8
7588.0
7565.0
7540.0
7556.4
7445.4
7397.4
7408.0
7447.0
7446.6
7420.8
7422.6
7465.0
7363.4
7328.0
7314.0
7303.0
7217.8
7201.0
7203.8
7283.8
7344.4
7404.0
7396.4
7396.4
7398.8
7395.6
7450.0
7275.4
7415.6
7387.2
7291.6
7262.0
7308.8
7262.6
7252.2
7270.0
7240.0
7229.0
7245.2
7256.4
7242.2
7225.0
7252.2
7371.8
7384.0
7324.0
7320.0
7351.0
7306.8
7369.8
7420.0
7395.8
7362.2
7382.0
7377.0
7382.0
7420.0
7443.4
7216.8
7185.0
7142.2
7120.4
7099.4
7092.8
7115.6
7084.0
7083.6
7095.6
7085.4
7094.4
7094.4
7075.0
6953.2
6780.4
6565.4
6643.4
6602.4
6658.6
6648.0
6654.0
6629.4
6597.2
6627.8
6612.0
6630.0
6615.8
6600.0
6521.6
6382.2
6568.8
6658.0
6851.2
6878.6
6858.0
6998.4
6986.0
7007.4
7024.0
7017.0
7029.0
7048.0
7071.0
7138.6
7164.4
7027.0
6870.8
7042.0
6972.2
6912.0
6890.2
6845.0
6857.0
6880.0
6905.6
6900.2
6888.0
6935.2
7003.2
7181.2
7122.6
7141.2
7126.4
7157.6
7219.0
7277.2
7205.0
7237.0
7249.2
7254.0
7258.8
7262.0
7000.0
6981.8
6846.8
6847.8
6838.8
6806.4
6808.0
6822.0
6817.4
6810.6
6810.0
6837.0
6842.0
6846.0
6811.0
6950.0
6888.0
6871.4
6886.0
6950.0
6882.6
6888.0
6940.2
7001.2
6950.0
6960.0
6969.8
6958.6
6926.2
6938.2
6741.0
6903.0
6855.6
6877.2
6889.2
6980.8
7015.4
7036.0
7044.8
7245.0
7007.6
7011.0
7048.2
7060.0
7114.0
7255.4
7334.6
7411.6
7407.0
7410.4
7413.0
7399.2
7411.0
7489.0
7440.0
7421.2
7383.0
7402.8
7383.8
7358.0
7477.0
7317.0
7325.2
7321.4
7335.0
7253.4
7268.8
7243.0
7230.0
7205.0
7219.0
7243.8
7242.0
7237.2
7222.0
7271.0
7262.6
7305.8
7290.2
7291.8
7325.2
7342.6
7377.6
7289.0
7270.4
7260.6
7264.8
7278.6
7276.2
7307.6
7340.0
7335.6
7366.2
7277.4
7219.2
6909.2
6942.2
6831.0
6762.0
6771.2
6629.4
6629.4
6629.4
6629.4
6629.4
6725.0
6679.0
6659.0
6778.0
6817.4
6780.0
6655.6
6441.2
6387.4
6423.6
6440.0
6500.0
6436.6
6482.0
6536.8
6555.6
6532.2
6530.0
6564.6
6563.0
6599.8
6627.0
6718.8
6668.0
6567.0
6440.0
6431.0
6436.8
6371.0
6330.2
6269.0
6251.2
6166.6
6262.2
6266.4
6279.4
6277.0
6245.4
6212.0
6074.6
6064.0
6078.0
6269.6
6370.0
6414.8
6419.0
6444.6
6360.0
6338.0
6319.4
6261.0
6314.0
6320.0
6323.0
6326.0
6322.4
6360.0
6340.4
6349.8
6317.4
6231.0
6176.2
6154.8
6157.2
6239.2
6253.6
6270.2
6289.6
6354.0
6299.6
6287.2
6290.8
6282.6
6310.2
6330.0
6382.8
6380.0
6428.4
6263.2
6160.0
6160.0
6160.2
6147.2
6121.4
6128.0
6025.6
5946.0
5945.8
5955.8
5920.0
5929.0
5919.8
5890.0
5618.4
5757.2
5785.2
5874.8
5886.6
5825.6
5872.2
5843.4
5889.8
5889.8
5898.6
5901.4
5897.6
5895.0
5918.8
5945.2
5970.0
5982.4
6020.0
6030.0
5995.8
6009.8
5926.4
5990.0
5978.2
5990.2
5974.2
5990.8
6000.0
5986.8
6020.2
6029.8
6049.0
6088.2
6140.2
6170.0
6248.8
6284.0
6180.0
6221.8
6035.4
6107.2
6069.0
6115.2
6077.6
6169.6
6223.4
6222.0
6146.6
6136.2
6148.0
6110.8
6112.6
6149.4
6083.6
6083.4
6112.2
6059.2
6115.0
6122.2
6105.2
6139.4
6108.6
6100.2
6071.4
6084.2
6075.0
6085.0
6099.0
6100.0
6119.0
6097.8
6060.2
6020.0
5968.0
5940.0
6000.8
6010.2
6006.6
6019.2
5951.4
5946.4
5992.4
6008.4
5990.0
6010.6
6005.4
6010.0
6006.2
6014.0
6018.4
6048.2
6051.8
6031.0
6055.0
6161.0
6257.6
6166.2
6157.2
6160.0
6082.4
6054.0
6090.8
6089.6
6099.0
6101.8
6105.0
6109.0
6104.8
6102.0
6095.6
6102.8
6096.0
6043.0
6039.8
6037.2
6032.0
6027.8
6017.4
6019.6
6009.0
5999.8
6002.6
5960.0
5965.0
5965.8
5975.0
5992.6
5956.8
5936.4
5952.8
5963.8
5960.6
5966.2
5957.0
5941.8
5971.8
5939.2
5948.4
5983.8
5980.0
5972.8
5954.6
5952.2
5967.4
5901.6
5861.8
5968.2
5969.4
5976.6
5980.2
5989.6
5998.0
6000.0
6008.6
5992.2
5991.2
5976.6
5991.8
5989.0
6013.4
6028.0
6034.8
6002.2
5967.4
6013.6
5983.6
5981.4
5945.2
5982.0
5994.0
5973.0
5986.0
5984.2
5988.4
6013.2
6013.2
5990.0
5974.6
5993.2
5970.0
5974.8
5994.0
6019.4
6089.4
6119.2
6162.0
6084.4
6081.6
6043.8
6070.0
6070.6
6077.4
6099.0
6067.2
6100.0
6078.8
6090.8
6083.4
6007.2
6017.2
6013.8
5990.8
5947.6
5903.8
5927.4
5947.0
5949.6
5948.0
5955.8
5960.8
5940.0
5972.6
5960.0
5965.0
5936.6
5954.4
6061.0
6010.0
6040.0
6072.2
6109.0
6104.8
6102.6
6105.4
6090.0
6092.0
6099.2
6118.0
6148.0
6163.8
6177.2
6202.0
6313.0
6326.8
6323.6
6332.8
6353.6
6338.6
6317.4
6338.2
6324.6
6342.0
6319.0
6335.6
6324.6
6364.4
6400.0
6352.0
6370.6
6447.2
6422.4
6334.6
6351.0
6405.0
6345.4
6305.6
6250.6
6269.2
6258.0
6236.6
6242.0
6238.0
6257.4
6264.6
6279.6
6223.0
6227.6
6233.2
6224.2
6251.4
6237.8
6248.2
6228.2
6216.4
6176.4
6098.6
6018.2
6028.0
6014.6
5989.0
5874.8
5805.0
5810.0
5875.0
5917.0
5945.8
5951.8
5745.8
5785.6
5767.4
5759.0
5795.0
5807.0
5799.4
5760.0
5786.4
5800.8
5791.8
5805.0
5801.6
5760.0
5881.2
5889.0
5836.2
5871.4
5815.8
5817.8
5860.0
5841.4
5822.0
5845.8
5796.0
5762.0
5807.8
5816.0
5826.0
5823.0
5830.0
5839.0
5837.4
5841.2
5824.8
5822.0
5848.4
5907.8
5869.4
5905.2
5941.4
5994.4
5924.2
5917.0
5967.2
5962.0
5944.0
5960.2
5945.0
5960.0
5904.0
5914.6
5935.4
5937.0
5951.8
5954.0
6013.6
6078.2
6120.2
6142.2
6199.6
6197.0
6150.0
6171.6
6184.0
6185.0
6192.8
6192.0
6158.8
6131.8
6143.0
6114.2
6069.0
6139.8
6176.0
6101.2
6053.8
6134.6
5975.6
5870.0
5771.8
5789.0
5830.2
5816.4
5832.8
5832.6
5914.0
5870.0
5829.8
5685.0
5561.8
5427.8
5350.2
5395.8
5406.4
5375.8
5476.6
5421.0
5536.6
5506.0
5471.8
5503.2
5509.8
5520.0
5449.4
5466.0
5402.6
5356.4
5152.2
5139.8
5133.8
5100.0
5069.0
5139.6
5164.0
5293.0
5351.0
5316.0
5287.2
5291.2
5295.0
5307.0
5152.6
5167.2
5194.4
5173.6
5178.4
5169.2
5114.4
4985.0
4869.8
4800.2
4834.6
4724.4
4770.0
4738.4
4726.0
4755.4
4720.0
4733.0
4539.8
4562.0
4580.2
4766.6
4810.0
4831.6
4757.4
4806.6
4738.6
4721.0
4719.4
4668.4
4697.0
4693.8
4655.6
4650.2
4650.0
4650.0
4711.0
4734.2
4833.4
4686.0
4615.2
4670.4
4782.0
4803.6
4753.0
4881.2
4987.6
4929.6
4896.0
4939.8
4929.0
4903.0
4822.8
4819.0
4808.8
4785.6
4780.4
4836.6
4769.2
4799.4
4841.0
4855.0
4900.2
4955.4
4867.8
4866.4
4855.2
4853.8
4852.0
4816.0
4828.0
4826.0
4856.8
4899.8
4865.2
4711.6
4531.2
4514.6
4440.0
4497.4
4501.0
4505.0
4538.6
4515.4
4503.0
4524.0
4536.2
4543.8
4600.0
4615.0
4555.4
4594.4
4610.0
4635.4
4724.0
4809.0
4876.4
4944.0
4945.6
4967.4
4890.0
4821.8
4873.0
4880.6
4960.0
4947.2
4952.0
4980.0
5078.0
5057.0
5035.0
4878.6
4928.2
4999.2
5085.8
5136.8
5134.6
5219.8
5212.0
5127.0
5117.6
5118.6
5179.4
5148.0
5089.8
5080.0
5067.0
5049.4
4986.8
5068.4
5267.0
5350.8
5460.0
5443.4
5474.4
5427.8
5460.0
5427.0
5456.0
5413.4
5394.6
5399.4
5400.0
5440.0
5572.4
5589.8
5615.0
5627.0
5612.4
5592.0
5476.6
5460.0
5358.4
5448.2
5437.6
5499.0
5487.6
5460.0
5457.0
5422.0
5421.2
5477.0
5563.0
5568.0
5580.0
5607.6
5581.2
5508.4
5564.4
5531.4
5528.4
5563.0
5520.8
5522.2
5536.6
5536.8
5548.0
5555.0
5587.0
5590.0
5589.0
5550.0
5567.0
5582.0
5660.0
5666.0
5672.5
5704.0
5645.0
5670.5
5625.0
5644.5
5617.0
5624.0
5627.5
5628.5
5665.0
5680.0
5678.5
5673.0
5690.5
5651.0
5642.5
5620.0
5520.5
5547.5
5600.0
5577.5
5566.0
5542.5
5525.5
5541.0
5555.5
5537.0
5554.0
5503.5
5472.0
5461.0
5402.0
5366.5
5252.0
5136.0
5188.0
5206.0
5196.0
5196.5
5169.5
5216.0
5219.0
5220.0
5242.0
5229.5
5235.0
5271.5
5288.0
5342.0
5338.5
5350.0
5274.0
5313.0
5265.0
5235.5
5232.5
5150.0
5128.5
5116.5
5151.0
5182.0
5177.5
5169.0
5184.5
5209.5
5196.0
5145.5
5260.0
5204.5
5056.5
5013.5
5020.0
5029.0
5020.5
5033.0
5024.5
5000.0
4998.0
5006.5
4999.5
5008.5
5005.0
5035.0
4997.5
5001.0
5072.5
5030.0
4959.0
4959.5
4923.5
4920.0
4942.0
4936.5
4981.5
4963.5
5029.5
5035.0
5026.0
5030.0
5067.5
5067.0
5193.5
5185.0
5176.0
5180.0
5376.0
5390.5
5377.5
5493.5
5514.5
5606.0
5622.0
5670.0
5615.0
5641.5
5639.5
5665.0
5698.0
5702.0
5543.5
5527.0
5622.5
5822.5
5822.0
5935.0
6033.5
6013.0
6013.0
5940.0
5973.0
5980.0
5935.5
5928.0
5918.0
5905.0
5846.5
5810.0
5789.0
5813.0
5807.5
5840.0
5618.5
5547.5
5597.0
5560.5
5577.5
5606.5
5610.0
5400.0
5369.0
5378.0
5309.0
5337.0
5314.5
5260.0
5222.5
5280.0
5280.0
5370.0
5200.0
5174.5
5240.0
5185.0
5265.5
5224.0
5203.0
5177.0
5194.5
5221.0
5182.0
5195.0
5223.0
5235.5
5367.5
5374.5
5399.5
5345.0
5553.5
5523.0
5536.5
5578.5
5537.0
5392.5
5396.0
5431.0
5416.5
5380.0
5435.0
5473.0
5519.5
5550.0
5621.5
5636.5
5616.5
5508.5
5450.0
5365.0
5423.5
5423.5
5396.5
5399.0
5410.0
5425.0
5414.0
5426.5
5416.0
5449.0
5488.5
5490.0
5281.0
5231.5
5259.5
5254.0
5242.0
5233.0
5248.0
5219.0
5219.5
5187.5
5171.5
5165.0
5191.5
5170.0
5154.5
5130.0
5147.0
5151.0
5266.0
5237.0
5175.0
5145.5
4918.0
4929.0
4909.0
4885.5
4909.0
4858.0
4903.0
4822.0
4783.5
4850.5
4804.0
4808.5
4821.5
4850.0
4959.0
5032.5
4989.0
4712.5
4606.5
4599.0
4519.0
4573.5
4550.0
4492.0
4438.0
4565.5
4608.5
4457.0
4531.0
4595.0
4475.0
4400.0
4386.5
4429.0
4287.0
4238.0
4017.0
4068.5
4192.0
4238.0
4266.0
4364.5
4517.5
4505.0
4334.0
4272.0
4243.5
4488.5
4488.5
4059.5
3988.0
3988.0
3140.0
2010.0
3067.5
2731.0
2262.0
2349.5
2053.0
2268.0
2422.0
2405.0
2580.0
3229.5
3450.5
3039.5
2664.0
3849.5
2680.0
3008.5
3097.5
2910.0
3000.0
3092.0
3100.0
3400.0
3244.0
3140.0
2999.5
3069.0
3054.5
3140.0
3309.0
3215.0
3001.5
2990.0
3100.0
3043.0
2960.0
2925.5
2980.0
3002.0
3067.5
3034.5
3157.0
3202.0
3296.0
3273.0
3309.0
3302.0
3318.5
3350.0
3560.5
3496.0
3500.0
3479.5
3500.0
3491.0
3499.5
3519.0
3499.5
3600.0
3427.0
3484.5
3548.5
3569.5
3537.5
3594.0
3609.0
3639.0
3664.0
3748.5
3665.5
3650.0
3606.0
3504.0
3588.0
3645.0
3613.0
3592.0
3601.0
3605.0
3555.0
3552.5
3575.0
3541.5
3516.5
3524.0
3531.0
3505.5
3500.0
3505.0
3538.0
3540.5
3554.5
3566.5
3534.5
3560.0
3526.5
3468.0
3470.0
3460.0
3500.0
3509.5
3493.0
3450.5
3321.5
3274.0
3278.5
3239.5
3274.5
3280.0
3372.0
3350.0
3330.0
3318.0
3309.0
3291.0
3240.0
3259.0
3269.0
3279.0
3119.0
3115.5
3097.0
3105.0
3119.5
3135.0
3153.0
3227.0
3217.0
3260.0
3208.0
3188.5
3191.0
3206.0
3202.0
3174.0
3153.0
3173.5
3172.0
3200.0
3118.0
3114.0
3125.5
3108.0
3107.5
3061.5
3029.0
3004.0
3010.0
3009.0
2955.0
2984.5
2967.5
2970.0
2978.5
2985.0
2981.0
2998.0
2993.0
3002.0
2965.5
2953.0
2906.0
2901.5
2838.0
2795.0
2786.0
2748.0
2722.0
2731.0
2600.0
2555.0
2461.5
2412.0
2376.0
2465.5
2425.0
2495.0
2540.0
2506.0
2492.5
2577.0
2655.5
2731.0
2690.0
2665.0
2585.0
2620.5
2590.0
2595.0
2560.0
2591.5
2611.0
2585.0
2586.0
2557.5
2520.0
2475.0
2485.0
2519.5
2532.0
2463.5
2441.0
2453.0
2467.5
2439.5
2351.0
2305.0
2270.0
2185.0
2072.5
2076.0
2093.5
2081.0
2048.0
2040.0
2027.5
1989.0
1908.0
1880.0
2051.5
2026.5
2028.0
2042.5
2039.0
2064.0
2066.0
2119.5
2073.0
2092.5
2159.0
2181.5
2233.5
2221.0
2230.0
2271.5
2382.0
2438.0
2520.0
2554.5
2783.0
2761.0
2760.0
2606.5
2610.0
2548.0
2603.0
2546.5
2700.0
2965.0
2619.5
2650.0
2614.5
2640.5
2645.5
2631.0
2615.0
2611.5
2608.0
2558.0
2498.0
2500.5
2526.0
2503.5
2488.5
2434.5
2406.0
2409.0
2402.0
2420.0
2465.0
2505.0
2477.5
2478.5
2475.0
2454.0
2444.0
2449.5
2453.0
2497.5
2406.0
2398.5
2358.0
2280.0
2309.5
2325.5
2301.0
2307.0
2304.0
2304.0
2328.5
2283.0
2254.0
2275.0
2264.5
2250.0
2223.5
2257.5
2245.5
2249.5
2169.0
2135.5
2122.5
2127.5
2113.0
2067.0
2049.5
2078.5
2032.0
2052.0
2115.0
2147.5
2118.5
2120.0
2101.0
2123.5
2126.0
2117.0
2130.0
2147.0
2173.0
2153.5
2172.5
2160.0
2191.5
2177.5
2174.5
2174.5
2185.0
2247.5
2196.5
2246.5
2227.0
2231.0
2235.5
2232.0
2245.0
2294.0
2380.0
2432.0
2426.0
2473.0
2474.5
2489.5
2447.0
2470.0
2420.0
2417.5
2402.0
2400.0
2267.0
2294.5
2278.0
2276.5
2270.0
2258.0
2234.0
2234.5
2236.5
2238.0
2193.0
2179.0
2197.0
2213.5
2174.5
2184.5
2190.0
2180.0
2194.0
2225.0
2173.5
2170.0
2150.0
2136.5
2137.5
2143.0
2131.0
2119.0
2129.0
2110.0
2080.0
2083.0
2046.0
2067.5
2106.0
2164.0
2177.0
2125.5
2146.5
2150.0
2142.0
2123.0
2107.0
2118.0
2111.5
2146.5
2139.0
2153.5
2155.5
2160.0
2223.0
2202.0
2225.0
2191.5
2192.5
2200.0
2198.0
2219.0
2220.5
2232.0
2220.0
2231.0
2221.0
2206.5
2186.5
2192.0
2198.5
2200.0
2201.0
2212.0
2204.0
2161.5
2194.0
2166.0
2167.5
2156.5
2175.5
2170.5
2164.0
2150.0
2138.5
2123.0
2130.0
2118.5
2117.5
2124.5
2116.5
2113.5
2111.5
2112.0
2135.0
2136.0
2125.0
2138.5
2125.0
2126.0
2120.0
2113.5
2110.5
2128.5
2096.0
2098.0
2109.5
2115.5
2110.0
2109.5
2115.0
2108.0
2105.0
2112.0
2106.5
2083.5
2087.0
2078.5
2065.0
2050.5
2018.5
2014.0
2018.0
2010.0
1985.0
1950.5
1919.0
1918.0
1880.5
1894.0
1883.5
1905.0
1900.0
1900.0
1838.0
1815.0
1843.5
1826.5
1858.0
1847.5
1846.5
1852.0
1859.5
1879.0
1923.0
1910.0
1919.0
1926.0
1899.0
1901.0
1888.0
1884.0
1886.0
1888.5
1816.5
1767.0
1768.0
1781.0
1762.0
1771.0
1787.5
1777.0
1777.0
1777.0
1768.0
1759.0
1752.5
1751.5
1710.0
1703.5
1702.5
1706.0
1701.0
1690.0
1612.0
1638.0
1638.0
1631.0
1611.0
1627.0
1604.0
1602.5
1597.0
1589.0
1612.0
1627.5
1652.0
1642.0
1651.0
1653.5
1649.0
1649.0
1651.5
1678.0
1710.5
1720.0
1719.0
1733.5
1732.0
1721.5
1726.5
1725.5
1737.0
1749.5
1769.0
1725.0
1670.0
1670.0
1671.0
1681.0
1679.0
1668.5
1676.0
1676.5
1694.5
1687.0
1678.5
1689.0
1693.5
1686.5
1693.0
1713.5
1725.0
1740.0
1702.5
1700.5
1707.5
1706.5
1704.5
1689.0
1677.0
1677.0
1673.0
1680.0
1665.5
1634.5
1629.0
1631.0
1640.5
1643.5
1635.0
1638.0
1649.0
1659.0
1644.0
1654.5
1650.5
1656.5
1671.0
1662.0
1652.0
1657.0
1654.5
1655.5
1632.0
1632.5
1630.0
1625.5
1627.5
1625.5
1633.0
1630.5
1635.0
1630.0
1648.0
1646.5
1653.0
1651.0
1660.0
1657.5
1652.0
1661.0
1672.0
1695.0
1751.5
1733.0
1737.5
1741.5
1755.0
1781.5
1823.0
1834.0
1927.0
1930.0
1819.5
1811.5
1764.0
1817.5
1809.5
1812.0
1812.5
1840.0
1810.0
1805.5
1698.5
1695.5
