close
0.001648
0.0016
0.001595
0.001595
0.001648
0.001689
0.001689
0.00168
0.001599
0.001591
0.00159
0.001536
0.0016
0.001541
0.0015
0.0015
0.0015
0.0016
0.001522
0.001522
0.001521
0.001546
0.00154
0.00164
0.00162
0.00162
0.00162
0.001562
0.001555
0.001737
0.00175
0.0017
0.00157
0.00161
0.001589
0.001615
0.001445
0.0015
0.001474
0.001519
0.001529
0.0015
0.001499
0.001451
0.001497
0.001487
0.001461
0.001489
0.001499
0.0015
0.0015
0.00155
0.001467
0.001462
0.001495
0.001495
0.001495
0.001495
0.001539
0.0015
0.001546
0.0015
0.001504
0.001539
0.001502
0.001546
0.001502
0.001484
0.0015
0.0015
0.0015
0.0015
0.001497
0.001497
0.001506
0.00148
0.00148
0.001472
0.001461
0.001472
0.001432
0.001432
0.001413
0.00137
0.001361
0.00137
0.001371
0.001376
0.001352
0.00133
0.001413
0.001413
0.001413
0.001413
0.001413
0.001413
0.001335
0.001403
0.001413
0.00142
0.001348
0.001413
0.001413
0.001413
0.001413
0.001448
0.001363
0.001388
0.001457
0.001413
0.001413
0.001456
0.001413
0.001413
0.001413
0.001414
0.001454
0.00141
0.0014
0.0014
0.001407
0.00138
0.001372
0.001379
0.001418
0.001418
0.001459
0.001445
0.001445
0.001445
0.001418
0.001499
0.001499
0.001432
0.001431
0.001429
0.001499
0.001499
0.00151
0.00151
0.001429
0.001499
0.001499
0.001418
0.001499
0.001499
0.00155
0.00155
0.00155
0.0015
0.0015
0.0016
0.0016
0.0016
0.0016
0.0016
0.001531
0.001513
0.00159
0.0015
0.001501
0.001502
0.001499
0.0016
0.001491
0.001601
0.001601
0.001497
0.001478
0.001583
0.001481
0.001537
0.001537
0.001537
0.00154
0.00154
0.00154
0.00154
0.001482
0.00155
0.0016
0.0016
0.0016
0.0016
0.0016
0.0016
0.001606
0.001606
0.001656
0.0017
0.00161
0.00161
0.001565
0.001565
0.001555
0.001555
0.00155
0.00155
0.001525
0.001505
0.00155
0.001505
0.00149
0.001485
0.001485
0.00152
0.00149
0.001545
0.001545
0.001545
0.00151
0.0016
0.0016
0.0016
0.00159
0.00161
0.00163
0.001535
0.00159
0.0016
0.0016
0.001635
0.001605
0.00163
0.001665
0.001635
0.001605
0.001675
0.001545
0.00153
0.00153
0.00153
0.00153
0.00153
0.0015
0.00151
0.001505
0.001505
0.00154
0.00154
0.00154
0.001605
0.001505
0.00151
0.001505
0.001585
0.00152
0.001515
0.001515
0.001515
0.001515
0.001505
0.00152
0.00153
0.00153
0.001505
0.00157
0.001565
0.00156
0.001595
0.001585
0.00158
0.00156
0.001585
0.00159
0.00159
0.0016
0.001645
0.0016
0.001605
0.00165
0.001555
0.0016
0.001605
0.00165
0.00165
0.00164
0.0016
0.0016
0.0016
0.00155
0.001625
0.001565
0.001595
0.001565
0.00155
0.00156
0.00152
0.00159
0.001515
0.001555
0.00183
0.00152
0.00155
0.001545
0.00151
0.00152
0.00152
0.00151
0.001595
0.00161
0.001505
0.00155
0.00155
0.00158
0.0015
0.001505
0.001505
0.00151
0.00151
0.00151
0.00151
0.00148
0.00148
0.001505
0.001505
0.00148
0.00148
0.0015
0.00147
0.00148
0.00148
0.001465
0.001465
0.00148
0.001475
0.0015
0.001495
0.00147
0.001465
0.001465
0.001465
0.001425
0.001425
0.001435
0.001355
0.00141
0.001435
0.001435
0.001455
0.001425
0.00144
0.00155
0.00156
0.0016
0.00156
0.0016
0.0016
0.001605
0.001625
0.00162
0.00162
0.001575
0.00157
0.00156
0.001645
0.00167
0.001715
0.001685
0.00166
0.001615
0.00164
0.00168
0.00167
0.00166
0.001695
0.00169
0.0017
0.00166
0.001705
0.00171
0.00175
0.00174
0.00174
0.00173
0.001725
0.0016
0.00161
0.001685
0.001705
0.00169
0.0018
0.001715
0.0017
0.0017
0.0017
0.0017
0.0017
0.0017
0.0017
0.001705
0.001705
0.0017
0.00168
0.0017
0.0017
0.00172
0.0017
0.001715
0.0017
0.0017
0.0017
0.00172
0.00183
0.0018
0.0018
0.0018
0.0018
0.0018
0.0018
0.0018
0.00182
0.00182
0.00188
0.00188
0.00188
0.001885
0.001885
0.001885
0.001885
0.0019
0.00194
0.00185
0.00185
0.0019
0.0019
0.001955
0.00195
0.00195
0.002
0.001955
0.00195
0.00195
0.00195
0.002
0.00195
0.001955
0.00196
0.00196
0.001965
0.001965
0.00196
0.00196
0.00195
0.00195
0.00201
0.00187
0.00186
0.0019
0.0019
0.00186
0.0019
0.00193
0.001995
0.00199
0.0019
0.00184
0.00185
0.0019
0.001905
0.001915
0.001905
0.001865
0.001885
0.001885
0.001885
0.00189
0.00189
0.00189
0.00189
0.002
0.00195
0.00199
0.00199
0.00192
0.00202
0.00194
0.001895
0.0019
0.00196
0.001915
0.001905
0.00201
0.001955
0.00192
0.001915
0.00191
0.002
0.00195
0.001915
0.00191
0.001915
0.00191
0.00189
0.00189
0.001805
0.00182
0.001815
0.00182
0.001865
0.001845
0.001845
0.001845
0.00186
0.0018
0.00178
0.00178
0.001765
0.001755
0.00174
0.001705
0.00177
0.001705
0.001705
0.00172
0.001785
0.0017
0.00172
0.001715
0.001715
0.001725
0.00173
0.00177
0.001745
0.0017
0.001595
0.00161
0.001625
0.00163
0.00163
0.00158
0.00158
0.001585
0.0016
0.001695
0.00161
0.00168
0.001675
0.001675
0.001685
0.001685
0.00153
0.001645
0.00167
0.001675
0.001695
0.001655
0.001635
0.00159
0.00159
0.001625
0.001635
0.00164
0.00164
0.0016
0.001635
0.00157
0.0016
0.00159
0.0015
0.001505
0.001545
0.00157
0.00151
0.001525
0.0015
0.0016
0.001555
0.00156
0.00152
0.00151
0.00156
0.00152
0.00151
0.001515
0.00152
0.00157
0.0015
0.00155
0.00154
0.0015
0.001505
0.001495
0.001495
0.001545
0.001545
0.00153
0.00153
0.00153
0.00151
0.001505
0.0015
0.001455
0.001455
0.001495
0.0015
0.001465
0.001505
0.001515
0.00152
0.00156
0.001605
0.00147
0.001505
0.001505
0.00145
0.00143
0.00148
0.001465
0.001445
0.001515
0.00144
0.001455
0.001545
0.001545
0.0015
0.00152
0.0015
0.0015
0.0015
0.00144
0.00145
0.0015
0.00145
0.001445
0.00145
0.00145
0.00148
0.0015
0.00148
0.00145
0.00145
0.001445
0.001445
0.001445
0.00145
0.001475
0.001475
0.00149
0.00145
0.00146
0.00147
0.001445
0.00148
0.00148
0.00148
0.001475
0.00148
0.00148
0.00148
0.00144
0.001465
0.00149
0.0015
0.0015
0.00149
0.0015
0.00148
0.00154
0.001515
0.001515
0.001515
0.001515
0.00148
0.00144
0.00144
0.001485
0.001445
0.001485
0.00145
0.00144
0.00144
0.001455
0.001455
0.001455
0.00143
0.001425
0.00144
0.00142
0.00141
0.00144
0.00144
0.00142
0.00142
0.001465
0.001475
0.00147
0.00145
0.0015
0.001475
0.00142
0.00142
0.001435
0.00139
0.00143
0.001385
0.0014
0.001385
0.00138
0.001375
0.001365
0.001395
0.00137
0.00137
0.001365
0.001365
0.001395
0.0014
0.0014
0.001355
0.001365
0.001345
0.001365
0.001335
0.001355
0.00134
0.00138
0.001385
0.00134
0.001355
0.001395
0.00139
0.00135
0.0014
0.001375
0.00133
0.00133
0.001325
0.00136
0.001325
0.00132
0.001305
0.001305
0.001335
0.00131
0.001325
0.00133
0.0013
0.001365
0.001415
0.00138
0.00143
0.0014
0.00146
0.001385
0.00141
0.00141
0.001385
0.00139
0.001365
0.00136
0.00131
0.0013
0.001275
0.001275
0.00128
0.00128
0.00128
0.00128
0.00131
0.001275
0.001275
0.00129
0.00129
0.00129
0.00129
0.00129
0.00132
0.001325
0.00128
0.001275
0.00131
0.001295
0.001295
0.0013
0.001315
0.00134
0.001335
0.001355
0.001325
0.00134
0.00134
0.001305
0.001315
0.001275
0.00127
0.001265
0.001265
0.001265
0.001265
0.001265
0.001265
0.001245
0.00124
0.00125
0.00124
0.001255
0.001255
0.001245
0.001255
0.001235
0.00125
0.001315
0.001265
0.00126
0.00127
0.00127
0.00127
0.001285
0.00126
0.001255
0.0013
0.0013
0.00129
0.00128
0.00128
0.00128
0.00123
0.001275
0.001255
0.00125
0.001245
0.001255
0.001255
0.001255
0.001255
0.001245
0.00125
0.00126
0.001245
0.00126
0.001285
0.00128
0.001285
0.00124
0.00125
0.001305
0.00126
0.00123
0.00124
0.00125
0.00123
0.00128
0.00125
0.001285
0.00124
0.001265
0.00128
0.00124
0.00125
0.001285
0.00129
0.001295
0.00124
0.00125
0.00128
0.00128
0.00124
0.001245
0.00125
0.001245
0.001245
0.001245
0.00127
0.001295
0.00125
0.001245
0.00124
0.001245
0.00124
0.001275
0.001275
0.00128
0.001275
0.001275
0.001285
0.001295
0.001295
0.001265
0.001295
0.00126
0.00123
0.00128
0.00128
0.001395
0.001305
0.00128
0.001345
0.001305
0.00137
0.00133
0.001355
0.00132
0.00135
0.0013
0.0013
0.00123
0.00125
0.00125
0.00124
0.001245
0.001235
0.001265
0.001235
0.001235
0.00122
0.001225
0.00123
0.00123
0.001235
0.001235
0.00122
0.00124
0.001245
0.00124
0.001235
0.0012
0.00124
0.00127
0.0012
0.00123
0.00122
0.00123
0.001245
0.00121
0.00121
0.001245
0.00121
0.001235
0.00124
0.001245
0.00121
0.001235
0.001215
0.001215
0.00121
0.00119
0.001205
0.001205
0.001205
0.00119
0.001185
0.00119
0.00119
0.00119
0.001185
0.001185
0.00119
0.001185
0.00118
0.00118
0.00117
0.00117
0.001155
0.001165
0.00116
0.00116
0.001135
0.00117
0.00118
0.00112
0.00113
0.001105
0.00113
0.001155
0.001125
0.001135
0.001155
0.001155
0.001175
0.00117
0.00117
0.00118
0.00118
0.001185
0.00118
0.00117
0.001205
0.0012
0.00121
0.00122
0.001215
0.00136
0.0013
0.001295
0.0013
0.001265
0.00123
0.001285
0.00125
0.00124
0.00124
0.0012
0.00121
0.001215
0.001205
0.001205
0.00121
0.001215
0.0012
0.001165
0.00117
0.00117
0.00117
0.00118
0.001175
0.00116
0.00117
0.00118
0.001175
0.001165
0.001155
0.001155
0.001155
0.00117
0.00118
0.001185
0.001195
0.00119
0.001175
0.00117
0.001185
0.001185
0.0012
0.00118
0.00116
0.001165
0.001135
0.00114
0.0011
0.00112
0.001195
0.0011
0.001125
0.001135
0.001135
0.001115
0.00111
0.00112
0.00114
0.00113
0.0011
0.00113
0.00111
0.00112
0.00114
0.00114
0.00113
0.00112
0.00111
0.00111
0.00112
0.00112
0.0011
0.001105
0.001135
0.001105
0.00112
0.00114
0.00114
0.00113
0.001125
0.00112
0.0011
0.001115
0.0011
0.001115
0.00112
0.0011
0.001115
0.0011
0.001115
0.001115
0.0011
0.00108
0.001085
0.001085
0.001085
0.00105
0.00105
0.00105
0.00107
0.001075
0.00108
0.001085
0.001095
0.00113
0.001105
0.001095
0.0011
0.001075
0.0011
0.00112
0.0011
0.00108
0.00108
0.0011
0.001095
0.001075
0.001065
0.00109
0.00109
0.00109
0.00109
0.00109
0.001115
0.0011
0.001105
0.001095
0.0011
0.001115
0.001095
0.00109
0.0011
0.001105
0.001115
0.0011
0.00111
0.001135
0.001125
0.00111
0.00115
0.001165
0.001135
0.001125
0.00112
0.001105
0.001125
0.00112
0.0011
0.00111
0.00111
0.001105
0.001105
0.001105
0.001115
0.001105
0.00111
0.00113
0.00112
0.00114
0.001125
0.00112
0.001125
0.00116
0.00115
0.00115
0.001155
0.00116
0.001165
0.00115
0.00114
0.00114
0.001135
0.001155
0.001145
0.00113
0.00117
0.001165
0.00118
0.00115
0.001165
0.00114
0.001145
0.001155
0.00116
0.00114
0.00116
0.001175
0.00118
0.001165
0.001165
0.00118
0.001155
0.001135
0.001135
0.00116
0.00111
0.00111
0.00111
0.00113
0.00113
0.00113
0.00111
0.001105
0.001105
0.0011
0.001115
0.00111
0.00111
0.0011
0.0011
0.00112
0.00112
0.001105
0.001115
0.001095
0.001095
0.001085
0.00108
0.00108
0.00108
0.0011
0.00111
0.0011
0.0011
0.001105
0.00111
0.001095
0.001085
0.001075
0.00108
0.00108
0.0011
0.0011
0.0011
0.00111
0.00112
0.001125
0.001115
0.00109
0.0011
0.00108
0.001115
0.001105
0.0011
0.001115
0.001125
0.001115
0.001125
0.001125
0.0011
0.001105
0.001095
0.00111
0.001085
0.0011
0.0011
0.00111
0.00113
0.0011
0.00115
0.001145
0.001105
0.001105
0.0011
0.0011
0.00112
0.00108
0.001085
0.001095
0.00109
0.001095
0.00108
0.00108
0.00109
0.00106
0.00108
0.00109
0.0011
0.001105
0.00108
0.0011
0.0011
0.0011
0.0011
0.00108
0.0011
0.001105
0.001115
0.00112
0.0011
0.0011
0.001095
0.001065
0.00107
0.00108
0.00108
0.00108
0.001075
0.001085
0.001095
0.00109
0.00109
0.001095
0.00111
0.00113
0.001115
0.00111
0.0011
0.00111
0.00111
0.001075
0.0011
0.00108
0.001105
0.00112
0.001165
0.001165
0.001165
0.001165
0.001135
0.00115
0.001165
0.00115
0.001155
0.001155
0.001155
0.001165
0.001155
0.001145
0.001155
0.001145
0.00114
0.001125
0.001135
0.00113
0.00113
0.001125
0.001125
0.00115
0.001155
0.001155
0.00118
0.001205
0.001235
0.001235
0.001205
0.0012
0.001195
0.0012
0.00122
0.001205
0.00116
0.00118
0.0012
0.00118
0.00118
0.0012
0.0012
0.0012
0.001205
0.00118
0.00118
0.001215
0.00121
0.0012
0.00122
0.001205
0.00122
0.00122
0.00125
0.00125
0.001245
0.001225
0.00125
0.001215
0.00121
0.001185
0.001225
0.00118
0.00117
0.00114
0.00117
0.00116
0.00116
0.00118
0.00112
0.001195
0.0012
0.001205
0.00116
0.00113
0.00117
0.00118
0.00115
0.00116
0.001145
0.00116
0.001165
0.00117
0.001175
0.00117
0.001175
0.001165
0.00116
0.001175
0.00116
0.001175
0.001165
0.00117
0.001165
0.001155
0.00119
0.00118
0.001185
0.00119
0.001195
0.0012
0.001205
0.001215
0.0012
0.0012
0.00118
0.00119
0.0012
0.001195
0.00119
0.00119
0.001215
0.00122
0.0012
0.0012
0.0012
0.00123
0.001205
0.00118
0.001205
0.0012
0.001205
0.00121
0.00121
0.001295
0.00134
0.001275
0.0013
0.00125
0.0013
0.0013
0.00131
0.00134
0.001355
0.00138
0.00138
0.001345
0.00131
0.0013
0.001335
0.001335
0.0013
0.001295
0.00123
0.00127
0.001265
0.00127
0.00125
0.00125
0.00124
0.001235
0.001245
0.001275
0.001265
0.00126
0.001245
0.00131
0.00126
0.001275
0.00128
0.00129
0.0013
0.00127
0.00127
0.001265
0.00126
0.00126
0.00128
0.001255
0.001245
0.00125
0.00124
0.00125
0.00126
0.00127
0.001265
0.001255
0.001235
0.001265
0.00127
0.0013
0.00132
0.00128
0.001265
0.001285
0.00128
0.00127
0.00127
0.00127
0.00127
0.001265
0.00127
0.00128
0.00127
0.00127
0.001265
0.00126
0.00126
0.00126
0.00126
0.00126
0.00122
0.001225
0.00125
0.00124
0.001225
0.00123
0.00124
0.001225
0.00127
0.001265
0.001295
0.001295
0.00128
0.00128
0.00129
0.0013
0.00127
0.00131
0.0013
0.00129
0.001305
0.001305
0.001265
0.001265
0.001265
0.001265
0.00124
0.001265
0.001275
0.001275
0.00123
0.001255
0.00123
0.00123
0.001255
0.00127
0.00126
0.00127
0.001265
0.00128
0.00126
0.001285
0.001275
0.00124
0.00124
0.001235
0.00123
0.00125
0.00127
0.00127
0.00124
0.001235
0.00124
0.001235
0.001245
0.001235
0.001245
0.00125
0.00123
0.001245
0.001245
0.001235
0.001235
0.001225
0.00122
0.00122
0.001215
0.0012
0.00127
0.0013
0.0013
0.00133
0.00144
0.00135
0.001395
0.00136
0.00142
0.001385
0.001385
0.0014
0.00138
0.00138
0.00136
0.0014
0.00139
0.00139
0.00136
0.001355
0.001345
0.0013
0.001295
0.001295
0.00132
0.00132
0.00136
0.00139
0.00139
0.00139
0.0014
0.001425
0.00144
0.00144
0.001435
0.00145
0.001445
0.00142
0.00143
0.00142
0.001425
0.001475
0.0014
0.0014
0.001395
0.00142
0.001405
0.00142
0.00137
0.001355
0.001355
0.001375
0.00134
0.001355
0.00136
0.001375
0.00136
0.00133
0.00137
0.00133
0.00134
0.00133
0.001355
0.00136
0.00133
0.00132
0.00136
0.001325
0.001315
0.00134
0.00132
0.001335
0.00131
0.001315
0.001345
0.001365
0.001355
0.00139
0.00139
0.00139
0.00137
0.001375
0.00134
0.00136
0.00135
0.00134
0.00136
0.001325
0.001325
0.0013
0.0013
0.001325
0.0013
0.00134
0.001305
0.00132
0.00131
0.001305
0.00133
0.00132
0.001345
0.0013
0.001305
0.00129
0.001305
0.00133
0.001315
0.00131
0.00132
0.0013
0.0013
0.00131
0.00131
0.00131
0.001385
0.001345
0.00134
0.00133
0.00138
0.001345
0.00134
0.00135
0.00136
0.00134
0.0013
0.001325
0.0013
0.0013
0.001285
0.00129
0.00129
0.001335
0.001275
0.001275
0.001255
0.001265
0.001235
0.00123
0.001235
0.001245
0.001215
0.00122
0.00123
0.00123
0.00123
0.00125
0.00125
0.001255
0.00126
0.00132
0.00132
0.00126
0.001265
0.00125
0.00124
0.001225
0.00124
0.00124
0.00124
0.001245
0.00125
0.00126
0.00123
0.00126
0.001195
0.00119
0.001185
0.00119
0.00122
0.0012
0.0012
0.00121
0.001195
0.00121
0.001195
0.00121
0.001195
0.001195
0.001215
0.001205
0.001205
0.0012
0.001225
0.001235
0.00122
0.001205
0.0012
0.001195
0.00123
0.00122
0.001195
0.00115
0.00118
0.00117
0.00117
0.001175
0.00118
0.00119
0.001195
0.001195
0.0012
0.00118
0.001195
0.0012
0.0012
0.00121
0.001205
0.001215
0.00122
0.00122
0.00122
0.00122
0.001275
0.00123
0.00123
0.001275
0.00124
0.00126
0.00119
0.00122
0.00122
0.00122
0.001225
0.001205
0.00123
0.00122
0.0012
0.0012
0.001215
0.00123
0.0012
0.00121
0.001215
0.001195
0.00121
0.00122
0.0012
0.0012
0.0012
0.00122
0.00124
0.0013
0.00136
0.00134
0.00135
0.00135
0.00141
0.0014
0.001355
0.001355
0.00145
0.00148
0.001525
0.001525
0.00151
0.001495
0.00145
0.001495
0.00151
0.001565
0.001675
0.00174
0.001745
0.00174
0.00169
0.001655
0.001755
0.00166
0.001885
0.00185
0.001815
0.00202
0.002025
0.002065
0.00195
0.001945
0.002
0.00221
0.002235
0.00231
0.00242
0.002425
0.002505
0.002565
0.002555
0.00271
0.0028
0.00325
0.00342
0.00328
0.0033
0.00315
0.00333
0.00329
0.0032
0.003265
0.0034
0.00335
0.0035
0.00329
0.003195
0.003105
0.00317
0.0033
0.0032
0.003195
0.003115
0.00322
0.00305
0.00305
0.003065
0.003
0.003055
0.00312
0.0031
0.00316
0.00304
0.00319
0.00305
0.003165
0.00306
0.003085
0.00315
0.00317
0.003095
0.00305
0.00305
0.00306
0.00309
0.003
0.00305
0.003
0.00295
0.00282
0.00284
0.00299
0.00287
0.002785
0.0029
0.0029
0.00285
0.0029
0.0028
0.0028
0.00278
0.00265
0.00262
0.0027
0.002705
0.00265
0.002685
0.00267
0.00265
0.00265
0.002735
0.0027
0.00284
0.0027
0.00258
0.002445
0.002515
0.00249
0.00267
0.00254
0.0026
0.00267
0.00257
0.00256
0.00255
0.00255
0.002595
0.00254
0.00248
0.002355
0.002545
0.0024
0.0024
0.002325
0.00226
0.00231
0.002395
0.00238
0.00235
0.00246
0.00234
0.002385
0.00239
0.002395
0.00236
0.002375
0.0024
0.002755
0.002695
0.0026
0.00244
0.0025
0.002575
0.002575
0.00255
0.002495
0.0026
0.002545
0.002465
0.0025
0.0024
0.0024
0.00244
0.00245
0.00248
0.00247
0.002485
0.002485
0.00241
0.00239
0.002465
0.00239
0.002425
0.00246
0.00258
0.002495
0.00241
0.002485
0.00248
0.002445
0.002445
0.002435
0.002415
0.002435
0.00244
0.00239
0.002395
0.002405
0.002415
0.002435
0.00239
0.002405
0.00245
0.00249
0.0025
0.002425
0.00244
0.00244
0.002435
0.002435
0.002425
0.00237
0.002365
0.002395
0.00239
0.0024
0.0024
0.002385
0.002435
0.00245
0.002415
0.00245
0.002435
0.00245
0.00242
0.00253
0.00255
0.002545
0.002465
0.00247
0.00247
0.002515
0.002485
0.002535
0.00254
0.002525
0.00247
0.002445
0.00245
0.00245
0.002435
0.002455
0.00254
0.002505
0.00258
0.002515
0.00252
0.00253
0.002495
0.002495
0.0025
0.002475
0.00246
0.00245
0.00245
0.002445
0.00243
0.00244
0.002435
0.00243
0.00245
0.002435
0.002465
0.002465
0.00245
0.00245
0.002475
0.002465
0.002445
0.00245
0.002435
0.002445
0.002405
0.00245
0.00243
0.00245
0.00245
0.00244
0.002435
0.00241
0.00241
0.002405
0.00242
0.002425
0.002495
0.00247
0.002475
0.00249
0.00248
0.002425
0.00243
0.002425
0.002445
0.002445
0.00247
0.002445
0.00247
0.00245
0.002475
0.002445
0.002405
0.002445
0.00245
0.00244
0.00242
0.00243
0.00242
0.00244
0.00243
0.0024
0.002425
0.00238
0.00245
0.00247
0.00246
0.002495
0.00246
0.002405
0.002415
0.00241
0.002405
0.00241
0.002405
0.00241
0.0024
0.002405
0.002425
0.002425
0.002425
0.00249
0.0024
0.0024
0.00243
0.00241
0.00241
0.00244
0.002445
0.0024
0.00239
0.0024
0.002385
0.002385
0.0024
0.002405
0.002395
0.002365
0.00238
0.00238
0.00238
0.0024
0.00239
0.002385
0.002385
0.002375
0.00239
0.00236
0.002385
0.00239
0.00236
0.00235
0.002345
0.00236
0.00237
0.00231
0.00231
0.00233
0.002325
0.002345
0.002355
0.00235
0.00235
0.00235
0.00235
0.00235
0.00235
0.002365
0.00233
0.002355
0.00233
0.002325
0.002325
0.00234
0.00234
0.00233
0.002325
0.002325
0.002325
0.002325
0.00233
0.002325
0.002315
0.00231
0.00236
0.00233
0.002375
0.00238
0.00239
0.002405
0.002415
0.00238
0.002385
0.002355
0.00241
0.002365
0.0024
0.00235
0.00237
0.002365
0.002365
0.00236
0.00236
0.00235
0.002355
0.002355
0.00236
0.00234
0.00235
0.00235
0.00235
0.0024
0.00236
0.00243
0.002405
0.002435
0.002435
0.00244
0.002345
0.002345
0.002345
0.00235
0.00235
0.00235
0.002345
0.002315
0.002335
0.002375
0.00236
0.002345
0.00231
0.00231
0.002345
0.002345
0.00234
0.002325
0.00233
0.002305
0.002325
0.002305
0.00233
0.0023
0.0023
0.00228
0.002275
0.002265
0.00228
0.00228
0.00227
0.002315
0.002285
0.002255
0.002255
0.002295
0.002255
0.00224
0.00224
0.00224
0.002225
0.002225
0.0022
0.00224
0.002205
0.002155
0.00215
0.00215
0.002155
0.002125
0.00211
0.0021
0.0021
0.00208
0.002115
0.00208
0.002075
0.00209
0.00205
0.00204
0.00201
0.001965
0.002
0.002
0.00199
0.00197
0.001985
0.00199
0.001995
0.002
0.002
0.00199
0.002
0.002125
0.00217
0.002165
0.00216
0.00217
0.00217
0.00213
0.00213
0.00214
0.002115
0.00214
0.00214
0.002105
0.0021
0.0021
0.002095
0.002085
0.002085
0.00215
0.00212
0.00211
0.00211
0.0021
0.002125
0.0021
0.0021
0.00215
0.00215
0.002125
0.002135
0.002125
0.002125
0.002125
0.002125
0.002125
0.002115
0.002065
0.00203
0.002
0.00206
0.002045
0.002
0.002035
0.002005
0.00203
0.00203
0.00203
0.00204
0.002035
0.00205
0.00206
0.002065
0.002045
0.00204
0.002015
0.002045
0.00205
0.002085
0.002105
0.00208
0.00213
0.00213
0.00236
0.0022
0.00225
0.00225
0.0023
0.00227
0.00227
0.002315
0.00232
0.0023
0.002345
0.00234
0.00228
0.002325
0.002255
0.002295
0.002315
0.002335
0.002355
0.00237
0.00236
0.002355
0.00239
0.002315
0.0023
0.00235
0.002295
0.002295
0.0022
0.00227
0.002225
0.00224
0.00229
0.0023
0.0023
0.00241
0.00231
0.00231
0.002345
0.00237
0.002385
0.00239
0.0024
0.002385
0.0024
0.0024
0.0024
0.002395
0.00239
0.00239
0.00239
0.002385
0.002395
0.00243
0.002375
0.00237
0.0024
0.00244
0.0024
0.00242
0.002395
0.00246
0.00238
0.00238
0.002375
0.002385
0.00239
0.00239
0.0024
0.00234
0.00238
0.002385
0.00236
0.002345
0.00236
0.002355
0.00234
0.00234
0.00233
0.00235
0.00233
0.00236
0.002365
0.002385
0.00235
0.002365
0.00236
0.00236
0.0024
0.002395
0.00252
0.002475
0.0025
0.0025
0.002505
0.0025
0.0025
0.0025
0.0025
0.0025
0.0025
0.00248
0.00245
0.00241
0.002435
0.00246
0.00246
0.002485
0.0025
0.00282
0.0029
0.00275
0.00275
0.00266
0.002675
0.002605
0.0026
0.0026
0.00255
0.00259
0.002555
0.002535
0.002555
0.002555
0.0025
0.00252
0.002515
0.002515
0.002525
0.002525
0.002525
0.00256
0.00251
0.00257
0.002505
0.002545
0.002545
0.00251
0.00257
0.002595
0.00255
0.002535
0.00251
0.00254
0.00251
0.00251
0.00251
0.002495
0.00251
0.002515
0.00255
0.00254
0.00255
0.002565
0.002545
0.00258
0.00259
0.002575
0.002575
0.002625
0.0026
0.002615
0.00256
0.0026
0.0026
0.0026
0.002615
0.00255
0.00258
0.002505
0.00255
0.00256
0.00255
0.0026
0.00261
0.002555
0.00255
0.00255
0.00255
0.00255
0.00257
0.00255
0.00255
0.00254
0.00254
0.00253
0.00256
0.002535
0.002525
0.002575
0.002575
0.00264
0.00258
0.002585
0.002635
0.00264
0.002635
0.002645
0.00261
0.00264
0.00264
0.00264
0.00264
0.00264
0.002645
0.002645
0.002665
0.002735
0.002665
0.002665
0.002665
0.00265
0.00269
0.00269
0.002695
0.002795
0.0028
0.0028
0.002795
0.00277
0.002785
0.0027
0.00278
0.002845
0.00276
0.002835
0.002835
0.0028
0.002835
0.002855
0.00292
0.002985
0.00297
0.00285
0.00293
0.002885
0.002865
0.0028
0.002895
0.002895
0.00295
0.0029
0.00295
0.00294
0.00294
0.00294
0.002935
0.00284
0.00284
0.002845
0.002805
0.00284
0.0028
0.002805
0.00285
0.00289
0.00283
0.002795
0.00277
0.00275
0.002715
0.002715
0.002775
0.0027
0.00275
0.0027
0.00285
0.00289
0.002875
0.00292
0.00293
0.002825
0.002885
0.002865
0.002855
0.00283
0.002925
0.00294
0.00294
0.00288
0.00294
0.00292
0.0029
0.002875
0.002925
0.00298
0.002895
0.002895
0.0029
0.00288
0.00286
0.003065
0.003105
0.00325
0.003255
0.003275
0.00328
0.003255
0.00331
0.0033
0.003295
0.003415
0.003415
0.00342
0.00345
0.0034
0.00365
0.003525
0.003655
0.0037
0.00355
0.0036
0.00351
0.003585
0.00358
0.003435
0.00347
0.00369
0.003685
0.003655
0.0037
0.003665
0.00366
0.00366
0.003745
0.00386
0.0037
0.00373
0.00373
0.003705
0.0036
0.003495
0.003495
0.00351
0.0036
0.003565
0.0035
0.00348
0.003495
0.003365
0.00337
0.003325
0.00331
0.00325
0.00334
0.0034
0.00344
0.00359
0.003585
0.00359
0.00359
0.003465
0.003505
0.0035
0.00348
0.003585
0.0036
0.00361
0.003575
0.00361
0.00357
0.0035
0.00352
0.003575
0.003695
0.00366
0.00362
0.00359
0.003585
0.0036
0.00365
0.003695
0.00373
0.003715
0.003695
0.0036
0.00355
0.003585
0.003555
0.0036
0.0034
0.0034
0.0034
0.0034
0.0034
0.0034
0.0034
0.0034
0.0035
0.003435
0.00353
0.003535
0.003445
0.003445
0.00353
0.00348
0.003455
0.003455
0.003495
0.00346
0.003455
0.00352
0.00353
0.00354
0.00349
0.00353
0.00354
0.003545
0.0035
0.0035
0.00362
0.0035
0.003495
0.0035
0.00354
0.0035
0.00354
0.00355
0.00353
0.00348
0.00348
0.00355
0.00355
0.00354
0.00357
0.003565
0.00354
0.003545
0.003545
0.00354
0.003535
0.00354
0.00354
0.00349
0.003475
0.003465
0.0034
0.003435
0.003415
0.003395
0.003465
0.00331
0.0035
0.0035
0.003455
0.00345
0.0034
0.003405
0.00334
0.003395
0.003405
0.00345
0.003405
0.00341
0.003445
0.003405
0.00341
0.00346
0.0035
0.00347
0.003465
0.00338
0.00343
0.00342
0.00342
0.00344
0.003445
0.003415
0.00346
0.003395
0.003385
0.003375
0.00335
0.00339
0.003395
0.00335
0.003405
0.003405
0.003355
0.00338
0.003405
0.0034
0.0034
0.00343
0.003445
0.00345
0.00345
0.0034
0.00343
0.003445
0.003445
0.0034
0.003445
0.00345
0.003445
0.0034
0.00344
0.0034
0.00343
0.00342
0.00341
0.00341
0.00337
0.003395
0.003395
0.003355
0.00339
0.00338
0.00338
0.00341
0.0034
0.00345
0.0035
0.003495
0.00342
0.003405
0.0034
0.003425
0.0034
0.0034
0.003365
0.003385
0.003395
0.003375
0.00335
0.00335
0.003395
0.00335
0.00339
0.00339
0.00339
0.0034
0.00344
0.003445
0.00347
0.00347
0.00345
0.00345
0.0034
0.0034
0.003385
0.003445
0.00344
0.00344
0.003435
0.003425
0.00341
0.003405
0.003495
0.003435
0.003355
0.00334
0.003355
0.003355
0.003355
0.003325
0.00336
0.003385
0.00339
0.00339
0.00335
0.00336
0.003385
0.00331
0.00332
0.0033
0.0033
0.0033
0.00331
0.0033
0.0033
0.00325
0.00325
0.0031
0.003165
0.00317
0.003055
0.003135
0.00309
0.0031
0.003245
0.00325
0.00329
0.003345
0.003205
0.003205
0.003255
0.003135
0.0032
0.0032
0.00325
0.003345
0.003305
0.003315
0.0033
0.00325
0.003255
0.003295
0.0033
0.00325
0.003255
0.00325
0.00325
0.00325
0.0032
0.0032
0.0031
0.00306
0.00305
0.00307
0.00305
0.00305
0.00311
0.003065
0.003065
0.003
0.003015
0.00306
0.00313
0.00315
0.00315
0.00316
0.003225
0.00322
0.003165
0.003235
0.0032
0.003235
0.003095
0.003045
0.00306
0.003085
0.00305
0.003095
0.003065
0.003135
0.00308
0.00311
0.00311
0.003105
0.003115
0.003135
0.00308
0.00311
0.003105
0.00312
0.00304
0.00299
0.00299
0.003
0.00297
0.003005
0.00305
0.003005
0.00295
0.00294
0.00294
0.002915
0.00292
0.00295
0.002965
0.003
0.003
0.00301
0.003
0.00301
0.003165
0.003255
0.0033
0.0033
0.003285
0.003285
0.00325
0.003295
0.0039
0.003905
0.00371
0.00365
0.0036
0.003605
0.0036
0.003605
0.00374
0.00365
0.00365
0.0036
0.0036
0.0035
0.003495
0.00347
0.00345
0.003395
0.003385
0.003385
0.00335
0.00349
0.003385
0.003255
0.00325
0.003255
0.003255
0.003355
0.00333
0.0033
0.00329
0.003285
0.00343
0.003385
0.00331
0.00329
0.003315
0.00332
0.003375
0.003305
0.00335
0.003255
0.003255
0.00325
0.00323
0.00311
0.00314
0.00307
0.00309
0.003035
0.00312
0.003115
0.003125
0.003135
0.003185
0.003175
0.00318
0.003175
0.00313
0.00308
0.0031
0.003
0.003
0.00296
0.00302
0.00295
0.003
0.00301
0.003015
0.00302
0.003115
0.00335
0.0032
0.0033
0.003235
0.00328
0.0033
0.00329
0.00339
0.0033
0.00325
0.0032
0.00314
0.0031
0.00303
0.00301
0.0031
0.00305
0.003115
0.00309
0.003055
0.0031
0.00308
0.00326
0.003105
0.003105
0.00311
0.003125
0.003195
0.00305
0.003125
0.003055
0.0031
0.003095
0.00305
0.003045
0.00306
0.0031
0.00305
0.00305
0.00305
0.00305
0.00305
0.00308
0.00305
0.0031
0.00305
0.00309
0.00305
0.00306
0.0031
0.00309
0.00306
0.00304
0.00308
0.00305
0.00308
0.00309
0.003
0.00301
0.00302
0.00309
0.003
0.00304
0.00303
0.00301
0.00305
0.00305
0.00305
0.00308
0.00305
0.00306
0.00305
0.00305
0.00305
0.00307
0.003
0.003
0.00302
0.00305
0.00305
0.00305
0.003
0.003
0.00303
0.00304
0.00306
0.00306
0.00303
0.00307
0.00308
0.00305
0.00305
0.00302
0.00304
0.00305
0.00306
0.00305
0.00306
0.00305
0.00308
0.00313
0.00312
0.00312
0.00308
0.00314
0.00312
0.00314
0.0031
0.0031
0.00308
0.0031
0.00309
0.00307
0.003
0.00305
0.00304
0.00303
0.00302
0.00305
0.00306
0.00307
0.00305
0.00307
0.003
0.00303
0.00301
0.00301
0.00304
0.00301
0.00301
0.00301
0.00301
0.00303
0.003
0.003
0.003
0.00299
0.003
0.00303
0.00301
0.003
0.00295
0.003
0.00299
0.00297
0.00295
0.00298
0.00298
0.00298
0.003
0.00301
0.003
0.00297
0.00297
0.0029
0.00304
0.00297
0.00296
0.0029
0.00289
0.00285
0.00286
0.00284
0.00286
0.00292
0.00297
0.00291
0.0029
0.0029
0.00292
0.00287
0.00289
0.00285
0.00291
0.00293
0.00286
0.00289
0.00289
0.00286
0.00284
0.00285
0.00282
0.00283
0.0029
0.0029
0.00292
0.00293
0.003
0.00307
0.00305
0.00303
0.00315
0.0031
0.00308
0.00306
0.00306
0.003
0.00299
0.00295
0.00295
0.00299
0.00296
0.00296
0.003
0.003
0.00299
0.00294
0.00299
0.00301
0.00297
0.00297
0.00297
0.003
0.00297
0.003
0.003
0.00303
0.00314
0.0031
0.00305
0.00307
0.00308
0.0031
0.00306
0.0031
0.00318
0.00312
0.00318
0.00318
0.00315
0.0032
0.00325
0.00325
0.00324
0.00325
0.00325
0.00335
0.0033
0.00333
0.00333
0.00343
0.00346
0.00346
0.00345
0.00345
0.00326
0.00325
0.00325
0.00322
0.00321
0.00325
0.0032
0.00324
0.00323
0.00325
0.0032
0.00325
0.00325
0.00321
0.00325
0.00322
0.00325
0.00325
0.00327
0.0035
0.00348
0.0035
0.00348
0.0033
0.00335
0.0033
0.00336
0.00361
0.0036
0.00361
0.00358
0.0037
0.00374
0.00368
0.00363
0.00361
0.00364
0.00368
0.00377
0.00373
0.00373
0.00374
0.00367
0.00377
0.00371
0.0037
0.00379
0.00379
0.00373
0.00371
0.00373
0.00371
0.00378
0.00377
0.00371
0.00379
0.00375
0.00373
0.00371
0.00367
0.00373
0.00372
0.00384
0.00385
0.00382
0.00382
0.00382
0.00382
0.00382
0.00392
0.00392
0.00385
0.00384
0.0039
0.00386
0.00386
0.0039
0.00387
0.00382
0.00382
0.00382
0.00382
0.00391
0.00383
0.00379
0.00365
0.0037
0.00373
0.00368
0.0037
0.00375
0.00375
0.00375
0.00367
0.00374
0.00376
0.00375
0.00375
0.00372
0.00383
0.00384
0.00377
0.00387
0.00381
0.00382
0.00382
0.00378
0.00381
0.00375
0.0038
0.00382
0.00375
0.00358
0.00354
0.00359
0.00364
0.00359
0.00358
0.00368
0.0036
0.00354
0.00357
0.00356
0.00355
0.00356
0.00374
0.00363
0.0036
0.0036
0.00365
0.00369
0.00375
0.00378
0.00394
0.00375
0.00375
0.00365
0.00369
0.00371
0.00367
0.0037
0.00374
0.00382
0.00382
0.0039
0.00381
0.00381
0.00381
0.00376
0.00388
0.00379
0.00381
0.00364
0.00374
0.00372
0.00372
0.00368
0.00359
0.00359
0.00359
0.00355
0.0036
0.00364
0.00364
0.00365
0.00364
0.00366
0.00368
0.00365
0.00367
0.0038
0.00393
0.004
0.0041
0.00407
0.00407
0.00411
0.00403
0.00403
0.00403
0.00402
0.004
0.00398
0.004
0.00399
0.00405
0.00405
0.004
0.00402
0.00402
0.00402
0.00402
0.00402
0.00403
0.00402
0.00404
0.00402
0.0041
0.00405
0.00403
0.00408
0.00408
0.00408
0.00416
0.00416
0.00398
0.004
0.004
0.00408
0.00415
0.00415
0.00415
0.00419
0.00419
0.00425
0.00414
0.00432
0.00422
0.00419
0.00428
0.00425
0.00429
0.00431
0.00424
0.00432
0.0043
0.00444
0.0045
0.00446
0.00454
0.0045
0.00449
0.00444
0.00447
0.0044
0.00444
0.00433
0.00438
0.00447
0.00439
0.00439
0.00445
0.00439
0.00448
0.00439
0.00443
0.00444
0.00438
0.0044
0.00438
0.00432
0.00435
0.0044
0.00446
0.0044
0.00447
0.00447
0.00432
0.00444
0.00448
0.00447
0.00447
0.00456
0.00447
0.00439
0.00439
0.00452
0.00433
0.0044
0.0044
0.00439
0.00436
0.00438
0.00438
0.00438
0.00435
0.0043
0.0043
0.00428
0.00426
0.00429
0.00424
0.00423
0.00428
0.0044
0.00438
0.00438
0.00435
0.00436
0.00436
0.0043
0.00457
0.00443
0.00444
0.00434
0.00444
0.00452
0.00452
0.0045
0.0045
0.0044
0.00439
0.00449
0.00439
0.00434
0.00433
0.00425
0.00429
0.00439
0.00425
0.00426
0.00425
0.00425
0.00423
0.00425
0.00423
0.00425
0.00425
0.00434
0.00425
0.00421
0.0042
0.0043
0.00421
0.00421
0.0042
0.0042
0.00431
0.0042
0.00425
0.00427
0.00426
0.00425
0.00424
0.00429
0.00435
0.0043
0.0043
0.0043
0.00429
0.0042
0.00425
0.00427
0.00437
0.00439
0.00439
0.00441
0.00438
0.00431
0.0042
0.00437
0.00433
0.00426
0.00425
0.00429
0.00434
0.00432
0.00427
0.0044
0.0042
0.00423
0.00426
0.00426
0.00426
0.00422
0.00422
0.00425
0.0043
0.0043
0.00436
0.0047
0.00515
0.00512
0.00515
0.00496
0.005
0.005
0.00488
0.0048
0.00486
0.00485
0.00486
0.0049
0.005
0.00491
0.00486
0.00486
0.00477
0.00455
0.00469
0.00464
0.00467
0.00465
0.0047
0.0047
0.00471
0.0047
0.0046
0.00461
0.0046
0.0046
0.0046
0.00461
0.00469
0.0046
0.0046
0.0046
0.00464
0.0046
0.0046
0.00461
0.00461
0.00434
0.00461
0.0047
0.0046
0.00464
0.00461
0.00461
0.00477
0.00472
0.00487
0.00466
0.00486
0.00463
0.00462
0.00467
0.00466
0.0048
0.0048
0.0049
0.0049
0.0049
0.005
0.00503
0.005
0.00501
0.005
0.005
0.005
0.005
0.00502
0.005
0.005
0.00538
0.0053
0.0052
0.00546
0.00544
0.00538
0.00539
0.00544
0.00524
0.00541
0.00521
0.00531
0.0053
0.00522
0.0052
0.00543
0.0052
0.00521
0.00521
0.00521
0.00519
0.0051
0.00529
0.00535
0.0053
0.00521
0.0052
0.0052
0.0052
0.0052
0.0052
0.0052
0.0052
0.0052
0.0052
0.0052
0.0052
0.0052
0.0052
0.0052
0.00524
0.0052
0.0052
0.0052
0.0052
0.00529
0.00531
0.00533
0.00521
0.00521
0.0052
0.0052
0.00524
0.00529
0.0053
0.00521
0.0054
0.00544
0.00521
0.0052
0.0052
0.0052
0.0052
0.0052
0.00524
0.00524
0.0052
0.0052
0.0052
0.00527
0.0052
0.0052
0.0052
0.00524
0.0052
0.0052
0.00524
0.00537
0.0052
0.0052
0.00537
0.0052
0.0052
0.00538
0.00521
0.00536
0.0052
0.0052
0.0052
0.0052
0.0052
0.00523
0.0052
0.0052
0.0052
0.0052
0.0052
0.0052
0.0052
0.0052
0.0052
0.0052
0.0052
0.0052
0.0052
0.0052
0.0052
0.00521
0.00521
0.00521
0.00521
0.0052
0.0052
0.0052
0.0052
0.00521
0.0052
0.00522
0.0052
0.00521
0.0052
0.0052
0.0052
0.0052
0.0052
0.00525
0.00523
0.00526
0.00547
0.0055
0.0055
0.0055
0.00553
0.00564
0.00551
0.0057
0.00574
0.00574
0.00561
0.00561
0.00573
0.00575
0.00575
0.00575
0.00575
0.00575
0.00575
0.00575
0.00579
0.00576
0.0058
0.0058
0.00575
0.0058
0.00575
0.00575
0.00575
0.0058
0.00575
0.0059
0.00589
0.00575
0.00585
0.00575
0.00574
0.00575
0.00575
0.00575
0.00575
0.00577
0.0059
0.00578
0.00577
0.00577
0.00578
0.00577
0.00577
0.00577
0.00586
0.00577
0.00577
0.00578
0.00577
0.00577
0.00575
0.00575
0.00588
0.00578
0.00575
0.00574
0.00584
0.00589
0.00576
0.00576
0.0061
0.00649
0.00637
0.0063
0.00617
0.00614
0.006
0.00593
0.00574
0.00597
0.00573
0.00564
0.00564
0.00595
0.00598
0.0056
0.00565
0.0057
0.00572
0.00573
0.00567
0.00565
0.00553
0.0055
0.00559
0.0055
0.00555
0.00521
0.0055
0.00546
0.00571
0.00546
0.00537
0.00534
0.0053
0.00535
0.00535
0.00536
0.00543
0.00545
0.0054
0.00531
0.0054
0.00569
0.00541
0.00561
0.00563
0.00556
0.00581
0.0056
0.00549
0.00565
0.0055
0.00545
0.00554
0.00544
0.00555
0.00541
0.0055
0.0055
0.0053
0.00538
0.00539
0.00531
0.00528
0.0055
0.00533
0.00527
0.00532
0.00527
0.00533
0.00525
0.0053
0.00531
0.00531
0.00531
0.00531
0.00524
0.00527
0.00526
0.0054
0.00527
0.00521
0.00521
0.00522
0.00524
0.00526
0.00527
0.00525
0.0054
0.00526
0.00527
0.00526
0.00548
0.00529
0.00526
0.00538
0.00531
0.00528
0.0052
0.00528
0.00522
0.00524
0.00526
0.00525
0.00525
0.00525
0.00524
0.00525
0.00526
0.00521
0.00521
0.00521
0.00522
0.00521
0.0052
0.0052
0.0052
0.0052
0.0052
0.0052
0.0052
0.0052
0.0052
0.0052
0.0052
0.0052
0.00523
0.0052
0.00525
0.00524
0.00523
0.00535
0.00535
0.00528
0.00537
0.00521
0.00521
0.00525
0.00522
0.0052
0.0052
0.00521
0.00521
0.00525
0.00521
0.00521
0.00521
0.00521
0.0052
0.00525
0.00521
0.00527
0.00525
0.00525
0.00536
0.00549
0.00548
0.00546
0.00533
0.00542
0.0053
0.0054
0.00541
0.00547
0.00545
0.00526
0.0052
0.0052
0.0052
0.0052
0.0052
0.00488
0.0053
0.0052
0.0052
0.00522
0.0052
0.00523
0.00522
0.00521
0.0052
0.0052
0.0052
0.00526
0.00528
0.00522
0.0052
0.0052
0.00523
0.0052
0.00521
0.00523
0.00523
0.00521
0.00523
0.00523
0.00523
0.00521
0.00523
0.0054
0.00582
0.0058
0.00579
0.00582
0.00575
0.00571
0.00565
0.00574
0.00575
0.00586
0.0057
0.0057
0.00579
0.00574
0.00585
0.0057
0.00582
0.0057
0.00565
0.00575
0.00575
0.00561
0.0056
0.0057
0.0057
0.0057
0.00562
0.00573
0.00572
0.00569
0.0057
0.0057
0.0057
0.00571
0.0057
0.00579
0.006
0.00582
0.00579
0.0059
0.00588
0.00588
0.00585
0.00583
0.00571
0.00549
0.00553
0.0055
0.00536
0.0057
0.00568
0.00574
0.0057
0.00574
0.00568
0.0056
0.00575
0.00571
0.00575
0.0057
0.00567
0.00569
0.00568
0.00568
0.00541
0.0054
0.00564
0.0054
0.00545
0.00549
0.00549
0.00558
0.00558
0.0055
0.00564
0.00541
0.0054
0.0054
0.00535
0.00535
0.00544
0.00542
0.00555
0.00543
0.00549
0.00547
0.00528
0.00528
0.00528
0.00529
0.00526
0.00525
0.00523
0.00521
0.00528
0.00523
0.0053
0.00532
0.00526
0.00525
0.00524
0.00533
0.00523
0.00534
0.00535
0.00539
0.00548
0.00553
0.00555
0.00533
0.00538
0.00527
0.00525
0.00527
0.00528
0.00521
0.0052
0.0052
0.0052
0.0052
0.00521
0.00523
0.0052
0.0052
0.00521
0.0052
0.0052
0.00521
0.0052
0.00522
0.0052
0.0052
0.0052
0.0052
0.0052
0.0052
0.0052
0.0052
0.0052
0.0052
0.0052
0.0052
0.0052
0.0052
0.0052
0.0052
0.0052
0.0052
0.0052
0.0052
0.0052
0.00525
0.00527
0.00528
0.00528
0.00526
0.00526
0.00525
0.00525
0.00525
0.00525
0.00525
0.0053
0.00535
0.00533
0.00525
0.00525
0.00521
0.00529
0.00529
0.00529
0.00529
0.00521
0.00522
0.00522
0.00521
0.00529
0.00532
0.00525
0.0052
0.0052
0.00523
0.00522
0.0052
0.0052
0.00523
0.0052
0.00523
0.00523
0.00525
0.00523
0.00525
0.00521
0.0052
0.0052
0.0052
0.0052
0.00523
0.00525
0.00523
0.00521
0.00523
0.0052
0.0052
0.0052
0.0052
0.0052
0.0052
0.0052
0.00512
0.0052
0.0052
0.0052
0.0052
0.0052
0.0052
0.00524
0.0052
0.0052
0.0052
0.0052
0.00532
0.00524
0.00524
0.00536
0.0052
0.00522
0.00522
0.00528
0.00518
0.0052
0.0052
0.0052
0.0052
0.0052
0.0052
0.0052
0.00524
0.00524
0.00536
0.00546
0.00566
0.00546
0.00554
0.0056
0.00558
0.0056
0.00546
0.00546
0.00546
0.00546
0.00546
0.00546
0.00542
0.00536
0.00552
0.0057
0.00552
0.0056
0.0057
0.0059
0.00558
0.00554
0.0056
0.00552
0.00562
0.00558
0.00554
0.00554
0.00556
0.00556
0.00554
0.00556
0.00554
0.0055
0.00548
0.0055
0.0055
0.0055
0.0058
0.00584
0.00592
0.00598
0.0061
0.00602
0.00604
0.00608
0.0061
0.0061
0.0062
0.00616
0.00612
0.0062
0.00626
0.00626
0.0063
0.00616
0.00616
0.00616
0.0063
0.00634
0.00634
0.00634
0.00632
0.00618
0.00616
0.00618
0.0063
0.00618
0.00614
0.0063
0.00618
0.00614
0.00638
0.0064
0.0064
0.00624
0.00624
0.00624
0.00648
0.00648
0.00644
0.0063
0.0064
0.0065
0.00666
0.00626
0.00614
0.00616
0.00624
0.0062
0.00622
0.0063
0.00618
0.00632
0.00616
0.00614
0.00618
0.00618
0.00632
0.00634
0.00616
0.00614
0.00614
0.00616
0.00616
0.00618
0.00616
0.00626
0.00626
0.00588
0.00584
0.00588
0.00578
0.0058
0.00582
0.00576
0.00574
0.00582
0.00576
0.00578
0.00562
0.00584
0.0057
0.00568
0.0057
0.00566
0.00578
0.00566
0.00552
0.00558
0.00556
0.00562
0.0056
0.00556
0.00552
0.00582
0.00558
0.0056
0.0056
0.00548
0.0055
0.00558
0.0056
0.0056
0.00568
0.00558
0.00562
0.0055
0.00564
0.00542
0.0055
0.0055
0.00552
0.00554
0.00554
0.0055
0.0055
0.0055
0.0055
0.0055
0.00552
0.0055
0.0055
0.00548
0.00548
0.00544
0.00542
0.00542
0.0054
0.00556
0.00542
0.0054
0.00552
0.0054
0.0054
0.0054
0.00548
0.0054
0.0054
0.0054
0.00548
0.00548
0.00548
0.0055
0.00544
0.0055
0.00548
0.00552
0.0055
0.00566
0.00552
0.00564
0.0057
0.00556
0.00556
0.00552
0.0056
0.00568
0.00552
0.00542
0.00554
0.00536
0.0054
0.00534
0.00536
0.00534
0.00542
0.0054
0.00532
0.0054
0.00534
0.0053
0.0053
0.0053
0.00534
0.00534
0.0053
0.0053
0.00532
0.00536
0.00536
0.00534
0.00538
0.0054
0.0054
0.0054
0.0054
0.00536
0.00538
0.00538
0.00538
0.00532
0.0054
0.00532
0.0053
0.0053
0.00526
0.00522
0.00534
0.0053
0.0053
0.0053
0.00532
0.0053
0.00532
0.00532
0.00534
0.00532
0.00534
0.00532
0.00534
0.00534
0.00534
0.00534
0.00534
0.00536
0.00534
0.00532
0.0053
0.00528
0.00536
0.00532
0.00536
0.00546
0.00536
0.00532
0.00538
0.0053
0.00536
0.0053
0.00548
0.00544
0.00542
0.00536
0.00538
0.00538
0.00536
0.00528
0.0053
0.0053
0.00526
0.00524
0.00524
0.00522
0.00524
0.00522
0.00526
0.0053
0.0052
0.00526
0.0053
0.00534
0.0053
0.0053
0.00528
0.0053
0.0053
0.00526
0.00526
0.00524
0.0052
0.00526
0.0052
0.00514
0.00524
0.00514
0.0051
0.00512
0.00512
0.00512
0.00524
0.00536
0.00524
0.00526
0.00522
0.00512
0.00512
0.00514
0.00514
0.00512
0.00518
0.00512
0.00512
0.0052
0.00508
0.00508
0.005
0.00508
0.005
0.005
0.005
0.005
0.005
0.005
0.00502
0.00504
0.00506
0.005
0.00508
0.00504
0.00504
0.00504
0.00502
0.00506
0.00504
0.00502
0.00516
0.00536
0.00524
0.00528
0.0053
0.00516
0.00526
0.0051
0.00518
0.0051
0.00528
0.00512
0.00528
0.0052
0.0051
0.00512
0.00518
0.00506
0.00504
0.00506
0.005
0.00504
0.005
0.00504
0.00506
0.00496
0.00484
0.00498
0.00488
0.00498
0.005
0.00502
0.005
0.00502
0.00502
0.00506
0.0051
0.00506
0.00506
0.00506
0.00494
0.005
0.005
0.005
0.00492
0.0049
0.00484
0.0048
0.00496
0.0051
0.0051
0.0051
0.0051
0.00506
0.0051
0.0051
0.00512
0.00512
0.00512
0.00524
0.00524
0.00526
0.0051
0.00516
0.005
0.00516
0.00504
0.00508
0.00508
0.00506
0.00506
0.00504
0.005
0.005
0.0051
0.00508
0.005
0.005
0.00508
0.0051
0.00494
0.00494
0.005
0.005
0.005
0.00492
0.00494
0.0049
0.0049
0.0049
0.0049
0.0049
0.00484
0.0049
0.0049
0.00482
0.0049
0.0049
0.0049
0.0049
0.00492
0.00492
0.00498
0.00484
0.00492
0.00492
0.00486
0.00486
0.00492
0.00492
0.0049
0.00482
0.0049
0.00492
0.0048
0.0048
0.0048
0.0048
0.00488
0.0049
0.00486
0.00486
0.00484
0.00486
0.00486
0.00484
0.00492
0.00492
0.00486
0.00486
0.00492
0.0049
0.0048
0.00488
0.0048
0.00478
0.00486
0.00494
0.00486
0.00486
0.00482
0.00482
0.00478
0.00478
0.00476
0.00476
0.00476
0.00494
0.00492
0.00492
0.00492
0.00492
0.0049
0.0049
0.00486
0.0049
0.0048
0.0048
0.00488
0.0048
0.00476
0.00488
0.00478
0.0048
0.00486
0.00478
0.00478
0.00478
0.00478
0.0048
0.00476
0.0048
0.00476
0.00476
0.00476
0.00476
0.00476
0.0048
0.00476
0.00476
0.00476
0.00476
0.00478
0.00476
0.00476
0.00478
0.0048
0.00482
0.0048
0.0048
0.0048
0.00482
0.00482
0.00476
0.00482
0.00482
0.00482
0.00476
0.00476
0.00476
0.00486
0.00486
0.00486
0.00478
0.00476
0.00488
0.00476
0.00476
0.00486
0.00476
0.00476
0.00476
0.00476
0.00478
0.00476
0.00476
0.00478
0.00478
0.00478
0.00476
0.0048
0.00476
0.00476
0.00482
0.00476
0.00486
0.00486
0.00476
0.00484
0.00478
0.00486
0.0048
0.0049
0.0049
0.0048
0.00492
0.0048
0.00476
0.00478
0.00488
0.00486
0.00492
0.00498
0.00488
0.00488
0.00488
0.00484
0.00478
0.00478
0.00476
0.00484
0.00478
0.00486
0.00484
0.00484
0.00478
0.00476
0.00478
0.00482
0.00482
0.00482
0.00482
0.00482
0.00478
0.00476
0.00476
0.00478
0.00478
0.00478
0.00482
0.00482
0.00478
0.00484
0.0048
0.00478
0.00478
0.00486
0.00478
0.00478
0.00484
0.00486
0.00478
0.00478
0.00478
0.0048
0.00478
0.00478
0.00476
0.00488
0.00487
0.0049
0.00477
0.00485
0.00479
0.00479
0.00479
0.00476
0.00476
0.00476
0.00476
0.00476
0.00476
0.00485
0.00477
0.00474
0.00473
0.00473
0.00472
0.00476
0.00472
0.0048
0.00468
0.0047
0.00466
0.00466
0.00466
0.00465
0.00466
0.00476
0.00475
0.00467
0.00465
0.00466
0.00466
0.00465
0.00465
0.00465
0.00465
0.00465
0.0046
0.00464
0.00455
0.00458
0.00457
0.00455
0.0046
0.00464
0.00453
0.0045
0.0046
0.00455
0.00455
0.00452
0.0046
0.00463
0.00463
0.00464
0.00461
0.00455
0.00453
0.00453
0.00452
0.00452
0.00452
0.00451
0.00451
0.00451
0.0045
0.0045
0.00451
0.00451
0.00451
0.00451
0.0046
0.00452
0.00452
0.00451
0.00446
0.00446
0.00449
0.0045
0.00446
0.00443
0.00446
0.00447
0.00447
0.00447
0.00447
0.00444
0.00443
0.00447
0.00445
0.00441
0.00447
0.00441
0.00452
0.00452
0.00443
0.00443
0.00447
0.00446
0.00443
0.00442
0.00446
0.00446
0.00446
0.00446
0.00443
0.00453
0.00443
0.00443
0.00449
0.0045
0.00454
0.00446
0.00455
0.00443
0.00454
0.00443
0.00443
0.00454
0.00453
0.00451
0.00443
0.00454
0.00444
0.00455
0.00447
0.00443
0.0044
0.00447
0.00445
0.0045
0.00441
0.00447
0.00441
0.0045
0.00447
0.00441
0.00447
0.00447
0.00448
0.00449
0.00449
0.00444
0.00442
0.00454
0.0045
0.00443
0.00443
0.00445
0.00444
0.00441
0.00444
0.00441
0.00444
0.00449
0.00442
0.00454
0.00456
0.00455
0.00453
0.00444
0.00442
0.00454
0.0045
0.00444
0.00453
0.00444
0.00452
0.00454
0.00446
0.00452
0.00454
0.00443
0.00445
0.00446
0.00444
0.00445
0.00444
0.00454
0.00455
0.00449
0.00455
0.0045
0.00456
0.00447
0.00456
0.0045
0.00456
0.00459
0.00451
0.00459
0.00459
0.00447
0.00459
0.00459
0.00453
0.00449
0.00446
0.00444
0.00448
0.0045
0.0045
0.00451
0.0045
0.00452
0.00445
0.00441
0.00448
0.00442
0.00442
0.00442
0.00446
0.00442
0.00441
0.00439
0.0044
0.00438
0.0044
0.00435
0.00432
0.00438
0.00432
0.00438
0.00432
0.00431
0.00435
0.00435
0.00438
0.00431
0.00436
0.00432
0.00432
0.0043
0.00434
0.00433
0.00431
0.00432
0.0043
0.0043
0.00432
0.00431
0.00432
0.00433
0.0043
0.0043
0.00432
0.00437
0.00431
0.00437
0.00438
0.00431
0.00432
0.00432
0.00431
0.00431
0.00436
0.00438
0.00432
0.00435
0.00439
0.00431
0.00438
0.00439
0.00439
0.00442
0.00448
0.00449
0.00443
0.00444
0.00444
0.00443
0.00431
0.00431
0.00441
0.0044
0.00442
0.00444
0.00441
0.00442
0.00442
0.00445
0.00444
0.00445
0.00432
0.00434
0.00444
0.00444
0.00434
0.00445
0.0044
0.00433
0.00443
0.00443
0.0044
0.00445
0.00433
0.00432
0.00442
0.00431
0.00433
0.00432
0.0044
0.00432
0.0044
0.00437
0.00432
0.00442
0.00432
0.00431
0.00431
0.00431
0.0043
0.0043
0.00438
0.0043
0.00439
0.00433
0.00431
0.0043
0.00431
0.00431
0.00431
0.00431
0.00439
0.00437
0.00433
0.00429
0.00437
0.0044
0.00438
0.0043
0.00437
0.00438
0.00437
0.00431
0.0043
0.00438
0.00429
0.0044
0.0043
0.00428
0.00435
0.00428
0.00428
0.00429
0.00433
0.00427
0.00426
0.00426
0.00434
0.00426
0.00429
0.00429
0.00424
0.00423
0.00429
0.0042
0.0043
0.0043
0.00421
0.00429
0.00426
0.00429
0.00425
0.00433
0.00432
0.00433
0.00433
0.00425
0.00423
0.00425
0.00423
0.00422
0.00427
0.00426
0.00429
0.00429
0.00429
0.0043
0.00429
0.00431
0.00432
0.00432
0.00429
0.00428
0.00424
0.00428
0.00424
0.00428
0.00424
0.00426
0.00425
0.00425
0.00421
0.00424
0.00424
0.00425
0.00425
0.00425
0.00418
0.00419
0.00417
0.00421
0.00418
0.00424
0.00424
0.00429
0.00426
0.00425
0.00421
0.00419
0.00424
0.00421
0.00423
0.00425
0.00418
0.00418
0.00421
0.0042
0.00421
0.00418
0.0042
0.00417
0.00422
0.00418
0.00418
0.00417
0.00418
0.0042
0.00421
0.00415
0.0042
0.0042
0.00415
0.00415
0.00415
0.00418
0.00419
0.00419
0.00416
0.00419
0.00418
0.00416
0.00415
0.00417
0.00418
0.0042
0.00425
0.00421
0.0042
0.00418
0.00418
0.00415
0.00417
0.00414
0.00414
0.00413
0.00413
0.00417
0.00415
0.00415
0.00419
0.00414
0.00414
0.00418
0.00414
0.00411
0.00413
0.00413
0.00412
0.00412
0.00412
0.00411
0.00412
0.0041
0.00408
0.00407
0.00395
0.00391
0.00396
0.00391
0.00394
0.00396
0.00393
0.00404
0.00401
0.00405
0.00407
0.00407
0.00401
0.004
0.00404
0.00404
0.00407
0.00409
0.00416
0.0041
0.0041
0.0041
0.0041
0.00411
0.00421
0.00419
0.0042
0.00416
0.00419
0.00414
0.00414
0.00415
0.00414
0.00414
0.00409
0.00415
0.00418
0.00416
0.00421
0.00427
0.00423
0.00422
0.00422
0.00423
0.00424
0.00423
0.00427
0.0043
0.00429
0.00429
0.00428
0.00433
0.00435
0.00431
0.00431
0.0051
0.0055
0.00478
0.00484
0.00508
0.00495
0.0047
0.00461
0.00464
0.005
0.00467
0.00467
0.00467
0.00466
0.00456
0.0046
0.00455
0.00455
0.0045
0.00443
0.00446
0.00446
0.00448
0.00444
0.00449
0.00449
0.00444
0.00444
0.00438
0.00438
0.00449
0.00451
0.0045
0.00445
0.00445
0.00448
0.00452
0.00452
0.00448
0.00448
0.00447
0.00438
0.00435
0.00439
0.0043
0.0043
0.0043
0.0043
0.0043
0.00426
0.00427
0.0042
0.00426
0.00422
0.00425
0.00424
0.0042
0.00424
0.0042
0.0042
0.00424
0.00425
0.0042
0.00425
0.00425
0.00422
0.00427
0.00425
0.00419
0.00424
0.0042
0.00425
0.0042
0.00419
0.00419
0.00418
0.00418
0.0041
0.00416
0.00408
0.00414
0.0041
0.0041
0.00405
0.00407
0.00406
0.00409
0.00409
0.0041
0.0041
0.00416
0.00406
0.00409
0.00415
0.00416
0.00417
0.00419
0.00419
0.00419
0.00412
0.0042
0.00415
0.00419
0.00413
0.00421
0.00419
0.00417
0.00412
0.00413
0.00413
0.00406
0.00404
0.00404
0.00403
0.00405
0.00406
0.0041
0.0041
0.00416
0.00414
0.0041
0.0041
0.0041
0.00406
0.00409
0.00409
0.00414
0.0041
0.0041
0.00407
0.0041
0.00411
0.00411
0.00413
0.00414
0.00414
0.0041
0.00408
0.0041
0.0041
0.0041
0.00408
0.0041
0.0041
0.0041
0.00415
0.00415
0.00415
0.00414
0.00415
0.00418
0.00421
0.00425
0.00425
0.00425
0.00421
0.00424
0.00425
0.00418
0.00426
0.00423
0.00429
0.00443
0.00436
0.00431
0.0044
0.00442
0.00439
0.0044
0.0044
0.00436
0.00446
0.0045
0.00443
0.0045
0.0046
0.00465
0.00456
0.00448
0.0048
0.00525
0.00536
0.0055
0.00541
0.00545
0.00507
0.00511
0.00498
0.00489
0.0068
0.00567
0.00571
0.00571
0.00565
0.005
0.0048
0.00461
0.00443
0.00452
0.00435
0.00438
0.00435
0.00433
0.00433
0.00433
0.00435
0.00434
0.00434
0.00436
0.00433
0.00441
0.00458
0.0045
0.00447
0.00445
0.00445
0.00443
0.00447
0.0045
0.00452
0.00452
0.00449
0.00447
0.00444
0.00446
0.00443
0.00444
0.00445
0.00443
0.00453
0.00449
0.00448
0.00449
0.00456
0.0045
0.00447
0.00451
0.00443
0.0044
0.00438
0.00442
0.00434
0.00438
0.00434
0.00429
0.00435
0.00435
0.00429
0.00411
0.00418
0.00414
0.00417
0.00415
0.00417
0.00421
0.00422
0.00425
0.00419
0.00417
0.00413
0.00417
0.00414
0.00409
0.00402
0.00401
0.00397
0.00392
0.00385
0.00347
0.0036
0.00351
0.00355
0.0036
0.00366
0.0036
0.00368
0.00356
0.00371
0.00384
0.00382
0.00383
0.0038
0.00363
0.00363
0.00367
0.00377
0.0038
0.00383
0.004
0.004
0.00405
0.00408
0.00417
0.00406
0.00404
0.004
0.00401
0.00399
0.00399
0.00401
0.00405
0.00402
0.00401
0.00403
0.00397
0.004
0.00401
0.00405
0.00404
0.004
0.00398
0.004
0.00399
0.00398
0.00372
0.0037
0.00372
0.00372
0.00352
0.00353
0.0035
0.00351
0.00358
0.00358
0.00358
0.00359
0.00356
0.00331
0.00334
0.00334
0.00333
0.00359
0.00375
0.0036
0.00365
0.00357
0.0035
0.00361
0.00358
0.0036
0.0036
0.0036
0.00357
0.00348
0.00342
0.0035
0.00331
0.00328
0.00321
0.00302
0.00276
0.00288
0.00286
0.00275
0.00287
0.00278
0.00283
0.00281
0.00285
0.00283
0.00277
0.0029
0.00278
0.00278
0.00276
0.00277
0.00262
0.00265
0.00272
0.0027
0.00291
0.00285
0.00273
0.00277
0.00278
0.00271
0.00279
0.0028
0.00276
0.00273
0.00276
0.00272
0.00272
0.00274
0.00282
0.00273
0.00275
0.00271
0.00271
0.00274
0.00271
0.00266
0.00273
0.00267
0.0027
0.00273
0.00273
0.00261
0.0025
0.00255
0.0025
0.00252
0.00257
0.00259
0.00267
0.00262
0.00265
0.00262
0.00264
0.00258
0.0026
0.00261
0.00263
0.00255
0.00247
0.00252
0.00254
0.00255
0.00255
0.00262
0.00261
0.00263
0.00263
0.00268
0.00264
0.00268
0.00269
0.00269
0.00268
0.0027
0.0027
0.00269
0.00275
0.00275
0.00278
0.00271
0.00272
0.00269
0.0027
0.00269
0.00274
0.0027
0.00269
0.00268
0.00269
0.00271
0.00271
0.00271
0.00269
0.0027
0.00273
0.00271
0.00268
0.00267
0.00264
0.00266
0.00265
0.00261
0.0027
0.00271
0.0027
0.0027
0.0027
0.00267
0.0027
0.00273
0.00273
0.00277
0.00306
0.00296
0.00297
0.00291
0.00291
0.00291
0.00288
0.00295
0.00296
0.00294
0.00298
0.0029
0.00295
0.00299
0.00296
0.00299
0.00297
0.00296
0.00295
0.003
0.00301
0.0031
0.0031
0.00308
0.00304
0.00308
0.00306
0.00303
0.00306
0.00302
0.00304
0.00303
0.00305
0.00304
0.00307
0.00307
0.00305
0.00311
0.00313
0.00315
0.00313
0.00325
0.00325
0.0032
0.00322
0.00323
0.00345
0.00342
0.0035
0.00346
0.0034
0.0034
0.00333
0.00336
0.00332
0.00346
0.00344
0.0034
0.00345
0.00339
0.00343
0.00344
0.00347
0.0035
0.00368
0.00371
0.00367
0.00369
0.00359
0.00361
0.00363
0.0036
0.00359
0.00363
0.00366
0.00363
0.00364
0.00363
0.00364
0.00366
0.00367
0.00364
0.00368
0.00349
0.00354
0.00351
0.00351
0.0035
0.00355
0.00354
0.00351
0.00346
0.00352
0.00349
0.00348
0.00351
0.00348
0.00347
0.00347
0.00346
0.00345
0.00333
0.0033
0.00328
0.00327
0.00327
0.0032
0.0032
0.00323
0.0032
0.00324
0.00319
0.00326
0.00329
0.00331
0.00327
0.00326
0.00325
0.00326
0.00324
0.00326
0.00323
0.00325
0.00324
0.00323
0.00325
0.00323
0.0032
0.00323
0.0032
0.00322
0.00322
0.00319
0.00315
0.00313
0.00311
0.00314
0.00316
0.0031
0.00301
0.00304
0.00303
0.00305
0.00306
0.00301
0.00303
0.00306
0.00309
0.00307
0.00308
0.00308
0.00312
0.00311
0.00312
0.00314
0.00313
0.00314
0.0032
0.00326
0.00325
0.00326
0.00323
0.00324
0.00319
0.00324
0.00321
0.00321
0.00317
0.00321
0.00323
0.00321
0.00322
0.00319
0.0032
0.0032
0.00317
0.00319
0.0032
0.0032
0.00319
0.00317
0.00317
0.00319
0.00318
0.00318
0.00317
0.00318
0.00319
0.0032
0.00319
0.00319
0.00317
0.00317
0.00321
0.00322
0.00323
0.00325
0.00324
0.00328
0.00352
0.00342
0.00339
0.00339
0.00345
0.00335
0.00333
0.00334
0.00333
0.00331
0.00333
0.00331
0.00332
0.0033
0.00324
0.00325
0.00325
0.00328
0.00327
0.00327
0.00328
0.00328
0.00328
0.00335
0.00334
0.00339
0.00337
0.00339
0.00336
0.00337
0.00334
0.00338
0.00334
0.00338
0.00337
0.00335
0.00335
0.00335
0.00333
0.00335
0.00334
0.00334
0.00336
0.00336
0.00335
0.00331
0.00333
0.00332
0.00331
0.00331
0.00332
0.00331
0.00334
0.00331
0.00331
0.00332
0.00331
0.00334
0.00334
0.00329
0.00331
0.00331
0.00332
0.00334
0.0033
0.00331
0.00333
0.0033
0.00328
0.00328
0.00328
0.00329
0.00327
0.00327
0.00328
0.00329
0.0033
0.00327
0.00327
0.00325
0.00323
0.00326
0.00324
0.00327
0.0033
0.00331
0.00325
0.00327
0.00324
0.00322
0.00324
0.00322
0.00328
0.00331
0.00332
0.00329
0.00328
0.00331
0.00334
0.00331
0.00332
0.00335
0.00331
0.00331
0.00332
0.0033
0.0033
0.00333
0.00335
0.00334
0.00335
0.00335
0.00337
0.00335
0.00334
0.00335
0.00336
0.00336
0.00334
0.00333
0.00333
0.00333
0.00333
0.00333
0.00333
0.00335
0.00333
0.00332
0.00332
0.0034
0.00332
0.00332
0.00335
0.00335
0.00335
0.00333
0.00333
0.00334
0.00333
0.00337
0.0033
0.00334
0.00333
0.00335
0.0033
0.00333
0.00331
0.00333
0.00333
0.00334
0.00332
0.00333
0.00331
0.0033
0.00333
0.00331
0.0033
0.00331
0.00331
0.0033
0.00332
0.00331
0.00329
0.0033
0.00328
0.0033
0.00331
0.00332
0.00333
0.00333
0.00333
0.0033
0.00331
0.00331
0.00331
0.00332
0.00332
0.00329
0.00329
0.00329
0.0033
0.00331
0.0033
0.00329
0.00332
0.00331
0.00333
0.00329
0.0033
0.00329
0.00332
0.0033
0.00329
0.0033
0.0033
0.00328
0.00329
0.00328
0.00327
0.00326
0.00326
0.00324
0.00325
0.00328
0.00325
0.00329
0.00325
0.00331
0.00327
0.00325
0.00326
0.00328
0.00328
0.00328
0.00327
0.00326
0.00326
0.00326
0.00327
0.00327
0.00326
0.00326
0.00325
0.00324
0.00325
0.00324
0.00324
0.00324
0.00329
0.00327
0.00328
0.00328
0.00328
0.00328
0.00327
0.00326
0.00325
0.00324
0.00323
0.00324
0.00326
0.00326
0.00327
0.00327
0.00329
0.00327
0.00328
0.00328
0.00326
0.00326
0.00327
0.00327
0.00327
0.00325
0.00325
0.00325
0.00325
0.00326
0.00323
0.00321
0.00321
0.00324
0.00326
0.00319
0.0032
0.0032
0.0032
0.00321
0.00318
0.00319
0.00317
0.00319
0.0032
0.00321
0.00322
0.0032
0.00323
0.00321
0.00323
0.00323
0.00321
0.00323
0.00324
0.00325
0.00324
0.00325
0.00325
0.00323
0.00325
0.00326
0.00325
0.00324
0.00321
0.00323
0.00323
0.00321
0.00321
0.00324
0.00321
0.00323
0.00322
0.00323
0.00323
0.00323
0.00321
0.00321
0.00322
0.00321
0.0032
0.0032
0.0032
0.00321
0.0032
0.0032
0.00319
0.00321
0.00321
0.00319
0.00318
0.00318
0.00319
0.00319
0.00317
0.00318
0.00318
0.00311
0.00313
0.00313
0.00315
0.00314
0.00315
0.00315
0.00313
0.00311
0.00314
0.00312
0.00314
0.00312
0.00314
0.00313
0.00314
0.00314
0.00315
0.00315
0.00312
0.00311
0.00311
0.00311
0.00312
0.00311
0.00312
0.00314
0.00313
0.00315
0.00311
0.00313
0.00313
0.00312
0.00313
0.00314
0.00315
0.00316
0.0032
0.00316
0.00317
0.00316
0.00314
0.00314
0.00314
0.00315
0.00314
0.00316
0.00317
0.00315
0.00314
0.00316
0.00314
0.00317
0.00318
0.00318
0.00315
0.00317
0.00317
0.00315
0.00314
0.00315
0.00315
0.00316
0.00314
0.00314
0.00315
0.00314
0.00314
0.00313
0.00313
0.00312
0.00314
0.00313
0.00314
0.00313
0.00315
0.00315
0.00314
0.00313
0.00313
0.00313
0.00313
0.00313
0.00313
0.00312
0.00312
0.00312
0.0031
0.00311
0.00311
0.00311
0.0031
0.00311
0.00312
0.00311
0.0031
0.00311
0.00308
0.0031
0.0031
0.00308
0.00308
0.00308
0.00306
0.00304
0.00306
0.00304
0.00303
0.00303
0.00304
0.00305
0.00305
0.00306
0.00307
0.00307
0.00308
0.00308
0.00308
0.00308
0.0031
0.0031
0.00309
0.00307
0.00308
0.00308
0.00308
0.00307
0.00307
0.00306
0.00309
0.00312
0.00309
0.00312
0.00309
0.00308
0.0031
0.00311
0.00309
0.00309
0.0031
0.0031
0.0031
0.0031
0.00311
0.0031
0.00313
0.00312
0.0031
0.0031
0.00308
0.0031
0.0031
0.0031
0.0031
0.00312
0.00311
0.0031
0.0031
0.00311
0.00311
0.00309
0.00309
0.0031
0.00309
0.00309
0.0031
0.0031
0.0031
0.0031
0.00309
0.00308
0.0031
0.00309
0.00306
0.00308
0.00307
0.00309
0.0031
0.00307
0.00307
0.00307
0.00309
0.00306
0.00309
0.00313
0.00312
0.00312
0.00313
0.00309
0.00309
0.0031
0.00308
0.00308
0.00309
0.0031
0.0031
0.00308
0.00309
0.0031
0.00308
0.00308
0.0031
0.00308
0.00308
0.00308
0.00309
0.00309
0.0031
0.00311
0.00323
0.0032
0.00322
0.00323
0.00324
0.00325
0.00322
0.0032
0.00322
0.0032
0.00318
0.00314
0.00316
0.00319
0.00316
0.00315
0.00316
0.00315
0.00317
0.00314
0.00319
0.00319
0.00319
0.00319
0.00319
0.00318
0.00318
0.00317
0.00319
0.00319
0.00319
0.0032
0.00318
0.00318
0.00315
0.0032
0.00315
0.00318
0.00317
0.00317
0.00319
0.00318
0.00317
0.00319
0.00319
0.00325
0.00326
0.00327
0.00328
0.00326
0.00328
0.00327
0.00327
0.00326
0.00326
0.00325
0.00325
0.00323
0.00326
0.00327
0.00326
0.00329
0.00328
0.00334
0.00332
0.00333
0.00335
0.00333
0.00334
0.00333
0.00333
0.00334
0.00336
0.00339
0.0034
0.00342
0.0034
0.0034
0.00341
0.0034
0.00339
0.00343
0.00345
0.00345
0.00342
0.00343
0.00342
0.00341
0.00341
0.00342
0.0034
0.00336
0.00339
0.00338
0.00338
0.0034
0.00335
0.00337
0.00335
0.00336
0.00335
0.00333
0.00333
0.00332
0.00333
0.00332
0.00333
0.00333
0.00334
0.00336
0.00337
0.00337
0.00333
0.00333
0.00332
0.00329
0.00328
0.00328
0.00328
0.0033
0.00326
0.00327
0.00327
0.00327
0.00328
0.00329
0.00327
0.00329
0.00326
0.00325
0.00326
0.00326
0.00325
0.00327
0.00325
0.00328
0.00328
0.00328
0.00328
0.00326
0.00327
0.00326
0.00326
0.00325
0.00324
0.00325
0.00323
0.0033
0.00349
0.00349
0.00346
0.00343
0.00339
0.00336
0.00335
0.00334
0.00335
0.00336
0.00334
0.00331
0.00332
0.0033
0.00334
0.00333
0.00331
0.00331
0.00334
0.00335
0.00331
0.0033
0.00329
0.0033
0.00331
0.00333
0.0033
0.00329
0.00329
0.00328
0.00326
0.00326
0.0033
0.00328
0.00331
0.00328
0.00329
0.00329
0.00327
0.00326
0.00327
0.00326
0.00328
0.00328
0.00327
0.00328
0.00329
0.00327
0.00327
0.00328
0.00326
0.00326
0.00326
0.00327
0.00326
0.00326
0.00328
0.00326
0.00328
0.00327
0.00326
0.00326
0.00326
0.00325
0.00321
0.00319
0.00321
0.0032
0.00321
0.00322
0.0032
0.0032
0.00322
0.0032
0.0032
0.0032
0.00321
0.00321
0.0032
0.00319
0.0032
0.00317
0.00318
0.00319
0.00316
0.00317
0.00317
0.00315
0.00317
0.0032
0.00316
0.00317
0.00319
0.00319
0.00318
0.00319
0.00318
0.00316
0.00318
0.0032
0.0032
0.00318
0.00318
0.00317
0.00315
0.00317
0.00317
0.00314
0.00313
0.00315
0.00312
0.00313
0.00313
0.00312
0.00312
0.00311
0.00311
0.00315
0.00315
0.00315
0.00315
0.00312
0.00314
0.00314
0.00312
0.00312
0.00313
0.00314
0.00314
0.00315
0.00316
0.00315
0.00316
0.00316
0.00316
0.00315
0.00317
0.00319
0.00317
0.00317
0.00316
0.00315
0.00317
0.00317
0.00317
0.00316
0.00317
0.00315
0.00317
0.00317
0.00317
0.00317
0.00316
0.00318
0.0032
0.0032
0.00319
0.00319
0.0032
0.00318
0.00319
0.0032
0.00316
0.00315
0.00317
0.00316
0.00316
0.00317
0.00317
0.00321
0.00317
0.00319
0.00316
0.00318
0.00316
0.00318
0.00317
0.00315
0.00312
0.00315
0.00315
0.00316
0.00313
0.00313
0.00312
0.00312
0.00312
0.00316
0.00315
0.00316
0.00315
0.00314
0.00315
0.00315
0.00316
0.00314
0.00311
0.00312
0.00313
0.00313
0.00311
0.0031
0.00312
0.0031
0.00309
0.0031
0.00311
0.00309
0.00308
0.00311
0.00311
0.00311
0.0031
0.00312
0.0031
0.00313
0.00314
0.00313
0.00314
0.00314
0.00314
0.00313
0.00313
0.00313
0.00312
0.00311
0.00313
0.00311
0.00313
0.00313
0.00312
0.00312
0.00314
0.00311
0.00312
0.00311
0.0031
0.0031
0.0031
0.00308
0.0031
0.00311
0.00311
0.0031
0.00311
0.00311
0.0031
0.00309
0.0031
0.00309
0.00309
0.00309
0.00309
0.00309
0.00309
0.00307
0.00308
0.00309
0.00307
0.00307
0.00306
0.00307
0.00307
0.00309
0.00306
0.00308
0.00309
0.00308
0.00308
0.00307
0.00309
0.0031
0.00308
0.00309
0.0031
0.0031
0.00309
0.0031
0.0031
0.00309
0.00309
0.00309
0.00306
0.00306
0.00306
0.00305
0.00307
0.00308
0.00307
0.00307
0.00305
0.00307
0.00307
0.00307
0.00306
0.00305
0.00305
0.00304
0.00304
0.00307
0.00305
0.00306
0.00306
0.00305
0.00306
0.00306
0.00307
0.00305
0.00307
0.00307
0.00305
0.00305
0.00305
0.00309
0.00309
0.00308
0.00307
0.00308
0.00308
0.00305
0.00305
0.00306
0.00306
0.00304
0.00303
0.00304
0.00304
0.00306
0.00306
0.00306
0.00304
0.00304
0.00304
0.00306
0.00305
0.00305
0.00304
0.00303
0.00305
0.00306
0.00306
0.00304
0.00301
0.00303
0.00303
0.00304
0.00303
0.00303
0.00303
0.00301
0.00304
0.003
0.003
0.00298
0.003
0.00301
0.00301
0.003
0.00304
0.00306
0.00303
0.00307
0.00306
0.00307
0.00306
0.00306
0.00304
0.00305
0.00304
0.00303
0.00306
0.00305
0.00305
0.00304
0.00307
0.00308
0.00307
0.00306
0.0031
0.0031
0.0031
0.00309
0.00309
0.00308
0.0031
0.0031
0.00309
0.00306
0.00304
0.00307
0.00304
0.00307
0.00306
0.00307
0.00307
0.00302
0.00307
0.00306
0.00303
0.00304
0.00304
0.00306
0.00304
0.00304
0.00302
0.00294
0.00295
0.00295
0.00295
0.00295
0.00295
0.00293
0.00291
0.00292
0.0029
0.0029
0.0029
0.00289
0.00288
0.00289
0.00289
0.0029
0.00291
0.00293
0.0029
0.00291
0.00291
0.00292
0.00293
0.00287
0.00289
0.00294
0.00293
0.00293
0.00291
0.00292
0.00296
0.00296
0.00291
0.00293
0.00294
0.00298
0.00295
0.00298
0.00294
0.00296
0.00293
0.00296
0.00296
0.00296
0.00297
0.00297
0.00299
0.00297
0.00297
0.00298
0.00297
0.00298
0.00298
0.00296
0.00299
0.00299
0.00299
0.00299
0.00303
0.00301
0.00301
0.00302
0.00303
0.00301
0.00301
0.00302
0.00304
0.00303
0.00303
0.00302
0.00302
0.00303
0.00304
0.00307
0.00305
0.00307
0.00308
0.00306
0.00309
0.00307
0.00307
0.00307
0.00305
0.00305
0.00309
0.00308
0.00309
0.00306
0.00307
0.00309
0.00309
0.00308
0.0031
0.00314
0.00311
0.0031
0.00309
0.00309
0.00309
0.00311
0.0031
0.00312
0.00313
0.00314
0.00312
0.00313
0.00312
0.00312
0.00314
0.00314
0.00315
0.00312
0.00311
0.00309
0.00309
0.00307
0.00306
0.0031
0.00309
0.00311
0.0031
0.0031
0.00309
0.0031
0.0031
0.00309
0.00311
0.00307
0.00308
0.00307
0.00308
0.00308
0.00307
0.00309
0.0031
0.00309
0.0031
0.00307
0.00307
0.00306
0.00308
0.00308
0.00307
0.0031
0.00307
0.00308
0.00306
0.00308
0.00306
0.00308
0.00308
0.00307
0.00306
0.00304
0.00305
0.00304
0.00305
0.00304
0.00305
0.00304
0.00304
0.00307
0.00305
0.00304
0.00304
0.00303
0.00304
0.00302
0.00304
0.00303
0.00304
0.00304
0.00303
0.00304
0.00309
0.00308
0.00309
0.0031
0.00309
0.0031
0.00308
0.0031
0.00308
0.00311
0.00306
0.00306
0.00305
0.00307
0.00306
0.00305
0.00305
0.00306
0.00306
0.00306
0.00305
0.00307
0.00309
0.0031
0.00307
0.0031
0.0031
0.00309
0.0031
0.00309
0.00309
0.00309
0.00309
0.00308
0.00307
0.00309
0.00309
0.0031
0.0031
0.00312
0.00309
0.00311
0.00308
0.0031
0.00308
0.0031
0.00309
0.00309
0.00307
0.00309
0.00307
0.00309
0.00309
0.00308
0.00309
0.00306
0.00307
0.00305
0.00307
0.00305
0.00306
0.00308
0.00309
0.0031
0.0031
0.0031
0.00309
0.0031
0.0031
0.0031
0.00308
0.00308
0.00307
0.00307
0.00308
0.00309
0.00307
0.00308
0.00307
0.00306
0.00307
0.00308
0.00307
0.00306
0.00306
0.00306
0.00305
0.00308
0.00308
0.00308
0.00308
0.00307
0.00304
0.00307
0.00304
0.00305
0.00306
0.00306
0.00306
0.00306
0.00306
0.00305
0.00306
0.00306
0.00306
0.00308
0.00306
0.00305
0.00306
0.00307
0.00307
0.00304
0.00305
0.00305
0.00305
0.00305
0.00305
0.00305
0.00306
0.00305
0.00306
0.00305
0.00306
0.00305
0.00305
0.00304
0.00306
0.00305
0.00305
0.00303
0.00305
0.00304
0.00305
0.00303
0.00304
0.00304
0.00305
0.00303
0.00302
0.00302
0.00304
0.00304
0.00304
0.00303
0.00302
0.00302
0.00303
0.00303
0.00302
0.003
0.00301
0.00302
0.003
0.00299
0.00299
0.00301
0.00303
0.00303
0.00301
0.00301
0.00302
0.00303
0.00302
0.00302
0.00301
0.00302
0.00302
0.00302
0.00301
0.003
0.00301
0.00304
0.00303
0.00303
0.00302
0.003
0.00301
0.003
0.00301
0.003
0.003
0.003
0.003
0.00304
0.00301
0.003
0.003
0.00299
0.00301
0.003
0.003
0.00302
0.00302
0.00302
0.003
0.00301
0.00301
0.00301
0.00301
0.00296
0.00296
0.00299
0.00299
0.003
0.00299
0.00298
0.003
0.00298
0.003
0.003
0.00296
0.00298
0.00297
0.00297
0.00297
0.00297
0.00297
0.00296
0.003
0.003
0.003
0.003
0.003
0.00298
0.00299
0.00298
0.00298
0.00297
0.003
0.003
0.003
0.00301
0.003
0.00299
0.003
0.003
0.00301
0.00301
0.00301
0.00304
0.00302
0.00303
0.00302
0.00304
0.00305
0.00307
0.00305
0.00305
0.00306
0.00303
0.00305
0.00306
0.00306
0.00306
0.00305
0.00308
0.00307
0.00306
0.0031
0.0032
0.00317
0.00315
0.00315
0.00316
0.00318
0.00319
0.00318
0.0032
0.00317
0.00318
0.00317
0.00315
0.00314
0.00314
0.00316
0.00312
0.00313
0.00313
0.00315
0.00313
0.00315
0.0031
0.00312
0.00313
0.00311
0.00313
0.00311
0.00311
0.00312
0.00313
0.00314
0.00314
0.00313
0.00317
0.00315
0.0031
0.00314
0.00315
0.00312
0.00312
0.00313
0.00311
0.00314
0.00311
0.00312
0.00315
0.00315
0.00316
0.00319
0.00319
0.00315
0.00315
0.00313
0.00313
0.00312
0.0031
0.00315
0.00313
0.00316
0.00316
0.00313
0.00312
0.00313
0.00312
0.00313
0.00316
0.00311
0.00311
0.0031
0.00308
0.00307
0.00308
0.00312
0.00312
0.00307
0.00305
0.00308
0.00304
0.00305
0.00304
0.00305
0.00304
0.00304
0.0031
0.00309
0.00308
0.0031
0.00308
0.00308
0.00308
0.00307
0.00307
0.00309
0.00305
0.00309
0.00307
0.00305
0.00307
0.00308
0.00306
0.00306
0.0031
0.0031
0.0031
0.00311
0.0031
0.00307
0.00306
0.00307
0.00307
0.00306
0.00308
0.00303
0.00305
0.00306
0.00308
0.00307
0.00306
0.00305
0.00301
0.00303
0.00302
0.00302
0.00302
0.00302
0.00302
0.00299
0.00301
0.00302
0.00301
0.00302
0.00303
0.00303
0.00302
0.00303
0.00303
0.00304
0.00304
0.00304
0.00304
0.00301
0.00301
0.00299
0.00302
0.00304
0.00304
0.00301
0.00303
0.00304
0.00304
0.00304
0.00304
0.00302
0.00305
0.00303
0.00303
0.00304
0.00302
0.00304
0.00304
0.00303
0.00303
0.00302
0.00303
0.00302
0.00302
0.00303
0.00302
0.00305
0.00306
0.00306
0.00308
0.00309
0.0031
0.00306
0.00306
0.0031
0.00311
0.0031
0.00308
0.00306
0.00306
0.00307
0.00308
0.00307
0.00307
0.00305
0.0031
0.00309
0.00308
0.00306
0.00305
0.00307
0.00305
0.00305
0.00305
0.00306
0.00305
0.00305
0.00307
0.00307
0.00306
0.00306
0.00304
0.00303
0.00301
0.00298
0.00299
0.003
0.00302
0.003
0.00301
0.00304
0.00303
0.00303
0.00301
0.00304
0.00302
0.00302
0.00302
0.00304
0.00304
0.00301
0.00303
0.00303
0.00304
0.00304
0.00304
0.00302
0.00302
0.00303
0.00301
0.00301
0.00299
0.00301
0.00301
0.00301
0.00299
0.00299
0.00299
0.00299
0.00299
0.00299
0.003
0.00299
0.003
0.00298
0.00297
0.00297
0.00297
0.00302
0.00301
0.003
0.00305
0.00305
0.00307
0.00312
0.00306
0.00306
0.00305
0.00307
0.00303
0.00304
0.00303
0.00304
0.00303
0.00297
0.003
0.00303
0.00302
0.00302
0.00301
0.00303
0.00302
0.00301
0.00302
0.00303
0.00302
0.00303
0.00303
0.00302
0.00303
0.00304
0.00301
0.00303
0.00303
0.00303
0.003
0.003
0.003
0.003
0.003
0.00298
0.00298
0.003
0.00298
0.003
0.00299
0.003
0.00299
0.00298
0.00301
0.00299
0.003
0.00301
0.00301
0.00303
0.003
0.003
0.003
0.00301
0.00298
0.00298
0.00298
0.00298
0.00299
0.003
0.00298
0.00298
0.003
0.003
0.00298
0.003
0.003
0.00299
0.00299
0.00299
0.00298
0.003
0.00299
0.00298
0.00298
0.00297
0.00298
0.003
0.00299
0.00298
0.003
0.00299
0.00297
0.00297
0.00299
0.00297
0.00299
0.00298
0.00299
0.00298
0.00296
0.00302
0.00301
0.003
0.00302
0.003
0.003
0.00301
0.003
0.00303
0.003
0.00298
0.003
0.00299
0.00301
0.00299
0.00301
0.00301
0.00296
0.00299
0.003
0.003
0.00299
0.00297
0.00298
0.003
0.00301
0.00299
0.00298
0.00299
0.00298
0.00299
0.00299
0.00299
0.00299
0.003
0.00301
0.00299
0.003
0.00299
0.00299
0.00299
0.00298
0.00298
0.003
0.00299
0.003
0.003
0.003
0.00299
0.003
0.00299
0.003
0.003
0.00299
0.00298
0.00298
0.003
0.003
0.00299
0.003
0.00299
0.003
0.003
0.003
0.00298
0.00299
0.00299
0.003
0.00298
0.003
0.003
0.003
0.003
0.00298
0.00298
0.00299
0.003
0.00299
0.00299
0.00298
0.00298
0.00299
0.00298
0.00298
0.00298
0.00298
0.003
0.00297
0.00298
0.00298
0.00298
0.00298
0.00298
0.00298
0.003
0.00298
0.00298
0.00298
0.00299
0.00298
0.00299
0.00298
0.00299
0.00298
0.00298
0.00298
0.00297
0.00297
0.00297
0.00298
0.00297
0.00299
0.003
0.00298
0.00298
0.00299
0.00298
0.00299
0.00298
0.00297
0.00297
0.00297
0.00299
0.00297
0.00299
0.00298
0.00299
0.00298
0.00299
0.00297
0.00297
0.00297
0.00297
0.00299
0.00299
0.00299
0.00298
0.00305
0.00301
0.00302
0.00301
0.00301
0.003
0.003
0.003
0.00302
0.00301
0.00302
0.00302
0.00301
0.003
0.003
0.00302
0.00302
0.00302
0.003
0.003
0.003
0.003
0.003
0.003
0.003
0.00301
0.00301
0.00299
0.00302
0.00303
0.00303
0.00301
0.00303
0.00302
0.00301
0.00303
0.00302
0.00302
0.00302
0.003
0.00302
0.003
0.003
0.00299
0.003
0.003
0.00302
0.003
0.003
0.00302
0.003
0.00301
0.00303
0.00303
0.00302
0.00302
0.003
0.003
0.00301
0.00301
0.003
0.00299
0.003
0.00299
0.00301
0.00301
0.003
0.00301
0.003
0.00301
0.003
0.00298
0.003
0.00299
0.003
0.003
0.003
0.003
0.00298
0.00299
0.00301
0.00298
0.00298
0.00299
0.00298
0.00298
0.00299
0.003
0.003
0.003
0.00298
0.00298
0.003
0.00298
0.00299
0.00298
0.00299
0.00298
0.00299
0.00299
0.00299
0.003
0.00299
0.003
0.00299
0.003
0.003
0.00298
0.00298
0.00298
0.00298
0.003
0.003
0.00298
0.00299
0.00298
0.003
0.003
0.00298
0.00298
0.00299
0.00299
0.00298
0.003
0.003
0.003
0.00299
0.00297
0.00299
0.00298
0.00299
0.00298
0.00299
0.003
0.003
0.003
0.003
0.003
0.003
0.003
0.00298
0.003
0.003
0.00299
0.003
0.00299
0.00299
0.003
0.003
0.00298
0.003
0.00299
0.00299
0.00299
0.00299
0.00299
0.003
0.00298
0.00299
0.003
0.00303
0.00304
0.00304
0.00304
0.00305
0.00302
0.00304
0.00304
0.00309
0.00322
0.00317
0.00313
0.00315
0.00316
0.00312
0.00313
0.00312
0.00316
0.0031
0.00303
0.00304
0.00304
0.00304
0.003
0.00303
0.00303
0.00306
0.00301
0.00301
0.00302
0.00304
0.00304
0.00304
0.00303
0.00301
0.00301
0.00299
0.003
0.00299
0.003
0.00302
0.00302
0.00301
0.00301
0.00301
0.00303
0.00304
0.00308
0.00308
0.00304
0.00304
0.00306
0.00306
0.00306
0.00309
0.00306
0.00306
0.00306
0.00306
0.00305
0.00303
0.00305
0.00308
0.00308
0.00306
0.00307
0.00304
0.00305
0.00304
0.00306
0.00306
0.00305
0.00308
0.00305
0.00306
0.00306
0.00305
0.00305
0.00303
0.00302
0.00304
0.00308
0.00307
0.00307
0.00303
0.00303
0.00307
0.00307
0.00308
0.00308
0.00307
0.00306
0.00306
0.00305
0.00301
0.00305
0.00303
0.00303
0.00301
0.00302
0.00302
0.00301
0.003
0.00299
0.003
0.00297
0.003
0.003
0.003
0.003
0.003
0.00298
0.00299
0.00301
0.00298
0.00297
0.00297
0.00297
0.00296
0.00293
0.00295
0.00293
0.00296
0.00296
0.00295
0.00299
0.00297
0.00297
0.00297
0.00297
0.00296
0.00297
0.00296
0.00297
0.00294
0.00297
0.00295
0.00295
0.00297
0.00297
0.00297
0.00294
0.00297
0.00296
0.00295
0.00294
0.00293
0.00294
0.00294
0.00296
0.00296
0.00296
0.00296
0.00296
0.00295
0.00295
0.00296
0.00295
0.00295
0.00294
0.00294
0.00295
0.00294
0.00294
0.00296
0.00295
0.00296
0.00294
0.00294
0.00296
0.00296
0.00296
0.00298
0.00296
0.00298
0.00298
0.00296
0.00297
0.00298
0.00298
0.00295
0.00297
0.00296
0.00297
0.00297
0.00295
0.00295
0.00295
0.00297
0.00297
0.00296
0.00296
0.00297
0.00295
0.00296
0.00296
0.00296
0.00296
0.00296
0.00296
0.00297
0.00294
0.00295
0.00294
0.00295
0.00295
0.00295
0.00296
0.00296
0.00294
0.00296
0.00295
0.00295
0.00294
0.00294
0.00294
0.00294
0.00295
0.00296
0.00296
0.00297
0.00295
0.00297
0.00297
0.00296
0.00297
0.00295
0.00295
0.00296
0.00295
0.00297
0.00303
0.003
0.00299
0.00297
0.00297
0.00299
0.00296
0.00298
0.00297
0.00298
0.00296
0.00295
0.00297
0.00297
0.00297
0.00295
0.00295
0.00295
0.00298
0.00296
0.00296
0.00295
0.00295
0.00296
0.00296
0.00296
0.00296
0.00296
0.00297
0.00296
0.00295
0.00295
0.00297
0.00295
0.00294
0.00296
0.00297
0.00295
0.00295
0.00295
0.00294
0.00294
0.00294
0.00296
0.00294
0.00294
0.00296
0.00296
0.00296
0.00296
0.00297
0.00297
0.00295
0.00297
0.00298
0.00295
0.00297
0.00297
0.00296
0.00296
0.00295
0.00297
0.00296
0.00294
0.00296
0.00294
0.00297
0.00295
0.00295
0.00297
0.00295
0.00296
0.00295
0.00295
0.00295
0.00295
0.00294
0.00294
0.00295
0.00294
0.00295
0.00294
0.00295
0.00295
0.00295
0.00295
0.00296
0.00295
0.00295
0.00294
0.00295
0.00294
0.00295
0.00294
0.00295
0.00295
0.00294
0.00293
0.00293
0.00293
0.00293
0.00295
0.00293
0.00295
0.00296
0.00296
0.00296
0.00296
0.00294
0.00296
0.00296
0.00296
0.00294
0.00296
0.00294
0.00296
0.00294
0.00295
0.00295
0.00296
0.00296
0.00294
0.00296
0.00294
0.00294
0.00294
0.00295
0.00294
0.00294
0.00295
0.00294
0.00294
0.00293
0.00295
0.00294
0.00295
0.00293
0.00291
0.00294
0.00293
0.00292
0.00292
0.00294
0.00295
0.00294
0.00295
0.00296
0.00293
0.00294
0.00293
0.00296
0.00294
0.00295
0.00294
0.00294
0.00293
0.00295
0.00293
0.00294
0.00292
0.00293
0.00292
0.00293
0.00291
0.00292
0.00293
0.00293
0.00293
0.00291
0.00293
0.00292
0.00293
0.00292
0.00291
0.00294
0.00291
0.00294
0.00294
0.00291
0.00291
0.00293
0.00291
0.00292
0.00291
0.00292
0.00292
0.00293
0.00293
0.00292
0.00295
0.00295
0.00297
0.00295
0.00295
0.00294
0.00296
0.00296
0.00294
0.00298
0.00293
0.00299
0.00298
0.00297
0.00297
0.00297
0.00296
0.00296
0.00295
0.00298
0.00294
0.00298
0.00294
0.00295
0.00295
0.00292
0.00292
0.00294
0.00295
0.00295
0.00294
0.00293
0.00293
0.00294
0.00293
0.00293
0.00295
0.00295
0.00294
0.00294
0.00295
0.00295
0.00295
0.00293
0.00294
0.00295
0.00296
0.00296
0.00296
0.00295
0.00293
0.00295
0.00293
0.00293
0.00292
0.00292
0.00292
0.00292
0.00294
0.00294
0.00291
0.0029
0.0029
0.00289
0.0029
0.00292
0.00293
0.00293
0.00293
0.0029
0.00293
0.00291
0.0029
0.0029
0.0029
0.0029
0.0029
0.0029
0.0029
0.00288
0.00287
0.00288
0.00289
0.00289
0.00288
0.0029
0.00288
0.0029
0.00287
0.00289
0.0029
0.00289
0.00289
0.00288
0.0029
0.0029
0.00287
0.00287
0.00289
0.00288
0.00288
0.00288
0.00287
0.00289
0.00287
0.00287
0.00289
0.00289
0.00288
0.00288
0.00288
0.00287
0.00288
0.00288
0.00287
0.00287
0.00287
0.00286
0.00285
0.00287
0.00285
0.00287
0.00286
0.00286
0.00286
0.00286
0.00285
0.00286
0.00284
0.00284
0.00286
0.00286
0.00286
0.00286
0.00286
0.00282
0.00283
0.00283
0.00282
0.00284
0.00284
0.00282
0.00283
0.00282
0.00281
0.00281
0.00281
0.00279
0.00279
0.0028
0.0028
0.00279
0.00273
0.00275
0.00278
0.00278
0.00275
0.00274
0.00275
0.00275
0.00275
0.00276
0.00277
0.00277
0.00277
0.00277
0.00278
0.00275
0.00278
0.00276
0.00285
0.00283
0.00284
0.00278
0.00276
0.00279
0.00276
0.00278
0.00278
0.00277
0.00276
0.00275
0.00277
0.00279
0.00279
0.00279
0.00277
0.00278
0.00277
0.0028
0.00278
0.0028
0.00282
0.00282
0.00281
0.0028
0.00279
0.00278
0.00282
0.00282
0.00281
0.00281
0.00282
0.0028
0.00282
0.00283
0.00281
0.00282
0.00283
0.00282
0.00283
0.00281
0.00283
0.00282
0.00279
0.00281
0.00281
0.00279
0.00281
0.00281
0.00281
0.0028
0.0028
0.0028
0.0028
0.00279
0.00278
0.00281
0.00281
0.00281
0.00282
0.0028
0.00281
0.0028
0.00281
0.00279
0.00279
0.00282
0.00282
0.00282
0.00282
0.00282
0.0028
0.0028
0.00276
0.00278
0.00278
0.00278
0.00276
0.00277
0.00276
0.00276
0.00276
0.00277
0.00277
0.00278
0.00277
0.00276
0.00273
0.00276
0.00275
0.00274
0.00273
0.00272
0.00273
0.00273
0.00275
0.00275
0.00275
0.00276
0.00276
0.00276
0.00275
0.00282
0.00282
0.0028
0.00283
0.00282
0.00282
0.00283
0.00279
0.0028
0.00281
0.00281
0.00279
0.0028
0.00278
0.00278
0.00279
0.00279
0.00282
0.0028
0.00282
0.00281
0.00281
0.00279
0.00277
0.00278
0.00278
0.00281
0.0028
0.0028
0.00282
0.00283
0.00283
0.00284
0.00283
0.00281
0.00279
0.00282
0.00282
0.00282
0.00282
0.00281
0.00284
0.00282
0.00282
0.00284
0.00281
0.0028
0.0028
0.00279
0.0028
0.00281
0.00281
0.00282
0.0028
0.0028
0.0028
0.00281
0.00283
0.0028
0.00281
0.00281
0.00283
0.00285
0.00283
0.00283
0.00282
0.00282
0.0028
0.00281
0.00284
0.00284
0.00284
0.00283
0.00283
0.00283
0.00281
0.0028
0.00283
0.00283
0.00285
0.00283
0.00285
0.00284
0.00283
0.00284
0.00284
0.00288
0.00285
0.00286
0.00286
0.00284
0.00284
0.00285
0.00284
0.00284
0.00282
0.00284
0.00283
0.00283
0.00281
0.00283
0.00283
0.00284
0.00284
0.00282
0.00282
0.00284
0.00284
0.00285
0.00285
0.00285
0.00285
0.00283
0.00282
0.00282
0.00283
0.00282
0.00282
0.00283
0.00281
0.00283
0.00292
0.00319
0.00308
0.00303
0.0031
0.00308
0.00305
0.003
0.00301
0.00302
0.00294
0.00297
0.00295
0.00296
0.00295
0.00291
0.00292
0.00293
0.00298
0.00297
0.00295
0.00296
0.00295
0.00294
0.00294
0.00296
0.0029
0.00291
0.00287
0.0029
0.00288
0.00289
0.0029
0.00287
0.0029
0.00287
0.00293
0.00288
0.00292
0.00293
0.00292
0.00292
0.00289
0.00289
0.00288
0.0029
0.00287
0.00289
0.0029
0.00289
0.00288
0.0029
0.00288
0.00289
0.00285
0.00285
0.00287
0.00286
0.00286
0.00284
0.00283
0.00284
0.00285
0.00283
0.00286
0.00288
0.00286
0.00288
0.00286
0.00286
0.00288
0.00284
0.00283
0.00286
0.00285
0.00284
0.00286
0.00286
0.00287
0.00287
0.00287
0.00286
0.00284
0.00284
0.00286
0.00286
0.00285
0.00286
0.00286
0.00285
0.00285
0.00283
0.00285
0.00285
0.00283
0.00283
0.00283
0.00283
0.00283
0.00284
0.00284
0.00284
0.00283
0.00284
0.00283
0.00284
0.00283
0.00284
0.00282
0.00282
0.00284
0.00284
0.00283
0.00284
0.00285
0.00285
0.00282
0.00285
0.00279
0.00279
0.00281
0.00281
0.00279
0.00279
0.00279
0.00281
0.00279
0.00281
0.0028
0.00279
0.0028
0.00279
0.0028
0.0028
0.00278
0.00277
0.00277
0.00275
0.00277
0.00275
0.00277
0.00277
0.00276
0.00277
0.00277
0.00278
0.00278
0.00276
0.00276
0.00278
0.00279
0.0028
0.00281
0.00281
0.00281
0.00279
0.00279
0.0028
0.0028
0.0028
0.0028
0.0028
0.00278
0.00278
0.00279
0.00279
0.00282
0.00283
0.00281
0.00281
0.00282
0.00282
0.00281
0.00285
0.00286
0.00286
0.00287
0.00286
0.00285
0.00286
0.00287
0.00287
0.00289
0.0029
0.00291
0.00292
0.00291
0.0029
0.00289
0.00289
0.00289
0.0029
0.00291
0.00291
0.00291
0.0029
0.00293
0.00292
0.00289
0.00291
0.00294
0.00297
0.00296
0.00294
0.00294
0.00297
0.00293
0.00293
0.00293
0.00296
0.00294
0.00294
0.00296
0.00297
0.00294
0.00298
0.00298
0.00309
0.00309
0.00314
0.00314
0.0034
0.00325
0.00308
0.00309
0.0031
0.00309
0.00303
0.00305
0.00306
0.00305
0.00308
0.00307
0.00302
0.00307
0.00301
0.00308
0.00305
0.00305
0.00305
0.00307
0.00308
0.00317
0.00318
0.0033
0.00342
0.0038
0.00363
0.00376
0.00383
0.00374
0.0039
0.00396
0.00396
0.0044
0.00439
0.00425
0.00409
0.0042
0.00409
0.0039
0.00373
0.00367
0.004
0.00364
0.00358
0.00354
0.00351
0.0036
0.00353
0.0035
0.00351
0.00353
0.00355
0.00339
0.00334
0.00331
0.00328
0.00326
0.00328
0.00335
0.0033
0.00331
0.00339
0.00327
0.00335
0.00331
0.00334
0.00334
0.00334
0.00331
0.00328
0.00329
0.00335
0.00336
0.00347
0.0038
0.00372
0.00366
0.00351
0.00342
0.00348
0.00348
0.00338
0.00334
0.00343
0.00341
0.0035
0.00352
0.00368
0.00344
0.00342
0.00338
0.00335
0.00334
0.00336
0.00331
0.00335
0.00333
0.00331
0.00334
0.00332
0.00329
0.00332
0.00332
0.0033
0.00329
0.00328
0.00332
0.0033
0.00345
0.00346
0.00342
0.00338
0.00336
0.00337
0.00339
0.00338
0.00335
0.00334
0.00335
0.00336
0.00334
0.00337
0.00338
0.00338
0.00339
0.00337
0.00334
0.00333
0.00334
0.00333
0.00332
0.00333
0.00332
0.00332
0.00335
0.00338
0.00341
0.00345
0.00344
0.00336
0.00337
0.00337
0.00336
0.00337
0.00335
0.00335
0.00334
0.00336
0.00336
0.00337
0.00335
0.00334
0.00333
0.00333
0.00334
0.00333
0.00332
0.00333
0.00334
0.0033
0.00329
0.00322
0.00322
0.00325
0.00323
0.0032
0.0032
0.00324
0.00329
0.00324
0.00322
0.00325
0.00324
0.00324
0.00328
0.00325
0.00326
0.00325
0.00324
0.00323
0.00322
0.00325
0.00327
0.00328
0.00323
0.00326
0.00321
0.00325
0.00322
0.00322
0.00325
0.00323
0.00322
0.00323
0.00328
0.0033
0.00328
0.00326
0.00325
0.00325
0.00326
0.00325
0.00325
0.00322
0.00325
0.00325
0.00323
0.00322
0.00324
0.00321
0.00325
0.00321
0.00323
0.00325
0.00323
0.00323
0.00322
0.00322
0.00321
0.00317
0.0032
0.00321
0.00316
0.00316
0.00315
0.00319
0.00317
0.00314
0.00314
0.00312
0.00316
0.00306
0.00307
0.00306
0.00304
0.00303
0.00306
0.00301
0.00295
0.00297
0.00297
0.00296
0.00296
0.00293
0.0029
0.0029
0.00296
0.00296
0.00296
0.00298
0.00299
0.00301
0.003
0.00301
0.00301
0.003
0.00301
0.00298
0.00303
0.00303
0.00303
0.00307
0.00305
0.003
0.00299
0.003
0.003
0.00298
0.003
0.00298
0.00295
0.00292
0.00291
0.00288
0.00288
0.00286
0.00286
0.00286
0.00288
0.00285
0.0029
0.00289
0.00287
0.00287
0.00287
0.00289
0.00291
0.00289
0.00287
0.0029
0.00283
0.00284
0.00284
0.00282
0.00285
0.00286
0.00284
0.00283
0.00284
0.00286
0.00283
0.00284
0.00285
0.00285
0.00286
0.00282
0.00285
0.00282
0.00284
0.00285
0.00288
0.00286
0.00287
0.00288
0.00285
0.00286
0.00286
0.00285
0.00285
0.00288
0.00288
0.00286
0.00286
0.00286
0.00285
0.00285
0.00286
0.00283
0.00283
0.00282
0.00283
0.00281
0.00283
0.00281
0.00284
0.00281
0.00282
0.00283
0.00281
0.00284
0.00284
0.0028
0.00282
0.00285
0.00284
0.00281
0.00282
0.00283
0.00282
0.00284
0.00282
0.00284
0.00285
0.00283
0.00285
0.00283
0.00283
0.00283
0.00283
0.00283
0.00283
0.0028
0.0028
0.00279
0.0028
0.00283
0.00281
0.00281
0.0028
0.00283
0.00277
0.00277
0.00274
0.00277
0.00274
0.00275
0.00275
0.00273
0.00274
0.00275
0.00272
0.00271
0.00274
0.00274
0.00275
0.00275
0.00275
0.00276
0.00271
0.00272
0.0028
0.0028
0.00278
0.00279
0.00278
0.0028
0.00278
0.0028
0.00279
0.00279
0.00278
0.00278
0.0028
0.00277
0.00274
0.00276
0.00274
0.00278
0.00279
0.00278
0.00278
0.00278
0.00276
0.00272
0.00273
0.00273
0.00277
0.00273
0.00274
0.00273
0.00275
0.00273
0.00277
0.00277
0.00274
0.00277
0.00277
0.00276
0.00276
0.00276
0.00279
0.00274
0.00276
0.00275
0.00276
0.00276
0.00276
0.00274
0.00275
0.00277
0.00278
0.00275
0.00275
0.00276
0.00274
0.00273
0.00272
0.0027
0.00271
0.00271
0.00269
0.00268
0.00266
0.00265
0.00263
0.00265
0.00264
0.00265
0.00265
0.00263
0.00259
0.00259
0.00259
0.0026
0.00258
0.00259
0.0026
0.00259
0.00255
0.00256
0.00256
0.00257
0.00258
0.00258
0.00259
0.00263
0.0026
0.0026
0.00258
0.00258
0.00257
0.00257
0.00255
0.00257
0.00257
0.00256
0.00257
0.00257
0.00258
0.00257
0.00256
0.00257
0.00259
0.00258
0.00262
0.0026
0.00259
0.00259
0.00264
0.00261
0.0026
0.00261
0.00263
0.00262
0.00261
0.00262
0.00263
0.00266
0.00262
0.00265
0.00262
0.00264
0.00267
0.00265
0.00267
0.00265
0.00264
0.00265
0.00265
0.00265
0.00259
0.00259
0.00259
0.00259
0.00259
0.00258
0.00261
0.00258
0.0026
0.00259
0.00262
0.00263
0.00261
0.0026
0.00313
0.00294
0.00295
0.00283
0.00283
0.00279
0.00277
0.00275
0.00278
0.00278
0.0028
0.0028
0.0028
0.00276
0.00271
0.0027
0.0027
0.0027
0.0027
0.0027
0.0027
0.00267
0.00266
0.00268
0.00266
0.00267
0.00265
0.00266
0.00262
0.00264
0.00264
0.00262
0.00261
0.00267
0.00262
0.0026
0.00258
0.0026
0.00259
0.00258
0.00259
0.00259
0.00258
0.00263
0.00262
0.00258
0.0026
0.00259
0.00259
0.0026
0.00261
0.00262
0.00263
0.00259
0.0026
0.00257
0.00259
0.00259
0.00252
0.00252
0.00253
0.00253
0.00253
0.00257
0.00259
0.00257
0.00259
0.00256
0.00257
0.00256
0.00256
0.00258
0.00257
0.00258
0.00257
0.00257
0.00258
0.00258
0.00258
0.00259
0.00258
0.00259
0.00261
0.00257
0.00257
0.00261
0.00264
0.00263
0.00262
0.00261
0.0026
0.00256
0.00256
0.00254
0.00256
0.00255
0.00258
0.00256
0.00259
0.00257
0.00259
0.0026
0.00261
0.00262
0.00261
0.00261
0.00261
0.00262
0.00265
0.00268
0.00265
0.00268
0.00266
0.00266
0.00263
0.00262
0.00263
0.00265
0.00264
0.00266
0.00263
0.00264
0.00267
0.00271
0.00268
0.00269
0.00269
0.00271
0.00268
0.0027
0.00273
0.00274
0.00275
0.00275
0.00274
0.00284
0.00284
0.00284
0.00284
0.00286
0.00286
0.00284
0.00284
0.0029
0.00291
0.00298
0.00291
0.00295
0.00291
0.00289
0.00289
0.00281
0.00283
0.0028
0.00279
0.00272
0.00272
0.00271
0.00273
0.0027
0.00273
0.00275
0.00275
0.00268
0.00269
0.00267
0.00269
0.00269
0.0027
0.00271
0.0027
0.0027
0.00275
0.00273
0.00273
0.00278
0.00274
0.00274
0.00275
0.00273
0.00272
0.00271
0.00273
0.00268
0.00268
0.00272
0.00269
0.00272
0.00297
0.00297
0.00293
0.00295
0.00295
0.00295
0.00297
0.00298
0.00294
0.00296
0.00295
0.00296
0.00295
0.00296
0.00297
0.00296
0.00296
0.00298
0.00299
0.00298
0.00296
0.00296
0.00295
0.00295
0.00296
0.00294
0.00296
0.00296
0.00295
0.00297
0.00298
0.00298
0.00297
0.00299
0.00295
0.00288
0.00296
0.00296
0.0029
0.0029
0.00287
0.00286
0.00288
0.00288
0.00288
0.00291
0.00292
0.00288
0.00285
0.00288
0.00286
0.00286
0.00287
0.00287
0.00285
0.00285
0.00304
0.00302
0.003
0.00294
0.00296
0.003
0.00296
0.003
0.00297
0.00296
0.00296
0.00292
0.00295
0.00294
0.00293
0.00292
0.00293
0.00295
0.00292
0.00294
0.00293
0.00295
0.00292
0.00288
0.0029
0.00291
0.00286
0.00283
0.00284
0.0029
0.0029
0.0029
0.00287
0.00283
0.00285
0.00283
0.00271
0.00263
0.00251
0.00264
0.00258
0.00256
0.00254
0.00264
0.00262
0.00265
0.0027
0.0026
0.00174
0.00172
0.00227
0.00208
0.00203
0.00203
0.00186
0.00188
0.00208
0.00234
0.00232
0.00233
0.00232
0.00233
0.00237
0.00234
0.00239
0.00237
0.00259
0.0025
0.0025
0.00245
0.00245
0.00259
0.00257
0.00254
0.00253
0.00257
0.00257
0.00256
0.00253
0.00255
0.00257
0.00256
0.00258
0.00258
0.00256
0.00256
0.00255
0.00256
0.00259
0.00259
0.00259
0.00262
0.0026
0.00259
0.00258
0.00256
0.00257
0.00257
0.00256
0.00257
0.00255
0.00256
0.00258
0.0026
0.00258
0.00257
0.00257
0.00259
0.0026
0.00265
0.00266
0.00263
0.0026
0.0026
0.00259
0.0026
0.00261
0.0026
0.00262
0.00263
0.00261
0.0026
0.0026
0.0026
0.00262
0.0026
0.0026
0.0026
0.00262
0.00259
0.00261
0.0026
0.00261
0.00261
0.0026
0.00261
0.00261
0.0026
0.00262
0.00263
0.00261
0.00261
0.00261
0.00261
0.00261
0.00261
0.00262
0.00264
0.00261
0.00262
0.00262
0.00264
0.00264
0.00262
0.00263
0.00261
0.00261
0.00263
0.0026
0.0026
0.00261
0.00262
0.00261
0.00261
0.00261
0.0026
0.0026
0.00261
0.0026
0.0026
0.0026
0.00262
0.00262
0.00262
0.00262
0.00261
0.00262
0.00261
0.00268
0.00268
0.00266
0.00265
0.00265
0.00266
0.00265
0.00263
0.00265
0.00263
0.00264
0.00264
0.00265
0.00264
0.00266
0.00266
0.00267
0.00268
0.00267
0.00272
0.0027
0.0027
0.00273
0.00273
0.00272
0.00271
0.00273
0.00274
0.00275
0.00272
0.00275
0.0027
0.0027
0.00271
0.00272
0.00274
0.00271
0.00271
0.00271
0.0027
0.0027
0.0027
0.0027
0.0027
0.00271
0.00269
0.00272
0.00271
0.00267
0.00268
0.0027
0.00272
0.00272
0.00269
0.00269
0.00271
0.00273
0.00273
0.00271
0.0027
0.00269
0.00269
0.0027
0.0027
0.00271
0.0027
0.00272
0.00272
0.00272
0.00272
0.00271
0.0027
0.00272
0.0027
0.0027
0.00272
0.0027
0.00271
0.0027
0.00271
0.00271
0.0027
0.0027
0.00271
0.0027
0.0027
0.0027
0.00271
0.00271
0.0027
0.0027
0.0027
0.00272
0.00272
0.00272
0.00273
0.00272
0.00272
0.00271
0.00273
0.00273
0.00273
0.0027
0.00272
0.0027
0.00271
0.0027
0.00271
0.0027
0.00271
0.00271
0.0027
0.00269
0.00269
0.00269
0.00271
0.00273
0.00271
0.00272
0.00274
0.00275
0.00275
0.00274
0.00276
0.00276
0.00276
0.00279
0.00277
0.00279
0.00278
0.00279
0.00278
0.00277
0.00278
0.00278
0.00277
0.00278
0.00279
0.00279
0.00278
0.00279
0.00279
0.00278
0.00278
0.00279
0.00278
0.00279
0.00278
0.00279
0.00279
0.00279
0.00279
0.00279
0.00279
0.00278
0.00279
0.00278
0.00279
0.0028
0.00278
0.00278
0.00279
0.00279
0.00279
0.0028
0.00281
0.0028
0.00282
0.00282
0.00281
0.00281
0.0028
0.0028
0.00279
0.00282
0.00281
0.00282
0.00282
0.00282
0.00281
0.00281
0.00283
0.00281
0.00281
0.00282
0.00283
0.00278
0.00279
0.00278
0.00277
0.00277
0.00277
0.00268
0.00273
0.00271
0.00271
0.00269
0.0027
0.0028
0.00276
0.00277
0.00275
0.00276
0.00274
0.00269
0.00269
0.00269
0.00268
0.00268
0.00266
0.00266
0.00266
0.00269
0.00267
0.00266
0.00267
0.00265
0.00265
0.0026
0.00258
0.00257
0.00258
0.00257
0.00259
0.00259
0.00257
0.00258
0.00258
0.00255
0.00257
0.00256
0.00256
0.00257
0.00256
0.00258
0.00261
0.0026
0.00262
0.00264
0.00264
0.00268
0.00263
0.00265
0.00264
0.00264
0.00263
0.00265
0.00263
0.00267
0.00264
0.00264
0.00264
0.00269
0.00266
0.00266
0.00264
0.00262
0.00264
0.00266
0.00268
0.00265
0.00265
0.00263
0.00265
0.00269
0.00266
0.00264
0.00263
0.00265
0.00263
0.00262
0.00262
0.00262
0.00262
0.00264
0.00262
0.0026
0.00263
0.00262
0.00264
0.00261
0.00262
0.0026
0.0026
0.0026
0.0026
0.00262
0.00266
0.00262
0.00259
0.00261
0.00262
0.00261
0.00261
0.00263
0.00263
0.00263
0.0026
0.00259
0.00261
0.00263
0.00262
0.00264
0.00263
0.00263
0.00264
0.00265
0.00265
0.00262
0.00262
0.00263
0.00262
0.00262
0.00263
0.00265
0.00267
0.00264
0.00266
0.00269
0.00265
0.00263
0.00261
0.00264
0.00261
0.00263
0.00259
0.00258
0.00259
0.00259
0.00261
0.00259
0.00261
0.00259
0.0026
0.0026
0.00259
0.00261
0.0026
0.00262
0.00265
0.00263
0.00262
0.00264
0.00263
0.00262
0.00262
0.00263
0.00263
0.00265
0.00263
0.00263
0.00263
0.00261
0.00263
0.00261
0.0026
0.0026
0.00261
0.00263
0.00261
0.00261
0.00262
0.00263
0.00262
0.00263
0.00262
0.00258
0.00259
0.00259
0.00259
0.00259
0.0026
0.0026
0.00261
0.00261
0.00259
0.00258
0.00258
0.00258
0.00258
0.00258
0.00258
0.0026
0.0026
0.00259
0.0026
0.00261
0.00261
0.00259
0.0026
0.00258
0.00258
0.00259
0.00259
0.00261
0.0026
0.0026
0.00258
0.00261
0.00261
0.0026
0.0026
0.0026
0.0026
0.00264
0.00263
0.00264
0.00263
0.00264
0.00262
0.00262
0.00262
0.00262
0.00259
0.00259
0.0026
0.00261
0.00259
0.00261
0.0026
0.00258
0.0026
0.0026
