close
2.598
2.57
2.591
2.57
2.573
2.575
2.596
2.595
2.61
2.604
2.604
2.604
2.616
2.606
2.61
2.608
2.605
2.605
2.605
2.608
2.599
2.609
2.61
2.61
2.6
2.592
2.6
2.603
2.598
2.603
2.604
2.615
2.626
2.625
2.625
2.633
2.639
2.65
2.669
2.663
2.659
2.665
2.65
2.65
2.65
2.663
2.65
2.633
2.613
2.627
2.63
2.625
2.632
2.632
2.639
2.638
2.649
2.65
2.65
2.645
2.649
2.647
2.649
2.647
2.65
2.65
2.652
2.65
2.652
2.653
2.659
2.656
2.655
2.665
2.663
2.658
2.655
2.662
2.66
2.66
2.664
2.666
2.661
2.658
2.654
2.64
2.652
2.66
2.661
2.66
2.662
2.669
2.67
2.666
2.675
2.675
2.689
2.697
2.727
2.735
2.73
2.725
2.723
2.724
2.726
2.728
2.737
2.75
2.751
2.765
2.761
2.773
2.774
2.767
2.765
2.765
2.764
2.764
2.762
2.766
2.763
2.76
2.76
2.77
2.757
2.754
2.757
2.753
2.754
2.759
2.764
2.76
2.76
2.77
2.774
2.774
2.774
2.773
2.794
2.784
2.794
2.803
2.89
2.863
2.836
2.845
2.84
2.774
2.792
2.825
2.812
2.826
2.85
2.85
2.85
2.846
2.848
2.85
2.853
2.851
2.89
2.863
2.876
2.873
2.868
2.834
2.847
2.84
2.832
2.847
2.854
2.841
2.835
2.826
2.83
2.832
2.82
2.838
2.85
2.858
2.899
2.899
2.9
2.908
2.954
2.956
2.952
2.95
2.95
2.966
2.986
2.996
2.989
2.999
2.996
2.99
2.999
3.0
2.948
2.96
2.953
2.979
2.978
2.974
2.979
2.959
2.941
2.985
2.872
2.885
2.84
2.856
2.861
2.853
2.857
2.852
2.845
2.855
2.82
2.776
2.801
2.798
2.815
2.81
2.827
2.844
2.848
2.839
2.914
2.893
2.904
2.928
2.901
2.877
2.889
2.889
2.874
2.86
2.865
2.874
2.879
2.873
2.88
2.88
2.883
2.878
2.88
2.919
2.885
2.886
2.889
2.891
2.894
2.9
2.895
2.923
2.955
2.951
2.945
2.921
2.916
2.945
2.94
2.945
2.954
2.999
2.999
2.998
2.998
2.993
2.968
2.963
2.923
2.923
2.95
2.94
2.94
2.93
2.933
2.935
2.945
2.939
2.92
2.906
2.91
2.914
2.904
2.892
2.901
2.9
2.905
2.903
2.9
2.904
2.899
2.881
2.87
2.875
2.894
2.886
2.893
2.883
2.844
2.82
2.83
2.838
2.84
2.851
2.835
2.827
2.84
2.829
2.875
2.865
2.86
2.856
2.859
2.86
2.858
2.886
2.885
2.882
2.89
2.89
2.895
2.895
2.899
2.9
2.897
2.9
2.892
2.888
2.888
2.882
2.885
2.889
2.88
2.888
2.892
2.907
2.857
2.874
2.855
2.851
2.856
2.854
2.855
2.871
2.874
2.835
2.848
2.843
2.83
2.846
2.832
2.842
2.84
2.83
2.82
2.838
2.817
2.816
2.812
2.801
2.799
2.801
2.796
2.794
2.79
2.82
2.82
2.829
2.825
2.827
2.83
2.828
2.824
2.8
2.799
2.8
2.791
2.794
2.792
2.792
2.795
2.83
2.83
2.805
2.8
2.795
2.8
2.801
2.794
2.807
2.813
2.81
2.819
2.821
2.818
2.812
2.812
2.813
2.813
2.82
2.83
2.83
2.837
2.839
2.836
2.83
2.831
2.84
2.827
2.83
2.824
2.825
2.819
2.818
2.822
2.821
2.821
2.806
2.8
2.804
2.81
2.81
2.801
2.806
2.805
2.807
2.81
2.807
2.81
2.804
2.804
2.8
2.8
2.803
2.796
2.799
2.795
2.815
2.81
2.813
2.814
2.814
2.815
2.801
2.796
2.795
2.796
2.804
2.803
2.799
2.798
2.798
2.8
2.802
2.801
2.801
2.801
2.799
2.799
2.798
2.795
2.798
2.8
2.798
2.797
2.803
2.801
2.8
2.799
2.795
2.8
2.807
2.815
2.818
2.8
2.811
2.814
2.812
2.815
2.813
2.811
2.809
2.81
2.81
2.821
2.803
2.795
2.796
2.799
2.798
2.793
2.794
2.799
2.79
2.79
2.792
2.795
2.793
2.797
2.794
2.792
2.8
2.795
2.791
2.793
2.792
2.789
2.78
2.781
2.786
2.786
2.784
2.783
2.789
2.788
2.784
2.78
2.78
2.781
2.783
2.785
2.797
2.795
2.782
2.771
2.751
2.75
2.751
2.749
2.731
2.738
2.72
2.728
2.73
2.739
2.739
2.734
2.735
2.735
2.727
2.735
2.741
2.768
2.77
2.77
2.757
2.757
2.76
2.76
2.773
2.781
2.771
2.762
2.758
2.791
2.786
2.79
2.79
2.788
2.81
2.798
2.782
2.779
2.774
2.765
2.77
2.773
2.777
2.794
2.798
2.799
2.798
2.786
2.781
2.771
2.77
2.775
2.771
2.776
2.775
2.778
2.791
2.796
2.869
2.858
2.859
2.85
2.847
2.847
2.884
2.914
2.901
2.919
2.897
2.9
2.888
2.893
2.894
2.87
2.872
2.858
2.885
2.883
2.873
2.86
2.826
2.812
2.816
2.817
2.813
2.832
2.885
2.915
2.899
2.872
2.88
2.854
2.87
2.853
2.855
2.862
2.837
2.836
2.824
2.816
2.811
2.768
2.792
2.848
2.87
2.878
2.889
2.853
2.825
2.859
2.838
2.83
2.83
2.84
2.837
2.82
2.837
2.808
2.833
2.826
2.82
2.843
2.839
2.851
2.84
2.801
2.802
2.775
2.77
2.771
2.772
2.77
2.772
2.762
2.76
2.774
2.779
2.78
2.768
2.769
2.777
2.794
2.796
2.799
2.785
2.798
2.768
2.761
2.767
2.778
2.77
2.775
2.779
2.779
2.769
2.776
2.754
2.768
2.76
2.757
2.757
2.741
2.745
2.743
2.725
2.731
2.724
2.724
2.734
2.731
2.725
2.723
2.705
2.703
2.71
2.717
2.715
2.71
2.707
2.719
2.711
2.72
2.737
2.72
2.725
2.745
2.749
2.738
2.73
2.71
2.712
2.719
2.719
2.723
2.721
2.721
2.722
2.72
2.718
2.717
2.714
2.729
2.74
2.726
2.724
2.724
2.718
2.719
2.722
2.723
2.736
2.733
2.742
2.741
2.735
2.742
2.736
2.74
2.737
2.73
2.711
2.714
2.702
2.705
2.701
2.717
2.702
2.702
2.691
2.691
2.702
2.681
2.738
2.728
2.727
2.71
2.715
2.711
2.72
2.72
2.71
2.709
2.712
2.716
2.711
2.712
2.727
2.723
2.727
2.757
2.737
2.744
2.742
2.747
2.756
2.752
2.755
2.763
2.76
2.761
2.759
2.752
2.742
2.74
2.742
2.75
2.766
2.788
2.78
2.763
2.765
2.767
2.771
2.777
2.79
2.784
2.797
2.795
2.778
2.845
2.876
2.882
2.883
2.874
2.875
2.874
2.918
2.918
2.909
2.889
2.888
2.897
2.897
2.909
2.9
2.869
2.885
2.893
2.899
2.899
2.895
2.898
2.897
2.894
2.887
2.88
2.85
2.907
2.887
2.863
2.859
2.856
2.852
2.842
2.827
2.82
2.816
2.832
2.829
2.82
2.829
2.788
2.789
2.767
2.779
2.779
2.796
2.775
2.767
2.767
2.767
2.75
2.746
2.745
2.745
2.748
2.74
2.739
2.745
2.739
2.744
2.748
2.771
2.779
2.78
2.775
2.77
2.81
2.805
2.79
2.8
2.797
2.794
2.79
2.78
2.781
2.81
2.79
2.74
2.742
2.739
2.739
2.737
2.737
2.733
2.74
2.74
2.73
2.73
2.732
2.73
2.73
2.735
2.736
2.737
2.74
2.755
2.736
2.741
2.738
2.75
2.747
2.741
2.75
2.741
2.741
2.737
2.734
2.743
2.741
2.736
2.737
2.734
2.733
2.743
2.748
2.751
2.754
2.769
2.763
2.77
2.752
2.769
2.796
2.793
2.804
2.809
2.806
2.813
2.816
2.82
2.816
2.817
2.816
2.809
2.808
2.8
2.8
2.811
2.809
2.812
2.808
2.809
2.818
2.825
2.835
2.867
2.888
2.894
2.901
2.881
2.879
2.862
2.881
2.88
2.885
2.886
2.882
2.885
2.883
2.879
2.873
2.884
2.884
2.887
2.884
2.884
2.9
2.893
2.895
2.897
2.894
2.902
2.901
2.89
2.895
2.905
2.901
2.909
2.918
2.895
2.899
2.891
2.894
2.883
2.886
2.888
2.884
2.877
2.924
2.908
2.906
2.905
2.912
2.911
2.912
2.899
2.88
2.9
2.872
2.857
2.848
2.862
2.834
2.826
2.856
2.817
2.82
2.835
2.842
2.84
2.852
2.88
2.875
2.875
2.875
2.865
2.855
2.856
2.874
2.869
2.863
2.868
2.862
2.843
2.848
2.855
2.878
2.873
2.872
2.868
2.87
2.89
2.89
2.896
2.895
2.922
2.929
2.928
2.927
2.929
2.928
2.92
2.92
2.92
2.93
2.925
2.93
2.929
2.92
2.929
2.93
2.929
2.93
2.93
2.93
2.93
2.926
2.926
2.93
2.93
2.927
2.928
2.92
2.921
2.912
2.919
2.92
2.92
2.918
2.918
2.918
2.92
2.934
2.924
2.924
2.92
2.921
2.92
2.915
2.92
2.918
2.919
2.929
2.92
2.925
2.92
2.92
2.949
2.943
2.943
2.948
2.95
2.968
2.965
2.965
2.965
2.965
2.964
2.959
2.95
2.949
2.962
2.958
2.965
2.965
2.962
2.961
2.965
2.969
2.965
2.965
2.971
2.862
2.901
2.899
2.9
2.898
2.912
2.909
2.9
2.9
2.86
2.887
2.897
2.886
2.887
2.889
2.891
2.863
2.875
2.878
2.866
2.853
2.843
2.85
2.845
2.85
2.849
2.858
2.858
2.847
2.85
2.827
2.807
2.809
2.808
2.804
2.789
2.801
2.796
2.8
2.8
2.803
2.792
2.776
2.774
2.776
2.775
2.774
2.773
2.767
2.81
2.804
2.811
2.816
2.776
2.759
2.748
2.775
2.774
2.791
2.79
2.776
2.753
2.768
2.773
2.789
2.782
2.778
2.794
2.784
2.782
2.776
2.795
2.81
2.816
2.82
2.81
2.82
2.827
2.831
2.84
2.838
2.838
2.837
2.838
2.835
2.849
2.826
2.837
2.847
2.853
2.844
2.84
2.841
2.86
2.862
2.88
2.89
2.879
2.88
2.88
2.88
2.866
2.876
2.87
2.884
2.878
2.898
2.9
2.899
2.91
2.916
2.911
2.912
2.902
2.912
2.914
2.916
2.875
2.88
2.868
2.853
2.856
2.89
2.879
2.888
2.909
2.911
2.911
2.916
2.917
2.915
2.912
2.887
2.899
2.892
2.884
2.9
2.911
2.894
2.892
2.888
2.883
2.9
2.899
2.909
2.87
2.88
2.888
2.885
2.9
2.899
2.893
2.896
2.908
2.91
2.912
2.916
2.934
2.944
2.935
2.93
2.943
2.93
2.939
2.941
2.931
2.933
2.931
2.944
2.946
2.953
2.945
2.949
2.95
2.998
2.97
2.965
2.964
2.963
2.964
2.97
2.97
2.967
2.97
2.966
2.988
2.967
2.952
2.951
2.95
2.953
2.953
2.959
2.957
2.958
2.97
2.969
2.96
2.96
2.959
2.957
2.958
2.954
2.957
2.958
2.964
2.951
2.955
2.956
2.95
2.95
2.958
2.961
2.959
2.956
2.968
2.97
2.959
2.968
2.97
2.97
2.969
2.967
2.98
2.989
2.97
2.965
2.97
2.959
2.966
2.969
2.969
2.988
2.99
2.985
2.985
2.985
2.993
2.978
2.958
2.965
2.963
2.964
2.966
2.95
2.951
2.953
2.955
2.957
2.952
2.94
2.934
2.925
2.893
2.85
2.843
2.84
2.847
2.849
2.849
2.85
2.869
2.87
2.798
2.808
2.819
2.817
2.826
2.82
2.819
2.811
2.809
2.807
2.811
2.811
2.815
2.832
2.84
2.837
2.831
2.836
2.845
2.819
2.809
2.814
2.808
2.815
2.827
2.815
2.83
2.824
2.829
2.827
2.827
2.804
2.806
2.813
2.815
2.812
2.817
2.81
2.804
2.809
2.811
2.816
2.803
2.807
2.815
2.826
2.829
2.807
2.803
2.804
2.803
2.805
2.805
2.805
2.804
2.79
2.8
2.8
2.805
2.808
2.807
2.809
2.804
2.8
2.804
2.802
2.804
2.802
2.801
2.799
2.803
2.805
2.802
2.807
2.808
2.801
2.802
2.834
2.792
2.795
2.794
2.794
2.785
2.785
2.786
2.77
2.78
2.761
2.792
2.79
2.786
2.794
2.798
2.796
2.797
2.803
2.796
2.785
2.797
2.79
2.787
2.78
2.776
2.775
2.785
2.809
2.79
2.779
2.767
2.77
2.77
2.759
2.76
2.76
2.758
2.765
2.73
2.725
2.731
2.728
2.728
2.722
2.72
2.741
2.749
2.768
2.757
2.743
2.725
2.727
2.732
2.731
2.739
2.735
2.725
2.733
2.73
2.729
2.729
2.73
2.729
2.736
2.743
2.755
2.76
2.725
2.726
2.774
2.773
2.792
2.791
2.8
2.79
2.79
2.787
2.781
2.777
2.77
2.766
2.755
2.759
2.774
2.79
2.777
2.768
2.765
2.78
2.774
2.784
2.78
2.779
2.79
2.785
2.747
2.739
2.744
2.743
2.739
2.725
2.713
2.72
2.729
2.724
2.722
2.728
2.737
2.732
2.733
2.744
2.736
2.731
2.746
2.735
2.699
2.699
2.687
2.687
2.675
2.685
2.68
2.612
2.603
2.588
2.605
2.61
2.619
2.614
2.619
2.624
2.621
2.625
2.612
2.606
2.594
2.592
2.581
2.585
2.575
2.542
2.567
2.572
2.561
2.586
2.53
2.53
2.545
2.582
2.601
2.643
2.62
2.626
2.622
2.623
2.622
2.641
2.64
2.62
2.623
2.602
2.587
2.583
2.585
2.606
2.6
2.593
2.57
2.593
2.571
2.576
2.578
2.581
2.576
2.586
2.58
2.58
2.592
2.599
2.593
2.596
2.571
2.557
2.552
2.541
2.533
2.543
2.545
2.522
2.529
2.523
2.532
2.521
2.516
2.518
2.523
2.493
2.504
2.475
2.52
2.502
2.518
2.485
2.506
2.466
2.46
2.423
2.421
2.509
2.48
2.459
2.433
2.451
2.46
2.456
2.458
2.452
2.461
2.455
2.498
2.499
2.489
2.471
2.473
2.457
2.458
2.46
2.458
2.46
2.464
2.464
2.466
2.467
2.47
2.47
2.48
2.496
2.472
2.466
2.466
2.473
2.509
2.539
2.54
2.555
2.559
2.573
2.567
2.581
2.535
2.547
2.485
2.531
2.574
2.58
2.55
2.589
2.564
2.573
2.571
2.586
2.563
2.602
2.601
2.59
2.59
2.612
2.638
2.663
2.665
2.712
2.707
2.704
2.72
2.745
2.722
2.725
2.716
2.718
2.69
2.703
2.662
2.668
2.673
2.685
2.68
2.651
2.666
2.683
2.683
2.692
2.686
2.668
2.684
2.703
2.674
2.681
2.673
2.661
2.652
2.646
2.656
2.65
2.658
2.641
2.649
2.65
2.648
2.649
2.659
2.657
2.662
2.647
2.64
2.637
2.638
2.634
2.625
2.617
2.608
2.61
2.63
2.63
2.64
2.645
2.644
2.648
2.665
2.665
2.665
2.665
2.663
2.665
2.685
2.684
2.697
2.713
2.709
2.718
2.718
2.696
2.7
2.687
2.735
2.728
2.726
2.719
2.731
2.735
2.729
2.729
2.736
2.736
2.702
2.7
2.709
2.706
2.71
2.715
2.71
2.701
2.674
2.699
2.684
2.677
2.693
2.683
2.691
2.686
2.681
2.67
2.67
2.656
2.669
2.66
2.662
2.659
2.661
2.664
2.683
2.696
2.696
2.695
2.693
2.694
2.699
2.698
2.7
2.712
2.705
2.719
2.697
2.704
2.707
2.705
2.707
2.708
2.71
2.707
2.708
2.7
2.689
2.678
2.681
2.676
2.664
2.652
2.615
2.648
2.641
2.686
2.646
2.624
2.633
2.635
2.617
2.618
2.626
2.625
2.639
2.658
2.644
2.652
2.632
2.625
2.615
2.621
2.642
2.639
2.623
2.624
2.62
2.619
2.609
2.595
2.599
2.583
2.579
2.634
2.563
2.525
2.525
2.531
2.527
2.532
2.521
2.525
2.553
2.524
2.538
2.541
2.535
2.532
2.516
2.502
2.507
2.51
2.506
2.507
2.512
2.52
2.51
2.518
2.53
2.54
2.542
2.557
2.551
2.563
2.558
2.56
2.561
2.575
2.585
2.583
2.578
2.564
2.583
2.585
2.588
2.608
2.611
2.62
2.618
2.608
2.637
2.616
2.58
2.595
2.575
2.573
2.577
2.588
2.58
2.592
2.596
2.596
2.597
2.609
2.609
2.613
2.585
2.587
2.572
2.577
2.571
2.58
2.589
2.601
2.609
2.609
2.608
2.61
2.605
2.591
2.584
2.585
2.577
2.577
2.579
2.58
2.581
2.578
2.595
2.586
2.582
2.582
2.581
2.584
2.584
2.587
2.582
2.571
2.551
2.546
2.552
2.539
2.541
2.542
2.542
2.527
2.536
2.528
2.516
2.517
2.517
2.526
2.529
2.533
2.527
2.52
2.529
2.538
2.555
2.555
2.561
2.555
2.542
2.551
2.579
2.579
2.536
2.549
2.54
2.534
2.555
2.538
2.548
2.541
2.545
2.537
2.56
2.56
2.554
2.554
2.551
2.55
2.555
2.55
2.55
2.526
2.511
2.498
2.513
2.517
2.507
2.519
2.51
2.505
2.53
2.595
2.598
2.626
2.607
2.615
2.607
2.598
2.598
2.6
2.625
2.597
2.599
2.564
2.575
2.588
2.579
2.574
2.57
2.56
2.58
2.57
2.57
2.57
2.569
2.569
2.562
2.552
2.547
2.569
2.55
2.55
2.544
2.545
2.528
2.533
2.532
2.53
2.531
2.534
2.516
2.5
2.499
2.499
2.507
2.492
2.503
2.499
2.498
2.51
2.519
2.525
2.535
2.531
2.558
2.562
2.56
2.564
2.565
2.56
2.558
2.559
2.55
2.558
2.536
2.553
2.568
2.504
2.499
2.495
2.504
2.507
2.508
2.502
2.5
2.502
2.517
2.505
2.511
2.502
2.504
2.503
2.509
2.509
2.515
2.513
2.528
2.533
2.533
2.534
2.544
2.558
2.562
2.562
2.555
2.541
2.546
2.548
2.542
2.542
2.534
2.549
2.548
2.538
2.522
2.522
2.517
2.513
2.513
2.517
2.513
2.514
2.511
2.513
2.51
2.507
2.5
2.503
2.491
2.499
2.494
2.5
2.486
2.478
2.48
2.48
2.479
2.464
2.453
2.468
2.474
2.482
2.471
2.471
2.482
2.474
2.486
2.48
2.48
2.484
2.509
2.505
2.507
2.504
2.51
2.508
2.51
2.517
2.518
2.537
2.543
2.558
2.575
2.597
2.55
2.569
2.604
2.601
2.601
2.6
2.6
2.606
2.599
2.598
2.594
2.602
2.623
2.611
2.603
2.602
2.612
2.605
2.629
2.586
2.646
2.641
2.641
2.643
2.635
2.629
2.636
2.628
2.635
2.639
2.637
2.653
2.638
2.632
2.619
2.616
2.616
2.615
2.649
2.64
2.632
2.632
2.633
2.633
2.633
2.628
2.63
2.625
2.624
2.616
2.616
2.621
2.622
2.62
2.62
2.619
2.604
2.596
2.563
2.602
2.595
2.589
2.59
2.584
2.584
2.59
2.6
2.585
2.615
2.609
2.631
2.623
2.607
2.611
2.62
2.612
2.637
2.636
2.648
2.637
2.638
2.628
2.619
2.624
2.593
2.628
2.546
2.544
2.511
2.514
2.519
2.594
2.593
2.571
2.578
2.572
2.545
2.542
2.526
2.517
2.521
2.519
2.52
2.513
2.575
2.544
2.575
2.56
2.561
2.543
2.533
2.534
2.523
2.546
2.532
2.537
2.537
2.538
2.531
2.538
2.54
2.536
2.539
2.526
2.524
2.529
2.529
2.525
2.528
2.529
2.53
2.539
2.526
2.523
2.529
2.521
2.52
2.519
2.514
2.51
2.508
2.5
2.504
2.512
2.516
2.522
2.523
2.525
2.522
2.529
2.52
2.532
2.528
2.529
2.529
2.53
2.522
2.522
2.521
2.524
2.529
2.51
2.509
2.515
2.519
2.52
2.528
2.515
2.524
2.513
2.513
2.527
2.521
2.523
2.51
2.515
2.515
2.515
2.514
2.518
2.513
2.515
2.515
2.517
2.511
2.508
2.51
2.516
2.518
2.509
2.511
2.506
2.501
2.497
2.495
2.498
2.497
2.507
2.421
2.435
2.433
2.434
2.428
2.436
2.433
2.433
2.423
2.425
2.433
2.431
2.431
2.422
2.42
2.42
2.433
2.434
2.432
2.432
2.43
2.419
2.426
2.423
2.425
2.421
2.422
2.417
2.42
2.419
2.417
2.42
2.426
2.429
2.432
2.435
2.439
2.43
2.428
2.433
2.417
2.418
2.417
2.419
2.418
2.416
2.403
2.402
2.4
2.412
2.408
2.407
2.401
2.393
2.393
2.397
2.404
2.408
2.4
2.387
2.39
2.421
2.419
2.418
2.425
2.42
2.414
2.42
2.424
2.421
2.419
2.417
2.411
2.411
2.426
2.426
2.431
2.446
2.439
2.432
2.444
2.435
2.433
2.44
2.44
2.441
2.443
2.443
2.443
2.443
2.432
2.432
2.433
2.44
2.439
2.441
2.45
2.429
2.431
2.44
2.444
2.445
2.44
2.445
2.44
2.445
2.469
2.48
2.454
2.47
2.462
2.467
2.467
2.455
2.468
2.464
2.466
2.468
2.453
2.467
2.46
2.456
2.472
2.461
2.469
2.453
2.455
2.453
2.453
2.445
2.461
2.45
2.446
2.448
2.446
2.46
2.49
2.478
2.48
2.47
2.455
2.456
2.455
2.449
2.46
2.47
2.461
2.466
2.46
2.453
2.456
2.455
2.457
2.447
2.449
2.445
2.445
2.446
2.432
2.421
2.423
2.42
2.435
2.445
2.434
2.45
2.447
2.448
2.441
2.43
2.43
2.432
2.434
2.437
2.45
2.447
2.446
2.45
2.453
2.451
2.452
2.446
2.43
2.437
2.43
2.435
2.426
2.422
2.43
2.425
2.43
2.422
2.435
2.418
2.414
2.422
2.431
2.433
2.439
2.445
2.449
2.445
2.44
2.446
2.449
2.44
2.432
2.433
2.434
2.47
2.463
2.462
2.461
2.45
2.445
2.44
2.423
2.431
2.432
2.425
2.43
2.434
2.429
2.427
2.43
2.438
2.43
2.43
2.423
2.431
2.426
2.428
2.427
2.423
2.421
2.424
2.425
2.416
2.412
2.421
2.42
2.421
2.422
2.427
2.43
2.433
2.446
2.455
2.451
2.443
2.43
2.43
2.398
2.365
2.363
2.343
2.337
2.34
2.349
2.332
2.331
2.334
2.327
2.297
2.273
2.279
2.283
2.27
2.284
2.285
2.283
2.283
2.287
2.297
2.303
2.301
2.299
2.29
2.29
2.278
2.27
2.265
2.277
2.271
2.27
2.273
2.293
2.3
2.287
2.313
2.317
2.334
2.327
2.326
2.316
2.316
2.314
2.326
2.345
2.318
2.312
2.325
2.318
2.319
2.331
2.337
2.335
2.313
2.302
2.312
2.318
2.317
2.317
2.308
2.31
2.31
2.304
2.295
2.299
2.299
2.302
2.296
2.283
2.271
2.27
2.267
2.277
2.27
2.267
2.265
2.263
2.264
2.259
2.255
2.25
2.254
2.264
2.264
2.299
2.288
2.279
2.279
2.286
2.276
2.267
2.265
2.268
2.264
2.281
2.285
2.28
2.279
2.276
2.277
2.276
2.28
2.28
2.279
2.282
2.293
2.301
2.298
2.293
2.285
2.29
2.29
2.288
2.293
2.295
2.294
2.301
2.305
2.307
2.31
2.314
2.318
2.318
2.313
2.338
2.338
2.339
2.362
2.378
2.397
2.397
2.382
2.382
2.397
2.378
2.412
2.41
2.4
2.393
2.405
2.395
2.393
2.372
2.359
2.378
2.387
2.376
2.388
2.365
2.368
2.368
2.368
2.369
2.37
2.358
2.367
2.362
2.362
2.363
2.366
2.375
2.353
2.346
2.358
2.354
2.352
2.35
2.356
2.357
2.363
2.41
2.399
2.374
2.38
2.37
2.377
2.378
2.38
2.384
2.383
2.37
2.362
2.361
2.369
2.357
2.356
2.355
2.357
2.355
2.346
2.35
2.337
2.345
2.344
2.332
2.321
2.317
2.314
2.309
2.319
2.314
2.316
2.317
2.323
2.313
2.314
2.305
2.3
2.31
2.31
2.311
2.297
2.306
2.308
2.306
2.301
2.305
2.306
2.294
2.291
2.308
2.305
2.3
2.301
2.301
2.31
2.307
2.305
2.303
2.311
2.304
2.301
2.309
2.308
2.309
2.309
2.305
2.305
2.308
2.31
2.306
2.304
2.305
2.306
2.305
2.305
2.307
2.313
2.31
2.31
2.319
2.32
2.315
2.32
2.355
2.347
2.35
2.357
2.362
2.37
2.366
2.353
2.358
2.351
2.36
2.389
2.388
2.4
2.396
2.409
2.4
2.396
2.39
2.391
2.391
2.443
2.419
2.477
2.498
2.488
2.476
2.472
2.461
2.462
2.46
2.465
2.461
2.461
2.442
2.457
2.457
2.432
2.399
2.4
2.397
2.4
2.406
2.416
2.395
2.4
2.39
2.395
2.411
2.409
2.429
2.424
2.439
2.42
2.444
2.414
2.401
2.405
2.405
2.402
2.402
2.4
2.4
2.402
2.396
2.405
2.401
2.402
2.403
2.405
2.408
2.406
2.42
2.4
2.412
2.409
2.408
2.405
2.401
2.401
2.407
2.404
2.397
2.403
2.406
2.41
2.41
2.414
2.417
2.416
2.416
2.405
2.409
2.397
2.407
2.409
2.409
2.41
2.41
2.41
2.405
2.408
2.405
2.425
2.42
2.417
2.406
2.401
2.41
2.404
2.406
2.419
2.4
2.4
2.397
2.4
2.393
2.403
2.41
2.41
2.431
2.43
2.418
2.405
2.408
2.407
2.43
2.428
2.416
2.414
2.43
2.417
2.421
2.43
2.428
2.429
2.425
2.415
2.425
2.428
2.421
2.427
2.428
2.421
2.426
2.43
2.429
2.426
2.43
2.42
2.423
2.421
2.409
2.405
2.408
2.408
2.408
2.41
2.42
2.411
2.428
2.43
2.428
2.422
2.428
2.43
2.428
2.415
2.409
2.422
2.424
2.427
2.427
2.433
2.436
2.446
2.446
2.445
2.451
2.441
2.447
2.444
2.446
2.446
2.445
2.446
2.449
2.453
2.452
2.449
2.451
2.442
2.453
2.456
2.452
2.457
2.456
2.466
2.481
2.454
2.478
2.468
2.468
2.475
2.485
2.483
2.488
2.48
2.465
2.489
2.493
2.493
2.493
2.493
2.498
2.495
2.497
2.499
2.489
2.489
2.48
2.486
2.491
2.509
2.504
2.515
2.516
2.522
2.5
2.505
2.511
2.511
2.512
2.52
2.526
2.542
2.555
2.538
2.541
2.58
2.567
2.58
2.578
2.588
2.595
2.595
2.576
2.56
2.555
2.556
2.536
2.551
2.55
2.562
2.573
2.575
2.55
2.555
2.556
2.563
2.556
2.555
2.556
2.561
2.579
2.591
2.573
2.574
2.569
2.568
2.561
2.575
2.569
2.565
2.576
2.572
2.558
2.552
2.565
2.573
2.572
2.572
2.571
2.568
2.57
2.572
2.571
2.572
2.571
2.571
2.574
2.571
2.567
2.57
2.565
2.565
2.568
2.569
2.57
2.565
2.574
2.57
2.576
2.577
2.566
2.571
2.575
2.574
2.572
2.567
2.569
2.57
2.575
2.565
2.568
2.569
2.567
2.575
2.582
2.587
2.584
2.587
2.565
2.568
2.57
2.567
2.568
2.567
2.568
2.57
2.57
2.565
2.579
2.547
2.544
2.546
2.55
2.569
2.57
2.57
2.57
2.57
2.57
2.558
2.56
2.563
2.562
2.56
2.556
2.555
2.553
2.555
2.565
2.565
2.564
2.565
2.565
2.565
2.554
2.559
2.565
2.595
2.562
2.554
2.545
2.533
2.596
2.62
2.625
2.621
2.626
2.627
2.658
2.68
2.678
2.688
2.678
2.68
2.686
2.686
2.69
2.7
2.679
2.712
2.719
2.722
2.729
2.726
2.712
2.708
2.706
2.692
2.685
2.703
2.699
2.696
2.697
2.709
2.699
2.686
2.7
2.706
2.71
2.709
2.71
2.709
2.707
2.71
2.699
2.697
2.693
2.714
2.711
2.712
2.707
2.715
2.714
2.715
2.714
2.719
2.671
2.695
2.683
2.672
2.685
2.676
2.674
2.67
2.661
2.66
2.661
2.694
2.659
2.644
2.646
2.655
2.672
2.697
2.693
2.697
2.691
2.676
2.684
2.69
2.686
2.687
2.688
2.697
2.692
2.697
2.69
2.698
2.694
2.698
2.69
2.691
2.696
2.69
2.691
2.69
2.695
2.69
2.69
2.695
2.698
2.691
2.691
2.686
2.69
2.691
2.701
2.7
2.7
2.693
2.708
2.69
2.692
2.69
2.695
2.693
2.692
2.705
2.705
2.703
2.705
2.71
2.71
2.707
2.703
2.703
2.702
2.701
2.705
2.702
2.701
2.699
2.699
2.7
2.698
2.699
2.696
2.699
2.693
2.694
2.697
2.688
2.692
2.694
2.697
2.7
2.697
2.7
2.699
2.692
2.685
2.684
2.68
2.683
2.69
2.675
2.677
2.671
2.663
2.641
2.651
2.66
2.65
2.645
2.62
2.663
2.665
2.673
2.648
2.66
2.649
2.652
2.635
2.634
2.625
2.635
2.638
2.638
2.639
2.645
2.658
2.65
2.65
2.65
2.637
2.639
2.645
2.637
2.645
2.649
2.658
2.666
2.675
2.679
2.655
2.656
2.67
2.65
2.653
2.658
2.664
2.68
2.652
2.69
2.68
2.672
2.656
2.665
2.656
2.645
2.641
2.628
2.61
2.632
2.626
2.62
2.607
2.592
2.592
2.591
2.591
2.581
2.57
2.57
2.62
2.617
2.627
2.63
2.62
2.625
2.621
2.629
2.629
2.626
2.626
2.628
2.63
2.635
2.633
2.633
2.635
2.63
2.616
2.625
2.633
2.635
2.634
2.617
2.624
2.63
2.623
2.64
2.64
2.64
2.64
2.638
2.64
2.643
2.645
2.65
2.56
2.564
2.567
2.567
2.571
2.573
2.584
2.59
2.611
2.59
2.601
2.616
2.621
2.607
2.607
2.607
2.62
2.61
2.61
2.599
2.577
2.585
2.583
2.573
2.563
2.572
2.584
2.595
2.583
2.582
2.577
2.577
2.583
2.581
2.581
2.583
2.588
2.591
2.584
2.579
2.578
2.581
2.572
2.572
2.57
2.571
2.56
2.564
2.565
2.565
2.569
2.561
2.568
2.56
2.565
2.561
2.56
2.564
2.559
2.559
2.559
2.561
2.564
2.56
2.544
2.536
2.542
2.535
2.535
2.536
2.537
2.53
2.537
2.515
2.517
2.515
2.51
2.514
2.513
2.515
2.512
2.539
2.543
2.53
2.535
2.522
2.518
2.515
2.515
2.513
2.515
2.538
2.536
2.537
2.548
2.55
2.559
2.578
2.564
2.562
2.529
2.531
2.547
2.53
2.531
2.535
2.539
2.543
2.536
2.545
2.567
2.573
2.567
2.554
2.555
2.558
2.561
2.569
2.566
2.554
2.55
2.549
2.543
2.542
2.54
2.534
2.536
2.546
2.568
2.557
2.56
2.573
2.576
2.582
2.598
2.599
2.597
2.6
2.585
2.58
2.582
2.585
2.581
2.57
2.56
2.559
2.594
2.591
2.589
2.592
2.593
2.591
2.591
2.589
2.589
2.595
2.585
2.59
2.588
2.575
2.559
2.577
2.573
2.573
2.58
2.58
2.58
2.59
2.599
2.6
2.603
2.603
2.607
2.602
2.604
2.609
2.609
2.609
2.603
2.606
2.602
2.602
2.575
2.552
2.557
2.565
2.569
2.568
2.566
2.568
2.57
2.569
2.588
2.584
2.581
2.588
2.591
2.592
2.597
2.596
2.596
2.6
2.605
2.602
2.609
2.654
2.67
2.659
2.653
2.651
2.654
2.655
2.655
2.653
2.662
2.671
2.694
2.702
2.7
2.701
2.698
2.704
2.715
2.703
2.693
2.69
2.694
2.688
2.689
2.695
2.692
2.7
2.707
2.711
2.71
2.703
2.699
2.698
2.698
2.694
2.7
2.694
2.688
2.69
2.691
2.694
2.692
2.699
2.696
2.695
2.694
2.705
2.706
2.703
2.704
2.702
2.698
2.697
2.658
2.662
2.633
2.647
2.631
2.632
2.631
2.637
2.637
2.632
2.608
2.604
2.567
2.558
2.556
2.555
2.55
2.55
2.56
2.552
2.537
2.537
2.528
2.535
2.533
2.534
2.527
2.531
2.53
2.53
2.54
2.531
2.526
2.527
2.531
2.533
2.531
2.527
2.53
2.57
2.574
2.582
2.568
2.568
2.575
2.575
2.575
2.566
2.565
2.555
2.55
2.547
2.545
2.536
2.55
2.547
2.547
2.55
2.55
2.529
2.53
2.556
2.558
2.555
2.551
2.552
2.541
2.532
2.532
2.546
2.557
2.562
2.557
2.55
2.545
2.54
2.56
2.565
2.574
2.552
2.549
2.547
2.55
2.547
2.549
2.553
2.548
2.56
2.536
2.55
2.551
2.551
2.553
2.554
2.55
2.559
2.573
2.567
2.56
2.58
2.579
2.58
2.57
2.572
2.57
2.572
2.585
2.58
2.58
2.585
2.691
2.674
2.661
2.659
2.66
2.64
2.613
2.646
2.653
2.652
2.628
2.634
2.618
2.625
2.614
2.62
2.626
2.619
2.661
2.682
2.673
2.671
2.653
2.649
2.676
2.67
2.67
2.688
2.674
2.675
2.681
2.676
2.676
2.671
2.697
2.698
2.693
2.693
2.693
2.693
2.687
2.687
2.694
2.68
2.68
2.675
2.673
2.673
2.678
2.675
2.659
2.661
2.652
2.652
2.671
2.669
2.668
2.659
2.661
2.662
2.658
2.658
2.667
2.668
2.67
2.675
2.678
2.677
2.675
2.677
2.683
2.639
2.698
2.699
2.692
2.694
2.695
2.695
2.693
2.697
2.697
2.7
2.697
2.692
2.692
2.692
2.691
2.692
2.692
2.69
2.694
2.709
2.725
2.705
2.702
2.702
2.704
2.709
2.724
2.716
2.724
2.723
2.719
2.719
2.727
2.728
2.729
2.727
2.73
2.73
2.759
2.763
2.757
2.754
2.758
2.754
2.754
2.754
2.754
2.758
2.76
2.76
2.745
2.746
2.736
2.735
2.732
2.735
2.759
2.739
2.748
2.739
2.74
2.739
2.74
2.739
2.73
2.734
2.726
2.711
2.739
2.731
2.722
2.714
2.719
2.74
2.73
2.721
2.737
2.763
2.772
2.777
2.787
2.787
2.791
2.795
2.791
2.75
2.815
2.796
2.796
2.772
2.763
2.761
2.76
2.754
2.762
2.764
2.775
2.798
2.806
2.799
2.801
2.795
2.797
2.804
2.792
2.795
2.8
2.788
2.778
2.783
2.78
2.775
2.772
2.831
2.817
2.818
2.815
2.781
2.776
2.771
2.775
2.78
2.78
2.78
2.8
2.788
2.795
2.796
2.794
2.8
2.8
2.797
2.797
2.75
2.784
2.795
2.791
2.797
2.789
2.794
2.798
2.794
2.79
2.796
2.8
2.793
2.796
2.798
2.8
2.8
2.8
2.804
2.8
2.802
2.804
2.804
2.803
2.807
2.815
2.816
2.819
2.816
2.816
2.829
2.83
2.825
2.83
2.83
2.825
2.827
2.83
2.816
2.806
2.805
2.792
2.791
2.795
2.819
2.814
2.813
2.82
2.8
2.8
2.801
2.801
2.806
2.805
2.811
2.81
2.81
2.812
2.82
2.822
2.82
2.825
2.819
2.822
2.825
2.83
2.817
2.83
2.835
2.839
2.838
2.839
2.838
2.834
2.838
2.84
2.838
2.838
2.85
2.849
2.85
2.848
2.848
2.848
2.842
2.876
2.9
2.885
2.899
2.9
2.88
2.897
2.896
2.91
2.899
2.909
2.907
2.919
2.913
2.911
2.914
2.917
2.913
2.9
2.889
2.885
2.867
2.857
2.883
2.868
2.889
2.895
2.895
2.88
2.88
2.874
2.879
2.884
2.884
2.889
2.895
2.896
2.874
2.876
2.87
2.87
2.855
2.859
2.855
2.885
2.894
2.91
2.89
2.863
2.86
2.86
2.858
2.86
2.88
2.869
2.86
2.735
2.747
2.611
2.652
2.701
2.7
2.7
2.695
2.65
2.68
2.676
2.699
2.689
2.684
2.683
2.681
2.682
2.68
2.653
2.668
2.671
2.673
2.693
2.656
2.66
2.657
2.658
2.673
2.69
2.668
2.656
2.663
2.681
2.66
2.675
2.698
2.68
2.682
2.685
2.683
2.676
2.67
2.7
2.702
2.701
2.7
2.661
2.679
2.61
2.655
2.675
2.671
2.664
2.663
2.684
2.672
2.684
2.67
2.67
2.68
2.687
2.69
2.688
2.676
2.678
2.675
2.68
2.69
2.739
2.749
2.748
2.736
2.728
2.727
2.727
2.701
2.713
2.732
2.729
2.749
2.751
2.749
2.741
2.743
2.75
2.75
2.743
2.749
2.747
2.749
2.738
2.739
2.715
2.72
2.733
2.744
2.732
2.745
2.708
2.708
2.729
2.712
2.705
2.708
2.723
2.738
2.728
2.721
2.73
2.719
2.728
2.731
2.731
2.725
2.738
2.707
2.719
2.711
2.715
2.71
2.717
2.717
2.71
2.72
2.709
2.705
2.713
2.715
2.733
2.747
2.758
2.76
2.762
2.742
2.767
2.762
2.758
2.758
2.755
2.754
2.742
2.74
2.74
2.731
2.73
2.73
2.74
2.74
2.736
2.733
2.737
2.731
2.75
2.752
2.757
2.761
2.765
2.768
2.768
2.76
2.776
2.773
2.771
2.765
2.756
2.751
2.749
2.747
2.75
2.749
2.76
2.747
2.751
2.747
2.74
2.74
2.731
2.73
2.72
2.716
2.713
2.744
2.733
2.741
2.731
2.731
2.739
2.735
2.739
2.74
2.748
2.756
2.754
2.753
2.754
2.758
2.756
2.754
2.76
2.741
2.745
2.74
2.745
2.746
2.747
2.74
2.743
2.742
2.755
2.768
2.764
2.749
2.759
2.759
2.75
2.749
2.75
2.75
2.76
2.758
2.76
2.753
2.757
2.755
2.753
2.756
2.75
2.744
2.714
2.715
2.711
2.715
2.718
2.716
2.715
2.718
2.71
2.731
2.728
2.734
2.74
2.74
2.733
2.734
2.735
2.735
2.73
2.742
2.734
2.735
2.74
2.739
2.735
2.731
2.73
2.725
2.73
2.735
2.736
2.736
2.737
2.737
2.739
2.751
2.75
2.74
2.739
2.74
2.74
2.745
2.741
2.743
2.74
2.751
2.759
2.765
2.769
2.772
2.774
2.776
2.78
2.779
2.782
2.788
2.784
2.787
2.787
2.787
2.787
2.788
2.788
2.79
2.79
2.798
2.766
2.766
2.759
2.752
2.751
2.757
2.744
2.73
2.725
2.746
2.733
2.73
2.733
2.734
2.725
2.719
2.719
2.71
2.713
2.713
2.729
2.73
2.722
2.705
2.685
2.669
2.647
2.68
2.699
2.705
2.715
2.725
2.731
2.745
2.748
2.757
2.766
2.768
2.785
2.79
2.817
2.783
2.75
2.758
2.784
2.783
2.784
2.784
2.8
2.813
2.825
2.83
2.836
2.836
2.832
2.823
2.821
2.82
2.801
2.785
2.793
2.791
2.791
2.8
2.803
2.799
2.804
2.807
2.844
2.841
2.835
2.837
2.832
2.832
2.831
2.83
2.838
2.864
2.856
2.892
2.9
2.906
2.901
2.899
2.9
2.891
2.9
2.91
2.897
2.89
2.876
2.889
2.888
2.886
2.885
2.887
2.885
2.895
2.896
2.898
2.889
2.88
2.876
2.871
2.869
2.851
2.872
2.868
2.911
2.91
2.9
2.906
2.886
2.897
2.905
2.891
2.873
2.857
2.855
2.854
2.855
2.853
2.852
2.853
2.85
2.846
2.865
2.865
2.847
2.849
2.836
2.841
2.845
2.85
2.853
2.856
2.83
2.846
2.871
2.87
2.868
2.852
2.85
2.84
2.884
2.87
2.86
2.874
2.859
2.85
2.855
2.857
2.865
2.857
2.857
2.868
2.896
2.883
2.885
2.889
2.888
2.861
2.822
2.844
2.836
2.844
2.845
2.844
2.84
2.84
2.84
2.844
2.759
2.825
2.837
2.831
2.822
2.82
2.83
2.789
2.785
2.8
2.828
2.788
2.761
2.785
2.782
2.781
2.8
2.822
2.85
2.872
2.843
2.844
2.844
2.861
2.852
2.859
2.858
2.841
2.856
2.856
2.851
2.859
2.859
2.864
2.862
2.859
2.849
2.86
2.875
2.871
2.859
2.861
2.854
2.85
2.859
2.851
2.86
2.874
2.881
2.878
2.862
2.853
2.855
2.851
2.851
2.867
2.862
2.864
2.855
2.86
2.87
2.867
2.864
2.866
2.864
2.865
2.86
2.892
2.884
2.884
2.886
2.889
2.884
2.879
2.884
2.873
2.861
2.872
2.88
2.878
2.878
2.877
2.875
2.872
2.878
2.871
2.867
2.883
2.888
2.887
2.88
2.904
2.895
2.897
2.887
2.907
2.846
2.834
2.835
2.823
2.819
2.82
2.813
2.812
2.813
2.805
2.789
2.805
2.791
2.784
2.788
2.785
2.765
2.769
2.77
2.785
2.782
2.788
2.81
2.805
2.81
2.84
2.848
2.846
2.837
2.846
2.87
2.885
2.881
2.876
2.88
2.885
2.89
2.895
2.868
2.87
2.869
2.87
2.87
2.866
2.864
2.883
2.899
2.897
2.898
2.842
2.861
2.869
2.869
2.869
2.88
2.875
2.868
2.883
2.893
2.89
2.898
2.899
2.869
2.845
2.837
2.833
2.865
2.859
2.867
2.856
2.862
2.848
2.841
2.836
2.851
2.866
2.867
2.851
2.852
2.85
2.856
2.851
2.866
2.871
2.9
2.881
2.881
2.87
2.861
2.856
2.856
2.858
2.851
2.845
2.849
2.848
2.837
2.849
2.829
2.824
2.814
2.808
2.807
2.809
2.813
2.833
2.818
2.807
2.811
2.833
2.829
2.83
2.827
2.821
2.82
2.814
2.809
2.801
2.801
2.809
2.828
2.828
2.833
2.825
2.825
2.825
2.826
2.829
2.826
2.823
2.82
2.814
2.82
2.818
2.819
2.814
2.813
2.815
2.81
2.82
2.811
2.795
2.798
2.797
2.798
2.795
2.797
2.793
2.805
2.813
2.795
2.812
2.817
2.813
2.8
2.8
2.796
2.8
2.8
2.77
2.763
2.774
2.774
2.778
2.778
2.78
2.805
2.808
2.81
2.816
2.813
2.811
2.802
2.803
2.804
2.806
2.809
2.8
2.799
2.803
2.807
2.807
2.808
2.81
2.803
2.799
2.811
2.78
2.798
2.789
2.787
2.785
2.785
2.782
2.774
2.766
2.754
2.74
2.726
2.725
2.72
2.716
2.717
2.717
2.706
2.702
2.713
2.715
2.701
2.702
2.704
2.691
2.693
2.704
2.696
2.704
2.701
2.707
2.702
2.709
2.708
2.701
2.703
2.703
2.703
2.702
2.707
2.704
2.709
2.708
2.713
2.715
2.75
2.76
2.763
2.75
2.743
2.74
2.729
2.712
2.725
2.702
2.715
2.706
2.714
2.704
2.705
2.705
2.701
2.69
2.66
2.625
2.611
2.61
2.61
2.611
2.609
2.608
2.608
2.612
2.605
2.568
2.598
2.631
2.627
2.631
2.649
2.65
2.66
2.66
2.651
2.627
2.625
2.648
2.639
2.648
2.651
2.654
2.67
2.665
2.665
2.659
2.667
2.667
2.663
2.664
2.665
2.663
2.655
2.635
2.659
2.664
2.655
2.65
2.651
2.601
2.601
2.601
2.553
2.546
2.532
2.527
2.526
2.531
2.529
2.54
2.567
2.57
2.573
2.594
2.587
2.584
2.58
2.593
2.595
2.588
2.574
2.587
2.58
2.586
2.581
2.587
2.587
2.586
2.599
2.594
2.6
2.603
2.599
2.602
2.601
2.606
2.601
2.601
2.592
2.6
2.592
2.582
2.601
2.604
2.601
2.605
2.595
2.602
2.612
2.638
2.698
2.691
2.67
2.661
2.63
2.622
2.622
2.63
2.647
2.649
2.645
2.637
2.644
2.65
2.653
2.651
2.659
2.649
2.619
2.613
2.612
2.611
2.608
2.609
2.61
2.616
2.665
2.66
2.646
2.645
2.64
2.621
2.642
2.627
2.625
2.628
2.62
2.619
2.618
2.604
2.602
2.602
2.605
2.606
2.604
2.6
2.6
2.6
2.606
2.601
2.605
2.6
2.603
2.604
2.605
2.617
2.6
2.607
2.608
2.601
2.609
2.601
2.607
2.6
2.591
2.614
2.585
2.59
2.585
2.594
2.595
2.591
2.591
2.623
2.627
2.668
2.664
2.655
2.65
2.649
2.658
2.648
2.65
2.638
2.655
2.641
2.613
2.612
2.607
2.614
2.616
2.602
2.61
2.602
2.603
2.607
2.61
2.608
2.603
2.604
2.58
2.58
2.579
2.6
2.6
2.603
2.606
2.6
2.597
2.603
2.592
2.598
2.6
2.606
2.575
2.571
2.586
2.601
2.601
2.607
2.614
2.62
2.633
2.639
2.635
2.638
2.637
2.639
2.638
2.642
2.644
2.661
2.635
2.645
2.641
2.65
2.647
2.65
2.643
2.65
2.644
2.658
2.623
2.633
2.645
2.641
2.615
2.606
2.606
2.6
2.623
2.63
2.632
2.631
2.63
2.608
2.611
2.621
2.623
2.622
2.626
2.623
2.621
2.62
2.622
2.627
2.633
2.641
2.625
2.608
2.607
2.608
2.607
2.602
2.601
2.603
2.598
2.603
2.615
2.61
2.606
2.6
2.592
2.584
2.592
2.605
2.612
2.619
2.621
2.609
2.603
2.606
2.61
2.612
2.61
2.626
2.627
2.614
2.647
2.66
2.725
2.713
2.702
2.74
2.741
2.742
2.724
2.737
2.74
2.73
2.723
2.731
2.77
2.775
2.773
2.752
2.748
2.73
2.711
2.702
2.698
2.725
2.715
2.716
2.716
2.719
2.705
2.715
2.717
2.708
2.697
2.713
2.698
2.674
2.667
2.65
2.61
2.618
2.622
2.612
2.64
2.664
2.673
2.662
2.667
2.674
2.667
2.668
2.66
2.661
2.663
2.689
2.709
2.691
2.685
2.686
2.696
2.698
2.711
2.721
2.702
2.707
2.706
2.701
2.71
2.71
2.702
2.725
2.714
2.712
2.717
2.721
2.729
2.734
2.734
2.728
2.737
2.783
2.787
2.776
2.747
2.725
2.722
2.755
2.817
2.817
2.774
2.774
2.785
2.771
2.769
2.762
2.764
2.819
2.835
2.804
2.786
2.787
2.786
2.788
2.787
2.766
2.78
2.764
2.793
2.782
2.78
2.779
2.78
2.773
2.774
2.773
2.777
2.793
2.797
2.797
2.797
2.795
2.795
2.786
2.786
2.806
2.824
2.796
2.782
2.789
2.797
2.798
2.794
2.794
2.791
2.797
2.79
2.771
2.75
2.765
2.766
2.772
2.79
2.787
2.789
2.782
2.761
2.793
2.795
2.796
2.798
2.785
2.791
2.798
2.8
2.809
2.825
2.784
2.778
2.788
2.782
2.782
2.782
2.779
2.776
2.76
2.761
2.774
2.788
2.795
2.794
2.784
2.799
2.796
2.798
2.769
2.775
2.786
2.798
2.794
2.794
2.797
2.8
2.789
2.798
2.8
2.797
2.795
2.786
2.783
2.781
2.787
2.786
2.788
2.795
2.784
2.775
2.781
2.793
2.794
2.798
2.799
2.794
2.78
2.786
2.772
2.773
2.77
2.763
2.754
2.742
2.739
2.746
2.68
2.685
2.694
2.69
2.696
2.705
2.713
2.7
2.706
2.737
2.711
2.71
2.719
2.728
2.733
2.734
2.718
2.733
2.672
2.678
2.682
2.687
2.682
2.677
2.704
2.739
2.741
2.678
2.69
2.673
2.69
2.692
2.693
2.686
2.644
2.759
2.739
2.774
2.742
2.761
2.768
2.811
2.805
2.806
2.809
2.828
2.8
2.746
2.755
2.751
2.754
2.755
2.764
2.767
2.799
2.781
2.817
2.816
2.795
2.795
2.784
2.779
2.711
2.697
2.708
2.695
2.69
2.676
2.671
2.675
2.688
2.688
2.7
2.705
2.718
2.734
2.787
2.781
2.784
2.781
2.793
2.789
2.782
2.82
2.814
2.817
2.789
2.79
2.79
2.8
2.797
2.797
2.8
2.8
2.791
2.787
2.79
2.799
2.799
2.798
2.794
2.793
2.79
2.77
2.766
2.772
2.772
2.782
2.788
2.79
2.786
2.768
2.755
2.75
2.752
2.742
2.737
2.749
2.724
2.731
2.745
2.758
2.74
2.731
2.744
2.756
2.764
2.759
2.752
2.758
2.782
2.782
2.777
2.776
2.777
2.779
2.788
2.798
2.798
2.8
2.78
2.787
2.796
2.796
2.777
2.773
2.777
2.762
2.783
2.76
2.763
2.779
2.784
2.785
2.782
2.768
2.756
2.74
2.747
2.745
2.737
2.734
2.737
2.737
2.732
2.729
2.736
2.726
2.74
2.748
2.747
2.75
2.746
2.745
2.758
2.753
2.743
2.764
2.732
2.735
2.75
2.757
2.756
2.76
2.734
2.737
2.75
2.744
2.723
2.72
2.717
2.72
2.719
2.723
2.728
2.727
2.732
2.73
2.732
2.741
2.736
2.749
2.749
2.744
2.738
2.72
2.715
2.717
2.71
2.704
2.707
2.725
2.723
2.725
2.724
2.682
2.72
2.729
2.724
2.725
2.715
2.711
2.722
2.727
2.735
2.739
2.729
2.728
2.722
2.719
2.724
2.725
2.712
2.721
2.726
2.72
2.726
2.735
2.735
2.74
2.739
2.75
2.73
2.749
2.751
2.746
2.763
2.779
2.788
2.789
2.788
2.779
2.792
2.78
2.781
2.79
2.789
2.793
2.799
2.755
2.761
2.807
2.804
2.803
2.803
2.803
2.8
2.791
2.799
2.798
2.78
2.799
2.8
2.792
2.799
2.77
2.755
2.781
2.753
2.745
2.741
2.756
2.744
2.745
2.739
2.734
2.742
2.728
2.736
2.724
2.725
2.724
2.724
2.716
2.722
2.726
2.729
2.741
2.74
2.729
2.731
2.73
2.728
2.719
2.713
2.702
2.712
2.724
2.72
2.726
2.742
2.737
2.749
2.744
2.75
2.755
2.756
2.742
2.739
2.749
2.748
2.75
2.74
2.735
2.734
2.739
2.73
2.736
2.735
2.735
2.739
2.721
2.715
2.71
2.71
2.717
2.71
2.705
2.711
2.719
2.716
2.711
2.705
2.699
2.709
2.705
2.707
2.705
2.705
2.705
2.708
2.707
2.699
2.71
2.624
2.583
2.593
2.588
2.59
2.58
2.577
2.577
2.563
2.56
2.559
2.544
2.54
2.545
2.543
2.54
2.557
2.548
2.564
2.567
2.553
2.555
2.569
2.575
2.57
2.568
2.565
2.566
2.553
2.549
2.538
2.52
2.509
2.508
2.507
2.512
2.521
2.534
2.549
2.531
2.544
2.543
2.547
2.544
2.543
2.524
2.527
2.473
2.511
2.518
2.52
2.558
2.565
2.557
2.57
2.566
2.569
2.538
2.541
2.569
2.57
2.562
2.56
2.56
2.564
2.566
2.573
2.556
2.563
2.561
2.564
2.56
2.562
2.562
2.564
2.566
2.575
2.574
2.584
2.588
2.583
2.584
2.549
2.537
2.539
2.52
2.54
2.551
2.551
2.551
2.549
2.549
2.557
2.565
2.554
2.57
2.572
2.572
2.584
2.6
2.6
2.606
2.6
2.6
2.595
2.593
2.608
2.607
2.605
2.612
2.609
2.61
2.62
2.608
2.602
2.602
2.602
2.6
2.6
2.604
2.603
2.6
2.59
2.588
2.586
2.58
2.59
2.578
2.565
2.561
2.552
2.56
2.599
2.6
2.612
2.63
2.621
2.628
2.627
2.621
2.601
2.585
2.602
2.6
2.597
2.609
2.617
2.612
2.617
2.616
2.602
2.614
2.63
2.618
2.614
2.617
2.628
2.629
2.625
2.614
2.641
2.64
2.608
2.616
2.611
2.607
2.61
2.624
2.619
2.62
2.632
2.63
2.64
2.628
2.627
2.626
2.631
2.625
2.625
2.65
2.632
2.669
2.668
2.667
2.669
2.68
2.689
2.7
2.7
2.69
2.686
2.684
2.684
2.661
2.684
2.674
2.66
2.677
2.678
2.7
2.676
2.697
2.691
2.688
2.677
2.687
2.682
2.687
2.665
2.695
2.675
2.69
2.691
2.684
2.684
2.689
2.692
2.687
2.68
2.669
2.68
2.675
2.676
2.686
2.679
2.683
2.686
2.684
2.655
2.655
2.68
2.686
2.668
2.675
2.675
2.682
2.685
2.685
2.685
2.666
2.685
2.676
2.677
2.682
2.68
2.679
2.689
2.7
2.704
2.699
2.691
2.696
2.699
2.706
2.719
2.72
2.765
2.765
2.711
2.708
2.703
2.699
2.695
2.714
2.709
2.707
2.714
2.707
2.701
2.74
2.75
2.774
2.767
2.772
2.758
2.768
2.754
2.757
2.754
2.769
2.772
2.784
2.762
2.765
2.786
2.78
2.766
2.77
2.767
2.766
2.762
2.778
2.778
2.751
2.75
2.749
2.753
2.751
2.758
2.752
2.75
2.749
2.759
2.747
2.755
2.753
2.759
2.769
2.771
2.767
2.766
2.761
2.765
2.775
2.76
2.766
2.775
2.778
2.777
2.769
2.762
2.761
2.756
2.768
2.752
2.753
2.739
2.755
2.747
2.755
2.772
2.763
2.77
2.75
2.752
2.775
2.779
2.776
2.766
2.768
2.776
2.78
2.782
2.78
2.775
2.768
2.779
2.779
2.777
2.777
2.771
2.784
2.763
2.789
2.79
2.781
2.791
2.796
2.799
2.8
2.797
2.8
2.777
2.771
2.787
2.788
2.793
2.786
2.782
2.781
2.77
2.77
2.77
2.772
2.77
2.77
2.77
2.771
2.77
2.753
2.726
2.729
2.735
2.729
2.732
2.745
2.745
2.766
2.8
2.773
2.799
2.782
2.774
2.788
2.777
2.784
2.781
2.768
2.778
2.764
2.766
2.754
2.753
2.744
2.74
2.742
2.721
2.716
2.72
2.717
2.72
2.723
2.712
2.708
2.71
2.714
2.713
2.691
2.67
2.709
2.721
2.721
2.729
2.707
2.695
2.688
2.713
2.7
2.7
2.703
2.702
2.705
2.701
2.7
2.707
2.72
2.7
2.695
2.704
2.7
2.704
2.71
2.71
2.709
2.709
2.71
2.701
2.705
2.702
2.703
2.708
2.698
2.697
2.734
2.743
2.72
2.719
2.718
2.729
2.723
2.737
2.744
2.75
2.753
2.714
2.738
2.744
2.741
2.735
2.734
2.725
2.721
2.712
2.7
2.703
2.7
2.69
2.692
2.691
2.69
2.704
2.706
2.71
2.714
2.7
2.704
2.7
2.698
2.698
2.695
2.698
2.695
2.709
2.709
2.703
2.74
2.734
2.734
2.73
2.731
2.713
2.713
2.724
2.714
2.698
2.691
2.691
2.69
2.696
2.698
2.691
2.668
2.668
2.695
2.692
2.699
2.696
2.693
2.694
2.696
2.694
2.708
2.708
2.695
2.701
2.691
2.688
2.686
2.685
2.683
2.68
2.68
2.678
2.681
2.682
2.69
2.686
2.682
2.685
2.683
2.69
2.68
2.711
2.692
2.721
2.739
2.723
2.711
2.696
2.679
2.678
2.675
2.678
2.69
2.674
2.677
2.666
2.666
2.701
2.692
2.682
2.691
2.672
2.675
2.662
2.662
2.66
2.657
2.652
2.65
2.642
2.653
2.639
2.638
2.638
2.637
2.626
2.621
2.606
2.554
2.578
2.577
2.586
2.587
2.592
2.59
2.585
2.587
2.586
2.59
2.572
2.594
2.59
2.59
2.583
2.585
2.59
2.587
2.588
2.574
2.579
2.569
2.57
2.57
2.57
2.575
2.569
2.57
2.576
2.579
2.578
2.589
2.588
2.585
2.598
2.587
2.588
2.589
2.588
2.568
2.569
2.572
2.581
2.573
2.57
2.561
2.561
2.561
2.568
2.57
2.569
2.571
2.577
2.574
2.567
2.569
2.57
2.57
2.577
2.577
2.574
2.574
2.57
2.57
2.57
2.58
2.568
2.577
2.572
2.568
2.566
2.563
2.566
2.564
2.56
2.57
2.56
2.56
2.562
2.564
2.57
2.571
2.564
2.564
2.561
2.569
2.569
2.572
2.575
2.577
2.595
2.591
2.581
2.563
2.585
2.579
2.574
2.572
2.568
2.566
2.565
2.57
2.574
2.576
2.57
2.57
2.569
2.573
2.569
2.568
2.567
2.568
2.575
2.575
2.579
2.578
2.57
2.57
2.569
2.572
2.565
2.565
2.561
2.57
2.567
2.563
2.564
2.567
2.564
2.561
2.568
2.57
2.575
2.573
2.569
2.57
2.568
2.568
2.57
2.567
2.564
2.562
2.566
2.567
2.564
2.562
2.564
2.56
2.563
2.566
2.569
2.559
2.57
2.569
2.571
2.58
2.579
2.582
2.59
2.596
2.6
2.613
2.615
2.61
2.61
2.607
2.607
2.61
2.606
2.602
2.61
2.61
2.612
2.608
2.612
2.61
2.611
2.613
2.613
2.617
2.625
2.641
2.623
2.619
2.623
2.624
2.629
2.641
2.644
2.645
2.65
2.65
2.647
2.648
2.649
2.652
2.65
2.652
2.65
2.65
2.65
2.656
2.635
2.634
2.637
2.651
2.654
2.654
2.651
2.657
2.67
2.672
2.668
2.671
2.673
2.671
2.662
2.67
2.672
2.661
2.674
2.68
2.661
2.657
2.654
2.657
2.658
2.66
2.666
2.665
2.67
2.666
2.66
2.666
2.665
2.667
2.67
2.674
2.673
2.678
2.68
2.676
2.67
2.669
2.661
2.662
2.662
2.662
2.675
2.655
2.657
2.668
2.662
2.665
2.669
2.662
2.661
2.673
2.657
2.647
2.647
2.646
2.634
2.64
2.633
2.632
2.639
2.65
2.627
2.624
2.615
2.611
2.594
2.598
2.588
2.586
2.597
2.599
2.601
2.597
2.593
2.597
2.599
2.6
2.588
2.589
2.596
2.615
2.607
2.604
2.606
2.609
2.608
2.61
2.608
2.617
2.619
2.603
2.61
2.607
2.607
2.609
2.608
2.608
2.606
2.608
2.609
2.609
2.604
2.605
2.616
2.615
2.615
2.615
2.609
2.607
2.605
2.614
2.619
2.618
2.619
2.615
2.615
2.62
2.62
2.614
2.617
2.614
2.608
2.61
2.611
2.613
2.609
2.614
2.615
2.619
2.624
2.635
2.632
2.629
2.628
2.63
2.627
2.62
2.618
2.625
2.629
2.628
2.626
2.629
2.636
2.639
2.637
2.637
2.635
2.641
2.628
2.634
2.63
2.63
2.632
2.63
2.633
2.633
2.631
2.637
2.622
2.631
2.638
2.634
2.637
2.636
2.635
2.631
2.641
2.642
2.654
2.659
2.658
2.657
2.658
2.655
2.644
2.639
2.64
2.611
2.586
2.586
2.596
2.595
2.588
2.588
2.595
2.58
2.578
2.523
2.515
2.52
2.52
2.52
2.52
2.518
2.528
2.52
2.51
2.52
2.519
2.52
2.52
2.51
2.518
2.52
2.519
2.516
2.499
2.504
2.504
2.503
2.508
2.502
2.502
2.508
2.513
2.524
2.504
2.508
2.51
2.505
2.498
2.505
2.515
2.505
2.513
2.5
2.495
2.5
2.5
2.5
2.498
2.5
2.491
2.497
2.497
2.498
2.497
2.497
2.497
2.491
2.485
2.494
2.487
2.49
2.499
2.493
2.492
2.499
2.498
2.497
2.498
2.489
2.487
2.496
2.498
2.5
2.498
2.497
2.5
2.499
2.5
2.499
2.498
2.499
2.509
2.499
2.498
2.496
2.491
2.494
2.488
2.486
2.485
2.498
2.496
2.49
2.491
2.494
2.491
2.496
2.492
2.496
2.498
2.499
2.495
2.5
2.499
2.499
2.496
2.497
2.493
2.497
2.5
2.499
2.499
2.497
2.499
2.498
2.498
2.497
2.498
2.493
2.494
2.491
2.495
2.483
2.487
2.486
2.488
2.489
2.485
2.491
2.49
2.493
2.499
2.497
2.498
2.5
2.499
2.5
2.496
2.498
2.5
2.501
2.496
2.495
2.498
2.496
2.496
2.496
2.496
2.494
2.5
2.51
2.5
2.495
2.497
2.499
2.498
2.496
2.496
2.493
2.5
2.504
2.495
2.495
2.495
2.494
2.496
2.5
2.498
2.498
2.5
2.504
2.497
2.499
2.499
2.499
2.5
2.5
2.498
2.5
2.5
2.503
2.5
2.5
2.5
2.5
2.5
2.5
2.499
2.498
2.5
2.495
2.499
2.498
2.499
2.499
2.496
2.495
2.496
2.489
2.499
2.499
2.5
2.49
2.491
2.496
2.498
2.498
2.498
2.498
2.5
2.5
2.499
2.5
2.499
2.5
2.499
2.5
2.5
2.499
2.5
2.502
2.499
2.5
2.5
2.499
2.5
2.5
2.499
2.5
2.5
2.502
2.556
2.549
2.553
2.552
2.581
2.581
2.585
2.59
2.585
2.595
2.573
2.591
2.588
2.58
2.584
2.6
2.595
2.599
2.599
2.6
2.601
2.599
2.596
2.602
2.594
2.585
2.588
2.582
2.6
2.513
2.527
2.538
2.549
2.578
2.568
2.579
2.564
2.588
2.598
2.589
2.573
2.582
2.585
2.588
2.597
2.579
2.572
2.58
2.575
2.58
2.59
2.595
2.601
2.594
2.597
2.598
2.611
2.6
2.61
2.622
2.607
2.619
2.619
2.605
2.615
2.623
2.625
2.624
2.626
2.625
2.627
2.627
2.626
2.63
2.635
2.637
2.625
2.635
2.63
2.661
2.657
2.679
2.68
2.675
2.666
2.68
2.67
2.699
2.691
2.688
2.683
2.685
2.688
2.68
2.64
2.65
2.65
2.665
2.676
2.68
2.693
2.674
2.67
2.666
2.671
2.67
2.685
2.68
2.684
2.687
2.683
2.68
2.67
2.672
2.675
2.69
2.67
2.67
2.679
2.678
2.68
2.676
2.676
2.668
2.67
2.676
2.664
2.66
2.649
2.655
2.652
2.66
2.689
2.687
2.68
2.69
2.665
2.653
2.65
2.654
2.652
2.651
2.651
2.649
2.65
2.654
2.643
2.648
2.651
2.652
2.648
2.648
2.646
2.643
2.65
2.655
2.64
2.628
2.634
2.63
2.629
2.622
2.612
2.614
2.629
2.613
2.605
2.611
2.605
2.606
2.624
2.616
2.618
2.625
2.615
2.617
2.617
2.618
2.616
2.612
2.614
2.614
2.632
2.61
2.605
2.595
2.591
2.591
2.591
2.591
2.59
2.6
2.59
2.588
2.58
2.579
2.574
2.574
2.577
2.572
2.571
2.58
2.58
2.57
2.575
2.573
2.574
2.575
2.575
2.57
2.572
2.57
2.578
2.573
2.572
2.571
2.575
2.575
2.573
2.573
2.57
2.575
2.571
2.566
2.564
2.558
2.554
2.553
2.552
2.537
2.521
2.53
2.557
2.558
2.565
2.559
2.556
2.551
2.549
2.549
2.561
2.561
2.559
2.564
2.563
2.558
2.558
2.559
2.557
2.555
2.561
2.614
2.627
2.639
2.644
2.659
2.669
2.669
2.669
2.66
2.669
2.67
2.641
2.66
2.672
2.643
2.656
2.651
2.648
2.655
2.669
2.665
2.666
2.666
2.666
2.683
2.677
2.679
2.675
2.679
2.676
2.673
2.675
2.671
2.667
2.662
2.665
2.677
2.682
2.67
2.664
2.67
2.67
2.672
2.675
2.674
2.673
2.66
2.64
2.684
2.689
2.687
2.684
2.695
2.694
2.695
2.7
2.691
2.677
2.666
2.669
2.674
2.679
2.682
2.674
2.674
2.679
2.689
2.677
2.67
2.666
2.677
2.671
2.683
2.68
2.666
2.669
2.68
2.68
2.67
2.677
2.671
2.659
2.649
2.674
2.674
2.67
2.67
2.669
2.657
2.659
2.66
2.657
2.658
2.652
2.648
2.667
2.673
2.67
2.665
2.675
2.68
2.674
2.669
2.67
2.677
2.67
2.66
2.669
2.677
2.675
2.677
2.67
2.67
2.66
2.661
2.662
2.671
2.675
2.662
2.66
2.661
2.653
2.656
2.653
2.654
2.631
2.643
2.64
2.613
2.613
2.607
2.591
2.591
2.59
2.626
2.639
2.648
2.647
2.615
2.613
2.626
2.626
2.633
2.635
2.637
2.64
2.65
2.63
2.636
2.626
2.632
2.645
2.64
2.632
2.629
2.649
2.627
2.631
2.633
2.633
2.631
2.643
2.647
2.641
2.654
2.65
2.64
2.645
2.626
2.627
2.624
2.624
2.606
2.611
2.64
2.642
2.624
2.607
2.61
2.607
2.611
2.61
2.611
2.616
2.638
2.624
2.621
2.627
2.63
2.634
2.64
2.652
2.646
2.659
2.659
2.657
2.656
2.648
2.646
2.645
2.657
2.664
2.671
2.677
2.689
2.687
2.688
2.685
2.685
2.674
2.674
2.688
2.67
2.67
2.667
2.68
2.683
2.695
2.69
2.695
2.689
2.674
2.689
2.682
2.686
2.673
2.673
2.69
2.691
2.682
2.682
2.663
2.674
2.655
2.662
2.666
2.667
2.655
2.66
2.666
2.665
2.671
2.689
2.688
2.681
2.682
2.689
2.691
2.691
2.691
2.73
2.739
2.737
2.748
2.736
2.738
2.734
2.738
2.734
2.741
2.72
2.737
2.722
2.72
2.719
2.724
2.73
2.732
2.732
2.73
2.72
2.705
2.711
2.71
2.695
2.711
2.706
2.709
2.719
2.73
2.728
2.733
2.739
2.741
2.74
2.735
2.735
2.717
2.724
2.718
2.71
2.724
2.723
2.723
2.717
2.719
2.715
2.709
2.728
2.722
2.729
2.717
2.716
2.728
2.726
2.728
2.718
2.731
2.734
2.734
2.73
2.739
2.735
2.739
2.726
2.729
2.729
2.736
2.745
2.728
2.73
2.743
2.724
2.724
2.724
2.724
2.744
2.736
2.743
2.742
2.749
2.742
2.764
2.764
2.755
2.766
2.761
2.755
2.731
2.72
2.721
2.713
2.707
2.707
2.709
2.696
2.692
2.701
2.686
2.675
2.685
2.696
2.702
2.698
2.7
2.703
2.736
2.717
2.693
2.71
2.696
2.701
2.7
2.7
2.7
2.7
2.699
2.682
2.675
2.671
2.665
2.712
2.701
2.686
2.702
2.7
2.696
2.691
2.677
2.681
2.693
2.684
2.693
2.692
2.693
2.691
2.694
2.697
2.689
2.699
2.69
2.688
2.681
2.687
2.684
2.676
2.672
2.673
2.665
2.677
2.666
2.658
2.656
2.645
2.633
2.641
2.668
2.65
2.616
2.629
2.656
2.644
2.65
2.647
2.646
2.647
2.649
2.649
2.647
2.658
2.665
2.65
2.652
2.65
2.647
2.63
2.635
2.626
2.61
2.626
2.632
2.628
2.636
2.637
2.614
2.624
2.624
2.633
2.622
2.622
2.63
2.634
2.635
2.64
2.638
2.64
2.632
2.632
2.628
2.628
2.62
2.62
2.643
2.641
2.638
2.637
2.632
2.637
2.646
2.665
2.66
2.654
2.656
2.65
2.65
2.652
2.653
2.652
2.666
2.665
2.663
2.674
2.676
2.681
2.671
2.67
2.68
2.684
2.666
2.665
2.661
2.663
2.651
2.666
2.636
2.647
2.644
2.655
2.64
2.651
2.649
2.658
2.689
2.665
2.661
2.647
2.667
2.678
2.695
2.697
2.703
2.678
2.665
2.652
2.655
2.671
2.696
2.699
2.672
2.667
2.666
2.671
2.667
2.672
2.664
2.67
2.66
2.672
2.682
2.675
2.684
2.681
2.693
2.693
2.7
2.687
2.686
2.673
2.678
2.677
2.67
2.66
2.653
2.657
2.658
2.661
2.674
2.67
2.66
2.663
2.671
2.672
2.671
2.671
2.673
2.676
2.665
2.668
2.655
2.652
2.652
2.651
2.652
2.651
2.652
2.651
2.65
2.66
2.653
2.648
2.648
2.65
2.655
2.658
2.656
2.661
2.66
2.662
2.654
2.646
2.651
2.658
2.658
2.656
2.652
2.663
2.67
2.669
2.662
2.657
2.651
2.65
2.652
2.656
2.658
2.656
2.66
2.667
2.657
2.66
2.664
2.665
2.665
2.664
2.663
2.661
2.661
2.671
2.67
2.676
2.673
2.676
2.66
2.672
2.67
2.67
2.674
2.649
2.646
2.644
2.646
2.642
2.64
2.641
2.648
2.67
2.668
2.666
2.666
2.666
2.668
2.671
2.672
2.686
2.672
2.678
2.666
2.671
2.68
2.686
2.68
2.67
2.673
2.675
2.679
2.682
2.681
2.679
2.688
2.689
2.707
2.694
2.699
2.679
2.654
2.654
2.646
2.642
2.646
2.643
2.644
2.656
2.656
2.66
2.678
2.656
2.659
2.656
2.651
2.654
2.655
2.655
2.651
2.654
2.667
2.654
2.659
2.654
2.653
2.653
2.653
2.656
2.652
2.66
2.65
2.652
2.657
2.663
2.659
2.655
2.651
2.647
2.65
2.66
2.647
2.649
2.649
2.649
2.655
2.644
2.646
2.644
2.64
2.639
2.645
2.645
2.642
2.644
2.643
2.644
2.645
2.645
2.65
2.661
2.66
2.653
2.645
2.642
2.645
2.642
2.644
2.646
2.642
2.66
2.659
2.659
2.661
2.645
2.654
2.654
2.653
2.652
2.664
2.656
2.652
2.653
2.656
2.653
2.647
2.647
2.648
2.645
2.652
2.644
2.649
2.653
2.657
2.656
2.658
2.655
2.652
2.652
2.66
2.68
2.677
2.68
2.68
2.679
2.678
2.68
2.683
2.682
2.685
2.691
2.685
2.69
2.693
2.7
2.692
2.688
2.69
2.69
2.69
2.695
2.701
2.699
2.698
2.698
2.694
2.694
2.693
2.687
2.693
2.7
2.701
2.699
2.7
2.699
2.695
2.69
2.697
2.69
2.673
2.68
2.67
2.664
2.664
2.663
2.663
2.669
2.661
2.673
2.68
2.673
2.67
2.67
2.673
2.666
2.668
2.664
2.673
2.676
2.688
2.693
2.7
2.693
2.688
2.692
2.689
2.699
2.692
2.695
2.69
2.711
2.691
2.693
2.703
2.7
2.695
2.69
2.681
2.697
2.69
2.688
2.691
2.692
2.691
2.69
2.69
2.691
2.693
2.693
2.699
2.703
2.701
2.699
2.696
2.701
2.697
2.695
2.705
2.701
2.702
2.703
2.703
2.702
2.707
2.709
2.709
2.719
2.724
2.743
2.734
2.722
2.72
2.715
2.718
2.711
2.697
2.69
2.701
2.708
2.704
2.702
2.7
2.7
2.699
2.702
2.7
2.693
2.692
2.698
2.7
2.694
2.703
2.71
2.718
2.719
2.708
2.711
2.71
2.706
2.708
2.707
2.705
2.711
2.712
2.71
2.719
2.71
2.705
2.71
2.705
2.704
2.705
2.699
2.699
2.707
2.695
2.71
2.712
2.706
2.706
2.706
2.695
2.697
2.69
2.692
2.699
2.708
2.702
2.706
2.711
2.709
2.71
2.712
2.711
2.706
2.71
2.71
2.717
2.71
2.71
2.708
2.709
2.709
2.71
2.714
2.717
2.717
2.716
2.723
2.724
2.73
2.736
2.738
2.738
2.746
2.745
2.755
2.756
2.756
2.758
2.76
2.765
2.765
2.766
2.761
2.768
2.764
2.762
2.756
2.757
2.761
2.759
2.75
2.757
2.754
2.755
2.757
2.756
2.754
2.756
2.756
2.757
2.764
2.663
2.679
2.681
2.692
2.686
2.686
2.686
2.684
2.679
2.694
2.7
2.694
2.711
2.71
2.691
2.69
2.686
2.695
2.697
2.7
2.699
2.7
2.7
2.706
2.711
2.71
2.709
2.71
2.71
2.696
2.7
2.707
2.7
2.703
2.705
2.703
2.701
2.703
2.704
2.7
2.69
2.703
2.705
2.704
2.697
2.701
2.702
2.704
2.706
2.703
2.71
2.709
2.713
2.711
2.71
2.708
2.711
2.703
2.707
2.7
2.701
2.705
2.707
2.706
2.708
2.709
2.71
2.709
2.712
2.696
2.701
2.714
2.717
2.719
2.74
2.737
2.733
2.725
2.722
2.723
2.728
2.727
2.727
2.722
2.72
2.72
2.725
2.724
2.725
2.736
2.721
2.724
2.724
2.724
2.723
2.722
2.721
2.725
2.73
2.73
2.726
2.728
2.731
2.735
2.734
2.735
2.733
2.737
2.75
2.756
2.761
2.766
2.761
2.774
2.772
2.774
2.769
2.765
2.76
2.762
2.774
2.775
2.778
2.8
2.801
2.801
2.806
2.78
2.808
2.809
2.809
2.814
2.819
2.816
2.81
2.81
2.805
2.811
2.81
2.8
2.799
2.796
2.794
2.793
2.791
2.789
2.787
2.786
2.786
2.789
2.796
2.796
2.8
2.798
2.799
2.796
2.798
2.81
2.81
2.836
2.821
2.827
2.82
2.839
2.831
2.831
2.83
2.83
2.83
2.845
2.857
2.853
2.85
2.855
2.853
2.854
2.843
2.846
2.854
2.852
2.848
2.85
2.85
2.853
2.853
2.885
2.862
2.866
2.886
2.862
2.874
2.879
2.869
2.875
2.95
2.966
2.952
2.98
2.966
2.948
2.945
2.929
2.927
2.937
2.922
2.942
2.92
2.921
2.98
2.969
2.978
2.985
2.988
3.029
3.009
3.014
3.034
3.034
3.035
3.03
3.031
3.015
3.01
2.997
3.001
2.988
2.99
3.009
2.995
2.99
2.979
2.978
2.98
2.98
2.978
2.979
2.98
2.989
2.981
2.985
3.004
3.014
3.005
2.991
2.98
2.988
2.97
2.999
2.959
2.958
2.958
2.961
2.932
2.921
2.911
2.915
2.93
2.93
2.927
2.92
2.912
2.911
2.906
2.908
2.9
2.895
2.88
2.888
2.889
2.92
2.902
2.911
2.911
2.912
2.915
2.92
2.925
2.9
2.905
2.902
2.901
2.906
2.903
2.893
2.884
2.903
2.908
2.909
2.927
2.932
2.931
2.941
2.941
2.947
2.953
2.954
2.956
2.97
2.965
2.976
2.979
2.977
2.967
2.966
2.972
2.958
2.97
2.955
2.96
2.968
2.99
3.005
2.986
2.972
2.973
2.969
2.96
2.993
2.998
3.001
3.009
3.005
2.985
2.969
2.968
2.96
2.942
2.94
2.932
2.923
2.92
2.922
2.924
2.925
2.925
2.927
2.917
2.931
2.94
2.954
2.97
2.971
2.96
2.958
2.971
2.964
2.97
2.984
2.978
2.985
2.99
2.996
2.999
3.003
3.019
3.016
3.02
3.033
3.023
3.038
3.065
3.068
3.067
3.068
3.058
3.059
3.039
3.074
3.029
3.022
3.022
3.016
3.007
3.019
3.02
3.01
3.027
3.02
3.036
3.037
3.047
3.049
3.04
3.049
3.033
3.031
3.019
3.047
3.052
3.062
3.047
3.048
3.047
3.056
3.047
3.065
3.065
3.059
3.07
3.069
3.104
3.106
3.1
3.11
3.107
3.099
3.1
3.119
3.131
3.134
3.147
3.145
3.137
3.142
3.133
3.12
3.14
3.16
3.149
3.125
3.129
3.147
3.139
3.138
3.132
3.113
3.125
3.143
3.123
3.125
3.131
3.129
3.132
3.13
3.131
3.129
3.139
3.125
3.105
3.112
3.081
3.078
3.066
3.073
3.057
3.038
3.057
3.051
3.076
3.074
3.069
3.07
3.065
3.091
3.096
3.1
3.114
3.128
3.125
3.131
3.13
3.133
3.126
3.119
3.128
3.129
3.092
3.092
3.094
3.074
3.087
3.099
3.127
3.12
3.133
3.133
3.093
3.063
3.075
3.078
3.042
3.051
3.048
3.066
3.046
3.021
3.008
3.013
3.033
3.028
3.015
3.016
3.019
3.06
3.088
3.09
3.025
3.03
3.021
3.024
3.021
3.017
3.001
2.996
2.981
2.999
2.95
2.916
2.914
2.91
2.947
2.943
3.004
2.976
2.989
2.988
3.038
3.0
2.991
2.991
2.994
2.92
2.949
2.93
2.924
2.922
2.97
2.966
2.973
2.989
2.992
2.994
2.983
2.99
2.941
2.957
2.994
2.953
2.972
2.967
2.95
2.983
2.982
2.945
2.942
2.963
2.997
2.981
2.976
2.958
2.962
2.952
2.949
2.936
2.941
2.949
2.9
2.929
2.896
2.88
2.887
2.879
2.882
2.89
2.904
2.908
2.692
2.718
2.705
2.87
2.883
2.795
2.845
2.858
2.795
2.786
2.834
2.786
2.763
2.762
2.762
2.763
2.722
2.754
2.742
2.742
2.69
2.603
2.597
2.559
2.574
2.561
2.577
2.575
2.564
2.58
2.56
2.64
2.559
2.583
2.56
2.6
2.575
2.53
2.505
2.5
2.406
2.454
2.423
2.364
2.399
2.35
2.351
2.38
2.445
2.432
2.401
2.483
2.422
2.385
2.4
2.406
2.378
2.217
2.311
2.315
2.252
2.317
2.259
2.258
2.247
2.242
2.229
2.257
2.271
2.33
2.313
2.266
2.389
2.346
2.333
2.323
2.336
2.325
2.353
2.425
2.463
2.499
2.5
2.497
2.476
2.46
2.38
2.396
2.458
2.454
2.425
2.399
2.412
2.397
2.417
2.407
2.461
2.448
2.445
2.416
2.492
2.489
2.506
2.507
2.502
2.504
2.501
2.5
2.53
2.508
2.539
2.659
2.581
2.577
2.494
2.555
2.566
2.515
2.56
2.525
2.525
2.516
2.485
2.502
2.49
2.509
2.532
2.575
2.56
2.566
2.566
2.539
2.524
2.495
2.515
2.501
2.498
2.462
2.479
2.499
2.449
2.506
2.498
2.499
2.501
2.497
2.51
2.504
2.495
2.482
2.5
2.571
2.57
2.566
2.557
2.532
2.536
2.53
2.52
2.574
2.501
2.55
2.547
2.528
2.541
2.552
2.538
2.527
2.526
2.54
2.588
2.555
2.55
2.551
2.559
2.532
2.527
2.516
2.556
2.549
2.549
2.56
2.577
2.578
2.569
2.574
2.585
2.58
2.587
2.571
2.586
2.64
2.64
2.666
2.649
2.664
2.666
2.666
2.665
2.639
2.708
2.71
2.691
2.697
2.716
2.647
2.615
2.667
2.637
2.613
2.615
2.63
2.633
2.63
2.644
2.643
2.648
2.645
2.649
2.66
2.661
2.693
2.694
2.7
2.698
2.666
2.68
2.682
2.683
2.649
2.666
2.663
2.668
2.664
2.671
2.685
2.694
2.709
2.708
2.705
2.75
2.701
2.71
2.708
2.717
2.72
2.713
2.716
2.711
2.705
2.72
2.728
2.729
2.726
2.786
2.766
2.782
2.784
2.786
2.788
2.782
2.713
2.7
2.668
2.682
2.676
2.662
2.684
2.657
2.678
2.677
2.723
2.753
2.74
2.732
2.735
2.733
2.696
2.711
2.702
2.75
2.729
2.715
2.715
2.726
2.71
2.703
2.704
2.7
2.69
2.688
2.699
2.706
2.709
2.696
2.672
2.667
2.695
2.68
2.698
2.66
2.65
2.662
2.636
2.64
2.632
2.636
2.662
2.69
2.68
2.67
2.693
2.71
2.717
2.697
2.726
2.734
2.713
2.693
2.702
2.738
2.724
2.704
2.678
2.676
2.679
2.688
2.69
2.698
2.69
2.69
2.669
2.669
2.672
2.706
2.72
2.716
2.702
2.697
2.68
2.709
2.711
2.719
2.718
2.702
2.699
2.697
2.698
2.699
2.705
2.71
2.71
2.718
2.749
2.762
2.734
2.74
2.73
2.71
2.713
2.74
2.767
2.764
2.76
2.731
2.73
2.75
2.75
2.765
2.745
2.792
2.772
2.758
2.766
2.759
2.749
2.747
2.78
2.795
2.804
2.799
2.763
2.734
2.755
2.751
2.782
2.773
2.772
2.767
2.769
2.817
2.796
2.797
2.807
2.819
2.835
2.852
2.856
2.857
2.861
2.882
2.851
2.851
2.819
2.817
2.808
2.815
2.811
2.812
2.806
2.8
2.74
2.723
2.708
2.716
2.734
2.749
2.703
2.705
2.69
2.693
2.648
2.634
2.639
2.638
2.633
2.635
2.624
2.622
2.61
2.596
2.606
2.618
2.613
2.63
2.626
2.622
2.612
2.618
2.613
2.606
2.643
2.648
2.673
2.68
2.677
2.664
2.669
2.653
2.66
2.66
2.649
2.665
2.673
2.661
2.652
2.642
2.646
2.654
2.641
2.67
2.659
2.657
2.657
2.654
2.655
2.655
2.656
2.645
2.636
2.644
2.65
2.65
2.65
2.657
2.663
2.657
2.647
2.65
2.648
2.65
2.648
2.646
2.64
2.644
2.643
2.649
2.648
2.652
2.64
2.645
2.626
2.642
2.648
2.643
2.65
2.653
2.658
2.64
2.65
2.659
2.644
2.63
2.638
2.64
2.637
2.64
2.64
2.631
2.629
2.629
2.632
2.63
2.63
2.63
2.63
2.629
2.628
2.626
2.627
2.637
2.638
2.638
2.64
2.639
2.643
2.644
2.652
2.667
2.658
2.675
2.685
2.686
2.688
2.683
2.689
2.69
2.697
2.685
2.677
2.684
2.682
2.685
2.685
2.695
2.693
2.685
2.668
2.667
2.677
2.677
2.697
2.703
2.708
2.705
2.715
2.714
2.712
2.707
2.707
2.706
2.687
2.69
2.716
2.711
2.725
2.715
2.719
2.724
2.737
2.75
2.765
2.73
2.731
2.734
2.737
2.743
2.738
2.742
2.753
2.755
2.763
2.755
2.75
2.76
2.76
2.755
2.759
2.784
2.787
2.79
2.805
2.814
2.81
2.798
2.797
2.802
2.798
2.795
2.804
2.803
2.791
2.789
2.791
2.792
2.794
2.785
2.764
2.777
2.779
2.78
2.793
2.794
2.785
2.79
2.789
2.79
2.787
2.779
2.778
2.78
2.761
2.779
2.79
2.797
2.813
2.813
2.81
2.808
2.808
2.818
2.803
2.792
2.797
2.807
2.815
2.808
2.819
2.8
2.81
2.816
2.798
2.787
2.793
2.81
2.805
2.801
2.791
2.785
2.796
2.789
2.771
2.761
2.76
2.755
2.743
2.732
2.734
2.731
2.733
2.718
2.737
2.74
2.756
2.746
2.752
2.753
2.749
2.747
2.741
2.773
2.785
2.777
2.782
2.785
2.787
2.789
2.795
2.794
2.79
2.796
2.79
2.795
2.788
2.794
2.795
2.789
2.792
2.774
2.795
2.79
2.79
2.788
2.788
2.792
2.787
2.789
2.797
2.789
2.805
2.706
2.717
2.719
2.72
2.728
2.74
2.744
2.741
2.728
2.769
2.75
2.736
2.732
2.722
2.726
2.725
2.724
2.728
2.732
2.74
2.749
2.735
2.737
2.741
2.739
2.74
2.735
2.736
2.731
2.726
2.72
2.717
2.72
2.715
2.714
2.713
2.711
2.716
2.723
2.711
2.724
2.721
2.721
2.719
2.715
2.718
2.714
2.72
2.743
2.712
2.711
2.713
2.718
2.724
2.75
2.748
2.738
2.751
2.75
2.75
2.785
2.784
2.828
2.799
2.798
2.803
2.796
2.795
2.785
2.799
2.802
2.801
2.799
2.792
2.789
2.787
2.789
2.787
2.775
2.794
2.79
2.79
2.796
2.798
2.799
2.799
2.8
2.828
2.851
2.851
2.863
2.864
2.868
2.874
2.874
2.87
2.862
2.861
2.838
2.839
2.836
2.831
2.832
2.839
2.836
2.841
2.85
2.838
2.838
2.84
2.87
2.873
2.866
2.872
2.871
2.875
2.871
2.851
2.866
2.865
2.873
2.871
2.879
2.887
2.885
2.856
2.852
2.86
2.839
2.849
2.843
2.84
2.85
2.852
2.85
2.85
2.84
2.858
2.857
2.863
2.859
2.856
2.852
2.861
2.849
2.85
2.842
2.808
2.822
2.83
2.824
2.827
2.828
2.833
2.847
2.833
2.825
2.824
2.83
2.837
2.839
2.836
2.838
2.84
2.84
2.849
2.823
2.818
2.813
2.819
2.822
2.818
2.818
2.818
2.805
2.816
2.817
2.825
2.827
2.815
2.82
2.825
2.817
2.812
2.82
2.82
2.821
2.826
2.847
2.855
2.868
2.889
2.881
2.879
2.89
2.898
2.928
2.919
2.911
2.914
2.919
2.917
2.907
2.909
2.908
2.894
2.89
2.896
2.904
2.913
2.906
2.896
2.905
2.888
2.876
2.904
2.891
2.891
2.879
2.863
2.857
2.865
2.858
2.85
2.84
2.84
2.856
2.86
2.858
2.846
2.848
2.85
2.852
2.834
2.84
2.853
2.854
2.845
2.849
2.852
2.845
2.817
2.819
2.818
2.83
2.816
2.803
2.797
2.803
2.79
2.789
2.788
2.781
2.775
2.79
2.822
2.83
2.838
2.839
2.837
2.837
2.838
2.818
2.811
2.84
2.812
2.793
2.788
2.785
2.785
2.785
2.792
2.795
2.801
2.795
2.816
2.831
2.819
2.826
2.829
2.825
2.827
2.826
2.831
2.82
2.838
2.842
2.86
2.869
2.859
2.875
2.886
2.876
2.875
2.85
2.854
2.844
2.885
2.871
2.879
2.846
2.836
2.851
2.847
2.85
2.855
2.842
2.86
2.843
2.857
2.86
2.858
2.859
2.859
2.865
2.846
2.838
2.829
2.833
2.832
2.82
2.817
2.814
2.8
2.817
2.817
2.818
2.819
2.819
2.806
2.828
2.821
2.823
2.828
2.825
2.828
2.828
2.825
2.823
2.83
2.834
2.831
2.832
2.832
2.825
2.815
2.812
2.816
2.812
2.811
2.809
2.808
2.807
2.812
2.815
2.811
2.814
2.816
2.82
2.823
2.826
2.826
2.823
2.826
2.827
2.825
2.828
2.835
2.831
2.832
2.83
2.836
2.836
2.8
2.79
2.785
2.78
2.788
2.785
2.791
2.781
2.782
2.78
2.786
2.786
2.789
2.788
2.789
2.776
2.792
2.797
2.792
2.775
2.748
2.74
2.737
2.728
2.738
2.75
2.748
2.753
2.756
2.752
2.737
2.762
2.74
2.752
2.748
2.757
2.756
2.754
2.757
2.757
2.755
2.75
2.748
2.744
2.749
2.756
2.749
2.75
2.75
2.754
2.753
2.752
2.751
2.753
2.755
2.746
2.752
2.745
2.743
2.742
2.756
2.741
2.734
2.741
2.743
2.733
2.717
2.717
2.713
2.721
2.719
2.719
2.717
2.721
2.722
2.723
2.717
2.699
2.7
2.71
2.712
2.712
2.713
2.708
2.711
2.71
2.711
2.71
2.71
2.708
2.716
2.715
2.712
2.715
2.714
2.72
2.729
2.735
2.751
2.764
2.753
2.754
2.753
2.75
2.75
2.75
2.717
2.711
2.717
2.718
2.72
2.723
2.722
2.722
2.716
2.725
2.724
2.726
2.724
2.722
2.721
2.722
2.712
2.719
2.72
2.721
2.72
2.73
2.72
2.718
2.726
2.729
2.728
2.724
2.716
2.726
2.729
2.732
2.72
2.728
2.732
2.731
2.725
2.725
2.72
2.728
2.731
2.737
2.732
2.739
2.729
2.717
2.715
2.714
2.71
2.71
2.711
2.712
2.712
2.71
2.714
2.713
2.715
2.715
2.715
2.712
2.716
2.716
2.717
2.715
2.711
2.717
2.721
2.721
2.721
2.715
2.716
2.719
2.718
2.723
2.721
2.713
2.722
2.721
2.717
2.717
2.715
2.719
2.709
2.711
2.712
2.714
2.71
2.721
2.712
2.715
2.715
2.717
2.716
2.724
2.727
2.725
2.722
2.722
2.721
2.723
2.727
2.726
2.722
2.722
2.714
2.713
2.702
2.704
2.702
2.705
2.697
2.691
2.696
2.698
2.697
2.697
2.699
2.704
2.711
2.74
2.733
2.731
2.738
2.738
2.735
2.742
2.75
2.734
2.729
2.732
2.735
2.736
2.739
2.739
2.736
2.746
2.756
2.756
2.756
2.749
2.75
2.737
2.732
2.728
2.732
2.728
2.745
2.752
2.763
2.757
2.757
2.768
2.76
2.77
2.768
2.752
2.736
2.741
2.747
2.741
2.741
2.74
2.736
2.737
2.738
2.737
2.737
2.726
2.727
2.73
2.725
2.727
2.737
2.737
2.735
2.75
2.732
2.731
2.731
2.731
2.73
2.732
2.745
2.738
2.74
2.745
2.741
2.735
2.739
2.744
2.733
2.73
2.733
2.729
2.727
2.729
2.724
2.717
2.729
2.728
2.73
2.727
2.723
2.723
2.719
2.707
2.703
2.702
2.71
2.708
2.741
2.739
2.749
2.744
2.745
2.747
2.744
2.749
2.755
2.738
2.736
2.738
2.738
2.738
2.737
2.742
2.748
2.754
2.749
2.749
2.751
2.745
2.747
2.74
2.741
2.741
2.741
2.74
2.736
2.74
2.749
2.751
2.745
2.742
2.743
2.748
2.754
2.745
2.762
2.769
2.77
2.772
2.77
2.771
2.769
2.769
2.764
2.759
2.767
2.763
2.762
2.76
2.768
2.767
2.772
2.77
2.765
2.769
2.768
2.768
2.77
2.77
2.77
2.771
2.768
2.772
2.775
2.774
2.77
2.767
2.768
2.783
2.794
2.788
2.794
2.805
2.797
2.797
2.798
2.797
2.796
2.81
2.839
2.85
2.859
2.852
2.85
2.876
2.891
2.89
2.901
2.89
2.89
2.893
2.892
2.898
2.912
2.91
2.912
2.904
2.925
2.924
2.85
2.857
2.882
2.874
2.862
2.864
2.864
2.86
2.86
2.88
2.834
2.817
2.82
2.791
2.8
2.79
2.78
2.777
2.78
2.791
2.785
2.786
2.785
2.788
2.785
2.779
2.779
2.777
2.775
2.778
2.765
2.769
2.765
2.762
2.765
2.755
2.763
2.768
2.77
2.782
2.775
2.773
2.762
2.759
2.765
2.773
2.762
2.758
2.782
2.763
2.767
2.76
2.755
2.758
2.752
2.751
2.746
2.748
2.744
2.74
2.748
2.75
2.758
2.767
2.763
2.767
2.765
2.765
2.76
2.752
2.746
2.749
2.744
2.745
2.742
2.744
2.747
2.755
2.755
2.757
2.761
2.756
2.759
2.764
2.754
2.762
2.77
2.82
2.811
2.804
2.808
2.81
2.819
2.825
2.823
2.826
2.824
2.833
2.824
2.8
2.797
2.806
2.802
2.804
2.804
2.806
2.805
2.805
2.809
2.809
2.808
2.804
2.804
2.82
2.817
2.814
2.804
2.8
2.799
2.776
2.792
2.777
2.795
2.787
2.788
2.79
2.787
2.785
2.789
2.781
2.779
2.778
2.76
2.755
2.751
2.758
2.763
2.758
2.763
2.763
2.763
2.757
2.743
2.744
2.743
2.747
2.747
2.746
2.745
2.745
2.745
2.748
2.75
2.746
2.748
2.747
2.753
2.757
2.757
2.752
2.754
2.756
2.755
2.754
2.755
2.755
2.75
2.756
2.762
2.763
2.766
2.765
2.77
2.789
2.772
2.784
2.783
2.782
2.785
2.779
2.778
2.783
2.785
2.781
2.78
2.785
2.774
2.767
2.765
2.767
2.758
2.755
2.745
2.745
2.743
2.741
2.726
2.735
2.741
2.752
2.751
2.755
2.744
2.758
2.759
2.753
2.755
2.752
2.761
2.759
2.755
2.75
2.755
2.75
2.754
2.749
2.753
2.748
2.737
2.734
2.735
2.736
2.735
2.74
2.737
2.735
2.737
2.739
2.741
2.743
2.744
2.74
2.747
2.734
2.736
2.732
2.732
2.732
2.73
2.722
2.72
2.715
2.723
2.729
2.727
2.724
2.728
2.719
2.712
2.716
2.713
2.71
2.712
2.7
2.699
2.697
2.707
2.707
2.707
2.709
2.704
2.697
2.711
2.71
2.703
2.705
2.706
2.706
2.703
2.704
2.709
2.708
2.712
2.72
2.722
2.722
2.712
2.709
2.703
2.705
2.703
2.699
2.699
2.701
2.695
2.691
2.696
2.697
2.698
2.699
2.698
2.701
2.699
2.698
2.695
2.69
2.699
2.693
2.697
2.697
2.699
2.7
2.7
2.701
2.701
2.7
2.699
2.707
2.709
2.696
2.699
2.696
2.698
2.694
2.681
2.68
2.685
2.68
2.684
2.684
2.683
2.683
2.677
2.674
2.692
2.696
2.693
2.694
2.689
2.684
2.698
2.702
2.706
2.708
2.706
2.705
2.705
2.698
2.687
2.693
2.693
2.693
2.693
2.686
2.689
2.681
2.686
2.694
2.695
2.696
2.695
2.694
2.692
2.693
2.692
2.691
2.693
2.693
2.68
2.682
2.687
2.69
2.687
2.685
2.689
2.682
2.69
2.672
2.676
2.673
2.662
2.646
2.657
2.66
2.658
2.662
2.662
2.664
2.667
2.668
2.668
2.666
2.673
2.676
2.675
2.674
2.67
2.67
2.659
2.665
2.654
2.653
2.656
2.659
2.668
2.67
2.67
2.664
2.667
2.659
2.659
2.647
2.655
2.657
2.66
2.666
2.663
2.659
2.664
2.668
2.664
2.627
2.61
2.624
2.6
2.604
2.6
2.606
2.61
2.612
2.615
2.623
2.624
2.606
2.608
2.594
2.578
2.583
2.588
2.578
2.583
2.583
2.594
2.6
2.596
2.6
2.609
2.615
2.617
2.615
2.58
2.584
2.585
2.584
2.572
2.577
2.582
2.583
2.585
2.594
2.593
2.591
2.587
2.59
2.6
2.585
2.599
2.592
2.605
2.61
2.611
2.602
2.605
2.607
2.619
2.618
2.617
2.618
2.619
2.629
2.616
2.626
2.617
2.615
2.614
2.618
2.621
2.62
2.626
2.62
2.624
2.626
2.625
2.63
2.634
2.619
2.644
2.65
2.645
2.647
2.647
2.648
2.656
2.656
2.656
2.66
2.667
2.67
2.67
2.665
2.662
2.66
2.665
2.655
2.659
2.663
2.672
2.665
2.669
2.672
2.681
2.682
2.68
2.684
2.679
2.698
2.688
2.694
2.691
2.69
2.723
2.711
2.712
2.728
2.721
2.721
2.722
2.721
2.719
2.73
2.746
2.755
2.75
2.744
2.742
2.754
2.751
2.733
2.728
2.727
2.734
2.738
2.736
2.737
2.734
2.755
2.75
2.748
2.751
2.75
2.742
2.74
2.723
2.713
2.728
2.729
2.73
2.728
2.727
2.726
2.729
2.728
2.732
2.743
2.738
2.735
2.739
2.74
2.74
2.74
2.738
2.738
2.737
2.727
2.727
2.736
2.731
2.738
2.739
2.742
2.738
2.74
2.742
2.739
2.736
2.739
2.74
2.739
2.74
2.748
2.753
2.744
2.75
2.748
2.751
2.75
2.74
2.734
2.736
2.743
2.741
2.746
2.757
2.759
2.758
2.74
2.728
2.736
2.741
2.74
2.74
2.74
2.737
2.735
2.748
2.748
2.747
2.748
2.744
2.751
2.745
2.745
2.745
2.745
2.758
2.76
2.752
2.755
2.75
2.747
2.757
2.758
2.755
2.755
2.759
2.755
2.758
2.76
2.758
2.756
2.754
2.758
2.756
2.759
2.755
2.757
2.756
2.756
2.753
2.759
2.757
2.757
2.756
2.757
2.757
2.759
2.761
2.76
2.76
2.758
2.76
2.759
2.763
2.765
2.77
2.777
2.773
2.773
2.77
2.771
2.777
2.772
2.769
2.76
2.761
2.765
2.765
2.764
2.765
2.771
2.762
2.764
2.762
2.765
2.763
2.764
2.758
2.755
2.76
2.763
2.762
2.768
2.766
2.772
2.773
2.761
2.756
2.755
2.745
2.734
2.737
2.737
2.739
2.74
2.748
2.747
2.749
2.754
2.753
2.759
2.761
2.759
2.76
2.762
2.763
2.766
2.768
2.767
2.771
2.778
2.78
2.774
2.779
2.765
2.775
2.782
2.78
2.776
2.777
2.779
2.78
2.78
2.778
2.779
2.779
2.782
2.782
2.782
2.78
2.761
2.776
2.776
2.773
2.769
2.772
2.775
2.779
2.778
2.776
2.773
2.773
2.777
2.777
2.777
2.782
2.788
2.79
2.788
2.788
2.789
2.788
2.788
2.788
2.785
2.787
2.787
2.788
2.788
2.788
2.795
2.789
2.788
2.787
2.788
2.787
2.788
2.786
2.788
2.79
2.794
2.792
2.797
2.798
2.8
2.797
2.798
2.795
2.787
2.785
2.788
2.788
2.788
2.789
2.782
2.788
2.789
2.787
2.787
2.786
2.798
2.789
2.783
2.781
2.785
2.775
2.769
2.767
2.772
2.775
2.78
2.78
2.775
2.778
2.78
2.785
2.782
2.781
2.784
2.788
2.79
2.788
2.79
2.793
2.794
2.794
2.793
2.792
2.789
2.792
2.795
2.788
2.788
2.788
2.783
2.779
2.779
2.78
2.775
2.777
2.783
2.784
2.783
2.789
2.79
2.782
2.793
2.786
2.798
2.796
2.797
2.799
2.8
2.799
2.797
2.8
2.801
2.792
2.793
2.794
2.806
2.809
2.81
2.808
2.82
2.82
2.819
2.812
2.814
2.811
2.807
2.809
2.812
2.812
2.812
2.82
2.815
2.807
2.807
2.807
2.803
2.8
2.802
2.801
2.8
2.811
2.807
2.808
2.808
2.813
2.814
2.816
2.819
2.818
2.823
2.825
2.824
2.825
2.819
2.817
2.822
2.823
2.825
2.828
2.828
2.817
2.817
2.828
2.838
2.835
2.841
2.848
2.845
2.833
2.851
2.847
2.845
2.844
2.846
2.852
2.851
2.861
2.859
2.87
2.875
2.881
2.88
2.884
2.882
2.889
2.882
2.884
2.888
2.892
2.892
2.798
2.811
2.808
2.794
2.789
2.777
2.78
2.778
2.783
2.77
2.778
2.781
2.781
2.784
2.78
2.78
2.789
2.786
2.788
2.77
2.771
2.759
2.764
2.769
2.766
2.769
2.773
2.772
2.774
2.775
2.77
2.748
2.738
2.732
2.712
2.691
2.697
2.69
2.692
2.69
2.707
2.71
2.709
2.715
2.717
2.696
2.748
2.739
2.732
2.734
2.722
2.714
2.716
2.709
2.71
2.715
2.726
2.73
2.728
2.727
2.72
2.716
2.716
2.723
2.718
2.726
2.719
2.75
2.738
2.738
2.752
2.748
2.747
2.744
2.745
2.758
2.744
2.737
2.726
2.719
2.724
2.72
2.713
2.712
2.724
2.72
2.725
2.725
2.727
2.725
2.725
2.727
2.725
2.742
2.755
2.746
2.743
2.743
2.752
2.752
2.748
2.747
2.749
2.747
2.752
2.75
2.758
2.778
2.768
2.763
2.763
2.774
2.776
2.782
2.777
2.779
2.779
2.782
2.786
2.785
2.787
2.784
2.782
2.784
2.785
2.788
2.786
2.796
2.791
2.782
2.783
2.784
2.792
2.783
2.792
2.788
2.794
2.798
2.798
2.8
2.802
2.798
2.797
2.791
2.795
2.792
2.791
2.789
2.787
2.802
2.796
2.8
2.8
2.802
2.807
2.808
2.8
2.804
2.802
2.802
2.792
2.793
2.797
2.793
2.791
2.803
2.816
2.821
2.821
2.823
2.826
2.825
2.834
2.839
2.827
2.826
2.829
2.826
2.829
2.848
2.828
2.831
2.841
2.844
2.842
2.84
2.837
2.828
2.838
2.835
2.835
2.836
2.827
2.839
2.834
2.843
2.841
2.856
2.846
2.85
2.847
2.849
2.848
2.844
2.848
2.846
2.841
2.842
2.848
2.846
2.845
2.843
2.847
2.858
2.852
2.851
2.831
2.832
2.832
2.838
2.843
2.843
2.841
2.844
2.85
2.86
2.858
2.877
2.882
2.891
2.905
2.895
2.893
2.895
2.885
2.89
2.894
2.895
2.9
2.892
2.89
2.87
2.902
2.901
2.9
2.886
2.887
2.879
2.88
2.89
2.893
2.894
2.893
2.896
2.889
2.887
2.899
2.918
2.943
2.931
2.93
2.938
2.939
2.94
2.942
2.942
2.947
2.949
2.949
2.922
2.936
2.941
2.943
2.94
2.944
2.937
2.939
2.94
2.945
2.929
2.925
2.925
2.923
2.915
2.94
2.9
2.91
2.908
2.955
2.974
2.97
2.97
2.975
2.977
2.974
2.974
2.97
2.971
2.969
2.977
2.976
2.987
2.983
2.983
2.984
2.978
2.972
2.969
2.949
2.942
2.948
2.951
2.954
2.953
2.952
2.982
2.985
2.994
2.997
2.992
2.984
2.976
2.979
2.967
2.965
2.967
2.981
2.988
2.988
2.989
2.98
2.905
2.909
2.923
2.914
2.91
2.924
2.937
2.948
2.934
2.935
2.931
2.937
2.935
2.92
2.907
2.917
2.939
2.936
2.909
2.913
2.917
2.929
2.92
2.928
2.924
2.922
2.922
2.92
2.923
2.916
2.914
2.908
2.941
2.936
2.921
2.916
2.914
2.902
2.913
2.914
2.913
2.917
2.919
2.905
2.924
2.913
2.923
2.921
2.917
2.922
2.925
2.924
2.929
2.93
2.928
2.926
2.929
2.933
2.923
2.936
2.942
2.951
2.956
2.939
2.932
2.926
2.927
2.928
2.931
2.935
2.938
2.929
2.929
2.929
2.888
2.877
2.868
2.877
2.879
2.878
2.892
2.89
2.894
2.895
2.894
2.895
2.905
2.903
2.895
2.881
2.853
2.84
2.836
2.83
2.828
2.833
2.826
2.83
2.829
2.831
2.828
2.826
2.826
2.824
2.817
2.841
2.84
2.841
2.84
2.841
2.838
2.834
2.839
2.839
2.838
2.844
2.844
2.844
2.849
2.846
2.838
2.844
2.85
2.851
2.846
2.843
2.846
2.849
2.839
2.837
2.835
2.835
2.829
2.836
2.835
2.843
2.837
2.84
2.846
2.842
2.845
2.842
2.849
2.847
2.847
2.846
2.846
2.848
2.849
2.852
2.855
2.853
2.851
2.851
2.852
2.851
2.845
2.857
2.863
2.861
2.863
2.865
2.871
2.858
2.856
2.867
2.865
2.863
2.857
2.852
2.855
2.855
2.863
2.859
2.861
2.863
2.866
2.861
2.887
2.893
2.901
2.898
2.901
2.902
2.897
2.891
2.885
2.888
2.885
2.891
2.894
2.893
2.908
2.892
2.891
2.871
2.88
2.884
2.888
2.877
2.883
2.885
2.89
2.888
2.881
2.887
2.889
2.9
2.89
2.873
2.876
2.872
2.864
2.861
2.865
2.865
2.856
2.86
2.863
2.863
2.88
2.874
2.884
2.872
2.884
2.884
2.888
2.874
2.879
2.878
2.873
2.868
2.869
2.865
2.871
2.881
2.869
2.882
2.85
2.85
2.86
2.873
2.872
2.871
2.877
2.876
2.87
2.875
2.875
2.876
2.875
2.878
2.883
2.885
2.887
2.895
2.898
2.899
2.897
2.9
2.895
2.881
2.891
2.89
2.895
2.9
2.9
2.894
2.88
2.88
2.87
2.861
2.866
2.866
2.864
2.873
2.866
2.867
2.874
2.877
2.87
2.87
2.861
2.878
2.882
2.865
2.867
2.867
2.868
2.86
2.857
2.879
2.851
2.855
2.859
2.86
2.867
2.869
2.861
2.858
2.857
2.864
2.866
2.861
2.858
2.856
2.851
2.857
2.854
2.858
2.86
2.857
2.851
2.842
2.847
2.849
2.855
2.854
2.854
2.851
2.835
2.847
2.846
2.85
2.849
2.85
2.845
2.853
2.851
2.85
2.848
2.85
2.856
2.851
2.86
2.857
2.861
2.861
2.862
2.861
2.85
2.851
2.855
2.858
2.844
2.838
2.839
2.841
2.843
2.835
2.842
2.845
2.849
2.845
2.84
2.851
2.827
2.856
2.841
2.842
2.838
2.832
2.826
2.833
2.842
2.837
2.834
2.836
2.835
2.841
2.842
2.834
2.837
2.843
2.842
2.836
2.837
2.837
2.843
2.849
2.843
2.841
2.828
2.831
2.832
2.824
2.824
2.821
2.815
2.812
2.801
2.81
2.805
2.805
2.809
2.805
2.805
2.806
2.805
2.807
2.812
2.807
2.802
2.797
2.8
2.803
2.805
2.807
2.806
2.8
2.804
2.808
2.815
2.82
2.819
2.809
2.801
2.804
2.801
2.814
2.814
2.817
2.82
2.814
2.83
2.834
2.838
2.84
2.832
2.838
2.841
2.835
2.83
2.831
2.832
2.839
2.84
2.832
2.827
2.829
2.829
2.84
2.839
2.836
2.83
2.86
2.826
2.83
2.872
2.918
2.905
2.903
2.892
2.898
2.916
2.908
2.896
2.89
2.892
2.897
2.897
2.872
2.864
2.858
2.87
2.861
2.854
2.858
2.853
2.858
2.848
2.857
2.859
2.864
2.867
2.867
2.878
2.863
2.864
2.871
2.874
2.873
2.87
2.872
2.867
2.868
2.87
2.87
2.868
2.874
2.874
2.866
2.871
2.865
2.862
2.858
2.861
2.86
2.863
2.855
2.853
2.858
2.858
2.859
2.855
2.843
2.86
2.846
2.846
2.846
2.836
2.837
2.828
2.831
2.83
2.841
2.841
2.844
2.846
2.847
2.838
2.844
2.853
2.838
2.827
2.824
2.823
2.819
2.82
2.826
2.833
2.834
2.836
2.842
2.842
2.836
2.878
2.911
2.935
2.96
2.971
2.952
2.957
2.958
2.979
2.966
2.959
2.973
2.971
2.972
2.986
2.934
2.934
2.939
2.933
2.931
2.912
2.922
2.929
2.917
2.924
2.919
2.918
2.919
2.922
2.92
2.973
2.967
2.973
2.968
2.955
2.947
2.964
2.965
2.938
2.952
2.949
2.943
2.941
2.944
2.95
2.936
2.942
2.978
2.987
2.991
3.0
2.972
2.964
2.946
2.95
2.952
2.924
2.911
2.922
2.914
2.95
2.955
2.955
2.946
2.947
2.948
2.949
2.954
2.945
2.946
2.934
2.934
2.948
2.95
2.95
2.931
2.93
2.925
2.931
2.927
2.93
2.931
2.935
2.933
2.916
2.925
2.915
2.91
2.912
2.908
2.907
2.905
2.912
2.916
2.907
2.893
2.903
2.91
2.922
2.919
2.906
2.905
2.905
2.914
2.902
2.91
2.914
2.906
2.893
2.883
2.889
2.894
2.887
2.908
2.915
2.913
2.906
2.902
2.902
2.907
2.907
2.904
2.904
2.897
2.936
2.954
2.943
2.931
2.934
2.936
2.932
2.935
2.958
2.954
2.955
2.947
2.94
2.93
2.925
2.912
2.913
2.914
2.911
2.905
2.922
2.921
2.924
2.922
2.921
2.922
2.945
2.944
2.949
2.925
2.944
2.938
2.94
2.935
2.938
2.93
2.929
2.925
2.93
2.931
2.93
2.93
2.93
2.93
2.927
2.926
2.923
2.923
2.921
2.938
2.914
2.911
2.905
2.9
2.899
2.902
2.9
2.901
2.896
2.904
2.908
2.903
2.906
2.9
2.899
2.894
2.886
2.879
2.867
2.87
2.86
2.875
2.867
2.868
2.892
2.878
2.873
2.868
2.866
2.867
2.89
2.871
2.867
2.871
2.876
2.868
2.869
2.866
2.858
2.9
2.899
2.9
2.909
2.901
2.886
2.884
2.893
2.899
2.89
2.89
2.877
2.903
2.903
2.9
2.9
2.903
2.9
2.893
2.899
2.897
2.888
2.892
2.894
2.898
2.885
2.9
2.899
2.897
2.883
2.898
2.9
2.891
2.888
2.887
2.888
2.896
2.885
2.887
2.886
2.886
2.879
2.883
2.882
2.884
2.877
2.877
2.879
2.876
2.876
2.885
2.88
2.883
2.882
2.889
2.893
2.891
2.882
2.881
2.887
2.878
2.883
2.889
2.883
2.888
2.888
2.885
2.88
2.88
2.898
2.883
2.886
2.88
2.88
2.883
2.886
2.881
2.878
2.883
2.877
2.886
2.886
2.885
2.888
2.888
2.89
2.894
2.884
2.896
2.89
2.888
2.89
2.883
2.881
2.884
2.88
2.884
2.888
2.883
2.884
2.883
2.885
2.883
2.883
2.881
2.877
2.88
2.878
2.876
2.88
2.889
2.886
2.89
2.891
2.89
2.889
2.89
2.891
2.894
2.895
2.881
2.876
2.881
2.879
2.884
2.883
2.876
2.879
2.873
2.875
2.88
2.878
2.878
2.872
2.865
2.868
2.857
2.851
2.851
2.868
2.854
2.846
2.849
2.852
2.847
2.849
2.849
2.833
2.833
2.834
2.84
2.835
2.835
2.838
2.842
2.837
2.84
2.842
2.872
2.872
2.862
2.86
2.866
2.868
2.867
2.867
2.859
2.847
2.841
2.85
2.87
2.883
2.883
2.882
2.884
2.881
2.88
2.875
2.883
2.891
2.895
2.87
2.859
2.853
2.833
2.833
2.834
2.834
2.841
2.843
2.846
2.847
2.848
2.846
2.848
2.847
2.844
2.84
2.837
2.853
2.852
2.853
2.857
2.86
2.86
2.863
2.866
2.86
2.87
2.87
2.86
2.866
2.866
2.864
2.868
2.865
2.866
2.861
2.857
2.868
2.867
2.871
2.869
2.866
2.864
2.858
2.856
2.854
2.849
2.857
2.853
2.842
2.844
2.842
2.84
2.843
2.844
2.84
2.835
2.836
2.843
2.842
2.836
2.84
2.836
2.836
2.837
2.829
2.826
2.844
2.839
2.837
2.838
2.837
2.832
2.832
2.83
2.83
2.831
2.831
2.84
2.84
2.838
2.839
2.835
2.833
2.832
2.834
2.834
2.841
2.838
2.836
2.833
2.836
2.832
2.829
2.825
2.824
2.82
2.82
2.831
2.831
2.826
2.826
2.83
2.831
2.833
2.835
2.836
2.836
2.835
2.836
2.832
2.834
2.831
2.835
2.835
2.836
2.834
2.837
2.838
2.84
2.84
2.84
2.843
2.845
2.848
2.851
2.859
2.863
2.859
2.855
2.859
2.858
2.858
2.85
2.85
2.859
2.861
2.867
2.845
2.84
2.835
2.834
2.834
2.832
2.834
2.834
2.834
2.834
2.839
2.839
2.832
2.833
2.833
2.834
2.83
2.823
2.906
2.87
2.868
2.872
2.872
2.872
2.87
2.873
2.868
2.87
2.879
2.875
2.877
2.872
2.878
2.883
2.882
2.883
2.885
2.888
2.895
2.898
2.905
2.902
2.892
2.898
2.885
2.884
2.883
2.885
2.885
2.896
2.895
2.885
2.889
2.887
2.901
2.9
2.902
2.917
2.914
2.919
2.918
2.914
2.914
2.906
2.898
2.906
2.901
2.908
2.912
2.916
2.916
2.911
2.899
2.904
2.907
2.917
2.907
2.912
2.914
2.918
2.906
2.91
2.912
2.909
2.904
2.902
2.905
2.905
2.905
2.914
2.924
2.924
2.929
2.924
2.929
2.924
2.924
2.927
2.935
2.935
2.915
2.918
2.921
2.923
2.918
2.917
2.919
2.917
2.914
2.914
2.924
2.917
2.923
2.922
2.927
2.927
2.927
2.928
2.931
2.929
2.926
2.939
2.95
2.956
2.963
2.966
2.963
2.964
2.968
2.958
2.966
2.962
2.98
2.974
2.97
2.974
2.976
2.977
2.977
2.977
2.97
2.965
2.966
2.966
2.963
2.959
2.962
2.962
2.965
2.96
2.969
2.963
2.962
2.962
2.962
2.965
2.969
2.968
2.951
2.96
2.948
2.937
2.93
2.933
2.928
2.937
2.93
2.919
2.913
2.92
2.913
2.912
2.913
2.911
2.914
2.909
2.913
2.924
2.926
2.816
2.817
2.812
2.808
2.811
2.819
2.818
2.817
2.817
2.812
2.822
2.839
2.832
2.833
2.833
2.834
2.832
2.831
2.829
2.833
2.835
2.829
2.819
2.818
2.82
2.819
2.816
2.82
2.815
2.82
2.815
2.812
2.807
2.805
2.804
2.806
2.804
2.805
2.805
2.81
2.806
2.805
2.795
2.8
2.798
2.796
2.797
2.804
2.797
2.808
2.817
2.815
2.81
2.812
2.802
2.808
2.806
2.806
2.802
2.798
2.78
2.776
2.778
2.771
2.773
2.772
2.775
2.77
2.779
2.781
2.777
2.78
2.781
2.779
2.771
2.773
2.774
2.757
2.766
2.77
2.77
2.779
2.777
2.774
2.778
2.777
2.773
2.777
2.78
2.771
2.769
2.772
2.774
2.77
2.771
2.769
2.771
2.765
2.774
2.761
2.759
2.759
2.758
2.762
2.755
2.758
2.756
2.767
2.774
2.768
2.766
2.769
2.768
2.769
2.768
2.765
2.761
2.767
2.767
2.762
2.765
2.766
2.766
2.769
2.773
2.77
2.778
2.771
2.782
2.761
2.766
2.762
2.765
2.761
2.76
2.759
2.756
2.756
2.775
2.783
2.784
2.782
2.783
2.782
2.78
2.782
2.789
2.79
2.792
2.79
2.789
2.79
2.789
2.79
2.788
2.791
2.793
2.799
2.795
2.792
2.788
2.786
2.787
2.787
2.788
2.794
2.809
2.805
2.786
2.78
2.779
2.78
2.778
2.785
2.774
2.773
2.774
2.782
2.773
2.775
2.768
2.765
2.771
2.774
2.77
2.77
2.763
2.763
2.775
2.773
2.773
2.778
2.8
2.8
2.822
2.81
2.83
2.826
2.781
2.777
2.773
2.755
2.741
2.725
2.737
2.713
2.712
2.723
2.725
2.724
2.719
2.711
2.708
2.714
2.724
2.724
2.711
2.719
2.722
2.727
2.733
2.729
2.724
2.727
2.726
2.728
2.729
2.731
2.732
2.723
2.727
2.725
2.726
2.726
2.727
2.72
2.726
2.738
2.725
2.727
2.73
2.733
2.733
2.731
2.732
2.732
2.736
2.717
2.73
2.738
2.747
2.743
2.74
2.734
2.731
2.732
2.73
2.71
2.736
2.733
2.732
2.732
2.729
2.73
2.733
2.731
2.734
2.74
2.758
2.8
2.778
2.767
2.762
2.773
2.775
2.773
2.767
2.783
2.761
2.76
2.762
2.764
2.76
2.756
2.759
2.753
2.75
2.763
2.762
2.76
2.756
2.758
2.758
2.76
2.755
2.741
2.768
2.758
2.757
2.764
2.766
2.762
2.765
2.743
2.743
2.741
2.748
2.754
2.756
2.751
2.755
2.756
2.754
2.754
2.755
2.753
2.759
2.761
2.762
2.77
2.767
2.772
2.763
2.762
2.761
2.768
2.769
2.769
2.776
2.773
2.772
2.771
2.766
2.766
2.766
2.771
2.77
2.758
2.761
2.759
2.758
2.755
2.757
2.752
2.753
2.748
2.75
2.756
2.749
2.755
2.759
2.752
2.762
2.765
2.767
2.753
2.764
2.762
2.758
2.759
2.762
2.762
2.761
2.762
2.761
2.764
2.765
2.773
2.84
2.836
2.836
2.838
2.843
2.838
2.84
2.841
2.842
2.863
2.863
2.849
2.846
2.849
2.85
2.841
2.839
2.829
2.829
2.836
2.838
2.836
2.839
2.838
2.839
2.84
2.841
2.839
2.83
2.828
2.835
2.837
2.833
2.833
2.83
2.831
2.832
2.832
2.84
2.848
2.841
2.838
2.843
2.843
2.844
2.845
2.842
2.842
2.844
2.839
2.84
2.833
2.838
2.834
2.829
2.829
2.824
2.814
2.806
2.8
2.803
2.798
2.8
2.805
2.802
2.808
2.801
2.807
2.809
2.801
2.811
2.808
2.809
2.81
2.81
2.81
2.799
2.8
2.82
2.822
2.801
2.797
2.793
2.793
2.799
2.797
2.81
2.819
2.818
2.814
2.808
2.81
2.806
2.815
2.828
2.807
2.804
2.805
2.805
2.804
2.808
2.81
2.817
2.817
2.82
2.822
2.828
2.835
2.836
2.833
2.836
2.832
2.83
2.83
2.83
2.824
2.836
2.826
2.825
2.826
2.821
2.82
2.824
2.82
2.823
2.816
2.829
2.838
2.842
2.842
2.841
2.838
2.838
2.84
2.838
2.832
2.837
2.83
2.835
2.832
2.831
2.828
2.829
2.82
2.83
2.816
2.813
2.821
2.816
2.82
2.826
2.821
2.821
2.821
2.822
2.814
2.83
2.826
2.832
2.83
2.837
2.833
2.833
2.833
2.836
2.833
2.829
2.83
2.84
2.839
2.838
2.835
2.831
2.835
2.834
2.834
2.835
2.828
2.835
2.832
2.834
2.837
2.833
2.833
2.833
2.834
2.834
2.828
2.819
2.823
2.83
2.826
2.827
2.824
2.825
2.82
2.823
2.812
2.803
2.796
2.798
2.8
2.887
2.84
2.858
2.865
2.864
2.825
2.828
2.847
2.835
2.833
2.832
2.828
2.825
2.82
2.82
2.83
2.832
2.828
2.826
2.827
2.828
2.824
2.838
2.843
2.849
2.83
2.819
2.824
2.824
2.827
2.826
2.826
2.833
2.823
2.826
2.827
2.82
2.816
2.821
2.82
2.822
2.821
2.816
2.825
2.818
2.814
2.81
2.808
2.807
2.797
2.8
2.799
2.789
2.793
2.802
2.798
2.798
2.802
2.791
2.798
2.793
2.789
2.796
2.792
2.8
2.804
2.803
2.8
2.799
2.783
2.775
2.774
2.751
2.742
2.765
2.753
2.752
2.752
2.746
2.732
2.737
2.734
2.729
2.75
2.754
2.749
2.745
2.741
2.743
2.746
2.75
2.739
2.74
2.769
2.773
2.76
2.763
2.767
2.763
2.771
2.768
2.759
2.799
2.776
2.771
2.773
2.747
2.755
2.748
2.747
2.739
2.736
2.736
2.752
2.746
2.746
2.745
2.729
2.727
2.728
2.731
2.731
2.738
2.741
2.736
2.734
2.733
2.737
2.738
2.736
2.727
2.725
2.73
2.736
2.737
2.727
2.72
2.715
2.705
2.696
2.687
2.707
2.71
2.695
2.698
2.698
2.698
2.693
2.69
2.688
2.688
2.693
2.694
2.71
2.716
2.715
2.705
2.712
2.713
2.722
2.727
2.734
2.735
2.738
2.739
2.735
2.723
2.717
2.717
2.723
2.728
2.731
2.74
2.73
2.729
2.74
2.739
2.76
2.748
2.75
2.754
2.75
2.752
2.747
2.741
2.743
2.741
2.739
2.739
2.742
2.739
2.74
2.74
2.742
2.728
2.728
2.737
2.737
2.743
2.736
2.738
2.733
2.749
2.747
2.756
2.756
2.757
2.757
2.757
2.759
2.764
2.761
2.768
2.765
2.769
2.768
2.777
2.782
2.774
2.771
2.77
2.77
2.777
2.775
2.78
2.783
2.793
2.792
2.8
2.801
2.813
2.81
2.815
2.812
2.812
2.81
2.812
2.809
2.808
2.806
2.804
2.821
2.816
2.804
2.801
2.797
2.794
2.79
2.791
2.791
2.789
2.793
2.8
2.812
2.803
2.807
2.807
2.818
2.813
2.807
2.801
2.8
2.802
2.808
2.812
2.812
2.809
2.804
2.804
2.799
2.805
2.802
2.811
2.784
2.793
2.793
2.787
2.785
2.785
2.783
2.781
2.782
2.79
2.793
2.793
2.793
2.793
2.793
2.787
2.776
2.759
2.767
2.775
2.767
2.763
2.758
2.756
2.761
2.749
2.752
2.752
2.744
2.74
2.762
2.764
2.768
2.774
2.775
2.775
2.773
2.769
2.764
2.76
2.775
2.779
2.779
2.768
2.775
2.767
2.77
2.768
2.769
2.761
2.759
2.76
2.76
2.766
2.767
2.766
2.764
2.763
2.763
2.763
2.77
2.767
2.768
2.767
2.767
2.768
2.76
2.759
2.771
2.77
2.77
2.768
2.765
2.765
2.764
2.763
2.766
2.766
2.75
2.767
2.755
2.751
2.746
2.728
2.729
2.73
2.728
2.73
2.732
2.732
2.742
2.739
2.735
2.738
2.731
2.735
2.737
2.736
2.728
2.742
2.758
2.768
2.766
2.767
2.765
2.767
2.769
2.762
2.766
2.783
2.789
2.79
2.788
2.786
2.78
2.765
2.808
2.8
2.799
2.781
2.805
2.813
2.82
2.802
2.792
2.792
2.795
2.795
2.791
2.786
2.804
2.796
2.79
2.792
2.795
2.791
2.792
2.797
2.796
2.805
2.825
2.834
2.851
2.85
2.843
2.837
2.836
2.834
2.839
2.832
2.844
2.848
2.832
2.83
2.83
2.828
2.823
2.801
2.793
2.796
2.813
2.81
2.802
2.806
2.808
2.809
2.812
2.816
2.819
2.802
2.827
2.827
2.825
2.826
2.82
2.816
2.82
2.815
2.813
2.824
2.824
2.822
2.79
2.791
2.785
2.777
2.79
2.789
2.782
2.784
2.794
2.793
2.794
2.793
2.79
2.79
2.79
2.788
2.79
2.79
2.801
2.803
2.799
2.797
2.798
2.802
2.796
2.793
2.791
2.801
2.805
2.803
2.802
2.798
2.793
2.796
2.79
2.794
2.792
2.802
2.797
2.792
2.795
2.796
2.798
2.798
2.792
2.79
2.785
2.799
2.791
2.79
2.778
2.769
2.747
2.744
2.749
2.751
2.74
2.742
2.76
2.739
2.726
2.719
2.724
2.731
2.721
2.717
2.719
2.72
2.725
2.73
2.73
2.729
2.73
2.72
2.72
2.732
2.735
2.74
2.765
2.773
2.78
2.77
2.78
2.783
2.768
2.769
2.763
2.783
2.792
2.789
2.79
2.778
2.767
2.767
2.77
2.769
2.768
2.731
2.747
2.733
2.719
2.723
2.72
2.711
2.709
2.709
2.728
2.73
2.743
2.747
2.719
2.726
2.729
2.742
2.737
2.718
2.733
2.748
2.748
2.751
2.764
2.75
2.761
2.76
2.775
2.775
2.727
2.736
2.785
2.776
2.795
2.811
2.832
2.826
2.819
2.827
2.826
2.826
2.82
2.827
2.828
2.823
2.825
2.83
2.825
2.828
2.803
2.81
2.821
2.815
2.82
2.824
2.824
2.821
2.818
2.814
2.803
2.811
2.837
2.828
2.815
2.8
2.804
2.8
2.797
2.798
2.8
2.807
2.808
2.804
2.797
2.8
2.8
2.797
2.797
2.804
2.822
2.822
2.825
2.823
2.838
2.823
2.829
2.796
2.797
2.799
2.765
2.792
2.787
2.784
2.784
2.784
2.785
2.784
2.785
2.785
2.783
2.79
2.791
2.786
2.791
2.788
2.787
2.782
2.789
2.779
2.785
2.79
2.795
2.777
2.77
2.778
2.765
2.755
2.744
2.749
2.745
2.73
2.735
2.744
2.737
2.734
2.734
2.734
2.733
2.732
2.726
2.744
2.748
2.747
2.75
2.75
2.753
2.75
2.74
2.737
2.74
2.574
2.588
2.593
2.582
2.582
2.573
2.563
2.57
2.57
2.585
2.585
2.582
2.599
2.595
2.603
2.606
2.61
2.618
2.616
2.62
2.608
2.578
2.582
2.58
2.592
2.598
2.592
2.591
2.589
2.584
2.599
2.595
2.588
2.587
2.582
2.577
2.578
2.582
2.581
2.591
2.6
2.599
2.59
2.587
2.584
2.569
2.573
2.576
2.578
2.58
2.589
2.58
2.584
2.578
2.574
2.579
2.575
2.578
2.577
2.58
2.584
2.571
2.57
2.569
2.569
2.57
2.574
2.574
2.574
2.568
2.579
2.573
2.571
2.574
2.575
2.578
2.579
2.586
2.585
2.585
2.591
2.587
2.597
2.595
2.593
2.588
2.585
2.589
2.585
2.58
2.58
2.605
2.604
2.599
2.593
2.598
2.603
2.598
2.6
2.601
2.6
2.606
2.61
2.618
2.618
2.623
2.625
2.625
2.632
2.612
2.612
2.645
2.637
2.634
2.634
2.634
2.628
2.625
2.625
2.624
2.64
2.642
2.644
2.645
2.65
2.653
2.648
2.644
2.646
2.645
2.643
2.648
2.653
2.654
2.652
2.651
2.644
2.645
2.639
2.631
2.619
2.635
2.619
2.617
2.617
2.618
2.617
2.615
2.611
2.617
2.62
2.631
2.611
2.614
2.61
2.612
2.606
2.604
2.602
2.612
2.625
2.602
2.6
2.605
2.611
2.609
2.614
2.611
2.612
2.614
2.617
2.604
2.602
2.596
2.6
2.6
2.6
2.601
2.598
2.597
2.601
2.603
2.598
2.591
2.589
2.575
2.578
2.585
2.572
2.591
2.591
2.58
2.578
2.565
2.569
2.568
2.575
2.553
2.561
2.544
2.559
2.562
2.54
2.547
2.546
2.548
2.544
2.552
2.553
2.574
2.57
2.544
2.549
2.534
2.533
2.517
2.503
2.503
2.507
2.505
2.51
2.526
2.527
2.53
2.501
2.504
2.505
2.498
2.506
2.499
2.532
2.512
2.509
2.509
2.503
2.503
2.498
2.498
2.5
2.499
2.499
2.504
2.503
2.504
2.49
2.482
2.488
2.488
2.483
2.489
2.489
2.477
2.459
2.434
2.348
2.384
2.385
2.416
2.404
2.392
2.423
2.419
2.412
2.42
2.4
2.4
2.391
2.383
2.391
2.406
2.425
2.406
2.423
2.44
2.451
2.456
2.443
2.435
2.411
2.41
2.4
2.416
2.435
2.432
2.436
2.437
2.439
2.436
2.428
2.446
2.447
2.437
2.438
2.44
2.44
2.439
2.433
2.451
2.44
2.426
2.436
2.465
2.48
2.47
2.47
2.46
2.447
2.44
2.42
2.412
2.432
2.432
2.433
2.439
2.444
2.462
2.459
2.454
2.44
2.442
2.462
2.449
2.448
2.448
2.44
2.44
2.44
2.437
2.437
2.439
2.42
2.426
2.442
2.431
2.42
2.42
2.42
2.409
2.409
2.41
2.42
2.431
2.439
2.439
2.437
2.413
2.419
2.41
2.414
2.41
2.435
2.409
2.409
2.408
2.41
2.407
2.407
2.408
2.409
2.402
2.415
2.399
2.4
2.4
2.408
2.406
2.4
2.399
2.405
2.404
2.419
2.453
2.447
2.445
2.418
2.423
2.42
2.426
2.417
2.418
2.432
2.436
2.433
2.442
2.43
2.43
2.436
2.445
2.44
2.438
2.416
2.427
2.422
2.436
2.43
2.429
2.427
2.43
2.428
2.409
2.408
2.381
2.357
2.36
2.364
2.365
2.365
2.37
2.366
2.363
2.375
2.379
2.398
2.398
2.39
2.403
2.397
2.393
2.384
2.38
2.411
2.43
2.434
2.423
2.422
2.427
2.427
2.424
2.42
2.435
2.427
2.41
2.398
2.408
2.407
2.413
2.416
2.4
2.38
2.38
2.395
2.392
2.394
2.398
2.396
2.394
2.406
2.372
2.36
2.354
2.39
2.369
2.357
2.34
2.325
2.3
2.297
2.261
2.165
2.15
2.099
2.075
2.037
1.997
2.013
1.997
2.03
2.045
2.144
2.093
1.884
1.74
1.256
1.699
1.579
1.601
1.579
1.43
1.49
1.589
1.7
1.849
1.682
1.661
1.662
1.649
1.596
1.618
1.648
1.649
1.545
1.435
1.4
1.379
1.365
1.374
1.387
1.397
1.389
1.37
1.417
1.486
1.47
1.455
1.464
1.492
1.706
1.669
1.67
1.678
1.665
1.648
1.646
1.65
1.661
1.689
1.776
1.704
1.711
1.769
1.774
1.752
1.75
1.771
1.782
1.96
1.767
1.799
1.791
1.845
1.844
1.803
1.788
1.8
1.798
1.809
1.73
1.723
1.679
1.66
1.68
1.682
1.686
1.686
1.676
1.654
1.656
1.672
1.674
1.647
1.646
1.65
1.649
1.648
1.634
1.637
1.63
1.64
1.641
1.63
1.628
1.628
1.614
1.629
1.627
1.622
1.62
1.614
1.614
1.595
1.583
1.605
1.606
1.619
1.613
1.6
1.629
1.613
1.612
1.614
1.61
1.599
1.579
1.579
1.574
1.579
1.534
1.539
1.54
1.54
1.547
1.555
1.562
1.578
1.588
1.59
1.593
1.588
1.574
1.574
1.565
1.558
1.545
1.546
1.548
1.558
1.529
1.529
1.514
1.514
1.48
1.485
1.471
1.49
1.469
1.48
1.436
1.458
1.454
1.452
1.456
1.458
1.476
1.481
1.482
1.487
1.483
1.482
1.465
1.469
1.45
1.46
1.463
1.462
1.457
1.457
1.432
1.409
1.405
1.402
1.39
1.398
1.403
1.424
1.427
1.42
1.41
1.41
1.437
1.432
1.424
1.427
1.423
1.419
1.417
1.412
1.421
1.416
1.418
1.419
1.42
1.417
1.414
1.4
1.396
1.395
1.409
1.398
1.386
1.394
1.387
1.386
1.39
1.39
1.389
1.394
1.367
1.358
1.353
1.357
1.367
1.377
1.36
1.354
1.354
1.354
1.358
1.369
1.371
1.371
1.38
1.396
1.4
1.401
1.4
1.407
1.479
1.466
1.475
1.495
1.484
1.481
1.49
1.474
1.49
1.499
1.499
1.487
1.492
1.474
1.461
1.453
1.457
1.447
1.44
1.472
1.468
1.455
1.434
1.437
1.441
1.437
1.43
1.437
1.437
1.437
1.43
1.434
1.433
1.437
1.43
1.429
1.418
1.422
1.417
1.425
1.422
1.425
1.425
1.424
1.423
1.424
1.425
1.424
1.417
1.43
1.397
1.399
1.398
1.397
1.395
1.4
1.4
1.399
1.387
1.384
1.395
1.398
1.396
1.39
1.391
1.391
1.394
1.398
1.397
1.441
1.387
1.383
1.426
1.408
1.418
1.409
1.4
1.411
1.415
1.419
1.385
1.393
1.397
1.403
1.4
1.395
1.393
1.396
1.396
1.398
1.39
1.392
1.392
1.394
1.396
1.403
1.4
1.396
1.399
1.399
1.429
1.424
1.417
1.419
1.409
1.408
1.41
1.4
1.4
1.403
1.409
1.409
1.407
1.398
1.4
1.401
1.399
1.399
1.398
1.407
1.37
1.375
1.376
1.38
1.378
1.379
1.379
1.377
1.379
1.382
1.365
1.367
1.364
1.365
1.362
1.364
1.363
1.364
1.36
1.36
1.348
1.331
1.324
1.316
1.305
1.301
1.284
1.285
1.289
1.289
1.249
1.24
1.233
1.22
1.251
1.239
1.245
1.242
1.228
1.249
1.22
1.219
1.219
1.228
1.227
1.23
1.23
1.23
1.229
1.229
1.243
1.237
1.239
1.226
1.222
1.222
1.229
1.233
1.22
1.229
1.267
1.249
1.24
1.237
1.238
1.235
1.239
1.243
1.241
1.289
1.258
1.263
1.257
1.256
1.25
1.247
1.246
1.247
1.25
1.253
1.233
1.255
1.246
1.24
1.238
1.234
1.227
1.226
1.23
1.239
1.234
1.24
1.245
1.245
1.246
1.247
1.258
1.255
1.259
1.266
1.248
1.243
1.249
1.249
1.241
1.241
1.245
1.242
1.245
1.255
1.232
1.225
1.234
1.232
1.233
1.227
1.232
1.233
1.23
1.243
1.229
1.228
1.229
1.226
1.226
1.226
1.229
1.228
1.23
1.23
1.22
1.21
1.215
1.212
1.22
1.221
1.221
1.218
1.22
1.219
1.229
1.24
1.228
1.23
1.218
1.218
1.209
1.197
1.202
1.21
1.196
1.195
1.194
1.202
1.199
1.198
1.204
1.2
1.201
1.201
1.202
1.215
1.228
1.23
1.255
1.268
1.261
1.267
1.274
1.401
1.532
1.543
1.523
1.504
1.518
1.505
1.519
1.52
1.55
1.551
1.505
1.502
1.51
1.506
1.509
1.512
1.505
1.499
1.49
1.49
1.499
1.503
1.507
1.505
1.502
1.5
1.49
1.484
1.49
1.451
1.438
1.42
1.412
1.415
1.417
1.419
1.423
1.412
1.419
1.419
1.439
1.44
1.439
1.436
1.427
1.437
1.444
1.454
1.445
1.469
1.45
1.452
1.452
1.452
1.445
1.45
1.438
1.439
1.439
1.425
1.417
1.412
1.387
1.396
1.403
1.412
1.425
1.454
1.471
1.471
1.462
1.466
1.457
1.469
1.466
1.454
1.447
1.447
1.424
1.441
1.433
1.423
1.422
1.424
1.428
1.445
1.443
1.433
1.439
1.432
1.425
1.434
1.442
1.46
1.45
1.453
1.458
1.448
1.452
1.461
1.456
1.468
1.476
1.474
1.474
1.469
1.464
1.461
1.464
1.48
1.441
1.445
1.44
1.439
1.435
1.546
1.536
1.546
1.541
1.539
1.413
1.45
