close
18.0
18.0
18.01
18.01
18.08
18.2
18.338
18.35
18.349
18.11
18.2
18.21
18.18
18.1
18.185
18.101
18.17
18.175
18.1
18.1
18.175
18.175
18.122
18.0
18.12
18.174
18.21
18.498
18.499
18.499
18.334
18.25
18.25
18.25
18.399
18.447
18.25
18.011
18.2
18.2
18.22
18.21
18.21
18.295
18.1
18.1
18.15
18.1
18.006
18.099
18.02
18.099
18.4
18.1
18.12
18.08
18.0
18.013
18.0
18.29
18.03
18.03
18.03
18.045
18.045
18.01
18.0
18.0
18.055
18.0
18.0
18.007
18.18
18.1
18.11
18.11
18.1
18.12
18.175
18.0
18.23
18.182
18.08
18.2
18.0
18.2
18.25
18.26
18.1
18.1
18.03
18.03
18.004
18.099
17.801
17.821
18.0
18.0
18.0
17.949
17.9
18.082
18.081
17.815
18.0
17.8
18.0
17.8
17.2
18.0
17.635
18.0
18.0
17.5
18.0
17.94
18.0
17.999
18.0
17.94
18.071
18.289
18.2
18.25
18.288
18.695
18.797
18.95
18.949
18.75
18.95
19.47
20.01
19.88
19.876
19.95
20.0
20.0
20.155
20.155
20.0
20.0
19.9
19.9
20.0
19.436
20.0
19.999
19.9
20.0
20.0
18.799
20.0
19.82
19.8
20.398
20.4
20.2
20.13
20.2
20.3
20.19
20.0
19.45
19.4
19.888
19.619
19.55
19.913
19.65
19.431
19.925
19.698
19.6
19.999
19.487
19.401
19.999
19.401
19.809
19.969
19.97
19.25
19.222
19.3
18.53
19.306
19.4
18.625
19.047
18.5
18.618
18.791
18.5
18.001
20.0
18.601
18.618
18.5
18.5
18.211
18.295
18.121
18.2
18.5
18.3
18.0
18.637
18.003
18.4
18.28
18.2
18.2
18.207
18.2
18.2
18.62
18.827
18.984
18.649
19.171
19.0
19.0
19.0
19.0
19.0
19.0
19.198
19.8
19.98
19.5
19.5
19.5
19.5
19.5
20.183
20.0
20.039
20.0
20.129
20.5
20.381
20.36
20.598
20.3
20.6
20.649
20.3
20.63
20.291
20.587
20.315
21.5
21.199
21.5
21.5
21.003
21.0
20.5
20.7
20.5
20.55
20.4
20.1
20.496
20.4
20.363
20.229
20.375
20.399
18.196
20.3
20.3
18.087
20.4
20.4
20.54
20.54
20.449
20.4
20.499
20.4
20.4
20.45
20.4
20.45
20.4
20.401
20.401
20.42
20.42
20.41
20.4
20.305
20.55
20.269
20.397
20.263
20.264
20.264
20.279
20.389
20.269
20.3
20.39
20.3
20.289
20.289
20.3
20.3
20.299
20.4
20.3
20.298
20.3
20.299
20.35
20.3
20.3
20.299
20.28
20.301
20.3
20.299
20.3
20.3
20.5
20.3
20.295
20.31
20.303
20.303
20.41
20.48
20.2
20.16
20.4
20.36
20.28
20.28
20.3
20.2
20.2
20.2
20.301
20.2
20.103
20.285
20.2
20.2
20.2
20.17
20.05
20.1
20.1
20.1
20.066
20.1
20.0
20.0
20.0
20.094
19.054
19.998
19.998
19.998
19.998
19.998
20.08
20.05
20.01
20.01
20.011
20.01
20.15
20.11
20.22
20.096
20.15
20.11
20.096
20.151
20.15
20.193
20.0
20.05
19.989
20.0
19.9
19.9
19.9
19.95
19.95
19.974
19.9
19.9
19.9
19.899
19.889
19.876
20.0
20.0
20.0
20.0
19.5
19.766
19.8
19.8
19.979
20.063
20.1
20.0
20.0
19.988
20.009
20.0
20.0
19.993
20.03
20.0
20.2
20.0
20.2
20.2
20.479
21.098
20.2
20.201
20.2
20.05
20.031
20.03
20.05
20.015
20.05
20.707
20.24
20.12
20.0
20.101
20.1
20.0
20.195
20.1
20.2
20.19
20.19
20.0
20.0
20.15
20.05
20.0
20.002
20.18
20.051
20.18
20.22
20.97
20.22
20.3
20.85
20.25
20.25
20.3
20.101
20.0
20.5
20.549
20.5
20.15
20.1
20.1
20.14
20.12
20.25
20.196
20.02
20.397
20.2
20.2
20.102
20.2
20.05
20.13
20.044
20.025
20.149
20.0
20.1
20.12
20.05
19.7
19.8
19.8
19.549
19.399
19.649
20.483
19.454
19.99
19.701
19.976
19.979
19.716
19.998
20.0
19.766
19.734
19.71
19.5
19.46
19.742
19.601
19.6
19.749
19.7
19.6
19.6
19.65
19.65
19.699
19.601
19.6
19.741
19.899
20.0
20.1
20.41
20.29
20.2
20.014
20.0
20.19
20.2
19.999
20.288
20.0
19.822
20.265
19.8
19.999
19.999
19.989
19.988
19.989
19.783
19.717
19.964
19.965
19.71
19.899
19.895
19.892
19.979
19.967
19.801
19.61
19.61
19.612
19.8
19.71
19.9
19.71
19.711
19.899
19.799
19.71
19.979
19.997
19.65
19.729
19.634
19.634
19.897
19.597
19.547
19.4
19.379
19.3
19.3
19.3
19.3
19.467
19.599
19.598
19.3
19.3
19.498
19.4
19.398
19.45
19.3
19.447
19.3
19.488
19.609
19.5
19.6
19.6
19.738
20.0
20.25
19.9
20.199
19.9
20.249
20.0
19.98
19.98
19.98
19.98
19.98
19.98
19.98
20.098
20.22
20.26
19.901
20.4
20.2
20.444
20.3
20.3
20.3
20.85
20.9
20.899
21.3
20.9
20.8
20.8
20.8
20.85
20.8
20.81
20.8
20.479
20.6
20.541
20.853
20.5
20.926
20.539
20.5
20.6
20.6
20.599
20.5
20.5
20.4
20.25
20.58
20.5
20.6
20.8
20.5
20.7
20.749
20.7
20.7
20.7
20.7
21.0
20.75
20.8
20.8
20.513
20.829
20.75
20.79
20.65
20.501
20.649
20.75
20.6
20.7
21.0
20.7
20.8
20.7
21.0
20.6
20.254
20.6
20.6
20.555
20.65
20.5
20.5
20.5
20.5
20.6
20.699
20.6
20.402
20.5
20.499
20.3
20.3
20.3
20.2
20.1
20.101
20.25
20.0
20.001
20.001
20.001
20.0
20.001
20.001
20.889
20.104
20.295
20.1
20.22
20.2
20.449
20.3
20.2
20.202
20.535
20.201
20.485
20.01
20.2
20.481
20.2
20.205
20.15
20.1
20.101
20.657
20.496
20.496
20.399
21.0
20.75
20.608
20.65
20.501
20.799
20.459
20.499
20.489
20.2
20.394
20.16
20.1
20.0
20.1
20.39
20.382
20.375
20.25
20.25
20.694
20.511
20.3
20.3
20.589
20.697
20.2
20.2
20.21
20.442
20.3
20.599
20.3
20.3
20.565
20.2
20.2
20.3
20.3
20.3
20.3
20.102
20.1
20.9
20.941
20.5
20.785
20.2
20.5
20.5
20.5
20.998
20.6
20.6
20.8
20.601
20.651
20.9
21.1
22.0
21.561
21.537
22.0
22.2
22.265
23.0
22.975
22.9
22.999
23.0
23.1
23.4
23.75
23.7
23.751
23.769
23.999
23.7
23.7
24.0
24.6
24.0
24.535
24.55
24.975
24.4
24.5
24.552
25.26
25.298
25.0
24.7
24.7
24.7
24.7
24.7
24.5
24.5
25.0
24.7
24.7
24.69
24.711
24.69
24.6
24.0
23.927
23.603
23.9
23.701
23.9
23.9
23.9
23.5
23.5
23.5
23.502
23.502
23.919
22.0
23.5
23.68
23.713
23.7
23.7
24.045
24.05
24.584
24.201
24.202
24.15
24.15
24.499
24.204
24.397
24.254
24.0
23.8
23.7
23.993
23.992
23.992
23.7
24.153
23.986
23.534
23.52
23.2
23.0
23.0
23.0
23.0
22.75
22.5
21.895
21.9
21.9
21.9
21.9
21.9
22.5
22.16
22.158
22.15
22.151
21.743
21.4
21.997
21.599
21.512
21.613
21.799
21.557
21.5
22.0
22.0
22.213
22.0
22.0
22.0
22.1
22.1
22.1
22.499
22.001
22.002
22.11
22.125
22.1
22.115
22.001
22.001
22.0
22.0
22.0
22.0
22.0
21.911
22.0
22.325
22.2
22.5
22.499
22.3
22.5
22.726
23.021
23.021
22.7
22.8
22.9
22.9
23.0
23.1
23.1
23.21
23.633
24.0
23.997
23.651
24.092
23.8
23.9
24.0
23.8
23.61
23.5
23.5
23.5
23.5
23.4
23.749
23.749
23.749
23.4
23.15
23.15
23.392
23.329
23.33
23.33
23.25
23.3
23.3
23.55
23.017
22.71
22.71
22.4
22.4
22.559
22.559
22.559
22.82
22.82
22.5
22.819
22.65
22.65
22.65
22.65
23.2
23.206
23.54
23.2
23.2
23.2
23.2
23.54
23.5
23.81
23.5
23.808
23.5
23.8
24.0
23.9
24.053
25.35
23.454
24.0
24.0
24.193
24.0
24.055
24.0
23.8
23.8
24.097
23.8
24.0
23.8
23.8
23.701
23.702
23.8
23.8
23.9
23.9
24.0
24.14
24.0
23.95
23.9
23.9
24.148
23.999
23.8
23.65
23.65
23.7
23.5
23.5
23.5
23.1
23.5
23.45
23.5
23.45
23.498
23.4
23.5
23.5
23.799
23.3
23.301
23.5
23.302
22.002
23.6
23.6
23.6
23.6
23.7
23.75
23.72
23.7
23.73
23.5
23.75
23.45
23.47
23.476
23.3
23.3
23.1
23.749
23.4
23.4
23.4
23.45
23.46
23.65
23.5
23.5
23.55
23.5
23.5
23.5
23.53
23.5
23.55
23.5
23.847
23.5
23.844
23.6
23.848
23.406
23.5
23.849
23.5
23.35
23.699
23.5
23.669
23.799
24.183
23.799
23.751
23.751
24.099
23.7
23.998
23.5
23.5
23.849
23.5
23.3
23.3
23.3
23.3
23.3
23.3
23.3
23.2
23.15
23.25
23.546
23.4
23.301
23.546
23.1
23.1
23.0
23.0
23.0
23.098
23.098
23.0
22.9
23.34
23.0
23.0
22.8
23.139
23.0
23.1
23.1
23.1
22.8
22.8
22.7
23.3
23.1
23.35
23.1
23.2
23.2
23.0
23.0
23.0
23.1
23.1
23.0
23.339
23.0
23.439
23.1
23.0
22.8
22.8
23.139
23.139
23.0
22.9
23.05
23.03
23.07
23.1
23.08
23.05
23.07
23.0
23.1
23.12
23.15
23.0
23.05
23.05
23.11
23.08
23.0
23.0
23.0
23.0
23.2
24.4
23.579
23.578
23.578
23.5
23.5
23.501
23.501
23.798
23.4
23.43
23.4
23.2
23.0
23.2
22.9
23.15
23.0
24.033
23.101
23.1
23.1
23.2
23.15
23.17
23.337
23.337
23.3
23.5
23.5
23.7
23.6
23.55
23.69
23.7
23.69
23.71
23.75
23.4
23.5
23.57
23.415
23.4
23.749
23.5
23.8
23.5
23.4
23.4
23.5
23.4
23.003
23.497
23.01
23.01
23.0
23.0
22.801
22.602
22.6
22.101
22.33
22.013
21.7
21.996
21.6
21.899
21.82
21.82
21.82
21.451
21.767
21.451
21.456
21.45
21.6
21.432
21.748
21.5
21.6
21.65
21.8
21.8
22.0
22.0
22.101
22.1
22.429
22.454
22.454
22.729
22.5
22.5
22.3
22.1
22.2
22.2
22.2
22.497
22.497
23.1
21.22
22.0
21.7
21.999
21.999
22.8
22.4
22.4
22.35
22.351
22.729
22.63
22.928
22.3
22.5
22.5
22.7
22.7
22.2
22.696
22.5
22.5
22.5
22.551
22.5
22.5
23.299
23.0
23.0
23.0
23.35
23.35
23.35
23.35
23.001
23.0
23.0
22.9
23.0
22.9
23.1
22.998
22.9
22.8
22.8
22.9
22.8
22.8
22.75
22.7
22.999
22.909
22.7
22.701
22.71
22.851
22.899
22.704
22.7
22.7
22.8
22.8
22.8
22.8
22.7
22.7
22.7
23.039
22.7
22.7
22.7
22.6
22.51
22.3
22.35
22.05
22.05
21.85
22.2
22.102
22.15
21.908
21.7
21.82
21.82
21.703
21.799
21.5
21.609
21.302
21.3
21.001
20.8
20.8
20.802
20.9
20.7
20.8
20.601
20.3
20.599
20.499
20.2
20.497
20.5
20.301
20.599
20.3
20.499
20.75
20.95
20.8
20.9
20.9
20.6
20.899
20.9
20.9
20.999
20.998
20.999
20.999
20.999
20.998
20.998
21.2
21.499
21.68
21.9
21.89
22.1
22.1
22.4
22.63
22.6
22.4
22.3
22.3
22.5
22.5
22.5
22.5
22.5
22.7
22.7
23.04
23.158
23.15
23.15
23.158
23.15
23.45
23.4
23.4
23.4
23.4
23.4
23.65
23.85
23.75
23.5
23.65
23.998
23.99
23.65
23.85
23.85
23.92
23.85
23.85
23.85
23.85
23.85
23.85
23.85
23.85
24.0
24.0
23.8
24.1
24.1
24.1
24.2
24.199
23.987
23.95
23.95
24.195
23.95
24.0
23.8
23.8
23.87
23.8
23.8
23.999
23.0
23.0
24.06
24.15
24.0
24.35
24.0
24.0
24.35
24.0
24.333
24.0
24.0
23.99
23.97
24.15
23.9
23.899
23.9
23.8
23.9
23.9
23.8
24.14
23.94
23.9
23.952
23.9
23.9
24.01
23.9
23.9
24.0
23.999
23.901
23.9
23.9
23.85
23.997
23.851
23.7
23.8
23.8
23.9
24.047
24.029
24.049
24.049
24.049
23.901
23.9
23.901
23.9
23.85
23.85
23.9
23.7
23.45
23.4
23.6
23.5
23.8
23.749
23.749
23.4
23.747
23.4
23.538
23.2
23.0
22.97
22.95
22.95
22.99
23.0
22.202
22.2
22.2
22.0
22.529
22.505
22.605
22.8
22.9
23.0
23.0
23.0
23.2
23.0
23.2
23.23
23.68
23.289
23.15
23.0
23.0
23.001
23.0
23.102
23.299
23.3
23.116
23.4
23.107
23.117
23.4
23.41
23.41
23.75
23.002
23.35
23.35
23.1
22.95
22.95
23.05
23.04
22.711
23.0
23.0
22.67
22.82
22.82
22.5
22.5
22.2
22.53
22.53
22.202
22.2
22.2
22.53
22.95
22.73
22.6
22.6
22.919
22.61
22.611
22.6
22.6
22.75
22.75
22.75
22.829
22.75
22.7
23.0
22.4
22.8
22.825
23.2
23.0
23.0
23.5
24.05
23.6
23.79
24.09
24.0
24.1
23.79
24.0
23.78
23.78
23.8
23.6
24.099
23.751
23.947
23.75
23.75
23.75
23.75
23.75
23.75
23.75
23.75
23.75
23.75
23.5
23.3
23.49
22.701
22.999
22.7
22.7
22.0
22.199
22.2
22.2
22.0
21.819
21.601
21.3
21.2
21.2
21.2
21.2
21.2
21.3
21.3
21.0
21.199
21.75
22.0
22.0
22.05
22.05
21.95
21.9
21.8
22.0
22.0
21.798
21.8
21.75
21.95
23.0
21.952
22.198
21.951
22.05
22.05
22.05
21.851
22.05
21.601
22.4
22.4
21.5
22.4
22.0
23.0
22.501
22.997
22.33
22.849
22.0
22.201
22.201
22.201
22.876
21.5
22.5
22.2
22.89
22.899
22.0
22.001
22.096
22.0
22.4
22.2
22.0
22.197
22.0
22.5
22.001
22.05
22.2
22.4
22.45
22.0
22.0
22.002
22.498
22.0
22.029
22.2
22.2
22.489
21.81
21.903
22.499
22.2
22.099
22.199
22.199
22.089
22.3
22.29
22.3
22.45
22.0
22.2
22.1
22.2
22.249
22.004
21.499
21.699
22.37
22.0
21.801
21.8
22.0
21.5
22.45
22.0
22.395
21.735
22.45
21.931
22.489
22.49
22.0
21.701
21.999
21.701
22.35
22.0
22.3
21.511
22.33
22.1
22.1
22.011
21.804
22.3
21.786
21.987
21.5
21.299
22.299
21.602
22.0
22.0
21.502
22.0
22.0
22.0
22.0
22.001
22.0
22.001
22.0
22.0
22.19
22.0
22.0
22.0
22.0
22.1
22.0
22.0
21.25
21.69
21.7
21.8
21.896
21.893
20.831
20.997
21.35
21.299
20.65
20.901
20.55
20.017
20.281
20.286
20.2
20.075
20.075
19.791
20.199
20.0
20.199
20.099
20.0
19.38
19.997
18.5
18.5
18.999
19.691
18.388
20.902
19.6
19.6
19.801
19.599
19.997
18.811
19.458
19.5
18.994
18.999
19.45
18.999
18.999
19.0
19.5
18.8
17.971
18.8
17.772
17.708
18.0
18.258
17.571
17.499
17.5
17.749
17.749
17.5
18.497
17.3
17.4
17.45
17.4
17.69
17.217
17.968
17.995
17.23
17.206
17.209
17.911
18.179
16.301
17.459
17.399
16.852
16.853
16.852
16.852
16.852
16.999
16.711
17.0
16.59
16.997
17.0
17.212
17.745
17.495
17.495
17.496
17.495
17.98
17.5
16.995
16.998
17.0
17.0
16.99
16.89
16.89
17.89
18.0
17.68
16.8
17.056
17.095
16.83
16.851
16.707
16.708
17.0
16.993
17.05
17.001
17.096
16.999
16.598
16.303
16.007
16.0
16.0
15.92
15.915
15.911
15.92
15.91
16.0
15.512
15.111
15.11
15.11
15.101
15.0
14.713
14.713
14.713
14.999
14.801
14.711
14.801
14.8
14.8
15.998
15.0
15.0
15.0
14.999
14.8
14.8
15.0
15.0
14.999
14.999
15.0
14.903
15.0
14.408
14.99
16.98
17.0
15.09
16.4
16.5
16.499
16.9
16.799
15.567
16.8
15.057
16.5
16.59
15.28
16.5
15.105
15.103
15.105
15.102
15.103
16.376
16.376
15.105
14.995
14.2
14.0
14.0
14.2
14.0
14.499
14.052
14.24
14.212
13.991
13.99
13.9
13.207
14.337
13.789
14.0
14.0
13.26
13.005
12.992
13.5
13.149
12.5
13.0
13.0
12.7
12.3
11.5
12.2
11.7
11.7
12.1
12.1
11.1
11.05
11.55
11.2
11.45
11.2
11.25
11.5
11.4
11.3
11.4
11.45
11.35
11.35
11.5
11.2
11.0
11.5
11.5
11.5
11.45
11.3
11.3
10.85
10.75
10.85
10.5
10.55
10.3
10.3
9.75
9.45
9.3
9.6
10.0
10.35
9.9
9.9
9.3
9.3
9.0
9.25
9.35
9.3
9.35
9.35
8.9
8.95
8.95
8.9
9.0
9.35
9.35
9.25
9.3
9.3
9.05
9.05
9.65
9.65
9.6
9.15
8.75
9.6
9.2
9.25
9.2
9.6
9.6
9.85
8.75
9.85
9.1
9.25
9.35
9.1
9.35
9.4
9.45
9.5
9.7
9.75
9.45
9.35
9.1
9.85
9.4
9.75
9.75
9.75
9.95
10.0
10.2
10.6
10.8
10.85
10.05
10.4
10.0
10.2
10.4
10.0
9.95
9.95
9.95
10.0
10.4
10.0
10.4
10.45
10.45
10.4
10.4
10.0
10.3
10.3
10.3
10.25
9.7
8.85
9.05
8.8
8.75
8.85
8.9
8.8
8.9
8.9
9.1
8.8
8.9
9.0
8.8
8.8
9.2
9.65
9.15
9.1
8.95
8.9
8.95
8.75
8.75
8.8
8.9
8.8
8.75
8.75
8.8
8.65
8.65
8.7
8.8
8.85
8.9
8.85
8.3
8.45
8.2
8.2
8.2
8.35
8.4
8.0
8.0
7.25
7.8
7.75
7.65
7.65
8.0
7.75
7.75
7.75
7.75
7.75
7.35
6.3
6.65
7.0
6.4
6.6
6.65
6.7
6.5
6.5
6.25
6.45
6.4
6.4
6.35
6.35
6.4
6.55
6.5
6.5
6.45
6.5
6.5
6.5
6.5
6.1
5.75
5.7
5.55
5.6
6.25
5.15
5.4
5.4
5.65
5.45
5.45
5.9
5.65
5.9
5.85
5.65
5.8
5.7
5.7
5.4
5.75
5.55
5.8
5.55
5.55
5.45
5.45
5.2
5.5
5.35
5.25
5.35
5.55
5.65
5.5
5.4
5.3
5.15
5.15
5.35
4.95
4.1
4.35
3.95
4.35
3.95
4.05
4.15
3.75
3.8
3.8
4.15
4.15
3.9
4.85
5.0
5.05
5.05
5.05
5.15
5.1
5.15
5.15
5.25
4.0
5.0
5.25
5.25
5.3
5.95
5.9
8.25
8.25
8.25
8.25
8.25
8.25
8.25
8.25
8.25
9.1
8.7
8.6
8.6
8.25
8.15
8.2
8.0
7.75
7.8
7.2
8.7
8.05
7.5
7.75
7.85
7.2
7.05
7.9
7.5
8.5
9.25
8.9
8.5
9.1
8.05
8.0
9.45
9.6
9.95
9.4
9.3
8.9
9.15
9.05
9.35
8.85
9.5
9.2
8.5
8.8
8.65
8.9
9.05
8.2
8.2
8.0
8.0
7.95
8.0
8.1
8.15
8.55
8.6
8.8
8.05
8.0
8.85
8.6
8.5
8.4
8.4
8.45
8.4
8.6
8.45
8.85
8.6
9.05
9.25
8.9
9.25
9.5
9.15
9.3
9.3
9.3
9.6
8.6
9.0
9.7
9.25
9.25
9.0
9.25
9.2
8.85
8.8
9.4
8.85
9.05
8.95
8.95
8.95
8.85
8.95
8.9
9.1
9.05
9.05
8.95
8.7
8.6
8.95
8.85
8.8
8.6
8.6
8.6
8.6
8.55
8.55
8.6
8.4
8.5
8.95
8.65
7.5
8.15
8.2
8.0
8.1
8.1
8.1
8.05
8.05
7.95
8.15
8.1
8.1
8.15
8.1
7.95
7.95
8.1
8.15
8.05
8.25
8.15
8.0
8.15
8.15
8.0
8.05
8.05
8.1
8.0
8.1
8.1
8.2
8.15
8.25
8.15
8.3
8.2
8.0
8.05
8.1
8.05
7.9
7.8
7.85
8.0
8.0
8.25
8.2
7.85
8.0
8.15
8.1
8.15
8.2
8.15
8.0
8.1
8.55
8.45
8.75
8.8
8.8
8.85
8.9
8.8
8.6
8.5
8.7
8.65
8.45
8.45
8.4
8.4
8.35
9.3
9.6
9.65
9.4
9.0
9.4
9.7
9.45
9.55
9.85
9.4
9.55
9.2
9.2
9.3
9.3
9.15
9.25
10.0
9.65
9.7
9.7
9.6
9.8
9.75
9.75
9.75
9.4
9.35
9.35
9.5
9.65
9.4
11.7
11.8
13.1
13.1
13.05
12.55
13.1
13.1
13.1
16.0
16.75
16.0
16.15
16.75
16.6
16.4
17.15
17.5
17.6
16.75
14.7
16.7
15.65
15.55
15.6
15.95
15.05
15.45
15.45
15.5
15.2
15.3
14.9
14.95
14.8
14.9
13.45
13.45
14.4
14.05
14.05
14.45
13.9
14.5
14.65
14.95
13.65
14.05
14.2
14.65
14.35
13.2
14.2
13.5
13.5
14.2
13.9
13.7
13.0
13.3
12.95
12.85
13.3
13.3
13.45
13.05
13.05
13.25
13.05
13.25
13.2
13.1
13.2
13.2
13.0
12.85
12.9
12.85
12.5
13.05
13.05
13.75
13.5
13.6
13.5
13.4
13.15
13.55
13.65
14.0
14.4
13.7
14.05
14.1
14.1
14.0
13.6
13.6
13.95
13.95
13.95
14.5
14.55
14.65
14.8
14.1
14.15
14.25
14.35
14.8
14.7
14.65
14.55
14.5
14.5
14.5
14.25
14.25
14.1
13.6
13.15
13.3
13.65
13.65
13.5
13.6
13.55
13.55
13.2
13.0
12.95
12.75
12.75
13.05
13.1
12.75
13.05
13.15
13.05
13.05
13.0
13.0
12.95
12.8
12.8
14.1
13.8
13.8
13.5
13.5
14.0
14.2
13.4
13.5
13.3
13.65
13.55
13.6
14.0
14.0
13.55
14.15
13.65
13.6
13.6
13.6
13.15
13.8
13.6
13.0
13.2
13.05
13.0
13.0
13.2
12.6
12.65
12.7
12.9
13.2
13.25
13.05
13.25
13.2
13.25
13.25
13.0
13.15
13.05
13.1
13.0
12.75
13.1
13.0
12.45
12.9
11.3
12.0
12.05
11.75
11.6
11.35
11.85
11.0
11.3
11.0
11.2
11.0
10.95
11.0
11.0
11.05
10.95
11.0
10.85
10.8
10.8
10.8
10.8
10.4
10.3
10.3
10.3
10.3
10.25
10.25
10.25
10.25
10.0
10.2
10.25
10.2
10.05
10.15
10.8
10.55
10.8
10.3
10.4
14.1
14.45
14.8
14.3
13.55
15.25
16.0
15.85
15.55
15.7
15.35
15.25
14.65
14.1
14.95
14.0
13.75
13.45
13.15
12.95
13.15
14.0
13.55
13.0
12.9
13.25
12.8
13.3
12.95
13.25
13.5
13.0
13.0
13.05
12.9
13.0
12.8
12.7
12.3
12.6
12.65
12.6
12.35
12.75
12.5
12.65
12.7
12.65
12.7
12.6
12.25
12.35
13.35
12.7
12.4
12.4
12.65
12.65
12.7
12.75
13.2
12.8
12.85
12.8
12.5
12.5
12.5
12.3
12.25
12.5
12.35
12.35
12.4
13.15
14.0
13.05
13.2
13.95
13.5
13.3
13.1
12.9
12.55
13.1
13.05
14.6
13.05
13.5
13.65
13.55
13.75
13.7
13.9
14.0
13.95
13.7
13.95
13.95
14.0
13.2
13.9
13.55
13.3
13.15
13.0
13.1
12.0
12.0
12.2
12.35
12.4
12.5
12.5
12.5
12.2
12.5
12.45
12.95
13.0
13.0
12.8
12.75
12.6
12.55
12.55
12.1
12.15
12.25
12.15
12.2
12.05
12.25
12.25
12.25
12.05
12.05
12.05
12.0
11.95
11.7
11.9
12.2
11.9
12.15
12.15
12.1
11.9
12.55
12.3
12.3
12.45
12.5
12.3
12.1
12.35
12.15
12.3
12.3
12.15
12.25
12.3
13.55
15.95
14.5
14.0
14.4
14.5
14.25
14.65
14.4
14.4
14.25
13.55
13.8
13.3
13.55
13.5
13.45
13.35
13.55
13.8
14.05
14.2
14.05
14.05
14.05
14.05
14.05
13.6
13.75
13.8
13.85
13.85
14.15
14.15
14.25
13.85
14.05
14.05
14.1
14.35
14.25
14.3
14.35
14.05
13.9
13.8
14.0
13.85
13.55
13.9
13.9
13.7
13.65
13.7
13.35
13.05
13.5
13.0
13.3
13.3
13.3
12.85
13.15
12.75
13.0
12.95
12.75
12.65
12.6
12.7
12.85
12.65
12.65
12.7
12.5
13.1
12.65
12.65
12.7
12.65
12.65
12.7
12.55
12.4
12.8
12.8
12.55
12.55
12.65
12.5
12.6
12.6
12.55
12.5
12.55
12.6
12.1
12.3
13.45
13.5
13.85
15.05
14.65
14.55
13.5
13.2
12.95
13.2
13.25
13.25
13.6
13.6
13.0
13.0
13.75
13.45
13.55
13.35
13.1
13.0
13.5
13.5
13.3
12.8
13.0
13.0
13.15
13.0
13.15
13.45
13.05
13.5
13.25
13.5
13.65
12.9
12.95
12.9
13.15
13.1
13.15
12.75
13.15
13.05
12.75
12.5
12.7
12.6
12.7
12.2
12.2
12.2
12.2
12.4
12.35
12.2
12.35
12.3
11.7
11.9
11.9
11.85
11.85
11.85
11.9
11.8
11.8
11.45
11.45
11.6
11.35
11.45
11.25
11.2
11.1
11.0
11.0
10.5
11.3
10.9
10.9
10.85
11.9
11.5
11.8
11.65
11.6
11.25
11.5
11.4
11.2
11.3
11.45
11.15
11.3
11.55
11.2
11.4
11.4
11.4
11.4
11.45
11.5
11.5
11.5
11.55
11.7
11.9
11.9
11.9
11.9
11.7
11.95
11.9
11.85
11.55
11.7
11.65
11.6
11.65
11.6
11.65
11.6
11.65
11.75
11.75
11.5
11.5
11.5
11.65
11.6
11.65
11.6
11.5
11.6
11.55
11.7
11.7
11.5
11.4
11.45
11.35
11.35
11.4
11.45
11.3
11.2
11.3
11.45
11.3
11.25
11.25
11.25
11.3
11.3
11.3
11.3
11.2
11.25
11.15
11.2
11.25
11.3
11.4
11.35
11.25
11.25
11.0
11.3
11.2
11.15
11.25
11.25
11.5
11.3
11.25
11.25
11.25
11.4
11.45
11.35
11.1
11.15
10.7
11.45
11.45
11.4
11.45
11.45
11.15
11.2
11.1
11.2
11.1
11.1
11.1
11.0
10.95
10.9
10.95
10.85
11.0
10.4
10.85
10.25
10.45
10.8
10.85
10.9
10.95
11.3
11.0
11.1
10.95
11.0
10.9
10.8
10.75
11.3
11.1
10.9
11.0
10.5
10.45
10.45
10.45
10.55
10.25
10.5
10.15
10.15
10.65
10.65
10.75
10.75
10.75
10.4
10.75
10.65
10.55
10.35
10.35
10.5
10.7
10.75
10.65
10.55
10.6
10.6
10.65
10.65
10.75
10.65
10.65
10.7
10.35
10.3
10.55
10.3
10.85
10.5
10.55
10.45
10.4
10.5
10.55
10.5
10.55
10.55
10.6
10.7
10.75
10.55
10.5
10.65
10.55
10.45
10.4
10.45
10.55
10.7
10.55
10.35
10.4
10.2
10.3
10.25
9.95
10.05
10.05
10.45
10.45
10.25
10.2
10.15
10.15
10.45
10.05
10.2
10.2
10.25
10.25
10.25
10.25
10.3
10.4
10.3
10.25
10.25
10.15
10.05
10.15
10.25
10.05
10.15
10.15
10.15
10.15
10.15
10.15
10.25
10.2
10.1
10.1
10.2
10.15
10.15
10.25
10.25
10.45
10.45
10.2
10.4
10.5
10.3
10.75
10.65
10.6
10.65
10.65
10.5
10.45
10.25
10.35
10.4
10.4
10.45
10.4
10.45
10.5
10.5
10.5
10.5
10.5
10.65
10.5
10.55
10.55
10.55
10.55
10.5
10.8
10.65
10.65
10.65
10.6
10.6
10.5
10.55
10.5
10.5
10.45
10.5
10.5
10.4
10.5
10.4
10.4
10.4
10.45
10.45
10.5
10.5
10.3
10.4
10.4
10.4
10.45
10.55
10.55
10.55
10.45
10.15
10.4
10.55
10.45
10.45
10.3
10.45
10.45
10.35
10.35
10.45
10.45
10.35
10.45
10.15
10.15
10.3
10.2
10.2
10.2
10.25
10.2
9.95
10.1
10.05
10.1
10.05
10.0
10.0
10.15
10.15
10.25
9.9
9.9
9.95
9.95
10.0
9.9
9.95
10.0
10.0
9.85
10.0
9.95
9.9
9.7
9.8
9.9
9.95
10.05
10.05
10.0
10.05
9.85
10.0
10.0
9.95
9.95
10.15
10.0
10.05
9.85
10.0
9.95
10.0
10.0
10.05
9.8
9.9
9.9
9.95
9.8
9.6
9.7
9.8
9.6
10.05
10.05
10.0
10.0
10.0
9.95
10.0
9.85
9.5
9.5
9.7
9.7
9.9
10.5
10.4
10.5
10.45
10.05
10.2
10.1
10.2
10.0
9.6
9.9
9.95
9.7
10.05
10.1
10.15
10.0
10.0
10.0
9.95
10.05
10.1
10.1
9.5
9.85
9.85
9.85
9.9
9.75
9.95
9.85
9.9
9.85
9.9
9.95
9.8
9.9
9.95
9.9
9.9
9.9
9.85
9.75
9.7
9.85
9.85
9.85
9.9
9.75
9.85
9.65
9.8
9.75
9.8
9.7
9.85
9.65
9.8
9.8
9.85
10.2
10.15
9.9
10.05
10.0
9.95
10.05
9.95
9.95
9.9
9.95
10.0
9.95
9.9
9.9
9.9
9.85
9.85
9.85
9.8
9.8
9.9
9.85
9.9
9.9
9.95
9.9
9.95
9.95
9.95
9.95
9.8
9.9
9.9
9.8
10.05
10.0
10.0
10.15
10.0
10.05
10.15
10.15
10.0
9.75
10.25
10.25
10.35
10.35
10.4
10.35
10.3
10.4
10.35
10.2
10.05
10.0
10.0
9.9
10.0
10.0
10.0
9.85
9.85
9.85
9.9
10.0
9.95
9.65
9.8
9.6
9.85
9.9
9.9
9.75
9.95
9.8
9.8
9.65
9.8
9.75
9.75
9.65
9.75
9.65
9.5
9.7
9.9
10.05
10.0
10.05
10.15
10.05
10.0
9.95
9.9
9.9
9.9
10.0
9.8
9.9
9.95
9.9
9.95
10.0
9.85
9.85
9.85
9.6
9.75
9.8
9.75
9.85
9.65
9.8
9.8
9.85
9.75
9.8
9.8
9.75
9.75
9.75
9.7
9.75
9.7
9.75
9.8
9.85
9.9
9.8
9.9
9.75
9.75
9.8
9.8
9.8
9.65
9.7
9.75
9.7
9.75
9.75
9.8
9.9
9.8
10.0
10.0
10.0
10.0
9.85
9.65
9.7
9.7
9.7
9.65
9.85
9.85
9.75
9.8
9.6
9.9
9.8
9.8
9.85
9.9
9.9
10.0
10.0
9.85
9.8
9.9
9.95
9.9
9.8
9.95
10.0
10.0
9.95
10.05
10.05
10.0
10.05
10.05
10.05
10.15
10.15
10.15
10.1
10.15
10.4
10.45
10.85
10.75
10.5
10.75
10.8
10.75
10.65
10.1
10.55
10.15
10.35
10.5
10.65
10.55
10.55
10.5
10.1
10.05
10.0
10.25
10.0
10.3
10.35
10.5
10.6
10.55
10.4
10.55
10.2
10.4
10.4
10.4
10.45
10.3
10.9
10.35
10.6
10.65
10.6
10.5
10.45
10.4
10.55
10.5
10.5
10.4
10.85
10.7
10.6
10.55
10.5
10.55
10.5
10.4
10.5
10.45
10.4
10.4
10.45
10.25
10.55
10.45
10.45
10.45
10.45
10.2
10.35
10.45
10.25
10.1
10.2
10.1
10.2
10.2
10.3
10.05
10.2
10.1
10.15
10.05
10.05
10.2
10.15
10.2
10.25
10.15
10.2
10.4
10.5
10.5
10.5
10.3
10.4
10.45
10.5
10.6
10.6
10.9
13.1
13.1
13.45
12.75
12.9
12.6
12.2
12.4
11.95
12.65
12.25
11.7
12.0
11.9
11.95
11.95
12.0
12.55
12.0
12.35
12.15
11.95
11.85
11.8
11.8
11.9
11.85
11.2
11.2
11.05
11.05
11.15
11.1
11.15
11.4
11.45
11.2
11.2
11.2
11.25
11.15
11.3
11.05
11.0
11.05
11.15
11.25
11.05
11.1
10.85
11.0
10.85
10.9
10.65
10.65
10.65
10.65
10.7
10.75
10.7
10.6
10.7
10.85
10.8
10.8
10.95
10.7
10.9
10.9
11.25
11.05
11.0
11.0
11.15
11.45
11.4
11.4
11.2
11.3
11.35
11.4
11.1
11.35
11.45
11.1
11.0
11.05
10.95
11.05
11.1
11.1
11.15
12.25
15.05
14.55
14.15
13.65
13.2
13.7
13.4
13.9
15.0
16.5
16.35
16.5
16.2
16.05
16.65
16.4
16.4
16.5
18.0
18.75
16.35
16.5
17.1
16.6
16.5
16.25
16.2
16.6
16.4
15.6
15.4
14.85
14.85
14.8
14.85
15.7
15.8
15.45
16.0
15.7
15.8
15.5
15.2
15.25
15.25
15.25
15.7
15.65
16.0
15.55
15.25
15.15
15.05
14.55
14.3
14.2
14.35
14.15
14.05
13.85
13.95
13.8
13.95
13.8
13.8
13.95
14.15
13.85
13.9
15.4
14.35
14.25
14.15
13.9
13.75
14.1
13.95
13.95
14.0
13.9
13.9
13.8
13.75
13.65
13.7
13.65
13.5
13.5
13.3
13.2
13.35
13.45
13.6
13.65
13.6
13.55
13.8
13.65
13.3
13.65
13.95
13.9
13.75
13.75
13.8
13.8
13.75
13.7
13.8
13.75
13.2
13.3
13.15
12.75
12.8
12.8
12.7
12.75
12.85
12.5
12.5
12.5
12.5
12.1
12.4
12.35
12.35
12.45
12.15
12.25
12.25
12.15
12.45
12.5
12.5
12.45
11.85
12.0
11.8
12.0
12.1
12.15
12.05
12.1
11.05
11.0
10.9
10.95
11.0
11.0
10.9
11.05
10.95
10.95
10.2
11.0
10.85
11.0
11.05
11.0
10.8
10.75
10.85
10.75
10.6
10.75
10.9
10.65
10.6
10.95
10.8
10.8
10.8
10.8
10.9
10.8
10.8
10.8
10.8
10.9
10.95
11.45
11.8
11.3
11.05
12.45
11.95
11.7
11.85
11.7
11.7
11.75
11.8
11.6
11.3
11.55
11.8
11.7
11.55
11.5
11.45
11.35
11.1
11.7
11.55
11.6
11.55
11.6
11.45
11.55
11.45
11.35
11.45
11.4
11.25
11.45
11.4
11.25
11.45
11.3
11.3
11.1
11.15
11.1
11.1
11.15
11.1
11.15
11.2
11.1
11.25
11.15
11.1
11.15
11.15
11.2
11.15
11.1
11.05
11.15
11.25
11.15
11.25
11.1
11.25
11.35
11.2
11.3
11.35
11.2
11.15
11.4
11.2
11.2
11.2
11.05
11.2
11.1
11.15
11.15
11.15
11.1
11.25
11.3
11.25
11.25
11.2
11.15
11.25
11.15
11.1
11.3
11.25
11.1
11.0
11.1
11.15
11.1
11.1
11.1
11.05
10.95
11.15
11.25
11.0
11.15
11.15
11.0
10.8
10.95
11.2
11.15
11.25
11.15
11.05
11.0
11.05
10.95
10.9
11.0
10.85
10.85
10.9
10.9
10.9
10.9
10.9
10.85
10.85
10.8
10.75
10.55
10.7
10.6
10.75
10.6
10.65
10.55
10.7
10.5
10.4
10.5
10.6
10.55
10.5
10.5
10.55
10.4
10.5
10.25
10.4
10.7
10.45
10.5
10.7
10.55
10.65
10.65
10.65
10.55
10.35
10.2
10.45
10.35
10.25
10.4
10.35
10.35
10.25
10.35
10.3
10.35
10.3
10.4
10.4
10.45
10.35
10.3
10.4
10.3
10.3
10.3
10.35
10.4
10.45
10.5
10.45
10.4
10.4
10.3
10.35
10.4
10.35
10.3
10.3
10.35
10.4
10.3
10.3
10.3
10.35
10.45
10.35
10.3
10.4
10.3
10.3
10.35
10.35
10.35
10.35
10.3
10.3
10.25
10.25
10.3
10.25
10.25
10.2
10.25
10.25
10.25
10.25
10.25
10.3
10.4
10.45
10.3
10.4
10.45
10.4
10.0
10.3
10.2
10.1
10.15
10.15
10.1
10.1
10.15
10.1
10.1
10.15
10.4
10.35
10.15
10.15
10.15
10.3
10.25
10.25
10.2
10.2
10.2
10.25
10.15
10.25
10.2
10.15
10.2
10.1
10.1
10.15
10.1
10.05
10.25
10.1
10.15
10.2
10.25
10.15
10.1
10.05
10.05
10.05
10.1
10.0
9.95
9.95
10.05
9.95
10.0
9.9
10.05
10.1
9.9
10.0
10.1
10.05
10.05
10.05
10.0
10.05
9.95
10.15
9.95
9.9
9.95
9.95
9.95
9.95
10.0
10.0
10.05
10.05
10.15
10.15
10.2
10.15
10.15
10.2
10.15
9.95
10.2
10.1
10.1
10.15
10.05
10.05
10.15
10.0
10.1
9.95
10.0
10.1
10.15
10.1
10.1
10.05
10.15
10.05
10.2
10.0
10.05
10.0
10.0
10.1
10.0
10.05
10.05
10.0
10.0
10.05
10.0
10.05
10.05
10.0
10.1
10.2
10.15
10.15
10.15
10.15
10.15
10.1
10.1
10.15
10.1
10.1
10.1
10.1
10.25
10.1
10.05
10.1
10.05
10.05
10.0
10.05
10.0
10.05
10.0
10.0
10.0
10.0
10.0
10.0
10.05
10.05
10.05
9.95
9.95
10.0
10.0
10.0
10.0
10.05
10.1
10.0
9.95
10.0
10.0
10.0
10.0
10.0
9.95
10.0
10.0
10.0
9.95
9.95
9.9
9.9
9.95
9.95
9.9
9.9
9.95
9.95
9.95
9.95
9.9
9.85
9.85
9.85
9.85
9.85
9.85
9.9
9.85
9.9
9.9
9.95
9.95
9.95
9.9
9.95
9.85
9.85
9.8
10.0
10.0
9.95
10.0
9.9
9.85
9.9
9.9
9.9
9.9
9.8
9.9
9.9
9.85
9.9
9.9
9.95
9.9
9.85
9.9
9.85
9.9
9.85
9.9
9.9
9.9
9.85
9.95
9.9
9.9
9.9
10.05
9.9
9.9
9.95
9.9
9.9
9.95
9.95
9.95
9.95
9.9
9.9
9.85
9.85
9.95
9.85
9.85
9.9
9.85
9.8
9.8
9.85
9.85
9.8
9.8
9.8
9.8
9.9
9.85
9.9
9.8
9.8
9.75
9.8
9.8
9.75
9.85
9.8
9.8
9.85
9.8
9.85
9.8
9.8
9.75
9.75
9.75
9.8
9.8
9.85
9.75
9.75
9.75
9.75
9.8
9.8
9.8
9.85
9.8
9.75
9.8
9.8
9.8
9.8
9.8
9.8
9.8
9.75
9.75
9.75
9.8
9.8
9.7
9.75
9.8
9.75
9.7
9.75
9.75
9.7
9.8
9.75
9.7
9.7
9.65
9.7
9.7
9.7
9.7
9.75
9.7
9.65
9.7
9.7
9.7
9.7
9.65
9.65
9.6
9.65
9.65
9.65
9.7
9.7
9.7
9.7
9.7
9.7
9.75
9.7
9.7
9.7
9.7
9.7
9.7
9.7
9.7
9.7
9.65
9.65
9.65
9.7
9.6
9.65
9.65
9.6
9.6
9.6
9.6
9.6
9.65
9.7
9.65
9.6
9.65
9.65
9.65
9.65
9.7
9.75
9.7
9.75
9.75
9.7
9.7
9.7
9.7
9.7
9.65
9.7
9.8
10.9
10.75
10.7
10.55
10.6
10.6
10.35
10.45
10.45
10.25
10.4
10.3
10.35
10.2
10.3
10.25
10.2
10.15
10.35
10.2
10.25
10.0
10.0
9.95
10.0
10.0
10.0
10.2
10.15
10.1
10.1
10.15
10.1
10.05
10.05
10.15
10.2
10.1
10.1
10.1
10.15
10.05
10.15
10.1
10.05
10.1
10.15
10.2
10.15
10.1
10.1
10.05
10.0
10.0
10.0
10.0
10.1
10.0
10.05
9.9
9.95
9.9
9.85
9.9
9.9
9.9
9.85
9.9
10.0
10.0
9.95
10.05
9.95
10.0
9.9
9.95
9.9
9.9
9.8
9.8
9.9
9.65
9.7
9.75
9.85
9.8
9.8
9.8
9.9
9.8
9.85
9.85
9.9
10.1
10.0
9.95
9.95
9.95
9.9
9.85
9.85
9.9
9.9
9.9
9.9
9.9
9.9
9.95
9.9
9.9
9.95
9.95
9.95
9.95
9.95
10.0
9.9
9.95
9.9
9.9
9.85
9.7
9.75
9.75
9.75
9.8
9.8
9.75
9.7
9.7
9.7
9.75
9.75
9.7
9.75
9.75
9.7
9.8
9.75
9.75
9.7
10.6
10.1
10.2
10.1
10.05
9.98
9.95
9.92
9.91
9.9
9.82
9.98
9.99
9.99
9.99
9.82
9.94
9.94
9.85
9.88
9.76
9.92
9.82
9.82
9.92
9.95
9.89
9.94
9.83
9.79
9.74
9.84
9.8
9.93
9.81
9.81
9.85
9.81
9.75
9.75
9.77
9.8
9.74
9.74
9.74
9.7
9.7
9.8
9.89
9.75
9.8
9.71
9.79
9.76
9.75
9.71
9.7
9.7
9.7
9.7
9.73
9.7
9.68
9.63
9.71
9.76
9.71
9.72
9.78
9.77
9.79
9.72
9.72
9.7
9.65
9.67
9.77
9.77
9.79
9.78
9.79
9.74
9.76
9.89
9.82
9.79
9.83
9.81
9.9
9.94
9.81
9.82
9.87
9.82
9.74
9.77
9.8
9.75
9.82
9.76
9.84
9.85
9.85
9.82
9.8
9.85
9.81
9.79
9.8
9.87
9.8
9.8
9.8
9.8
9.85
9.8
9.88
9.83
9.8
9.76
9.7
9.77
9.75
9.77
9.71
9.75
9.75
9.75
9.76
9.67
9.72
9.7
9.73
9.7
9.7
9.78
9.78
9.76
9.68
9.76
9.67
9.6
9.67
9.64
9.57
9.64
9.63
9.59
9.64
9.64
9.62
9.65
9.61
9.6
9.59
9.63
9.59
9.58
9.57
9.55
9.59
9.59
9.64
9.58
9.63
9.53
9.62
9.5
9.43
9.5
9.43
9.43
9.43
9.49
9.42
9.49
9.44
9.37
9.43
9.35
9.42
9.33
9.38
9.32
9.41
9.39
9.31
9.32
9.31
9.3
9.29
9.22
9.23
9.26
9.21
9.2
9.16
9.2
9.2
9.26
9.21
9.21
9.3
9.21
9.32
9.32
9.22
9.25
9.25
9.2
9.24
9.23
9.2
9.22
9.11
9.22
9.21
9.15
9.22
9.16
9.16
9.15
9.09
9.2
9.2
9.19
9.12
9.2
9.13
9.15
9.15
9.15
9.14
9.14
9.14
9.15
9.16
9.16
9.06
9.05
9.13
9.06
9.05
9.29
9.17
9.11
9.15
9.1
9.09
9.08
9.12
9.33
9.21
9.19
9.1
9.1
9.17
9.07
9.15
9.17
9.08
9.15
9.15
9.1
9.08
9.08
9.14
9.17
9.15
9.04
9.03
9.0
9.06
9.01
9.02
9.08
9.07
9.02
9.02
9.02
8.9
8.91
8.96
9.13
8.93
9.05
9.04
9.05
8.95
8.92
8.78
8.75
8.82
8.76
8.83
8.79
8.8
8.75
8.84
8.76
8.75
8.71
8.77
8.77
8.77
8.8
8.7
8.77
8.9
8.76
8.64
8.81
8.7
8.7
8.7
8.74
8.8
8.84
8.84
8.8
8.78
8.76
8.75
8.8
8.72
8.72
8.72
8.8
8.61
8.59
8.61
8.64
8.64
8.64
8.62
8.63
8.59
8.68
8.67
8.5
8.48
8.59
8.58
8.58
8.56
8.54
8.49
8.48
8.42
8.43
8.48
8.45
8.49
8.52
8.32
8.38
8.38
8.39
8.39
8.4
8.44
8.42
8.42
8.35
8.37
8.37
8.35
8.32
8.3
8.3
8.29
8.29
8.31
8.31
8.32
8.37
8.38
8.51
8.44
8.44
8.54
8.48
8.64
8.72
8.68
8.66
8.74
8.71
8.83
8.81
8.82
8.54
8.6
8.6
8.61
8.61
8.6
8.62
8.63
8.63
8.52
8.59
8.54
8.55
8.54
8.46
8.46
8.51
8.5
8.45
8.39
8.44
8.44
8.39
8.42
8.42
8.45
8.68
8.49
8.52
8.47
8.46
8.48
8.54
8.51
8.59
8.61
8.52
8.51
8.59
8.45
8.44
8.35
8.43
8.4
8.34
8.45
8.6
8.5
8.56
8.47
8.46
8.3
8.36
8.36
8.37
8.31
8.7
8.54
8.45
8.43
8.52
8.45
8.45
8.42
8.4
8.38
8.4
8.41
8.41
8.42
8.38
8.32
8.52
8.49
8.38
8.38
8.42
8.32
8.31
8.39
8.41
8.46
8.51
8.41
8.43
8.45
8.45
8.47
8.39
8.38
8.41
8.45
8.44
8.46
8.48
8.42
8.43
8.51
8.52
8.53
8.6
8.59
8.57
8.57
8.56
8.59
8.57
8.7
8.72
8.64
8.75
8.74
8.77
8.76
8.75
8.75
9.05
8.97
8.96
8.92
8.8
8.8
8.78
8.85
8.77
9.09
8.99
8.92
9.27
9.2
9.27
9.18
9.2
9.17
9.22
9.2
9.23
9.36
9.28
9.28
9.25
9.29
9.33
9.22
9.27
9.22
9.18
9.0
9.14
9.15
9.23
9.23
9.23
9.09
9.11
9.17
9.14
9.15
9.13
9.17
9.3
9.31
9.19
9.26
8.93
9.1
9.1
9.1
9.12
9.12
9.11
9.04
9.03
9.05
9.05
9.11
9.21
9.25
9.14
9.15
9.11
9.18
9.12
9.17
9.11
9.02
9.06
9.13
9.14
9.04
9.2
9.1
9.29
9.15
8.99
9.0
8.97
8.88
8.89
8.93
8.92
8.94
8.87
8.93
8.97
8.97
8.91
8.95
9.0
8.99
8.8
8.78
9.0
9.03
9.04
9.04
9.04
9.03
8.94
9.05
9.01
9.02
9.06
9.04
8.98
9.02
9.04
9.07
9.09
8.99
8.96
9.07
9.07
9.0
9.04
9.04
9.0
9.01
9.0
9.3
9.06
9.0
8.97
9.04
9.0
9.05
9.0
9.0
9.0
9.08
9.06
8.99
9.02
8.98
8.99
8.99
8.93
8.99
8.95
8.95
8.93
8.93
8.99
8.95
8.93
8.99
8.92
8.93
8.99
8.97
9.0
8.97
9.05
9.0
8.99
8.98
8.99
8.94
8.96
8.98
8.9
8.89
8.84
8.87
8.95
8.99
8.92
9.0
8.98
8.95
8.95
8.95
8.99
8.94
8.97
8.9
8.92
8.86
9.1
9.09
9.08
8.96
8.9
8.93
9.04
9.0
8.98
8.95
8.93
8.93
9.0
8.93
9.01
8.96
8.99
8.94
9.0
9.0
8.97
9.01
8.93
8.95
8.95
8.95
8.95
8.92
8.91
8.87
8.91
8.92
8.9
8.96
8.8
8.8
8.85
8.81
8.79
8.77
8.75
8.6
8.51
8.81
9.17
9.12
9.14
9.05
8.96
9.0
9.11
9.1
9.08
9.14
9.3
9.4
9.39
9.35
9.3
9.35
9.35
9.18
9.16
9.12
9.01
9.0
8.99
9.0
9.0
9.18
9.01
8.96
8.94
8.87
8.96
8.91
8.99
9.0
9.03
8.91
9.0
8.94
8.71
8.97
8.93
8.87
8.91
8.9
9.0
9.0
9.0
9.0
8.98
9.07
9.04
9.07
9.07
9.02
9.03
9.14
9.13
9.12
8.96
9.17
9.05
9.05
9.06
9.02
9.09
9.25
9.29
9.28
9.27
9.09
9.25
9.19
9.1
9.19
9.11
9.08
9.05
9.05
9.18
9.19
9.07
9.18
9.05
9.19
9.03
9.15
9.26
9.2
9.23
9.33
9.33
9.32
9.19
9.19
9.29
9.25
9.24
9.2
9.2
9.28
9.19
9.19
9.21
9.11
9.3
9.24
9.29
9.29
9.03
9.24
9.24
9.14
9.27
9.29
9.3
9.32
9.22
9.22
9.17
9.17
9.17
9.2
9.2
9.22
9.27
9.22
9.22
9.24
9.32
9.27
9.28
9.3
9.29
9.27
9.38
9.36
9.37
9.35
9.36
9.36
9.36
9.33
9.3
9.23
9.28
9.4
9.45
9.5
9.33
9.83
9.87
9.75
9.72
9.64
9.64
9.83
9.6
9.81
10.3
10.05
10.23
10.18
10.18
10.16
9.74
9.67
9.7
9.72
9.74
9.72
9.6
9.72
9.84
9.7
9.66
9.64
9.69
9.65
9.61
9.61
9.76
9.95
10.16
10.9
10.29
10.17
10.14
10.51
10.48
10.39
10.4
10.2
10.07
10.17
10.1
10.41
10.4
10.5
10.49
10.15
10.15
10.15
10.0
10.08
10.15
10.11
10.15
10.03
10.03
9.8
10.0
10.0
10.0
10.1
10.1
9.96
10.03
9.98
9.87
10.03
10.01
10.07
9.99
10.12
10.1
10.1
10.0
10.03
10.12
10.3
10.1
10.03
10.13
10.14
10.19
10.34
10.32
10.47
10.4
10.36
10.31
10.31
10.4
10.39
10.39
10.35
10.4
10.21
10.39
10.3
10.3
10.29
10.3
10.05
10.14
10.07
10.13
10.15
10.15
10.09
10.1
10.21
10.14
10.2
10.2
10.09
10.13
10.0
10.08
10.21
10.23
10.23
10.24
10.24
10.27
10.36
10.27
10.21
10.22
10.26
10.22
10.22
10.25
10.14
10.24
10.18
10.17
10.17
10.14
10.07
10.18
10.2
10.48
10.5
10.45
10.74
10.65
10.53
10.5
10.5
10.55
10.55
10.55
10.5
10.5
10.5
10.5
10.35
10.49
10.4
10.33
10.48
10.43
10.5
10.6
10.64
10.56
10.6
10.4
10.4
10.4
10.48
10.65
10.51
10.5
10.41
10.38
10.41
10.35
10.52
10.37
10.54
10.65
10.67
10.6
10.57
10.71
10.55
10.58
10.46
10.4
10.44
10.45
10.5
10.45
10.48
10.5
10.45
10.46
10.34
10.3
10.43
10.45
10.49
10.44
10.56
10.6
10.59
10.51
10.5
10.45
10.45
10.45
10.44
10.44
10.29
10.41
10.45
10.44
10.33
10.49
10.6
10.47
10.47
10.47
10.47
10.46
10.48
10.45
10.49
10.49
10.45
10.49
10.48
10.49
10.5
10.42
10.5
10.4
10.3
10.37
10.3
10.5
10.5
10.4
10.36
10.42
10.36
10.42
10.4
10.35
10.44
10.37
10.29
10.21
10.1
10.19
10.22
10.28
10.28
10.25
10.25
10.3
10.23
10.2
10.15
10.26
10.22
10.33
10.26
10.26
10.35
10.28
10.13
10.23
10.13
10.2
10.15
10.15
10.15
10.15
10.25
10.15
10.23
10.19
10.16
10.19
10.11
10.09
10.09
10.09
10.08
10.1
10.19
10.37
10.03
10.01
10.02
10.09
10.16
10.05
10.19
10.19
10.17
9.85
10.04
10.02
10.12
10.18
10.06
10.15
10.18
10.23
10.2
10.16
10.17
10.01
10.13
10.15
10.15
10.02
10.21
10.11
10.06
10.21
10.2
10.18
10.1
10.19
10.18
10.17
10.18
10.06
10.0
10.05
10.2
10.08
10.2
10.2
10.3
10.2
10.5
10.3
10.28
10.54
10.38
10.38
10.38
10.38
10.31
10.42
10.5
10.48
10.49
10.37
10.37
10.44
10.38
10.15
10.15
10.13
10.07
10.3
10.29
10.4
10.4
10.26
10.23
10.23
10.29
10.3
10.37
10.36
10.3
10.3
10.35
10.37
10.33
10.22
10.34
10.15
10.25
10.15
10.25
10.27
10.27
10.4
10.26
10.21
10.28
10.22
10.2
10.2
10.2
10.2
10.16
10.2
10.13
10.08
10.06
10.09
10.14
10.09
10.14
10.14
10.14
10.16
10.16
10.16
10.15
10.11
10.03
10.2
10.14
10.2
10.2
10.21
10.26
10.3
10.27
10.19
10.24
10.27
10.17
10.24
10.24
10.25
10.25
10.19
10.19
10.19
10.25
10.17
10.27
10.26
10.23
10.23
10.22
10.25
10.29
10.26
10.22
10.27
10.24
10.38
10.34
10.34
10.21
10.19
10.04
10.15
10.13
10.16
10.1
10.1
10.16
10.14
10.11
10.0
10.04
10.0
9.9
9.9
9.9
9.8
9.89
9.84
9.82
9.89
9.89
9.88
9.9
9.89
9.89
9.9
9.9
9.9
9.86
9.95
9.95
9.98
9.98
9.92
10.0
10.0
10.07
9.98
10.09
10.1
10.22
10.06
9.99
10.15
10.16
10.05
10.13
10.11
10.1
10.1
10.13
10.19
10.25
10.14
10.08
10.14
10.0
10.13
10.11
10.12
10.15
10.16
10.0
10.0
9.98
9.98
9.96
9.96
9.94
9.99
9.97
10.03
10.0
9.96
10.02
10.01
9.99
10.01
10.09
10.0
10.0
9.98
10.04
10.05
10.05
10.1
9.92
9.99
10.03
9.86
9.92
9.92
9.95
9.94
10.04
9.92
9.92
9.92
9.9
9.97
9.98
9.97
9.94
9.99
9.91
9.9
9.93
9.88
9.94
9.88
10.0
9.82
9.89
9.88
9.81
9.89
9.84
9.86
9.92
9.92
9.92
9.88
9.86
9.85
9.84
9.89
9.82
9.82
9.81
9.82
9.8
9.78
9.83
9.83
9.85
9.87
9.9
9.83
9.86
9.85
9.85
9.85
9.86
9.85
9.9
9.9
9.92
10.07
10.12
10.06
9.95
9.98
9.96
9.9
9.92
9.91
9.83
9.88
9.89
9.93
9.87
9.9
10.07
10.07
10.07
10.1
10.0
10.08
9.92
9.94
9.83
9.87
9.8
9.95
9.95
9.95
10.0
10.0
10.0
9.88
9.86
9.91
10.0
10.0
10.01
10.01
9.92
10.08
10.01
10.0
9.93
9.91
9.91
9.99
9.98
9.99
9.99
10.09
10.01
10.15
10.2
10.08
10.05
10.07
10.1
10.0
10.0
9.99
9.97
10.09
9.91
9.91
9.9
9.81
9.88
9.86
9.7
9.75
9.58
9.68
9.5
9.52
9.51
9.49
9.5
9.5
9.6
9.61
9.61
9.67
9.65
9.7
9.64
9.71
9.72
9.82
9.83
9.83
9.83
9.73
9.82
9.75
9.86
9.9
9.9
9.94
10.04
9.98
9.95
9.95
10.02
10.03
10.05
10.0
10.0
10.0
10.0
9.97
10.0
9.86
9.89
9.89
9.94
10.04
9.96
9.97
10.01
9.88
9.84
9.95
9.95
9.96
9.96
9.97
9.9
9.97
9.95
9.92
9.98
9.9
9.99
9.98
9.98
9.89
9.8
9.79
9.88
9.89
9.76
9.84
9.72
9.7
9.89
9.8
9.88
9.88
9.9
9.79
9.97
10.07
9.92
9.94
10.0
9.9
9.9
9.97
9.88
9.89
10.0
10.01
9.99
10.36
10.21
10.21
9.94
10.0
9.9
9.99
9.99
9.81
9.6
9.79
9.84
9.82
9.79
9.81
9.85
9.85
9.72
9.8
9.65
9.6
9.5
9.55
9.55
9.6
9.49
9.49
9.42
9.41
9.42
9.57
9.59
9.59
9.51
9.5
9.51
9.55
9.52
9.69
9.67
9.54
9.64
9.67
9.56
9.41
9.58
9.2
9.12
9.09
9.1
9.1
9.1
9.16
9.2
9.16
9.15
9.0
8.95
8.93
8.93
8.91
8.66
8.64
8.68
8.65
8.78
8.71
8.8
8.98
8.98
9.01
9.0
9.15
8.91
8.89
8.97
8.83
8.69
8.79
9.1
9.0
8.89
8.89
8.98
8.75
8.75
8.7
8.7
8.7
8.88
8.83
8.81
8.85
8.89
8.85
8.77
8.96
8.99
8.9
8.81
9.06
9.13
9.1
9.06
9.25
9.19
9.3
9.28
9.28
9.4
9.44
9.44
9.55
9.54
9.43
9.25
9.01
9.35
9.03
9.0
9.0
8.97
9.03
9.0
9.0
9.0
8.98
9.04
9.21
9.11
9.16
9.18
9.02
9.02
9.01
9.12
8.96
9.01
8.99
9.0
8.99
9.14
8.91
8.8
8.89
8.89
8.78
8.89
8.79
8.85
8.94
8.9
8.74
8.73
8.64
8.64
8.62
8.55
8.64
8.56
8.58
8.41
8.59
8.57
8.18
8.78
8.6
8.68
8.68
8.58
8.6
8.6
8.6
8.65
8.61
8.8
8.79
8.66
8.52
8.55
8.5
8.16
8.39
8.4
8.37
8.25
8.12
8.19
8.13
8.13
8.03
8.08
8.03
8.05
8.01
8.07
8.01
8.07
7.99
8.05
7.95
8.07
8.08
7.8
7.89
7.8
7.85
7.85
7.99
7.98
7.95
7.98
7.8
7.95
7.8
7.8
7.78
7.95
8.0
8.0
8.03
7.88
7.87
7.94
7.98
7.84
7.89
8.0
7.97
8.08
8.1
7.63
7.87
7.86
7.91
7.98
7.88
7.97
7.97
7.9
7.97
8.06
8.06
8.08
7.97
7.99
7.99
8.0
8.15
7.9
7.9
8.0
8.0
7.98
8.13
8.09
7.75
7.73
7.86
7.88
7.86
7.97
7.9
7.58
7.6
7.61
7.47
7.3
7.48
7.5
7.5
7.74
7.52
7.57
7.64
7.6
7.59
7.64
7.47
7.76
7.92
7.89
7.9
7.9
7.92
7.93
7.95
7.95
8.08
8.0
8.0
8.0
8.01
8.0
8.0
8.1
8.01
8.01
8.0
8.0
8.06
7.99
7.96
8.0
8.1
8.0
8.08
8.05
8.03
8.0
7.99
7.93
8.0
8.0
8.03
7.98
8.07
8.06
8.08
8.14
8.15
8.14
8.22
8.16
8.2
8.24
8.24
8.27
8.3
8.3
8.32
8.32
8.28
8.27
8.0
7.98
7.97
7.98
7.99
7.99
8.02
7.88
7.88
7.84
7.9
7.84
7.9
7.91
8.0
8.08
8.09
8.1
8.04
8.05
8.04
8.11
8.06
7.94
7.92
7.8
7.54
7.8
7.8
7.75
7.87
7.88
7.88
7.88
7.89
7.99
7.74
7.96
7.82
7.82
7.9
7.8
7.87
7.8
7.64
7.76
7.76
7.85
7.92
7.9
7.85
7.94
7.8
7.8
8.0
8.01
8.02
8.06
8.01
8.05
8.07
7.99
8.1
8.3
8.07
8.16
8.17
8.0
8.14
8.06
8.2
8.2
8.2
8.2
8.0
8.0
8.1
8.09
8.05
8.06
8.16
8.16
8.11
7.96
8.0
7.8
7.8
7.85
7.96
7.9
8.02
7.84
8.05
8.1
7.98
8.02
8.17
8.17
8.16
8.2
8.16
8.11
8.11
8.09
8.02
8.11
8.01
8.0
8.08
8.08
8.2
8.2
8.08
8.1
7.95
7.96
7.99
8.09
8.09
8.12
8.0
7.97
8.0
7.98
8.12
8.1
8.0
8.0
8.11
8.11
7.99
8.0
8.2
8.05
8.05
8.09
8.05
8.07
8.15
8.07
7.97
8.01
7.92
8.0
7.99
8.0
8.05
8.05
8.08
8.07
8.17
8.06
8.06
8.06
8.07
8.25
8.28
8.24
8.24
8.2
8.29
8.4
8.4
8.45
8.6
8.6
8.54
8.54
8.54
8.53
8.41
8.39
8.49
8.39
8.46
8.49
8.5
8.53
8.5
8.47
8.5
8.53
8.68
8.5
8.5
8.67
8.8
8.62
8.65
8.8
8.71
8.7
8.69
8.81
8.61
8.58
8.62
8.59
8.57
8.63
8.65
8.63
8.63
8.57
8.88
8.73
8.67
8.67
8.67
8.67
8.5
8.5
8.5
8.5
8.47
8.58
8.44
8.42
8.64
8.53
8.22
8.31
8.4
8.41
8.44
8.54
8.3
8.51
8.54
8.57
8.5
8.5
8.54
8.46
8.5
8.54
8.63
8.59
8.6
8.58
8.61
8.74
8.55
8.56
8.58
8.58
8.55
8.47
8.52
8.34
8.45
8.42
8.45
8.29
8.29
8.35
8.25
8.34
8.34
8.21
8.52
8.41
8.39
8.37
8.26
8.3
8.1
8.2
8.29
8.31
8.32
8.3
8.2
8.32
8.32
8.21
8.34
8.28
8.35
8.3
8.3
8.13
8.35
8.3
8.16
8.37
8.3
8.21
8.21
8.17
8.2
8.25
8.25
8.26
8.3
8.3
8.33
8.35
8.33
8.33
8.22
8.2
8.18
8.24
8.19
8.16
8.17
8.2
8.2
8.22
8.15
8.31
8.21
8.29
8.21
8.17
8.07
8.12
8.19
8.13
8.11
8.13
8.15
8.11
8.23
8.21
8.14
8.96
8.78
8.8
8.68
8.69
8.7
8.74
8.8
8.79
8.61
8.6
8.58
8.6
8.5
8.44
8.43
8.42
8.42
8.51
8.43
8.4
8.67
8.66
8.66
8.5
8.44
8.45
8.48
8.48
8.43
8.45
8.43
8.4
8.39
8.44
8.31
8.27
8.27
8.27
8.27
8.22
8.24
8.21
8.2
8.33
8.2
8.29
8.2
8.2
8.26
8.21
8.25
8.25
8.26
8.11
8.27
8.17
8.2
8.15
8.17
8.25
8.21
8.18
8.17
8.2
8.2
8.21
8.21
8.24
8.23
8.22
8.2
8.24
8.24
8.25
8.25
8.24
8.24
8.29
8.34
8.35
8.3
8.39
8.3
8.29
8.32
8.39
8.36
8.55
8.55
8.5
8.63
8.6
8.6
8.48
8.5
8.88
8.7
8.57
8.57
8.56
8.6
8.6
8.6
8.6
8.65
8.6
8.66
8.66
8.45
8.6
8.59
8.59
8.59
8.6
8.7
8.7
8.7
8.62
8.7
8.76
8.8
8.55
8.51
8.51
8.65
8.53
8.51
8.6
8.71
8.71
8.64
8.73
8.65
8.74
8.7
8.61
8.59
8.64
8.55
8.6
8.6
8.65
8.55
8.52
8.69
8.69
8.69
8.61
8.65
8.75
8.66
8.62
8.7
8.66
8.77
8.48
8.56
8.56
8.5
8.73
8.65
8.6
8.6
8.59
8.6
8.6
8.3
8.52
8.57
8.67
8.61
8.63
8.7
8.7
8.72
8.71
8.69
8.7
8.7
8.68
8.69
8.75
8.8
8.79
8.86
8.66
8.77
8.88
8.87
8.6
8.55
8.56
8.55
8.5
8.5
8.61
8.73
8.65
8.63
8.6
8.6
8.48
8.64
8.56
8.58
8.42
8.51
8.56
8.58
8.51
8.36
8.45
8.5
8.54
8.5
8.54
8.57
8.62
8.57
8.57
8.62
8.62
8.65
8.6
8.64
8.63
8.62
8.69
8.65
8.65
8.7
8.7
8.77
8.78
8.9
8.9
8.78
8.95
8.95
8.93
9.0
8.9
8.99
8.99
8.99
9.0
9.04
8.99
8.69
8.8
8.76
8.76
8.77
8.75
8.7
8.62
8.62
8.61
8.68
8.71
8.68
8.61
8.69
8.69
8.65
8.59
8.59
8.52
8.62
8.66
8.62
8.41
8.57
8.65
8.61
8.52
8.6
8.53
8.61
8.62
8.55
8.66
8.55
8.58
8.66
8.55
8.56
8.51
8.51
8.62
8.55
8.66
8.65
8.66
8.54
8.65
8.67
8.58
8.66
8.55
8.66
8.69
8.63
8.63
8.65
8.65
8.73
8.73
8.73
8.73
8.64
8.74
8.67
8.65
8.53
8.56
8.59
8.62
8.67
8.71
8.25
8.37
8.37
8.36
8.27
8.28
8.21
8.2
8.2
8.23
8.2
8.2
8.2
8.2
8.21
8.39
8.4
8.51
8.5
8.5
8.38
8.5
8.5
8.57
8.68
8.51
8.77
8.75
8.63
8.68
8.69
8.69
8.69
8.69
8.68
8.6
8.61
8.7
8.7
8.7
8.63
8.7
8.7
8.61
8.7
8.7
8.76
9.0
9.03
9.19
8.93
8.94
9.04
9.04
9.01
9.06
9.07
9.15
9.3
9.37
9.3
9.25
9.02
9.05
9.24
9.2
9.17
9.11
9.15
9.05
9.0
8.81
8.9
9.0
8.89
8.8
8.91
8.99
9.19
9.01
9.04
9.21
9.07
9.0
9.19
9.07
9.11
9.16
9.1
9.17
9.17
9.1
9.05
9.15
9.05
9.02
8.84
9.02
8.91
8.99
8.95
8.99
8.99
8.99
8.99
9.0
8.95
8.93
9.0
8.92
8.9
8.9
8.9
8.92
8.95
8.96
8.96
8.98
9.48
9.05
9.1
9.01
9.0
9.06
8.97
9.0
8.95
8.94
8.98
9.14
9.1
9.1
9.02
9.01
9.0
9.0
8.92
8.92
8.92
8.85
8.94
8.94
8.94
8.98
8.9
8.88
8.98
8.9
8.9
8.8
8.8
8.79
8.77
8.8
8.8
8.8
8.9
8.81
8.8
8.81
8.83
8.8
8.78
8.75
8.7
8.74
8.75
8.67
8.66
8.66
8.66
8.52
8.55
8.55
8.6
8.6
8.57
8.57
8.54
8.51
8.52
8.52
8.57
8.5
8.55
8.57
8.5
8.47
8.6
8.57
8.57
8.51
8.51
8.57
8.5
8.51
8.51
8.57
8.52
8.59
8.54
8.54
8.5
8.5
8.54
8.5
8.49
8.49
8.49
8.42
8.4
8.43
8.35
8.45
8.45
8.44
8.43
8.45
8.36
8.45
8.44
8.44
8.43
8.36
8.4
8.37
8.43
8.4
8.42
8.4
8.42
8.42
8.4
8.42
8.43
8.42
8.42
8.4
8.4
8.39
8.39
8.36
8.31
8.34
8.44
8.36
8.4
8.5
8.39
8.5
8.42
8.45
8.45
8.46
8.4
8.4
8.3
8.3
8.3
8.4
8.29
8.39
8.31
8.37
8.38
8.38
8.38
8.35
8.37
8.39
8.3
8.33
8.38
8.44
8.41
8.36
8.4
8.43
8.43
8.4
8.4
8.36
8.43
8.41
8.36
8.4
8.4
8.44
8.4
8.36
8.4
8.4
8.44
8.43
8.45
8.48
8.36
8.43
8.39
8.38
8.36
8.36
8.36
8.35
8.33
8.33
8.33
8.33
8.38
8.35
8.31
8.42
8.28
8.28
8.35
8.28
8.3
8.3
8.32
8.33
8.26
8.41
8.34
8.31
8.35
8.48
8.45
8.45
8.41
8.4
8.45
8.3
8.3
8.28
8.33
8.32
8.32
8.29
8.3
8.3
8.2
8.32
8.34
8.35
8.3
8.39
8.42
8.51
8.5
8.47
8.55
8.56
8.55
8.5
8.58
8.36
8.5
8.4
8.51
8.4
8.46
8.48
8.41
8.38
8.38
8.36
8.4
8.35
8.35
8.43
8.43
8.43
8.55
8.37
8.37
8.51
8.54
8.21
8.25
8.25
8.42
8.25
8.26
8.3
8.35
8.35
8.41
8.3
8.2
8.37
8.26
8.23
8.34
8.3
8.35
8.47
8.27
8.28
8.3
8.34
8.34
8.29
8.3
8.24
8.31
8.33
8.4
8.34
8.34
8.33
8.46
8.32
8.51
8.51
8.5
8.51
8.55
8.7
8.69
8.57
8.56
8.6
8.6
8.6
8.5
8.65
8.62
8.6
8.55
8.54
8.51
8.52
8.66
8.56
8.57
8.58
8.55
8.42
8.41
8.5
8.43
8.5
8.47
8.44
8.82
8.59
8.57
8.79
8.75
8.59
8.55
8.52
8.7
8.61
8.44
8.56
8.55
8.59
8.52
8.66
8.57
8.59
8.5
8.49
8.49
8.51
8.46
8.48
8.47
8.72
8.47
8.51
8.51
8.51
8.51
8.51
8.47
8.46
8.5
8.5
8.5
8.5
8.5
8.43
8.43
8.42
8.63
8.43
8.41
8.45
8.45
8.4
8.4
8.4
8.44
8.46
8.44
8.38
8.35
8.35
8.35
8.29
8.2
8.3
8.3
8.23
8.28
8.2
8.28
8.25
8.25
8.25
8.21
8.55
8.37
8.27
8.28
8.35
8.26
8.27
8.26
8.34
8.33
8.26
8.35
8.44
8.42
8.25
8.26
8.24
8.24
8.39
8.39
8.24
8.21
8.21
8.2
8.2
8.21
8.3
8.2
8.25
8.25
8.25
8.2
8.25
8.25
8.2
8.2
8.19
8.19
8.16
8.16
8.17
8.12
8.13
8.14
8.16
8.17
8.14
8.0
8.18
8.13
8.13
8.12
8.13
8.15
8.15
8.15
8.15
8.2
8.1
8.13
8.2
8.22
8.2
8.28
8.23
8.23
8.18
8.18
8.3
8.12
8.11
8.27
8.15
8.15
8.08
8.15
8.16
8.01
8.14
8.1
8.1
8.08
8.22
8.1
8.17
8.0
8.0
8.0
8.0
7.99
8.07
8.0
8.0
8.0
8.04
8.0
8.1
8.1
8.1
8.11
8.05
8.04
8.04
8.05
8.05
8.05
7.96
8.04
8.0
8.09
8.02
8.02
8.02
8.0
7.72
8.1
8.08
8.06
8.08
8.09
8.09
8.04
7.95
8.0
7.99
8.0
8.05
8.04
8.04
8.03
7.89
7.86
7.86
7.99
7.95
7.95
7.95
7.91
7.9
7.92
7.91
8.0
8.01
8.02
7.78
8.01
8.02
7.89
7.89
7.9
8.1
8.06
8.04
8.03
7.72
7.94
7.98
8.0
8.06
8.0
7.95
8.1
8.08
8.02
8.06
8.1
8.09
7.8
8.02
7.93
8.01
8.03
7.98
7.98
8.02
7.86
8.0
8.02
7.9
7.98
7.7
7.84
7.8
7.88
7.82
7.9
7.84
7.84
7.88
7.84
7.7
7.8
7.84
7.8
7.8
7.84
7.9
7.82
7.88
7.8
7.9
7.8
7.86
7.9
7.9
7.94
7.92
7.94
7.92
7.92
7.92
7.92
7.84
7.84
7.9
7.9
7.88
7.86
7.86
7.86
7.94
7.98
7.9
7.92
7.96
7.94
7.94
8.06
8.0
8.04
8.04
8.12
8.1
8.12
8.12
8.1
8.06
8.0
8.02
8.08
8.06
8.06
8.06
8.06
7.96
7.94
7.98
7.98
7.98
7.9
7.98
8.0
8.08
8.08
8.02
7.88
8.04
8.06
7.94
7.92
7.96
7.98
7.98
7.98
8.0
7.98
8.0
7.9
8.02
7.94
7.98
7.98
8.02
8.02
7.96
7.98
7.98
7.98
7.94
7.96
7.96
7.98
7.98
7.98
7.98
7.98
7.98
7.96
7.98
7.98
7.9
7.96
7.96
7.98
7.96
7.98
7.98
8.0
7.88
7.92
7.9
7.92
7.92
7.9
7.92
7.92
7.94
7.94
7.96
7.9
7.9
7.96
7.96
7.96
8.0
7.98
8.0
8.0
7.98
7.98
8.0
8.0
7.92
8.1
7.98
7.92
8.0
8.0
8.1
8.0
8.08
8.02
7.98
8.0
8.02
8.0
8.02
8.02
8.0
8.02
7.96
7.98
7.98
7.98
7.96
7.98
7.96
8.08
8.02
8.06
8.04
8.04
8.04
8.0
7.98
7.96
7.96
7.96
7.98
7.98
8.04
8.0
8.06
8.0
8.0
8.02
8.02
8.0
8.08
8.02
7.98
8.08
8.06
8.08
8.08
8.1
8.0
8.0
8.08
8.0
7.98
7.98
7.96
7.96
7.96
7.94
7.9
7.96
8.08
8.06
7.96
7.96
7.94
7.94
7.94
7.98
8.08
7.94
7.94
8.1
7.94
8.08
8.0
8.06
8.0
7.98
8.0
7.88
7.98
7.98
7.98
7.98
8.02
8.0
7.92
7.98
7.92
7.94
7.9
7.92
7.78
7.9
7.9
7.82
8.0
7.98
7.78
8.0
7.96
7.82
7.82
7.96
7.86
7.82
7.88
7.94
7.94
7.94
7.94
7.94
7.92
7.94
7.84
7.84
7.84
7.92
7.82
7.92
7.9
7.9
7.92
7.94
7.94
7.9
7.9
7.9
7.94
7.86
7.9
7.92
7.96
7.94
7.96
7.9
7.9
7.9
7.9
7.92
7.9
7.92
7.98
7.88
7.9
7.9
7.9
7.9
7.9
7.94
7.94
7.92
7.92
7.88
7.88
7.88
7.9
7.88
7.82
7.92
7.9
7.9
7.86
7.9
7.84
7.84
7.86
7.92
7.82
7.86
7.86
7.88
7.92
7.86
7.86
7.86
7.86
7.94
7.94
7.88
7.9
7.84
7.84
7.82
7.8
7.76
7.8
7.8
7.74
7.8
7.8
7.8
7.8
7.8
7.78
7.8
7.78
7.8
7.82
7.84
7.9
7.9
7.92
7.82
7.82
7.82
7.8
7.82
7.8
7.86
7.8
7.74
7.88
7.82
7.82
7.82
7.82
7.82
7.76
7.78
7.78
7.82
7.78
7.78
7.82
7.88
7.86
7.8
7.68
7.82
7.8
7.8
7.8
7.8
7.7
7.72
7.76
7.78
7.8
7.72
7.72
7.74
7.74
7.74
7.76
7.8
7.66
7.74
7.76
7.78
7.8
7.72
7.72
7.76
7.74
7.76
7.72
7.72
7.72
7.66
7.74
7.74
7.7
7.66
7.74
7.7
7.6
7.64
7.64
7.66
7.54
7.64
7.58
7.6
7.56
7.58
7.66
7.66
7.64
7.66
7.7
7.62
7.66
7.66
7.54
7.58
7.68
7.58
7.6
7.52
7.54
7.6
7.6
7.52
7.66
7.66
7.56
7.64
7.6
7.6
7.58
7.6
7.6
7.6
7.46
7.56
7.56
7.56
7.64
7.6
7.56
7.56
7.56
7.58
7.56
7.6
7.6
7.6
7.62
7.62
8.38
8.66
8.74
8.56
8.54
8.64
8.46
8.6
8.66
8.8
8.8
8.64
8.42
8.26
8.58
8.4
8.46
8.34
8.28
8.24
8.46
8.5
8.44
8.44
8.4
8.42
8.4
8.42
8.52
8.5
8.5
8.44
8.42
8.4
8.42
8.38
8.22
8.26
8.2
8.2
8.24
8.24
8.24
8.24
8.2
8.46
8.22
8.28
8.24
8.26
8.28
8.32
8.26
8.26
8.26
8.3
8.26
8.12
8.12
8.16
8.16
8.16
8.14
8.18
8.28
8.26
8.24
8.28
8.22
8.22
8.26
8.3
8.28
8.0
8.1
8.18
8.3
8.18
8.16
8.22
8.22
8.14
8.22
8.22
8.14
8.2
8.18
8.22
8.2
8.16
8.04
8.16
8.04
8.14
8.16
8.12
8.16
8.1
8.06
8.14
8.02
8.16
8.08
8.08
8.04
8.06
8.3
8.3
8.2
8.06
8.08
8.12
8.12
7.94
7.92
7.94
8.0
7.9
7.98
7.98
7.92
7.82
7.96
7.88
7.98
7.94
7.94
7.94
7.96
8.02
8.0
8.0
8.0
7.98
7.94
8.0
7.98
8.0
7.96
7.92
7.94
7.94
7.94
7.94
7.92
7.92
7.9
7.92
7.92
7.9
7.9
7.86
7.96
7.9
7.9
7.94
7.94
7.9
7.88
7.94
7.94
8.04
8.0
8.06
8.4
8.22
8.1
8.02
8.06
8.12
8.46
8.3
8.14
8.38
8.34
8.2
8.16
8.1
8.1
8.1
8.06
8.08
8.18
8.06
8.02
7.96
7.98
7.98
8.0
8.0
7.96
7.96
8.02
8.0
8.0
7.98
8.02
8.0
8.02
8.02
8.0
7.98
8.04
8.04
8.06
7.96
7.98
8.08
8.0
7.94
7.94
7.94
7.92
7.92
8.06
8.02
8.02
7.96
7.94
7.92
7.88
7.88
7.74
7.94
7.94
7.92
7.92
7.94
7.92
7.94
7.94
7.94
7.94
7.84
7.94
7.9
7.92
7.9
7.88
7.88
7.9
7.76
7.88
7.82
7.84
7.84
7.84
7.74
7.88
7.82
7.8
7.82
7.84
7.8
7.82
7.8
7.7
7.78
7.78
7.74
7.7
7.7
7.74
7.76
7.76
7.68
7.76
7.76
7.8
7.72
7.82
7.88
7.86
7.7
7.76
7.7
7.7
7.68
7.84
7.86
7.86
7.84
7.84
7.74
7.74
7.74
7.7
7.7
7.74
7.78
7.74
7.72
7.7
7.64
7.66
7.64
7.66
7.6
7.66
7.6
7.6
7.56
7.6
7.62
7.62
7.58
7.56
7.54
7.6
7.62
7.58
7.58
7.58
7.56
7.52
7.54
7.58
7.58
7.6
7.6
7.6
7.54
7.58
7.58
7.66
7.62
7.7
7.68
7.7
7.7
7.66
7.58
7.6
7.6
7.66
7.74
7.82
7.76
7.8
7.8
7.74
7.68
7.82
7.78
7.7
7.7
7.7
7.7
7.74
7.7
7.7
7.7
7.72
7.6
7.62
7.6
7.56
7.64
7.52
7.58
7.6
7.62
7.6
7.62
7.62
7.6
7.56
7.58
7.6
7.6
7.56
7.58
7.48
7.5
7.54
7.52
7.5
7.6
7.62
7.56
7.52
7.56
7.56
7.6
7.5
7.5
7.58
7.48
7.5
7.6
7.6
7.5
7.6
7.5
7.6
7.52
7.6
7.58
7.58
7.52
7.5
7.58
7.5
7.58
7.52
7.5
7.5
7.54
7.52
7.54
7.54
7.52
7.5
7.5
7.52
7.52
7.52
7.4
7.48
7.48
7.4
7.4
7.44
7.46
7.38
7.38
7.4
7.44
7.44
7.44
7.38
7.38
7.36
7.38
7.34
7.38
7.4
7.48
7.4
7.38
7.38
7.38
7.36
7.36
7.42
7.42
7.42
7.42
7.4
7.38
7.42
7.4
7.4
7.38
7.38
7.38
7.38
7.36
7.32
7.32
7.3
7.3
7.38
7.38
7.36
7.26
7.34
7.3
7.34
7.34
7.34
7.3
7.32
7.24
7.32
7.32
7.42
7.44
7.46
7.46
7.44
7.34
7.44
7.44
7.42
7.32
7.36
7.4
7.4
7.36
7.38
7.4
7.4
7.34
7.4
7.34
7.28
7.38
7.38
7.3
7.28
7.38
7.36
7.4
7.38
7.3
7.38
7.3
7.3
7.16
7.18
7.22
7.22
7.22
7.2
7.08
6.94
6.78
6.76
7.1
7.1
7.12
7.02
7.02
7.07
7.09
6.99
6.99
6.99
7.0
7.0
6.99
6.96
6.91
7.0
6.99
7.0
7.0
6.95
7.0
6.95
6.94
6.95
6.92
6.92
6.93
6.94
6.82
6.9
6.9
6.95
6.86
6.88
6.95
6.85
6.98
6.86
6.88
6.88
6.93
6.89
6.89
6.8
6.8
6.7
6.69
6.81
6.81
6.7
6.72
6.56
6.55
6.48
6.48
6.48
6.57
6.56
6.44
6.4
6.61
6.49
6.5
6.5
6.59
6.48
6.5
6.38
6.38
6.41
6.4
6.47
6.51
6.57
6.65
6.57
6.56
6.56
6.65
6.66
6.7
6.72
6.73
6.72
6.72
6.76
6.7
6.87
6.78
6.78
6.76
6.74
6.77
6.78
6.77
6.78
6.8
6.79
6.72
6.78
6.7
6.7
6.68
6.69
6.67
6.58
6.72
6.6
6.6
6.79
6.64
6.59
6.7
6.7
6.74
6.8
6.81
6.81
6.7
6.74
6.74
6.72
6.75
6.72
6.71
6.7
6.69
6.69
6.69
6.8
6.8
6.64
6.77
6.72
6.6
6.73
6.75
6.85
6.75
6.73
6.52
6.68
6.65
6.65
6.75
6.69
6.7
6.7
6.7
6.7
6.7
6.79
6.71
6.67
6.67
6.67
6.72
6.72
6.8
6.8
6.79
6.84
6.81
6.81
6.8
6.87
6.8
6.85
6.92
6.88
6.89
6.8
6.82
6.89
6.87
6.9
6.9
6.9
6.85
6.89
6.87
6.86
6.86
6.87
6.88
6.89
6.89
6.96
6.97
6.96
6.91
6.94
6.94
6.8
6.95
6.95
6.95
6.9
6.77
6.9
6.8
6.81
6.83
6.96
6.8
6.84
6.8
6.77
6.7
6.7
6.69
6.73
6.72
6.72
6.68
6.61
6.68
6.68
6.7
6.72
6.85
6.86
6.75
6.83
6.89
6.86
6.78
6.8
6.82
6.75
6.83
6.82
6.81
6.81
6.74
6.75
6.78
6.71
6.9
6.9
6.9
6.86
6.89
6.89
6.96
6.95
6.85
6.84
6.85
6.95
6.95
6.93
6.77
6.9
6.79
6.8
6.91
6.9
6.89
6.91
6.78
6.92
6.92
6.83
6.78
6.82
6.8
6.81
6.8
6.81
6.75
6.81
6.74
6.72
6.76
6.77
6.77
6.8
6.92
6.91
6.97
6.97
6.98
6.99
7.02
7.02
7.02
7.0
7.03
7.01
7.12
7.02
7.01
7.0
7.0
7.11
7.09
6.99
6.92
6.9
6.93
6.9
6.8
6.84
6.87
6.82
6.81
6.81
6.8
6.85
6.92
6.93
6.85
6.98
6.95
6.95
6.91
7.05
6.94
6.99
6.99
6.99
6.99
7.01
7.0
7.01
7.0
7.04
6.93
6.95
6.94
6.97
6.97
6.97
6.95
6.9
6.82
6.85
6.9
6.87
6.85
6.81
6.81
6.85
6.89
6.81
6.85
6.88
6.99
6.81
6.9
6.86
6.81
6.82
6.86
6.81
6.85
6.85
6.81
6.82
6.95
6.9
6.94
6.87
6.95
6.85
6.85
6.84
6.86
6.75
6.9
6.84
6.81
6.86
6.84
6.86
6.86
6.86
6.85
6.84
6.82
6.83
6.83
6.83
6.83
6.84
6.82
6.84
6.82
6.81
6.8
6.83
6.83
6.8
6.85
6.77
6.79
6.68
6.76
6.76
6.76
6.78
6.86
6.85
6.85
6.84
6.8
6.82
6.74
6.79
6.79
6.79
6.79
6.8
6.79
6.8
6.69
6.76
6.82
6.75
6.71
6.67
6.75
6.66
6.69
6.7
6.79
6.67
6.82
6.7
6.71
6.7
6.69
6.67
6.72
6.74
6.7
6.69
6.8
6.71
6.74
6.72
6.71
6.82
6.72
6.69
6.8
6.8
6.65
6.67
6.73
6.68
6.72
6.66
6.66
6.72
6.71
6.71
6.7
6.64
6.7
6.66
6.72
6.78
6.74
6.72
6.75
6.76
6.76
6.77
6.66
6.81
6.61
6.76
6.67
6.64
6.65
6.64
6.65
6.61
6.68
6.67
6.6
6.66
6.7
6.75
6.76
6.77
6.63
6.66
6.62
6.73
6.73
6.73
6.71
6.7
6.65
6.72
6.73
6.66
6.63
6.64
6.64
6.64
6.64
6.64
6.72
6.64
6.61
6.67
6.68
6.67
6.68
6.68
6.67
6.71
6.67
6.62
6.64
6.77
6.69
6.64
6.68
6.68
6.62
6.66
6.68
6.66
6.64
6.71
6.71
6.71
6.7
6.65
6.65
6.63
6.7
6.69
6.69
6.66
6.64
6.67
6.64
6.65
6.64
6.64
6.62
6.64
6.63
6.7
6.7
6.69
6.62
6.63
6.62
6.67
6.63
6.66
6.67
6.64
6.64
6.65
6.63
6.61
6.65
6.63
6.63
6.66
6.71
6.66
6.71
6.71
6.77
6.77
6.79
6.79
6.74
6.72
6.68
6.71
6.68
6.7
6.76
6.68
6.72
6.65
6.75
6.7
6.68
6.69
6.64
6.66
6.71
6.7
6.71
6.71
6.71
6.75
6.73
6.72
6.71
6.71
6.75
6.75
6.74
6.74
6.72
6.7
6.77
6.81
6.85
6.85
6.86
6.78
6.77
6.83
6.8
6.88
6.88
6.86
6.82
6.85
6.86
6.86
6.68
6.72
6.75
6.74
6.74
6.75
6.75
6.79
6.99
6.78
6.78
6.74
6.74
6.74
6.73
6.73
6.73
6.82
6.82
6.71
6.83
6.7
6.81
6.82
6.78
6.71
6.76
6.75
6.74
6.69
6.76
6.78
6.92
6.9
6.8
6.79
6.8
6.76
6.74
6.76
6.79
6.71
6.77
6.68
6.85
6.85
6.8
6.8
6.8
6.83
6.79
6.72
6.72
6.74
6.74
6.74
6.7
6.69
6.7
6.7
6.7
6.7
6.73
6.7
6.66
6.7
6.7
6.73
6.63
6.67
6.72
6.72
6.68
6.68
6.67
6.65
6.7
6.73
6.66
6.62
6.63
6.68
6.62
6.6
6.6
6.64
6.6
6.67
6.61
6.66
6.66
6.66
6.74
6.62
6.63
6.68
6.63
6.68
6.68
6.74
6.64
6.73
6.71
6.52
6.6
6.69
6.59
6.63
6.59
6.68
6.6
6.7
6.65
6.72
6.67
6.66
6.63
6.62
6.62
6.62
6.64
6.62
6.6
6.61
6.6
6.63
6.62
6.59
6.62
6.56
6.54
6.6
6.62
6.63
6.63
6.7
6.66
6.65
6.65
6.64
6.64
6.65
6.64
6.62
6.61
6.61
6.6
6.61
6.64
6.61
6.64
6.63
6.62
6.65
6.65
6.67
6.67
6.67
6.61
6.64
6.66
6.64
6.63
6.65
6.63
6.68
6.63
6.66
6.63
6.61
6.63
6.62
6.62
6.73
6.69
6.64
6.66
6.68
6.67
6.65
6.61
6.64
6.61
6.61
6.64
6.62
6.63
6.61
6.61
6.63
6.61
6.6
6.61
6.57
6.62
6.58
6.58
6.62
6.58
6.68
6.68
6.65
6.65
6.65
6.65
6.65
6.66
6.61
6.62
6.66
6.69
6.63
6.62
6.67
6.67
6.67
6.61
6.61
6.64
6.61
6.6
6.6
6.62
6.61
6.6
6.59
6.59
6.57
6.53
6.58
6.57
6.58
6.58
6.58
6.58
6.7
6.94
6.85
6.91
6.89
6.85
6.86
7.57
7.45
7.62
7.69
8.35
8.33
8.14
8.4
8.39
8.25
8.22
8.26
8.07
7.9
7.77
7.72
7.7
7.59
7.53
7.58
7.52
7.36
7.37
7.56
7.35
7.32
7.27
7.27
7.41
7.36
7.37
7.34
7.5
8.27
7.85
7.81
7.76
7.83
7.84
7.9
7.7
7.66
7.64
7.58
7.54
7.5
7.7
7.65
7.74
7.7
7.79
7.79
7.6
7.57
7.57
7.49
7.5
7.47
7.54
7.53
7.54
7.54
7.49
7.48
7.42
7.55
7.51
7.45
7.35
7.34
7.38
7.36
7.38
7.41
7.4
7.38
7.38
7.38
7.4
7.42
7.44
7.45
7.37
7.44
7.4
7.43
7.55
7.58
7.5
7.59
7.51
7.65
7.65
7.6
7.6
7.5
7.51
7.56
7.54
7.5
7.49
7.48
7.48
7.5
7.5
7.43
7.33
7.36
7.32
7.34
7.34
7.32
7.32
7.28
7.25
7.25
7.28
7.28
7.28
7.27
7.29
7.3
7.35
7.35
7.27
7.31
7.3
7.34
7.34
7.34
7.27
7.3
7.27
7.36
7.29
7.35
7.26
7.27
7.29
7.21
7.22
7.23
7.24
7.2
7.36
7.37
7.38
7.38
7.24
7.35
7.34
7.3
7.2
7.17
7.2
7.25
7.26
7.21
7.2
7.21
7.2
7.25
7.23
7.24
7.27
7.25
7.17
7.24
7.23
7.2
7.14
7.17
7.16
7.19
7.15
7.15
7.15
7.15
7.15
7.18
7.17
7.13
7.15
7.15
7.15
7.1
7.32
7.22
7.22
7.22
7.2
7.19
7.19
7.19
7.18
7.19
7.19
7.13
7.13
7.11
7.15
7.14
7.08
7.12
7.13
7.18
7.18
7.18
7.17
7.16
7.16
7.13
7.15
7.13
7.12
7.11
7.18
7.17
7.16
7.15
7.34
7.24
7.32
7.3
7.21
7.16
7.21
7.22
7.19
7.19
7.19
7.2
7.19
7.19
7.19
7.2
7.12
7.1
7.14
7.14
7.13
7.13
7.13
7.07
7.1
7.06
7.09
7.08
7.09
7.11
7.08
7.05
7.1
7.09
7.04
7.08
7.09
7.06
7.1
7.1
7.08
7.08
7.07
7.08
7.07
7.07
7.09
7.13
7.09
7.08
7.1
7.06
7.05
7.05
7.05
7.07
7.1
7.1
7.12
7.12
7.11
7.1
7.09
7.06
7.07
7.05
7.06
7.13
7.13
7.1
7.1
7.1
7.11
7.33
7.08
7.1
7.11
7.14
7.15
7.15
7.1
7.1
7.04
7.09
7.1
7.06
7.13
7.13
7.15
7.14
7.13
7.16
7.16
7.16
7.14
7.16
7.14
7.16
7.17
7.19
7.19
7.18
7.19
7.18
7.18
7.18
7.18
7.16
7.14
7.15
7.16
7.16
7.18
7.19
7.27
7.3
7.3
7.3
7.35
7.3
7.29
7.31
7.19
7.28
7.3
7.22
7.22
7.29
7.29
7.27
7.23
7.23
7.29
7.29
7.25
7.26
7.25
7.31
7.26
7.32
7.31
7.32
7.32
7.35
7.4
7.39
7.4
7.44
7.44
7.44
7.36
7.44
7.44
7.48
7.56
7.54
7.49
7.49
7.44
7.48
7.49
7.45
7.51
7.46
7.54
7.55
7.54
7.52
7.54
7.5
7.54
7.54
7.54
7.54
7.53
7.47
7.4
7.39
7.36
7.33
7.5
7.54
7.47
7.52
7.52
7.45
7.45
7.43
7.45
7.47
7.48
7.5
7.48
7.45
7.45
7.35
7.33
7.34
7.3
7.3
7.3
7.36
7.3
7.3
7.44
7.31
7.37
7.34
7.38
7.36
7.35
7.35
7.36
7.4
7.38
7.38
7.39
7.38
7.39
7.4
7.39
7.31
7.35
7.38
7.38
7.42
7.36
7.37
7.4
7.4
7.42
7.39
7.35
7.33
7.32
7.37
7.32
7.28
7.31
7.37
7.31
7.32
7.33
7.38
7.42
7.6
7.51
7.42
7.46
7.46
7.4
7.36
7.42
7.35
7.35
7.39
7.39
7.34
7.32
7.32
7.32
7.42
7.5
7.39
7.39
7.38
7.42
7.4
7.36
7.44
7.38
7.43
7.39
7.35
7.42
7.36
7.47
7.38
7.39
7.43
7.36
7.36
7.36
7.34
7.35
7.35
7.35
7.38
7.34
7.39
7.4
7.41
7.4
7.42
7.38
7.38
7.39
7.38
7.36
7.38
7.38
7.3
7.4
7.4
7.37
7.31
7.27
7.2
7.23
7.19
7.18
7.18
7.19
7.2
7.41
7.45
7.49
7.38
7.4
7.37
7.39
7.4
7.31
7.37
7.37
7.45
7.33
7.44
7.32
7.36
7.35
7.35
7.31
7.39
7.43
7.4
7.38
7.33
7.37
7.46
7.43
7.48
7.65
7.73
7.56
7.56
7.57
7.5
7.56
7.56
7.46
7.46
7.55
7.52
7.5
7.37
7.5
7.41
7.38
7.44
7.38
7.38
7.35
7.2
7.3
7.24
7.2
7.2
7.23
7.49
7.42
7.56
7.26
7.6
7.6
7.75
7.78
7.65
7.48
7.46
7.25
7.0
7.15
7.05
7.03
7.26
7.07
7.06
7.08
7.01
7.1
7.15
7.16
7.15
7.1
7.17
7.11
7.16
7.31
7.14
7.05
7.1
7.15
7.05
7.15
7.16
7.15
7.26
7.27
7.15
7.23
7.31
7.48
7.38
7.49
7.51
7.57
7.28
7.28
7.27
7.39
7.28
7.37
7.3
7.18
7.06
7.01
7.0
7.01
7.07
7.12
7.11
7.0
7.0
7.05
7.05
6.8
6.94
6.91
6.91
7.1
6.99
7.05
6.98
7.0
6.9
7.0
6.89
7.09
6.66
6.6
6.66
6.67
6.65
6.68
6.61
6.72
6.82
6.76
6.8
6.75
6.78
6.8
6.78
6.77
6.99
6.6
6.58
6.56
6.57
6.5
6.52
6.4
6.54
6.53
6.4
6.52
6.32
6.3
6.28
6.3
6.25
6.46
6.23
6.19
6.11
5.83
6.07
6.0
5.94
6.0
6.08
6.2
5.82
6.24
6.19
6.07
6.18
6.14
6.17
6.21
6.34
6.43
6.43
6.35
6.3
6.19
6.3
6.35
6.39
6.38
6.38
6.26
6.29
6.37
6.3
6.3
6.41
6.43
6.42
6.39
6.35
6.35
6.3
6.28
6.22
6.4
6.4
6.48
6.21
6.34
6.33
6.2
6.33
6.16
6.22
6.29
6.17
6.29
6.27
6.25
6.26
6.33
6.3
6.3
6.3
6.02
6.3
6.25
6.25
6.25
6.27
6.1
6.15
6.15
6.04
6.07
6.14
6.14
6.21
6.33
6.26
6.2
6.25
6.17
6.24
6.2
6.15
6.17
6.23
6.27
6.34
6.2
6.22
6.22
6.18
6.15
6.24
6.18
6.19
6.19
6.25
6.25
6.23
6.2
6.28
6.24
6.23
6.22
6.27
6.27
6.26
6.39
6.37
6.48
6.47
6.44
6.44
6.33
6.55
6.53
6.49
6.54
6.53
6.56
6.53
6.45
6.52
6.43
6.45
6.45
6.52
6.43
6.51
6.53
6.55
6.41
6.47
6.5
6.56
6.56
6.69
6.57
6.57
6.54
6.55
6.54
6.6
6.65
6.7
6.73
6.72
6.61
6.58
6.52
6.5
6.5
6.55
6.46
6.48
6.43
6.44
6.44
6.41
6.43
6.6
6.42
6.44
6.47
6.43
6.46
6.45
6.49
6.48
6.37
6.48
6.4
6.4
6.45
6.36
6.46
6.38
6.36
6.33
6.32
6.34
6.36
6.28
6.32
6.17
6.2
6.25
6.25
6.28
6.25
6.25
6.28
6.27
6.25
6.29
6.6
6.41
6.29
6.27
6.24
6.25
6.21
6.21
6.21
6.15
6.2
6.26
6.29
6.24
6.29
6.21
6.35
6.18
6.26
6.27
6.27
6.27
6.27
6.28
6.27
6.28
6.28
6.24
6.25
6.29
6.25
6.28
6.29
6.29
6.35
6.27
6.32
6.31
6.29
6.32
6.32
6.31
6.33
6.34
6.33
6.36
6.37
6.37
6.37
6.39
6.39
6.35
6.36
6.35
6.4
6.37
6.34
6.32
6.36
6.35
6.32
6.38
6.39
6.45
6.44
6.41
6.41
6.41
6.41
6.41
6.41
6.44
6.46
6.43
6.47
6.42
6.41
6.42
6.47
6.43
6.45
6.4
6.4
6.41
6.39
6.38
6.4
6.4
6.39
6.37
6.41
6.44
6.42
6.44
6.45
6.45
6.45
6.45
6.4
6.36
6.36
6.38
6.38
6.45
6.42
6.41
6.4
6.51
6.5
6.49
6.45
6.48
6.49
6.44
6.44
6.5
6.48
6.45
6.33
6.34
6.36
6.32
6.26
6.28
6.25
6.32
6.33
6.3
6.33
6.33
6.33
6.33
6.33
6.32
6.32
6.29
6.29
6.29
6.29
6.28
6.29
6.3
6.33
6.33
6.3
6.3
6.34
6.3
6.3
6.3
6.33
6.39
6.27
6.3
6.32
6.32
6.31
6.33
6.4
6.5
6.52
6.5
6.5
6.5
6.42
6.51
6.54
6.6
6.52
6.58
6.55
6.48
6.51
6.51
6.51
6.65
6.61
6.65
6.61
6.62
6.61
6.63
6.63
6.63
6.6
6.68
6.59
6.58
6.6
6.49
6.5
6.46
6.53
6.5
6.5
6.56
6.49
6.64
6.51
6.55
6.51
6.53
6.57
6.6
6.65
6.61
6.57
6.53
6.58
6.55
6.6
6.58
6.53
6.55
6.6
6.58
6.58
6.59
6.59
6.59
6.59
6.57
6.55
6.51
6.56
6.59
6.6
6.6
6.54
6.52
6.57
6.55
6.59
6.59
6.58
6.59
6.52
6.52
6.5
6.5
6.5
6.5
6.5
6.45
6.54
6.55
6.55
6.54
6.53
6.54
6.51
6.54
6.53
6.51
6.5
6.5
6.52
6.52
6.53
6.52
6.52
6.54
6.49
6.65
6.68
6.67
6.68
6.64
6.6
6.62
6.72
6.68
6.65
6.57
6.59
6.55
6.6
6.61
6.55
6.55
6.58
6.64
6.64
6.58
6.57
6.58
6.63
6.68
6.62
6.7
6.79
8.29
9.18
9.11
9.0
9.37
7.98
7.76
7.68
7.66
7.88
8.66
8.41
8.3
8.23
8.16
8.25
8.21
8.28
7.86
7.95
8.31
8.01
7.81
7.76
7.87
7.9
7.88
7.83
8.07
8.39
7.76
7.63
7.69
7.72
7.71
7.67
7.67
7.67
7.67
7.6
7.49
7.49
7.56
7.54
7.55
7.59
7.5
7.5
7.68
7.6
7.56
7.65
7.6
7.56
7.59
7.56
7.5
7.55
7.7
7.39
7.36
7.4
7.37
7.35
7.35
7.35
7.38
7.35
7.12
7.09
7.15
7.19
7.13
7.14
7.12
7.18
7.22
7.45
7.24
7.21
7.18
7.16
7.24
7.22
7.22
7.15
7.14
7.19
7.16
7.15
7.19
7.15
7.14
7.14
7.17
7.19
7.27
7.36
7.35
7.27
7.29
7.26
7.23
7.2
7.17
7.05
7.04
7.11
7.08
7.12
7.1
7.1
7.1
7.1
7.09
7.1
7.13
7.13
7.1
7.11
7.24
7.08
7.08
7.05
7.09
7.12
7.13
7.13
7.07
7.11
7.07
7.07
7.1
7.13
7.11
7.12
7.09
7.12
7.09
7.08
7.1
7.31
7.24
7.23
7.28
7.27
7.28
7.27
7.22
7.27
7.55
7.33
7.33
7.31
7.33
7.34
7.39
7.39
7.31
7.31
7.35
7.22
7.25
7.31
7.36
7.35
7.36
7.35
7.35
7.37
7.36
7.4
7.43
7.38
7.36
7.39
7.36
7.36
7.36
7.39
7.39
7.32
7.35
7.35
7.35
7.32
7.37
7.32
7.31
7.31
7.29
7.28
7.28
7.27
7.29
7.29
7.29
7.29
7.29
7.29
7.29
7.26
7.3
7.38
7.65
7.39
7.45
7.37
7.36
7.3
7.26
7.32
7.33
7.19
7.16
7.17
7.3
7.25
7.27
7.3
7.29
7.38
7.23
7.23
7.29
7.23
7.23
7.23
7.31
7.3
7.21
7.29
7.3
7.35
7.26
7.23
7.2
7.21
7.23
7.15
7.25
7.19
7.19
7.19
7.23
7.2
7.15
7.19
7.18
7.23
7.2
7.26
7.18
7.19
7.1
7.11
7.24
7.17
7.17
7.15
7.18
7.16
7.19
7.19
7.18
7.14
7.17
7.17
7.14
7.14
7.14
7.16
7.14
7.11
7.11
7.16
7.15
7.14
7.13
7.14
7.17
7.1
7.11
7.11
7.16
7.09
7.15
7.14
7.11
7.15
7.29
7.2
7.2
7.21
7.2
7.21
7.21
7.2
7.17
7.17
7.13
7.16
7.14
7.13
7.12
7.13
7.14
7.15
7.15
7.14
7.17
7.17
7.16
7.14
7.14
7.14
7.13
7.12
7.13
7.13
7.16
7.14
7.14
7.11
7.13
7.11
7.14
7.16
7.17
7.15
7.13
7.16
7.15
7.13
7.13
7.17
7.16
7.16
7.12
7.13
7.13
7.15
7.13
7.13
7.17
7.13
7.15
7.14
7.22
7.23
7.25
7.22
7.21
7.24
7.31
7.26
7.21
7.21
7.16
7.15
7.2
7.2
7.17
7.2
7.2
7.23
7.23
7.19
7.24
7.17
7.2
7.16
7.23
7.17
7.22
7.22
7.18
7.2
7.17
7.19
7.17
7.13
7.18
7.17
7.17
7.16
7.16
7.14
7.15
7.16
7.25
7.24
7.24
7.21
7.2
7.2
7.18
7.22
7.2
7.24
7.18
7.23
7.25
7.23
7.25
7.25
7.22
7.25
7.28
7.27
7.28
7.29
7.29
7.27
7.27
7.29
7.27
7.29
7.33
7.22
7.28
7.28
7.25
7.26
7.22
7.19
7.2
7.15
7.16
7.15
7.16
7.15
7.15
7.11
7.15
7.12
7.13
7.14
7.16
7.15
7.25
7.24
7.19
7.28
7.25
7.28
7.26
7.25
7.26
7.25
7.27
7.27
7.27
7.24
7.17
7.14
7.19
7.2
7.19
7.19
7.18
7.2
7.18
7.21
7.2
7.19
7.19
7.14
7.14
7.14
7.16
7.16
7.18
7.22
7.15
7.17
7.17
7.18
7.16
7.18
7.18
7.2
7.17
7.22
7.16
7.16
7.18
7.15
7.18
7.17
7.18
7.13
7.17
7.14
7.14
7.14
7.13
7.16
7.14
7.12
7.15
7.14
7.12
7.14
7.14
7.14
7.12
7.12
7.12
7.14
7.14
7.13
7.15
7.12
7.12
7.14
7.14
7.12
7.12
7.1
7.12
7.12
7.13
7.11
7.11
7.09
7.09
7.09
7.1
7.15
7.14
7.14
7.14
7.13
7.13
7.14
7.09
7.1
7.1
7.1
7.09
7.06
7.09
7.09
7.09
7.1
7.0
7.05
7.01
7.0
7.0
6.95
6.97
7.03
7.02
6.96
7.0
6.97
6.97
7.0
7.05
7.0
7.04
7.0
7.04
7.04
7.04
7.05
6.98
7.05
7.03
7.0
6.95
6.92
6.85
6.88
6.89
6.89
6.82
6.83
6.91
6.95
6.98
6.98
6.98
7.0
6.98
6.95
6.93
7.0
7.06
7.0
7.0
6.99
6.89
7.0
6.91
6.97
6.98
7.04
7.05
7.03
7.04
7.04
6.96
6.94
7.0
7.03
6.98
6.95
6.97
6.97
6.92
6.93
7.07
7.05
7.15
7.14
7.14
7.16
7.13
7.05
7.13
7.1
7.1
7.18
7.13
7.14
7.11
7.11
7.12
7.15
7.11
7.11
7.1
7.1
7.1
7.07
7.14
7.11
7.05
7.05
7.05
7.03
7.07
7.07
7.09
7.03
7.04
7.02
7.0
6.96
7.0
6.96
6.83
6.86
6.9
6.99
7.05
7.03
7.01
7.18
7.15
7.02
7.06
7.13
7.04
7.07
7.0
7.0
7.01
7.01
6.99
7.08
6.98
6.97
6.99
6.97
7.04
6.97
6.99
6.99
6.93
6.96
6.99
7.01
6.94
6.94
6.93
6.94
6.9
6.9
6.9
6.96
6.95
6.94
6.93
6.88
6.9
6.89
6.9
6.87
6.87
6.89
6.87
6.89
6.9
6.89
6.9
6.85
6.85
6.85
6.85
6.85
6.85
6.9
6.83
6.85
6.87
6.87
6.87
6.88
6.88
6.88
6.81
6.81
6.8
6.77
6.77
6.79
6.75
6.76
6.75
6.8
6.77
6.86
6.78
6.79
6.75
6.74
6.78
6.73
6.8
6.71
6.78
6.85
6.85
6.84
6.85
6.85
6.84
6.84
6.81
6.83
6.76
6.81
6.75
6.75
6.74
6.74
6.7
6.72
6.71
6.69
6.72
6.72
6.72
6.72
6.65
6.69
6.66
6.68
6.68
6.68
6.68
6.68
6.68
6.68
6.71
6.76
6.69
6.7
6.7
6.7
6.67
6.69
6.75
6.7
6.7
6.7
6.71
6.74
6.74
6.72
6.73
6.72
6.7
6.71
6.73
6.73
6.7
6.75
6.74
6.74
6.7
6.7
6.69
6.7
6.7
6.7
6.68
6.69
6.68
6.73
6.73
6.68
6.68
6.61
6.61
6.71
6.7
6.7
6.76
6.61
6.75
6.69
6.68
6.6
6.66
6.66
6.63
6.63
6.65
6.64
6.64
6.62
6.64
6.64
6.62
6.62
6.62
6.63
6.61
6.68
6.61
6.61
6.61
6.64
6.67
6.63
6.7
6.68
6.68
6.7
6.74
6.69
6.73
6.69
6.73
6.74
6.67
6.65
6.73
6.71
6.7
6.73
6.71
6.74
6.69
6.63
6.68
6.66
6.67
6.67
6.67
6.56
6.55
6.55
6.55
6.55
6.55
6.52
6.52
6.55
6.59
6.54
6.5
6.51
6.51
6.62
6.64
6.58
6.55
6.64
6.64
6.56
6.63
6.63
6.63
6.61
6.54
6.52
6.52
6.55
6.53
6.55
6.52
6.56
6.65
6.55
6.64
6.6
6.55
6.6
6.7
6.65
6.65
6.63
6.65
6.63
6.58
6.61
6.59
6.61
6.62
6.62
6.57
6.6
6.57
6.61
6.58
6.62
6.61
6.62
6.61
6.9
6.86
6.7
6.77
6.76
6.79
6.77
6.79
6.72
6.73
6.76
6.71
6.67
6.64
6.78
6.84
6.83
7.05
6.89
6.9
6.91
6.99
6.92
6.97
6.94
6.94
6.88
6.91
6.84
6.87
6.81
6.75
6.63
6.75
6.71
6.71
6.72
6.76
6.79
6.79
6.76
6.79
6.8
6.8
6.8
6.8
6.8
6.78
6.8
6.77
6.73
6.7
6.74
6.7
6.7
6.69
6.7
6.74
6.76
6.78
6.78
6.79
6.79
6.79
6.79
6.75
6.78
6.7
6.73
6.76
6.76
6.77
6.76
6.76
6.78
6.75
6.75
6.76
6.77
6.75
6.74
6.73
6.68
6.78
6.77
6.75
6.78
6.75
6.76
6.78
6.77
6.73
6.76
6.76
6.73
6.72
6.73
6.73
6.67
6.73
6.73
6.73
6.82
6.8
6.8
6.81
6.77
6.77
6.78
6.81
6.76
6.75
6.75
6.77
6.78
6.78
6.78
6.77
6.77
6.77
6.88
6.85
6.9
6.85
6.86
6.8
6.81
6.85
6.8
6.86
6.76
6.76
6.79
6.76
6.77
6.79
6.81
6.84
6.81
6.85
6.79
6.79
6.79
6.78
6.8
6.78
6.76
6.78
6.71
6.78
6.77
6.75
6.71
6.75
6.74
6.71
6.75
6.79
6.85
6.8
6.8
6.8
6.66
6.7
6.73
6.74
6.71
6.74
6.75
6.75
6.74
6.73
6.74
6.73
6.73
6.74
6.71
6.76
6.77
6.74
6.74
6.75
6.77
6.71
6.73
6.72
6.76
6.71
6.75
6.75
6.71
6.72
6.77
6.76
6.73
6.75
6.76
6.73
6.72
6.76
6.75
6.75
6.69
6.67
6.68
6.66
6.69
6.68
6.66
6.69
6.69
6.72
6.66
6.68
6.66
6.68
6.68
6.69
6.66
6.65
6.66
6.67
6.75
6.67
6.69
6.69
6.69
6.67
6.68
6.73
6.73
6.68
6.68
6.67
6.72
6.67
6.74
6.73
6.73
6.74
6.75
6.73
6.75
6.76
6.76
6.75
6.72
6.72
6.67
6.7
6.7
6.69
6.71
6.73
6.73
6.73
6.73
6.73
6.7
6.73
6.73
6.73
6.68
6.67
6.73
6.72
6.72
6.69
6.68
6.66
6.7
6.68
6.69
6.7
6.7
6.67
6.64
6.65
6.64
6.64
6.7
6.67
6.7
6.6
6.63
6.63
6.66
6.66
6.69
6.65
6.64
6.62
6.68
6.61
6.66
6.66
6.62
6.68
6.63
6.69
6.67
6.65
6.63
6.68
6.69
6.65
6.63
6.66
6.66
6.66
6.63
6.64
6.63
6.65
6.67
6.67
6.62
6.68
6.61
6.68
6.66
6.66
6.59
6.65
6.7
6.69
6.71
6.66
6.7
6.7
6.77
6.69
6.75
6.76
6.77
6.77
6.78
6.79
6.77
6.79
6.77
6.78
6.78
6.78
6.78
6.78
6.78
6.78
6.76
6.78
6.79
6.76
6.81
6.8
6.81
6.8
6.81
6.75
6.85
6.86
6.85
6.88
6.87
6.96
6.86
6.92
6.89
6.9
6.85
6.88
6.86
6.81
6.79
6.82
6.82
6.81
6.82
6.82
6.82
6.83
6.87
6.88
6.89
6.85
6.8
6.84
6.87
6.88
6.86
6.83
6.85
6.84
6.83
6.83
6.86
6.8
6.8
6.8
6.8
6.79
6.82
6.83
6.8
6.82
6.82
6.78
6.79
6.8
6.78
6.79
6.79
6.81
6.76
6.76
6.77
6.82
6.87
6.87
6.84
6.84
6.85
6.85
6.8
6.89
6.89
6.9
6.9
6.9
6.94
6.9
6.89
6.95
6.91
6.83
6.91
6.91
6.88
6.92
6.89
6.89
6.97
6.81
6.88
6.97
6.89
6.91
6.93
6.92
6.95
6.96
6.84
6.86
7.0
7.03
7.0
6.93
6.93
6.91
6.97
6.97
6.92
6.91
6.99
6.94
6.9
6.92
6.91
6.86
6.92
6.94
6.95
6.94
6.96
6.91
6.92
6.95
7.06
7.07
7.08
7.09
7.08
7.09
7.08
7.05
7.08
7.12
6.96
7.0
7.0
7.0
6.99
7.0
7.03
7.04
7.08
7.13
7.05
7.0
6.98
6.99
6.98
6.98
6.99
6.97
6.97
7.15
6.93
6.96
6.96
6.98
7.01
7.04
7.0
7.03
7.03
6.98
7.02
7.02
7.02
7.02
7.04
7.03
7.01
6.98
7.0
6.97
6.96
6.97
7.05
7.0
7.02
7.01
7.1
7.1
7.09
7.06
7.09
7.06
7.09
7.07
7.07
7.06
7.03
7.07
7.08
7.07
7.07
7.1
7.11
7.09
7.11
7.11
7.13
7.14
7.13
7.13
7.11
7.06
7.04
7.0
6.97
6.9
6.95
6.99
7.0
6.91
6.99
6.95
7.04
7.01
7.01
7.01
6.97
6.93
6.95
7.01
6.96
6.94
7.02
6.93
7.03
7.02
6.98
6.97
6.94
6.94
6.9
6.89
6.89
6.94
6.95
7.02
7.03
7.01
6.98
6.98
6.96
6.98
6.99
7.0
6.98
7.0
6.99
7.0
6.99
6.84
6.9
6.86
6.93
6.89
6.94
6.99
6.99
6.99
6.99
7.01
6.96
6.87
6.92
6.92
6.92
6.94
6.95
6.92
6.91
6.89
6.98
7.02
7.01
7.01
7.01
7.02
7.03
7.02
6.98
6.99
7.0
7.01
7.0
6.99
7.0
7.05
7.01
7.1
7.08
7.5
7.38
7.25
7.2
7.18
7.3
7.05
7.03
7.0
7.1
7.33
7.2
7.26
7.31
7.17
7.21
7.25
7.12
7.04
7.0
7.16
7.07
7.05
7.03
7.05
7.07
7.0
6.97
6.99
7.0
7.0
7.01
6.99
6.98
6.98
7.01
6.96
6.96
7.0
7.0
6.96
6.95
6.95
6.98
6.96
6.98
6.98
6.98
6.98
6.99
7.03
7.01
7.03
7.06
7.01
7.01
7.04
7.01
7.01
7.03
7.0
6.98
7.03
7.03
6.96
6.98
6.98
6.97
6.98
6.98
6.95
6.97
6.97
6.96
6.95
6.96
6.98
7.01
7.01
6.98
7.0
6.98
6.97
6.95
6.97
6.97
7.01
6.97
6.95
6.95
7.0
6.98
6.98
6.96
7.0
6.99
6.95
6.97
6.95
6.95
6.97
6.99
6.96
7.01
6.97
6.97
6.97
6.96
6.96
6.97
6.96
6.97
7.01
6.97
6.97
6.98
7.0
6.99
6.99
6.99
7.0
6.99
6.95
6.92
7.0
6.93
6.95
6.94
6.93
6.92
6.92
6.92
6.92
6.93
6.92
6.94
6.96
6.96
6.98
6.96
6.96
6.97
6.96
6.9
6.96
6.95
6.93
6.95
6.94
6.94
6.92
6.94
6.9
6.98
6.92
6.95
6.93
6.89
6.96
6.9
6.94
6.93
6.9
6.86
6.9
6.93
6.93
6.9
6.89
6.95
6.9
6.93
6.91
6.91
6.95
6.9
6.94
6.9
6.93
6.93
6.93
6.91
6.92
6.94
6.91
6.9
6.9
6.9
6.9
6.9
6.9
6.89
6.92
6.9
6.86
6.91
6.9
6.88
6.9
6.89
6.88
6.9
6.87
6.89
6.9
6.9
6.91
6.9
6.91
6.91
6.88
6.9
6.9
6.9
6.88
6.88
6.9
6.9
6.89
6.88
6.91
6.91
6.91
6.9
6.89
6.91
6.91
6.88
6.94
6.94
6.88
6.93
6.9
6.9
6.92
6.94
6.94
6.94
6.92
6.92
6.95
6.93
6.93
6.94
6.95
6.94
6.94
6.95
6.93
6.89
6.9
6.89
6.9
6.89
6.9
6.91
6.92
6.9
6.91
6.91
6.9
6.92
6.93
6.93
6.93
6.92
6.92
6.91
6.9
6.92
6.92
6.9
6.9
6.91
6.9
6.89
6.89
6.91
6.91
6.91
6.88
6.87
6.89
6.91
6.91
6.91
6.9
6.86
6.91
6.88
6.85
6.86
6.86
6.86
6.85
6.89
6.85
6.85
6.85
6.86
6.86
6.9
6.9
6.85
6.87
6.86
6.87
6.87
6.86
6.89
6.88
6.88
6.88
6.9
6.9
6.91
6.91
6.89
6.87
6.86
6.89
6.86
6.86
6.85
6.86
6.86
6.86
6.86
6.85
6.85
6.85
6.86
6.87
6.85
6.82
6.82
6.82
6.85
6.82
6.85
6.83
6.85
6.83
6.82
6.83
6.8
6.83
6.87
6.82
6.87
6.8
6.88
6.89
6.88
6.82
6.84
6.89
6.91
6.88
6.87
6.93
6.9
6.91
6.92
6.92
6.92
6.9
6.9
6.94
6.95
6.95
6.95
6.97
6.93
7.01
6.91
7.01
7.01
7.0
7.0
7.01
7.02
7.02
7.02
6.97
7.02
7.0
7.0
6.97
7.0
6.98
6.91
6.89
6.9
6.95
6.88
6.9
6.89
6.89
6.9
6.88
7.06
7.26
7.21
7.1
7.11
7.07
7.02
7.02
7.04
7.01
6.96
7.03
7.07
7.13
7.13
7.04
7.03
7.01
7.02
7.01
7.0
6.98
6.95
6.92
6.99
7.04
6.96
6.99
6.92
7.08
7.0
7.03
7.03
7.05
7.06
7.03
7.0
7.0
7.05
6.97
7.02
7.01
6.98
7.0
6.98
6.98
7.01
6.95
6.99
6.97
6.97
6.94
6.95
6.93
6.95
6.95
6.99
7.0
7.03
7.02
7.03
7.04
7.04
7.05
7.07
7.07
7.0
7.04
6.98
6.97
7.03
7.02
7.02
7.0
6.99
6.99
7.03
6.99
6.97
7.01
7.07
7.03
7.02
7.07
7.09
7.09
7.09
7.16
7.15
7.19
7.15
7.11
7.1
7.14
7.14
7.11
7.11
7.09
7.15
7.14
7.1
7.07
7.1
7.1
7.09
7.13
6.9
6.92
6.94
6.98
6.98
7.0
6.98
6.99
6.99
7.0
6.95
7.02
7.07
7.03
7.09
7.08
7.07
7.08
7.07
7.09
6.91
7.15
7.19
7.15
7.11
7.11
7.12
7.11
7.17
7.21
7.27
7.13
7.13
7.12
7.04
7.12
7.1
7.09
7.1
7.03
7.09
7.09
7.07
7.04
7.08
7.08
7.08
7.09
7.07
7.0
6.98
6.95
7.01
7.01
7.01
7.01
7.01
7.01
7.03
7.03
7.02
7.05
7.05
7.04
7.01
7.04
7.01
6.98
7.05
7.02
7.09
7.03
7.03
7.02
7.01
7.04
7.04
7.03
7.03
7.03
7.05
7.02
7.04
7.03
7.02
7.03
7.04
7.02
7.03
7.02
7.03
7.07
7.05
7.08
7.08
7.06
7.02
7.06
7.06
7.05
7.07
7.02
7.03
6.98
7.03
7.03
7.04
7.05
7.09
7.12
7.14
7.12
7.12
7.23
7.22
7.18
7.2
7.19
7.2
7.2
7.17
7.16
7.17
7.16
7.13
7.17
7.17
7.18
7.17
7.17
7.16
7.17
7.19
7.19
7.17
7.16
7.16
7.18
7.17
7.16
7.16
7.17
7.18
7.19
7.18
7.21
7.22
7.18
7.18
7.18
7.16
7.19
7.17
7.2
7.2
7.16
7.22
7.21
7.18
7.18
7.17
7.17
7.16
7.17
7.08
7.13
7.13
7.13
7.15
7.15
7.13
7.1
7.14
7.1
7.09
7.19
7.11
7.11
7.11
7.17
7.1
7.09
7.14
7.14
7.11
7.11
7.11
7.12
7.15
7.11
7.09
7.09
7.09
7.08
7.1
7.11
7.08
7.08
7.05
7.07
7.05
7.06
7.07
7.07
7.05
7.06
7.05
7.07
7.04
7.05
7.05
7.06
7.07
7.12
7.11
7.08
7.1
7.06
7.06
7.12
7.25
7.22
7.09
7.08
7.04
7.07
7.07
7.05
7.08
7.1
7.1
7.11
7.12
7.09
7.04
7.1
7.14
7.1
7.09
7.1
7.08
7.15
7.1
7.09
6.99
6.99
7.0
7.0
7.0
6.95
7.0
6.95
6.99
6.94
6.93
6.91
6.91
6.9
6.9
6.91
6.91
6.91
6.9
6.92
6.9
6.9
6.91
6.91
6.91
6.9
6.9
6.91
6.91
6.9
6.9
6.91
6.88
6.91
6.9
6.91
6.88
6.91
6.91
6.91
6.9
6.91
6.92
6.92
6.94
6.91
6.91
6.9
6.89
6.89
6.86
6.89
6.86
6.9
6.92
6.91
6.92
6.92
6.92
6.89
6.88
6.88
6.91
6.9
6.92
6.88
6.9
6.91
6.93
6.91
6.9
6.9
6.87
6.9
6.9
6.87
6.85
6.86
6.86
6.86
6.88
6.88
6.89
6.85
6.8
6.9
6.9
6.85
6.87
6.89
6.86
6.9
6.81
6.83
6.81
6.8
6.81
6.8
6.78
6.76
6.79
6.79
6.79
6.78
6.78
6.73
6.75
6.78
6.75
6.73
6.73
6.73
6.73
6.72
6.72
6.77
6.83
6.8
6.75
6.75
6.69
6.75
6.75
6.76
6.76
6.69
6.68
6.71
6.7
6.72
6.66
6.71
6.75
6.74
6.71
6.74
6.7
6.71
6.69
6.67
6.67
6.67
6.68
6.67
6.7
6.69
6.69
6.73
6.7
6.7
6.7
6.76
6.72
6.72
6.72
6.63
6.69
6.71
6.7
6.7
6.73
6.75
6.78
6.73
6.74
6.72
6.72
6.71
6.73
6.75
6.75
6.76
6.86
6.84
6.82
6.83
6.84
6.82
6.76
6.86
6.81
6.87
6.87
6.86
6.75
6.79
6.77
6.79
6.79
6.79
6.78
6.78
6.74
6.81
6.76
6.8
6.8
6.78
6.77
6.9
6.77
6.8
6.8
6.75
6.75
6.77
6.77
6.77
6.78
6.83
6.75
6.79
6.71
6.8
6.75
6.72
6.73
6.72
6.72
6.72
6.72
6.72
6.69
6.67
6.69
6.69
6.79
6.71
6.73
6.74
6.8
6.8
6.82
6.79
6.79
6.79
6.76
6.77
6.76
6.77
6.76
6.73
6.78
6.78
6.78
6.78
6.85
6.79
6.77
6.72
6.8
6.85
6.87
6.87
6.83
6.84
6.85
6.82
6.8
6.82
6.79
6.79
6.77
6.77
6.77
6.79
6.8
6.76
6.81
6.84
6.8
6.78
6.79
6.8
6.79
6.79
6.79
6.83
6.85
6.79
6.79
6.77
6.77
6.76
6.72
6.78
6.78
6.72
6.79
6.96
6.76
6.82
6.82
6.71
6.71
6.71
6.71
6.71
6.72
6.71
6.71
6.73
6.76
6.76
6.75
6.8
6.85
6.79
6.79
6.81
6.83
6.84
6.83
6.83
6.81
6.78
6.78
6.78
6.78
6.81
6.83
6.85
6.78
6.79
6.79
6.76
6.73
6.75
6.81
6.82
6.82
6.8
6.81
6.83
6.83
6.88
6.89
6.87
6.88
6.86
6.86
6.88
6.88
6.89
6.88
6.88
6.88
6.82
6.87
6.79
6.79
6.77
6.79
6.82
6.77
6.74
6.72
6.73
6.79
6.79
6.8
6.77
6.8
6.77
6.76
6.81
6.76
6.74
6.75
6.76
6.72
6.76
6.74
6.75
6.78
6.78
6.76
6.77
6.76
6.74
6.78
6.78
6.77
6.78
6.78
6.78
6.78
6.75
6.81
6.81
6.78
6.76
6.76
6.76
6.81
6.8
6.78
6.79
6.8
6.8
6.8
6.79
6.76
6.81
6.83
6.76
6.79
6.79
6.82
6.79
6.81
6.78
6.81
6.78
6.82
6.82
6.82
6.8
6.79
6.82
6.81
6.81
6.8
6.79
6.79
6.78
6.78
6.8
6.82
6.82
6.78
6.77
6.75
6.77
6.75
6.74
6.74
6.75
6.79
6.79
6.77
6.75
6.76
6.75
6.74
6.77
6.75
6.74
6.75
6.77
6.77
6.77
6.74
6.76
6.73
6.75
6.79
6.81
6.8
6.81
6.81
6.8
6.8
6.8
6.8
6.8
6.77
6.83
6.81
6.81
6.8
6.79
6.8
6.83
6.8
6.8
6.8
6.81
6.78
6.78
6.78
6.76
6.78
6.77
6.78
6.78
6.79
6.82
6.87
6.74
6.74
6.75
6.75
6.72
6.76
6.75
6.76
6.74
6.77
6.78
6.75
6.78
6.78
6.78
6.75
6.76
6.79
6.77
6.78
6.8
6.84
6.79
6.83
6.82
6.83
6.87
6.82
6.78
6.79
6.8
6.77
6.79
6.84
6.79
6.76
6.8
6.8
6.76
6.8
6.78
6.82
6.82
6.83
6.79
6.86
6.87
6.89
6.85
6.84
6.91
6.9
6.84
6.86
6.84
6.83
6.9
6.82
6.82
6.81
6.81
6.79
6.86
6.78
6.79
6.83
6.81
6.8
6.77
6.75
6.75
6.77
6.82
6.82
6.81
6.77
6.76
6.76
6.78
6.78
6.78
6.79
6.76
6.78
6.78
6.77
6.77
6.76
6.75
6.74
6.79
6.79
6.81
6.79
7.06
7.02
7.05
7.08
7.12
7.18
7.24
7.07
7.02
6.92
7.0
6.98
7.07
7.03
7.06
6.95
6.94
6.92
6.9
6.89
6.9
6.92
6.87
6.94
6.92
6.86
6.95
6.98
6.97
6.95
6.93
6.87
6.93
6.91
6.9
6.96
6.9
6.86
6.87
6.87
6.87
6.89
6.9
6.89
6.83
6.83
6.83
6.83
6.83
6.83
6.84
6.91
6.85
6.85
6.84
6.82
6.85
6.85
6.85
6.85
6.81
6.77
6.88
6.84
6.88
6.84
6.85
6.82
6.84
6.76
6.81
6.84
6.85
6.76
6.76
6.77
6.83
6.83
6.83
6.8
6.88
6.86
6.81
6.82
6.84
6.84
6.85
6.79
6.84
6.89
6.96
6.95
6.9
6.99
6.99
6.98
6.97
7.03
6.97
7.0
6.95
6.95
6.94
6.93
7.0
7.0
7.1
7.04
6.97
7.02
6.97
7.03
6.93
6.92
6.93
6.92
6.92
7.03
6.99
6.95
6.96
7.0
7.1
7.02
7.04
7.01
7.07
7.01
7.0
7.02
7.03
7.06
7.05
7.09
7.03
7.03
7.03
6.93
6.96
6.92
6.81
6.79
6.78
6.79
6.82
6.84
6.84
6.82
6.78
6.8
6.8
6.85
6.81
6.81
6.81
6.8
6.8
6.8
6.8
6.84
6.88
6.87
6.9
6.87
6.85
6.86
6.86
6.86
6.94
6.87
6.91
6.88
6.9
6.88
6.95
6.91
6.91
6.93
6.9
6.91
6.9
6.91
6.8
6.8
6.81
6.82
6.8
6.82
6.82
6.82
6.81
6.83
6.82
6.85
6.87
6.86
6.84
6.81
6.84
6.86
6.88
6.9
6.9
6.91
6.9
6.9
6.91
6.99
6.97
6.97
6.97
6.99
6.97
6.96
6.93
6.97
7.15
7.06
7.05
7.0
6.96
6.99
7.0
6.96
6.91
6.92
6.87
6.94
6.9
6.94
6.94
6.98
6.98
7.0
7.04
6.94
6.92
6.92
6.91
6.92
6.97
6.93
6.92
6.95
6.98
7.02
7.03
7.04
7.04
7.0
6.97
6.97
7.03
7.01
7.01
6.98
6.99
6.98
7.06
6.98
6.95
6.9
6.96
6.95
6.92
6.92
6.93
6.9
6.9
6.94
6.93
6.92
6.91
6.91
6.85
6.88
6.88
6.85
6.87
6.87
6.85
6.88
6.84
6.83
6.8
6.81
6.81
6.8
6.8
6.8
6.81
6.82
6.79
6.8
6.79
6.79
6.82
6.79
6.94
6.77
6.85
6.78
6.79
6.81
6.8
6.78
6.77
6.77
6.77
6.81
6.82
6.78
6.81
6.83
6.86
6.76
6.7
6.76
6.74
6.71
6.75
6.76
6.69
6.75
6.71
6.73
6.68
6.74
6.76
6.76
6.69
6.75
6.73
6.7
6.69
6.7
6.71
6.72
6.75
6.7
6.75
6.75
6.8
6.79
6.81
6.8
6.84
6.84
6.76
6.73
6.78
6.83
6.8
6.8
6.81
6.81
6.83
6.8
6.8
6.81
6.78
6.74
6.77
6.76
6.84
6.76
6.76
6.78
6.78
6.77
6.76
6.75
6.77
6.75
6.75
6.72
6.74
6.79
6.79
6.79
6.79
6.79
6.72
6.71
6.73
6.72
6.71
6.73
6.71
6.71
6.71
6.71
6.71
6.71
6.7
6.67
6.66
6.68
6.71
6.69
6.71
6.66
6.67
6.66
6.74
6.69
6.74
6.67
6.72
6.67
6.82
6.65
6.69
6.68
6.68
6.64
6.66
6.65
6.61
6.63
6.68
6.63
6.65
6.76
6.69
6.81
6.71
6.79
6.79
6.81
6.81
6.85
6.82
6.85
6.82
6.86
6.83
6.85
6.87
6.85
6.84
6.84
6.84
6.73
6.82
6.82
6.76
6.71
6.72
6.73
6.75
6.74
6.79
6.8
6.8
6.83
6.79
6.77
6.75
6.77
6.78
6.74
6.83
6.76
6.7
6.63
6.67
6.69
6.69
6.63
6.66
6.67
6.66
6.67
6.67
6.67
6.71
6.82
6.75
6.62
6.67
6.67
6.65
6.64
6.68
6.68
7.15
7.0
8.95
7.98
7.89
7.87
8.03
8.36
8.11
8.02
7.95
7.99
7.52
7.54
7.64
7.69
7.51
7.59
7.58
7.48
7.41
7.71
7.69
7.64
7.56
7.5
7.6
7.6
7.65
7.61
7.61
7.66
7.66
7.8
7.78
7.75
7.79
7.81
7.8
7.76
7.81
8.6
8.2
8.12
8.22
8.05
8.01
8.1
8.11
8.11
8.53
8.34
8.38
8.31
8.31
8.35
8.35
8.38
8.7
8.7
8.97
8.94
8.92
8.81
8.75
8.55
8.99
9.04
9.1
9.09
8.95
8.82
8.89
9.01
8.96
8.59
8.79
8.67
8.46
8.6
8.51
8.79
8.75
8.9
8.78
8.83
8.82
8.84
8.9
8.69
8.71
8.79
8.76
8.56
8.58
8.52
8.59
8.64
9.19
9.35
9.54
10.78
10.52
10.24
10.99
10.39
9.49
9.96
9.42
9.72
9.65
9.33
9.41
9.46
9.24
9.39
9.28
9.52
9.6
9.51
9.22
9.08
9.37
9.18
9.17
9.22
9.29
9.2
9.19
9.16
9.06
8.84
8.4
8.35
8.22
8.31
8.51
8.16
8.3
7.98
8.09
8.08
8.21
8.14
8.11
8.1
8.34
8.15
8.24
8.17
8.12
8.05
8.1
8.18
8.06
8.05
7.92
7.94
7.92
7.57
7.61
7.54
7.74
7.58
7.57
7.82
7.29
7.1
7.06
6.92
7.0
6.98
7.0
7.02
7.02
7.03
7.0
6.98
7.08
7.18
7.14
7.09
7.09
7.44
7.5
7.83
7.96
7.88
7.68
7.75
7.62
7.6
7.68
7.7
7.72
7.61
7.6
7.55
8.08
8.41
9.31
8.56
8.8
9.4
9.8
9.19
9.75
9.6
9.43
9.25
9.34
9.22
9.41
9.42
9.51
9.41
9.42
9.49
9.36
9.27
9.2
8.9
8.79
8.8
8.64
8.61
8.63
8.5
8.71
8.65
8.71
8.56
8.62
8.8
8.77
8.61
8.54
8.71
8.58
8.58
8.57
8.64
8.32
8.97
8.8
9.03
8.81
8.82
8.87
8.88
8.84
9.11
8.88
9.13
9.08
9.03
9.03
9.06
9.02
9.06
8.83
9.04
9.05
9.02
8.92
8.96
8.96
8.98
8.98
8.92
8.76
8.75
8.72
8.54
8.8
8.81
8.63
8.6
8.6
8.7
8.8
8.74
8.73
8.74
8.71
8.73
8.94
9.15
9.19
9.18
9.16
9.25
9.26
9.2
9.15
9.1
9.17
9.0
9.21
9.12
9.01
9.01
8.81
8.86
8.92
8.81
8.88
8.81
8.77
8.78
8.72
8.78
8.71
8.73
8.79
8.82
8.9
8.93
8.88
8.8
8.95
8.92
8.88
9.06
9.05
9.15
8.99
8.85
8.86
8.83
8.84
8.87
8.86
8.85
8.87
8.61
8.8
8.77
8.76
8.84
8.79
8.85
8.78
8.71
8.71
8.7
8.72
8.78
8.77
8.82
8.57
8.57
8.61
8.58
8.55
8.53
8.11
7.85
8.3
8.07
7.86
7.85
7.76
7.08
7.47
7.39
7.37
7.34
7.53
7.54
7.7
7.62
6.7
6.71
6.97
6.75
6.72
6.65
6.34
6.5
6.52
7.28
7.21
6.95
6.73
6.77
7.14
6.99
6.84
6.84
6.9
6.34
6.37
6.37
6.2
6.39
6.39
6.34
6.46
7.43
8.17
7.64
7.64
7.58
7.87
8.66
7.78
7.58
7.49
7.73
7.63
7.7
7.95
7.75
7.83
7.92
7.81
7.86
7.97
7.91
7.7
7.84
7.8
7.8
7.8
7.64
7.72
7.64
7.67
7.88
7.65
7.81
7.7
7.99
7.8
7.72
7.57
7.59
7.59
7.48
7.61
7.35
7.35
7.4
7.59
7.47
7.5
7.57
7.48
7.47
7.44
7.44
7.5
7.53
7.22
7.33
7.28
7.36
7.4
7.37
7.43
7.62
7.45
7.46
7.49
7.43
7.43
7.32
7.43
7.42
7.33
7.37
7.5
7.46
7.3
7.4
7.36
7.29
7.3
7.21
7.13
7.06
7.12
7.02
7.06
7.09
7.11
7.16
7.23
7.22
7.23
7.23
7.31
7.29
7.19
7.15
7.09
7.25
7.19
7.3
7.3
7.19
7.18
7.15
7.11
7.1
7.33
7.07
7.1
7.34
7.23
7.2
7.01
7.16
7.02
7.24
7.3
7.15
7.03
7.0
7.01
7.05
7.03
7.0
7.0
7.06
7.01
6.9
6.93
6.97
6.97
6.97
6.99
6.96
7.04
7.06
7.07
7.09
7.1
7.12
7.09
7.06
7.05
6.95
7.02
7.02
7.0
7.04
7.05
6.99
7.04
7.11
6.95
6.97
7.0
6.98
6.97
7.01
6.95
6.96
6.97
6.9
6.81
6.79
6.81
6.86
6.92
6.88
6.91
6.89
6.92
6.97
7.12
7.05
7.04
7.06
7.02
7.21
7.07
7.1
7.05
7.04
7.13
7.12
7.17
7.33
7.34
7.33
7.13
6.91
6.95
6.91
7.0
7.06
7.05
7.02
7.04
6.96
7.04
7.19
7.3
7.02
7.0
7.02
7.02
7.08
7.03
7.05
7.2
8.23
8.0
7.8
7.79
7.83
7.7
7.7
7.55
7.74
7.95
7.75
7.77
7.71
7.84
7.81
7.85
7.75
7.66
7.6
7.34
7.36
7.3
7.3
7.57
7.36
7.34
7.31
7.28
7.29
7.27
7.2
7.25
7.24
7.2
7.23
7.21
7.17
7.12
7.19
7.16
7.2
7.23
7.22
7.22
7.22
7.39
7.5
7.5
7.29
7.29
7.27
7.24
7.32
7.38
7.33
7.29
7.33
7.37
7.48
7.3
7.33
7.41
7.39
7.32
7.32
7.31
7.3
7.34
7.33
7.33
7.37
7.36
7.36
7.34
7.33
7.38
7.27
7.27
7.28
7.27
7.27
7.31
7.31
7.32
7.21
7.22
7.2
7.2
7.23
7.21
7.2
7.21
7.28
7.1
7.07
7.14
7.07
7.15
7.09
7.03
7.0
6.64
6.66
7.09
6.94
6.93
7.06
7.1
7.24
7.32
7.23
7.13
7.08
7.08
7.13
7.22
7.2
7.21
7.27
7.17
7.14
7.19
7.19
7.1
7.13
7.11
7.14
7.12
7.15
7.13
7.07
7.08
7.08
7.08
7.08
7.08
7.08
7.05
7.01
7.03
7.0
7.01
7.01
7.01
7.01
6.99
6.98
7.0
6.92
6.94
7.04
7.08
7.0
6.95
7.0
6.96
6.97
6.97
7.05
7.04
7.02
7.12
6.96
6.95
6.96
6.96
6.96
6.95
6.92
6.9
6.87
6.88
6.87
6.78
6.83
6.74
6.79
6.76
6.81
6.76
6.8
6.8
6.77
6.77
6.78
6.74
6.75
6.81
6.76
7.1
6.91
6.9
6.94
6.9
6.78
6.82
6.73
6.78
6.9
6.9
6.89
6.8
6.77
6.75
6.86
6.87
6.75
6.71
6.71
6.69
6.65
6.69
6.68
6.67
6.66
7.12
6.71
6.6
6.67
6.67
6.66
6.67
6.61
6.59
6.68
6.53
6.58
6.58
6.59
6.59
6.53
6.52
6.52
6.55
6.71
6.64
6.61
6.61
6.7
6.65
6.65
6.65
6.68
6.67
6.77
6.67
6.78
6.84
6.8
6.68
6.66
6.74
6.89
6.74
6.72
6.64
6.67
6.67
6.69
6.71
6.7
6.74
6.44
6.59
6.53
6.6
6.57
6.66
6.54
6.63
6.59
6.56
6.56
6.59
6.59
6.59
6.62
6.5
6.54
6.57
6.5
6.52
6.58
6.54
6.63
6.65
6.67
6.68
6.74
6.62
6.67
6.65
6.56
6.66
6.62
6.65
6.71
6.74
6.71
6.7
6.68
6.73
6.73
6.7
6.7
6.68
6.7
6.73
6.72
6.77
6.78
6.78
6.82
6.79
6.88
7.0
7.08
7.21
7.22
7.27
7.27
7.22
7.25
7.24
7.22
7.24
7.17
7.21
7.21
7.2
7.2
7.1
7.21
7.19
7.17
7.22
7.07
7.32
