close
0.3883
0.4395
0.4
0.4309
0.44
0.44
0.44
0.44
0.45
0.45
0.45
0.464
0.464
0.5
0.45
0.542
0.5418
0.5417
0.403
0.403
0.4993
0.4993
0.403
0.4034
0.403
0.403
0.3994
0.42
0.3766
0.3767
0.3767
0.3768
0.3767
0.376
0.376
0.36
0.35
0.4509
0.35
0.467
0.341
0.353
0.399
0.35
0.35
0.399
0.435
0.442
0.351
0.38
0.341
0.341
0.429
0.41
0.422
0.452
0.42
0.42
0.394
0.449
0.449
0.43
0.5
0.546
0.546
0.547
0.41
0.372
0.343
0.478
0.538
0.538
0.538
0.5
0.398
0.54
0.546
0.48
0.495
0.45
0.397
0.539
0.393
0.382
0.516
0.52
0.547
0.46
0.537
0.47
0.554
0.53
0.55
0.55
0.46
0.602
0.5
0.49
0.447
0.577
0.539
0.59
0.602
0.738
0.617
0.698
0.617
0.65
0.811
0.88
0.8
0.882
0.969
0.691
0.8
0.971
0.971
1.0
1.065
1.06
0.85
0.986
0.99
0.809
0.998
1.32
1.002
0.898
0.849
0.737
0.729
0.698
0.697
0.69
0.622
0.619
0.619
0.611
0.598
0.639
0.562
0.668
0.668
0.5
0.523
0.515
0.586
0.59
0.596
0.6
0.6
0.638
0.58
0.588
0.6
0.61
0.63
0.63
0.63
0.644
0.647
0.645
0.639
0.647
0.639
0.689
0.678
0.674
0.65
0.569
0.579
0.579
0.59
0.579
0.535
0.55
0.55
0.521
0.525
0.521
0.525
0.525
0.522
0.612
0.521
0.521
0.52
0.52
0.492
0.592
0.592
0.592
0.521
0.592
0.504
0.561
0.503
0.51
0.55
0.609
0.561
0.615
0.59
0.546
0.6
0.635
0.634
0.591
0.633
0.649
0.681
0.63
0.621
0.661
0.666
0.63
0.688
0.692
0.715
0.7
0.7
0.68
0.73
0.666
0.681
0.7
0.734
0.766
0.754
0.812
0.777
0.782
0.8
0.79
0.79
0.8
0.839
0.86
0.861
0.82
0.778
0.79
0.877
0.9
0.792
0.8
1.0
0.999
0.801
0.79
0.962
0.753
0.754
0.802
0.803
0.775
0.75
0.822
0.739
0.74
0.733
0.795
0.707
0.72
0.709
0.777
0.75
0.778
0.798
0.81
0.867
0.88
0.899
0.901
1.04
1.039
1.255
1.257
1.22
1.45
1.577
1.577
1.55
1.554
1.47
1.498
1.499
1.4
1.538
1.47
1.305
1.45
1.449
1.495
1.489
1.493
1.495
1.355
1.225
1.399
1.45
1.45
1.45
1.46
1.499
1.499
1.326
1.489
1.489
1.49
1.497
1.495
1.498
1.785
1.65
1.788
1.788
1.697
1.74
1.71
1.781
1.672
1.68
1.455
1.422
1.649
1.594
1.87
1.759
1.656
1.455
1.699
1.699
1.351
1.665
1.97
1.699
1.691
1.47
1.405
1.405
1.35
1.257
1.17
1.34
1.086
1.178
1.188
1.188
1.051
1.15
1.156
1.295
1.372
1.371
1.271
1.367
1.367
1.2
1.273
1.055
1.331
1.33
1.212
1.21
1.21
1.292
1.296
1.19
1.342
1.216
1.213
1.201
1.299
1.201
1.288
1.24
0.98
1.275
1.11
1.055
1.11
1.113
1.018
1.254
1.249
1.222
1.23
1.06
1.189
0.996
1.166
1.013
1.004
1.176
1.1
1.176
1.001
1.13
0.982
1.069
1.178
1.101
1.18
1.124
1.1
1.146
1.117
1.088
1.111
1.109
1.145
1.186
1.101
1.113
1.126
1.02
1.1
1.058
1.112
1.109
1.121
1.115
1.1
1.1
1.096
1.003
1.175
1.037
1.184
1.073
1.044
1.114
1.175
1.149
1.116
1.116
1.117
1.116
1.007
1.011
1.152
1.022
1.08
1.082
1.104
1.165
1.16
1.16
1.075
1.165
1.105
1.06
1.095
1.07
1.07
1.125
1.125
1.125
1.18
1.16
1.06
1.095
1.13
1.09
1.05
1.05
1.13
1.095
0.98
1.045
1.03
1.03
0.91
1.115
1.035
1.035
1.04
1.05
1.035
1.03
0.995
1.085
1.09
1.09
1.05
1.06
1.035
1.0
1.0
1.09
1.13
1.1
1.015
1.085
0.965
1.085
0.945
0.94
0.935
1.03
1.03
1.015
1.035
0.8
1.005
1.01
0.905
1.045
1.035
0.95
1.035
1.085
1.09
1.15
1.035
1.065
1.035
1.06
0.77
1.035
0.915
1.0
1.04
1.07
0.985
0.935
1.16
1.04
1.03
1.015
1.0
0.985
0.945
0.965
0.95
1.005
1.005
0.97
0.975
0.97
1.02
1.06
1.065
1.165
1.165
1.135
1.165
1.15
1.04
1.045
1.005
0.985
0.96
0.985
0.955
1.0
0.96
0.975
1.02
1.265
1.125
1.08
1.145
1.085
1.125
1.145
1.125
1.135
1.13
1.105
1.31
1.165
1.21
1.21
1.21
1.24
1.215
1.175
1.15
1.15
1.08
1.11
1.1
1.18
1.155
1.18
1.025
1.225
1.165
1.21
1.17
1.11
1.2
1.17
1.105
1.21
1.075
1.14
1.23
1.2
1.1
1.125
1.12
1.155
1.175
1.175
1.2
1.2
1.225
1.24
1.18
1.2
1.195
1.19
1.205
1.21
1.19
1.18
1.235
1.235
1.25
1.245
1.23
1.195
1.2
1.19
1.23
1.205
1.2
1.2
1.19
1.18
1.175
1.17
1.14
1.13
1.175
1.13
1.155
1.17
1.135
1.17
1.145
1.145
1.2
1.255
1.28
1.3
1.31
1.3
1.295
1.29
1.28
1.28
1.28
1.305
1.305
1.275
1.35
1.65
1.87
1.885
1.885
1.885
1.885
1.95
1.975
1.625
1.75
1.71
1.84
1.72
1.5
1.475
1.49
1.64
1.56
1.57
1.565
1.64
1.65
1.65
1.65
1.53
1.51
1.52
1.53
1.5
1.44
1.385
1.355
1.395
1.45
1.485
1.465
1.305
1.38
1.34
1.35
1.405
1.41
1.38
1.41
1.435
1.445
1.38
1.38
1.41
1.315
1.315
1.3
1.295
1.27
1.295
1.34
1.34
1.34
1.315
1.275
1.34
1.34
1.34
1.315
1.34
1.315
1.3
1.245
1.29
1.29
1.3
1.3
1.375
1.485
1.4
1.405
1.405
1.345
1.375
1.47
1.5
1.475
1.495
1.565
1.62
1.655
1.58
1.55
1.655
1.58
1.54
1.535
1.5
1.445
1.33
1.44
1.41
1.385
1.445
1.405
1.455
1.58
1.685
1.6
1.46
1.46
1.535
1.65
2.0
2.065
2.295
1.99
1.9
1.75
1.985
1.94
1.88
1.885
1.83
1.8
1.765
1.715
1.68
1.745
1.65
1.665
1.66
1.665
1.6
1.635
1.685
1.655
1.58
1.685
1.665
1.46
1.55
1.805
1.71
1.68
1.665
1.765
1.68
1.68
1.67
1.69
1.58
1.68
1.6
1.665
1.635
1.605
1.545
1.535
1.57
1.575
1.57
1.57
1.57
1.57
1.57
1.57
1.57
1.57
1.57
1.565
1.565
1.565
1.57
1.565
1.565
1.565
1.565
1.57
1.57
1.565
1.565
1.47
1.465
1.465
1.47
1.47
1.47
1.47
1.47
1.47
1.47
1.47
1.475
1.47
1.475
1.465
1.47
1.465
1.465
1.465
1.46
1.45
1.33
1.505
1.5
1.475
1.505
1.265
1.375
1.355
1.415
1.445
1.415
1.515
1.515
1.315
1.465
1.305
1.445
1.3
1.305
1.305
1.305
1.31
1.42
1.44
1.315
1.33
1.38
1.35
1.3
1.31
1.395
1.395
1.425
1.545
1.48
1.385
1.38
1.41
1.48
1.475
1.485
1.5
1.45
1.42
1.415
1.415
1.415
1.425
1.385
1.38
1.375
1.38
1.385
1.39
1.375
1.375
1.35
1.345
1.375
1.375
1.375
1.335
1.335
1.335
1.335
1.335
1.335
1.335
1.335
1.35
1.415
1.34
1.325
1.405
1.505
1.43
1.43
1.5
1.51
1.7
1.71
1.9
1.92
2.045
2.045
2.04
1.915
1.925
1.965
1.92
1.93
1.93
1.9
1.94
1.95
1.79
1.92
1.915
1.6
1.75
1.71
1.81
1.765
1.76
1.62
1.48
1.575
1.55
1.605
1.6
1.53
1.5
1.56
1.58
1.66
1.56
1.575
1.57
1.525
1.55
1.565
1.53
1.565
1.525
1.525
1.525
1.5
1.52
1.52
1.48
1.475
1.475
1.48
1.48
1.485
1.49
1.525
1.505
1.52
1.52
1.525
1.515
1.515
1.505
1.485
1.565
1.595
1.68
1.54
1.67
1.66
1.51
1.53
1.505
1.53
1.535
1.515
1.5
1.495
1.505
1.5
1.495
1.48
1.47
1.465
1.46
1.455
1.47
1.455
1.465
1.48
1.465
1.45
1.45
1.45
1.45
1.47
1.465
1.46
1.485
1.515
1.5
1.465
1.47
1.395
1.4
1.39
1.4
1.42
1.4
1.55
1.64
1.605
1.595
1.575
1.59
1.61
1.595
1.575
1.575
1.5
1.49
1.455
1.455
1.45
1.455
1.455
1.495
1.475
1.47
1.495
1.47
1.46
1.4
1.44
1.43
1.415
1.415
1.45
1.535
1.49
1.495
1.53
1.525
1.485
1.48
1.44
1.44
1.37
1.38
1.395
1.41
1.415
1.415
1.415
1.41
1.43
1.4
1.395
1.41
1.39
1.39
1.385
1.39
1.34
1.39
1.37
1.385
1.4
1.415
1.375
1.36
1.36
1.33
1.345
1.305
1.37
1.39
1.305
1.37
1.33
1.35
1.4
1.46
1.47
1.485
1.575
1.44
1.53
1.45
1.53
1.47
1.47
1.47
1.5
1.485
1.47
1.47
1.485
1.42
1.465
1.485
1.49
1.49
1.45
1.435
1.43
1.43
1.45
1.45
1.44
1.44
1.425
1.405
1.4
1.43
1.465
1.47
1.47
1.455
1.445
1.45
1.45
1.45
1.45
1.465
1.475
1.45
1.445
1.465
1.45
1.445
1.46
1.44
1.46
1.45
1.465
1.48
1.475
1.45
1.445
1.405
1.405
1.41
1.4
1.45
1.375
1.375
1.35
1.4
1.445
1.44
1.435
1.425
1.42
1.53
1.65
1.55
1.555
1.57
1.505
1.5
1.535
1.505
1.5
1.505
1.48
1.42
1.46
1.48
1.495
1.475
1.47
1.47
1.48
1.465
1.46
1.455
1.44
1.455
1.45
1.45
1.44
1.44
1.445
1.425
1.41
1.405
1.375
1.4
1.41
1.41
1.41
1.44
1.445
1.435
1.53
1.405
1.43
1.43
1.445
1.43
1.43
1.43
1.425
1.44
1.42
1.495
1.44
1.38
1.43
1.43
1.45
1.435
1.425
1.415
1.445
1.43
1.425
1.415
1.435
1.41
1.42
1.405
1.405
1.395
1.385
1.395
1.355
1.35
1.385
1.38
1.37
1.355
1.345
1.34
1.335
1.325
1.33
1.3
1.32
1.345
1.345
1.325
1.32
1.33
1.345
1.34
1.325
1.315
1.305
1.305
1.295
1.285
1.31
1.36
1.265
1.28
1.255
1.295
1.295
1.285
1.285
1.325
1.26
1.275
1.25
1.21
1.21
1.215
1.28
1.215
1.215
1.225
1.365
1.335
1.365
1.335
1.255
1.255
1.235
1.225
1.225
1.225
1.21
1.225
1.205
1.215
1.205
1.185
1.195
1.205
1.215
1.23
1.235
1.245
1.235
1.225
1.245
1.22
1.22
1.19
1.205
1.185
1.17
1.175
1.185
1.19
1.15
1.19
1.195
1.145
1.16
1.01
1.1
1.105
1.115
1.07
1.105
1.11
1.12
1.1
1.105
1.12
1.145
1.04
1.05
1.04
1.055
1.07
1.055
1.04
1.02
1.0
1.025
1.025
1.035
0.995
0.945
1.05
1.25
1.155
1.2
1.17
1.19
1.175
1.2
1.175
1.115
1.165
1.26
1.1
1.05
1.1
1.095
1.025
1.025
1.14
1.145
1.09
1.1
1.025
0.995
1.02
1.0
1.025
1.0
0.98
0.985
1.015
1.01
1.055
0.995
1.055
1.065
1.04
0.995
1.025
1.03
0.995
1.005
1.015
1.035
1.04
1.1
1.025
1.095
1.12
1.105
1.095
1.075
1.105
1.095
1.085
1.035
1.075
1.065
1.02
1.05
1.06
1.055
1.01
1.01
0.995
0.945
0.97
0.985
1.0
0.965
0.95
0.995
0.99
0.995
0.92
0.995
1.015
0.99
0.965
0.99
1.0
1.0
1.0
0.97
1.005
1.0
0.965
1.0
1.0
0.995
0.97
1.0
1.0
0.97
0.93
0.98
0.945
0.925
0.98
0.95
0.925
0.98
0.98
1.08
1.05
1.05
1.07
1.06
1.1
1.015
1.015
1.055
1.01
1.015
0.97
1.015
1.02
1.02
1.01
1.01
1.02
1.01
1.07
1.07
1.045
0.935
1.03
0.97
0.975
0.975
1.0
1.025
1.0
0.985
1.02
1.03
1.09
1.045
1.01
1.025
1.02
1.005
1.005
1.0
1.025
1.025
1.03
1.035
1.035
0.96
1.01
1.045
1.065
1.025
1.04
1.04
1.065
1.055
1.055
1.06
1.07
1.1
1.1
1.08
1.085
1.09
1.09
1.085
1.065
1.06
1.085
1.06
1.0
1.095
1.01
1.0
1.0
1.0
0.995
1.02
1.015
0.995
0.995
1.015
1.045
1.15
1.225
1.235
1.265
1.255
1.27
1.285
1.22
1.205
1.065
1.14
1.14
1.18
1.13
1.16
1.18
1.15
1.165
1.225
1.21
1.19
1.17
1.155
1.19
1.185
1.175
1.19
1.135
1.165
1.165
1.155
1.15
1.15
1.105
1.18
1.035
1.115
1.13
1.135
1.16
1.165
1.15
1.135
1.235
1.23
1.17
1.2
1.205
1.2
1.175
1.15
1.14
1.04
1.11
1.115
1.145
1.12
1.115
1.115
1.12
1.145
1.1
1.07
1.075
1.1
1.115
1.14
1.09
1.1
1.1
1.085
1.08
1.085
1.085
1.05
1.1
1.08
1.07
1.085
1.04
1.05
1.065
1.075
1.065
1.06
1.055
1.07
1.065
1.065
1.07
1.04
1.04
1.045
1.045
1.035
1.05
1.04
1.04
1.04
1.035
1.04
1.045
1.05
1.04
1.01
1.015
1.0
1.03
1.005
1.005
1.015
1.035
1.055
1.035
1.04
1.03
1.05
1.035
1.03
1.025
1.025
1.02
1.02
1.01
1.005
1.005
1.005
1.0
0.99
0.995
1.02
0.98
1.02
1.015
1.005
0.995
0.98
1.095
1.02
1.085
1.03
1.03
1.025
1.025
1.035
1.035
1.02
1.01
1.01
0.98
1.0
1.0
1.0
1.0
1.005
0.99
1.015
1.015
1.005
1.015
1.02
1.01
1.0
1.01
1.01
1.01
1.01
1.015
1.02
1.025
1.015
1.015
1.095
1.09
1.095
1.0
1.0
0.985
1.0
1.015
1.02
1.0
1.015
1.0
0.995
0.99
0.99
0.98
1.0
1.0
1.0
0.995
1.0
1.005
1.005
1.015
1.015
1.0
1.0
1.01
1.01
1.015
1.015
1.02
1.015
1.015
1.015
1.005
1.0
1.015
1.0
1.0
1.0
0.995
0.99
0.99
0.985
0.98
1.0
0.99
0.99
0.995
1.02
1.0
1.015
1.02
1.03
1.03
1.07
1.055
1.055
1.055
1.02
1.035
1.055
1.06
1.04
1.07
1.055
1.05
1.045
1.045
1.065
1.0
1.04
1.07
1.045
1.025
1.02
1.035
1.025
1.03
1.02
1.02
1.03
1.035
1.035
1.02
1.065
1.02
1.06
1.0
0.975
0.99
0.995
0.995
1.0
0.99
0.995
0.995
1.01
1.05
1.05
1.035
1.04
1.025
0.985
1.0
1.0
0.985
1.01
0.995
0.985
0.995
1.0
1.01
0.98
1.015
0.96
1.025
1.005
1.005
1.015
1.01
1.03
1.015
1.005
0.995
0.995
0.985
0.985
0.975
0.975
0.975
0.96
0.93
0.94
0.95
0.96
0.91
0.95
0.95
0.925
0.91
0.94
0.94
0.9
0.95
0.91
0.96
0.94
0.94
0.91
0.97
0.915
0.92
0.915
0.92
0.925
0.925
0.96
0.94
0.895
0.89
0.89
0.91
0.91
0.88
0.86
0.86
0.87
0.87
0.86
0.865
0.865
0.86
0.86
0.86
0.855
0.85
0.85
0.85
0.86
0.845
0.85
0.845
0.85
0.82
0.845
0.825
0.82
0.85
0.86
0.845
0.84
0.845
0.85
0.845
0.87
0.915
0.915
0.915
0.835
0.835
0.89
0.84
0.87
0.88
0.88
0.88
0.915
0.915
0.86
0.84
0.925
0.88
0.9
0.88
0.93
0.91
0.9
0.9
0.9
0.85
0.83
0.83
0.89
0.9
0.835
0.835
0.845
0.84
0.855
0.835
0.855
0.825
0.805
0.855
0.84
0.825
0.825
0.81
0.86
0.84
0.76
0.845
0.82
0.845
0.86
0.84
0.86
0.805
0.805
0.84
0.84
0.86
0.86
0.81
0.77
0.81
0.79
0.82
0.82
0.755
0.815
0.825
0.825
0.825
0.85
0.85
0.85
0.85
0.85
0.875
0.92
0.88
0.875
0.875
0.82
0.825
0.78
0.76
0.8
0.78
0.76
0.86
0.82
0.82
0.79
0.79
0.815
0.79
0.835
0.845
0.8
0.795
0.78
0.78
0.8
0.8
0.79
0.785
0.78
0.815
0.85
0.825
0.835
0.8
0.755
0.81
0.8
0.77
0.81
0.76
0.745
0.78
0.745
0.78
0.78
0.75
0.745
0.745
0.745
0.745
0.715
0.77
0.785
0.785
0.795
0.78
0.8
0.805
0.79
0.775
0.77
0.805
0.82
0.8
0.785
0.755
0.75
0.735
0.745
0.745
0.725
0.74
0.745
0.755
0.78
0.725
0.76
0.74
0.73
0.73
0.75
0.75
0.72
0.72
0.83
0.83
0.83
0.8
0.78
0.82
0.8
0.835
0.835
0.835
0.835
0.86
0.835
0.835
0.78
0.765
0.76
0.82
0.82
0.76
0.79
0.795
0.795
0.795
1.05
1.035
1.02
1.05
1.095
1.09
1.05
1.06
1.105
1.2
1.14
1.06
1.135
1.07
1.065
1.01
1.005
0.91
0.92
0.94
0.925
0.92
0.915
0.905
0.9
0.915
0.91
0.88
0.895
0.885
0.87
0.84
0.855
0.835
0.855
0.835
0.845
0.845
0.845
0.83
0.82
0.81
0.81
0.795
0.82
0.8
0.785
0.78
0.785
0.78
0.765
0.765
0.78
0.765
0.78
0.77
0.78
0.78
0.78
0.765
0.765
0.795
0.8
0.8
0.8
0.755
0.78
0.755
0.78
0.79
0.79
0.76
0.76
0.795
0.78
0.78
0.78
0.795
0.8
0.8
0.82
0.8
0.83
0.82
0.83
0.8
0.795
0.795
0.775
0.78
0.775
0.8
0.805
0.8
0.81
0.815
0.85
0.82
0.815
0.845
0.87
0.84
0.84
0.85
0.825
0.845
0.83
0.845
0.845
0.85
0.845
0.86
0.96
1.16
1.12
1.06
1.14
1.18
1.295
1.23
1.225
1.105
1.085
1.035
1.05
1.02
1.01
1.08
1.09
0.995
0.975
0.96
0.96
1.0
1.01
1.0
1.0
1.01
1.01
1.035
1.04
0.905
0.995
0.905
0.965
0.965
1.0
1.01
1.04
1.022
1.024
1.024
1.004
0.984
0.98
0.934
1.0
1.27
1.276
1.088
1.188
1.258
1.216
1.192
1.168
1.224
1.196
1.1
1.084
1.098
1.018
1.098
1.142
1.1
1.098
1.118
1.11
1.188
1.088
1.088
1.098
1.062
1.062
1.152
1.148
1.1
1.134
1.068
1.296
1.258
1.104
1.104
1.174
1.128
1.102
1.122
1.1
1.068
1.068
1.068
1.068
1.068
1.024
1.062
1.048
0.966
1.044
0.96
0.958
0.958
0.962
0.98
0.998
1.134
1.22
1.224
1.17
1.124
1.13
1.154
1.118
1.018
1.1
1.13
1.118
1.122
1.144
1.158
1.092
1.098
1.09
1.054
1.05
1.05
1.028
1.038
1.026
1.06
1.1
1.134
1.136
1.164
1.122
1.166
1.142
1.05
1.08
1.074
1.054
1.1
1.15
1.144
1.114
1.162
1.172
1.17
1.398
1.394
1.698
1.788
1.954
1.954
1.954
1.954
1.954
1.954
2.148
2.734
2.734
2.732
2.73
2.734
2.734
2.734
2.734
2.734
2.88
2.332
2.26
2.142
2.1
2.002
2.002
1.988
1.98
2.002
1.95
1.882
1.86
1.812
1.9
1.876
1.812
1.858
1.842
1.844
1.694
1.8
1.72
1.83
1.71
1.828
1.686
1.71
1.696
1.792
1.79
1.784
1.864
1.864
1.864
1.864
1.864
1.996
2.048
2.046
2.046
2.032
2.022
2.048
2.048
1.922
1.872
1.866
1.85
1.85
1.868
1.85
1.83
1.982
1.746
1.76
1.788
1.846
1.784
1.846
1.804
1.856
1.9
1.92
1.926
1.94
1.92
1.9
1.92
1.946
1.94
1.94
1.94
1.864
1.97
2.158
2.578
2.608
2.608
2.608
2.598
2.54
2.42
2.42
2.288
2.232
2.182
2.216
2.172
2.202
2.184
2.198
2.138
2.008
1.974
1.98
2.004
2.004
2.034
1.992
1.9
2.0
1.902
1.842
1.89
1.892
1.88
1.88
1.924
1.922
1.894
1.89
1.864
1.9
1.9
1.922
1.898
1.898
1.906
1.966
1.87
1.924
1.94
1.942
1.902
1.96
1.95
1.948
1.926
1.892
1.884
2.232
2.24
2.254
2.25
2.134
2.118
2.092
2.06
2.03
1.936
1.94
1.992
1.974
1.908
1.96
1.962
1.98
2.034
1.936
1.95
2.022
2.05
2.038
2.064
2.026
2.008
2.046
2.038
2.022
2.028
1.99
2.008
1.994
1.988
1.978
1.974
1.892
1.942
1.948
1.918
1.942
1.962
1.962
1.996
2.0
1.994
1.916
1.922
1.96
1.922
1.89
1.976
1.984
1.9
1.982
1.924
1.9
1.9
1.962
1.962
1.852
2.048
2.018
1.906
1.892
1.892
1.912
1.998
1.964
1.896
1.9
1.958
1.896
1.918
1.956
1.964
1.926
1.9
1.862
1.862
1.9
1.9
1.864
1.898
1.898
1.944
1.944
1.946
1.942
1.934
1.986
1.944
1.992
1.99
2.028
1.99
1.978
1.972
2.13
2.048
2.1
2.076
2.078
2.096
2.094
2.068
2.05
2.006
2.012
2.08
2.02
2.022
2.03
2.038
1.978
1.952
1.964
1.954
1.976
1.902
1.89
1.908
1.89
1.926
1.918
1.882
1.91
2.1
1.986
1.968
1.972
2.048
1.978
1.974
1.972
1.972
2.064
1.912
1.95
1.962
1.92
1.882
1.882
1.922
1.916
1.946
1.876
1.9
1.924
1.882
1.89
1.862
1.884
1.888
1.888
1.868
1.88
1.918
1.916
1.876
1.88
1.85
1.886
1.85
1.898
1.9
1.9
1.868
1.8
1.846
1.848
1.82
1.82
1.8
1.778
1.778
1.776
1.748
1.75
1.768
1.72
1.73
1.75
1.734
1.758
1.766
1.772
1.74
1.768
1.876
1.838
1.794
1.748
1.74
1.746
1.748
1.75
1.748
1.732
1.748
1.73
1.748
1.752
1.74
1.74
1.75
1.738
1.72
1.728
1.7
1.606
1.612
1.6
1.592
1.6
1.6
1.6
1.572
1.542
1.52
1.576
1.576
1.578
1.572
1.602
1.6
1.56
1.56
1.56
1.8
1.82
1.786
1.784
1.776
1.82
1.828
1.758
1.798
1.842
1.782
1.826
1.822
1.836
1.73
1.794
1.828
1.816
1.788
1.824
1.8
1.85
1.84
1.836
1.826
1.84
1.848
1.85
1.762
1.8
1.752
1.758
1.782
1.8
1.8
1.826
1.848
1.798
1.798
1.788
1.772
1.776
1.768
1.734
1.75
1.796
1.91
1.98
1.89
1.91
1.85
1.858
1.86
1.838
1.864
1.81
1.814
1.826
1.812
1.822
1.83
1.824
1.808
1.772
1.8
1.806
1.79
1.8
1.8
1.802
1.808
1.804
1.8
1.8
1.83
1.844
1.884
1.814
1.804
1.8
1.794
1.8
1.808
1.798
1.796
1.878
1.832
1.86
1.88
1.846
1.844
1.83
1.822
1.826
1.85
1.84
1.836
1.834
1.824
1.852
1.81
1.806
1.782
1.78
1.84
1.872
1.88
1.844
1.828
1.844
1.802
1.8
1.804
1.804
1.798
1.794
1.782
1.78
1.782
1.78
1.78
1.77
1.88
1.826
1.82
1.816
1.868
1.868
1.89
1.89
1.826
1.8
1.8
1.822
1.79
1.79
1.822
1.852
1.85
1.86
1.862
1.8
1.848
1.84
1.804
1.802
1.8
1.802
1.8
1.806
1.806
1.8
1.848
1.796
1.796
1.796
1.792
1.792
1.79
1.78
1.755
1.785
1.78
1.78
1.765
1.77
1.75
1.72
1.72
1.72
1.7
1.66
1.66
1.69
1.63
1.62
1.725
1.72
1.72
1.675
1.62
1.62
1.7
1.625
1.62
1.65
1.61
1.61
1.695
1.675
1.59
1.63
1.61
1.6
1.635
1.6
1.515
1.56
1.54
1.57
1.535
1.595
1.595
1.595
1.595
1.595
1.595
1.545
1.6
1.53
1.535
1.6
1.54
1.54
1.54
1.6
1.545
1.535
1.575
1.575
1.57
1.57
1.57
1.57
1.645
1.645
1.63
1.645
1.645
1.675
1.66
1.6
1.68
1.68
1.685
1.7
1.685
1.64
1.64
1.695
1.8
1.79
1.735
1.745
1.73
1.725
1.715
1.725
1.7
1.655
1.62
1.61
1.59
1.645
1.645
1.63
1.58
1.6
1.575
1.58
1.585
1.585
1.595
1.575
1.61
1.74
1.705
1.62
1.62
1.62
1.62
1.665
1.61
1.61
1.605
1.58
1.64
1.615
1.605
1.6
1.625
1.62
1.6
1.59
1.59
1.55
1.56
1.56
1.655
1.6
1.605
1.645
1.595
1.59
1.575
1.575
1.58
1.58
1.635
1.635
1.645
1.535
1.555
1.58
1.58
1.625
1.575
1.595
1.59
1.555
1.58
1.535
1.57
1.54
1.55
1.555
1.535
1.565
1.555
1.54
1.565
1.56
1.55
1.545
1.505
1.535
1.52
1.535
1.5
1.505
1.545
1.54
1.505
1.505
1.505
1.505
1.5
1.62
1.7
1.745
1.7
1.76
1.7
1.645
1.64
1.69
1.545
1.63
1.59
1.595
1.6
1.58
1.58
1.605
1.575
1.535
1.56
1.51
1.545
1.515
1.555
1.53
1.555
1.55
1.545
1.515
1.575
1.52
1.49
1.54
1.475
1.53
1.5
1.53
1.495
1.5
1.5
1.56
1.515
1.515
1.54
1.535
1.535
1.535
1.53
1.52
1.52
1.55
1.51
1.525
1.51
1.53
1.52
1.52
1.49
1.53
1.63
1.58
1.58
1.57
1.56
1.53
1.53
1.53
1.53
1.51
1.485
1.53
1.495
1.55
1.495
1.505
1.51
1.545
1.5
1.485
1.49
1.49
1.53
1.495
1.505
1.505
1.505
1.495
1.495
1.52
1.5
1.48
1.49
1.5
1.49
1.535
1.53
1.485
1.485
1.51
1.51
1.495
1.48
1.505
1.525
1.525
1.53
1.555
2.09
1.78
1.83
1.84
1.87
1.75
1.855
1.855
1.775
1.72
1.735
1.735
1.74
1.73
1.71
1.735
1.715
1.735
1.795
1.8
1.7
1.745
1.745
1.7
1.745
1.725
1.69
1.69
1.69
1.685
1.69
1.69
1.66
1.645
1.61
1.635
1.64
1.635
1.645
1.665
1.655
1.665
1.715
1.68
1.665
1.68
1.68
1.69
1.64
1.685
1.65
1.69
1.685
1.69
1.69
1.68
1.66
1.675
1.64
1.67
1.68
1.68
1.635
1.65
1.645
1.685
1.645
1.635
1.66
1.685
1.655
1.65
1.725
1.72
1.685
1.715
1.72
1.72
1.7
1.69
1.69
1.66
1.66
1.665
1.695
1.665
1.63
1.665
1.65
1.655
1.68
1.695
1.725
1.735
1.7
1.725
1.695
1.715
1.69
1.69
1.7
1.695
1.705
1.68
1.675
1.675
1.67
1.665
1.67
1.695
1.69
1.69
1.69
1.7
1.7
1.71
1.69
1.68
1.715
1.715
1.705
1.72
1.695
1.68
1.735
1.74
1.74
1.75
1.745
1.72
1.75
1.725
1.75
1.755
1.745
1.9
1.74
1.73
1.71
1.73
1.75
1.71
1.745
1.705
1.72
1.745
1.705
1.705
1.735
1.705
1.725
1.745
1.8
1.94
1.765
1.81
1.795
1.8
1.795
1.755
1.75
1.75
1.765
1.77
1.77
1.77
1.695
1.73
1.71
1.725
1.725
1.76
1.715
1.69
1.725
1.715
1.71
1.69
1.68
1.7
1.68
1.665
1.65
1.58
1.56
1.59
1.59
1.575
1.625
1.625
1.63
1.625
1.65
1.665
1.68
1.625
1.625
1.7
1.705
1.675
1.7
1.7
1.66
1.65
1.575
1.575
1.58
1.58
1.57
1.65
1.515
1.43
1.38
1.39
1.395
1.38
1.38
1.31
1.335
1.34
1.3
1.355
1.265
1.265
1.27
1.225
1.22
1.2
1.2
1.185
1.215
1.21
1.21
1.16
1.235
1.13
1.275
1.155
1.3
1.3
1.315
1.31
1.285
1.39
1.36
1.56
1.515
1.515
1.41
1.48
1.495
1.44
1.44
1.5
1.46
1.45
1.455
1.405
1.395
1.39
1.375
1.375
1.4
1.41
1.41
1.35
1.395
1.385
1.385
1.385
1.395
1.385
1.4
1.4
1.395
1.43
1.43
1.44
1.44
1.47
1.48
1.485
1.44
1.435
1.435
1.44
1.465
1.465
1.45
1.435
1.44
1.485
1.49
1.49
1.43
1.47
1.81
1.72
1.61
1.46
1.47
1.48
1.59
1.545
1.555
1.45
1.53
1.48
1.5
1.53
1.48
1.48
1.475
1.455
1.455
1.455
1.5
1.46
1.495
1.44
1.465
1.435
1.46
1.43
1.42
1.35
1.4
1.38
1.375
1.375
1.405
1.41
1.405
1.39
1.39
1.415
1.475
1.465
1.43
1.435
1.43
1.43
1.43
1.425
1.42
1.445
1.42
1.44
1.44
1.46
1.47
1.55
1.54
1.54
1.51
1.51
1.505
1.48
1.5
1.465
1.465
1.45
1.465
1.445
1.535
1.505
1.505
1.5
1.505
1.505
1.5
1.52
1.46
1.475
1.465
1.625
1.52
1.505
1.525
1.555
1.51
1.53
1.49
1.445
1.485
1.485
1.505
1.505
1.455
1.48
1.5
1.46
1.455
1.47
1.47
1.45
1.435
1.435
1.49
1.495
1.5
1.505
1.65
1.67
1.69
1.66
1.58
1.59
1.585
1.565
1.575
1.57
1.59
1.61
1.64
1.55
1.6
1.575
1.57
1.55
1.57
1.665
1.625
1.595
1.51
1.525
1.6
1.56
1.59
1.54
1.59
1.6
1.55
1.68
1.66
1.715
1.715
1.715
1.7
1.7
1.7
1.75
1.61
1.715
1.695
1.695
1.685
1.69
1.69
1.68
1.675
1.675
1.645
1.695
1.695
1.7
1.695
1.73
1.71
1.935
1.835
1.79
1.79
1.695
1.655
1.655
1.7
1.68
1.695
1.715
1.655
1.7
1.715
1.73
1.63
1.72
1.68
1.745
1.73
1.73
1.66
1.665
1.66
1.66
1.7
1.695
1.655
1.685
1.69
1.635
1.68
1.615
1.625
1.64
1.64
1.68
1.72
1.65
1.635
1.715
1.695
1.665
1.72
1.645
1.615
1.625
1.625
1.65
1.66
1.66
1.695
1.63
1.635
1.705
1.685
1.65
1.69
1.65
1.655
1.655
1.65
1.655
1.65
1.65
1.655
1.69
1.69
1.69
1.66
1.67
1.635
1.635
1.635
1.635
1.685
1.685
1.65
1.65
1.63
1.62
1.645
1.635
1.63
1.645
1.64
1.635
1.65
1.615
1.625
1.61
1.615
1.61
1.63
1.68
1.63
1.615
1.605
1.61
1.62
1.61
1.61
1.6
1.61
1.6
1.6
1.6
1.595
1.595
1.58
1.585
1.58
1.58
1.57
1.57
1.58
1.575
1.575
1.58
1.55
1.56
1.57
1.585
1.575
1.93
1.84
1.73
1.715
1.71
1.665
1.605
1.655
1.62
1.665
1.71
1.745
1.64
1.63
1.61
1.605
1.62
1.605
1.605
1.61
1.605
1.585
1.62
1.59
1.57
1.59
1.585
1.575
1.57
1.58
1.58
1.59
1.65
1.59
1.595
1.575
1.57
1.635
1.58
1.62
1.63
1.58
1.585
1.62
1.64
1.665
1.64
1.66
1.705
1.705
1.705
1.645
1.66
1.64
1.69
1.65
1.685
1.665
1.635
1.65
1.625
1.64
1.615
1.615
1.62
1.61
1.61
1.6
1.61
1.61
1.61
1.6
1.615
1.6
1.615
1.615
1.6
1.615
1.6
1.595
1.59
1.595
1.58
1.59
1.605
1.61
1.63
1.635
1.615
1.635
1.64
1.67
1.625
1.655
1.62
1.645
1.665
1.64
1.665
1.765
1.795
1.71
1.725
1.71
1.7
1.685
1.705
1.705
1.75
1.755
1.73
1.71
1.705
1.715
1.72
1.7
1.715
1.715
1.725
1.74
1.71
1.715
1.8
2.205
1.95
2.04
2.32
2.255
2.3
2.4
2.4
2.605
2.825
2.48
2.505
2.54
2.9
2.82
2.975
2.81
2.75
3.28
3.41
3.76
3.65
3.64
3.685
3.845
3.845
3.845
4.23
4.93
4.65
4.385
4.22
4.455
4.17
4.095
3.975
3.415
3.415
4.345
4.655
4.775
4.775
4.775
4.775
4.775
4.775
4.775
5.09
6.235
6.295
6.23
5.93
5.97
5.76
5.83
4.64
4.52
4.61
5.19
5.195
5.395
5.13
5.1
4.9
4.85
5.095
5.38
5.5
5.755
5.65
5.655
5.8
5.69
5.65
5.735
5.92
5.92
6.0
5.475
5.435
5.5
5.495
5.5
5.5
5.58
5.575
5.66
5.695
5.515
5.44
5.395
5.42
5.31
5.37
5.335
5.3
5.38
5.275
5.15
5.015
5.105
5.0
5.05
5.16
5.14
5.18
5.0
4.59
4.725
4.77
4.7
5.0
5.12
4.865
4.83
4.905
4.87
4.87
4.815
4.77
4.75
4.81
4.74
4.8
4.585
4.59
4.59
4.6
4.605
4.595
4.6
4.56
4.51
4.255
4.495
4.5
4.3
4.4
4.32
4.345
4.285
4.28
4.32
4.34
4.825
4.74
4.69
4.66
4.665
4.7
4.895
4.67
4.365
4.44
4.5
4.52
4.55
4.51
4.51
4.51
4.51
4.315
4.31
4.4
4.4
4.485
4.315
4.34
4.19
4.205
4.2
4.255
4.28
4.23
4.21
4.2
4.195
4.2
4.22
4.29
4.26
4.25
4.215
4.3
4.305
4.225
4.215
4.15
4.15
4.36
4.2
4.195
4.035
4.135
4.115
3.955
4.015
4.135
4.295
4.1
4.12
4.045
4.01
4.085
4.0
3.99
3.8
3.69
3.73
3.795
3.79
3.8
3.765
3.815
3.845
3.81
3.785
3.71
3.685
4.035
4.095
3.85
3.89
4.56
4.35
4.67
5.1
4.86
4.91
5.02
4.975
4.535
4.15
4.085
4.245
4.105
4.1
4.095
4.1
4.085
4.45
4.4
4.28
4.23
4.285
4.535
4.475
4.365
4.305
4.405
4.26
4.18
4.11
4.175
4.195
4.25
4.275
4.27
4.255
4.185
4.13
4.195
4.115
4.115
4.14
4.2
4.135
4.125
4.15
4.1
4.135
4.11
4.105
4.2
4.14
4.11
4.14
4.155
4.22
4.165
4.16
4.16
4.12
4.135
4.105
4.13
4.125
4.1
4.1
4.105
4.1
4.1
4.1
4.08
4.06
4.09
4.06
4.04
4.085
4.24
4.14
4.145
4.18
4.195
4.2
4.225
4.15
4.15
4.19
4.16
4.135
4.135
4.095
4.065
4.09
4.095
4.125
4.105
4.085
4.08
4.05
4.025
4.06
4.035
4.025
4.025
4.01
4.01
4.015
4.04
4.1
4.06
4.05
4.05
4.0
4.045
4.045
4.105
4.07
4.04
4.03
4.01
4.03
4.055
4.06
4.1
4.04
4.005
4.005
4.06
4.02
4.005
4.025
4.025
4.02
4.02
4.015
4.05
4.04
3.975
3.98
4.025
3.98
4.0
4.1
3.985
3.95
4.0
4.0
3.95
3.995
3.97
4.0
4.0
4.1
4.02
4.02
4.09
4.0
4.0
4.0
3.945
3.965
3.98
3.965
3.995
3.985
3.94
3.965
3.95
3.94
3.92
3.92
3.89
3.83
3.885
3.885
3.875
3.89
3.89
3.895
3.895
3.895
4.08
3.965
3.965
3.995
3.94
3.99
3.81
3.88
3.84
3.845
3.85
3.8
3.885
3.815
3.835
3.8
3.8
3.95
3.9
3.785
3.785
3.785
3.765
3.755
3.755
3.79
3.755
3.74
3.735
3.725
3.7
3.705
3.795
3.76
3.735
3.735
3.76
3.865
3.865
3.73
3.705
3.7
3.64
3.765
3.765
3.67
3.755
3.645
3.66
3.72
3.73
3.735
3.705
3.825
3.7
3.61
3.64
3.72
3.655
3.79
3.775
3.76
3.765
3.705
3.775
3.73
3.74
3.74
3.655
3.72
3.775
3.87
3.805
3.87
3.82
3.83
3.8
3.76
3.8
3.805
3.885
3.81
3.86
3.83
3.82
3.97
3.9
3.93
3.905
3.89
3.9
3.9
3.84
3.83
3.87
3.805
3.825
3.84
3.87
3.875
3.915
3.87
3.9
3.905
3.905
3.87
3.885
3.825
3.915
3.91
3.84
3.88
3.975
3.975
3.9
3.895
3.865
3.87
3.89
3.88
3.865
3.855
3.87
3.87
3.89
3.845
3.83
3.805
3.885
3.875
3.825
3.825
3.92
3.8
3.82
3.78
3.72
3.72
3.85
3.71
3.735
3.69
3.66
3.69
3.755
3.655
3.68
3.765
3.72
3.755
3.68
3.75
3.665
3.7
3.72
3.77
3.695
3.745
3.76
3.66
3.66
3.65
3.705
3.7
3.67
3.7
3.7
3.725
3.675
3.675
3.72
3.72
3.665
3.65
3.63
3.66
3.66
3.665
3.68
3.67
3.67
3.645
3.645
3.65
3.655
3.61
3.645
3.65
3.6
3.66
3.645
3.625
3.61
3.605
3.62
3.615
3.635
3.635
3.635
3.635
3.585
3.645
3.625
3.62
3.62
3.655
3.625
3.59
3.6
3.6
3.645
3.59
3.58
3.58
3.58
3.575
3.575
3.605
3.565
3.635
3.56
3.625
3.63
3.7
3.61
3.61
3.605
3.6
3.605
3.57
3.57
3.58
3.47
3.47
3.47
3.48
3.57
3.555
3.485
3.585
3.48
3.5
3.485
3.48
3.495
3.42
3.445
3.415
3.41
3.44
3.51
3.5
3.555
3.555
3.525
3.525
3.465
3.45
3.57
3.52
3.505
3.455
3.455
3.495
3.4
3.495
3.575
3.655
3.585
3.585
3.58
3.505
3.58
3.52
3.525
3.475
3.465
3.485
3.47
3.475
3.435
3.55
3.62
3.48
3.575
3.62
3.55
3.55
3.66
3.64
3.695
3.645
3.645
3.645
3.64
3.635
3.545
3.515
3.515
3.61
3.665
3.695
3.895
3.73
3.67
3.71
3.78
3.72
3.71
3.765
3.74
3.725
3.69
3.725
3.615
3.645
3.66
3.65
3.64
3.72
3.67
3.72
3.72
3.745
3.74
3.73
3.65
3.65
3.645
3.645
3.645
3.62
3.68
3.615
3.7
3.68
3.645
4.13
4.075
4.03
3.9
3.935
3.895
3.86
3.855
3.815
3.805
3.8
3.76
3.82
3.895
3.895
3.8
3.88
3.92
3.84
3.83
3.83
3.83
3.83
3.78
3.78
3.78
3.85
3.8
3.755
3.86
3.875
3.905
3.995
3.88
3.86
3.76
3.77
3.765
3.79
3.795
3.76
3.835
3.835
3.735
3.76
3.755
3.73
3.75
3.745
3.72
3.65
3.675
3.625
3.625
3.625
3.635
3.635
3.64
4.25
4.4
4.27
4.345
4.13
4.08
3.9
3.8
3.79
3.9
3.895
3.78
3.965
3.88
3.905
3.8
3.875
3.865
3.85
3.765
3.76
3.835
3.9
3.905
3.94
4.02
4.065
4.135
4.01
3.96
3.98
3.94
3.87
3.855
3.82
3.885
3.885
3.84
3.89
3.945
3.995
3.935
3.99
3.91
3.87
3.865
3.84
3.895
3.85
3.85
3.85
3.935
4.225
4.475
4.505
4.165
4.185
4.17
4.15
4.12
4.285
4.165
4.155
4.2
4.25
4.25
4.34
4.215
4.29
4.2
4.455
4.395
4.47
4.485
4.36
4.465
4.415
4.465
4.345
4.41
4.37
4.4
4.41
4.375
4.375
4.38
4.4
4.595
4.485
4.5
4.55
4.55
4.55
4.5
4.435
4.495
4.58
4.575
4.595
4.585
4.575
4.5
4.505
4.515
4.55
4.495
4.335
4.39
4.37
4.35
4.33
4.32
4.305
4.23
4.265
4.27
4.25
4.25
4.26
4.22
4.33
4.315
4.225
4.33
4.26
4.295
4.26
4.23
4.295
4.24
4.155
4.135
4.135
4.085
4.085
4.09
4.09
4.07
4.34
4.09
4.135
4.45
4.505
4.525
4.45
4.49
4.335
4.295
4.37
4.33
4.275
4.2
4.22
4.315
4.28
4.24
4.29
4.345
4.22
4.245
4.28
4.215
4.26
4.265
4.275
4.21
4.245
4.21
4.22
4.25
4.21
4.16
4.19
4.15
4.215
4.205
4.17
4.13
4.11
4.145
4.15
4.12
4.115
4.15
4.175
4.175
4.215
4.295
4.25
4.15
4.145
4.28
4.205
4.185
4.185
4.185
4.23
4.235
4.175
4.2
4.14
4.13
4.13
4.12
4.165
4.19
4.125
4.11
4.125
4.13
4.13
4.13
4.08
4.1
4.08
4.115
4.09
4.08
4.08
4.095
4.055
4.05
4.04
4.075
4.03
4.075
4.07
4.175
4.14
4.12
4.06
4.06
4.095
4.09
4.09
4.07
4.005
4.085
4.13
4.01
4.01
4.03
3.89
3.92
3.945
3.915
3.9
3.92
3.865
3.9
4.06
3.9
3.89
3.92
3.92
3.865
3.855
3.895
3.86
3.88
3.885
3.89
3.815
3.82
3.86
3.855
3.855
3.855
3.88
3.875
3.83
3.865
3.865
3.87
3.87
3.87
3.89
3.89
3.925
3.92
3.87
3.87
3.86
3.86
3.84
3.84
3.855
3.845
3.88
3.9
3.915
3.87
3.87
3.905
3.86
3.895
3.91
3.915
3.89
3.91
3.91
3.91
3.905
3.875
3.87
3.91
3.87
3.87
3.865
3.91
3.87
3.86
3.895
3.895
3.865
3.885
4.04
4.08
3.945
3.995
3.955
4.08
3.995
4.065
4.065
4.005
4.0
4.05
4.035
4.025
3.975
4.015
3.97
3.97
3.975
4.02
4.045
4.04
4.02
4.04
3.975
3.98
3.97
3.97
3.94
3.99
3.95
3.99
3.995
4.0
3.965
4.0
3.965
3.97
3.93
3.905
3.945
3.97
3.98
3.92
3.905
3.9
3.975
3.97
3.925
3.925
3.93
3.905
3.945
3.915
3.915
3.92
3.915
3.815
3.91
3.96
3.88
3.885
3.85
3.845
3.95
3.94
3.885
3.905
3.9
3.985
3.945
3.87
3.88
3.88
3.91
3.86
3.86
3.87
3.86
3.86
3.83
3.83
3.87
3.895
3.885
3.875
3.885
3.89
3.89
3.895
3.935
3.895
3.88
3.88
3.89
3.89
3.89
3.89
3.82
3.87
3.87
3.885
3.845
3.89
3.885
3.865
3.86
3.86
3.85
3.86
3.86
3.86
3.86
3.845
3.82
3.82
3.815
3.865
3.8
3.81
3.8
3.825
3.825
4.0
3.83
3.81
3.83
3.825
3.77
3.81
3.825
3.825
3.7
3.78
3.79
3.74
3.74
3.75
3.78
3.78
3.79
3.76
3.73
3.73
3.69
3.7
3.725
3.74
3.72
3.72
3.715
3.715
3.64
3.7
3.6
3.6
3.64
3.65
3.65
3.645
3.665
3.67
3.67
3.67
3.63
3.67
3.59
3.64
3.57
3.6
3.58
3.55
3.52
3.53
3.53
3.48
3.495
3.5
3.5
3.495
3.5
3.5
3.495
3.495
3.5
3.5
3.5
3.6
3.925
3.82
3.9
3.84
3.74
3.735
3.73
3.785
3.73
3.72
3.78
3.765
3.76
3.76
3.74
3.67
3.635
3.74
3.62
3.6
3.635
3.635
3.7
3.625
3.74
3.735
3.7
3.7
3.74
3.71
3.63
3.63
3.795
3.77
3.6
3.61
3.83
3.8
3.705
3.7
3.745
3.745
3.7
3.7
3.74
3.755
3.735
3.73
3.73
3.73
3.7
3.7
3.64
3.67
3.66
3.65
3.74
3.74
3.62
3.635
3.635
3.64
3.625
3.625
3.645
3.65
3.69
3.76
3.76
3.74
3.745
3.725
3.74
3.81
3.795
3.69
3.68
3.73
3.71
3.75
3.715
3.695
3.71
3.715
3.695
3.655
3.6
3.65
3.595
3.595
3.595
3.615
3.62
3.605
3.67
3.595
3.625
3.625
3.565
3.685
3.68
3.795
3.56
3.58
3.675
3.605
3.58
3.53
3.585
3.58
3.65
3.615
3.565
3.605
3.62
3.62
3.62
3.695
3.645
3.66
3.685
3.66
3.42
3.54
3.62
3.605
3.525
3.625
3.48
3.605
3.49
3.5
3.5
3.54
3.56
3.47
3.505
3.505
3.53
3.495
3.47
3.44
3.49
3.48
3.47
3.475
3.535
3.46
3.535
3.535
3.465
3.52
3.52
3.535
3.62
3.6
3.6
3.6
3.63
3.6
3.5
3.585
3.54
3.6
3.53
3.5
3.5
3.645
3.74
3.73
3.99
3.915
3.8
3.79
3.75
3.7
3.6
3.765
3.63
3.685
3.63
3.645
3.65
3.61
3.54
3.545
3.57
3.63
3.625
3.605
3.6
3.53
3.57
3.59
3.655
3.57
3.555
3.645
3.58
3.605
3.58
3.55
3.63
3.565
3.575
3.555
3.565
3.6
3.605
3.65
3.65
3.805
3.55
3.58
3.565
3.56
3.555
3.62
3.59
3.59
3.63
3.585
3.705
3.71
3.59
3.65
3.65
3.6
3.64
3.6
3.715
3.685
3.67
3.7
3.635
3.695
3.655
3.69
3.66
3.62
3.67
3.67
3.7
3.565
3.61
3.67
3.61
3.61
3.61
3.66
3.645
3.605
3.625
3.635
3.64
3.615
3.635
3.615
3.615
3.945
3.655
3.605
3.645
3.585
3.575
3.585
3.585
3.535
3.58
3.565
3.575
3.575
3.565
3.6
3.58
3.58
3.595
3.595
3.595
3.59
3.59
3.59
3.59
3.56
3.57
3.595
3.59
3.57
3.55
3.635
3.625
3.625
3.645
3.645
3.6
3.6
3.625
3.62
3.58
3.595
3.6
3.56
3.585
3.55
3.585
3.565
3.66
3.61
3.62
3.545
3.555
3.555
3.55
3.615
3.615
3.58
3.575
3.61
3.66
3.69
3.665
3.63
3.62
3.61
3.635
3.55
3.63
3.55
3.62
3.58
3.595
3.6
3.68
3.71
3.63
3.63
3.6
3.65
3.61
3.64
3.58
3.69
3.59
3.625
3.715
3.665
3.69
3.69
3.7
3.705
3.6
3.68
3.615
3.62
3.7
3.655
3.745
3.72
3.605
3.66
3.66
3.715
3.82
3.735
3.74
3.745
3.78
3.8
3.8
3.745
3.745
3.745
3.74
3.785
3.785
3.745
3.795
3.77
3.865
3.865
3.78
3.745
3.73
4.05
3.875
4.0
3.98
3.995
3.995
3.965
3.94
3.93
3.955
3.915
3.885
3.895
3.91
3.915
3.855
3.855
3.925
3.865
3.81
3.87
3.85
3.855
3.815
3.86
3.865
3.885
3.83
3.895
3.785
3.88
3.88
3.885
3.89
3.895
3.825
3.855
3.82
3.805
3.98
3.905
3.925
3.925
3.9
3.92
4.015
3.97
4.2
4.0
3.98
3.945
3.92
3.935
3.935
3.905
3.91
3.94
3.9
3.895
3.845
3.935
4.05
4.05
4.0
3.955
4.0
4.015
3.96
4.01
4.035
4.04
4.06
4.015
4.05
4.06
3.855
3.96
3.905
3.95
3.945
3.94
3.925
3.925
3.96
3.96
3.955
3.955
3.905
3.89
3.945
3.94
3.96
4.21
5.31
4.88
4.65
5.04
4.8
5.08
5.54
5.54
6.09
5.7
5.845
5.435
5.435
4.96
5.02
5.14
4.95
5.075
5.035
4.555
4.54
4.755
4.61
4.67
4.76
4.615
4.565
4.705
4.72
4.9
4.81
4.8
4.805
5.05
5.76
6.565
5.85
6.095
5.53
5.5
5.35
5.65
5.555
5.525
5.5
5.45
5.5
5.495
5.45
5.26
5.365
5.375
5.305
5.37
4.91
4.985
5.105
4.925
5.0
5.0
5.0
4.95
4.925
5.01
5.165
4.95
4.625
4.715
4.8
4.8
4.84
5.115
5.0
4.995
4.97
4.975
4.905
4.9
4.98
5.0
4.97
5.245
5.1
5.175
5.13
5.175
5.16
5.28
5.2
5.25
5.155
5.165
5.18
5.1
5.095
5.08
5.105
5.1
5.13
5.155
5.1
4.925
4.86
4.935
4.99
4.935
4.935
4.94
5.09
5.09
5.11
5.1
5.075
5.095
5.055
5.095
4.95
4.905
4.86
4.895
4.825
4.9
4.9
4.92
4.95
4.89
4.92
4.96
4.91
4.905
4.9
4.91
4.915
4.98
4.955
4.91
4.895
4.855
4.86
4.87
4.88
4.8
4.84
4.84
4.75
4.775
4.74
4.86
4.84
4.8
4.785
4.785
4.755
4.745
4.74
4.78
4.77
4.745
4.705
4.705
4.735
4.735
4.745
4.71
4.71
4.66
4.63
4.63
4.6
4.57
4.6
4.555
4.595
4.535
4.515
4.5
4.5
4.49
4.48
4.465
4.48
4.485
4.48
4.465
4.405
4.405
4.4
4.4
4.06
4.165
4.155
4.195
4.2
4.2
4.165
4.19
4.195
4.22
4.215
4.145
4.135
4.185
4.185
4.13
4.13
4.13
4.185
4.11
4.12
4.105
4.115
4.03
4.175
4.19
4.11
4.135
4.1
4.1
4.11
4.175
4.165
4.1
4.115
4.095
4.055
4.07
3.995
3.895
4.205
3.955
4.2
4.2
4.215
4.275
4.0
4.02
3.985
4.03
4.03
3.945
4.0
4.005
4.02
4.035
4.085
4.195
4.165
4.02
4.13
4.1
4.205
4.085
4.105
4.125
4.11
4.095
4.395
4.49
4.735
4.945
4.545
4.435
4.33
4.58
4.4
4.59
4.58
4.26
4.445
4.86
4.25
4.175
4.23
4.235
4.175
4.135
4.165
4.1
4.065
4.515
4.465
4.53
4.545
4.515
4.29
4.41
4.24
4.26
4.235
4.27
4.25
4.295
4.3
4.225
4.295
4.39
4.215
4.27
4.35
4.285
4.2
4.245
4.235
4.19
4.2
4.14
4.155
4.245
4.2
4.14
4.125
4.065
4.16
4.1
4.08
4.01
4.03
4.005
4.06
4.01
4.08
4.01
4.195
3.975
4.01
4.04
4.02
4.13
4.04
4.035
4.065
4.03
4.045
4.045
3.965
4.185
4.055
4.07
4.015
4.1
4.0
4.075
4.035
4.065
4.005
3.99
3.975
3.99
4.01
4.045
4.015
4.07
4.065
3.985
3.975
3.975
3.9
3.965
3.98
4.165
4.095
3.96
4.025
4.02
3.95
3.905
3.925
3.925
3.93
4.02
3.99
3.98
3.9
3.965
3.95
3.945
4.03
3.875
3.865
3.835
3.825
3.8
3.8
3.805
3.79
3.82
3.795
3.79
3.72
3.62
3.63
3.6
3.65
3.59
3.595
3.6
3.6
3.6
3.59
3.635
3.64
3.645
3.63
3.57
3.58
3.575
3.67
3.685
3.67
3.78
3.755
3.705
3.725
3.77
3.68
3.79
3.915
3.905
3.815
3.84
3.875
3.8
3.8
3.99
3.925
4.04
4.015
4.195
4.16
4.23
4.24
4.235
4.07
4.01
4.03
3.955
3.97
3.985
3.955
3.94
3.94
3.97
3.97
3.96
3.97
3.96
3.96
3.8
3.825
3.825
3.77
3.82
3.815
3.735
3.795
3.8
3.9
3.79
3.895
3.805
3.9
3.895
3.915
3.9
3.9
3.9
3.9
3.85
3.89
3.89
3.89
3.88
3.9
3.845
3.845
3.905
3.8
3.8
3.8
3.8
3.8
3.8
3.8
3.8
3.83
3.75
3.795
3.785
3.74
3.73
3.75
3.755
3.75
3.75
3.76
3.78
3.8
3.845
3.785
3.79
3.785
3.78
3.785
3.79
3.72
3.66
3.7
3.65
3.67
3.67
3.69
3.66
3.7
3.61
3.6
3.59
3.58
3.595
3.5
3.495
3.565
3.595
3.555
3.565
3.575
3.645
3.645
3.605
3.61
3.56
3.6
3.615
3.45
3.4
3.41
3.41
3.49
3.38
3.535
3.545
3.425
3.38
3.38
3.42
3.47
3.485
3.485
3.4
3.52
3.735
4.25
4.09
4.01
4.07
4.215
4.075
3.945
3.695
4.01
4.355
4.58
4.705
4.99
4.46
4.2
4.08
4.115
4.12
4.065
4.225
4.275
4.295
4.205
4.2
4.28
4.265
4.3
4.205
4.24
4.1
4.185
4.25
4.12
4.135
4.18
4.135
4.15
4.15
4.12
4.1
4.1
4.02
4.025
4.025
4.055
4.055
3.995
3.995
3.95
3.955
3.985
3.945
3.985
3.985
3.98
3.945
3.945
3.925
3.93
3.865
3.86
3.9
4.1
4.2
4.175
4.1
4.195
4.195
4.27
4.105
4.115
4.155
4.11
4.05
4.045
4.05
4.05
4.3
4.065
4.07
4.055
4.135
4.135
4.005
4.0
4.0
4.05
3.995
3.96
4.025
3.955
3.97
4.07
3.98
4.045
3.96
3.995
3.985
3.87
3.905
3.94
4.04
3.945
3.925
3.905
4.025
3.975
4.11
4.0
3.735
3.75
3.8
3.665
3.75
3.605
3.7
3.72
3.44
3.0
2.45
2.995
3.5
3.5
2.665
2.69
2.685
2.665
3.645
3.445
3.21
2.855
2.85
3.39
3.345
2.91
3.195
2.81
3.0
2.66
3.15
3.15
3.25
3.17
3.3
3.645
3.535
3.475
3.45
3.315
3.5
3.48
3.365
3.68
3.68
3.5
3.5
3.5
3.5
3.6
3.61
3.595
3.62
3.62
3.675
3.7
3.8
3.85
3.71
3.8
3.7
3.645
3.7
3.7
3.715
3.65
3.65
3.65
3.56
3.765
3.8
3.8
3.795
3.8
3.795
3.78
3.78
3.795
3.795
3.645
3.6
3.585
3.575
3.75
3.75
3.6
3.55
3.77
3.75
3.635
3.8
3.665
3.745
3.675
3.675
3.71
3.775
3.655
3.7
3.65
3.64
3.76
3.795
3.795
3.775
3.78
3.765
3.665
3.8
3.69
3.8
3.8
3.8
3.86
3.86
3.935
3.77
3.8
3.815
3.805
3.755
3.725
3.8
3.7
3.785
3.64
3.76
3.78
3.655
3.7
3.645
3.665
3.77
3.69
3.665
3.6
3.65
3.575
3.62
3.655
3.655
3.63
3.7
3.715
3.675
3.72
3.79
3.76
3.66
3.6
3.685
3.675
3.72
3.76
3.655
3.64
3.64
3.79
3.735
3.77
3.74
3.74
3.905
3.905
3.9
3.915
3.8
3.83
4.32
4.135
4.155
4.15
3.825
3.665
3.69
3.72
3.745
3.76
3.77
3.7
3.7
3.625
3.605
3.635
3.58
3.54
3.545
3.64
3.625
3.605
3.61
3.605
3.605
3.525
3.645
3.6
3.615
3.665
3.67
3.67
3.585
3.6
3.6
3.57
3.6
3.56
3.565
3.565
3.56
3.56
3.56
3.565
3.525
3.525
3.59
3.59
3.525
3.61
3.61
3.61
3.54
3.615
3.575
3.5
3.57
3.57
3.655
3.605
3.64
3.585
3.63
3.58
3.585
3.615
3.6
3.675
3.62
3.66
3.61
3.68
3.65
3.68
3.685
3.8
3.605
3.605
3.61
3.655
3.615
3.605
3.61
3.665
3.605
3.605
3.6
