close
0.45
0.45
0.4699
0.45
0.45
0.401
0.399
0.4
0.43
0.41
0.41
0.4555
0.45
0.45
0.5294
0.45
0.4
0.4799
0.4
0.4999
0.499
0.46
0.444
0.46
0.5858
0.5
0.4103
0.4999
0.49
0.5855
0.5845
0.371
0.3645
0.364
0.3055
0.3052
0.37
0.37
0.4
0.4
0.4
0.4
0.489
0.51
0.634
0.372
0.406
0.72
0.7
0.7
0.55
0.549
0.426
0.419
0.419
0.489
0.4
0.339
0.498
0.499
0.597
0.53
0.451
0.501
0.501
0.5
0.515
0.599
0.441
0.445
0.442
0.569
0.597
0.44
0.535
0.514
0.514
0.593
0.617
0.5
0.477
0.644
0.55
0.55
0.632
0.555
0.598
0.55
0.6
0.6
0.615
0.679
0.679
0.7
0.7
0.746
0.791
0.871
0.73
0.894
0.7
0.75
0.65
0.6
0.6
0.652
0.501
0.552
0.552
0.501
0.555
0.555
0.48
0.509
0.51
0.51
0.5
0.5
0.509
0.52
0.53
0.54
0.5
0.519
0.54
0.537
0.527
0.53
0.53
0.53
0.53
0.53
0.53
0.53
0.53
0.54
0.45
0.52
0.46
0.648
0.481
0.523
0.523
0.523
0.57
0.526
0.55
0.585
0.6
0.552
0.596
0.598
0.6
0.6
0.596
0.6
0.6
0.611
0.666
0.666
0.562
0.605
0.69
0.69
0.69
0.642
0.689
0.601
0.69
0.69
0.65
0.69
0.75
0.749
0.749
0.749
0.77
0.78
0.9
0.889
0.785
0.89
0.89
0.888
0.9
0.789
0.899
0.804
0.949
0.949
0.901
0.901
0.9
0.96
1.08
0.9
1.0
1.075
1.148
1.279
1.345
1.3
1.419
1.5
1.5
1.788
1.593
1.382
1.777
1.7
1.6
1.59
1.7
1.699
1.699
1.73
1.749
1.748
1.399
1.699
1.315
1.461
1.52
1.695
1.455
1.88
1.555
1.6
1.6
1.6
1.89
1.69
1.7
1.749
1.79
1.85
1.895
1.9
1.61
1.501
1.46
1.597
1.45
1.315
1.33
1.486
1.501
1.051
1.2
1.306
1.305
1.2
0.976
1.134
1.134
0.92
0.92
1.15
1.157
1.076
1.156
1.173
1.395
1.389
1.389
1.101
1.115
1.115
1.1
0.986
1.097
1.098
1.0
1.0
0.982
1.05
0.98
1.091
0.981
1.053
0.883
0.855
0.85
0.842
0.782
0.807
0.842
0.815
0.815
0.778
0.96
1.019
1.019
0.942
0.862
0.882
1.0
1.0
0.911
0.907
1.0
0.826
0.995
0.919
1.068
0.877
0.997
0.909
0.819
0.83
0.948
0.842
0.896
0.896
0.983
0.834
0.966
0.884
0.91
1.025
0.9
0.895
0.935
0.85
0.895
0.81
0.955
0.875
0.955
0.845
0.87
1.0
1.005
1.0
0.95
0.945
0.76
0.835
0.84
0.84
0.845
0.81
0.895
0.895
0.905
0.905
0.86
0.97
0.88
0.9
0.905
0.88
0.895
0.87
0.87
0.87
0.79
0.795
0.79
0.9
0.9
0.73
0.835
0.79
0.79
0.78
0.825
0.775
0.72
0.63
0.74
0.73
0.725
0.74
0.75
0.75
0.745
0.7
0.7
0.72
0.735
0.745
0.76
0.76
0.765
0.77
0.785
0.77
0.765
0.755
0.77
0.77
0.745
0.61
0.76
0.705
0.68
0.68
0.765
0.9
0.82
0.785
0.775
0.8
0.77
0.78
0.795
0.81
0.83
0.925
0.995
0.995
0.93
0.91
0.965
0.965
0.98
1.18
1.18
1.09
1.035
1.005
1.005
1.0
0.975
0.965
0.99
0.97
0.985
0.97
0.985
1.03
1.015
1.015
1.055
1.1
1.2
1.08
1.195
1.24
1.27
1.275
1.295
1.165
1.29
1.19
1.125
1.245
1.1
1.185
1.19
1.195
1.26
1.18
1.22
1.22
1.08
1.1
1.07
1.17
1.16
1.135
1.05
1.11
1.125
1.05
1.03
1.025
1.025
1.025
1.03
1.02
1.03
1.02
1.02
1.1
1.11
1.12
1.09
1.13
1.085
1.13
1.13
1.105
1.125
1.125
1.12
1.11
1.005
1.035
1.035
1.035
1.035
1.065
1.035
1.025
1.02
1.0
1.04
1.04
1.06
1.025
1.06
1.025
1.055
1.055
1.02
1.03
1.02
1.015
1.05
1.02
1.02
1.04
1.04
1.15
1.13
1.13
1.12
1.11
1.21
1.215
1.21
1.235
1.2
1.145
1.145
1.19
1.195
1.24
1.225
1.25
1.245
1.235
1.22
1.24
1.235
1.22
1.21
1.21
1.2
1.25
1.19
1.225
1.235
1.195
1.205
1.235
1.25
1.25
1.205
1.2
1.2
1.3
1.29
1.29
1.29
1.285
1.27
1.27
1.33
1.305
1.66
1.71
1.77
1.955
1.99
2.22
2.2
2.27
2.27
2.32
1.975
1.9
1.735
1.77
1.77
1.75
1.77
1.72
1.695
1.565
1.555
1.575
1.77
1.67
1.56
1.605
1.61
1.68
1.85
1.77
1.725
1.57
1.7
1.705
1.66
1.665
1.73
1.88
1.8
1.76
1.56
1.545
1.57
1.59
1.595
1.6
1.695
1.765
1.67
1.695
1.81
1.78
1.795
1.715
1.78
1.81
1.84
1.78
1.61
1.795
1.715
1.6
1.605
1.625
1.58
1.56
1.61
1.58
1.58
1.58
1.55
1.55
1.565
1.61
1.55
1.6
1.55
1.55
1.555
1.77
1.77
1.775
1.62
1.65
1.65
1.695
1.8
1.85
1.845
1.8
1.76
1.705
1.515
1.65
1.695
1.695
1.66
1.68
1.71
1.67
1.69
1.76
1.77
1.5
1.55
1.58
1.555
1.56
1.78
1.63
1.98
2.04
2.16
2.08
2.07
1.84
2.045
1.97
2.0
2.16
2.09
1.895
1.9
1.85
1.8
1.72
1.72
1.655
1.755
1.75
1.75
1.76
1.76
1.765
1.765
1.805
1.805
1.77
1.6
1.63
1.71
1.68
1.53
1.53
1.53
1.57
1.49
1.5
1.6
1.495
1.5
1.5
1.5
1.405
1.54
1.54
1.565
1.56
1.45
1.5
1.545
1.525
1.545
1.54
1.54
1.415
1.445
1.45
1.455
1.45
1.59
1.455
1.47
1.42
1.47
1.47
1.47
1.33
1.31
1.35
1.31
1.31
1.215
1.275
1.28
1.22
1.195
1.22
1.21
1.215
1.21
1.225
1.145
1.21
1.16
1.285
1.27
1.27
1.67
1.43
1.43
1.43
1.395
1.41
1.27
1.31
1.305
1.31
1.31
1.31
1.315
1.41
1.405
1.38
1.38
1.38
1.38
1.385
1.385
1.385
1.385
1.375
1.375
1.46
1.46
1.535
1.705
1.655
1.615
1.615
1.615
1.72
1.855
1.805
1.805
1.49
1.59
1.575
1.565
1.58
1.505
1.5
1.545
1.6
1.615
1.615
1.565
1.605
1.56
1.63
1.61
1.61
1.61
1.61
1.61
1.605
1.56
1.58
1.56
1.56
1.56
1.555
1.555
1.495
1.5
1.495
1.48
1.48
1.495
1.495
1.495
1.55
1.51
1.535
1.5
1.57
1.545
1.56
1.61
1.735
1.74
1.79
1.995
2.03
1.8
1.71
1.74
1.74
1.74
1.74
1.845
1.74
1.765
1.715
1.87
1.605
1.665
1.625
1.625
1.71
1.88
1.67
1.755
1.615
1.615
1.61
1.49
1.485
1.485
1.485
1.54
1.555
1.55
1.475
1.53
1.75
1.745
1.585
1.56
1.52
1.575
1.585
1.605
1.61
1.5
1.565
1.445
1.565
1.485
1.56
1.555
1.55
1.5
1.5
1.5
1.5
1.58
1.615
1.6
1.585
1.65
1.55
1.55
1.52
1.5
1.69
1.595
1.595
1.52
1.52
1.53
1.53
1.54
1.6
1.6
1.52
1.46
1.535
1.595
1.5
1.5
1.5
1.47
1.505
1.505
1.59
1.57
1.495
1.48
1.48
1.465
1.47
1.485
1.47
1.47
1.465
1.465
1.485
1.49
1.45
1.45
1.475
1.405
1.46
1.52
1.49
1.485
1.48
1.475
1.43
1.46
1.515
1.53
1.62
1.5
1.455
1.525
1.44
1.49
1.47
1.495
1.53
1.48
1.53
1.49
1.535
1.51
1.605
1.65
1.625
1.61
1.605
1.6
1.595
1.59
1.56
1.555
1.545
1.545
1.54
1.535
1.53
1.51
1.505
1.5
1.5
1.5
1.52
1.5
1.525
1.505
1.5
1.495
1.5
1.475
1.4
1.44
1.44
1.365
1.35
1.35
1.35
1.34
1.3
1.3
1.25
1.17
1.275
1.175
1.17
1.17
1.2
1.24
1.245
1.3
1.31
1.215
1.275
1.29
1.325
1.33
1.345
1.345
1.33
1.17
1.35
1.33
1.325
1.335
1.32
1.315
1.455
1.47
1.46
1.48
1.5
1.485
1.48
1.5
1.5
1.485
1.445
1.46
1.445
1.45
1.48
1.47
1.46
1.475
1.46
1.405
1.375
1.37
1.37
1.405
1.375
1.37
1.365
1.35
1.37
1.375
1.36
1.38
1.385
1.395
1.38
1.4
1.385
1.47
1.4
1.405
1.35
1.35
1.365
1.37
1.395
1.325
1.365
1.36
1.375
1.38
1.385
1.39
1.385
1.385
1.38
1.37
1.32
1.35
1.345
1.32
1.315
1.315
1.31
1.3
1.295
1.295
1.33
1.305
1.27
1.265
1.275
1.255
1.275
1.245
1.325
1.325
1.32
1.325
1.225
1.24
1.215
1.235
1.185
1.205
1.195
1.185
1.175
1.185
1.185
1.18
1.195
1.185
1.165
1.155
1.175
1.2
1.175
1.195
1.18
1.2
1.195
1.215
1.215
1.225
1.225
1.215
1.205
1.215
1.225
1.205
1.2
1.2
1.195
1.165
1.16
1.165
1.16
1.175
1.115
1.225
1.175
1.185
1.185
1.185
1.17
1.165
1.155
1.15
1.15
1.115
1.065
1.06
1.05
1.075
1.075
1.08
1.08
1.085
1.095
1.105
1.08
1.075
1.075
1.085
1.095
1.11
1.075
1.085
1.075
1.07
1.095
1.095
1.055
1.07
1.095
1.03
1.055
1.005
1.005
1.03
1.055
1.03
0.975
0.98
0.98
1.045
0.955
1.21
1.165
1.165
1.165
1.165
1.21
1.19
1.105
1.075
1.13
1.125
1.065
1.015
1.025
1.02
1.1
1.01
1.055
1.0
0.975
1.045
0.96
1.025
0.95
1.05
1.05
1.06
1.08
1.105
1.085
1.095
1.09
1.075
0.995
1.015
1.02
1.08
0.965
0.98
0.975
0.945
0.965
0.915
0.94
0.96
0.925
0.93
1.0
0.975
0.93
0.91
1.075
1.035
1.025
1.055
0.91
1.0
1.08
1.05
0.955
0.995
1.0
1.035
1.01
1.035
1.065
1.045
0.97
0.92
0.995
1.02
0.97
0.94
0.965
1.0
0.95
1.04
1.03
1.035
1.04
1.055
1.06
1.03
1.05
1.03
0.985
1.01
1.0
1.0
1.01
1.195
1.36
1.365
1.305
1.31
1.245
1.215
1.27
1.27
1.22
1.205
1.33
1.255
1.245
1.15
1.34
1.315
1.29
1.26
1.345
1.2
1.29
1.29
1.2
1.15
1.165
1.155
1.15
1.145
1.145
1.15
1.155
1.175
1.15
1.155
1.145
1.14
1.11
1.035
1.08
1.05
0.945
1.025
1.03
1.035
1.03
1.03
1.04
0.98
1.025
0.995
0.995
0.96
0.98
0.985
0.99
1.0
0.995
1.035
1.02
1.04
1.015
0.96
0.98
1.0
0.975
0.97
0.965
0.965
1.04
1.0
0.965
0.985
0.965
0.96
0.94
0.94
0.955
0.97
0.955
0.93
0.96
0.975
1.03
1.025
0.98
1.0
1.01
1.0
1.0
0.985
0.97
0.98
0.97
0.98
0.98
0.98
0.995
0.98
0.98
0.98
0.97
0.94
0.955
0.94
0.96
0.95
1.03
0.965
1.06
0.96
0.925
0.935
0.94
0.955
0.96
0.965
0.96
0.945
0.94
0.93
0.955
0.935
0.93
0.95
0.925
0.945
0.96
0.965
0.965
0.945
0.92
0.925
0.93
0.915
0.915
0.94
0.94
0.935
0.96
0.95
0.95
0.95
0.945
0.975
0.965
0.98
0.98
0.96
0.97
0.93
0.95
0.96
0.955
0.955
0.97
0.94
0.925
0.945
0.955
0.975
0.975
0.995
0.99
0.99
0.99
0.995
1.01
1.01
1.025
1.0
0.995
0.945
0.98
1.0
0.95
0.995
1.0
0.995
1.005
0.995
0.99
0.985
0.98
1.02
0.995
0.99
0.98
0.94
1.03
0.985
0.975
0.99
0.88
0.91
0.915
0.9
0.915
0.945
0.925
0.92
0.93
0.935
0.935
0.945
0.95
0.935
0.925
0.945
0.925
0.9
0.94
0.95
0.94
0.95
0.94
0.965
0.955
0.975
0.915
0.94
0.96
0.94
0.945
0.955
0.91
0.915
0.94
0.945
0.945
0.935
0.925
0.975
0.935
0.92
0.915
0.9
0.9
0.9
0.885
0.83
0.84
0.86
0.87
0.87
0.87
0.86
0.815
0.86
0.875
0.875
0.875
0.82
0.84
0.86
0.855
0.82
0.855
0.855
0.85
0.8
0.825
0.8
0.8
0.8
0.82
0.8
0.815
0.74
0.77
0.8
0.805
0.805
0.815
0.8
0.79
0.785
0.78
0.775
0.775
0.78
0.755
0.755
0.76
0.745
0.765
0.75
0.745
0.75
0.795
0.73
0.76
0.775
0.78
0.79
0.76
0.785
0.8
0.8
0.79
0.795
0.8
0.8
0.8
0.82
0.78
0.8
0.78
0.825
0.8
0.78
0.75
0.78
0.78
0.86
0.85
0.8
0.855
0.8
0.785
0.8
0.77
0.78
0.8
0.82
0.865
0.845
0.84
0.8
0.76
0.76
0.78
0.8
0.75
0.8
0.815
0.835
0.855
0.845
0.78
0.78
0.78
0.78
0.75
0.73
0.72
0.715
0.75
0.74
0.745
0.77
0.75
0.69
0.72
0.73
0.73
0.795
0.79
0.81
0.79
0.74
0.735
0.74
0.75
0.77
0.71
0.72
0.76
0.71
0.745
0.745
0.75
0.74
0.75
0.75
0.725
0.74
0.74
0.75
0.78
0.77
0.57
0.8
0.76
0.78
0.765
0.74
0.72
0.7
0.7
0.68
0.685
0.685
0.685
0.685
0.715
0.72
0.715
0.71
0.71
0.71
0.685
0.685
0.685
0.68
0.665
0.655
0.68
0.65
0.66
0.63
0.72
0.72
0.725
0.7
0.68
0.7
0.725
0.685
0.725
0.725
0.72
0.7
0.7
0.685
0.68
0.725
0.725
0.75
0.72
0.77
0.765
0.74
0.825
0.925
0.915
0.885
0.895
0.89
0.885
0.865
0.88
0.885
0.93
0.92
0.925
0.87
0.895
0.855
0.83
0.84
0.81
0.81
0.815
0.8
0.8
0.805
0.8
0.75
0.74
0.725
0.74
0.73
0.745
0.735
0.735
0.73
0.75
0.765
0.745
0.735
0.735
0.755
0.74
0.7
0.7
0.72
0.725
0.73
0.695
0.71
0.68
0.7
0.7
0.7
0.7
0.7
0.72
0.71
0.71
0.71
0.72
0.72
0.7
0.69
0.695
0.69
0.69
0.69
0.69
0.69
0.705
0.7
0.71
0.71
0.7
0.69
0.71
0.71
0.715
0.69
0.665
0.69
0.68
0.665
0.68
0.685
0.685
0.65
0.665
0.665
0.665
0.655
0.655
0.64
0.635
0.65
0.655
0.655
0.66
0.665
0.68
0.675
0.64
0.645
0.63
0.645
0.645
0.645
0.62
0.645
0.62
0.605
0.605
0.6
0.6
0.6
0.6
0.63
0.6
0.6
0.6
0.6
0.58
0.605
0.58
0.6
0.615
0.6
0.62
0.62
0.615
0.615
0.615
0.62
0.625
0.63
0.62
0.63
0.635
0.635
0.635
0.635
0.645
0.65
0.655
0.625
0.645
0.645
0.625
0.68
0.695
0.74
0.74
0.735
0.74
0.72
0.715
0.715
0.715
0.72
0.675
0.68
0.675
0.68
0.7
0.66
0.725
0.735
0.685
0.705
0.72
0.81
0.9
0.84
0.815
0.985
0.99
0.94
0.895
0.825
0.825
0.875
0.88
0.83
0.835
0.865
0.81
0.825
0.8
0.795
0.795
0.79
0.785
0.75
0.785
0.78
0.745
0.78
0.78
0.76
0.774
0.798
0.8
0.796
0.76
0.75
0.73
0.9
0.848
0.836
0.872
0.828
0.85
0.852
0.85
0.85
0.858
0.86
0.87
0.88
0.87
0.86
0.864
0.858
0.86
0.86
0.914
0.888
0.836
0.862
0.848
0.84
0.846
0.88
0.89
0.86
0.86
0.828
0.876
0.828
0.818
0.818
0.828
0.838
0.838
0.838
0.818
0.84
0.856
0.83
0.82
0.83
0.82
0.83
0.82
0.814
0.928
0.93
0.942
0.946
0.902
0.882
0.926
0.888
0.902
0.968
0.932
0.922
0.906
0.906
0.932
0.918
0.92
0.948
0.914
0.894
0.886
0.944
0.842
0.878
0.844
0.842
0.848
0.796
0.82
0.836
0.846
0.964
0.966
0.974
0.95
0.92
0.9
0.906
0.926
0.906
0.898
0.88
0.894
0.894
0.93
0.856
0.86
0.93
0.886
0.88
0.924
0.99
1.088
1.18
1.38
1.384
1.384
1.384
1.384
1.384
1.406
1.68
1.93
1.624
1.8
1.822
1.936
1.936
1.936
1.936
1.976
1.666
1.58
1.526
1.55
1.474
1.406
1.444
1.456
1.436
1.32
1.272
1.224
1.24
1.27
1.26
1.296
1.32
1.278
1.23
1.2
1.224
1.238
1.238
1.232
1.224
1.206
1.202
1.206
1.33
1.34
1.34
1.34
1.34
1.38
1.434
1.408
1.398
1.362
1.382
1.366
1.394
1.394
1.306
1.36
1.3
1.276
1.258
1.256
1.254
1.228
1.244
1.228
1.244
1.252
1.25
1.23
1.256
1.228
1.274
1.274
1.268
1.244
1.3
1.338
1.3
1.378
1.692
1.8
1.802
1.816
1.76
1.776
1.758
1.72
1.548
1.59
1.618
1.6
1.55
1.57
1.58
1.536
1.574
1.478
1.478
1.422
1.436
1.416
1.422
1.442
1.438
1.43
1.428
1.4
1.37
1.37
1.336
1.378
1.36
1.37
1.374
1.392
1.442
1.41
1.45
1.498
1.438
1.4
1.4
1.476
1.438
1.46
1.46
1.46
1.46
1.454
1.456
1.458
1.458
1.35
1.322
1.372
1.36
1.326
1.674
1.608
1.556
1.546
1.54
1.544
1.544
1.512
1.5
1.442
1.408
1.448
1.42
1.434
1.434
1.436
1.512
1.592
1.546
1.564
1.656
1.662
1.61
1.554
1.598
1.574
1.56
1.56
1.574
1.55
1.58
1.66
1.724
1.65
1.52
1.468
1.486
1.484
1.516
1.514
1.5
1.49
1.436
1.448
1.442
1.442
1.48
1.476
1.452
1.442
1.442
1.402
1.402
1.402
1.434
1.434
1.434
1.42
1.418
1.386
1.37
1.37
1.312
1.314
1.31
1.302
1.298
1.344
1.346
1.34
1.342
1.314
1.31
1.336
1.398
1.398
1.334
1.33
1.33
1.35
1.34
1.32
1.34
1.35
1.35
1.35
1.45
1.4
1.34
1.37
1.368
1.362
1.322
1.336
1.342
1.32
1.366
1.31
1.31
1.35
1.35
1.312
1.294
1.308
1.336
1.288
1.252
1.294
1.332
1.292
1.3
1.316
1.56
1.668
1.528
1.564
1.586
1.6
1.574
1.6
1.55
1.526
1.53
1.522
1.538
1.444
1.52
1.456
1.502
1.486
1.48
1.494
1.482
1.576
1.566
1.46
1.47
1.498
1.47
1.494
1.498
1.49
1.522
1.526
1.5
1.51
1.526
1.526
1.532
1.5
1.518
1.518
1.496
1.49
1.518
1.508
1.494
1.49
1.474
1.472
1.512
1.49
1.516
1.492
1.45
1.494
1.492
1.49
1.51
1.524
1.432
1.468
1.472
1.452
1.468
1.468
1.476
1.48
1.47
1.46
1.5
1.494
1.48
1.414
1.45
1.452
1.422
1.44
1.454
1.412
1.4
1.348
1.354
1.38
1.392
1.394
1.366
1.38
1.36
1.366
1.366
1.366
1.388
1.386
1.332
1.302
1.358
1.386
1.394
1.386
1.386
1.396
1.318
1.362
1.356
1.356
1.346
1.35
1.34
1.378
1.358
1.37
1.322
1.35
1.314
1.334
1.334
1.334
1.334
1.334
1.344
1.32
1.346
1.322
1.318
1.35
1.304
1.302
1.3
1.288
1.288
1.236
1.25
1.27
1.314
1.302
1.304
1.244
1.292
1.326
1.294
1.294
1.37
1.366
1.34
1.4
1.418
1.408
1.406
1.434
1.448
1.42
1.4
1.412
1.422
1.456
1.454
1.568
1.454
1.548
1.548
1.56
1.524
1.548
1.558
1.472
1.51
1.51
1.71
1.782
1.7
1.71
1.722
1.68
1.676
1.676
1.616
1.58
1.598
1.576
1.592
1.582
1.57
1.56
1.598
1.56
1.578
1.596
1.556
1.412
1.4
1.444
1.436
1.458
1.518
1.516
1.552
1.744
1.634
1.59
1.526
1.538
1.532
1.6
1.524
1.524
1.43
1.466
1.466
1.478
1.45
1.43
1.42
1.416
1.43
1.44
1.38
1.394
1.38
1.392
1.386
1.38
1.384
1.39
1.452
1.408
1.438
1.41
1.402
1.408
1.436
1.396
1.41
1.382
1.402
1.396
1.414
1.408
1.396
1.388
1.396
1.4
1.426
1.428
1.4
1.392
1.416
1.4
1.368
1.384
1.38
1.388
1.38
1.388
1.394
1.384
1.376
1.398
1.398
1.398
1.38
1.38
1.378
1.38
1.38
1.382
1.376
1.37
1.388
1.388
1.372
1.382
1.44
1.43
1.404
1.406
1.408
1.468
1.42
1.402
1.404
1.41
1.4
1.38
1.376
1.374
1.406
1.4
1.4
1.376
1.362
1.388
1.39
1.362
1.382
1.39
1.394
1.408
1.372
1.372
1.376
1.392
1.428
1.43
1.436
1.428
1.428
1.428
1.442
1.428
1.384
1.4
1.43
1.392
1.386
1.396
1.382
1.38
1.392
1.392
1.38
1.394
1.38
1.378
1.376
1.372
1.368
1.364
1.396
1.364
1.388
1.388
1.36
1.356
1.37
1.36
1.356
1.376
1.376
1.376
1.39
1.37
1.37
1.365
1.365
1.36
1.35
1.35
1.35
1.35
1.35
1.325
1.335
1.335
1.335
1.325
1.31
1.315
1.34
1.335
1.34
1.34
1.315
1.31
1.38
1.295
1.305
1.3
1.3
1.3
1.295
1.295
1.285
1.28
1.26
1.27
1.24
1.25
1.255
1.26
1.26
1.26
1.255
1.24
1.22
1.23
1.21
1.22
1.21
1.26
1.205
1.275
1.255
1.245
1.245
1.245
1.25
1.28
1.23
1.235
1.275
1.235
1.25
1.22
1.22
1.235
1.245
1.215
1.225
1.235
1.245
1.24
1.24
1.265
1.275
1.26
1.26
1.22
1.25
1.235
1.42
1.445
1.4
1.4
1.365
1.365
1.375
1.37
1.35
1.345
1.35
1.29
1.29
1.33
1.3
1.3
1.26
1.275
1.255
1.255
1.255
1.25
1.23
1.23
1.23
1.23
1.21
1.21
1.23
1.23
1.23
1.205
1.235
1.215
1.235
1.245
1.235
1.235
1.26
1.23
1.25
1.245
1.245
1.24
1.245
1.22
1.22
1.18
1.22
1.22
1.22
1.215
1.215
1.25
1.215
1.255
1.225
1.215
1.21
1.22
1.23
1.205
1.255
1.21
1.21
1.225
1.225
1.21
1.225
1.25
1.26
1.25
1.23
1.255
1.225
1.25
1.245
1.24
1.26
1.24
1.26
1.265
1.24
1.24
1.235
1.255
1.245
1.21
1.22
1.22
1.2
1.21
1.21
1.18
1.205
1.185
1.19
1.2
1.21
1.195
1.18
1.195
1.18
1.175
1.18
1.155
1.155
1.145
1.1
1.125
1.125
1.125
1.14
1.12
1.12
1.13
1.105
1.07
1.12
1.105
1.105
1.105
1.07
1.11
1.165
1.155
1.165
1.155
1.165
1.17
1.11
1.135
1.14
1.155
1.14
1.16
1.15
1.125
1.12
1.125
1.125
1.12
1.125
1.115
1.09
1.11
1.115
1.08
1.08
1.08
1.125
1.125
1.095
1.115
1.115
1.1
1.065
1.085
1.06
1.055
1.075
1.07
1.065
1.065
1.065
1.08
1.08
1.08
1.07
1.07
1.095
1.115
1.115
1.11
1.11
1.11
1.125
1.12
1.11
1.1
1.13
1.205
1.18
1.155
1.185
1.165
1.14
1.125
1.125
1.085
1.07
1.075
1.075
1.085
1.085
1.085
1.08
1.08
1.085
1.085
1.08
1.095
1.09
1.135
1.095
1.105
1.1
1.1
1.1
1.085
1.1
1.075
1.09
1.11
1.11
1.125
1.125
1.125
1.125
1.1
1.1
1.095
1.095
1.09
1.09
1.085
1.095
1.06
1.06
1.07
1.06
1.07
1.07
1.06
1.06
1.13
1.1
1.085
1.08
1.07
1.09
1.09
1.1
1.11
1.11
1.09
1.1
1.095
1.115
1.095
1.1
1.075
1.075
1.08
1.08
1.065
1.07
1.09
1.07
1.055
1.075
1.095
1.09
1.055
1.11
1.09
1.1
1.1
1.12
1.085
1.07
1.07
1.075
1.075
1.065
1.05
1.085
1.095
1.055
1.07
1.08
1.08
1.08
1.08
1.07
1.07
1.08
1.085
1.06
1.08
1.07
1.07
1.085
1.09
1.085
1.08
1.09
1.05
1.065
1.08
1.08
1.085
1.07
1.07
1.085
1.085
1.1
1.105
1.37
1.22
1.235
1.425
1.4
1.295
1.34
1.285
1.375
1.295
1.305
1.23
1.23
1.235
1.235
1.245
1.245
1.205
1.245
1.245
1.245
1.24
1.255
1.235
1.225
1.21
1.225
1.24
1.24
1.23
1.235
1.215
1.2
1.195
1.23
1.23
1.255
1.255
1.255
1.215
1.25
1.235
1.245
1.245
1.215
1.21
1.215
1.25
1.24
1.225
1.235
1.2
1.21
1.225
1.245
1.23
1.245
1.22
1.195
1.21
1.245
1.22
1.215
1.2
1.23
1.22
1.23
1.215
1.225
1.24
1.225
1.22
1.215
1.19
1.195
1.225
1.22
1.2
1.22
1.22
1.23
1.2
1.225
1.195
1.22
1.235
1.235
1.19
1.19
1.215
1.185
1.2
1.17
1.175
1.2
1.235
1.24
1.235
1.23
1.23
1.23
1.23
1.23
1.21
1.21
1.21
1.23
1.215
1.215
1.215
1.215
1.245
1.21
1.2
1.24
1.235
1.215
1.235
1.235
1.215
1.225
1.21
1.235
1.24
1.25
1.255
1.255
1.265
1.26
1.3
1.215
1.26
1.24
1.21
1.235
1.23
1.225
1.23
1.23
1.235
1.23
1.23
1.23
1.23
1.235
1.205
1.245
1.23
1.29
1.34
1.28
1.265
1.27
1.275
1.26
1.245
1.235
1.245
1.245
1.245
1.24
1.235
1.235
1.23
1.235
1.235
1.23
1.205
1.22
1.22
1.2
1.22
1.215
1.195
1.21
1.21
1.205
1.195
1.19
1.18
1.12
1.07
1.115
1.115
1.11
1.11
1.15
1.145
1.19
1.195
1.175
1.14
1.145
1.16
1.185
1.14
1.14
1.09
0.99
0.97
0.98
1.03
1.035
1.06
1.025
1.005
1.005
0.895
0.92
0.84
0.845
0.845
0.885
0.89
0.875
0.85
0.845
0.845
0.84
0.845
0.84
0.835
0.78
0.775
0.785
0.765
0.765
0.765
0.75
0.75
0.75
0.755
0.75
0.75
0.795
0.745
0.77
0.79
0.83
0.835
0.875
0.795
0.8
0.8
0.83
0.855
0.84
0.865
0.855
0.855
0.86
0.865
0.87
0.885
0.87
0.875
0.875
0.88
0.93
0.885
0.915
0.905
0.88
0.855
0.83
0.88
0.89
0.85
0.89
0.915
0.94
0.9
0.9
0.91
0.915
0.92
0.93
0.925
0.91
0.915
0.93
0.9
0.93
0.945
0.925
0.975
0.975
0.99
0.99
0.975
0.99
0.955
0.955
0.94
0.935
0.965
0.995
0.995
0.995
0.99
0.99
0.97
0.97
0.93
0.95
0.96
0.96
1.0
0.98
0.965
0.95
0.95
0.94
0.965
0.98
1.09
1.06
1.04
1.0
1.035
1.11
1.19
1.135
1.15
1.17
1.085
1.115
1.1
1.08
1.115
1.115
1.1
1.095
1.03
1.065
1.06
1.08
1.03
1.055
1.04
1.02
1.005
0.995
0.95
0.995
1.01
0.99
0.97
0.975
0.975
0.985
0.995
1.0
1.005
1.095
1.115
1.085
1.105
1.125
1.05
1.055
1.015
1.015
1.025
1.035
1.035
1.035
1.08
1.04
1.02
1.015
1.035
1.035
1.035
1.025
1.01
1.035
1.02
1.02
1.02
1.02
1.025
1.035
1.055
1.07
1.07
1.055
1.055
1.055
1.045
1.05
1.045
1.025
1.015
1.015
1.01
1.015
1.015
1.005
1.015
1.02
1.06
1.015
1.045
1.03
1.015
1.01
1.015
1.03
1.01
1.03
1.015
1.015
1.025
1.025
1.015
1.095
1.035
1.025
1.02
1.04
1.045
1.025
1.06
1.03
1.025
1.025
1.025
1.075
1.025
1.04
1.045
1.025
1.03
1.02
1.03
1.035
1.135
1.105
1.11
1.05
1.06
1.06
1.065
1.07
1.07
1.075
1.06
1.08
1.075
1.06
1.045
1.07
1.06
1.055
1.05
1.065
1.045
1.06
1.06
1.06
1.06
1.05
1.05
1.05
1.055
1.07
1.045
1.05
1.055
1.055
1.065
1.065
1.08
1.075
1.075
1.06
1.07
1.07
1.08
1.08
1.08
1.08
1.08
1.06
1.06
1.08
1.08
1.06
1.055
1.075
1.08
1.075
1.11
1.09
1.11
1.16
1.11
1.185
1.155
1.145
1.14
1.14
1.13
1.11
1.1
1.09
1.09
1.13
1.11
1.095
1.135
1.12
1.1
1.09
1.09
1.1
1.135
1.09
1.075
1.12
1.07
1.09
1.09
1.075
1.095
1.08
1.16
1.1
1.155
1.145
1.14
1.14
1.13
1.11
1.125
1.1
1.1
1.195
1.195
1.17
1.165
1.17
1.17
1.145
1.115
1.11
1.1
1.125
1.13
1.15
1.12
1.11
1.14
1.14
1.105
1.11
1.195
1.165
1.185
1.185
1.135
1.14
1.145
1.14
1.135
1.115
1.14
1.14
1.12
1.12
1.14
1.145
1.145
1.145
1.135
1.1
1.115
1.115
1.11
1.11
1.105
1.11
1.095
1.115
1.1
1.105
1.115
1.095
1.09
1.11
1.1
1.085
1.1
1.095
1.09
1.08
1.08
1.1
1.105
1.11
1.09
1.11
1.105
1.09
1.11
1.11
1.105
1.405
1.27
1.245
1.24
1.18
1.145
1.19
1.17
1.125
1.205
1.16
1.23
1.215
1.2
1.165
1.13
1.135
1.105
1.14
1.145
1.13
1.145
1.15
1.15
1.165
1.13
1.125
1.13
1.13
1.12
1.125
1.125
1.125
1.105
1.095
1.11
1.105
1.12
1.12
1.12
1.12
1.1
1.11
1.13
1.125
1.13
1.105
1.11
1.12
1.105
1.1
1.09
1.1
1.08
1.09
1.11
1.11
1.115
1.12
1.14
1.14
1.11
1.14
1.145
1.135
1.12
1.155
1.14
1.135
1.14
1.125
1.145
1.155
1.145
1.12
1.135
1.13
1.145
1.145
1.13
1.12
1.145
1.14
1.135
1.155
1.14
1.14
1.14
1.135
1.13
1.135
1.12
1.135
1.135
1.115
1.12
1.12
1.11
1.12
1.26
1.275
1.22
1.245
1.235
1.23
1.24
1.225
1.22
1.19
1.17
1.155
1.185
1.185
1.155
1.16
1.155
1.165
1.155
1.17
1.165
1.185
1.205
1.175
1.175
1.18
1.22
1.21
1.18
1.49
1.32
1.335
1.53
1.455
1.42
1.575
1.65
1.68
1.74
1.57
1.685
1.5
1.615
1.74
1.7
1.6
1.585
1.775
1.76
1.965
1.87
1.835
1.835
2.13
2.175
2.215
2.28
2.525
2.405
2.42
2.305
2.275
2.24
2.095
2.085
1.95
2.26
2.48
2.67
2.655
2.61
2.585
2.63
2.68
2.555
2.555
3.165
3.195
3.065
2.875
2.9
2.805
2.715
2.64
2.495
2.55
2.75
2.63
2.695
2.595
2.56
2.55
2.475
2.625
2.65
2.65
2.67
2.565
2.64
2.63
2.595
2.555
2.595
2.65
2.395
2.44
2.42
2.44
2.405
2.43
2.43
2.41
2.5
2.35
2.36
2.355
2.32
2.345
2.36
2.35
2.35
2.36
2.32
2.32
2.31
2.315
2.32
2.345
2.29
2.27
2.17
2.175
2.19
2.12
2.275
2.3
2.16
2.2
2.205
2.195
2.16
2.16
2.16
2.17
2.2
2.2
2.07
2.11
2.105
2.1
2.11
2.105
2.055
2.06
2.065
2.065
2.06
2.045
2.045
2.02
2.02
2.055
2.195
2.165
2.14
2.15
2.205
2.22
2.25
2.25
2.19
2.145
2.135
2.295
2.2
2.185
2.165
2.15
2.155
2.1
2.1
2.1
2.125
2.115
2.105
2.125
2.1
2.13
2.105
2.11
2.1
2.105
2.105
2.1
2.07
2.15
2.08
2.155
2.11
2.15
2.07
2.135
2.1
2.03
2.015
2.045
2.045
2.045
1.95
1.995
2.05
2.04
2.045
2.05
2.05
2.07
2.04
2.04
2.005
1.955
1.995
1.98
1.97
1.915
1.925
1.935
1.9
1.865
2.02
1.945
1.95
1.95
1.985
1.95
2.25
2.265
2.295
2.64
2.55
2.54
2.425
2.35
2.055
1.98
1.94
1.96
1.955
1.915
1.865
1.895
1.935
1.825
1.89
2.085
2.075
1.995
1.985
2.045
2.185
2.21
2.125
2.14
2.195
2.17
2.14
2.145
2.145
2.155
2.19
2.22
2.235
2.225
2.2
2.155
2.17
2.155
2.11
2.11
2.11
2.11
2.105
2.185
2.11
2.125
2.13
2.135
2.135
2.125
2.13
2.115
2.17
2.13
2.135
2.105
2.105
2.1
2.1
2.125
2.13
2.06
2.06
2.065
2.085
2.075
2.065
2.065
2.06
2.06
2.025
2.04
2.02
2.02
2.075
2.105
2.09
2.1
2.105
2.12
2.13
2.08
2.075
2.08
2.09
2.07
2.055
2.035
2.03
2.075
2.01
2.05
2.05
2.03
2.045
2.05
2.035
2.015
2.035
2.01
2.055
2.03
2.0
2.035
2.05
2.01
2.005
2.02
2.005
2.0
2.01
1.99
2.0
2.04
2.02
2.02
1.99
1.97
1.97
2.015
2.0
1.96
1.965
1.985
1.985
1.97
1.97
1.975
1.97
1.96
1.92
1.92
1.92
1.93
1.925
1.92
1.9
1.9
1.88
1.88
1.88
1.88
1.88
1.885
1.91
1.905
1.895
1.885
1.89
1.89
1.885
1.9
1.94
1.955
1.875
1.89
1.89
1.89
1.9
1.905
1.915
1.895
1.905
1.91
1.935
1.93
1.895
1.89
1.89
1.875
1.875
1.89
1.88
1.885
1.88
1.88
1.81
1.845
1.86
1.855
1.86
1.89
1.875
1.835
1.835
1.855
1.855
1.825
1.825
1.91
1.855
1.88
1.88
1.88
1.88
1.85
1.88
1.88
1.88
1.815
1.81
1.85
1.825
1.825
1.825
1.815
1.815
1.79
1.79
1.815
1.845
1.825
1.8
1.805
1.805
1.795
1.785
1.79
1.825
1.815
1.8
1.8
1.8
1.835
1.78
1.78
1.78
1.78
1.77
1.765
1.75
1.745
1.7
1.725
1.69
1.695
1.71
1.71
1.69
1.67
1.685
1.685
1.685
1.7
1.645
1.67
1.67
1.685
1.675
1.67
1.69
1.675
1.655
1.685
1.695
1.615
1.625
1.64
1.62
1.61
1.62
1.615
1.6
1.61
1.61
1.635
1.655
1.64
1.655
1.655
1.63
1.6
1.62
1.6
1.635
1.65
1.65
1.59
1.73
1.69
1.66
1.715
1.72
1.72
1.72
1.795
1.75
1.675
1.79
1.795
1.815
1.795
1.795
1.83
1.83
1.76
1.835
1.915
1.91
1.89
1.85
1.86
1.885
1.89
1.905
1.885
1.885
1.875
1.87
1.865
1.87
1.93
1.88
1.87
1.845
1.91
1.85
1.85
1.835
1.835
1.805
1.805
1.8
1.79
1.8
1.8
1.83
1.87
1.875
1.825
1.84
1.835
1.815
1.84
1.895
1.85
1.85
1.85
1.85
1.87
1.845
1.88
1.85
1.88
1.86
1.85
1.865
1.86
1.855
1.855
1.85
1.85
1.795
1.825
1.8
1.8
1.8
1.8
1.84
1.81
1.845
1.82
1.855
1.85
1.85
1.84
1.84
1.805
1.81
1.79
1.845
1.805
1.79
1.795
1.83
1.83
1.8
1.77
1.78
1.835
1.81
1.76
1.79
1.81
1.785
1.76
1.765
1.8
1.83
1.82
1.82
1.805
1.82
1.8
1.8
1.8
1.82
1.795
1.79
1.77
1.76
1.8
1.77
1.83
1.785
1.785
1.81
1.81
1.81
1.805
1.77
1.785
1.785
1.785
1.8
1.8
1.8
1.775
1.755
1.76
1.795
1.78
1.77
1.765
1.76
1.72
1.765
1.715
1.755
1.71
1.705
1.7
1.7
1.705
1.705
1.695
1.7
1.695
1.675
1.685
1.69
1.705
1.72
1.745
1.765
1.715
1.715
1.715
1.76
1.765
1.78
1.715
1.715
1.725
1.775
1.745
1.75
1.76
1.765
1.765
1.765
1.795
1.8
1.765
1.79
1.78
1.75
1.745
1.785
1.75
1.785
1.74
1.735
1.845
1.82
1.8
1.755
1.725
1.795
1.795
1.795
1.74
1.79
1.8
1.815
1.81
1.815
1.765
1.775
1.78
1.81
1.805
1.815
1.815
1.78
1.805
1.805
1.8
1.8
1.8
1.8
1.79
1.785
1.785
1.79
1.785
1.825
1.785
1.76
1.76
1.765
1.765
1.775
1.77
1.82
1.79
1.79
1.75
1.825
1.765
1.765
1.76
1.76
1.755
1.765
1.765
1.935
1.94
1.915
1.88
1.875
1.85
1.855
1.85
1.875
1.89
1.82
1.835
1.835
1.835
1.83
1.83
1.83
1.82
1.785
1.805
1.805
1.795
1.815
1.78
1.78
1.79
1.85
1.82
1.815
1.81
1.805
1.83
1.8
1.79
1.79
1.825
1.795
1.85
1.8
1.795
1.8
1.825
1.765
1.775
1.8
1.815
1.86
1.835
1.84
2.125
2.135
2.1
2.125
2.05
2.025
1.99
1.96
1.9
2.005
2.055
1.95
1.99
1.955
1.95
2.01
1.95
1.95
1.975
1.925
1.895
1.92
1.9
1.865
1.88
1.925
1.86
1.945
2.065
2.08
2.035
2.05
2.01
1.985
2.04
2.04
1.98
1.98
1.955
1.985
1.96
2.015
1.98
1.98
1.95
1.995
1.98
1.96
1.95
1.955
1.955
1.95
1.93
1.94
1.93
1.93
1.945
1.945
1.94
2.255
2.4
2.38
2.22
2.12
2.165
2.195
2.22
2.275
2.3
2.27
2.195
2.18
2.265
2.245
2.275
2.265
2.2
2.27
2.2
2.34
2.325
2.315
2.305
2.33
2.39
2.38
2.38
2.38
2.245
2.25
2.245
2.265
2.245
2.235
2.25
2.2
2.24
2.25
2.235
2.22
2.235
2.22
2.22
2.215
2.23
2.2
2.215
2.22
2.19
2.175
2.21
2.18
2.13
2.16
2.185
2.215
2.19
2.19
2.17
2.16
2.205
2.205
2.175
2.155
2.185
2.185
2.15
2.16
2.16
2.1
2.1
2.08
2.16
2.14
2.195
2.2
2.1
2.195
2.115
2.13
2.155
2.125
2.15
2.115
2.21
2.25
2.28
2.15
2.12
2.135
2.14
2.15
2.175
2.2
2.195
2.165
2.165
2.21
2.18
2.15
2.145
2.145
2.18
2.18
2.16
2.195
2.155
2.155
2.225
2.155
2.225
2.145
2.155
2.215
2.295
2.245
2.26
2.29
2.29
2.23
2.19
2.13
2.205
2.22
2.22
2.165
2.21
2.21
2.29
2.275
2.215
2.205
2.205
2.235
2.21
2.225
2.185
2.165
2.14
2.135
2.225
2.185
2.135
2.15
2.15
2.165
2.17
2.21
2.15
2.15
2.16
2.21
2.105
2.15
2.025
2.1
2.135
2.135
2.15
2.225
2.255
2.16
2.15
2.15
2.24
2.185
2.19
2.22
2.215
2.155
2.155
2.17
2.2
2.145
2.19
2.15
2.135
2.135
2.14
2.13
2.155
2.14
2.165
2.165
2.125
2.12
2.12
2.12
2.12
2.1
2.12
2.125
2.08
2.095
2.14
2.095
2.09
2.095
2.13
2.105
2.135
2.135
2.075
2.09
2.065
2.085
2.1
2.13
2.12
2.075
2.055
2.08
2.125
2.08
2.065
2.1
2.095
2.065
2.095
2.1
2.055
2.05
2.045
2.045
2.03
2.03
2.025
2.025
2.025
2.035
2.005
2.025
2.01
2.02
2.01
2.01
2.015
2.015
2.015
2.04
2.02
2.025
2.025
2.025
2.015
2.025
2.025
2.05
2.15
2.055
2.03
2.035
2.07
2.1
2.085
2.04
2.075
2.07
2.06
2.08
2.05
2.08
2.08
2.055
2.055
2.085
2.09
2.06
2.11
2.12
2.075
2.105
2.06
2.065
2.08
2.08
2.1
2.135
2.075
2.07
2.07
2.07
2.08
2.055
2.06
2.055
2.055
2.095
2.095
2.065
2.08
2.08
2.06
2.095
2.115
2.1
2.075
2.07
2.07
2.065
2.065
2.08
2.035
2.055
2.08
2.05
2.1
2.085
2.075
2.07
2.12
2.08
2.07
2.095
2.08
2.085
2.085
2.045
2.05
2.035
2.065
2.065
2.06
2.05
2.045
2.045
2.055
2.04
2.005
2.01
2.045
2.02
2.055
1.98
1.99
1.975
1.98
1.96
1.96
1.97
1.98
1.98
2.025
2.05
2.05
2.045
1.995
1.945
2.015
1.995
1.995
1.975
1.97
1.97
1.965
1.96
1.955
1.945
1.98
1.955
1.94
1.95
1.925
2.07
1.955
1.965
1.985
1.96
1.935
1.965
2.0
1.945
1.995
1.945
1.95
1.95
1.96
2.02
2.04
1.95
1.955
1.925
1.925
2.0
2.01
1.99
1.955
1.96
1.955
2.0
2.0
2.0
1.995
1.88
1.915
1.955
1.92
1.945
1.915
1.92
1.895
1.895
1.895
1.895
1.895
1.895
1.905
1.96
1.9
1.96
1.93
1.935
1.9
1.865
1.94
1.95
1.935
1.88
1.88
1.89
1.89
1.895
1.9
1.9
1.895
1.9
1.9
1.93
1.93
1.95
1.885
1.905
1.91
1.915
1.925
2.04
2.01
1.99
1.995
1.97
1.95
1.95
1.99
1.98
1.99
1.95
1.99
1.95
1.945
1.9
1.915
1.94
1.945
1.99
1.99
1.94
1.94
1.965
1.995
2.005
1.93
1.93
1.945
1.93
1.97
1.975
1.965
1.97
1.94
1.93
1.96
1.925
1.925
1.95
1.935
1.95
2.015
1.985
1.94
1.94
1.94
1.955
1.935
1.945
1.925
1.925
1.92
1.925
2.0
1.955
1.95
1.93
1.935
1.93
1.92
1.96
1.895
1.905
1.905
1.92
1.92
1.92
1.9
1.925
1.915
1.89
1.895
1.91
1.91
1.91
1.92
1.905
1.935
1.935
1.865
1.89
1.86
1.9
1.88
1.91
1.905
1.905
1.9
1.91
1.945
1.865
1.9
1.895
1.885
1.885
1.95
1.925
1.94
1.9
1.96
1.9
1.96
1.955
1.9
1.9
1.945
1.905
1.985
1.88
1.89
1.915
1.915
1.905
1.895
1.89
1.905
1.9
1.87
1.92
1.84
1.84
1.84
1.88
1.87
1.865
1.88
1.9
1.845
1.9
1.9
1.875
1.865
1.87
1.87
1.865
1.895
1.895
1.88
1.835
1.845
1.89
1.86
1.89
1.855
1.88
1.88
1.835
1.84
1.865
1.815
1.85
1.855
1.855
1.885
1.885
1.9
1.96
2.0
1.975
1.985
1.92
1.935
1.93
1.915
1.925
1.88
1.9
1.9
1.91
1.86
1.865
1.865
1.865
1.885
1.86
1.905
1.855
1.845
1.845
1.86
1.85
1.845
1.86
1.865
1.845
1.865
1.88
1.88
1.85
1.85
1.895
1.855
1.85
1.85
1.85
1.875
1.855
1.85
1.855
1.845
1.865
1.865
1.86
1.88
1.88
1.885
1.885
1.87
1.845
1.87
1.87
1.87
1.855
1.855
1.865
1.855
1.91
1.85
1.89
1.895
1.855
1.88
1.855
1.865
1.87
1.985
2.25
1.91
1.8
1.81
1.83
1.825
1.82
1.84
1.82
1.825
1.79
1.815
1.785
1.79
1.83
1.83
1.825
1.795
1.8
1.82
1.815
1.8
1.825
1.825
1.825
1.825
1.825
1.8
1.8
1.815
1.795
1.805
1.805
1.805
1.81
1.83
1.82
1.82
1.82
1.815
1.82
1.85
1.86
1.85
1.845
1.845
1.815
1.815
1.8
1.82
1.8
1.8
1.8
1.815
1.82
1.82
1.8
1.8
1.8
1.8
1.805
1.795
1.925
1.79
1.805
1.8
1.8
1.835
1.805
1.825
1.835
1.805
1.825
1.845
1.855
1.805
1.87
1.805
1.825
1.825
1.805
1.835
1.85
1.825
1.815
1.825
1.82
1.815
1.87
1.86
1.86
1.845
1.815
1.815
1.83
1.83
1.83
1.82
1.815
1.825
1.83
1.845
1.84
1.98
1.895
1.85
1.85
1.845
1.895
1.825
1.855
2.025
1.89
1.865
1.915
1.855
1.875
1.865
1.87
1.88
1.855
1.845
1.85
1.865
1.855
1.845
1.86
1.865
1.875
1.86
1.845
1.86
1.865
1.865
2.005
2.0
2.035
2.08
2.105
2.1
2.095
2.05
2.06
2.04
1.9
1.975
1.97
1.96
1.995
2.0
1.995
1.95
1.955
1.93
1.925
1.955
1.95
1.945
1.915
1.94
1.905
1.905
1.925
1.915
1.92
1.89
1.915
1.895
1.91
1.91
1.915
1.92
1.9
1.9
2.06
1.99
1.945
1.915
1.94
2.045
1.96
1.9
1.9
1.9
1.9
1.92
1.9
1.92
1.92
1.915
1.91
1.91
1.895
1.91
1.91
1.92
1.955
1.945
1.9
2.02
2.06
2.05
2.1
2.06
2.09
2.02
2.155
2.05
2.045
2.105
2.17
2.17
2.15
2.155
2.19
2.19
2.15
2.1
2.13
2.045
2.05
2.045
2.07
2.07
2.07
2.045
2.095
2.045
2.035
2.085
2.045
2.205
2.655
2.385
2.3
2.47
2.51
2.475
2.86
2.86
3.145
3.03
2.895
2.575
2.62
2.58
2.625
2.67
2.63
2.685
2.545
2.42
2.405
2.415
2.4
2.4
2.395
2.375
2.42
2.365
2.5
2.56
2.545
2.55
2.545
2.915
3.2
2.96
2.82
2.905
2.615
2.7
2.7
2.75
2.73
2.705
2.735
2.725
2.7
2.7
2.7
2.7
2.71
2.71
2.645
2.52
2.665
2.64
2.59
2.6
2.685
2.65
2.645
2.645
2.58
2.56
2.525
2.54
2.47
2.465
2.515
2.48
2.515
2.545
2.5
2.505
2.78
2.6
2.58
2.665
2.6
2.61
2.7
2.635
2.64
3.045
2.735
2.665
2.695
2.74
2.715
2.725
2.805
2.84
2.875
2.85
2.83
2.835
2.82
2.815
2.83
2.8
2.83
2.75
2.61
2.625
2.705
2.62
2.655
2.7
2.65
2.77
2.77
2.72
2.765
2.705
2.705
2.65
2.685
2.655
2.64
2.645
2.735
2.68
2.655
2.705
2.65
2.675
2.68
2.73
2.705
2.72
2.8
2.75
2.715
2.75
2.715
2.735
2.685
2.695
2.7
2.7
2.7
2.73
2.735
2.705
2.725
2.66
2.715
2.715
2.665
2.66
2.695
2.7
2.65
2.655
2.645
2.65
2.64
2.9
2.61
2.645
2.575
2.64
2.645
2.62
2.62
2.62
2.605
2.605
2.635
2.655
2.605
2.645
2.585
2.585
2.57
2.555
2.56
2.565
2.515
2.49
2.49
2.485
2.48
2.46
2.475
2.465
2.38
2.38
2.375
2.4
2.405
2.425
2.425
2.435
2.4
2.445
2.4
2.395
2.385
2.35
2.33
2.33
2.33
2.335
2.335
2.35
2.305
2.325
2.345
2.28
2.255
2.295
2.265
2.28
2.265
2.265
2.25
2.19
2.2
2.165
2.19
2.165
2.105
2.11
2.225
2.2
2.16
2.115
2.1
2.1
2.12
2.12
2.125
2.075
2.035
2.055
2.06
2.055
2.065
2.08
2.08
2.085
2.08
2.035
2.01
2.015
2.015
2.005
2.0
2.0
2.085
2.09
2.09
2.13
2.14
2.305
2.29
2.63
2.6
2.6
2.45
2.315
2.34
2.38
2.36
2.315
2.415
2.29
2.43
2.445
2.34
2.395
2.415
2.3
2.32
2.295
2.235
2.22
2.32
2.7
2.68
2.7
2.685
2.73
2.61
2.545
2.4
2.5
2.64
2.62
2.53
2.44
2.55
2.65
2.42
2.555
2.45
2.43
2.405
2.58
2.62
2.57
2.445
2.45
2.47
2.45
2.43
2.475
2.465
2.45
2.375
2.39
2.4
2.405
2.325
2.25
2.405
2.345
2.2
2.2
2.26
2.26
2.26
2.25
2.315
2.275
2.305
2.31
2.255
2.265
2.22
2.195
2.235
2.235
2.25
2.29
2.205
2.215
2.195
2.2
2.25
2.285
2.185
2.215
2.215
2.24
2.21
2.125
2.12
2.19
2.175
2.35
2.18
2.235
2.155
2.15
2.145
2.17
2.11
2.135
2.115
2.1
2.03
2.05
2.045
2.045
2.025
2.04
2.085
2.045
2.065
2.045
2.1
2.065
2.095
2.09
2.21
2.19
2.225
2.18
2.16
2.15
2.19
2.19
2.16
2.125
2.14
2.14
2.145
2.1
2.065
2.05
2.03
2.085
2.085
2.065
2.095
2.045
2.05
2.05
2.05
2.085
2.035
2.025
2.065
2.085
2.07
2.13
2.155
2.195
2.28
2.205
2.175
2.175
2.12
2.135
2.22
2.155
2.16
2.16
2.155
2.19
2.155
2.205
2.27
2.2
2.33
2.225
2.265
2.235
2.19
2.22
2.2
2.255
2.2
2.215
2.185
2.21
2.185
2.18
2.195
2.205
2.21
2.19
2.185
2.24
2.215
2.2
2.205
2.165
2.21
2.205
2.205
2.195
2.21
2.18
2.225
2.235
2.225
2.175
2.2
2.16
2.155
2.195
2.2
2.15
2.175
2.12
2.17
2.195
2.145
2.195
2.165
2.17
2.155
2.16
2.165
2.195
2.19
2.145
2.15
2.16
2.145
2.17
2.15
2.15
2.14
2.135
2.125
2.125
2.085
2.05
2.015
2.05
2.01
2.035
2.035
1.995
1.99
1.95
1.965
1.895
1.985
1.99
1.985
1.925
1.985
1.915
1.92
1.94
1.95
1.91
1.95
1.96
1.9
1.865
1.88
1.925
1.96
1.97
1.95
1.95
1.95
1.9
1.8
1.815
1.845
1.82
1.835
1.885
1.875
1.88
1.835
1.83
1.88
2.15
2.125
1.99
2.01
2.085
2.0
2.0
2.0
1.925
1.955
2.12
2.2
2.22
2.28
2.105
2.04
2.015
2.07
2.1
2.11
2.16
2.165
2.12
2.11
2.1
2.15
2.025
2.075
2.145
2.14
2.075
2.105
2.12
2.065
2.105
2.11
2.055
2.045
2.05
2.02
2.065
2.04
2.055
2.09
2.095
2.05
2.04
2.04
2.065
2.08
2.04
2.075
2.11
2.11
2.06
2.055
2.05
2.04
2.1
2.055
2.055
2.09
2.055
2.085
2.1
2.1
2.055
2.05
2.1
2.095
2.125
2.075
2.135
2.13
2.09
2.14
2.08
2.13
2.065
2.06
2.1
2.12
2.16
2.105
2.1
2.1
2.06
2.07
2.085
2.04
2.045
2.045
2.06
2.05
2.095
2.04
2.085
2.02
2.05
2.05
2.02
2.04
2.03
2.04
2.09
2.09
2.085
2.075
2.05
2.035
2.03
1.985
1.935
1.985
1.94
1.905
1.91
1.93
1.85
1.805
1.92
1.9
1.94
1.17
1.185
1.76
1.295
1.185
1.29
1.495
1.22
1.45
1.41
1.39
1.47
1.405
1.465
1.61
1.495
1.49
1.335
1.74
1.615
1.675
1.63
1.63
1.63
1.63
1.635
1.635
1.635
1.755
1.725
1.655
1.695
1.66
1.76
1.76
1.75
1.71
1.72
1.805
1.81
1.81
1.82
1.825
1.86
1.9
1.895
1.89
1.95
1.935
1.9
1.87
1.87
1.865
1.86
1.835
1.835
1.865
1.85
1.76
1.77
1.765
1.82
1.82
1.77
1.77
1.845
1.845
1.85
1.85
1.85
1.805
1.89
1.805
1.79
1.87
1.875
1.885
1.845
1.81
1.86
1.765
1.8
1.74
1.795
1.805
1.85
1.85
1.9
1.9
1.895
1.91
1.855
1.84
1.8
1.855
1.855
1.865
2.015
2.05
1.95
1.995
1.95
1.96
2.055
2.0
1.96
1.955
1.955
1.955
1.91
1.95
1.945
1.905
1.88
1.995
1.935
1.92
1.945
2.015
1.95
1.95
2.1
2.0
2.005
1.96
1.98
2.05
2.035
2.055
1.985
1.915
2.0
1.92
1.91
1.95
1.935
1.93
1.985
1.97
1.91
1.95
1.93
2.0
1.98
1.94
1.95
1.95
2.0
1.995
1.995
1.945
1.945
1.985
1.975
1.925
1.935
1.925
1.93
1.905
1.925
1.875
1.9
1.85
1.84
1.835
1.855
1.84
1.845
1.845
1.85
1.835
1.835
1.825
1.825
1.835
1.85
1.835
1.835
1.835
1.88
1.87
1.87
1.865
1.89
1.9
1.9
1.945
1.995
2.0
2.055
2.035
1.985
1.97
2.04
1.875
1.885
1.84
1.855
1.845
1.835
1.805
1.805
1.79
1.83
1.8
1.79
1.805
1.79
1.78
1.77
1.795
1.815
1.81
1.815
1.815
1.83
1.78
1.78
1.82
1.795
1.79
1.8
1.79
1.78
1.8
1.84
1.79
1.82
1.79
1.775
1.785
1.77
1.76
1.77
1.785
1.82
1.76
1.805
1.775
1.795
1.775
1.83
1.765
1.825
1.795
1.845
1.85
1.905
1.79
1.765
1.765
1.765
1.84
1.8
1.81
1.8
1.82
1.805
1.82
1.805
1.795
1.83
1.825
1.8
1.8
1.825
1.81
1.84
1.835
1.835
1.835
1.825
1.805
1.825
1.83
1.85
1.815
1.87
1.9
1.87
1.9
1.855
1.82
1.815
1.82
1.8
1.8
1.8
1.8
1.8
1.8
1.855
1.79
1.825
1.835
1.825
1.8
1.83
1.7
