close
800
800
800
800
800
800
805
810
810
815
820
820
820
820
820
820
820
825
820
830
752
835
830
830
850
850
850
832
832
725
700
700
700
700
700
700
700
700
700
700
650
700
750
880
700
750
650
650
750
675
503
650
700
975
760
605
676
750
800
849
847
680
875
680
905
750
750
750
930
750
750
750
750
725
700
700
700
700
700
700
714
785
862
900
710
790
700
785
750
675
699
699
719
720
675
675
676
728
700
728
900
850
780
749
750
750
716
700
700
700
700
699
690
680
698
700
700
700
675
670
660
655
709
700
700
700
650
700
650
650
677
650
672
680
650
705
899
678
691
702
700
700
699
697
730
690
650
650
650
698
645
658
650
650
652
652
646
646
650
642
645
645
640
630
664
640
660
650
650
690
649
715
650
678
698
650
650
650
650
659
620
600
590
649
586
586
590
587
665
610
630
620
628
630
650
699
709
696
700
649
650
635
696
693
644
638
674
656
640
655
705
724
698
685
665
678
665
651
646
650
650
650
650
698
678
667
702
735
700
725
730
700
766
700
705
710
705
708
700
702
680
700
702
677
699
708
699
678
675
698
695
699
680
699
678
698
675
675
687
693
698
700
670
671
698
715
670
697
710
725
727
670
665
665
652
665
677
713
673
723
687
708
683
655
679
657
667
659
659
659
650
650
650
650
661
661
650
658
661
661
660
647
647
646
671
672
650
676
676
653
625
647
617
617
624
612
623
608
622
607
617
605
603
613
625
610
600
612
600
600
612
615
615
615
623
622
623
607
618
627
615
628
611
619
605
619
620
613
627
625
610
627
622
637
620
640
615
615
619
628
611
623
627
613
601
610
610
605
612
612
617
622
605
622
622
606
605
625
625
625
605
605
620
620
625
650
650
650
670
650
700
690
710
710
716
764
669
655
662
732
665
623
660
623
638
630
623
638
673
639
632
630
720
634
633
635
635
635
654
637
628
699
600
648
650
664
603
600
614
750
652
610
669
700
699
615
626
600
610
519
502
595
560
525
547
564
550
550
594
625
533
590
600
600
570
560
625
544
624
548
600
626
600
540
599
510
530
520
510
505
510
501
524
501
501
501
520
501
502
485
500
500
503
523
503
515
523
524
510
500
528
528
535
491
533
485
462
475
474
490
490
498
502
528
522
500
480
485
480
520
530
548
545
495
511
510
503
520
547
496
532
530
520
541
538
499
496
504
504
526
495
495
500
500
506
485
470
498
482
471
499
480
500
505
490
488
505
500
500
490
506
515
506
504
505
480
506
474
488
505
530
500
490
470
500
490
485
430
450
440
460
450
460
465
445
485
470
500
510
530
490
500
530
540
470
490
475
490
475
490
470
470
450
455
480
470
450
450
445
480
455
440
480
450
480
480
455
445
450
435
445
440
430
425
425
415
440
420
415
410
430
430
410
430
405
410
405
405
425
400
430
420
410
430
405
410
415
405
410
420
405
405
400
400
410
395
395
395
405
425
405
415
405
400
400
410
400
405
420
405
405
400
400
405
420
410
400
405
400
400
430
420
410
405
410
400
415
430
420
405
410
420
410
425
410
420
425
425
425
410
425
405
415
400
400
420
430
430
420
420
440
430
425
435
440
420
440
445
460
450
450
425
420
425
425
435
430
415
415
420
420
425
430
430
430
415
425
410
435
425
415
425
425
415
415
415
415
415
420
419
415
412
415
407
410
405
405
405
415
415
413
415
417
420
490
587
587
587
587
587
587
587
646
650
620
528
567
557
549
529
548
549
578
600
645
590
543
540
540
539
546
506
510
524
524
512
520
508
540
510
506
503
503
520
500
520
497
506
491
520
520
560
662
708
708
738
990
990
990
990
990
990
990
1089
1385
1200
969
1117
1150
1052
1050
963
928
912
856
1029
1229
1117
1167
1079
1298
1278
1164
1168
1209
1174
1140
1126
1133
1066
1060
1000
1030
1093
1005
1016
1005
1050
1019
1015
999
981
985
990
907
919
915
892
901
944
919
888
882
891
886
958
898
898
882
904
850
845
850
824
826
820
821
820
815
817
802
800
793
839
820
876
848
1010
1000
974
894
905
878
889
872
852
841
840
855
830
825
820
820
816
830
825
830
811
807
800
818
801
831
808
810
836
836
836
811
813
810
836
829
830
842
811
836
830
810
809
810
815
820
823
825
803
805
820
820
827
810
805
804
792
791
816
800
785
794
794
804
761
770
784
770
782
781
778
769
785
799
784
797
775
769
750
750
758
755
754
754
736
720
719
726
732
733
749
757
742
747
754
738
738
741
738
739
728
733
740
753
746
725
728
729
723
950
840
877
860
853
950
920
927
937
882
899
901
910
935
901
900
910
918
948
919
894
871
867
900
870
859
843
872
859
845
820
862
848
838
857
779
770
758
740
740
743
750
769
743
736
732
726
710
711
714
719
705
705
707
737
720
721
732
731
751
750
737
726
712
736
750
747
746
734
728
745
756
768
766
740
736
729
751
750
755
760
768
749
746
734
740
753
732
732
738
741
740
736
747
735
731
736
743
729
728
742
743
725
737
738
738
746
745
754
755
744
753
749
754
739
735
724
730
740
732
733
733
728
725
737
753
737
731
713
753
739
725
724
753
729
721
744
721
739
681
703
685
690
713
694
693
692
690
690
681
706
696
698
711
700
699
708
700
694
697
685
708
706
685
707
693
681
615
619
619
620
624
646
604
611
624
650
628
628
635
635
607
633
611
614
623
623
644
624
628
629
625
625
629
632
612
629
606
628
590
613
617
618
599
610
620
628
641
634
615
616
616
626
614
614
613
621
609
622
623
635
617
634
641
633
630
617
627
631
607
607
624
612
633
610
607
614
614
635
610
632
747
735
736
747
749
717
706
735
703
732
715
734
720
712
719
703
685
684
687
686
665
670
664
681
677
676
664
653
672
662
650
643
644
644
648
647
647
644
640
640
651
643
645
623
632
621
637
635
634
635
623
633
637
645
630
629
620
647
626
627
615
620
609
609
611
615
615
605
614
605
614
616
616
618
620
610
617
605
617
620
628
609
618
618
618
628
637
640
625
624
620
620
620
624
614
610
625
619
608
614
610
610
616
615
638
611
627
615
615
626
609
614
619
631
635
640
638
642
645
639
637
626
625
623
623
616
616
634
630
668
645
642
656
653
655
656
661
654
661
660
659
660
661
660
659
664
660
661
659
663
663
660
660
675
669
664
650
645
645
648
680
650
654
664
658
652
653
663
657
649
654
657
649
657
659
659
658
657
659
670
663
657
655
656
665
664
666
670
656
654
655
656
662
654
662
661
662
655
654
654
654
655
653
676
671
672
681
680
674
690
694
692
680
678
686
668
679
658
669
688
684
684
682
679
679
693
669
669
676
665
653
658
678
654
652
640
665
660
652
663
661
650
660
654
653
648
653
641
641
636
647
658
652
659
655
652
652
645
652
648
646
646
652
653
682
650
652
654
647
651
643
650
650
651
653
653
652
652
652
666
649
655
652
644
650
650
650
658
654
635
650
645
649
647
641
649
642
648
643
646
644
648
645
642
637
644
640
640
641
635
634
636
645
645
649
640
635
640
643
644
639
638
629
639
638
653
736
784
755
714
721
719
720
725
713
703
684
684
690
690
686
687
673
659
670
671
673
675
666
670
674
660
661
652
657
656
655
653
647
650
650
647
646
645
652
647
654
644
653
645
644
654
639
648
638
640
650
653
641
640
641
640
641
647
646
638
645
640
647
640
648
654
644
650
651
654
656
655
652
659
653
653
650
653
651
653
651
651
650
644
651
651
651
655
649
649
652
652
650
649
646
656
653
649
650
641
647
648
650
650
654
659
658
659
659
653
645
641
648
652
645
644
645
645
650
649
653
649
650
659
692
687
674
666
668
666
665
672
688
681
679
676
677
666
675
671
674
675
672
665
690
685
683
675
682
687
681
677
677
670
685
685
685
686
678
690
660
670
681
681
680
673
676
689
676
675
669
668
672
674
672
668
674
673
668
673
672
671
673
673
673
671
666
665
660
669
671
673
673
665
674
661
672
654
658
658
669
655
656
661
660
665
662
657
656
661
656
682
668
678
673
673
669
671
680
667
680
679
659
660
664
669
684
673
676
682
664
670
677
672
679
665
670
670
665
671
675
660
673
673
661
660
660
678
672
668
667
658
658
657
675
670
671
670
669
665
670
664
665
665
661
663
663
662
657
651
656
656
656
656
652
650
650
657
657
659
665
662
662
661
659
658
665
664
655
654
663
712
680
681
681
685
676
687
697
685
698
683
693
687
695
688
681
681
684
680
676
680
692
685
686
694
693
694
694
696
686
682
685
685
685
685
681
685
686
686
687
686
684
685
686
678
686
680
686
691
690
685
680
688
736
727
720
713
724
714
708
720
733
714
705
714
712
712
704
717
717
715
714
714
710
701
734
730
717
712
740
742
722
727
720
720
730
736
734
732
732
733
725
732
741
741
742
736
725
735
730
730
721
730
720
720
720
718
711
720
719
705
704
704
726
719
721
728
730
731
731
730
741
740
740
729
718
728
729
727
715
729
728
728
728
735
741
741
746
744
726
740
746
749
748
749
749
760
760
760
760
770
764
763
762
745
753
761
742
745
766
762
758
757
757
765
753
753
743
741
753
761
746
746
745
740
756
755
760
760
760
761
770
799
868
878
838
853
863
879
861
913
956
935
917
900
908
953
943
928
915
915
921
923
923
928
940
919
900
913
895
898
898
882
875
870
855
843
855
852
873
870
874
863
888
890
890
894
895
883
889
848
873
859
850
854
859
858
852
866
851
852
857
849
840
880
905
910
904
899
894
895
900
895
884
885
872
883
916
900
895
899
884
883
885
877
871
869
868
875
872
877
872
874
877
874
873
879
875
879
865
864
864
867
873
867
857
854
839
833
841
842
833
841
828
832
821
804
803
812
808
818
795
806
803
800
792
772
770
761
730
719
662
669
667
709
715
717
716
736
729
720
717
700
696
693
707
736
725
719
717
718
706
717
727
727
707
706
722
707
707
717
729
704
702
701
707
711
701
693
703
693
700
703
699
655
703
697
675
675
675
674
666
694
694
687
686
652
674
677
641
600
600
588
597
592
587
585
589
577
590
563
580
578
610
540
519
525
568
537
524
537
535
568
567
560
555
546
540
513
530
530
504
510
496
496
489
493
471
517
517
500
495
495
510
500
496
497
500
530
541
517
517
515
518
522
522
512
510
519
519
518
506
517
545
539
539
539
525
543
540
543
559
540
540
540
540
549
540
545
528
525
538
540
559
560
637
624
642
603
577
584
583
583
565
582
577
582
560
571
570
571
560
570
567
568
575
585
585
583
580
574
574
573
576
565
564
565
570
560
567
573
576
572
576
578
574
572
585
570
586
585
617
600
612
612
612
615
613
613
613
605
606
613
604
604
607
615
615
620
612
612
613
618
618
620
617
613
615
605
614
619
626
630
631
616
622
621
629
629
627
627
628
628
628
627
612
624
619
617
613
613
617
615
613
601
600
601
602
618
610
588
596
596
597
589
604
604
603
599
587
594
599
619
614
604
600
599
602
598
606
605
603
596
584
570
580
578
578
570
583
612
588
603
598
588
583
584
584
594
592
593
583
608
604
612
603
634
639
638
620
631
609
613
610
610
607
605
608
608
610
625
615
609
621
626
636
635
627
614
626
626
620
626
622
633
621
622
622
624
623
620
623
618
624
617
613
610
612
612
619
616
621
611
612
616
611
615
617
610
615
610
618
615
615
615
615
616
617
614
618
615
607
607
601
604
585
604
603
600
601
600
598
598
597
596
596
593
592
592
598
598
590
596
585
596
598
597
594
593
597
596
597
597
597
603
593
599
600
598
603
596
601
600
600
602
602
605
595
600
602
602
602
602
597
599
607
607
601
601
601
602
599
605
606
601
600
601
601
609
602
607
599
598
602
602
602
602
603
598
598
610
597
606
606
605
605
598
605
604
604
601
601
605
608
599
604
599
601
604
605
607
608
601
605
604
605
598
604
603
603
605
607
600
601
607
600
601
602
601
602
601
601
601
602
603
604
604
593
603
603
600
605
599
600
603
604
602
601
601
602
602
606
606
615
607
607
606
613
611
610
601
604
602
600
603
603
610
608
598
596
596
602
598
599
599
603
604
601
600
611
607
598
604
609
598
599
600
605
601
601
605
604
604
603
603
598
608
603
603
600
599
600
598
598
597
597
598
596
598
594
600
593
597
590
591
592
598
604
592
599
592
593
597
593
586
587
592
590
589
592
589
589
593
593
599
597
586
598
588
587
590
588
587
588
589
589
589
598
596
597
595
595
598
598
595
595
587
588
591
587
585
585
594
591
591
586
585
583
592
583
591
597
596
595
585
600
572
583
582
590
589
588
588
589
589
589
589
585
586
594
593
594
590
593
593
592
593
592
590
592
600
588
599
598
598
595
594
594
580
590
592
592
589
580
590
590
590
594
594
593
595
594
593
592
590
590
584
585
587
582
583
588
571
580
574
589
588
588
590
589
588
588
586
586
570
579
578
578
570
576
575
575
576
578
580
577
580
584
582
580
580
582
582
582
582
581
581
581
580
580
580
579
570
572
581
583
583
583
585
584
584
584
582
584
584
579
582
571
580
580
584
578
578
585
574
583
583
575
581
583
583
593
586
591
580
584
585
679
636
630
677
684
715
711
771
770
719
720
705
689
707
712
712
712
710
708
702
682
684
678
680
680
679
679
685
691
661
673
667
685
676
677
677
670
668
658
660
664
660
660
660
657
659
670
659
661
662
663
665
665
669
664
683
675
660
677
661
662
656
654
665
665
655
656
661
659
654
654
658
670
663
657
652
660
660
658
654
657
652
651
657
657
651
642
646
647
644
644
647
654
659
654
646
647
647
644
647
640
646
640
649
649
643
650
652
652
642
642
643
644
657
642
648
633
648
644
651
648
641
644
649
653
657
655
655
645
649
652
639
650
643
648
642
642
642
629
634
640
634
639
627
629
622
625
610
609
609
610
613
634
635
621
627
620
626
625
608
610
610
611
602
619
620
610
615
625
624
625
637
634
635
632
621
632
622
625
625
635
635
625
628
633
641
634
620
631
625
630
631
639
634
617
618
631
627
627
625
631
630
624
631
622
630
637
635
634
634
627
631
620
630
642
638
630
640
621
632
638
625
625
620
616
612
629
638
637
629
629
628
618
628
600
619
619
617
623
623
624
629
611
635
636
633
630
658
648
634
630
628
628
628
628
628
629
629
627
633
628
628
627
624
624
624
621
624
622
630
622
621
615
613
616
618
620
621
629
629
623
619
626
617
620
615
614
610
608
612
612
615
616
622
621
616
613
618
618
619
620
616
615
618
607
615
615
609
610
609
605
607
606
606
607
607
608
608
604
602
604
605
603
600
603
605
605
600
604
600
599
600
595
600
601
604
604
608
608
608
613
606
604
604
604
605
608
600
600
600
600
603
598
600
595
600
600
600
624
635
645
628
642
638
626
627
623
619
613
603
597
601
604
604
601
600
607
603
603
600
603
600
600
602
606
605
608
608
600
602
603
604
601
617
612
604
611
613
610
610
606
604
605
611
610
602
602
601
607
597
599
600
595
599
599
598
599
605
596
597
598
602
590
598
597
600
599
602
592
598
597
613
613
610
595
613
595
600
594
598
603
601
601
600
598
598
606
603
601
599
604
604
609
609
612
612
601
608
604
608
607
607
609
605
606
605
600
606
598
609
603
604
609
608
602
605
604
598
604
599
608
607
599
596
600
601
601
609
612
612
608
608
610
623
609
620
630
627
615
623
613
619
620
613
618
620
620
613
610
613
609
609
610
608
610
619
611
615
615
611
612
610
612
616
611
608
608
608
609
609
612
614
614
611
617
612
612
611
607
616
617
615
617
616
614
615
615
616
610
614
618
619
618
614
614
630
611
616
613
616
616
617
625
624
627
625
632
630
629
623
620
623
624
640
653
685
696
784
732
740
729
714
720
742
696
697
692
680
691
691
691
686
676
683
851
857
834
861
839
837
843
789
779
759
739
750
745
748
739
742
741
742
724
729
732
740
735
729
734
724
730
778
746
747
735
735
756
747
754
746
745
749
739
730
731
733
726
719
724
720
729
728
726
724
724
711
723
722
720
711
715
710
711
717
713
712
714
710
713
705
706
702
706
706
707
710
707
709
708
734
722
720
720
729
722
746
737
738
742
742
734
752
751
747
746
740
743
748
748
739
750
766
748
736
736
737
736
749
748
746
748
747
737
738
743
748
749
744
748
750
758
751
750
756
754
750
745
750
751
755
754
750
755
755
746
746
759
751
759
758
758
759
745
757
758
780
824
790
790
803
794
802
794
819
805
797
789
791
809
805
804
811
818
826
825
817
822
817
821
820
816
807
815
801
809
811
811
814
807
807
814
811
811
814
813
807
812
810
800
804
811
834
818
819
819
818
818
822
827
828
825
830
819
814
804
817
818
816
809
809
816
808
826
818
825
861
1052
1154
1154
1154
1154
1154
1154
1154
1154
1390
1370
1397
1422
1402
1430
1463
1615
1615
1609
1770
1775
1775
1775
1747
1775
1774
1775
1775
1951
1948
1950
1951
1951
1951
1951
1951
1951
2110
2145
2145
2145
2145
2145
2145
2145
2145
2145
2358
2358
2358
2358
2358
2358
2358
2358
2358
2358
2498
2593
2593
2593
2593
2593
2593
2593
2593
2593
2850
2850
2850
2850
2850
2850
2850
2850
2850
2850
3133
1989
2050
2059
2024
2082
2045
2032
1955
1850
1840
1939
1896
1920
1905
1893
1901
1817
1838
1866
1996
2250
2411
2384
2357
2405
2398
2460
2481
2555
2555
3110
3136
3049
3086
3090
3023
3006
3049
3118
3235
3191
3130
2980
2996
3010
3082
2977
2907
2949
3050
2928
2863
2823
2789
2820
2811
2819
2872
2949
2991
2774
2793
2773
2740
2732
2720
2628
2650
2699
2701
2390
2366
2371
2375
2580
2478
2527
2486
2476
2794
2803
2764
2763
2715
2780
2779
2793
2780
2838
2700
2680
2653
2658
2650
2734
2710
2660
2631
2650
2651
2672
2660
2655
2659
2670
2679
2653
2649
2605
2620
2617
2595
2570
2571
2584
2559
2557
2468
2460
2471
2468
2461
2468
2475
2460
2454
2340
2352
2449
2460
2430
2414
2420
2430
2437
2433
2406
2446
2405
2420
2401
2407
2390
2390
2504
2565
2563
2582
2576
2556
2605
2646
2638
2695
2604
2558
2565
2546
2570
2556
2535
2542
2541
2449
2481
2467
2472
2475
2467
2499
2466
2480
2393
2405
2494
2455
2426
2446
2446
2425
2436
2300
2348
2302
2303
2295
2278
2268
2268
2270
2298
2249
2228
2150
2200
2201
2163
2195
2165
2150
2170
2226
2194
2147
2035
2030
2060
2036
2024
1936
1951
1928
1937
1963
1945
1940
1999
1948
2200
2240
2183
2152
2089
2024
2028
2065
2079
2014
2003
2003
1970
1973
1985
1999
1977
1985
2006
2023
2015
2011
2017
2006
1999
1993
2018
2069
2003
2021
1991
1993
2039
2015
2001
2010
2019
2019
2020
2009
2008
2017
2001
2017
2008
2013
2033
1978
1970
1975
1988
1962
1965
1962
1961
1966
1964
1910
1954
1930
1930
1950
1923
1935
1968
1928
1924
1936
1924
1917
1930
1925
1928
1910
1900
1903
1877
1854
1874
1861
1854
1860
1858
1853
1741
1736
1706
1663
1697
1699
1696
1686
1700
1700
1898
1895
1894
1896
1893
1893
1870
1889
1869
1825
1800
1805
1812
1816
1809
1848
1845
1829
1925
1870
1861
1870
1854
1853
1833
1844
1850
1830
1866
1853
1836
1836
1815
1807
1804
1808
1775
1820
1822
1797
1784
1804
1816
1820
1810
1825
1771
1776
1790
1782
1785
1790
1783
1780
1778
1744
1751
1747
1736
1736
1736
1732
1727
1736
1726
1724
1706
1716
1717
1708
1717
1717
1704
1709
1719
1730
1729
1710
1710
1704
1711
1719
1710
1713
1716
1710
1706
1699
1697
1699
1695
1654
1662
1665
1665
1662
1662
1656
1671
1671
1658
1640
1617
1617
1600
1658
1636
1641
1645
1672
1633
1637
1643
1618
1625
1640
1624
1611
1612
1624
1602
1638
1626
1632
1626
1617
1613
1624
1612
1616
1620
1617
1610
1625
1622
1605
1607
1600
1620
1627
1627
1629
1618
1621
1623
1614
1616
1616
1617
1633
1632
1626
1610
1615
1615
1630
1630
1640
1611
1612
1599
1601
1600
1600
1599
1600
1586
1573
1598
1596
1610
1600
1591
1595
1599
1594
1571
1579
1580
1572
1572
1577
1574
1592
1598
1600
1591
1607
1610
1608
1606
1606
1595
1605
1605
1586
1604
1600
1600
1600
1591
1600
1600
1604
1692
1683
1800
1816
1813
1796
2074
2239
2200
2224
2138
2118
2145
2131
2099
2035
1921
1933
1933
1980
2160
2253
2242
2246
2060
2100
2070
2120
2111
2155
2179
2063
2096
2137
2097
2052
2050
2080
2070
2135
2171
2167
2160
2123
2123
2133
2150
2143
2140
2300
2092
2106
2101
2109
2116
2110
2115
2081
2071
2145
2099
2006
2038
2049
2020
2012
2013
2037
2031
2100
2046
2012
2020
2005
2017
2010
2028
2006
2011
2000
1999
1971
1955
1993
1990
1956
1963
1967
1965
1964
1933
1941
1953
1924
1970
1944
1945
1942
1978
1932
1911
1900
1876
1913
1874
1873
1898
1899
1877
1883
1875
1874
1860
1860
1886
1884
1887
1856
1874
1874
1873
1860
1875
1889
1895
1904
1899
1897
1916
1914
1882
1901
1903
1950
1923
1950
1952
1951
1949
1930
1939
1938
1929
1946
1944
1931
1946
1930
1944
1927
1952
1931
1947
1949
1946
1943
1946
1931
1930
1941
1921
1902
1903
1912
1913
1884
1911
1911
1906
1923
1940
1934
1940
1935
1922
1916
1910
1917
1916
1922
1910
1909
1913
1917
1905
1901
1907
1899
1905
1906
1910
1908
1890
1891
1905
1922
1909
1893
1895
1894
1893
1893
1892
1915
1905
1888
1877
1879
1871
1873
1873
1878
1888
1899
1891
1858
1847
1836
1845
1845
1830
1843
1854
1859
1860
1865
1851
1855
1851
1845
1841
1803
1807
1808
1808
1805
1805
1801
1805
1790
1779
1786
1786
1756
1771
1771
1772
1775
1776
1759
1769
1769
1776
1763
1776
1774
1799
1781
1782
1782
1782
1766
1767
1777
1765
1771
1729
1760
1750
1764
1759
1750
1760
1760
1749
1720
1744
1734
1730
1725
1715
1729
1718
1711
1721
1723
1732
1723
1720
1727
1720
1719
1729
1720
1720
1706
1715
1717
1735
1727
1727
1740
1726
1740
1747
1725
1725
1720
1724
1727
1730
1700
1712
1734
1719
1708
1700
1709
1709
1699
1699
1693
1699
1690
1700
1692
1693
1692
1692
1693
1693
1700
1700
1692
1680
1671
1674
1671
1674
1670
1670
1670
1664
1666
1664
1658
1636
1638
1642
1646
1654
1635
1638
1632
1626
1602
1629
1629
1637
1642
1642
1642
1644
1644
1642
1644
1638
1638
1654
1651
1638
1644
1645
1649
1650
1650
1650
1652
1669
1665
1653
1653
1657
1647
1658
1689
1658
1658
1670
1670
1672
1694
1693
1692
1720
1700
1949
1945
1955
1980
1997
1993
1920
1996
1969
1963
1912
1812
1850
1813
1809
1812
1812
1846
1817
1834
1824
1821
1783
1758
1749
1759
1767
1749
1732
1740
1747
1754
1763
1752
1740
1758
1733
1707
1710
1731
1728
1730
1734
1739
1726
1712
1730
1719
1804
1759
1766
1782
1782
1786
1794
1777
1742
1767
1768
1801
1805
1800
1839
1801
1782
1794
1777
1794
1796
1754
1765
1775
1772
1783
1779
1789
1797
1797
1800
1776
1766
1780
1779
1780
1775
1774
1794
1791
1776
1787
1781
1775
1775
1787
1777
1761
1753
1761
1761
1754
1755
1754
1741
1732
1737
1726
1723
1743
1767
1767
1751
1770
1758
1751
1790
1789
1803
1803
1803
1786
1766
1793
1777
1781
1781
1780
1770
1777
1770
1778
1778
1761
1772
1747
1759
1735
1751
1736
1739
1738
1738
1748
1730
1751
1752
1736
1740
1740
1740
1738
1737
1726
1716
1715
1713
1688
1703
1691
1700
1700
1706
1729
1715
1706
1697
1697
1697
1697
1687
1665
1660
1666
1687
1677
1677
1675
1684
1689
1690
1689
1689
1677
1678
1687
1680
1676
1689
1700
1753
1824
1770
1742
1755
1765
1769
1740
1753
1738
1743
1719
1719
1727
1712
1700
1710
1726
1702
1700
1731
1734
1704
1695
1689
1685
1693
1692
1692
1686
1698
1709
1706
1718
1724
1705
1702
1712
1729
1712
1721
1717
1711
1711
1731
1731
1714
1719
1713
1719
1719
1704
1705
1704
1702
1685
1683
1680
1683
1683
1683
1685
1684
1672
1693
1689
1696
1689
1689
1699
1704
1701
1701
1701
1708
1718
1703
1661
1698
1695
1701
1712
1707
1699
1701
1709
1720
1704
1706
1700
1697
1692
1698
1708
1698
1706
1702
1702
1703
1680
1670
1678
1677
1685
1678
1684
1677
1677
1683
1694
1679
1678
1674
1678
1682
1688
1679
1680
1698
1690
1699
1749
1730
1713
1730
1718
1701
1800
1948
1885
1811
1810
1848
1821
1824
1815
1850
1753
1743
1754
1736
1801
1788
1789
1796
1782
1756
1760
1755
1760
1763
1769
1787
1776
1772
1757
1760
1762
1775
1763
1769
1766
1761
1758
1773
1779
1790
1767
1760
1767
1757
1772
1770
1770
1765
1762
1763
1753
1761
1750
1758
1745
1753
1747
1746
1765
1734
1733
1734
1736
1751
1729
1737
1736
1730
1740
1741
1741
1727
1730
1730
1722
1731
1723
1724
1744
1741
1744
1737
1744
1744
1737
1736
1735
1722
1740
1737
1725
1708
1682
1706
1702
1691
1694
1699
1705
1705
1705
1711
1726
1697
1697
1700
1706
1724
1711
1711
1705
1714
1717
1714
1716
1716
1723
1722
1730
1728
1715
1715
1734
1717
1715
1700
1715
1720
1719
1718
1707
1707
1707
1707
1707
1700
1695
1708
1713
1785
1705
1706
1712
1714
1704
1710
1723
1716
1730
1724
1727
1730
1722
1763
1750
1750
1734
1741
1730
1729
1722
1729
1730
1729
1737
1733
1720
1736
1718
1722
1739
1735
1734
1737
1737
1726
1733
1724
1725
1721
1726
1723
1724
1727
1729
1736
1736
1748
1737
1746
1747
1750
1754
1720
1730
1730
1724
1724
1720
1714
1725
1723
1727
1717
1726
1720
1726
1726
1742
1729
1727
1739
1730
1735
1735
1733
1736
1727
1730
1721
1725
1731
1727
1727
1725
1722
1720
1727
1724
1723
1729
1724
1731
1739
1727
1727
1726
1726
1720
1726
1726
1725
1719
1736
1726
1721
1719
1721
1714
1720
1718
1730
1720
1725
1710
1719
1724
1717
1722
1723
1716
1711
1860
1792
1766
1773
1800
1800
1800
1800
1801
1864
1833
1815
1870
1875
1863
1851
1851
1940
1913
1902
1840
1859
1900
1880
1916
1865
1850
1885
1888
1864
1875
1878
1890
1905
1890
1885
1869
1885
1867
1860
1873
1877
1889
1894
1868
1950
1909
1882
1901
1878
1881
1863
1883
1907
1901
1902
1913
1905
1913
1940
1929
1964
1980
1996
2000
1995
1978
1981
2281
2120
2190
2160
2139
2239
2214
2270
2265
2110
2225
2140
2086
2103
2084
1976
1916
1919
1920
1871
1883
1896
1904
1901
1872
1850
1817
1801
1839
1940
2023
2050
1992
1993
1985
2013
1991
1952
1924
1943
1972
1925
1913
1875
1910
1920
1890
2184
2063
2128
2023
2003
2011
2030
1983
1965
2000
1920
1940
1929
1966
1951
1959
1972
1960
1953
1951
1978
1980
1966
1958
1952
1960
1957
1992
1985
1985
1996
2000
1976
1998
1977
1980
1975
1966
1980
1977
1960
1954
1963
1954
1942
1962
1937
1954
1949
1970
1956
1949
1949
1939
1949
1973
1959
1949
1958
1951
1965
1942
1940
1966
1968
1968
1969
1957
1958
1958
1959
1958
1958
1948
1957
1943
1954
1940
1960
1952
1952
1952
1955
1951
1942
1938
1944
1941
1940
1918
1922
1948
1928
1935
1944
1935
1935
1929
1963
1957
1921
1956
1927
1935
1947
1940
1959
1958
1957
1945
1960
1945
1939
1940
1940
1940
1940
1916
1858
1915
1906
1917
1906
1901
1902
1942
1960
1924
1890
1912
1914
1907
1921
1918
1935
1873
1875
1871
1894
1896
1889
1882
1880
1870
1890
1880
1880
1879
1864
1859
1853
1860
1855
1856
1869
1857
1892
1860
1867
1880
1863
1850
1890
1898
1918
1913
1914
1919
1943
1943
1938
1940
1970
1958
1938
1931
1929
1929
1928
1937
1942
1937
1930
1930
1930
1930
1930
1935
1948
1925
1935
1935
1946
1936
1928
1930
1925
1876
1921
1958
1957
1938
1921
1921
1921
1910
1931
1945
1915
1946
1932
1920
1915
1921
1912
1939
1906
1887
1892
1892
1882
1897
1905
1899
1892
1886
1886
1891
1893
1914
1924
1891
1901
1879
1900
1901
1870
1902
1891
1859
1877
1886
1884
1886
1889
1889
1898
1911
1929
1897
1885
1887
1866
1867
1867
1868
1853
1859
1858
1851
1857
1824
1840
1822
1859
1845
1830
1841
1845
1836
1847
1854
1832
1830
1862
1845
1872
1852
1830
1797
1787
1807
1819
1801
1795
1809
1794
1802
1780
1771
1771
1785
1783
1746
1755
1765
1810
1811
1815
1810
1852
1834
1800
1795
1790
1802
1801
1792
1798
1832
1858
1854
1847
1846
1844
1835
1843
1812
1775
1775
1770
1765
1770
1770
1765
1780
1786
1775
1770
1731
1746
1750
1779
1780
1720
1764
1753
1747
1743
1748
1748
1738
1746
1742
1740
1736
1739
1741
1721
1729
1729
1744
1729
1729
1725
1728
1742
1733
1711
1678
1671
1668
1685
1658
1700
1716
1724
1701
1700
1673
1677
1678
1702
1699
1662
1671
1684
1684
1675
1670
1680
1699
1700
1676
1684
1683
1687
1682
1672
1674
1673
1690
1677
1683
1680
1700
1677
1715
1691
1714
1738
1704
1731
1707
1708
1696
1681
1671
1681
1669
1682
1701
1704
1700
1514
1516
1564
1593
1578
1553
1530
1553
1566
1580
1566
1557
1560
1560
1594
1612
1565
1556
1537
1537
1531
1536
1553
1552
1544
1614
1568
1521
1521
1515
1518
1523
1520
1496
1537
1611
1620
1606
1618
1614
1639
1635
1619
1632
1558
1604
1584
1584
1597
1564
1559
1562
1570
1578
1571
1571
1571
1575
1574
1558
1551
1551
1553
1551
1551
1549
1547
1541
1541
1539
1528
1539
1539
1523
1528
1532
1718
1956
1943
2140
2140
2140
2140
2140
2140
2354
2000
1996
1944
1961
1983
1977
1950
1924
1910
1880
1965
1922
1951
1923
1942
1961
1923
1916
1915
1911
1911
1894
1894
1868
1872
1865
1879
2150
2070
2086
2087
2088
2064
2032
2007
2000
1997
1920
1978
1961
1971
1970
1963
1970
1969
2024
1975
1984
1984
1963
1962
1964
1961
1955
1949
1948
1947
1936
1936
1914
1913
1932
1947
2000
1958
1950
1982
1966
1970
1950
1956
1963
1950
1979
1954
1940
1954
1964
1952
1952
1953
1947
1945
1946
1947
1927
1944
1949
1944
1944
1929
1933
1914
1906
1891
1892
1920
1912
1900
1835
1876
1852
1835
1834
1825
1838
1838
1784
1765
1764
1765
1778
1776
1740
1746
1734
1752
1674
1694
1702
1700
1704
1750
1740
1842
1862
1822
1864
1847
1849
1822
1836
1818
1900
1850
1824
1818
1831
1821
1778
1775
1764
1760
1761
1777
1783
1782
1812
1810
1741
1741
1734
1738
1786
1786
1786
1821
1773
1748
1754
1764
1768
1766
1765
1758
1764
1766
1801
1770
1770
1770
1721
1811
1786
1800
1823
1800
1842
1814
1811
1824
1812
1821
1819
1750
1814
1822
1793
1816
1810
1804
1796
1782
1778
1779
1785
1784
1715
1770
1752
1752
1774
1760
1760
1760
1762
1758
1756
1756
1792
1760
1743
1749
1749
1748
1741
1762
1751
1730
1740
1731
1744
1744
1761
1749
1749
1760
1730
1722
1730
1734
1742
1744
1728
1730
1722
1727
1729
1720
1720
1719
1719
1720
1719
1720
1740
1976
1910
1964
1853
1823
1822
1777
1840
1830
1835
1852
1829
1811
1806
1811
1815
1827
1816
1802
1800
1803
1794
1797
1784
1784
1785
1779
1768
1778
1780
1772
1808
1806
1792
1804
1777
1790
1791
1799
1801
1804
1793
1821
1805
1800
1807
1812
1811
1810
1810
1809
1807
1813
1805
1800
1790
1790
1784
1781
1774
1773
1750
1729
1700
1701
1700
1555
1510
1542
1517
1568
1562
1585
1585
1563
1590
1600
1687
1510
1444
1300
1342
1330
1305
1206
1199
1200
1149
1300
1418
1388
1368
1391
1391
1372
1369
1320
1321
1209
1320
1279
1270
1329
1245
1247
1268
1390
1349
1335
1340
1340
1425
1439
1499
1446
1480
1460
1415
1495
1545
1545
1599
1600
1699
1619
1606
1610
1658
1602
1591
1649
1644
1594
1550
1582
1570
1570
1560
1563
1571
1545
1530
1530
1500
1550
1539
1539
1511
1567
1562
1562
1514
1559
1537
1522
1544
1535
1506
1508
1539
1525
1545
1505
1522
1500
1520
1520
1520
1520
1540
1530
1521
1521
1499
1499
1468
1495
1469
1440
1440
1440
1440
1448
1471
1459
1483
1500
1436
1436
1491
1460
1495
1467
1469
1469
1490
1466
1465
1496
1415
1465
1427
1460
1424
1414
1429
1429
1414
1415
1410
1407
1490
1451
1409
1449
1434
1458
1426
1380
1380
1365
1366
1365
1352
1303
1310
1349
1348
1338
1301
1309
1300
1365
1385
1376
1392
1391
1386
1390
1346
1391
1390
1400
1409
1436
1447
1490
1462
1488
1489
1492
1464
1444
1462
1453
1385
1392
1410
1394
1393
1406
1431
1450
1391
1427
1407
1400
1408
1418
1447
1423
1422
1423
1423
1432
1455
1453
1496
1451
1425
1447
1426
1415
1415
1429
1419
1415
1418
1420
1420
1417
1434
1414
1404
1391
1394
1393
1394
1390
1390
1400
1400
1391
1392
1392
1392
1411
1439
1464
1425
1446
1441
1441
1431
1486
1500
1481
1516
1519
1478
1490
1453
1455
1471
1494
1494
1472
1460
1488
1481
1489
1493
1440
1443
1450
1450
1435
1437
1436
1417
1448
1444
1443
1449
1450
1450
1440
1449
1480
1470
1454
1458
1470
1468
1468
1498
1459
1459
1440
1450
1449
1440
1450
1441
1438
1437
1480
1442
1437
1433
1425
1425
1425
1420
1400
1427
1401
1419
1409
1409
1411
1419
1400
1406
1405
1401
1400
1401
1401
1396
1400
1393
1387
1386
1398
1398
1414
1396
1399
1401
1389
1399
1410
1402
1402
1410
1400
1391
1391
1390
1405
1400
1401
1392
1393
1403
1382
1395
1387
1380
1377
1377
1377
1393
1395
1388
1394
1381
1387
1395
1370
1368
1354
1334
1349
1326
1337
1337
1322
1344
1307
1302
1300
1268
1281
1275
1277
1268
1276
1285
1320
1351
1332
1316
1349
1325
1325
1339
1324
1261
1274
1304
1307
1318
1335
1320
1347
1340
1349
1377
1364
1357
1358
1364
1371
1362
1357
1380
1361
1319
1313
1317
1341
1352
1367
1332
1323
1332
1317
1317
1300
1272
1307
1307
1304
1290
1302
1304
1304
1300
1304
1320
1320
1308
1315
1308
1314
1333
1332
1331
1331
1327
1308
1304
1320
1322
1323
1334
1338
1337
1321
1323
1348
1342
1340
1342
1320
1344
1347
1349
1348
1348
1336
1322
1300
1315
1330
1324
1306
1301
1316
1315
1309
1315
1303
1304
1310
1320
1306
1308
1312
1312
1310
1319
1307
1307
1315
1308
1306
1300
1300
1300
1300
1325
1307
1309
1314
1312
1300
1299
