close
158.0
160.0
160.0
162.96
168.75
157.78
157.78
161.97
163.0
163.6
158.1
162.97
158.03
158.5
160.09
158.1
159.99
159.0
159.0
161.0
157.7
158.0
157.5
160.7
159.98
160.98
160.98
159.76
157.3
157.0
156.0
157.77
150.0
150.02
157.44
157.42
155.55
159.83
153.77
150.07
155.54
155.0
154.97
154.88
154.88
153.77
151.01
151.07
158.76
157.77
151.11
155.55
157.09
153.99
150.0
148.0
146.11
148.0
146.0
145.04
147.73
150.0
148.0
155.0
156.0
149.8
149.8
151.11
142.21
145.01
148.0
147.98
149.44
148.87
146.0
143.02
141.05
142.78
153.37
149.74
145.15
147.77
151.76
151.76
151.77
151.0
150.0
147.99
154.5
157.0
151.5
151.5
150.0
148.0
142.5
139.0
140.5
138.0
142.0
147.5
140.0
140.5
147.0
146.5
142.0
141.0
138.0
138.0
140.5
138.5
140.0
132.0
132.0
132.0
134.0
131.0
131.5
132.5
133.0
127.0
127.5
130.0
130.5
131.5
132.0
126.0
131.0
132.0
131.5
133.0
133.0
133.0
134.0
136.0
133.0
136.0
138.0
137.0
133.5
135.0
133.5
133.5
141.5
144.0
137.5
133.5
140.5
137.5
135.5
140.0
133.5
141.0
140.0
139.0
134.5
139.0
131.0
137.0
135.5
140.0
135.0
130.5
132.0
130.0
130.0
128.5
128.5
128.5
128.5
127.0
126.5
131.0
125.5
121.0
130.0
125.0
126.5
126.0
126.5
127.0
127.5
129.0
125.0
125.0
127.5
128.0
127.5
127.0
127.0
127.5
122.0
127.5
121.0
127.0
125.0
126.0
126.0
127.5
127.5
129.0
131.0
131.0
125.0
131.0
126.0
126.0
130.0
126.0
125.0
125.0
125.0
125.0
125.0
129.0
128.0
126.0
125.5
128.0
127.0
130.0
130.0
130.0
130.0
130.0
126.0
126.0
126.5
128.5
129.5
129.5
129.5
129.5
131.0
132.0
131.0
132.0
132.0
143.5
135.0
135.0
142.0
139.5
137.0
145.0
152.0
151.0
140.0
141.5
141.5
152.0
155.5
155.0
155.0
155.0
156.0
150.0
154.0
142.0
152.0
152.5
152.0
140.0
140.0
130.0
130.0
130.0
130.0
129.5
129.5
127.0
129.5
129.5
130.0
130.0
130.0
130.0
130.0
130.0
130.0
130.0
130.0
127.5
129.0
127.0
129.5
129.5
129.5
126.5
129.5
130.0
128.5
130.0
130.0
130.0
132.0
131.0
133.0
130.5
130.5
130.5
132.0
129.0
128.0
128.0
129.0
129.0
127.0
129.0
129.0
129.0
122.0
125.5
127.0
125.5
127.0
120.0
122.0
130.0
129.5
129.0
123.0
129.5
130.0
130.0
125.0
130.0
130.0
129.0
129.0
127.5
128.0
124.0
129.0
129.0
127.0
124.5
129.0
129.0
129.0
129.0
129.0
129.5
128.0
128.0
125.0
126.0
126.0
129.5
126.0
128.0
127.0
127.0
129.5
127.0
128.0
128.0
128.0
124.5
122.0
120.5
123.0
125.0
124.5
122.5
122.5
120.0
120.0
121.0
121.0
121.0
121.0
123.0
122.5
122.5
118.5
122.0
120.0
116.0
115.0
117.5
116.5
115.0
116.5
115.0
115.0
116.0
115.0
116.5
114.0
115.0
117.0
117.0
116.5
115.5
116.5
115.0
116.5
116.0
115.5
114.5
115.0
115.0
115.0
115.0
114.5
117.0
118.5
117.0
115.0
115.0
115.5
115.0
114.5
114.5
114.5
114.0
114.5
115.0
114.0
116.0
115.5
115.0
115.5
114.5
115.0
115.5
115.0
115.5
116.0
115.5
115.0
112.5
113.0
116.5
118.0
118.0
118.0
115.5
112.5
114.5
112.5
113.0
110.0
107.5
112.0
112.0
112.0
114.0
117.0
117.0
120.0
120.0
116.0
119.0
119.0
112.5
117.0
116.0
115.0
115.5
116.5
115.0
115.5
117.0
117.0
117.0
117.0
117.0
118.0
118.0
118.0
118.0
123.0
124.0
124.0
124.0
119.0
119.0
122.5
119.0
122.5
120.5
121.0
118.0
118.5
128.5
118.0
119.0
118.0
118.0
119.0
120.0
120.0
119.0
118.5
119.0
119.5
119.0
118.0
118.0
118.0
118.0
118.5
118.5
117.5
117.5
117.0
117.5
117.5
117.5
118.0
118.0
117.0
119.5
117.5
119.5
119.0
119.5
117.5
119.5
119.0
119.0
118.5
116.0
117.0
126.5
123.0
118.0
119.5
119.0
119.0
119.5
119.5
119.5
118.0
118.0
117.5
117.5
119.0
119.0
118.5
118.0
118.0
118.5
119.0
119.0
118.5
118.0
117.5
118.5
119.0
118.5
117.5
117.5
117.5
118.0
118.0
117.5
118.0
118.5
119.5
119.5
119.5
119.0
119.0
123.0
118.0
118.0
117.5
115.0
116.0
116.0
114.0
117.0
115.5
116.5
117.0
117.0
115.5
116.5
114.5
118.0
112.0
116.5
116.0
115.5
115.5
115.0
115.5
114.5
111.0
113.0
115.5
115.0
115.0
114.5
114.5
115.0
115.0
111.0
111.0
112.0
112.0
112.5
114.0
110.0
113.0
113.5
110.0
113.0
110.5
114.0
114.0
111.0
113.5
114.5
125.0
116.0
123.0
123.5
115.5
121.5
114.5
118.0
115.0
117.5
115.0
115.0
117.5
115.5
119.0
118.0
119.0
120.0
116.0
120.0
121.0
122.0
123.0
122.0
122.0
119.5
119.5
118.5
119.5
118.0
120.5
119.5
121.0
125.0
133.5
137.0
142.5
139.0
143.0
142.5
142.5
144.0
142.0
138.0
140.0
142.0
143.0
144.0
144.5
139.0
143.5
140.5
139.5
139.0
136.5
139.0
138.0
139.0
138.0
139.0
139.0
137.0
137.0
135.5
136.5
139.0
137.0
137.0
137.0
136.0
137.0
137.0
136.5
138.0
137.5
137.5
136.0
133.5
136.0
136.5
132.0
132.0
131.0
131.0
135.0
135.0
135.0
130.0
130.0
133.5
133.5
136.0
137.0
137.5
133.0
135.0
130.0
130.0
132.0
131.5
132.5
133.0
133.0
132.0
131.5
132.5
131.5
132.0
132.0
134.0
133.5
134.5
134.0
134.0
131.5
133.0
133.5
132.5
134.0
133.5
134.5
134.5
134.5
137.0
134.5
134.5
134.5
135.0
130.0
130.0
131.0
130.5
130.5
129.0
131.0
131.0
131.0
131.0
131.0
130.5
131.0
131.5
131.5
131.5
130.0
129.0
130.5
130.5
129.0
129.0
131.0
130.5
130.5
130.5
129.5
130.5
131.0
130.5
130.0
130.5
132.0
130.0
129.5
130.0
127.5
128.0
131.0
127.5
130.0
130.5
130.5
129.5
129.5
129.5
129.5
129.0
129.0
129.0
129.0
129.0
129.0
128.0
127.0
129.0
129.5
130.5
131.0
130.0
130.0
130.0
130.0
128.0
131.5
130.5
129.0
129.0
128.0
129.5
122.5
127.5
128.5
128.0
129.5
128.0
128.5
129.5
129.5
130.0
128.0
130.0
130.0
130.0
130.5
130.0
130.0
130.5
129.0
129.0
129.0
128.0
129.0
130.0
130.0
131.0
131.5
126.5
130.0
128.0
128.0
123.0
123.5
124.0
126.0
128.0
127.0
126.0
127.0
127.0
126.0
124.5
126.0
126.0
126.0
125.5
125.5
126.5
127.0
126.5
125.5
127.0
127.0
125.0
128.0
128.5
127.5
126.0
127.0
128.5
126.0
128.0
128.0
128.0
128.0
128.5
128.0
128.0
128.5
128.0
127.5
127.5
127.0
127.0
127.0
127.5
127.5
127.5
130.0
129.0
130.0
127.5
126.0
130.0
128.0
128.5
129.5
127.0
128.5
127.0
128.5
128.0
128.0
129.0
129.0
128.0
128.5
128.5
129.0
129.0
129.0
129.5
129.0
129.0
128.5
128.0
128.5
125.5
127.5
128.5
128.0
128.5
128.0
126.5
127.5
126.0
127.5
127.0
127.0
126.5
126.5
128.0
127.5
127.0
128.5
128.5
129.5
129.0
129.0
128.5
130.0
130.0
134.0
132.5
132.5
133.0
133.5
132.5
132.5
132.5
132.5
132.0
132.5
132.0
133.0
133.0
132.0
130.5
130.5
130.0
132.0
130.5
130.0
130.0
130.5
130.0
131.5
132.5
131.0
130.5
133.0
131.0
132.5
134.5
134.5
134.0
133.0
132.5
133.5
133.0
134.0
134.0
135.0
136.0
136.0
136.0
135.0
135.0
135.5
136.0
136.5
137.0
138.0
137.0
138.0
135.5
136.5
137.0
138.0
137.0
137.5
136.5
138.0
138.5
137.5
138.0
138.5
136.5
136.5
136.5
136.5
136.5
136.5
136.5
138.0
134.5
137.0
137.0
138.0
138.5
139.0
138.0
138.0
138.0
138.0
139.5
138.0
136.0
136.5
137.5
137.5
137.5
136.0
138.0
141.0
139.5
140.0
140.0
140.0
138.0
137.5
137.5
137.5
137.5
136.5
137.0
137.5
142.0
140.0
138.5
137.0
137.5
139.0
141.0
138.0
138.5
138.0
139.0
140.0
138.5
138.5
140.0
139.5
139.5
147.0
140.0
151.5
160.0
160.0
150.0
153.0
144.0
145.0
143.5
144.0
145.0
145.5
145.5
146.5
147.0
145.5
147.0
147.0
148.5
147.0
147.5
148.0
149.5
158.5
165.5
162.5
158.0
157.5
157.0
166.0
160.0
155.5
152.0
152.0
152.0
154.0
151.5
152.0
153.0
153.0
160.0
150.0
152.5
153.0
152.0
151.5
150.5
151.5
155.0
150.5
149.5
156.0
153.0
154.5
156.0
158.0
160.0
158.0
158.5
156.0
158.0
153.0
164.0
158.0
161.0
158.5
158.5
159.0
158.0
157.5
158.0
156.0
155.0
157.0
155.5
157.0
156.5
154.0
154.5
154.0
153.0
153.5
153.0
152.5
152.5
153.0
156.0
152.5
152.5
153.0
153.0
155.5
149.0
152.5
153.0
151.0
151.0
148.0
148.5
148.0
146.5
149.5
148.0
150.0
148.0
155.0
150.5
150.0
149.0
152.0
149.0
148.5
143.0
147.5
149.5
151.0
148.5
148.5
151.5
151.5
149.0
149.5
148.0
148.5
147.5
143.0
144.5
144.0
141.0
146.0
141.0
140.0
139.0
139.5
141.0
136.0
140.0
142.5
137.0
139.5
137.5
139.0
139.5
138.0
139.0
140.0
140.0
139.0
141.5
140.5
141.5
141.0
142.0
141.0
141.0
140.5
140.5
140.5
141.0
141.0
140.0
140.5
141.0
141.0
141.0
139.0
138.5
141.0
137.5
137.5
138.0
139.0
138.0
138.0
139.5
139.5
139.5
139.0
139.5
138.5
139.0
138.5
140.0
140.0
140.0
140.0
140.0
140.0
140.0
140.0
141.5
140.0
140.0
139.5
138.5
139.5
140.5
140.0
140.0
140.0
140.0
141.0
141.0
140.5
139.0
139.0
139.0
139.0
139.0
139.0
140.0
140.0
140.5
139.0
138.5
138.5
138.0
138.0
139.0
139.5
139.5
139.0
139.0
139.5
140.0
140.0
139.5
139.5
140.0
140.5
140.5
139.5
140.0
138.5
139.0
139.0
138.0
138.0
139.0
138.5
137.5
138.0
137.5
139.5
137.5
138.0
137.5
138.5
139.0
138.5
139.0
139.5
138.0
139.5
141.0
140.0
139.0
139.0
139.0
139.0
139.0
139.0
140.0
140.0
140.0
140.0
139.0
140.0
141.0
140.0
140.0
140.0
139.5
139.5
140.0
140.0
140.5
140.5
140.5
140.0
140.0
140.0
141.0
141.0
141.0
141.5
141.0
140.5
140.0
139.5
140.0
140.0
140.0
141.0
141.0
140.0
140.5
140.0
140.5
140.5
140.0
140.0
140.0
141.5
140.5
140.0
141.5
141.0
141.0
142.0
144.0
143.0
145.5
145.0
145.0
145.0
144.5
145.0
145.0
145.5
141.5
137.5
135.0
136.5
140.0
140.0
140.0
137.0
137.0
138.0
136.0
136.0
136.0
137.0
137.0
136.0
136.0
133.5
133.5
134.5
135.5
135.0
133.5
135.0
132.5
132.5
134.0
132.5
132.0
133.0
132.0
130.5
130.0
131.5
134.0
131.0
131.0
131.0
130.5
131.0
130.0
128.5
128.0
129.0
130.0
129.0
131.0
131.0
131.0
128.5
128.0
129.5
129.5
129.5
130.0
129.0
129.0
129.0
127.5
129.0
124.5
127.0
125.5
128.5
125.0
125.0
124.5
122.0
126.0
126.0
126.0
127.5
126.5
126.0
126.5
126.5
126.5
126.5
126.0
127.0
126.0
127.0
126.0
127.0
125.0
125.5
126.0
125.5
126.0
126.5
126.0
126.5
126.5
125.0
125.0
126.5
127.0
127.5
126.5
127.0
127.0
127.5
128.0
128.5
129.5
126.5
128.5
128.5
128.5
128.5
127.5
129.5
129.0
128.0
129.0
129.5
129.5
131.0
130.0
131.0
129.5
130.5
131.0
130.5
129.5
131.5
127.0
130.0
130.5
130.5
131.0
130.5
130.5
129.0
129.0
129.5
130.0
130.5
130.0
128.0
129.5
127.5
130.0
129.0
128.0
129.5
130.0
132.0
126.5
128.5
128.5
129.0
128.0
129.5
129.5
128.5
129.5
128.0
129.5
129.5
129.5
130.0
130.5
131.5
131.0
131.0
130.5
130.0
131.0
129.0
130.0
129.5
130.0
131.5
129.0
130.5
131.0
127.0
130.5
130.5
130.0
129.5
129.0
131.0
130.0
129.0
130.0
130.0
129.0
129.5
130.0
129.5
130.0
130.0
130.0
130.0
128.0
130.5
130.0
130.5
130.5
129.5
129.5
129.5
131.0
130.0
131.5
130.5
130.0
131.0
131.5
131.5
132.0
132.5
131.5
133.0
131.0
131.0
131.5
133.5
130.5
131.0
131.0
130.0
130.0
130.0
129.5
129.0
129.0
128.5
128.5
128.5
129.0
129.5
129.0
128.0
129.5
129.0
128.5
128.5
129.5
129.0
129.5
129.0
130.0
129.5
129.5
129.0
129.5
127.0
129.0
136.0
129.0
130.0
131.0
129.5
128.0
127.0
127.5
128.0
126.0
127.5
126.0
126.5
127.0
128.5
128.5
127.0
126.5
127.0
127.0
125.5
128.0
126.0
127.0
127.5
126.0
127.5
126.0
127.5
127.5
127.0
127.5
127.5
128.0
128.0
128.0
126.0
128.0
127.0
127.5
132.0
130.0
130.0
130.0
130.0
130.0
131.5
132.5
132.0
132.0
132.0
132.0
133.5
133.5
132.5
133.0
134.5
135.0
135.0
133.0
133.5
133.5
131.5
131.5
131.0
130.0
130.5
131.0
130.0
129.5
126.0
129.5
127.5
126.5
126.0
126.5
127.0
126.5
127.0
126.0
126.5
127.0
127.0
127.5
125.5
126.5
127.0
127.0
128.0
128.0
126.5
125.5
125.5
127.0
127.0
127.0
127.0
127.5
126.5
126.5
126.0
127.0
127.0
128.0
127.5
127.0
128.0
127.0
128.5
127.0
128.0
127.0
128.0
128.5
127.5
128.0
128.5
126.0
127.5
127.5
127.0
127.0
127.0
127.0
128.0
128.0
127.5
125.5
130.5
127.0
126.5
129.0
127.0
125.5
126.0
128.0
128.5
127.5
127.5
127.5
129.5
128.0
126.5
127.0
129.0
129.0
127.5
129.0
129.0
130.0
129.0
128.0
127.0
127.5
129.5
129.5
129.0
127.0
129.5
127.0
132.0
127.0
128.0
129.5
129.5
129.5
129.0
129.0
128.0
127.0
129.0
129.0
129.0
127.0
128.0
128.0
131.5
127.5
127.0
127.0
127.0
129.0
128.5
128.5
122.0
122.5
122.5
123.0
123.0
121.0
123.0
122.0
122.0
121.0
121.0
122.0
122.0
122.0
122.0
121.0
121.0
121.0
120.5
121.0
121.0
120.5
120.5
119.5
120.0
121.0
120.5
120.0
121.0
121.0
120.5
121.5
120.5
120.0
121.0
121.0
120.0
119.0
120.5
120.0
120.0
120.0
118.5
119.0
120.0
118.5
119.0
118.5
120.5
121.0
120.0
119.0
118.0
120.0
119.0
120.5
122.0
122.0
120.5
120.5
122.0
122.0
118.0
120.0
120.0
120.0
121.0
120.0
114.5
116.0
113.5
113.5
114.0
114.0
112.5
113.0
113.0
115.0
115.0
112.0
110.5
110.5
111.5
110.0
109.5
110.5
111.0
111.0
109.5
110.0
110.0
110.0
110.0
111.0
114.5
114.0
110.0
109.0
109.0
109.5
109.0
109.5
109.5
110.5
111.0
110.0
110.0
108.5
109.5
110.0
109.0
110.0
109.5
109.0
109.5
109.5
110.0
110.0
109.0
109.5
109.5
109.5
109.5
110.0
110.0
109.0
110.0
109.5
109.5
109.5
110.0
109.5
110.0
110.0
109.5
110.0
111.0
111.0
110.0
110.0
110.0
110.0
109.5
111.0
110.0
110.0
110.0
110.0
109.5
112.0
111.5
110.0
110.0
110.0
110.0
110.0
109.5
110.0
110.0
110.0
110.0
110.0
109.5
110.0
109.5
110.0
109.5
109.5
109.5
110.0
110.0
110.0
110.0
109.5
109.5
109.5
109.5
110.0
108.5
108.5
108.5
108.5
108.5
108.5
107.5
108.5
108.0
107.5
107.0
108.0
107.0
107.5
108.0
108.0
108.0
107.5
108.0
107.0
106.5
108.0
108.5
110.5
112.0
112.5
107.5
107.0
108.5
109.0
109.0
109.0
108.0
109.5
108.5
108.0
109.0
107.5
109.0
108.0
108.0
108.0
108.5
109.0
111.0
110.0
110.0
111.5
110.5
110.5
111.0
110.5
112.0
111.0
112.0
111.5
112.5
112.0
112.0
114.0
114.0
114.5
113.5
113.5
114.0
114.5
114.0
113.5
114.5
114.0
115.5
115.5
114.5
115.5
114.0
113.0
114.5
112.5
114.0
113.0
113.5
114.0
114.0
113.0
111.0
111.0
111.5
111.5
111.0
111.5
112.0
112.0
112.5
112.5
112.5
112.5
112.0
111.5
111.0
110.5
111.5
110.5
111.0
106.5
108.0
108.0
108.0
108.0
108.0
108.0
108.0
107.5
108.5
108.5
108.0
108.5
108.5
108.0
108.0
108.0
108.0
108.5
108.5
108.0
108.5
108.5
110.0
108.5
107.5
108.5
105.5
104.0
106.0
105.0
104.5
104.5
104.5
104.5
105.0
105.0
104.5
104.5
104.5
108.5
108.0
107.0
105.0
106.0
106.0
106.0
107.0
107.5
107.5
108.5
108.5
104.5
104.0
104.5
104.0
104.0
104.0
104.0
104.0
105.0
104.0
103.0
104.0
104.0
104.0
104.0
103.5
104.0
104.0
103.0
104.0
103.5
104.0
103.0
102.5
102.0
102.0
103.0
102.5
101.5
100.5
101.5
101.5
101.0
100.0
101.0
101.0
102.5
102.0
101.5
102.0
102.0
101.5
102.5
102.0
102.5
103.0
103.0
103.0
102.0
103.0
102.0
103.0
103.5
104.0
103.5
103.5
105.0
104.5
104.0
104.0
103.0
103.0
103.0
102.5
103.0
103.0
103.0
103.5
104.0
104.0
103.5
102.5
103.0
103.5
103.5
103.5
102.5
103.0
103.5
103.5
103.0
103.5
103.5
102.0
103.0
103.5
103.0
102.5
103.0
103.0
103.0
103.0
103.0
103.0
103.0
103.0
103.0
103.0
102.5
102.5
101.5
102.0
103.0
103.0
102.0
102.0
102.0
102.0
102.0
102.0
102.0
101.5
102.0
101.5
101.0
101.0
101.0
101.0
99.5
99.0
99.0
99.5
99.0
99.0
99.5
98.5
99.5
99.5
99.5
99.5
100.0
100.0
100.5
100.0
99.0
99.0
100.0
99.5
99.5
98.0
99.0
101.5
100.5
100.0
100.0
101.5
105.0
104.0
101.5
102.5
102.5
101.5
101.5
101.5
102.0
101.5
102.5
101.5
102.0
103.0
102.5
101.0
100.0
100.5
101.0
100.5
101.5
100.5
100.0
100.0
100.0
100.5
100.0
100.0
99.5
99.5
99.0
96.0
96.0
97.0
96.5
96.0
97.0
96.5
96.5
96.5
96.5
98.5
96.5
96.0
96.0
96.0
95.5
96.0
95.5
95.0
94.0
94.0
95.0
94.5
95.0
94.0
94.0
93.5
96.0
96.0
96.0
94.5
96.0
95.5
95.5
95.0
96.0
96.0
95.5
95.0
95.0
95.0
95.0
94.5
94.0
94.5
95.0
94.5
95.0
95.5
94.5
94.5
95.0
95.5
95.0
95.5
96.0
95.5
96.0
95.0
95.5
96.0
93.0
93.5
90.5
92.0
92.0
89.0
89.5
91.0
91.0
91.0
91.5
91.5
91.0
91.0
92.0
92.5
93.0
92.0
92.5
92.5
92.0
92.0
91.0
91.0
92.0
91.5
91.5
90.0
92.5
92.0
92.0
92.0
92.0
95.0
93.0
92.5
92.5
91.5
92.0
92.5
93.0
93.5
94.0
93.5
93.0
93.5
94.0
93.5
94.0
94.5
94.5
94.0
93.5
95.0
94.0
94.0
93.0
94.0
94.0
94.0
94.0
92.5
93.5
93.0
93.5
94.0
94.0
93.5
93.0
93.5
93.5
93.5
95.0
94.5
94.5
92.0
93.5
93.5
94.0
94.0
93.0
94.0
93.5
93.5
95.0
95.0
94.5
94.5
95.0
93.5
94.0
93.5
94.0
92.0
93.0
93.0
92.5
93.0
91.5
93.0
92.0
93.0
92.5
93.0
93.5
93.5
93.5
93.5
93.5
93.0
93.5
94.0
94.0
94.0
92.0
92.0
91.0
93.0
93.0
93.0
91.0
90.0
87.0
87.0
88.5
88.5
88.0
88.0
90.5
89.0
88.5
89.0
88.0
90.0
90.5
91.0
90.0
91.0
90.0
90.0
89.0
88.5
88.0
90.0
89.0
89.5
89.0
88.5
88.5
88.5
90.5
90.0
89.5
90.0
88.0
87.0
85.0
86.0
87.0
87.0
86.5
86.0
87.0
85.5
87.0
86.5
87.0
87.0
87.0
87.5
87.5
87.0
88.0
86.5
86.5
87.5
87.5
87.0
87.0
87.0
86.5
88.0
91.0
90.5
91.0
91.0
90.5
91.5
91.0
91.5
92.5
92.5
94.0
94.0
93.0
93.0
92.5
92.5
93.5
94.0
93.5
94.0
94.5
94.5
94.0
93.5
93.0
96.0
95.0
95.5
95.0
97.0
96.0
97.5
98.5
98.0
98.5
98.5
99.0
98.5
96.0
97.5
97.5
97.0
96.5
97.5
96.0
97.5
95.0
97.5
97.0
96.0
97.5
97.0
96.5
95.0
95.5
95.0
96.0
95.5
96.5
96.5
96.0
96.5
97.0
97.0
98.0
98.5
97.0
97.5
97.5
98.0
97.0
97.0
98.5
97.5
96.5
96.5
98.0
98.5
98.5
98.5
98.5
98.0
98.5
99.0
100.0
100.5
96.5
96.5
98.5
98.0
98.0
99.0
99.0
99.0
98.5
96.0
98.0
98.5
98.0
97.0
98.5
98.5
98.5
99.0
99.0
98.5
98.5
98.5
99.0
98.0
97.0
97.5
97.5
97.5
97.5
96.5
98.5
98.0
97.5
97.5
98.0
97.5
97.5
96.5
96.5
96.5
98.0
98.0
98.5
98.5
99.0
99.0
98.0
98.0
99.0
99.5
99.5
98.5
98.5
98.5
98.5
98.5
98.0
98.0
98.0
97.5
97.5
96.0
97.0
97.0
98.0
97.5
97.0
96.5
97.0
97.0
94.0
94.5
94.5
97.5
96.0
96.5
96.0
96.5
96.5
96.5
96.5
97.5
97.5
97.5
96.5
96.0
96.5
97.5
96.5
95.5
96.0
97.5
97.0
96.0
97.5
97.0
95.5
95.5
96.0
96.0
96.5
96.5
97.5
99.0
99.0
99.5
103.5
105.0
104.5
104.0
104.5
102.0
102.5
98.0
104.0
104.0
102.5
105.0
104.0
103.5
104.0
102.5
92.5
94.0
93.0
93.5
92.5
94.0
94.5
96.0
94.5
94.5
93.5
92.0
92.0
92.0
92.0
92.0
90.0
90.0
89.0
89.0
89.0
87.5
89.0
89.0
87.5
87.0
87.0
87.0
88.0
87.0
87.5
88.0
86.0
87.5
86.5
87.0
87.5
87.0
84.5
79.5
82.5
82.5
80.0
82.5
82.5
82.0
81.5
82.5
80.5
79.0
79.0
79.0
78.0
78.0
77.0
78.0
79.0
79.0
79.0
79.0
78.5
79.0
79.0
79.0
80.5
80.5
83.5
83.5
83.5
82.5
82.5
83.5
82.0
80.5
81.5
81.5
81.0
81.5
80.0
80.0
81.0
80.0
78.5
80.0
78.5
78.0
78.0
78.0
78.0
78.0
78.0
79.0
79.0
78.0
78.0
79.5
80.0
78.0
78.0
78.0
78.0
79.0
79.0
78.0
79.0
78.5
78.5
78.0
78.5
78.0
78.0
78.0
78.0
78.0
77.5
78.5
78.5
78.5
78.0
78.0
78.0
78.0
78.0
78.0
78.0
78.5
78.5
78.5
78.5
79.0
79.0
78.5
79.0
79.5
80.0
79.5
80.0
79.5
79.0
79.5
81.5
81.0
81.0
80.5
81.5
82.5
83.0
82.0
82.0
81.5
81.5
82.5
81.5
82.5
83.5
81.5
81.5
82.5
84.5
85.0
83.0
83.0
83.0
83.0
83.0
83.5
81.0
81.5
82.5
82.0
82.0
81.5
82.0
83.0
82.5
82.0
81.5
82.5
82.5
82.5
81.5
82.5
82.0
83.0
83.0
83.5
86.0
84.5
84.0
86.5
85.0
85.5
85.0
85.5
85.5
85.0
88.5
87.0
87.5
86.5
87.5
87.5
88.0
86.5
87.5
87.5
88.0
89.0
87.0
86.5
86.5
88.0
87.0
91.0
90.5
93.0
93.0
91.5
91.5
90.5
93.0
90.5
90.0
91.0
91.5
91.5
94.0
93.5
94.0
91.5
92.0
93.0
93.5
94.0
94.0
93.0
92.5
93.0
93.0
93.0
92.5
92.5
92.0
92.0
92.0
91.0
92.0
92.5
91.0
91.5
91.5
91.0
91.5
91.0
90.5
90.0
90.5
90.5
89.5
89.5
90.0
90.0
91.5
91.0
91.0
91.5
90.0
90.5
89.0
89.0
89.0
89.5
89.5
88.0
87.5
89.0
88.5
88.0
88.5
87.5
88.0
87.5
87.0
86.5
86.5
87.0
87.0
87.5
87.0
87.5
88.0
88.0
88.0
87.0
87.0
87.5
86.0
87.0
87.0
87.5
87.0
86.0
86.5
87.0
88.0
87.5
88.0
88.0
88.5
88.5
87.0
86.5
86.5
86.5
87.0
86.5
86.5
86.5
86.5
86.5
87.0
87.0
87.0
86.5
86.5
87.5
87.0
87.0
87.0
87.0
87.0
87.5
87.5
88.0
86.5
85.5
85.5
86.0
86.0
85.5
87.0
86.5
85.0
85.5
85.5
86.0
86.0
85.5
86.0
86.0
85.5
86.0
85.5
86.0
85.5
85.5
86.0
86.0
85.5
85.5
85.5
85.0
85.5
85.0
85.0
85.5
85.0
86.0
86.0
85.0
85.5
85.5
86.0
86.0
85.5
87.0
88.0
88.5
88.0
87.5
88.5
88.5
88.5
87.0
87.5
87.0
88.0
87.5
88.0
89.5
87.5
88.5
91.0
91.5
91.5
89.5
91.0
90.5
89.5
88.5
90.5
88.0
89.5
89.5
90.0
90.0
90.0
91.0
91.0
91.5
92.5
92.0
92.0
91.5
90.0
91.0
92.5
91.0
91.5
90.5
90.0
91.5
91.0
89.5
90.0
90.0
90.5
90.0
91.0
90.0
90.0
90.0
90.0
90.0
90.0
91.0
90.5
90.0
90.0
90.0
91.0
89.0
89.5
90.0
88.5
89.5
89.0
89.5
90.0
88.5
88.5
88.5
89.5
90.0
89.0
88.5
88.5
89.0
89.0
89.5
89.5
89.5
89.5
89.0
90.0
89.5
89.5
89.5
90.0
90.0
90.5
90.5
91.0
91.5
91.5
92.5
93.0
92.0
92.0
92.0
91.0
91.0
90.5
91.5
92.0
92.0
92.0
91.5
91.5
92.0
90.5
91.0
90.5
91.0
91.5
90.5
91.0
93.5
94.0
92.0
93.0
93.0
92.5
91.5
92.0
92.0
91.0
91.5
92.0
90.5
92.0
90.5
92.0
91.5
91.5
92.0
91.0
91.0
92.0
91.5
92.5
93.0
93.0
92.5
92.5
93.5
93.0
93.5
92.5
93.5
93.0
92.5
93.0
94.5
93.5
94.0
94.0
94.0
93.5
95.0
96.0
97.5
97.0
98.0
97.0
97.5
96.0
98.0
96.0
96.0
96.0
97.0
96.5
95.5
95.0
96.5
96.5
97.0
95.0
95.5
95.5
96.5
95.5
97.0
97.0
94.0
94.5
94.0
94.0
94.5
94.5
94.5
94.0
94.5
94.5
93.5
94.5
95.0
94.5
94.5
94.5
94.5
94.0
94.0
94.5
94.5
94.0
94.0
95.0
95.0
94.5
94.5
94.5
95.0
95.0
95.0
94.5
94.5
95.0
94.0
95.0
95.0
96.0
97.0
95.5
96.5
96.5
97.0
95.5
96.5
96.0
96.5
97.0
96.5
96.0
96.0
95.0
95.5
95.5
95.0
97.0
96.0
96.0
97.0
94.5
96.5
95.5
96.0
94.5
96.0
97.0
95.5
95.0
94.5
95.0
94.5
94.0
95.0
95.0
95.5
95.0
95.0
95.5
94.5
95.5
97.0
100.0
99.0
97.5
99.0
98.5
98.5
96.5
97.0
97.0
93.5
94.5
94.0
94.5
94.5
94.0
95.5
96.0
96.5
96.0
96.0
96.5
98.0
97.5
98.0
98.5
98.0
98.5
96.5
97.0
97.5
98.0
98.5
98.0
97.5
97.0
97.5
97.0
97.0
96.5
96.5
96.5
96.0
97.5
98.0
98.0
98.0
98.5
98.0
98.5
97.5
95.5
96.0
97.0
97.0
97.0
96.5
98.0
97.0
98.0
98.0
98.0
98.5
99.0
98.5
99.0
98.5
98.5
98.5
98.5
97.5
99.0
98.5
99.0
98.5
98.5
98.0
97.0
97.5
98.0
96.5
97.5
97.0
97.0
96.0
96.0
96.5
96.5
97.5
97.0
96.0
96.5
98.0
98.0
98.0
97.0
97.0
95.5
95.5
95.5
95.5
97.5
98.0
98.0
98.0
96.0
98.0
97.0
96.5
96.0
96.0
97.0
96.5
96.0
96.5
96.5
97.0
97.0
97.0
96.5
97.0
97.0
98.0
97.0
97.0
97.0
96.5
96.0
96.0
96.5
96.0
96.0
96.0
96.0
96.5
96.0
96.5
96.0
96.5
96.5
96.5
96.0
96.0
96.0
96.0
95.5
95.5
96.0
95.0
95.0
95.0
96.0
96.0
96.0
96.5
95.0
95.5
95.5
96.0
96.0
95.5
95.5
95.5
95.5
95.5
95.5
95.5
95.5
95.5
95.0
95.5
95.0
95.5
95.5
96.0
95.0
95.0
95.0
94.5
94.5
95.0
94.5
94.5
95.5
93.0
92.5
92.5
93.0
93.0
93.0
93.0
93.0
92.0
91.0
91.5
91.5
91.5
91.5
91.5
89.5
89.5
90.5
90.5
89.5
90.5
90.5
90.0
90.0
90.0
90.0
87.0
90.0
90.0
90.0
90.0
89.0
90.0
90.0
90.0
89.5
90.0
90.0
90.0
90.5
91.0
90.0
90.0
91.0
91.0
91.5
91.5
91.5
91.5
92.5
92.0
92.0
92.0
93.0
93.0
92.0
91.5
92.0
92.0
91.5
91.5
92.5
90.0
91.0
91.0
90.0
91.0
91.0
91.0
90.5
90.5
91.0
89.5
90.0
90.0
90.0
90.0
88.5
90.0
89.0
90.0
90.0
90.5
90.0
90.5
89.5
90.0
90.5
90.0
92.0
90.5
93.0
93.0
94.0
92.0
93.5
94.0
94.0
94.0
93.5
94.0
93.5
93.0
93.5
94.5
95.0
94.0
94.0
94.0
95.0
95.0
93.5
94.0
94.0
94.5
93.0
93.5
93.0
93.5
94.0
95.0
95.5
95.5
95.5
95.5
95.5
95.5
97.0
95.0
96.0
96.0
94.5
95.0
94.5
94.5
95.0
95.0
93.5
94.5
94.5
95.0
95.5
94.0
94.0
94.5
95.5
96.0
96.5
95.0
95.5
95.5
95.5
95.0
94.5
95.0
95.5
94.5
95.0
94.5
95.5
95.0
96.0
95.5
96.0
96.0
94.5
95.0
95.0
95.0
95.0
96.5
96.5
95.5
96.5
96.0
95.5
96.0
94.5
95.0
95.0
95.5
94.5
95.0
95.0
95.5
97.5
97.5
95.0
94.0
94.5
94.5
100.0
98.0
97.5
98.0
98.0
97.0
97.0
97.0
96.0
97.5
96.0
96.5
95.5
96.5
96.5
97.0
96.0
96.5
96.5
97.0
96.5
96.0
98.0
96.0
97.5
97.0
96.0
96.0
96.0
96.0
97.0
96.5
97.0
97.0
97.5
97.0
97.0
97.5
97.5
97.5
98.0
96.0
96.5
98.0
98.0
95.0
95.5
95.0
96.0
95.0
94.5
95.0
94.5
95.5
94.0
95.0
92.5
93.0
93.5
93.0
93.0
92.5
92.5
92.5
92.5
92.5
94.5
95.5
94.0
92.5
93.5
93.0
92.5
93.0
93.5
93.5
94.0
92.0
92.5
93.0
93.0
93.5
94.5
94.0
93.0
93.0
94.0
94.0
94.5
94.5
93.0
94.0
94.0
94.0
94.0
94.0
94.0
94.0
94.5
94.5
93.0
95.0
95.0
95.0
95.5
94.0
94.0
96.5
95.5
96.5
96.0
95.0
94.5
94.0
94.5
94.0
94.5
94.0
94.5
94.5
94.0
93.0
94.0
94.0
93.5
93.5
93.5
94.0
94.5
93.5
94.0
95.0
93.5
93.5
94.0
93.5
94.0
93.5
94.0
94.0
94.5
95.0
95.5
96.5
96.0
97.0
97.0
96.0
97.0
98.0
96.0
98.0
98.0
98.0
95.5
96.5
96.0
96.0
97.0
96.0
96.5
97.0
94.5
95.0
95.5
99.0
97.0
98.0
98.0
98.0
97.5
99.0
97.5
96.0
96.5
98.0
95.5
96.0
96.5
95.5
96.0
96.0
96.0
95.5
96.5
96.5
97.0
96.0
97.0
97.5
98.0
99.0
98.0
97.0
96.5
98.0
97.5
96.5
97.0
97.0
98.0
97.0
97.0
96.0
97.0
97.0
97.5
96.5
97.0
96.0
97.0
95.0
96.0
95.0
96.0
95.5
95.5
96.0
96.5
95.0
96.0
96.0
96.0
96.0
95.5
95.0
95.5
95.5
95.0
95.5
95.0
96.0
95.5
95.0
96.0
95.0
95.5
95.5
95.0
95.0
95.0
96.0
96.5
96.0
95.5
95.0
95.5
97.0
99.5
98.5
98.0
97.5
97.0
96.5
97.0
96.5
96.5
96.5
97.0
97.0
96.5
97.0
98.0
97.5
97.0
97.5
97.0
96.5
97.0
96.5
96.0
97.0
96.5
97.0
96.0
96.5
96.0
97.0
96.0
96.0
96.5
96.5
96.0
96.0
96.5
97.5
96.5
97.5
97.5
97.5
97.0
98.0
98.0
97.0
97.5
97.0
97.5
97.0
96.5
97.5
97.5
96.5
96.0
97.0
96.5
97.0
96.5
97.5
96.5
98.0
98.0
96.5
97.5
97.5
97.0
98.0
97.0
97.5
96.0
95.5
92.0
93.0
93.5
93.0
91.0
93.0
92.5
94.0
94.5
93.5
94.5
94.5
96.0
95.0
95.0
94.5
95.5
95.0
94.0
94.0
95.0
95.0
96.0
95.0
95.5
95.5
96.0
94.0
94.0
95.0
95.0
94.5
95.0
94.0
93.5
92.5
93.5
93.5
91.0
93.5
94.0
94.0
94.0
94.0
94.0
94.0
93.5
94.0
93.5
94.0
94.0
93.0
93.5
93.5
93.0
93.5
93.0
93.5
93.5
93.0
93.5
92.0
92.0
92.5
91.5
92.5
92.5
92.5
92.0
92.5
92.0
91.0
90.5
91.0
91.0
91.5
90.5
91.0
91.0
91.0
91.5
91.0
91.0
90.5
91.0
91.0
90.5
91.5
91.0
90.5
91.0
91.5
91.5
90.5
91.5
91.5
91.5
91.5
91.5
92.0
92.0
91.0
92.0
94.0
93.0
94.5
93.0
92.5
92.5
92.5
91.0
91.0
91.5
91.0
91.5
91.5
91.5
91.0
91.0
91.5
92.5
92.5
92.5
93.5
93.0
92.0
93.0
91.5
92.0
92.0
92.0
92.5
92.5
92.5
92.5
92.0
92.5
93.0
93.5
92.5
93.0
93.5
93.0
93.0
92.5
92.5
92.5
93.5
93.5
94.5
94.5
94.0
93.5
93.0
93.0
92.5
94.0
91.5
92.0
92.5
91.5
92.5
91.5
92.5
91.5
91.5
92.0
92.5
91.5
91.5
92.0
92.0
92.0
91.5
92.0
92.5
92.0
92.5
92.0
92.5
92.5
92.0
92.0
92.0
92.0
92.0
91.5
92.0
92.0
91.5
92.0
91.5
93.0
93.0
93.5
94.5
94.0
94.0
94.5
93.5
93.5
93.5
93.0
93.5
93.5
93.0
93.5
94.0
92.5
94.0
93.0
93.5
93.0
94.0
97.5
95.5
91.0
91.5
91.5
91.0
91.5
91.0
91.0
91.0
91.0
89.5
91.0
91.0
91.0
91.0
90.5
89.5
90.0
89.5
89.0
89.0
88.0
88.0
88.5
88.5
88.5
88.5
88.0
88.0
88.0
88.0
87.5
87.5
88.0
88.0
88.5
87.0
88.0
87.0
87.5
87.0
88.0
88.0
88.0
87.5
87.5
88.0
88.0
87.5
89.0
89.5
87.5
89.5
89.0
89.0
90.0
89.5
88.5
89.5
88.5
90.0
89.0
89.5
88.0
89.5
89.5
90.0
88.5
88.0
88.0
88.0
88.0
87.0
87.0
86.5
86.5
86.5
87.0
87.0
86.5
86.0
86.0
86.0
85.0
84.5
84.5
85.5
85.0
85.0
85.0
84.0
84.5
84.5
84.5
86.0
84.0
85.0
85.5
84.5
85.5
85.5
86.0
86.5
86.0
86.0
86.5
86.5
86.0
86.0
86.0
85.0
85.5
85.0
85.5
85.0
85.0
85.0
86.0
85.5
85.5
86.0
86.0
86.0
86.5
85.0
86.0
86.5
87.0
87.0
87.5
87.0
86.0
87.0
86.0
86.5
86.5
86.0
86.0
85.5
85.0
85.0
86.0
86.0
85.5
85.0
86.0
86.0
86.5
87.0
87.0
86.0
87.0
86.0
86.5
86.5
85.5
85.0
86.0
86.0
86.0
86.0
84.5
84.5
84.5
84.0
84.5
85.5
83.0
83.5
83.5
83.5
82.5
83.5
83.5
83.0
83.0
83.5
83.5
83.5
83.5
83.5
83.5
83.0
83.0
83.0
82.5
81.0
81.0
81.0
80.5
81.0
81.0
80.5
81.0
81.5
81.5
80.5
81.0
81.5
81.5
81.5
81.5
81.5
79.0
78.0
79.0
79.0
78.5
79.0
79.0
79.0
79.0
79.0
79.0
79.5
78.5
78.5
79.5
77.0
78.5
80.0
79.5
79.5
79.5
79.0
78.5
80.5
80.5
80.0
80.0
83.5
82.5
83.0
82.5
82.5
82.5
84.0
83.0
82.0
80.5
81.5
81.0
82.0
82.0
82.0
79.5
80.0
80.5
80.0
80.0
81.0
80.0
81.0
81.0
81.0
80.5
80.5
81.0
80.5
81.0
81.0
81.5
80.0
80.0
80.5
80.0
81.0
80.0
80.5
80.5
81.0
80.0
81.0
80.0
80.0
80.0
80.0
79.0
79.5
80.5
83.5
83.5
84.5
84.0
81.0
81.5
81.5
81.0
81.0
81.0
82.0
82.0
81.5
84.0
82.0
83.5
83.5
83.5
82.0
79.0
81.0
82.0
81.0
82.0
83.0
82.0
82.5
81.5
81.0
80.5
81.0
81.5
80.0
80.5
80.0
80.0
79.5
79.5
80.5
80.5
80.0
80.5
80.0
79.5
80.5
79.0
79.0
80.0
80.0
79.5
79.5
80.0
80.5
80.0
79.5
79.5
80.0
79.5
80.0
79.5
80.0
79.5
80.5
79.5
79.5
79.5
79.5
80.5
79.5
80.0
81.0
81.5
81.5
80.5
82.5
83.0
82.5
82.5
82.0
82.0
82.0
81.5
80.0
79.5
79.0
79.0
79.0
79.5
79.0
78.5
78.0
78.5
78.5
79.0
78.0
77.5
78.5
78.5
78.5
78.5
78.5
78.5
78.5
78.0
78.5
78.5
78.0
78.0
78.0
78.5
77.5
77.5
77.0
78.0
78.0
78.0
77.0
78.0
78.0
78.0
78.5
78.0
78.0
78.0
77.0
77.0
77.5
77.5
78.0
76.5
76.0
76.5
75.5
76.5
75.5
76.0
76.0
75.5
76.0
75.5
76.0
76.5
76.5
76.5
76.5
76.0
76.0
75.5
75.5
76.0
76.0
75.0
76.0
76.0
75.0
76.0
76.0
76.5
76.5
77.0
76.5
76.5
76.5
76.0
76.0
76.5
78.0
78.0
78.0
78.0
79.0
79.0
79.5
79.5
79.5
79.0
79.5
79.5
79.5
79.5
78.0
78.0
78.5
79.0
79.0
79.0
79.5
79.5
78.0
77.5
77.0
77.0
76.0
77.0
77.0
76.5
76.5
76.5
76.0
75.5
75.5
75.5
75.5
75.5
75.5
76.0
76.0
76.0
76.0
76.0
76.0
76.0
75.0
75.5
75.0
76.0
76.5
76.0
76.5
76.5
76.0
75.0
76.0
75.0
75.0
76.0
75.5
75.5
75.5
75.5
76.0
75.5
74.5
74.5
75.5
75.0
75.5
75.0
75.5
75.0
74.5
75.5
75.0
75.5
75.0
75.5
75.5
74.5
75.0
75.0
75.0
75.0
75.0
75.5
74.0
74.0
74.0
73.5
73.5
73.5
74.0
73.5
73.5
73.5
72.0
71.5
69.0
61.5
62.5
67.5
68.5
62.5
61.5
62.0
60.5
61.5
61.5
62.0
61.5
61.0
61.5
63.0
62.5
62.0
61.5
62.0
62.0
62.5
63.0
63.0
62.5
63.0
63.0
61.0
61.0
61.5
59.5
61.0
60.5
59.5
59.5
59.5
60.0
59.5
60.0
59.5
59.0
59.5
59.5
59.0
58.0
57.5
57.0
57.5
57.0
57.0
56.5
57.0
56.5
57.0
56.5
56.5
56.5
57.0
57.0
56.5
56.5
56.5
55.5
55.0
54.5
54.0
54.0
54.5
54.0
53.5
53.5
54.0
54.5
54.5
54.0
54.5
54.5
54.5
54.5
54.5
55.0
54.5
54.0
54.0
54.0
54.5
54.0
53.5
54.0
54.5
54.5
53.5
53.0
53.0
52.0
53.0
52.5
53.0
53.5
53.5
53.5
53.5
53.0
52.5
53.0
53.0
53.0
53.5
54.0
53.5
53.5
68.0
69.5
64.0
65.0
64.0
66.5
65.0
65.0
62.5
63.0
62.0
60.5
61.5
62.0
62.5
62.5
62.5
63.0
61.6
64.4
62.8
62.0
60.6
60.0
60.4
60.6
61.0
60.8
60.8
60.6
60.8
61.2
61.0
61.2
61.4
61.6
61.6
60.8
60.8
60.0
60.0
60.2
60.4
60.2
60.2
60.4
60.8
60.8
60.8
60.4
51.4
54.8
55.0
55.8
56.6
56.8
56.2
55.2
56.6
56.4
56.4
55.6
56.2
56.2
55.8
55.8
56.6
56.0
56.4
56.0
56.4
56.0
56.0
56.2
57.2
56.8
56.6
56.6
56.8
56.0
56.8
56.6
56.6
56.6
56.6
56.2
56.0
56.0
56.0
56.2
56.0
55.8
55.8
55.8
55.8
55.2
56.0
56.8
56.0
55.8
55.0
55.2
55.2
55.6
56.0
55.0
56.0
55.8
54.8
55.8
55.4
55.0
55.2
55.8
55.6
56.0
56.0
55.4
57.8
57.0
57.0
56.4
57.2
57.8
57.4
57.4
57.2
57.6
56.8
56.0
56.2
56.0
57.4
57.6
57.4
57.8
57.6
57.6
57.6
57.8
61.8
60.6
60.0
60.4
60.0
60.6
60.6
61.8
62.6
65.4
64.0
61.8
62.6
61.6
62.2
62.4
61.8
59.2
61.0
61.2
60.8
60.2
60.8
60.2
60.8
61.2
61.0
61.2
61.2
60.6
60.8
61.0
60.6
60.2
60.8
62.0
62.0
62.0
61.2
61.0
63.0
63.4
63.4
63.2
63.2
62.8
62.6
63.2
63.8
63.0
62.8
62.4
62.0
62.4
62.8
63.0
63.0
61.8
62.6
61.8
62.6
62.6
61.2
62.2
62.2
62.2
61.0
61.6
61.4
61.4
61.2
60.0
60.2
61.0
61.4
61.4
61.0
61.6
61.4
61.4
61.0
61.0
60.2
61.2
61.4
61.4
61.4
61.2
60.4
60.8
60.4
60.6
60.0
60.2
60.6
60.8
60.2
60.2
61.0
60.0
60.0
60.8
60.8
60.2
60.8
60.6
60.0
60.6
60.6
60.4
59.8
59.8
59.0
58.8
60.2
60.6
59.8
59.2
59.2
58.6
59.2
59.0
58.0
57.6
58.0
58.2
57.8
57.0
57.8
58.0
58.0
57.2
58.0
57.2
58.2
58.0
58.2
57.6
57.0
58.0
57.0
58.2
58.2
58.0
58.6
57.8
57.0
57.2
57.0
55.8
56.4
56.4
56.2
55.8
55.8
55.6
55.4
55.2
55.2
55.6
55.6
55.0
54.2
54.8
54.0
52.8
53.2
53.6
53.8
53.8
55.0
55.2
54.6
55.0
54.4
53.4
54.2
54.4
56.0
53.6
54.0
54.8
55.0
54.6
54.6
54.6
55.2
57.6
55.0
55.0
54.0
54.6
54.2
53.8
53.8
55.0
55.4
54.0
54.8
55.0
59.8
57.4
58.0
58.0
57.0
57.0
58.0
56.0
58.8
58.4
58.0
58.2
58.4
58.2
58.8
58.4
58.8
59.8
58.8
59.0
59.6
59.8
59.8
59.8
59.0
59.4
59.2
59.6
59.4
59.2
58.4
58.8
59.0
58.0
58.2
58.2
58.2
57.4
57.4
57.4
57.6
57.8
58.2
57.6
58.2
57.8
58.2
57.8
57.2
57.6
57.0
56.4
57.4
57.0
57.4
57.2
57.0
57.2
57.4
57.0
56.6
57.2
57.6
57.4
57.8
58.0
57.0
57.6
58.6
58.8
58.6
58.2
58.4
58.8
58.6
58.6
58.6
59.0
59.6
60.0
60.0
60.0
62.8
59.6
61.0
60.2
60.2
60.2
60.0
60.0
60.2
60.2
60.2
61.2
60.0
60.0
60.4
60.4
60.6
60.2
61.0
61.6
60.4
61.2
60.8
60.8
60.6
61.2
60.4
60.4
60.6
60.6
61.2
60.6
61.2
61.4
61.8
60.2
60.8
61.0
60.8
60.8
61.0
61.0
61.8
60.8
61.0
61.0
60.6
60.6
61.0
61.0
60.2
60.0
60.2
60.2
60.0
60.8
59.8
60.0
60.0
60.0
60.4
60.4
61.6
60.0
60.4
61.0
59.2
61.2
60.4
60.6
60.8
61.2
60.05
60.2
60.45
60.4
60.15
60.15
60.4
60.95
61.0
60.05
59.8
60.15
60.25
60.0
60.45
60.0
59.95
59.65
59.65
59.65
59.9
59.95
59.95
59.95
60.1
59.95
59.95
60.1
60.2
60.3
60.8
60.0
60.4
60.4
60.15
60.0
60.9
60.6
60.65
60.5
60.6
60.1
60.45
60.4
60.4
59.6
59.75
59.8
59.8
60.45
60.0
59.4
59.5
59.95
59.9
59.0
59.65
59.85
58.6
59.65
58.95
58.6
58.7
58.7
58.9
58.55
57.8
57.95
57.8
57.8
57.5
57.25
57.2
57.65
57.6
57.75
59.0
58.15
58.25
59.3
59.5
60.0
60.0
59.8
59.75
59.75
59.85
59.45
59.35
59.75
59.5
59.5
59.35
59.15
58.6
58.3
58.2
58.3
58.6
58.4
58.1
57.75
58.3
58.1
58.1
58.15
58.1
59.3
58.75
59.25
59.3
59.25
58.85
58.95
59.25
58.95
59.3
59.5
59.25
59.2
59.2
59.5
58.0
58.8
57.65
59.9
58.35
59.0
59.05
59.45
58.0
58.65
58.05
58.1
58.6
58.85
58.9
58.75
58.25
58.65
58.75
58.6
58.4
58.2
58.2
58.6
58.3
58.3
58.7
58.2
58.3
57.7
57.6
57.6
57.45
57.45
58.4
58.1
57.85
57.8
57.85
58.2
57.6
57.9
58.15
58.5
58.25
58.35
58.4
57.45
58.35
57.4
58.25
58.3
57.15
57.95
57.55
58.15
58.1
57.5
57.35
58.15
58.25
57.5
57.45
57.75
57.9
57.45
57.85
57.2
58.0
57.75
57.8
57.8
57.85
57.8
57.85
57.2
57.9
57.35
57.8
59.45
59.4
59.0
59.4
58.6
58.1
58.4
58.05
58.2
58.05
58.0
57.9
57.55
58.15
57.3
58.0
58.05
57.85
58.0
57.7
57.7
57.7
57.95
58.0
58.05
58.85
58.8
58.8
58.55
58.0
58.0
58.4
58.55
58.1
58.1
58.1
58.1
57.85
58.0
58.2
58.1
58.1
58.0
58.1
58.1
58.1
58.15
58.15
58.15
58.0
57.15
57.55
57.55
57.85
57.55
58.0
58.0
58.3
58.1
57.9
57.65
57.65
58.0
57.95
57.95
58.0
58.0
57.95
57.95
57.95
57.95
58.15
57.65
57.85
57.55
57.85
57.85
57.5
57.8
57.85
58.05
58.0
57.55
57.55
57.7
57.6
57.6
57.65
57.65
57.65
57.75
58.0
58.1
57.9
57.9
58.0
57.85
57.9
58.0
58.05
58.05
57.8
57.8
58.0
58.0
57.9
57.8
57.8
57.8
58.0
57.85
57.55
57.75
57.7
58.0
58.0
58.0
57.75
58.15
58.0
58.0
57.95
57.8
58.0
58.3
58.05
57.9
57.95
57.95
57.95
58.0
58.0
58.3
58.3
58.0
58.3
58.3
58.3
58.1
58.0
58.0
57.95
58.5
58.25
58.55
58.5
58.5
58.5
58.45
58.45
58.45
58.05
58.45
58.45
58.15
58.1
57.95
58.45
58.55
58.65
58.1
58.1
58.15
57.85
58.25
57.6
57.95
57.9
57.95
58.0
58.0
57.8
57.95
57.85
57.85
57.95
58.0
57.95
58.5
58.05
59.0
58.45
58.55
58.45
58.15
58.3
56.5
56.7
56.85
56.85
56.7
56.55
56.45
56.85
56.6
56.65
56.7
56.7
56.75
56.8
57.0
56.8
57.35
56.85
56.85
56.8
55.75
56.35
56.15
55.8
55.95
56.35
56.35
56.35
56.05
56.25
56.0
56.25
56.0
55.8
56.3
55.5
55.6
55.8
56.0
55.8
55.8
55.55
55.6
55.95
56.1
55.75
55.65
55.95
55.95
55.65
56.2
55.95
55.95
56.2
56.0
55.95
55.95
55.9
56.2
56.15
56.0
56.55
56.4
56.05
56.25
56.4
56.35
55.55
55.75
56.1
56.15
56.2
56.15
56.05
55.8
56.1
55.85
55.95
55.85
55.85
55.75
55.75
58.7
58.7
58.95
59.05
58.05
57.75
57.75
57.1
57.8
57.6
57.5
57.0
57.0
57.25
57.2
57.15
57.4
56.25
56.0
56.3
56.55
56.35
56.25
56.45
56.2
56.1
50.55
51.25
51.55
52.35
52.0
51.45
51.8
52.3
52.1
51.3
52.4
52.35
52.3
52.25
51.6
52.8
52.5
52.8
52.1
52.3
52.1
50.3
50.2
50.75
50.35
50.6
50.4
50.5
50.45
50.65
50.35
50.1
50.85
50.55
50.45
50.35
50.35
50.75
50.75
50.6
50.75
50.9
51.2
51.4
51.45
51.5
51.3
50.95
51.0
50.85
50.65
51.0
51.05
51.0
50.55
51.85
51.75
51.5
51.0
51.35
51.05
51.15
52.35
51.15
51.7
51.6
51.4
51.35
51.55
51.5
51.55
51.55
51.0
50.8
51.4
51.25
50.8
50.0
49.7
49.7
49.9
50.4
49.85
49.7
49.8
49.85
49.75
49.7
49.7
49.9
49.6
49.4
49.15
49.7
49.4
49.2
49.4
49.45
49.4
49.5
49.7
49.5
49.45
49.5
49.5
49.55
49.6
49.0
49.1
49.1
49.35
49.35
49.5
49.35
49.1
49.15
49.4
49.45
49.1
49.15
49.7
49.8
49.85
49.9
49.9
50.0
49.2
50.3
49.95
49.85
49.9
49.95
49.9
49.95
50.5
50.55
50.35
50.2
49.95
49.95
50.05
50.0
49.95
49.95
49.95
49.9
49.95
49.9
49.5
49.9
49.9
49.8
49.8
49.75
49.75
49.75
49.6
48.65
48.9
48.6
48.75
48.7
48.8
48.4
49.2
48.95
48.95
49.25
49.1
48.95
49.05
48.85
49.0
49.0
49.1
48.75
49.15
49.0
49.15
49.0
48.45
49.0
48.4
48.8
48.8
48.8
48.85
49.0
48.95
48.9
48.55
49.15
48.7
48.7
49.3
48.95
48.85
49.0
49.4
49.55
49.1
49.75
49.75
49.75
49.75
49.8
49.8
50.3
50.5
50.5
50.5
50.4
50.1
50.1
50.45
50.1
50.0
50.2
50.2
50.25
50.0
50.05
50.0
50.0
50.1
50.15
50.15
50.2
50.2
50.25
50.05
50.05
50.0
49.7
49.95
49.95
50.05
49.8
49.65
49.6
49.6
50.0
49.75
50.05
50.05
50.05
50.3
50.35
50.35
50.05
50.35
50.0
50.55
50.4
51.15
51.6
51.45
51.3
51.0
51.5
50.85
50.85
50.6
50.35
50.85
50.85
50.75
50.45
50.65
50.65
50.65
50.6
50.5
51.05
51.2
51.2
51.7
51.6
52.0
52.35
56.0
54.4
54.0
53.9
54.35
54.35
53.8
53.5
53.95
53.6
53.4
53.45
53.45
53.5
53.4
53.35
53.75
53.65
53.9
53.65
53.65
53.3
53.6
53.5
53.5
60.45
58.4
57.2
56.5
54.8
54.95
55.45
55.25
55.05
57.1
57.8
58.0
56.9
56.65
56.05
56.5
56.5
56.85
55.4
55.0
54.65
55.25
55.05
55.0
55.35
55.15
55.35
55.2
55.2
55.45
55.4
55.45
54.6
54.65
55.4
55.45
54.55
55.45
55.3
54.55
54.9
56.05
56.1
56.2
56.5
56.4
56.45
56.65
57.2
57.25
56.15
56.8
56.65
56.5
56.7
56.8
56.65
56.25
56.5
55.4
56.15
55.85
55.2
55.55
55.4
55.55
55.5
55.2
55.1
55.0
55.45
55.45
56.05
55.75
54.7
55.3
55.55
55.3
55.05
54.75
55.15
55.25
54.85
54.9
54.7
54.55
55.45
55.2
55.1
55.35
55.25
54.7
53.7
54.05
54.5
54.55
53.6
54.15
53.9
54.0
53.85
54.4
54.3
54.55
53.8
54.55
54.2
53.4
53.4
53.45
54.05
53.8
53.95
53.95
53.8
53.75
53.75
53.75
53.5
54.25
53.55
53.85
53.85
53.95
53.8
53.8
53.8
53.8
54.1
53.8
54.15
53.75
54.3
53.75
54.3
54.35
54.6
54.4
54.45
54.45
54.8
55.15
54.55
54.4
53.95
54.4
53.95
54.0
54.4
54.35
53.35
53.35
53.35
53.75
53.5
53.9
53.4
53.35
53.0
53.3
52.9
52.85
52.5
52.85
52.45
52.8
53.0
52.8
52.15
52.85
52.75
52.9
52.15
52.8
52.75
52.4
52.7
52.85
52.3
52.3
52.3
52.25
52.3
52.8
52.4
52.45
52.1
52.0
51.95
51.85
52.15
51.25
51.95
51.95
52.15
52.0
52.2
52.15
52.0
52.3
51.65
51.85
52.05
51.7
51.8
51.1
50.95
50.85
50.8
50.9
51.05
51.2
51.2
51.2
51.2
51.0
51.2
50.9
50.6
49.0
49.3
49.2
49.35
49.35
49.55
48.85
49.6
49.4
49.65
49.35
49.1
49.1
49.0
49.15
49.5
49.6
49.0
49.45
49.1
49.15
48.95
49.25
49.2
49.45
49.85
49.6
49.8
49.6
49.95
49.6
50.15
49.6
50.2
50.2
49.95
50.2
49.9
50.15
49.9
49.5
50.2
50.2
50.1
50.05
49.65
50.0
50.25
50.4
50.05
50.0
50.05
50.1
50.1
50.0
50.0
50.0
50.0
49.7
49.75
49.55
49.7
50.3
50.2
50.25
50.25
50.2
50.25
50.35
49.85
50.0
50.2
50.2
50.35
49.55
49.75
49.75
50.15
49.85
49.85
50.0
50.7
50.5
50.65
50.35
50.75
49.85
49.6
50.0
49.95
49.65
49.9
49.9
49.95
49.9
49.95
49.95
50.0
50.1
50.15
49.95
49.85
49.9
49.95
49.5
49.95
49.95
49.65
49.7
49.95
50.1
50.05
49.85
49.8
49.8
50.05
49.5
49.6
49.6
50.0
49.95
50.05
50.05
50.0
49.95
49.9
52.5
51.45
51.1
51.0
51.05
50.95
51.15
51.15
50.9
50.85
50.75
50.8
50.75
50.5
50.85
50.0
50.75
51.35
57.95
59.6
57.6
61.0
58.7
58.8
56.05
55.65
55.45
56.3
55.65
55.0
54.9
55.0
55.0
54.55
54.55
55.85
55.65
54.45
53.5
54.9
54.4
54.6
55.5
54.4
54.4
54.2
54.2
54.1
53.05
54.35
55.0
53.8
54.0
54.0
54.75
55.3
54.6
54.0
54.4
53.95
54.15
54.95
53.7
53.65
53.7
53.8
53.25
53.7
53.95
53.0
53.15
54.95
54.75
54.4
53.65
53.75
53.2
54.75
54.2
53.8
53.9
53.85
53.5
53.3
53.1
53.1
53.4
53.9
53.4
53.85
53.85
53.9
54.05
54.1
54.25
53.5
53.95
53.25
53.9
53.9
53.9
53.35
54.4
53.45
54.2
54.6
54.75
53.65
53.55
53.6
53.9
53.3
53.75
53.8
53.7
53.0
53.45
52.9
53.6
54.95
53.3
53.3
53.4
53.5
53.95
53.8
53.1
54.45
54.0
53.35
54.05
53.7
53.7
54.35
54.25
53.3
53.65
53.4
53.4
53.2
54.0
53.4
54.45
54.2
54.05
53.4
53.95
54.4
54.1
54.2
53.85
53.8
53.75
53.75
53.0
52.8
52.95
52.5
52.9
52.4
52.9
53.0
53.05
52.95
53.05
52.55
51.95
52.5
52.45
52.05
52.25
52.2
51.9
52.1
51.65
55.15
55.1
54.35
52.85
53.4
53.4
52.15
52.3
52.1
52.3
52.35
52.1
52.15
51.95
52.45
52.5
52.5
52.25
52.4
52.4
52.4
52.5
52.5
52.05
52.5
52.5
52.6
52.2
52.45
52.3
52.5
52.35
52.35
52.55
52.6
52.45
52.5
54.75
53.45
54.1
54.65
54.6
54.65
54.3
55.6
57.0
57.15
58.0
57.9
58.45
57.5
57.05
57.25
57.0
57.9
57.75
57.0
56.2
57.2
57.45
56.1
57.2
56.5
58.2
57.45
57.35
57.1
57.55
57.55
57.1
56.25
57.75
57.3
57.2
56.85
56.1
56.1
56.8
57.85
57.05
57.65
56.6
56.85
56.2
56.85
58.0
58.0
56.85
56.45
57.2
56.55
57.3
56.45
56.45
56.8
56.45
55.55
56.25
56.9
57.0
56.0
57.25
57.55
57.0
56.45
56.4
57.15
56.4
56.9
57.05
56.45
56.35
55.55
56.25
55.8
56.25
56.25
55.65
55.85
56.05
55.3
55.95
55.9
55.9
55.95
55.9
55.8
55.7
55.7
55.6
55.6
55.6
55.6
55.65
55.45
56.05
55.55
55.45
55.95
55.4
55.6
56.1
55.9
55.75
56.1
56.1
55.1
56.5
55.5
55.95
55.3
54.8
54.8
54.85
54.75
54.95
54.95
55.0
55.3
55.35
55.45
55.5
54.65
54.85
55.2
56.45
57.45
57.9
58.45
56.85
56.5
57.3
57.25
57.95
58.9
58.25
57.95
57.5
57.95
57.65
57.6
57.45
57.45
57.1
57.1
57.5
57.45
58.4
57.0
57.05
57.05
57.9
56.9
56.9
56.9
56.85
56.45
56.8
56.4
57.3
56.55
56.4
56.9
57.15
57.35
57.0
56.4
56.95
56.65
56.65
56.65
57.65
57.65
56.9
57.0
57.0
57.0
57.5
57.05
56.75
57.25
56.75
57.3
56.7
57.3
57.3
56.65
56.5
56.4
56.2
56.3
56.9
57.3
56.7
56.3
56.1
56.1
56.45
56.0
55.9
55.8
55.75
56.3
56.0
56.3
56.0
55.9
55.95
56.0
56.0
55.85
56.05
56.0
56.4
55.9
55.85
55.7
55.6
55.55
55.75
55.75
56.4
55.95
57.5
57.45
57.0
57.1
57.45
57.45
56.5
57.95
57.5
57.5
56.6
56.95
56.35
57.15
57.85
57.1
56.15
57.45
55.4
55.65
55.6
56.3
56.25
55.55
56.25
56.0
55.55
56.0
55.95
55.95
57.0
55.0
55.55
55.45
55.45
55.5
55.0
55.5
55.55
55.85
55.75
55.2
55.5
55.5
55.05
55.5
55.5
55.45
54.9
54.9
55.3
55.2
55.25
55.65
55.45
55.5
54.8
56.8
55.65
56.1
55.9
55.4
55.8
55.5
55.3
55.95
55.4
55.8
55.45
55.4
55.3
55.4
55.1
55.7
55.6
55.25
55.85
55.65
55.45
55.25
55.35
55.65
55.5
55.65
55.6
55.55
55.0
55.25
55.3
55.55
55.35
55.65
55.95
55.95
55.5
56.3
55.7
56.0
56.0
56.1
55.55
56.9
56.95
57.1
57.05
57.75
55.65
56.35
57.25
56.55
55.55
56.0
55.95
55.95
55.5
55.9
55.95
56.3
56.75
59.0
57.8
57.5
57.1
56.45
58.15
58.0
59.25
59.0
58.0
57.5
57.65
57.5
57.8
57.45
57.55
58.65
58.55
58.05
63.2
61.4
58.75
58.65
58.65
58.85
58.4
58.45
58.4
58.15
58.7
58.3
58.35
58.55
58.55
58.15
58.4
58.6
58.65
58.35
58.5
58.0
58.55
60.4
60.0
60.3
59.15
59.7
58.5
59.3
59.5
58.7
59.0
60.0
59.9
60.0
60.0
59.0
59.9
60.0
60.5
59.0
59.05
59.0
59.95
59.8
59.3
58.9
59.4
59.45
59.35
59.45
59.35
58.95
58.7
58.5
58.55
58.6
59.1
59.0
59.1
58.85
59.15
58.8
58.5
59.0
58.3
59.05
59.3
58.85
59.25
59.4
59.5
59.5
59.95
59.8
60.2
60.8
60.65
60.0
59.85
59.9
60.95
60.0
60.0
59.9
60.7
62.05
62.0
63.3
63.65
62.85
63.95
63.9
63.9
62.8
63.4
63.9
61.55
62.45
62.9
64.95
64.4
64.95
64.05
64.3
64.25
73.85
79.35
84.75
83.1
84.35
82.1
80.5
89.9
89.9
90.0
86.45
84.5
81.5
80.0
79.6
79.05
80.45
78.6
75.35
74.0
80.45
76.5
77.55
74.4
74.75
74.45
74.05
73.65
73.45
74.8
72.75
72.8
73.1
72.0
72.3
72.6
73.15
73.0
73.35
73.85
87.7
78.35
80.0
81.45
79.7
80.3
80.7
80.25
79.4
80.0
79.4
78.95
77.95
77.25
76.9
76.05
76.8
76.3
75.95
76.4
76.3
75.3
75.15
74.25
73.95
73.9
73.9
73.85
74.0
74.0
73.85
73.35
73.25
72.1
72.0
71.85
72.1
72.1
72.1
69.5
71.0
71.7
71.05
72.0
72.25
72.05
70.9
71.0
71.0
70.45
70.6
69.4
70.6
69.95
69.1
68.85
69.2
69.45
69.85
68.45
69.8
69.5
69.3
69.3
69.25
69.25
69.55
70.2
70.3
70.0
70.0
68.15
68.5
68.55
68.1
68.6
68.6
68.6
68.6
68.3
67.65
67.35
68.0
67.95
67.9
68.3
67.4
67.1
67.4
67.1
67.75
67.75
67.7
67.75
67.75
67.35
67.0
67.25
68.0
71.35
70.5
70.35
69.55
69.45
69.0
69.0
68.45
68.6
68.4
68.85
69.0
68.7
68.5
68.7
69.25
68.9
68.5
68.5
68.4
68.0
68.7
68.1
68.6
67.85
65.1
66.3
66.2
66.4
65.5
66.2
65.55
65.6
65.9
65.0
64.5
64.85
64.65
64.4
63.5
63.9
65.0
65.0
64.7
66.25
65.35
65.5
65.15
65.1
64.0
62.2
61.4
61.35
52.15
54.95
54.05
55.15
55.95
55.75
57.0
56.0
56.8
57.9
57.55
59.25
58.15
58.05
57.05
55.95
55.65
56.05
56.4
57.4
56.2
56.6
56.25
55.85
57.35
56.35
56.0
55.8
55.45
55.4
55.4
55.7
55.8
55.8
55.4
55.55
54.9
54.9
55.25
55.1
55.1
55.4
54.7
54.65
54.65
54.95
54.95
54.5
53.2
53.4
52.85
53.25
53.5
53.5
53.45
53.5
53.5
50.0
50.3
50.8
51.35
51.45
51.05
51.75
51.6
51.3
51.4
51.65
51.5
50.65
51.25
51.2
50.3
51.0
51.25
50.85
50.05
48.95
48.45
48.0
48.45
46.2
47.05
47.0
47.9
47.0
47.85
47.2
47.5
48.2
48.15
48.15
48.15
47.6
48.1
47.55
45.65
46.0
45.8
45.45
45.6
45.0
45.0
46.0
45.9
45.7
45.6
45.6
45.4
45.4
45.0
44.65
45.1
45.15
44.7
44.8
44.55
44.15
44.05
41.6
44.3
42.9
42.75
42.1
42.9
44.1
44.45
43.5
43.85
43.8
44.4
45.0
46.4
48.5
48.1
48.4
45.8
45.9
47.3
47.25
43.5
47.2
46.35
48.4
48.0
48.25
49.3
49.3
49.25
49.2
49.25
50.0
49.3
49.25
49.8
49.85
48.95
48.65
49.15
48.7
48.55
48.6
48.6
49.3
49.3
49.1
48.65
50.0
49.8
49.1
49.75
49.0
49.15
49.65
50.1
55.0
55.7
56.6
56.0
54.3
54.5
52.95
53.45
49.95
51.1
51.4
51.55
51.75
52.0
50.6
50.45
50.7
51.3
53.45
52.0
51.8
50.6
51.45
51.65
51.35
51.95
53.0
52.2
52.05
52.05
51.3
51.2
51.1
51.1
51.0
51.1
51.45
51.5
51.55
51.5
51.45
51.4
51.2
51.05
51.35
51.1
51.2
51.9
51.7
51.95
51.9
51.25
51.05
51.4
51.55
51.2
52.8
51.75
51.95
51.4
51.95
52.0
52.0
53.15
52.6
52.55
52.45
51.65
51.65
52.35
51.8
52.6
53.5
51.95
52.45
51.95
51.55
51.6
51.7
51.9
52.0
52.0
55.6
54.4
54.45
54.15
53.45
53.45
53.4
53.4
53.35
53.75
53.3
53.3
53.5
53.4
53.55
53.4
53.45
53.55
53.5
52.85
53.25
53.45
54.3
53.25
52.2
50.35
50.2
50.3
50.4
50.35
49.5
50.25
50.4
50.05
50.05
50.05
49.0
49.3
49.45
48.65
48.4
47.9
47.8
47.4
47.75
48.0
47.75
47.7
47.8
48.95
49.05
50.05
49.4
49.0
50.2
49.7
49.45
49.4
49.5
49.4
49.45
49.35
49.35
49.05
49.1
49.25
49.4
48.95
48.95
48.75
48.95
48.7
48.75
48.75
48.55
48.85
48.2
47.9
47.75
47.75
47.7
47.7
47.9
47.9
47.8
47.75
49.25
48.9
49.6
49.25
49.25
49.25
49.25
49.75
49.75
49.95
49.9
49.35
49.4
49.2
49.2
49.4
49.1
49.4
49.15
49.15
49.6
49.2
49.3
49.2
49.35
49.4
49.0
49.25
49.15
49.9
49.4
49.3
49.0
49.05
49.1
49.8
49.75
49.6
49.0
48.75
49.3
49.1
49.05
49.0
49.0
48.9
49.2
49.15
49.1
49.1
49.1
49.4
49.85
49.3
49.3
49.9
49.2
49.15
49.15
49.1
49.15
49.35
48.9
49.2
49.2
49.2
49.15
49.15
48.7
48.65
48.85
49.15
49.1
49.1
48.8
49.0
48.8
48.95
48.95
48.95
49.2
49.25
49.05
49.1
49.1
48.8
48.9
48.85
48.85
49.1
49.15
48.95
49.05
49.0
49.0
49.0
49.0
49.0
48.8
48.8
48.8
48.95
49.0
49.0
49.1
49.5
49.3
49.2
48.7
49.05
48.65
48.85
48.75
48.75
48.7
48.65
48.7
48.9
48.75
48.75
49.2
49.0
49.0
49.0
49.15
48.55
48.65
48.7
48.9
47.0
47.45
47.35
47.3
47.5
47.15
47.2
47.2
47.2
47.2
47.15
47.1
47.15
47.15
47.15
47.9
48.1
48.3
48.35
48.65
47.65
47.85
47.8
47.8
48.0
47.35
47.55
47.85
47.7
47.9
47.85
47.85
47.7
47.7
48.7
48.1
48.05
48.2
48.35
48.15
48.15
48.25
48.4
47.95
48.3
48.05
48.1
48.1
48.05
48.35
48.05
48.3
48.15
48.35
48.35
48.15
48.15
48.4
48.5
47.95
48.0
47.95
48.1
47.85
48.25
48.2
48.25
48.2
48.3
48.1
48.1
48.2
48.0
48.1
48.1
48.0
48.1
48.35
48.5
48.7
48.65
48.7
48.4
48.5
48.5
48.35
48.35
48.3
48.4
48.35
48.5
48.4
48.55
48.3
48.6
48.55
48.7
48.55
48.75
48.7
48.6
48.6
48.7
48.7
48.8
48.6
48.6
48.6
48.45
48.6
48.7
48.65
48.95
48.85
49.25
48.5
48.55
48.85
48.55
48.9
48.75
48.75
48.75
48.75
48.75
48.5
48.45
48.65
48.4
48.55
48.6
48.6
48.45
48.65
48.65
48.6
48.65
48.5
48.25
48.4
48.5
48.25
48.3
48.5
48.15
48.15
48.3
48.4
48.25
48.7
48.3
48.5
48.3
49.2
49.05
49.05
49.0
49.0
49.45
51.35
51.3
51.7
51.4
51.8
52.1
51.45
51.0
51.35
51.6
50.85
51.35
50.9
50.9
50.75
50.9
50.75
50.3
50.4
50.4
50.6
50.35
50.3
49.95
50.35
49.0
49.0
49.25
49.25
49.1
49.25
49.25
49.25
49.5
49.4
49.4
49.8
49.7
49.6
49.55
49.8
49.85
49.95
50.15
50.05
50.05
50.15
50.05
50.05
49.95
49.95
49.6
49.6
49.6
49.6
49.7
49.8
49.95
49.95
50.25
50.0
50.0
50.0
49.6
49.95
49.95
49.95
50.3
49.6
49.65
49.9
49.85
49.85
49.75
49.7
49.7
49.7
49.8
49.8
49.8
49.8
49.0
49.3
49.75
49.6
49.4
49.55
49.6
49.4
49.4
49.6
49.35
49.55
49.6
49.35
49.15
49.6
49.1
48.9
48.8
48.95
48.95
48.9
49.0
49.15
48.65
48.7
49.0
48.6
48.75
48.75
48.55
48.7
48.65
48.8
48.55
48.7
48.75
48.75
48.95
48.75
48.95
49.3
48.9
48.85
48.8
48.8
48.85
49.15
49.1
49.15
48.8
49.25
49.25
49.25
49.2
49.15
49.0
49.0
49.05
49.25
49.2
49.0
49.0
49.2
49.05
48.65
48.8
48.9
48.85
49.15
48.9
49.05
49.05
49.2
49.2
49.2
49.55
49.3
49.5
49.05
49.15
49.7
49.25
49.4
49.4
49.45
49.8
49.75
49.35
49.7
49.4
49.6
49.7
49.7
49.0
48.9
48.95
48.85
48.9
48.9
48.85
48.95
49.1
48.8
49.15
48.9
48.85
49.0
49.4
49.05
49.35
49.4
49.35
49.8
50.75
50.0
50.05
49.6
49.6
50.1
50.25
49.9
50.05
50.7
50.35
50.2
50.3
50.0
50.35
50.4
50.05
49.9
50.2
50.0
50.25
49.95
49.85
50.15
50.05
50.1
50.25
50.0
50.15
49.9
50.1
50.1
49.65
49.8
49.8
49.8
49.7
49.75
50.0
50.0
51.5
60.2
57.6
56.35
55.35
54.1
54.8
52.7
53.05
53.3
52.3
52.25
52.25
51.95
52.75
51.95
52.7
52.25
51.8
54.35
53.05
53.45
52.9
53.0
53.9
53.85
55.45
53.4
53.4
53.45
53.85
53.8
53.65
53.2
53.6
54.9
54.0
54.05
54.75
54.6
55.3
54.8
54.0
54.65
53.25
53.25
53.3
53.2
53.0
53.05
53.1
52.8
52.7
53.65
53.5
53.6
53.65
53.6
53.9
53.8
53.95
53.85
53.85
53.9
54.3
53.85
53.9
53.9
53.5
54.0
54.0
55.2
55.0
54.65
54.75
55.0
55.75
56.6
56.6
58.0
57.25
56.15
57.35
57.3
57.45
57.0
57.95
58.2
57.6
57.5
57.15
57.5
56.8
56.35
56.4
56.3
55.6
54.85
54.75
54.95
55.0
54.15
54.05
54.2
54.35
54.4
54.1
54.25
54.0
54.25
54.6
54.8
54.5
55.0
54.85
54.8
54.95
54.55
54.5
54.9
55.0
55.0
56.45
56.0
55.5
55.7
55.5
55.7
55.0
55.45
55.45
55.4
56.25
55.9
55.95
56.0
55.2
55.2
55.4
55.55
55.05
55.0
54.95
54.7
55.05
54.95
54.8
54.8
54.45
54.35
54.25
54.7
54.7
54.65
55.15
54.7
55.45
55.0
55.2
54.8
54.9
54.8
54.95
54.65
54.2
54.6
54.7
54.4
55.0
54.55
54.5
54.65
54.55
55.05
55.1
54.45
54.9
54.9
54.85
54.65
57.5
55.75
56.55
55.75
56.05
55.7
55.35
55.15
55.5
56.3
56.15
57.0
56.15
56.3
56.1
56.1
56.0
55.8
55.6
56.1
55.45
55.8
55.7
55.65
55.75
55.75
54.85
54.85
55.05
55.45
55.45
55.2
55.1
55.5
55.0
55.2
55.2
55.2
55.05
54.8
54.3
54.8
54.9
55.2
55.0
55.15
55.0
55.0
54.9
55.1
55.05
55.1
55.15
55.25
54.95
54.85
54.75
55.25
55.0
54.8
54.85
55.0
54.95
55.0
55.25
54.9
55.15
56.25
56.35
56.35
55.35
56.35
55.95
55.4
55.2
55.05
54.8
55.15
55.0
54.75
54.8
55.2
54.5
54.65
54.6
54.6
54.55
54.8
54.85
54.35
54.7
54.9
54.3
54.35
54.45
54.25
54.25
54.2
54.25
54.25
54.25
54.4
54.0
54.35
53.8
54.0
53.5
54.05
54.2
54.2
54.0
54.0
54.95
54.85
54.05
54.3
54.1
54.25
54.75
54.25
54.9
54.3
54.0
54.2
54.0
54.15
53.5
54.4
54.2
54.35
54.3
54.15
54.45
54.0
54.05
54.15
54.0
54.1
54.65
54.75
55.25
55.0
55.1
54.65
54.0
54.5
54.5
54.1
53.6
56.0
55.3
55.05
55.0
54.9
55.1
55.0
55.05
55.6
55.6
55.4
55.4
55.0
54.65
54.95
54.55
54.4
54.4
54.1
54.05
54.1
54.3
55.0
54.75
55.05
54.9
55.0
55.65
55.6
55.4
54.9
55.35
54.45
53.95
53.85
53.85
54.2
53.85
54.2
53.9
54.0
54.7
54.65
54.0
54.45
53.8
53.55
53.95
53.85
53.45
53.1
53.9
53.9
53.8
53.5
52.5
53.2
53.3
53.2
53.75
54.5
53.85
53.15
53.6
53.95
54.25
54.25
54.4
53.35
54.05
53.35
53.3
53.3
53.75
54.05
53.95
53.35
53.3
53.3
53.6
53.6
54.0
53.5
54.0
54.8
54.05
54.05
53.95
53.7
54.0
54.0
53.9
53.9
53.15
54.2
53.9
53.95
53.95
54.05
54.0
53.85
53.85
53.95
53.95
53.0
54.05
54.0
53.7
53.7
53.2
53.35
53.9
53.85
53.3
53.65
53.65
53.65
53.65
53.3
54.4
54.4
53.35
54.0
55.4
54.35
54.35
54.2
54.15
53.95
53.9
53.9
54.2
53.5
53.5
53.5
53.4
53.5
53.7
53.35
53.8
53.35
53.35
54.3
54.5
53.85
53.4
53.85
53.45
53.45
53.8
54.15
53.4
53.9
53.6
53.6
53.95
53.95
54.15
54.1
54.1
53.55
53.9
54.0
54.15
53.4
53.8
54.1
54.0
54.25
53.65
53.85
53.55
53.95
53.75
54.0
53.5
53.15
53.3
53.35
54.1
53.4
54.0
53.95
53.35
53.0
53.85
53.05
53.7
53.7
53.65
53.65
53.8
53.7
53.7
54.3
53.6
53.6
53.55
53.55
53.6
53.6
53.6
54.65
53.55
53.65
54.05
53.95
53.8
53.85
53.85
53.8
53.8
53.7
53.7
53.45
53.25
53.85
53.6
53.8
53.7
53.8
53.8
53.75
53.75
53.75
53.65
53.8
53.9
53.9
53.95
53.95
54.05
53.95
53.95
53.6
53.6
53.6
53.25
53.5
53.4
53.35
53.4
53.35
53.1
52.9
52.75
52.6
53.3
53.85
52.9
52.9
52.75
52.8
52.95
52.95
52.9
52.85
52.8
52.0
52.75
52.35
51.9
51.95
51.9
53.6
52.65
53.0
53.5
52.8
52.15
53.0
52.55
52.9
52.75
52.9
52.7
52.0
52.55
52.25
52.4
52.4
52.3
52.2
52.15
51.95
52.5
52.35
52.35
52.3
52.3
52.3
52.25
52.4
52.75
52.35
52.55
52.7
52.7
52.75
52.7
52.7
52.65
52.55
52.6
53.0
53.0
53.0
53.15
52.6
53.0
53.25
53.0
52.7
53.5
52.85
52.65
52.65
52.7
52.7
53.05
53.25
53.05
53.05
53.25
53.2
53.25
53.2
53.15
53.3
53.35
54.6
54.25
54.1
54.6
54.25
55.2
56.2
56.15
55.6
54.55
55.35
54.6
54.6
54.6
54.65
54.5
54.35
54.2
54.2
55.0
54.9
54.7
54.7
54.7
54.7
54.7
54.65
55.0
54.7
54.75
55.05
54.7
55.2
54.75
55.1
54.6
54.75
54.6
54.5
54.4
54.2
54.3
54.25
54.25
54.45
54.25
54.45
54.8
54.4
54.4
54.5
54.55
54.7
54.45
54.2
54.2
54.65
54.9
54.75
54.95
54.5
54.35
54.5
54.25
54.25
54.25
54.3
54.3
54.3
54.5
54.4
54.2
54.1
55.4
55.65
55.65
55.1
55.0
54.95
55.15
55.05
54.65
55.3
55.75
57.0
56.4
56.25
56.7
57.0
57.2
56.85
62.35
60.7
60.2
58.55
60.45
59.0
58.55
58.9
58.9
59.95
62.5
69.4
70.45
68.7
69.0
69.5
69.8
70.05
75.2
75.95
69.9
69.6
70.0
71.0
70.2
70.0
71.4
72.6
70.45
69.0
66.5
66.0
66.2
65.45
64.5
65.7
65.3
66.0
67.55
66.9
65.55
65.2
65.75
65.95
69.05
67.55
68.05
72.5
72.6
69.65
69.35
69.4
68.75
68.9
67.95
66.95
66.55
65.35
65.3
64.0
64.85
65.5
65.25
65.85
64.95
65.05
64.85
64.55
62.95
62.3
62.45
62.75
62.7
62.4
62.05
62.3
62.9
61.5
64.1
65.1
65.65
65.4
64.95
64.95
64.95
64.15
64.55
63.9
63.35
65.35
65.0
63.85
65.7
63.6
63.5
63.45
63.8
66.0
65.3
65.5
64.55
64.55
64.3
64.3
64.3
67.45
67.45
67.75
68.3
79.2
68.9
70.15
72.4
74.0
74.65
81.8
73.8
73.35
74.5
75.4
74.4
75.55
76.4
75.0
71.55
69.95
69.1
68.5
68.5
68.4
69.05
69.55
68.7
67.85
69.35
69.2
68.75
71.5
71.4
73.05
71.9
74.0
74.35
74.0
74.0
75.0
74.0
73.9
73.6
72.45
77.0
77.9
76.4
74.5
74.9
75.05
74.25
74.25
74.3
73.7
72.9
73.95
72.4
72.45
72.2
72.15
71.2
70.85
70.85
70.75
71.2
71.25
70.5
70.0
69.65
69.6
69.8
68.7
69.9
69.85
69.2
69.2
69.0
69.25
68.45
68.75
69.2
69.2
68.7
68.95
69.25
71.8
70.4
70.5
70.6
69.25
69.05
69.75
68.65
70.0
70.0
70.2
70.65
75.3
79.5
84.2
87.0
85.0
85.2
81.65
85.9
85.9
76.75
76.5
76.6
77.25
76.9
76.85
77.2
76.15
75.8
75.85
75.35
75.5
75.6
75.45
75.65
75.45
76.0
75.55
75.35
75.6
75.85
77.4
77.95
75.65
76.85
76.45
75.6
76.6
76.6
76.7
76.7
76.25
77.4
77.65
77.35
77.15
77.1
77.35
77.35
76.9
77.0
75.8
76.85
77.2
76.7
77.0
77.45
77.5
77.3
77.0
76.5
79.5
79.35
78.95
79.0
78.9
80.5
79.75
79.4
79.65
80.2
80.4
83.6
86.55
91.15
90.9
88.25
86.6
85.9
88.0
84.5
85.2
85.4
85.15
85.7
86.7
87.8
87.0
85.5
86.0
85.85
84.0
84.1
87.0
84.1
83.7
84.0
83.35
84.35
83.5
83.95
83.3
83.25
83.15
83.5
80.95
80.0
79.55
80.1
79.85
78.8
78.55
76.65
76.2
76.0
75.4
75.1
75.8
76.65
76.4
76.4
76.95
75.7
75.95
76.0
77.2
76.9
76.65
76.9
76.5
76.0
77.0
76.55
77.05
76.8
77.0
77.05
77.0
76.75
77.0
76.9
76.35
76.5
77.0
76.5
76.95
77.45
77.6
77.15
77.15
77.05
79.1
80.0
79.0
78.3
79.0
76.75
75.65
76.15
76.4
76.15
75.75
75.0
75.7
75.55
77.6
74.95
74.2
75.1
71.2
72.3
72.65
72.2
73.4
72.5
72.55
73.3
73.25
72.45
73.05
72.95
73.2
73.0
73.5
73.45
72.5
72.1
70.9
71.5
71.8
71.95
72.0
71.7
72.3
72.0
72.1
71.5
72.3
72.05
71.75
72.0
72.85
72.0
71.85
72.7
72.0
72.75
73.5
72.1
72.9
72.8
72.8
72.2
72.2
72.2
72.2
72.05
72.75
72.6
72.2
72.5
72.55
72.05
72.45
72.5
72.2
72.05
72.9
71.3
71.9
71.8
71.65
71.9
71.8
71.7
71.45
71.35
71.4
71.3
70.8
71.0
71.35
70.8
71.3
70.8
71.35
71.45
71.7
73.55
71.5
72.05
72.4
72.2
71.8
71.65
71.2
70.45
70.45
70.75
70.7
70.85
70.9
71.2
70.55
72.6
72.15
72.85
72.3
72.8
72.7
71.6
72.6
71.6
72.0
72.55
72.55
72.5
72.2
72.65
72.1
72.1
72.1
71.95
73.05
72.25
73.1
72.0
71.8
72.25
71.9
71.9
71.1
71.05
71.6
72.1
72.15
72.25
72.15
72.15
72.2
72.55
71.0
71.4
72.0
71.1
71.1
71.15
71.1
71.9
72.25
75.8
75.2
76.3
75.25
74.55
74.35
74.65
75.3
75.0
75.0
74.15
75.4
74.4
75.0
74.55
75.35
75.5
75.6
75.1
74.3
74.9
74.5
73.7
75.15
74.15
74.35
74.75
73.9
73.9
73.75
73.95
73.9
73.95
73.55
73.0
72.95
72.5
72.4
72.1
72.45
72.5
72.3
72.5
72.1
72.4
72.1
72.1
72.7
72.7
72.75
73.4
73.4
72.75
72.75
72.15
72.6
73.4
73.2
72.6
72.3
72.3
72.3
72.35
72.0
72.4
72.4
72.4
72.4
71.9
71.85
71.8
72.5
71.45
71.7
71.65
72.1
72.2
72.15
71.8
70.7
71.0
71.45
70.7
70.75
71.15
71.25
71.55
72.15
70.1
71.85
71.1
71.05
71.2
71.3
73.45
72.5
71.65
72.0
71.75
71.5
71.85
71.85
72.2
72.0
71.5
71.05
71.05
71.0
71.05
71.0
71.45
73.7
71.3
71.55
72.4
72.1
70.95
70.55
70.9
70.75
71.0
71.35
71.5
71.3
71.5
71.5
72.4
72.25
71.8
75.05
73.55
73.0
72.7
73.0
73.45
73.1
73.45
73.45
73.4
73.5
72.8
72.65
72.7
72.8
72.8
72.8
72.65
72.75
72.1
73.25
73.1
72.8
72.8
72.8
72.3
72.0
72.35
73.0
72.55
72.4
73.0
72.0
72.0
72.55
73.0
73.9
74.0
74.2
73.95
74.0
74.3
74.15
77.35
77.05
75.45
77.6
76.95
84.55
77.35
78.5
78.6
77.2
78.85
77.5
76.3
76.3
76.45
75.15
75.5
75.55
75.6
75.65
75.5
75.3
75.25
75.15
75.5
76.35
75.7
75.65
76.0
75.4
75.85
75.1
74.85
75.0
75.0
75.0
74.9
74.8
74.75
74.5
74.6
74.55
75.0
75.7
75.65
75.35
76.5
76.0
75.55
75.65
75.9
75.05
75.7
75.75
76.2
75.4
75.85
75.4
75.4
75.55
75.55
75.55
75.9
75.85
75.4
75.4
75.7
76.0
76.0
76.0
76.2
77.9
77.0
76.8
76.8
76.8
77.75
76.8
77.2
76.8
76.2
76.0
76.05
76.05
76.05
76.2
75.45
75.8
75.45
75.5
76.0
75.55
76.5
76.3
76.3
76.1
76.25
75.95
74.95
74.65
75.25
75.1
75.1
75.1
74.6
75.45
75.45
74.5
74.95
75.0
75.0
75.0
74.6
75.0
74.55
75.65
75.65
75.5
75.0
74.7
75.9
75.75
75.65
75.6
75.05
75.5
75.5
75.7
75.4
75.2
75.9
75.25
75.5
75.7
75.0
75.0
75.25
75.5
75.1
75.05
75.1
75.05
75.5
75.45
75.35
75.35
75.0
75.0
75.0
75.35
75.9
74.5
75.3
73.5
74.95
74.9
74.65
75.0
77.35
76.5
76.95
76.5
77.0
76.95
76.5
76.0
76.25
76.0
75.95
75.55
76.35
74.95
74.95
74.7
74.95
75.15
75.1
74.9
74.9
74.7
76.0
75.1
74.9
75.5
74.5
75.65
76.4
74.95
75.15
75.05
75.4
75.45
75.4
75.5
75.5
75.5
75.05
75.45
75.0
75.5
76.0
75.55
76.0
76.05
76.05
76.15
75.55
75.4
76.2
76.4
76.55
76.35
76.0
75.95
76.4
75.7
75.15
74.65
74.9
75.1
74.5
74.6
74.7
74.8
74.8
74.6
74.8
74.5
73.5
73.5
72.05
71.4
72.65
72.6
71.2
71.5
72.2
72.2
72.25
72.2
72.2
70.15
70.0
70.4
71.3
70.05
70.5
71.2
72.0
72.7
72.75
72.0
70.6
71.85
73.0
71.7
72.7
74.5
73.65
72.4
75.1
75.7
75.5
74.75
74.2
73.55
74.35
73.0
72.5
72.25
72.7
72.15
72.1
72.35
72.1
72.5
73.0
74.3
73.9
76.5
77.95
76.05
75.95
79.0
79.55
79.45
78.5
78.0
77.75
78.45
77.3
76.15
76.15
78.55
76.45
76.8
77.2
76.75
76.1
75.85
76.0
76.45
76.9
76.45
76.05
76.05
75.6
75.65
74.7
75.1
74.15
75.45
75.3
75.0
74.9
73.5
74.05
73.8
74.5
73.6
73.55
73.6
73.65
73.25
74.05
73.95
74.4
74.15
74.05
73.5
73.5
73.0
73.6
73.65
74.1
74.0
74.0
74.45
77.1
73.8
73.95
73.95
73.35
73.65
74.85
74.1
73.15
74.55
75.7
75.7
75.7
74.7
74.6
74.7
74.45
75.9
74.05
74.05
75.15
75.1
75.15
74.0
74.1
74.45
74.0
74.0
73.65
73.75
71.9
71.7
71.45
71.3
71.55
71.85
71.8
71.7
70.2
70.9
71.6
71.5
71.5
71.55
71.75
71.65
71.5
71.6
71.1
71.6
71.1
70.8
71.1
71.0
71.8
71.7
71.15
71.55
70.75
70.0
70.25
70.15
70.1
70.15
70.1
70.0
70.0
70.0
69.9
69.9
69.7
68.7
68.5
68.5
68.5
68.75
68.75
68.65
68.7
69.25
69.7
69.1
69.75
69.7
69.15
70.0
69.8
69.1
69.55
69.5
69.5
69.15
69.55
69.1
69.2
69.05
69.7
69.9
69.8
69.5
69.0
69.7
69.65
69.7
69.55
68.95
69.65
69.0
68.75
68.95
68.75
68.7
68.5
68.0
68.0
68.3
68.0
67.95
67.8
68.65
68.7
69.05
69.7
69.7
69.7
69.8
70.8
70.5
70.5
70.5
70.3
70.1
70.1
70.1
70.6
70.45
70.4
70.1
70.5
70.1
70.1
70.55
70.9
70.75
70.9
70.65
70.4
70.4
70.9
70.0
70.0
70.0
69.35
69.85
69.45
69.0
69.35
68.55
68.7
67.85
67.85
67.8
67.8
68.05
67.8
67.45
68.0
67.55
67.85
67.9
67.85
67.45
67.45
67.45
67.45
67.3
67.45
66.95
67.0
67.05
67.1
67.25
67.45
67.35
67.45
67.0
67.3
67.35
67.05
67.0
66.3
66.8
66.85
66.8
66.95
66.95
66.95
66.95
66.9
66.9
67.2
67.25
67.1
67.3
66.8
67.1
67.0
66.65
66.65
66.7
66.65
66.65
66.0
66.55
66.4
66.5
66.5
66.5
66.45
66.35
66.35
66.35
65.5
66.35
66.25
66.0
66.4
66.0
66.35
66.35
66.0
66.0
66.15
66.0
65.7
65.25
65.3
65.55
65.5
65.55
65.55
65.55
65.5
65.2
65.1
65.1
65.1
65.45
65.4
65.4
65.15
65.15
65.1
65.0
65.0
64.85
64.7
64.7
64.55
64.75
64.75
64.75
64.5
64.8
64.75
64.45
64.65
64.5
64.5
64.75
64.45
64.5
65.0
65.0
64.75
64.75
64.85
65.0
64.75
64.6
64.7
64.7
64.5
68.0
66.55
66.5
66.4
66.5
66.35
66.0
66.0
66.0
66.25
66.15
65.85
66.65
66.8
66.7
66.35
66.55
66.3
66.6
66.5
66.5
66.65
66.6
67.45
66.1
66.45
66.6
66.0
65.8
66.45
66.05
66.0
65.8
65.85
65.5
66.25
66.95
66.6
66.25
66.25
66.25
66.3
66.35
66.6
66.2
65.65
65.05
65.2
66.15
66.45
65.45
65.9
67.55
67.55
67.0
67.8
66.85
68.0
68.1
67.85
67.75
67.3
68.55
67.05
67.35
67.95
68.05
68.25
65.65
66.2
65.8
66.3
66.35
65.65
66.05
65.9
65.75
65.85
65.85
65.35
65.35
65.55
65.05
65.15
64.15
64.55
64.35
64.35
64.35
64.25
63.9
63.45
64.6
64.55
64.45
64.2
64.1
64.35
64.25
64.65
65.2
64.55
65.95
65.9
64.85
65.5
65.75
65.8
65.5
66.0
67.25
67.25
65.75
65.75
65.9
66.05
66.1
65.4
66.3
65.35
66.05
66.15
66.25
66.15
66.15
65.5
65.9
66.05
66.1
66.0
65.95
65.95
66.0
65.5
65.9
66.2
65.7
65.25
65.25
65.95
65.35
65.0
65.0
65.25
65.6
65.75
65.25
65.65
65.75
65.1
65.85
65.6
65.3
65.3
65.6
65.25
65.65
66.0
65.9
65.1
64.8
65.0
65.0
64.95
65.05
64.7
64.5
63.85
64.1
64.2
64.25
64.0
64.4
63.85
63.95
63.65
64.0
64.05
64.2
64.0
64.15
64.15
64.35
64.3
64.35
64.7
65.05
65.15
65.1
65.15
66.05
66.55
68.0
66.75
65.95
65.8
66.3
66.65
66.55
66.75
67.7
66.05
67.3
66.9
67.4
68.1
67.3
67.3
67.2
67.4
68.85
68.5
68.15
68.5
69.0
70.05
69.25
69.85
69.8
69.85
69.2
69.65
68.45
68.4
68.5
68.5
68.5
68.95
68.35
68.95
68.55
68.5
68.1
68.25
68.2
67.95
68.0
68.15
67.95
67.95
68.3
67.7
68.15
68.15
67.85
68.15
68.15
67.85
67.85
67.95
68.1
67.9
67.85
68.0
67.8
67.8
68.0
67.15
66.5
67.15
66.85
67.2
66.65
66.95
66.65
67.05
66.3
66.4
71.0
68.6
68.6
66.45
66.95
67.5
67.6
67.55
67.9
67.25
67.25
67.0
66.85
66.75
66.9
66.75
65.55
66.85
66.2
66.6
66.4
66.55
66.55
66.0
65.7
66.15
65.75
66.75
66.9
67.55
66.95
66.95
67.0
67.35
66.6
67.35
67.2
67.0
67.25
67.1
67.25
67.25
67.3
67.15
66.9
67.5
67.3
66.95
67.05
67.5
67.15
68.1
68.1
67.95
68.75
67.9
68.6
67.7
67.8
67.8
68.05
68.25
67.5
67.6
67.95
67.65
67.75
67.9
67.95
68.95
69.0
69.45
69.15
69.05
69.1
69.0
69.4
69.5
70.05
69.5
72.0
71.0
71.0
70.95
70.95
69.6
70.25
69.95
69.5
69.8
69.8
73.7
74.4
74.05
75.5
74.3
74.6
73.5
77.7
73.2
72.3
73.65
72.35
72.3
72.0
72.25
73.15
73.0
73.75
72.9
72.85
73.35
72.65
72.2
72.7
72.6
72.6
72.35
72.0
72.5
71.0
71.05
71.4
71.9
71.9
71.5
72.95
71.95
71.8
71.6
71.4
71.55
71.5
71.15
71.1
70.85
70.7
71.6
71.35
71.2
71.6
71.7
71.05
71.0
71.6
71.5
71.0
70.85
70.9
71.2
71.85
71.05
71.85
71.85
71.95
71.95
71.95
71.8
71.8
72.3
73.5
73.1
73.1
74.4
73.95
73.4
73.1
72.95
73.35
73.35
73.2
74.3
74.5
75.0
74.05
72.85
72.85
72.9
72.4
73.3
72.75
73.45
73.15
73.0
72.8
72.45
72.95
71.9
71.7
71.75
75.05
75.4
77.2
80.5
87.8
78.25
78.55
78.95
76.55
75.05
75.95
77.2
76.75
76.3
76.1
76.0
76.15
77.7
81.0
79.95
79.05
79.05
75.8
76.0
78.65
76.75
77.55
76.35
77.1
77.45
77.05
77.1
77.1
76.55
76.75
76.5
77.0
74.95
75.5
75.15
73.15
73.7
74.5
75.15
75.15
75.8
74.25
75.3
75.0
75.25
75.3
75.1
75.25
74.1
75.45
75.45
75.55
75.1
74.6
75.65
74.7
75.55
75.65
75.05
73.5
73.3
73.35
73.3
73.45
72.75
72.85
73.0
73.15
73.35
73.25
73.8
73.1
73.0
73.2
73.1
72.75
72.9
77.1
75.55
74.5
74.6
76.0
75.65
75.6
77.0
76.8
76.55
76.55
75.95
76.4
76.45
75.8
75.4
77.0
77.0
75.9
75.9
76.2
76.4
75.9
75.35
74.65
74.95
74.75
75.25
75.75
75.7
74.9
74.95
74.65
74.9
74.15
75.4
78.55
84.0
83.6
83.95
84.95
89.05
86.5
87.6
87.8
87.85
83.2
83.0
83.0
86.5
84.25
83.0
81.65
81.25
81.9
82.8
79.25
81.1
80.75
79.75
80.8
80.4
79.5
80.0
79.5
82.45
81.25
80.5
79.35
79.95
80.45
80.0
79.4
79.4
80.55
79.7
80.05
80.1
79.95
79.9
78.7
79.5
79.15
79.9
79.25
79.45
79.5
79.45
79.45
80.5
80.25
80.0
79.7
79.4
78.1
78.95
82.0
79.6
80.3
79.35
80.0
79.85
81.8
82.95
80.6
82.1
81.8
81.65
81.7
82.85
81.7
81.4
81.05
81.05
81.0
81.55
81.0
81.55
81.1
81.75
81.15
81.05
80.4
80.85
80.0
80.55
79.25
80.55
80.0
80.0
79.75
79.1
80.0
79.2
79.85
78.35
79.2
79.0
79.0
79.35
79.1
79.35
81.1
79.35
81.0
80.25
79.8
79.5
78.9
79.0
79.6
79.3
78.9
78.85
80.05
79.25
79.0
78.85
79.4
79.5
79.0
78.95
78.75
79.55
79.15
79.3
79.5
78.65
79.15
78.7
79.25
78.05
78.1
77.8
78.45
78.85
78.35
78.2
77.6
78.35
79.05
78.95
78.9
79.0
80.35
80.55
82.0
82.95
80.45
81.9
81.9
81.5
79.05
80.0
81.0
80.0
80.3
79.75
79.75
79.75
79.7
79.6
79.75
78.8
79.5
79.75
78.7
79.35
80.0
81.75
81.1
82.0
80.8
80.0
93.0
92.2
94.0
99.0
96.8
100.95
102.1
101.3
99.0
97.05
93.15
91.55
90.95
91.2
92.0
91.2
91.05
92.3
90.15
90.35
91.15
90.9
90.3
88.75
88.3
89.2
88.45
87.35
88.7
86.35
86.0
86.7
86.0
85.45
84.5
84.75
84.25
85.25
85.65
84.95
84.35
85.7
85.65
85.2
85.05
84.45
85.0
84.65
84.45
84.25
82.95
83.0
82.8
83.0
82.65
82.25
82.5
82.5
83.2
89.85
86.1
85.75
84.2
85.45
84.6
84.0
84.25
84.0
84.4
84.35
85.0
84.15
83.65
83.55
83.5
84.4
84.4
89.1
87.95
89.0
88.0
86.6
87.9
88.6
88.5
88.75
88.9
87.75
87.0
86.0
86.05
86.2
86.65
86.55
86.75
87.5
87.95
86.0
86.6
85.6
85.9
85.65
86.5
86.8
86.0
84.35
84.05
84.45
84.5
84.45
83.55
83.2
83.45
82.65
82.55
82.25
83.5
82.9
82.65
82.8
82.95
82.95
81.8
82.45
81.95
82.0
82.15
80.95
79.5
80.95
82.0
82.5
82.8
83.0
80.0
79.1
79.85
78.45
78.85
75.95
76.45
76.8
75.9
76.35
76.35
76.05
76.55
77.0
76.95
76.9
76.8
76.4
76.95
77.75
77.35
78.0
77.6
77.15
77.2
77.55
76.65
77.35
77.05
78.0
77.95
77.9
78.65
78.25
79.4
79.0
77.45
77.0
77.0
77.8
77.35
77.95
77.05
77.85
76.6
76.15
76.45
76.1
76.5
76.6
76.4
76.3
76.15
76.55
75.9
76.3
75.85
75.35
74.65
74.6
75.05
75.3
75.0
74.95
74.8
74.75
74.8
74.75
74.05
74.4
74.35
74.4
75.25
75.45
80.8
75.75
76.0
76.3
77.3
75.9
76.85
76.35
76.8
76.95
76.25
76.85
76.25
76.25
76.4
76.25
77.05
77.05
75.9
74.75
74.7
74.5
74.35
74.35
73.9
75.0
75.9
74.1
74.65
74.55
74.55
74.2
74.0
74.1
74.3
75.15
76.0
75.4
76.2
76.1
75.55
75.45
74.4
73.8
73.85
75.35
74.8
73.75
74.25
74.0
73.3
73.45
73.15
73.65
73.85
74.0
73.8
73.7
73.75
73.5
73.45
73.45
73.0
73.9
72.8
72.6
72.35
72.4
72.4
72.05
72.15
72.45
72.35
71.55
72.25
71.15
70.75
72.7
71.7
71.65
71.45
70.9
71.0
70.95
71.0
71.0
71.15
70.95
69.7
72.0
72.0
72.0
72.0
72.1
71.25
70.8
72.0
72.05
71.0
71.5
70.35
71.0
70.8
70.7
70.55
70.0
71.3
69.55
69.55
69.7
70.0
70.1
69.4
70.05
70.2
69.45
72.2
70.5
70.9
70.95
70.4
71.0
70.55
70.25
71.0
71.0
70.6
70.75
70.35
70.85
71.65
71.3
70.3
70.7
71.8
71.45
71.9
71.5
71.8
71.7
71.8
71.75
72.0
72.4
72.0
71.35
71.95
72.45
73.0
71.15
71.55
70.65
71.35
71.0
71.0
70.5
70.9
71.0
70.7
70.75
71.0
71.0
71.25
71.95
72.25
72.0
71.2
72.05
71.8
72.3
71.95
72.1
72.0
72.0
72.0
71.65
72.3
72.3
72.25
71.65
71.1
71.95
71.25
71.8
72.45
72.15
73.0
75.15
75.5
75.35
74.9
75.0
75.0
75.05
74.85
74.2
75.45
75.65
75.85
76.5
76.2
76.0
75.15
75.4
75.95
75.7
75.0
74.6
75.0
75.0
75.15
74.0
75.3
73.85
74.35
73.65
73.35
74.0
73.95
74.2
73.15
74.8
74.0
73.25
73.85
73.85
73.35
73.8
73.6
73.5
73.55
73.3
73.75
74.0
73.95
73.75
74.2
73.85
74.0
73.6
73.6
74.6
75.15
74.8
74.8
75.35
75.2
75.1
75.45
74.7
75.2
74.0
74.2
73.5
73.0
73.6
72.8
70.05
69.75
70.0
69.85
69.25
69.65
69.6
70.95
70.7
70.2
70.15
69.9
70.15
69.4
69.6
69.2
69.1
68.55
68.2
67.4
66.2
65.5
64.9
66.95
68.0
68.05
68.75
67.2
67.2
67.4
67.65
66.9
67.5
68.0
68.5
69.4
68.1
67.9
68.25
68.45
69.65
68.25
69.85
69.5
69.0
68.0
67.3
67.0
67.95
68.65
67.95
66.3
62.65
63.95
64.2
63.7
62.75
63.15
64.7
64.45
64.8
64.1
64.0
64.4
63.8
64.55
64.6
65.1
66.0
68.65
69.5
69.5
70.35
70.25
70.1
69.85
70.4
68.55
70.3
72.05
70.65
71.4
70.7
70.0
72.2
69.5
70.0
70.05
70.1
69.15
69.8
68.35
70.3
72.05
71.7
71.45
71.1
71.3
71.35
71.3
70.0
70.3
70.85
70.65
71.55
71.6
70.75
71.55
70.6
70.95
71.55
70.55
70.1
70.4
70.55
70.4
70.55
70.05
70.5
69.4
69.0
68.55
68.95
68.75
68.25
68.0
68.7
68.45
68.45
69.5
69.0
69.3
69.4
69.35
69.05
69.05
68.5
69.05
69.3
69.8
69.6
69.55
69.6
68.9
68.9
69.95
68.9
68.8
69.8
69.5
68.35
67.75
68.4
68.85
69.05
69.05
69.5
69.75
69.75
69.75
69.6
70.0
70.3
70.0
69.45
70.25
70.35
70.0
69.9
69.3
70.0
68.8
68.85
68.6
68.6
68.0
68.35
68.0
68.5
68.8
67.7
67.85
67.45
68.0
67.2
67.85
67.0
67.2
67.75
68.85
68.0
68.65
68.65
68.45
68.45
69.3
69.95
70.05
69.3
68.0
68.45
68.55
68.65
68.6
68.2
67.75
67.75
67.9
67.95
67.8
67.75
68.8
67.5
68.3
66.25
67.5
67.7
67.25
66.45
66.65
66.55
65.35
65.2
64.65
63.75
62.5
62.35
59.45
61.5
59.4
59.15
57.25
58.3
60.65
60.0
60.75
60.35
59.5
47.75
36.1
44.45
43.95
38.0
40.55
40.25
41.35
41.4
45.0
47.8
45.0
45.25
45.0
44.4
46.65
45.0
46.7
47.05
47.05
52.5
50.1
52.7
53.45
54.0
63.2
67.5
62.3
60.2
61.1
64.0
67.0
64.45
64.0
64.65
64.8
64.35
65.7
64.9
64.45
64.95
64.2
64.95
66.35
66.35
66.55
66.35
66.35
65.35
66.4
66.0
66.3
64.15
69.5
64.9
64.95
65.0
65.85
64.6
64.7
64.6
64.45
65.0
63.95
62.7
63.6
64.3
64.0
64.15
63.85
63.85
70.0
65.45
65.0
65.3
66.3
66.3
64.95
65.15
63.65
64.3
64.95
65.05
65.3
65.25
65.3
66.75
65.5
66.65
67.35
68.25
67.5
68.25
67.05
67.85
66.0
65.55
66.0
66.05
66.0
68.5
70.45
68.05
70.0
69.05
69.25
66.65
66.65
66.65
66.65
66.0
66.5
66.6
66.15
66.2
65.9
67.2
67.15
67.25
67.05
67.65
67.7
67.0
67.0
67.0
67.05
68.05
67.5
74.15
87.0
93.7
87.5
80.75
80.1
75.4
73.4
74.05
74.5
74.75
74.6
72.75
74.3
75.25
74.75
72.8
73.0
73.35
73.05
72.1
71.35
72.0
71.2
70.05
69.8
68.15
67.8
67.25
68.55
67.6
68.5
69.2
69.2
74.75
71.1
70.1
70.4
70.75
70.0
69.95
70.45
72.95
81.15
73.0
75.25
72.95
74.1
74.3
76.2
76.5
74.2
73.45
73.95
73.2
73.25
73.45
73.1
73.2
73.4
72.3
71.05
71.45
71.05
71.0
71.45
71.2
70.75
71.45
71.45
71.3
71.5
72.2
71.45
71.45
71.8
71.1
70.3
71.5
71.15
72.1
71.15
71.9
72.0
71.55
72.2
71.7
72.2
72.45
72.85
72.85
71.75
71.85
71.2
71.9
71.55
71.65
71.35
71.35
71.4
71.35
71.7
71.7
71.45
71.65
71.3
71.95
72.05
72.2
72.1
72.8
72.0
72.05
72.05
72.55
73.2
73.0
71.65
72.7
72.05
73.0
72.7
72.45
71.75
72.3
71.85
71.95
72.25
72.25
71.95
72.0
71.8
71.95
72.05
71.8
71.55
71.65
70.15
70.95
71.0
71.0
70.95
71.0
70.55
70.55
70.55
70.6
70.85
69.7
68.35
69.45
70.05
70.3
70.15
69.55
69.45
68.25
70.4
70.25
70.85
70.85
70.7
71.45
70.75
70.3
71.1
70.1
70.15
70.85
70.15
70.25
70.0
70.5
70.85
70.3
70.4
70.35
70.45
70.8
70.6
71.1
70.5
70.0
70.4
69.5
70.15
70.2
70.25
70.35
70.05
70.0
70.05
70.0
70.05
70.4
70.6
70.15
70.25
70.0
69.75
70.1
69.6
70.1
68.95
68.75
68.15
68.0
68.45
68.4
68.1
67.8
67.45
67.45
67.35
67.85
68.35
68.35
68.25
68.45
68.0
68.8
68.15
67.9
67.75
68.3
68.25
68.75
67.95
68.45
71.0
69.3
71.0
69.95
71.15
69.35
70.4
71.0
70.75
71.1
71.5
71.0
71.0
71.15
70.75
71.1
70.7
71.2
71.55
71.75
71.3
71.95
71.95
71.95
72.0
71.65
71.45
71.0
71.2
70.55
70.5
70.5
70.5
70.0
70.0
69.9
69.8
70.45
70.8
70.95
70.55
71.15
71.0
71.0
71.05
70.0
69.6
69.65
69.25
68.65
67.4
67.65
67.75
67.85
67.95
67.6
67.55
67.95
68.0
68.5
67.75
67.9
67.8
68.5
68.5
68.3
67.45
67.0
67.7
67.75
66.5
67.0
67.0
67.75
67.75
68.45
68.25
68.1
68.1
67.8
67.7
67.95
67.45
67.45
67.5
67.7
67.6
67.6
67.4
67.05
67.35
67.3
67.5
67.5
67.0
66.95
66.7
66.65
65.75
65.95
66.55
66.0
66.0
65.9
65.6
65.8
65.6
65.85
66.45
65.6
66.45
66.0
65.75
65.75
66.4
66.35
66.4
65.95
70.5
69.1
69.0
69.15
69.8
69.0
68.8
69.05
68.2
68.25
68.85
68.35
68.3
68.3
68.7
69.2
69.0
68.65
68.7
68.45
68.5
68.5
68.05
68.3
68.55
67.5
68.45
67.7
68.25
68.55
68.5
68.5
68.5
68.0
67.8
69.2
68.0
68.7
68.65
68.7
68.3
68.25
68.1
68.5
68.1
71.15
73.4
69.85
69.9
71.4
71.6
71.45
71.95
71.6
71.25
71.35
70.95
71.55
72.15
71.2
71.5
71.2
70.95
70.95
70.9
70.9
71.0
70.8
70.4
70.5
70.75
69.95
69.35
69.75
69.5
69.5
69.7
69.25
69.9
69.3
69.2
69.1
68.7
69.0
69.2
69.45
69.35
69.65
69.0
68.95
