close
10.889
10.5
10.5
10.5
10.3
10.2
11.0
10.5
10.8
12.0
10.8
11.89
10.4
10.3
10.8
10.8
11.6
10.5
10.3
10.0
10.0
10.0
10.99
9.7
10.95
10.0
10.85
10.0
10.969
11.999
10.498
11.9
11.5
10.5
11.3
11.5
11.5
11.0
11.5
12.0
11.5
11.6
11.5
11.2
11.585
12.0
11.999
11.5
11.0
11.0
11.0
12.0
11.5
12.0
12.5
11.5
12.5
12.0
11.6
11.9
13.0
11.505
12.0
12.5
12.75
12.5
12.0
12.5
12.0
12.499
12.0
12.05
12.05
12.499
12.9
12.2
12.899
12.2
11.9
12.888
12.5
13.0
12.75
12.75
12.75
12.2
12.75
12.75
14.0
12.5
12.899
12.8
12.2
12.75
12.05
12.5
12.5
12.75
12.4
12.75
12.5
12.75
13.0
12.5
12.95
13.0
12.5
12.75
14.0
12.0
12.0
12.4
12.2
12.2
12.0
12.87
13.1
13.499
12.5
13.1
13.1
12.401
13.499
14.0
12.4
12.75
12.75
12.3
12.7
13.2
13.4
13.4
13.2
12.106
12.48
12.49
13.399
13.0
12.1
11.8
11.65
11.8
11.8
12.0
12.249
12.0
11.603
12.98
12.249
12.97
12.0
12.0
11.5
12.1
12.1
12.35
12.0
11.501
11.999
11.898
11.501
11.503
11.3
11.503
11.5
12.969
11.5
12.0
11.5
11.25
11.5
11.25
11.5
11.7
10.4
10.5
10.95
10.95
10.95
10.0
10.5
10.4
10.4
10.05
10.85
10.85
10.2
10.5
10.8
11.25
11.2
10.2
10.2
10.2
10.35
10.0
10.05
10.3
9.65
9.9
10.0
10.8
10.8
10.75
10.0
9.35
10.0
9.35
10.5
9.3
9.2
9.1
9.9
10.7
9.5
10.0
10.9
10.4
10.8
11.0
10.45
10.0
10.55
11.0
10.7
11.0
11.0
12.5
12.0
10.0
10.4
10.0
9.8
10.45
9.65
9.65
10.0
9.35
9.45
10.0
10.0
9.3
9.5
10.4
10.0
11.4
10.0
10.45
10.45
10.65
10.45
10.65
9.5
10.35
9.9
9.9
9.65
9.7
9.7
9.7
9.55
10.4
9.55
10.1
10.0
9.85
9.55
9.55
9.55
10.9
10.15
10.5
10.5
10.5
10.5
10.5
10.5
10.5
10.5
10.5
10.0
9.75
10.2
10.2
9.4
10.15
9.6
10.25
9.8
9.5
9.5
9.5
9.6
9.5
10.15
9.8
10.0
10.0
10.5
10.35
10.15
9.1
9.45
9.45
9.5
10.0
9.9
9.6
9.95
9.8
9.75
9.7
9.15
9.2
9.6
9.1
9.1
9.1
9.1
9.45
9.0
8.9
9.05
9.05
9.05
9.0
9.0
9.0
9.0
9.0
9.0
8.8
9.0
9.0
9.45
9.1
9.45
9.6
9.5
9.7
9.7
9.75
9.7
9.65
9.7
9.7
9.0
9.55
9.45
9.5
9.55
9.55
9.55
9.55
9.1
9.7
9.7
9.7
9.7
9.8
9.1
9.9
9.8
9.8
9.8
9.75
9.1
9.15
9.15
9.15
9.15
9.15
9.2
9.25
9.1
9.7
9.7
9.75
9.5
9.1
8.8
9.15
9.0
9.4
9.5
9.0
9.0
8.5
9.0
9.0
9.1
9.0
9.05
8.95
8.95
8.95
9.0
8.8
8.6
9.0
9.0
8.9
8.15
8.85
8.85
8.25
8.85
8.55
8.8
9.0
8.65
9.0
9.45
8.55
8.85
8.95
8.1
8.75
8.75
8.5
8.5
8.4
8.6
8.35
8.4
8.4
8.3
8.3
8.3
8.2
8.3
8.5
8.5
8.05
8.05
8.15
8.4
8.15
8.5
8.5
8.5
8.05
8.15
8.5
8.15
8.15
8.4
8.4
8.0
8.1
8.0
8.95
7.8
8.0
7.95
7.7
7.95
7.95
8.0
8.0
8.0
8.0
8.0
8.35
8.45
8.55
8.45
8.5
8.5
8.05
8.45
8.45
8.25
8.25
8.45
8.5
8.5
8.6
8.65
8.75
8.8
8.75
8.75
9.0
9.0
9.2
9.4
9.2
9.3
9.0
9.0
8.95
8.8
8.7
8.7
8.5
8.9
8.6
8.35
8.2
8.85
8.95
8.35
8.4
8.4
8.4
8.4
8.3
8.25
8.25
8.25
8.15
8.15
8.1
8.2
8.2
8.35
8.3
8.25
8.9
9.0
8.85
9.2
9.2
9.1
8.8
8.6
8.25
9.2
8.8
9.0
9.05
9.15
9.3
9.3
9.5
8.85
9.5
9.6
9.5
9.2
9.5
8.9
8.9
9.3
9.3
9.3
9.3
9.3
9.5
9.5
9.3
9.05
9.65
9.3
9.05
9.3
8.95
9.15
9.0
9.0
8.3
8.3
8.35
9.0
9.0
8.6
8.15
8.6
8.45
8.55
8.25
8.2
8.45
8.3
8.35
8.35
8.35
8.35
8.25
8.2
8.2
8.3
8.25
8.1
8.1
8.1
8.1
8.1
8.1
8.1
8.1
8.05
8.05
8.2
8.05
8.05
8.05
8.05
8.05
8.05
8.05
8.1
8.1
8.0
8.1
8.15
8.15
8.1
8.6
8.25
8.25
8.55
8.3
8.25
8.35
8.5
8.5
8.45
8.45
8.45
8.1
8.45
8.45
8.45
8.45
8.45
8.45
8.4
8.45
8.4
8.35
7.8
8.1
8.0
8.05
8.0
8.0
8.0
8.0
8.0
8.0
8.0
8.0
8.0
8.0
8.0
8.0
8.0
8.25
8.05
8.05
8.05
8.0
8.0
8.0
8.0
8.0
8.0
8.1
8.1
8.0
8.0
8.0
8.0
8.0
9.0
9.0
8.5
8.9
9.0
9.0
9.5
9.3
9.3
9.2
9.0
9.0
9.1
9.55
9.0
9.0
8.9
8.75
9.6
8.4
9.2
8.8
9.05
8.7
8.9
9.5
9.5
9.4
9.7
9.65
9.15
9.6
9.45
9.6
9.6
9.8
9.7
9.6
9.5
9.9
9.65
9.95
9.9
9.6
9.6
9.65
9.6
9.65
9.65
9.65
9.4
9.5
9.2
9.9
9.9
9.7
9.9
9.5
9.55
9.8
9.05
9.5
9.15
9.1
9.05
9.7
9.7
9.45
9.6
9.6
9.6
9.05
8.75
8.8
9.7
9.0
9.15
9.85
9.25
9.5
9.8
9.5
10.0
10.2
10.2
10.3
10.25
10.0
10.25
10.0
10.5
10.4
10.95
10.6
10.6
10.4
10.3
10.15
10.25
10.6
10.45
10.75
9.55
9.95
10.3
10.15
9.85
9.75
10.05
10.3
9.45
9.65
10.2
9.9
9.65
10.35
9.75
10.0
10.0
9.65
10.6
10.15
10.15
10.05
10.0
10.3
10.5
10.0
9.95
9.95
9.95
10.15
10.0
10.0
10.0
10.0
10.0
9.95
9.85
10.0
10.0
9.65
9.5
9.5
9.45
9.5
9.5
9.05
9.35
9.5
10.15
9.7
9.85
9.7
9.85
9.75
9.65
9.7
9.7
10.0
10.0
9.95
10.0
9.95
9.95
9.75
9.75
9.75
9.6
9.9
9.75
9.9
9.8
9.7
9.65
9.6
9.65
9.7
9.7
9.7
9.7
9.65
9.65
10.0
9.7
9.7
9.6
9.6
9.6
9.55
9.6
9.6
9.4
9.6
9.45
9.4
9.4
9.4
9.4
9.4
9.4
9.2
9.3
9.3
9.3
9.3
9.35
9.45
10.2
9.55
9.35
9.4
9.35
9.25
9.8
9.55
9.4
9.3
9.75
9.75
9.65
9.6
9.35
9.2
9.45
9.25
9.2
9.1
9.5
9.5
9.95
9.5
9.3
9.5
9.5
9.5
9.5
9.45
9.4
9.4
9.6
9.55
9.1
9.4
9.4
9.35
9.3
9.4
9.55
9.35
9.5
9.45
9.45
9.45
9.8
9.4
9.7
9.3
9.45
9.35
9.25
9.15
9.45
9.35
9.3
9.55
9.5
9.3
9.2
9.35
9.35
9.15
9.45
9.45
9.4
9.3
9.2
9.15
9.05
9.3
9.3
9.3
9.1
9.3
9.0
9.05
9.15
9.25
9.3
9.3
9.3
9.45
9.3
9.5
9.2
9.25
9.1
9.25
9.2
9.05
9.5
9.0
9.15
9.15
9.5
9.2
9.0
9.25
9.1
9.05
8.95
8.9
8.9
9.1
8.95
8.8
8.8
8.7
8.7
8.7
8.55
8.6
8.6
8.75
8.85
9.05
8.85
8.85
8.9
9.2
9.05
9.2
9.2
9.3
9.35
9.35
9.05
9.05
9.1
9.3
9.3
9.1
8.9
8.9
8.9
8.9
8.85
8.9
8.9
9.0
8.8
8.8
8.8
8.8
8.75
8.7
8.7
8.65
8.7
8.9
8.95
9.1
8.9
9.1
9.2
9.05
9.25
9.1
9.1
9.3
9.15
9.05
8.9
8.95
8.65
9.0
8.85
9.15
9.15
9.15
9.15
8.9
9.05
8.7
8.95
9.15
9.05
9.1
9.0
9.1
9.1
9.05
9.0
9.2
8.85
8.95
8.85
9.0
9.0
9.05
9.1
9.0
9.1
9.0
8.85
9.1
9.1
9.1
8.9
9.1
8.95
8.95
8.95
8.95
8.7
8.7
8.7
8.8
8.8
8.8
8.8
8.7
8.7
8.6
8.75
8.75
8.75
8.95
8.8
9.0
8.95
8.95
9.0
8.7
9.0
8.8
8.95
8.75
8.6
8.6
8.95
8.85
8.5
8.65
8.6
8.55
8.75
8.75
8.5
8.6
9.0
8.85
8.9
8.95
8.9
8.95
8.85
8.8
8.9
8.3
8.4
8.25
8.45
8.65
8.8
8.8
8.7
8.7
8.5
8.5
8.5
8.8
8.6
8.85
8.65
8.65
8.55
8.5
9.0
8.7
8.7
8.7
8.9
8.7
8.7
8.95
8.55
8.7
8.7
8.65
8.65
9.0
8.85
8.7
8.7
8.5
8.65
8.65
9.15
8.7
8.7
8.5
8.5
8.5
8.45
8.5
8.2
8.35
8.1
8.25
8.0
8.15
8.05
8.0
8.15
8.25
8.3
8.0
8.1
8.1
8.05
8.05
8.0
8.0
8.0
8.0
8.0
8.0
8.0
8.0
8.0
8.0
8.0
8.0
8.0
8.0
8.0
8.0
7.8
7.85
7.9
7.85
7.9
7.8
7.75
7.6
7.5
7.5
7.35
8.15
7.65
7.7
7.25
7.75
7.65
7.75
7.75
7.75
7.75
7.75
7.75
7.75
7.7
7.75
7.65
7.6
7.1
7.4
7.55
7.6
7.6
7.5
7.55
7.6
7.55
7.6
7.55
7.5
7.55
7.4
7.45
7.5
7.5
8.5
8.05
7.85
8.15
8.5
8.15
8.15
8.65
8.5
8.3
8.2
8.15
8.5
8.5
8.6
8.45
8.4
8.05
8.5
8.5
8.4
8.35
8.35
8.5
8.5
8.45
8.4
8.5
8.3
8.4
8.45
8.45
7.75
7.7
7.65
7.9
7.8
7.8
8.25
8.25
8.25
8.2
7.9
8.1
7.9
8.15
8.0
7.95
8.5
8.5
8.5
8.15
8.7
8.1
8.5
8.3
8.7
8.5
8.5
9.0
8.2
8.35
8.3
8.2
8.0
8.0
8.3
8.0
8.05
8.0
8.3
8.3
8.3
8.05
8.25
8.9
8.1
8.65
8.3
8.05
8.75
8.95
8.8
8.9
8.35
8.4
8.3
8.25
8.1
8.3
8.2
8.45
8.25
8.2
8.2
8.15
8.05
8.0
8.1
7.9
7.9
7.95
7.7
7.85
7.7
7.65
7.7
7.65
7.65
7.65
7.6
7.55
7.6
7.6
7.55
7.6
7.4
7.5
7.5
7.5
7.3
7.3
8.0
7.7
7.6
7.5
7.55
7.5
7.7
7.75
7.55
7.5
7.65
7.7
7.6
7.8
7.5
7.75
7.85
7.65
7.6
8.25
8.45
8.5
8.5
8.5
8.5
9.0
8.9
8.85
8.9
8.85
8.9
8.85
8.15
8.3
7.9
7.7
7.95
8.05
7.95
7.95
7.95
7.85
7.85
7.85
8.0
7.9
7.95
7.95
8.05
8.1
8.05
7.95
7.95
7.95
7.9
8.05
7.9
7.85
8.05
7.9
7.9
7.9
7.95
8.25
7.55
7.4
7.45
7.45
7.2
7.6
7.65
7.55
7.5
7.7
7.75
7.3
7.5
7.35
7.4
7.8
7.9
7.8
7.7
7.9
7.9
7.75
7.7
7.85
7.8
7.8
7.75
7.7
7.8
7.75
7.7
7.85
7.65
8.0
7.8
7.95
7.95
7.85
7.8
8.0
7.95
8.0
7.8
7.8
7.8
7.8
7.7
7.6
7.55
7.6
7.35
7.5
7.5
7.6
7.6
7.55
7.55
7.6
7.65
7.4
7.6
7.7
7.55
7.9
8.0
7.7
7.95
7.8
8.0
8.0
8.05
8.1
7.7
7.9
8.0
7.85
7.9
7.9
7.85
7.9
7.8
7.85
7.8
7.8
7.85
7.75
7.75
7.7
7.65
7.8
7.8
7.7
7.65
7.65
7.6
7.6
7.6
7.6
7.6
7.6
7.6
7.55
7.55
7.5
7.5
7.5
7.6
7.5
7.55
7.45
7.45
7.45
7.4
7.4
7.35
7.45
7.35
7.35
7.3
7.3
7.25
7.25
7.2
7.2
7.25
7.2
7.2
7.2
7.2
7.2
7.15
7.15
7.15
7.2
7.2
7.2
7.25
7.1
7.15
7.05
7.05
7.05
7.1
7.1
6.85
6.9
6.85
6.85
6.75
6.95
6.9
6.9
6.75
7.0
6.9
6.9
6.9
6.75
6.75
6.75
6.9
6.8
6.8
6.8
6.8
6.9
6.8
6.8
6.7
6.8
6.8
6.75
6.75
6.75
6.7
6.8
6.65
6.7
6.7
6.75
6.7
6.7
6.9
7.0
6.95
7.0
6.9
6.85
6.8
7.0
6.9
6.85
6.9
7.0
6.8
6.85
6.8
6.8
6.85
6.85
6.85
6.85
6.75
6.75
6.75
6.75
6.85
6.75
6.75
6.8
6.8
7.3
6.85
7.0
7.0
7.0
7.05
7.0
7.0
6.95
6.95
6.9
7.05
7.25
7.15
7.1
7.1
7.1
7.15
7.1
7.1
7.1
7.1
7.1
7.05
6.95
6.95
7.05
7.0
6.95
6.95
6.95
7.0
7.1
6.8
6.9
6.9
6.95
7.0
7.1
7.1
7.15
7.2
7.2
7.2
7.35
7.3
7.25
7.3
7.3
7.4
7.5
7.4
7.55
7.55
7.5
7.4
7.45
7.35
7.35
7.45
7.3
7.3
7.3
7.3
7.3
7.3
7.3
7.25
7.2
7.2
7.25
7.25
7.25
7.25
7.35
7.25
7.25
7.2
7.25
7.2
7.1
7.15
7.15
7.0
7.1
7.1
7.1
7.1
7.1
7.15
7.1
7.1
7.2
7.3
7.1
7.15
7.3
7.35
7.35
7.15
7.4
7.4
7.4
7.3
7.4
7.25
7.4
7.25
7.25
7.2
7.3
7.15
7.15
7.15
7.15
7.15
7.25
7.25
7.25
7.3
7.4
7.15
7.45
7.4
7.4
7.45
7.25
7.4
7.4
7.4
7.4
7.4
7.4
7.4
7.4
7.4
7.4
7.4
7.4
7.0
7.25
7.1
7.1
7.1
7.1
7.25
7.2
7.2
7.1
7.3
7.35
7.35
7.35
7.4
7.35
7.4
7.25
7.25
7.4
7.2
7.35
7.4
7.25
7.35
7.2
7.25
7.4
7.4
7.35
7.35
7.3
7.15
7.25
7.25
7.35
7.25
7.45
7.5
7.5
7.4
7.6
7.4
7.4
7.4
7.4
7.25
7.2
7.2
7.15
7.0
7.15
7.15
7.1
7.15
7.1
7.1
6.95
6.9
7.0
6.95
6.7
6.7
6.8
6.8
6.8
6.8
6.85
6.9
6.85
6.95
6.95
6.75
6.95
7.0
7.0
6.95
6.8
7.05
7.15
7.2
6.95
7.05
7.0
7.0
7.15
7.05
7.0
7.1
7.25
7.15
7.1
7.1
7.15
7.15
7.1
7.1
7.2
7.1
7.1
7.1
7.1
7.1
7.0
7.0
7.0
7.1
7.1
7.1
7.05
7.1
6.95
7.0
7.0
6.85
6.8
6.85
6.9
7.0
7.15
7.05
7.2
7.3
7.5
7.15
7.25
7.6
7.3
7.35
7.4
7.3
7.6
7.5
7.5
7.5
7.95
7.95
8.0
8.2
8.45
7.9
7.7
8.4
7.85
7.85
8.4
8.0
8.0
8.4
8.1
8.4
7.85
7.8
7.8
7.95
7.7
8.0
7.95
8.9
8.6
8.1
9.15
8.0
8.0
8.0
7.5
7.85
7.9
7.55
7.5
7.5
7.45
7.65
7.65
7.8
7.9
7.8
8.0
8.0
7.95
7.95
8.35
8.15
8.05
8.75
8.4
8.75
7.95
8.75
9.05
8.6
8.0
7.95
7.9
8.25
8.7
8.95
8.0
8.0
7.95
8.55
8.25
8.0
8.0
8.0
8.05
8.1
7.65
7.85
7.9
7.95
8.0
7.85
7.95
7.8
7.75
7.85
7.85
7.65
7.8
7.8
7.75
7.8
8.35
7.95
8.0
8.4
8.4
8.45
8.5
8.25
8.2
8.35
8.5
8.25
8.25
8.25
8.05
8.55
8.35
8.55
8.55
8.55
8.6
8.7
8.75
8.9
8.55
8.5
8.65
8.5
8.5
8.35
8.5
8.35
8.5
8.5
8.55
8.6
8.0
8.15
8.15
8.15
7.7
7.4
8.8
7.7
7.9
7.95
8.15
8.2
8.0
8.0
7.85
8.0
8.0
7.85
8.0
8.0
8.0
7.9
7.9
8.05
8.0
7.9
7.9
7.9
7.95
8.1
7.9
7.85
7.8
8.0
7.85
7.8
7.8
7.8
7.9
8.0
8.05
7.9
7.85
7.8
7.75
7.9
7.95
8.0
8.0
8.0
8.0
8.0
8.25
8.2
8.0
7.7
8.15
7.95
7.9
8.0
8.0
8.0
8.15
8.0
8.1
7.9
7.9
7.9
8.0
7.95
8.05
8.0
8.1
8.1
8.15
8.0
8.15
8.1
8.0
8.05
7.95
7.95
8.05
8.0
8.0
8.0
8.1
7.95
8.0
8.1
8.1
8.0
8.0
8.0
8.0
8.0
8.05
8.0
7.9
8.0
8.2
7.95
8.1
8.3
8.3
8.3
8.3
8.4
8.55
8.15
8.1
7.95
8.05
8.05
8.0
7.8
8.1
7.75
7.85
7.95
7.75
7.75
7.7
7.6
7.7
7.75
7.6
7.6
7.55
7.55
7.5
7.5
7.5
7.45
7.45
7.45
7.3
7.25
7.4
7.55
7.65
7.6
7.55
7.7
7.7
7.8
7.8
8.05
8.05
7.7
7.85
7.6
7.8
7.85
7.85
7.85
7.95
7.8
7.6
7.9
7.7
7.95
8.0
7.95
7.95
7.9
7.6
7.85
7.85
7.95
7.7
7.7
7.8
7.4
7.55
7.75
7.7
7.5
7.7
7.95
7.9
7.6
7.8
7.5
7.6
7.85
7.9
7.95
7.8
7.8
7.95
7.9
7.85
7.85
7.6
7.9
8.1
8.2
7.4
7.8
7.4
7.4
7.4
7.3
7.3
7.25
7.35
7.3
7.45
7.5
7.8
7.5
7.5
7.65
7.35
7.4
7.3
7.5
7.7
7.55
7.75
7.65
7.75
8.0
7.95
7.7
7.7
8.05
8.4
7.8
8.0
7.95
8.0
8.05
8.0
7.9
7.6
7.5
7.9
7.8
7.8
7.8
7.65
7.65
7.55
7.55
7.55
7.55
7.55
7.45
7.45
7.4
7.45
7.4
7.4
7.4
7.55
7.65
7.45
7.55
7.55
7.55
7.45
7.55
7.45
7.45
7.35
7.3
7.5
7.35
7.4
7.5
7.5
7.4
7.45
7.6
7.4
7.45
7.45
7.5
7.5
7.55
7.4
7.5
7.4
7.5
7.55
7.35
7.55
7.35
7.3
7.35
7.4
7.35
7.2
7.15
7.3
7.35
7.25
7.25
7.4
7.25
7.3
7.4
7.25
7.55
7.35
7.3
7.25
7.25
7.3
7.3
7.25
7.3
8.35
7.85
7.75
7.6
7.6
7.65
7.5
7.45
7.45
7.5
7.5
7.45
7.5
7.45
7.45
7.45
7.45
7.45
7.45
7.45
7.45
7.45
7.5
7.45
7.45
7.4
7.4
7.3
7.3
7.3
7.25
7.35
7.35
7.6
7.6
7.4
7.25
7.55
7.7
7.35
7.35
7.7
7.5
7.5
7.55
7.6
7.75
7.6
7.5
7.5
7.45
7.3
7.55
7.55
7.6
7.6
7.6
7.4
7.4
7.55
7.55
7.85
7.8
7.95
7.4
7.6
7.6
7.55
7.45
7.3
7.25
7.4
7.35
7.45
7.45
7.4
7.35
7.45
7.3
7.6
7.5
7.5
7.5
8.0
7.9
7.9
7.9
7.8
7.4
7.55
7.4
7.25
7.3
7.3
7.25
7.35
7.45
7.4
7.2
7.3
7.25
7.1
7.2
7.0
7.05
7.0
7.4
7.3
7.3
7.3
7.14
7.2
7.2
7.2
7.1
7.26
7.28
7.42
7.4
6.98
7.36
7.34
7.1
7.14
7.12
7.1
7.1
7.1
7.02
7.0
7.16
7.24
7.24
7.24
7.26
7.24
7.26
7.22
7.04
7.2
7.2
7.22
7.0
7.02
7.02
7.18
7.26
7.26
7.32
7.34
7.04
7.58
7.44
7.52
7.48
7.5
7.2
7.2
7.2
7.2
7.2
7.12
7.1
7.1
7.1
7.18
7.18
7.0
7.16
7.06
7.26
7.14
7.12
7.14
7.14
7.1
7.28
7.28
7.28
7.34
7.34
7.3
7.24
7.12
7.24
7.22
7.24
7.0
7.22
7.18
7.32
7.12
7.04
7.04
7.04
7.12
7.06
7.16
7.16
7.2
7.22
7.22
7.22
7.24
7.06
7.24
7.22
7.3
7.02
7.18
7.06
7.06
7.08
7.02
7.16
7.14
7.16
7.14
7.26
7.26
7.26
7.0
7.42
7.42
7.2
7.28
7.32
7.32
7.3
7.28
7.28
7.58
7.46
7.58
7.58
7.3
7.34
7.3
7.28
7.3
7.26
7.24
7.12
7.24
7.24
7.18
7.26
7.1
7.24
7.24
7.12
7.28
7.18
7.2
7.16
7.28
7.24
7.26
7.12
7.14
7.3
7.3
7.12
7.26
7.3
7.12
7.18
7.18
7.28
7.2
7.2
7.1
7.1
7.26
7.26
7.24
7.26
7.26
7.28
7.14
7.3
7.3
7.18
7.2
7.2
7.24
7.24
7.24
7.24
7.24
7.28
7.24
7.14
7.24
7.18
7.3
7.28
7.14
7.26
7.26
7.3
7.22
7.26
7.28
7.28
7.2
7.26
7.26
7.22
7.28
7.18
7.16
7.18
7.14
7.16
7.26
7.26
7.2
7.22
7.18
7.2
7.18
7.18
7.16
7.22
7.16
7.12
7.16
7.12
7.04
7.12
7.14
7.14
7.14
7.14
7.12
7.14
7.12
7.12
7.08
7.14
7.18
7.08
7.2
7.18
7.18
7.1
7.1
7.12
7.12
7.18
7.18
7.18
7.18
7.18
7.2
7.2
7.18
7.2
7.22
7.2
7.24
7.24
7.12
7.14
7.14
7.18
7.2
7.18
7.2
7.2
7.14
7.18
7.2
7.18
7.2
7.16
7.2
7.2
7.2
7.2
7.12
7.22
7.24
7.24
7.24
7.26
7.26
7.26
7.24
7.24
7.26
7.36
7.36
7.32
7.3
7.36
7.34
7.36
7.34
7.36
7.3
7.3
7.28
7.32
7.3
7.3
7.22
7.28
7.3
7.22
7.24
7.22
7.22
7.22
7.3
7.22
7.28
7.28
7.28
7.28
7.28
7.28
7.3
7.32
7.32
7.16
7.34
7.2
7.18
7.26
7.2
7.22
7.22
7.22
7.24
7.3
7.32
7.32
7.32
7.32
7.34
7.36
7.3
7.3
7.28
7.16
7.3
7.28
7.3
7.3
7.32
7.32
7.4
7.6
7.6
7.4
7.56
7.5
7.5
7.52
7.52
7.58
7.48
7.48
7.56
7.48
7.56
7.54
7.44
7.5
7.5
7.5
7.4
7.36
7.52
7.4
7.46
7.38
7.44
7.44
7.58
7.5
7.44
7.46
7.68
7.74
7.74
7.7
7.7
7.7
7.72
7.68
7.6
7.52
7.54
7.58
7.58
7.58
7.54
7.68
7.52
7.56
7.54
7.68
7.68
7.72
7.7
7.72
7.72
7.74
7.76
7.76
7.76
7.76
7.76
7.78
7.78
7.78
7.7
7.8
7.94
7.7
7.64
7.66
7.62
7.62
7.8
7.82
7.68
7.66
7.62
7.6
7.6
7.72
7.66
7.58
7.56
7.64
7.68
7.56
7.56
7.52
7.64
7.7
7.58
7.58
7.72
7.46
7.52
7.58
7.58
7.46
7.54
7.42
7.38
7.56
7.58
7.6
7.68
7.64
7.6
7.56
7.54
7.56
7.56
7.5
7.54
7.62
7.5
7.58
7.64
7.68
7.62
7.64
7.62
7.68
7.62
7.64
7.68
7.7
7.76
7.9
7.88
7.74
7.72
7.74
7.68
7.72
7.66
7.5
7.5
7.54
7.54
7.58
7.62
7.6
7.6
7.48
7.54
7.52
7.4
7.34
7.4
7.4
7.24
7.24
7.24
7.22
7.16
7.02
7.1
7.04
7.1
7.3
7.3
7.2
7.28
7.22
7.22
7.2
7.3
7.32
7.22
7.24
7.22
7.24
7.22
7.26
7.2
7.2
7.34
7.5
7.28
7.28
7.28
7.28
7.28
7.28
7.3
7.3
7.3
7.3
7.3
7.34
7.36
7.36
7.34
7.32
7.34
7.18
7.2
7.2
7.22
7.2
7.2
7.24
7.06
7.08
7.18
7.18
7.1
7.1
7.14
7.12
7.12
7.12
7.14
7.14
7.08
7.14
7.08
7.12
7.1
7.28
7.22
7.22
7.22
7.2
7.24
7.22
7.2
7.2
7.2
7.24
7.26
7.24
7.26
7.2
7.28
7.16
7.14
7.24
7.12
7.16
7.16
7.22
7.1
7.18
7.2
7.26
7.3
7.28
7.2
7.2
7.2
7.14
7.12
7.14
7.12
7.1
7.1
7.1
7.12
7.12
7.1
7.1
7.12
7.16
7.16
7.1
7.0
7.18
7.16
7.16
7.16
7.18
7.18
7.22
7.2
7.12
7.18
7.18
7.12
7.12
7.12
7.06
7.1
7.08
7.1
7.08
7.1
7.12
7.1
7.06
7.08
7.08
7.08
7.08
7.1
7.06
7.06
7.22
7.22
7.22
7.22
7.24
7.24
7.26
7.12
7.08
7.08
7.1
7.06
7.06
7.08
7.08
7.1
7.1
7.08
7.04
7.08
7.08
7.08
7.08
7.08
7.1
7.1
7.06
7.1
7.1
7.1
7.08
7.08
7.04
7.1
7.1
7.1
7.1
7.02
7.1
7.1
7.1
7.1
7.1
7.1
7.1
7.1
7.02
7.02
7.1
7.1
7.24
7.2
7.1
7.06
7.18
7.1
7.1
7.1
7.22
7.2
7.2
7.18
7.18
7.16
7.16
7.2
7.2
7.22
7.22
7.12
7.06
7.2
7.2
7.06
7.1
7.18
7.18
7.2
7.18
7.2
7.2
7.2
7.2
7.18
7.2
7.2
7.2
7.2
7.2
7.14
7.12
7.12
7.04
7.1
7.1
7.16
7.1
7.1
7.2
7.12
7.22
7.2
7.24
7.24
7.22
7.16
7.24
7.16
7.12
7.12
7.12
7.22
7.22
7.14
7.1
7.1
7.08
7.08
7.18
7.12
7.1
7.12
7.08
7.18
7.16
7.18
7.2
7.12
7.22
7.22
7.22
7.24
7.24
7.26
7.14
7.14
7.14
7.24
7.26
7.24
7.16
7.24
7.24
7.14
7.14
7.14
7.2
7.2
7.3
7.26
7.28
7.3
7.34
7.34
7.3
7.3
7.32
7.2
7.22
7.32
7.2
7.3
7.26
7.26
7.32
7.36
7.34
7.3
7.3
7.3
7.3
7.4
7.52
7.52
7.5
7.48
7.46
7.32
7.32
7.48
7.44
7.44
7.4
7.4
7.4
7.28
7.34
7.26
7.28
7.38
7.4
7.44
7.24
7.3
7.44
7.24
7.22
7.34
7.28
7.32
7.24
7.16
7.3
7.2
7.3
7.3
7.22
7.26
7.4
7.34
7.22
7.22
7.2
7.16
7.2
7.18
7.18
7.3
7.3
7.2
7.32
7.38
7.3
7.3
7.24
7.38
7.38
7.44
7.26
7.28
7.42
7.5
7.48
7.5
7.76
7.5
7.68
7.68
7.7
7.68
7.68
7.68
7.6
7.5
7.4
7.4
7.4
7.42
7.42
7.42
7.42
7.34
7.42
7.56
7.56
7.46
7.5
7.56
7.56
7.56
7.56
7.46
7.46
7.44
7.44
7.58
7.54
7.62
7.58
7.52
7.52
7.52
7.48
7.56
7.56
7.6
7.58
7.62
7.6
7.54
7.54
7.8
7.76
7.74
7.7
7.84
7.7
7.9
7.86
7.92
7.84
7.84
7.84
7.84
7.94
7.82
7.8
7.82
7.84
7.98
7.98
7.76
7.9
7.88
7.7
7.66
7.78
7.76
7.8
7.6
7.6
7.56
7.54
7.5
7.68
7.66
7.7
7.58
7.52
7.58
7.66
7.66
7.68
7.68
7.7
7.7
7.7
7.7
7.7
7.72
7.58
7.5
7.72
7.72
7.72
7.58
7.58
7.56
7.7
7.7
7.52
7.6
7.64
7.54
7.66
7.62
7.48
7.4
7.4
7.3
7.46
7.54
7.44
7.54
7.44
7.36
7.36
7.42
7.34
7.34
7.22
7.22
7.22
7.22
7.22
7.14
7.2
7.24
7.16
7.22
7.24
7.16
7.26
7.28
7.3
7.3
7.3
7.3
7.3
7.26
7.24
7.26
7.3
7.24
7.24
7.36
7.56
7.4
7.38
7.34
7.44
7.32
7.36
7.36
7.36
7.32
7.34
7.24
7.36
7.34
7.34
7.62
7.4
7.38
7.4
7.4
7.38
7.28
7.36
7.3
7.38
7.22
7.34
7.36
7.36
7.28
7.34
7.44
7.4
7.4
7.36
7.46
7.5
7.5
7.5
7.4
7.46
7.3
7.38
7.36
7.36
7.3
7.32
7.32
7.36
7.36
7.36
7.32
7.34
7.34
7.32
7.32
7.32
7.32
7.3
7.28
7.28
7.28
7.28
7.28
7.28
7.3
7.24
7.3
7.28
7.28
7.26
7.26
7.28
7.26
7.28
7.28
7.28
7.3
7.3
7.3
7.3
7.32
7.32
7.36
7.48
7.42
7.42
7.42
7.48
7.48
7.52
7.48
7.48
7.48
7.46
7.44
7.46
7.48
7.46
7.5
7.48
7.48
7.4
7.38
7.38
7.46
7.42
7.5
7.5
7.44
7.44
7.48
7.5
7.5
7.46
7.46
7.62
7.66
7.9
7.6
7.5
7.6
7.6
7.6
7.56
7.56
7.52
7.5
7.5
7.52
7.52
7.52
7.56
7.56
7.56
7.52
7.58
7.58
7.58
7.58
7.6
7.6
7.48
7.54
7.46
7.46
7.46
7.46
7.46
7.52
7.52
7.46
7.44
7.46
7.4
7.4
7.4
7.38
7.4
7.44
7.42
7.32
7.42
7.42
7.32
7.42
7.42
7.44
7.48
7.36
7.52
7.5
7.48
7.38
7.48
7.54
7.52
7.38
7.48
7.48
7.4
7.32
7.4
7.32
7.44
7.34
7.34
7.32
7.38
7.4
7.42
7.42
7.32
7.36
7.42
7.36
7.48
7.5
7.5
7.5
7.44
7.42
7.44
7.46
7.5
7.5
7.52
7.48
7.4
7.4
7.48
7.48
7.5
7.46
7.5
7.5
7.5
7.5
7.5
7.5
7.5
7.5
7.52
7.48
7.46
7.54
7.54
7.52
7.52
7.52
7.52
7.52
7.32
7.32
7.5
7.48
7.46
7.5
7.5
7.5
7.48
7.5
7.48
7.38
7.5
7.48
7.48
7.48
7.46
7.46
7.48
7.5
7.5
7.52
7.52
7.52
7.4
7.46
7.4
7.36
7.4
7.42
7.46
7.44
7.46
7.46
7.5
7.5
7.52
7.56
7.46
7.58
7.56
7.52
7.5
7.52
7.58
7.6
7.72
7.8
8.22
7.94
8.12
8.28
8.22
8.22
8.3
8.14
8.26
7.7
7.88
7.8
7.9
8.12
8.12
8.06
8.02
8.04
7.84
7.92
7.9
7.88
8.1
8.1
8.1
8.02
8.02
8.0
8.08
8.06
8.06
8.06
8.18
8.08
8.2
10.36
9.26
9.74
9.3
8.74
8.9
9.06
9.06
9.8
9.6
9.54
9.52
9.42
9.42
9.52
9.32
9.32
9.7
9.56
9.34
9.36
9.36
9.34
9.26
9.24
9.24
9.42
9.44
9.28
9.54
9.32
9.32
9.18
9.34
9.42
8.88
9.0
8.9
9.06
9.12
9.06
9.28
9.04
9.04
9.22
9.04
9.1
9.0
9.22
9.22
9.2
9.1
9.18
9.2
9.3
9.46
9.44
9.44
9.32
9.48
9.78
9.98
9.8
9.8
9.8
10.44
12.1
13.02
13.02
14.0
15.24
15.34
15.58
15.42
15.08
13.76
13.98
14.16
14.1
14.2
14.0
13.16
13.2
13.32
13.2
13.26
13.12
13.16
13.38
13.2
13.44
13.5
13.18
13.18
12.74
12.36
12.52
12.36
12.32
11.8
11.38
11.68
11.5
11.4
11.18
11.3
11.2
11.04
11.2
10.76
10.64
10.7
10.68
10.64
10.7
10.66
10.74
10.88
11.72
11.0
11.12
11.0
11.0
10.88
10.96
11.26
11.38
11.2
11.26
11.22
10.82
11.1
10.92
11.04
11.02
10.94
10.8
10.94
10.96
10.9
10.96
10.9
10.9
11.06
11.14
11.28
11.3
11.18
11.58
11.36
11.36
11.4
11.14
11.0
11.12
11.18
11.12
11.2
11.34
11.16
11.26
11.12
11.26
11.22
11.34
11.38
11.44
11.18
11.18
11.18
11.16
11.12
11.12
11.14
11.14
11.28
11.14
11.22
11.1
10.98
11.0
11.08
10.94
10.8
10.74
10.96
10.84
10.82
10.92
11.0
10.7
10.7
10.6
10.46
10.48
10.86
10.62
10.6
10.6
10.56
10.5
10.48
10.48
10.56
10.46
10.42
10.5
10.42
10.54
10.54
10.44
10.42
10.46
10.46
10.36
10.4
10.56
10.62
10.54
10.6
10.62
10.62
10.68
10.64
10.66
10.72
10.68
10.8
10.8
10.68
10.82
10.56
10.66
10.78
10.7
10.74
10.92
10.74
10.76
10.7
10.84
10.92
10.96
11.1
11.06
10.86
11.0
11.1
10.92
11.0
11.0
11.1
11.0
11.02
10.72
10.76
10.94
10.8
10.92
10.92
10.84
10.96
10.76
10.84
10.76
10.78
10.76
10.82
10.84
10.88
10.9
10.8
10.86
10.78
10.74
10.7
10.7
10.7
10.74
10.68
10.72
10.74
10.7
10.64
10.78
10.62
10.42
10.86
10.5
10.66
10.46
9.94
9.92
10.08
10.06
9.98
10.12
10.08
10.22
10.52
10.4
10.56
10.4
10.64
10.32
10.12
10.02
9.92
10.12
9.86
9.4
9.24
9.2
9.12
9.58
9.4
9.52
9.52
9.76
9.76
9.6
9.6
9.6
9.52
9.5
9.52
9.54
9.74
9.9
9.74
9.72
9.9
9.96
9.86
9.88
9.88
9.86
10.0
10.0
9.98
9.8
9.96
9.94
9.94
9.8
9.78
9.78
9.2
8.86
8.9
8.9
8.76
8.78
8.88
8.76
8.76
8.88
8.0
8.1
8.2
8.28
8.28
8.28
8.28
8.26
8.28
8.26
8.48
8.5
8.5
8.62
8.46
8.3
8.96
8.8
8.44
8.46
7.9
7.64
7.68
8.24
8.28
8.22
7.72
7.58
7.88
8.08
7.94
7.88
8.0
8.04
8.04
8.04
7.52
7.6
7.6
7.5
7.6
7.36
7.1
7.08
7.08
7.1
7.12
7.04
7.04
7.1
7.06
7.08
7.04
7.0
7.08
7.02
7.14
6.94
7.0
6.86
6.86
6.88
6.84
7.0
6.84
6.8
6.7
6.78
7.0
7.06
7.16
7.4
7.7
7.7
7.44
7.28
7.28
7.36
7.6
7.28
7.4
7.06
8.32
7.7
7.98
7.82
7.9
7.96
7.74
7.94
8.5
9.08
8.92
9.0
8.18
8.2
8.88
8.52
8.8
8.8
8.98
8.22
8.24
8.24
8.48
8.46
8.52
8.62
8.58
8.42
8.58
8.58
8.48
8.38
8.28
8.2
8.2
8.2
8.48
8.34
8.34
8.3
8.48
8.52
8.24
8.28
8.6
8.56
8.48
8.5
8.5
8.36
8.4
8.48
8.36
8.36
8.32
8.3
8.44
8.38
8.42
8.44
9.0
8.76
8.72
8.6
8.68
8.68
8.5
8.5
8.54
8.78
8.64
8.62
8.64
8.64
8.8
8.5
8.74
8.88
8.86
8.86
8.88
8.78
8.78
8.78
8.6
8.58
9.2
8.84
9.0
8.92
9.12
9.12
9.1
9.24
9.24
9.0
8.76
8.98
8.98
8.98
8.98
8.96
8.86
8.74
9.24
9.12
9.26
9.1
9.1
9.2
9.36
9.38
9.36
9.34
9.26
9.26
9.1
9.1
9.0
9.22
9.1
9.1
9.1
9.1
9.18
9.22
9.48
9.4
9.5
9.46
9.48
9.48
9.48
9.6
9.42
9.02
9.2
9.06
9.24
9.44
9.02
8.88
8.88
8.88
8.68
8.86
8.92
9.1
9.12
9.12
9.06
9.24
9.26
9.18
9.16
9.28
9.28
9.28
9.28
9.3
9.4
9.18
9.24
9.3
9.32
9.28
9.3
9.26
9.4
9.12
9.02
8.86
8.8
8.86
8.88
8.88
8.8
8.92
8.92
9.06
9.18
9.28
9.28
9.38
9.26
9.34
9.5
9.62
9.88
9.7
9.78
9.76
9.74
9.72
9.58
9.68
9.66
9.44
9.66
9.68
9.78
9.76
10.02
10.22
10.32
10.64
10.28
10.16
10.28
10.16
10.26
10.2
10.26
10.12
9.96
10.14
10.0
10.0
10.0
10.04
10.14
10.1
10.12
10.1
10.04
10.02
10.0
10.06
10.1
10.1
10.1
10.08
10.1
10.1
10.1
10.12
10.16
10.16
10.14
10.12
10.16
10.22
10.24
10.18
10.18
10.5
10.6
10.54
10.44
10.56
10.7
10.6
10.4
9.92
9.92
9.92
9.92
9.9
9.9
9.84
9.76
9.74
9.62
9.64
9.74
9.54
9.46
9.4
9.36
9.4
9.36
9.02
8.96
8.86
9.0
8.98
8.98
9.0
9.16
8.82
9.18
9.16
9.3
9.28
9.28
9.3
9.3
9.22
9.04
9.22
9.22
9.34
9.38
9.34
9.34
9.34
9.22
9.22
9.2
9.2
9.0
9.2
9.16
9.2
8.98
8.82
9.0
9.18
9.1
9.14
9.12
9.0
8.98
8.98
9.0
8.94
8.82
8.8
8.8
8.76
9.1
9.0
9.26
9.18
9.14
9.08
9.18
9.16
9.14
9.06
9.06
9.1
9.1
9.14
9.04
9.04
8.9
9.02
9.02
8.92
8.86
8.86
8.92
8.92
8.84
8.82
8.94
8.88
8.88
8.96
9.1
8.98
8.86
8.9
8.96
8.94
8.94
8.9
9.0
8.92
8.86
8.86
8.96
8.96
8.9
8.94
8.96
9.0
8.98
8.96
8.98
8.96
9.08
9.12
9.12
9.12
9.1
8.98
9.1
9.0
9.0
9.1
8.98
8.98
8.92
8.92
9.0
8.92
9.0
9.12
8.96
9.0
8.92
8.98
8.8
8.8
8.92
8.98
8.96
8.94
8.94
8.96
8.96
8.98
8.98
8.94
8.92
8.9
8.88
8.8
8.94
9.0
9.0
8.98
8.98
9.0
8.86
8.94
8.94
8.88
8.88
8.86
8.86
8.92
8.9
8.84
8.9
8.96
8.82
8.88
8.88
8.8
8.96
8.8
8.8
8.8
8.82
8.84
8.86
8.78
8.78
8.78
8.76
8.78
8.8
8.88
8.86
9.0
8.94
8.84
8.66
8.8
8.88
8.8
8.9
8.78
8.8
8.86
8.76
8.84
8.84
8.84
8.94
8.94
9.04
9.0
8.92
8.96
8.88
9.0
8.9
9.0
8.98
8.98
8.9
9.0
8.96
8.78
8.92
8.82
8.84
8.84
8.84
8.98
9.08
8.96
8.88
8.86
8.98
9.06
9.0
9.04
8.88
8.82
8.98
8.86
8.92
8.92
9.0
8.9
8.9
9.0
8.92
9.08
9.0
9.0
8.94
9.1
8.96
8.96
8.98
8.94
8.92
8.98
9.0
9.0
8.98
8.98
9.0
9.02
9.0
9.1
8.94
8.98
8.9
8.88
9.0
9.0
9.04
9.06
8.9
9.0
8.92
9.12
8.94
8.98
8.98
9.08
8.96
8.96
9.0
8.86
8.94
8.94
8.94
8.96
8.96
8.98
8.92
8.86
8.86
8.9
8.9
8.96
8.96
8.92
8.82
8.92
8.9
8.88
8.84
8.84
8.82
8.88
8.82
8.82
8.84
8.8
8.86
8.88
8.82
8.86
8.8
8.8
8.8
8.9
8.82
8.84
8.9
8.94
8.82
8.88
8.88
8.8
8.82
8.82
8.82
8.86
8.86
8.78
8.84
8.84
8.84
8.64
8.7
8.74
8.74
8.7
8.7
8.7
8.68
8.9
8.76
8.88
8.86
8.9
8.9
8.8
8.78
8.86
8.8
8.86
8.8
8.86
8.8
8.76
8.76
8.84
8.8
8.8
8.76
8.66
8.8
8.82
8.8
8.8
8.84
8.74
8.74
8.82
8.76
8.78
8.78
8.62
8.82
8.82
8.86
8.88
9.1
9.02
9.0
9.0
9.0
9.06
9.1
9.0
9.08
8.94
8.94
9.02
8.88
8.92
8.88
9.64
8.92
8.98
8.98
8.96
8.96
8.84
8.92
8.84
8.96
8.94
8.94
8.94
8.9
8.9
8.88
8.88
8.96
9.0
9.0
9.04
9.0
9.0
8.98
8.94
8.82
8.9
8.82
8.88
8.88
8.82
8.86
8.8
8.86
8.72
8.78
8.78
8.74
8.74
8.74
8.8
8.74
8.82
8.84
8.82
8.84
8.82
8.88
8.82
8.76
8.82
8.82
8.84
8.86
8.88
8.88
8.9
9.02
9.04
9.02
8.98
8.98
9.02
9.0
9.02
8.94
9.0
8.96
8.98
9.8
9.32
9.44
9.5
9.08
9.12
9.12
9.28
9.2
9.26
9.12
9.14
9.14
9.12
9.24
9.14
9.06
9.16
9.4
9.4
9.48
9.3
9.3
9.3
9.56
9.42
9.46
9.34
9.4
9.34
9.28
9.26
9.2
9.4
9.26
9.26
9.26
9.4
9.48
9.34
9.22
9.14
9.22
9.16
9.28
9.4
9.34
9.32
9.36
9.22
9.3
9.4
9.4
9.38
9.38
9.38
9.28
9.28
9.46
9.28
9.26
9.48
9.48
9.24
9.2
9.26
9.3
9.56
9.86
10.1
10.16
9.9
9.68
9.74
9.94
9.88
9.7
9.7
9.74
9.6
9.78
9.6
9.56
9.64
9.66
9.72
9.54
9.5
9.52
9.58
9.58
9.54
9.5
9.5
9.5
9.5
9.5
9.5
9.72
9.6
9.58
9.6
9.48
9.4
9.36
9.4
9.4
9.38
9.38
9.44
9.38
9.38
9.36
9.46
9.44
9.36
9.4
9.42
9.42
9.42
9.42
9.32
9.34
9.3
9.4
9.34
9.44
9.34
9.32
9.42
9.44
9.3
9.3
9.32
9.4
9.4
9.38
9.32
9.3
9.3
9.22
9.32
9.24
9.26
9.24
9.26
9.22
9.2
9.26
9.22
9.3
9.22
9.24
9.28
9.24
9.2
9.18
9.28
9.16
9.1
9.1
9.18
9.22
9.2
9.3
9.22
9.24
9.22
9.26
9.2
9.14
9.12
9.22
9.2
9.2
9.12
9.04
9.06
9.14
9.06
9.06
9.16
9.04
9.06
9.12
9.04
9.06
9.06
9.04
9.16
9.06
9.06
9.14
9.06
9.14
9.04
9.02
9.02
9.04
9.04
9.04
9.04
9.02
9.08
9.08
9.1
9.1
9.1
9.1
9.1
9.1
9.1
9.12
9.12
9.12
9.08
9.12
9.12
9.14
9.16
9.1
9.1
9.1
9.14
9.1
9.14
9.1
9.16
9.14
9.14
9.16
9.18
9.32
9.28
9.26
9.28
9.58
9.56
9.26
9.34
9.34
9.38
9.32
9.52
9.34
9.26
9.26
9.22
9.26
9.2
9.26
9.12
9.26
9.14
9.06
9.22
9.28
9.24
9.26
9.24
9.4
9.46
9.26
9.24
9.28
9.08
9.22
9.26
9.14
9.18
9.18
9.14
8.94
9.0
9.04
9.0
9.5
9.34
9.36
9.1
9.1
9.1
9.1
9.08
9.1
9.0
9.06
9.04
9.04
9.12
9.12
9.12
9.04
9.08
9.0
9.08
9.1
9.12
9.0
9.12
9.1
9.08
9.0
9.1
9.02
8.98
8.76
8.76
8.7
8.8
8.74
8.7
8.8
8.8
8.88
9.0
9.0
8.96
8.86
8.86
8.82
8.92
8.92
8.9
8.9
8.9
8.92
8.92
8.76
8.78
8.78
8.72
8.78
8.86
8.74
8.7
8.72
8.72
8.74
8.74
8.74
8.68
8.74
8.76
8.78
8.82
8.82
8.82
8.7
8.8
8.74
8.8
8.8
8.8
8.72
8.7
8.7
8.78
8.94
8.86
8.9
8.86
8.8
8.86
8.8
8.76
8.74
8.76
8.76
8.76
8.72
8.72
8.72
8.8
8.82
8.74
8.72
8.7
8.82
8.68
8.54
8.6
8.6
8.6
8.62
8.62
8.64
8.62
8.72
8.7
8.7
8.64
8.68
8.68
8.64
8.64
8.64
8.62
8.7
8.58
8.5
8.46
8.5
8.5
8.5
8.52
8.3
8.24
8.24
8.24
8.24
8.36
8.28
8.34
8.12
8.2
8.2
8.26
8.22
8.22
8.14
8.2
8.1
8.04
8.1
8.32
8.2
8.2
8.34
8.3
8.34
8.3
8.28
8.32
8.32
8.38
8.42
8.14
8.1
8.16
8.08
8.16
8.2
8.2
8.04
8.24
8.12
8.18
8.18
8.08
8.1
8.16
8.16
8.18
8.18
8.2
8.18
8.2
8.54
8.52
8.5
8.36
8.38
8.3
8.34
8.34
8.4
8.5
8.58
8.44
8.44
8.3
8.42
8.44
8.44
8.44
8.42
8.5
8.3
8.42
8.4
8.44
8.48
8.5
8.46
8.46
8.44
8.38
8.4
8.42
8.42
8.6
8.7
8.86
8.86
8.86
8.84
8.84
8.9
8.9
8.84
8.8
8.82
8.84
8.92
8.92
8.9
8.9
9.02
8.88
8.96
9.08
8.94
9.02
9.04
8.96
9.04
9.0
8.98
9.02
9.16
9.1
9.12
9.16
9.14
9.14
9.14
9.02
9.0
9.04
9.04
8.98
8.98
8.98
8.98
8.94
9.0
9.04
9.02
9.04
9.02
8.96
8.9
8.9
8.62
8.7
8.7
8.74
8.7
8.74
8.76
8.68
8.78
8.78
8.78
8.78
8.78
8.78
8.9
8.92
8.8
8.8
8.8
8.74
8.82
8.96
9.0
8.98
8.98
8.92
8.94
8.86
8.86
8.98
8.96
8.9
8.98
9.04
8.8
8.94
8.9
8.96
8.94
8.96
8.96
8.9
8.9
8.9
8.82
8.82
8.82
8.8
8.8
8.8
8.8
8.72
8.9
8.78
8.82
8.8
8.8
8.88
8.84
8.82
8.72
8.9
8.92
8.88
8.96
8.9
8.94
8.9
8.92
8.92
8.92
8.9
8.9
8.9
8.74
8.88
8.8
8.78
8.84
8.86
8.74
8.76
8.84
8.8
8.86
8.88
8.88
8.9
8.9
8.84
8.8
8.9
8.8
8.9
8.78
8.88
8.88
8.82
8.82
8.74
8.88
8.86
9.0
9.0
9.0
9.0
9.0
9.0
9.0
9.0
9.02
9.0
9.02
9.0
9.0
9.02
9.1
9.14
9.02
9.0
9.0
9.0
9.08
9.02
9.0
9.0
9.0
9.0
9.02
9.02
9.02
9.06
9.02
9.02
9.04
9.08
9.08
9.14
9.38
9.34
9.22
9.22
9.22
9.0
8.98
9.06
9.12
9.06
9.06
8.96
9.1
9.04
9.06
9.0
9.0
8.96
8.96
9.0
8.96
9.06
9.0
9.04
9.1
9.12
9.16
9.66
9.54
9.5
9.5
9.32
9.24
9.28
9.26
9.3
9.3
9.26
9.44
9.32
9.28
9.24
9.3
9.28
9.26
9.26
9.22
9.24
9.24
9.16
9.12
9.22
8.96
9.06
9.1
9.14
9.16
9.16
9.2
9.2
9.16
9.04
9.04
9.06
9.12
9.1
9.1
9.1
9.1
9.12
9.02
9.12
9.02
9.02
9.12
9.12
9.14
9.16
9.2
9.02
9.1
9.06
9.1
9.14
8.96
9.1
9.04
9.14
9.36
9.36
9.12
9.34
9.26
9.52
9.2
9.5
9.5
9.42
9.44
9.6
9.4
9.4
9.48
9.6
9.52
9.4
9.52
9.5
9.48
9.6
9.5
9.58
9.72
9.62
9.56
9.7
9.5
9.6
9.58
9.62
9.58
9.58
9.6
9.46
9.66
9.54
9.5
9.4
9.54
9.54
9.54
9.4
9.4
9.4
9.42
9.54
9.52
9.54
9.4
9.34
9.54
9.54
9.5
9.6
9.6
9.6
9.6
9.58
9.58
9.52
9.5
9.68
9.5
9.5
9.5
9.5
9.5
9.5
9.5
9.72
9.76
9.68
9.68
9.58
9.58
9.56
9.56
9.44
9.44
9.44
9.38
9.44
9.4
9.4
9.38
9.48
9.38
9.36
9.28
9.2
9.2
9.16
9.28
9.3
9.36
9.22
9.32
9.26
9.26
9.24
9.24
9.24
9.3
9.24
9.24
9.22
9.24
9.44
9.44
9.48
9.44
9.4
9.5
9.4
9.46
9.44
9.44
9.54
9.46
9.46
9.44
9.44
9.4
9.48
9.48
9.48
9.42
9.48
9.4
9.4
9.46
9.32
9.42
9.4
9.42
9.42
9.44
9.44
9.6
9.5
9.42
9.44
9.42
9.4
9.48
9.48
9.58
9.58
9.5
9.5
9.44
9.44
9.48
9.36
9.48
9.42
9.48
9.48
9.48
9.46
9.48
9.42
9.38
9.38
9.38
9.4
9.5
9.58
9.48
9.58
9.42
9.46
9.56
9.56
9.5
9.5
9.48
9.6
9.72
9.58
9.64
9.76
9.68
9.78
10.2
10.0
10.2
9.76
10.12
9.94
10.08
10.08
10.08
10.12
10.0
10.0
10.16
10.14
10.16
10.0
10.0
10.04
10.02
10.0
9.98
9.86
9.86
9.88
10.0
9.9
10.08
10.06
9.82
9.94
9.96
9.92
9.8
9.72
9.84
9.96
9.86
9.8
9.78
10.06
10.06
10.02
9.88
9.84
9.8
9.64
9.74
9.72
9.72
9.74
9.76
9.76
9.76
9.78
10.02
9.84
9.86
9.86
9.86
9.92
10.04
10.04
10.84
10.24
10.06
10.12
10.26
10.02
9.96
9.9
9.98
10.2
10.1
10.08
10.2
10.38
9.94
9.82
10.26
10.16
10.26
10.08
9.84
9.82
9.94
9.94
9.92
9.74
9.94
9.82
9.68
9.7
9.74
9.8
9.82
10.06
10.24
10.38
10.7
10.38
10.34
10.4
10.28
10.3
10.32
10.24
10.34
10.26
10.36
10.56
10.62
10.18
10.4
10.4
10.3
10.6
10.46
10.4
10.44
10.7
10.7
10.82
10.68
10.76
10.82
10.68
10.66
10.7
10.92
10.92
10.8
10.8
10.92
10.88
10.84
10.84
10.74
10.88
10.66
10.8
10.76
10.7
10.74
10.74
10.7
10.66
10.66
10.8
10.72
10.6
10.6
10.64
10.62
10.52
10.6
10.6
10.54
10.44
10.4
10.38
10.4
10.4
10.4
10.5
10.34
10.04
10.42
10.5
10.38
10.44
10.44
10.4
10.54
10.34
10.4
10.46
10.44
10.4
10.44
10.4
10.38
10.4
10.4
10.42
10.32
10.32
10.38
10.34
10.38
10.38
10.42
10.42
10.32
10.36
10.34
10.42
10.42
10.4
10.4
10.4
10.36
10.36
10.36
10.34
10.34
10.32
10.14
10.34
10.32
10.36
10.38
10.38
10.3
10.3
10.26
10.32
10.38
10.3
10.38
10.46
10.44
10.32
10.34
10.4
10.32
10.42
10.36
10.34
10.34
10.32
10.32
10.32
10.32
10.32
10.32
10.34
10.32
10.32
10.38
10.36
10.32
10.38
10.4
10.4
10.38
10.4
10.44
10.44
10.46
10.4
10.56
10.6
10.78
10.8
10.76
10.8
10.76
10.78
10.76
10.76
10.94
10.92
10.92
10.92
10.92
10.96
10.84
10.86
10.8
10.8
10.86
10.82
10.82
10.8
10.8
10.78
10.6
10.64
10.64
10.72
10.72
10.74
10.74
10.8
10.82
10.9
10.9
10.8
10.78
10.9
10.84
10.76
10.78
10.68
10.8
10.8
10.72
10.68
10.68
10.68
10.7
10.7
10.7
10.7
10.7
10.7
10.7
10.62
10.68
10.66
10.68
10.7
10.72
10.76
10.86
10.82
10.82
10.82
10.8
10.86
10.8
10.86
10.88
10.94
10.82
10.8
10.8
10.82
10.7
10.7
10.78
10.78
10.78
10.74
10.78
10.72
10.76
10.78
10.78
10.78
10.84
10.84
10.74
10.74
10.74
10.7
10.84
10.82
10.9
10.9
11.12
10.9
10.98
10.98
11.02
11.0
10.92
11.02
11.02
11.02
11.02
11.06
11.04
11.02
11.02
11.0
11.0
11.02
11.1
11.16
11.18
11.18
11.1
11.06
11.2
11.12
11.2
11.16
11.12
11.16
11.42
11.26
11.2
11.34
11.44
11.32
11.44
11.36
11.42
11.4
11.22
11.34
11.2
11.36
11.36
11.22
11.18
11.2
11.28
11.2
11.16
11.08
10.96
10.9
10.02
10.22
10.3
10.32
10.2
10.26
10.12
10.12
10.24
10.08
9.76
9.96
9.84
9.92
9.98
9.98
9.9
9.84
9.8
10.2
10.12
10.18
10.04
10.02
9.98
9.98
10.06
10.0
10.0
10.0
10.0
10.0
9.94
9.92
9.86
9.84
9.68
9.66
9.68
9.68
9.7
9.68
9.68
9.78
9.82
10.0
10.1
10.0
10.08
10.06
10.06
10.0
10.0
10.04
10.04
10.02
10.02
10.0
10.0
9.84
9.98
9.96
9.92
9.92
9.96
9.96
9.84
10.0
10.0
10.0
9.98
9.86
9.86
9.86
9.8
9.9
9.78
9.66
9.86
9.86
9.88
9.66
9.86
9.88
9.92
9.9
9.9
9.92
9.9
9.86
9.86
9.76
9.58
9.64
9.64
9.68
9.64
9.76
9.76
9.7
9.74
9.58
9.68
9.68
9.72
9.72
9.72
9.68
9.68
9.64
9.68
9.78
9.66
9.6
9.7
9.7
9.6
9.56
9.72
9.72
9.72
9.86
9.9
9.96
9.96
9.98
9.84
9.86
9.84
9.8
9.96
10.22
9.98
9.86
9.82
9.8
9.88
9.94
9.96
9.92
9.76
9.88
9.88
9.88
9.88
9.88
9.88
9.62
9.82
9.78
9.8
9.84
9.8
9.8
9.8
9.8
9.84
9.82
9.82
9.8
9.8
9.78
9.84
9.86
9.94
9.84
9.8
9.68
9.76
9.62
9.68
9.68
9.68
9.66
9.74
9.66
9.88
9.9
9.82
9.78
9.78
9.76
9.74
9.88
9.82
9.82
9.8
9.82
9.8
9.78
9.8
9.82
9.74
9.8
9.8
9.8
9.82
9.8
9.8
9.8
9.8
9.84
9.82
9.8
9.82
9.82
9.9
9.82
9.8
9.8
9.8
9.9
9.8
9.92
9.9
9.88
9.84
9.82
9.88
10.02
9.84
10.0
9.9
9.84
9.86
9.82
10.0
10.14
10.14
10.56
10.62
10.4
10.26
10.36
10.58
10.42
10.98
10.56
10.68
10.58
10.6
10.46
10.6
10.5
10.48
10.48
10.58
10.6
10.56
10.54
9.9
10.12
10.2
10.1
10.18
10.18
10.18
10.18
10.0
10.18
10.14
10.16
10.16
10.12
10.12
10.12
10.14
10.14
10.06
10.2
10.12
10.1
10.16
10.1
10.08
10.16
10.14
10.22
10.22
10.22
10.22
10.22
10.24
10.26
10.26
10.28
10.24
10.18
10.1
10.18
10.02
10.04
10.1
10.06
10.02
10.02
10.02
10.02
10.02
10.02
10.02
9.96
9.94
9.92
9.92
9.9
9.9
9.86
9.9
9.92
9.92
9.9
9.9
9.92
9.96
9.98
9.88
9.86
9.8
9.72
9.76
9.64
9.68
9.62
9.68
9.72
9.74
9.64
9.58
9.66
9.6
9.62
9.7
9.72
9.64
9.66
9.64
9.7
9.7
9.64
9.68
9.56
9.5
9.6
9.6
9.56
9.56
9.58
9.44
9.5
9.56
9.58
9.56
9.56
9.46
9.46
9.66
9.68
9.68
9.64
9.62
9.6
9.66
9.68
9.6
9.58
9.56
9.66
9.6
9.8
9.84
9.74
9.74
9.9
9.86
9.96
9.8
9.9
9.9
9.9
9.9
9.82
9.76
9.7
9.8
9.76
9.78
9.82
9.8
9.68
9.62
9.6
9.66
9.68
9.68
9.66
9.66
9.7
9.58
9.5
9.56
9.66
9.58
9.64
9.6
9.62
9.62
9.56
9.52
9.52
9.58
9.6
9.5
9.6
9.6
9.52
9.62
9.62
9.66
9.6
9.58
9.64
9.62
9.7
9.72
9.68
9.58
9.62
9.56
9.54
9.54
9.54
9.54
9.52
9.52
9.5
9.62
9.62
9.62
9.6
9.46
9.46
9.56
9.56
9.56
9.54
9.46
9.44
9.72
9.52
9.52
9.58
9.48
9.66
9.56
9.66
9.64
9.48
9.6
9.56
9.58
9.54
9.5
9.56
9.54
9.56
9.56
9.5
9.54
9.48
9.5
9.48
9.6
9.58
9.6
9.56
9.58
9.62
9.62
9.62
9.6
9.56
9.6
9.5
9.6
9.6
9.58
9.6
9.6
9.58
9.56
9.56
9.6
9.58
9.54
9.58
9.68
9.64
9.7
9.6
9.58
9.68
9.58
9.66
9.64
9.64
9.64
9.56
9.56
9.44
9.4
9.42
9.44
9.42
9.54
9.44
9.52
9.44
9.52
9.44
9.5
9.52
9.52
9.52
9.5
9.62
9.6
9.54
9.52
9.62
9.62
9.62
9.7
9.7
9.6
9.6
9.6
9.58
9.56
9.72
9.7
9.76
9.76
9.76
9.7
9.7
9.62
9.7
9.76
9.76
9.76
9.62
9.62
9.6
9.68
9.6
9.6
9.58
9.6
9.6
9.58
9.56
9.6
9.5
9.42
9.46
9.46
9.46
9.38
9.42
9.52
9.48
9.52
9.52
9.5
9.5
9.56
9.56
9.64
9.64
9.66
9.56
9.62
9.62
9.62
9.64
9.66
9.72
9.76
9.76
9.86
9.86
9.8
9.78
9.8
9.8
9.8
9.8
9.8
9.8
9.86
9.82
9.8
9.8
9.8
9.8
9.8
9.66
9.8
9.84
9.8
9.62
9.72
9.72
9.9
9.8
9.82
9.9
9.86
9.82
9.82
9.82
9.82
9.82
9.76
9.8
10.0
9.8
9.8
9.82
9.64
9.74
9.66
9.62
9.72
9.66
9.72
9.64
9.74
9.7
9.7
9.72
9.72
9.72
9.72
9.72
9.76
9.66
9.64
9.52
9.58
9.58
9.6
9.62
9.64
9.44
9.46
9.46
9.44
9.48
9.48
9.48
9.46
9.48
9.5
9.52
9.5
9.5
9.54
9.6
9.58
9.5
9.56
9.62
9.54
9.52
9.56
9.52
9.52
9.52
9.58
9.56
9.58
9.6
9.6
9.6
9.6
9.64
9.64
9.68
9.68
9.72
9.74
9.66
9.66
9.66
9.68
9.7
9.7
9.76
9.72
9.76
9.64
9.62
9.7
9.7
9.7
9.7
9.7
9.66
9.7
9.74
9.7
9.76
9.7
9.72
9.74
9.64
9.72
9.72
9.68
9.64
9.66
9.62
9.62
9.58
9.72
9.66
9.64
9.66
9.6
9.6
9.58
9.6
9.54
9.58
9.64
9.58
9.64
9.6
9.6
9.56
9.6
9.66
9.66
9.66
9.64
9.66
9.64
9.64
9.62
9.7
9.6
9.66
9.62
9.62
9.72
9.7
9.7
9.7
9.64
9.72
9.74
9.72
9.7
9.66
9.68
9.64
9.62
9.62
9.6
9.68
9.6
9.62
9.62
9.68
9.66
9.76
9.64
9.68
9.64
9.64
9.72
9.62
9.68
9.62
9.68
9.7
9.7
9.74
9.7
9.56
9.58
9.56
9.6
9.66
9.58
9.66
9.7
9.64
9.76
9.74
9.8
9.8
9.78
9.76
9.74
9.72
9.78
9.7
9.74
9.64
9.62
9.62
9.68
9.72
9.72
9.7
9.74
9.76
9.76
9.78
9.76
9.86
9.76
10.0
10.14
10.78
9.84
9.82
9.92
10.14
10.14
9.9
10.06
10.04
10.0
10.0
9.92
10.0
9.98
10.04
9.98
10.02
10.0
10.08
10.08
10.08
10.06
10.1
9.86
10.08
10.14
9.88
10.04
10.0
10.0
9.88
9.92
9.84
9.92
9.96
9.84
9.94
9.9
9.96
9.96
9.96
10.0
10.0
9.86
10.0
10.1
10.1
10.1
10.0
10.2
10.18
10.24
10.18
10.12
10.1
10.36
10.16
10.16
10.28
10.26
10.2
10.3
10.38
10.2
10.12
10.2
10.16
10.16
10.14
10.04
10.28
10.08
10.18
10.38
10.32
10.24
10.14
10.18
10.04
10.16
10.0
10.12
10.0
10.34
10.18
10.34
10.22
10.06
10.1
10.04
10.08
10.04
10.04
9.94
9.94
9.8
9.82
9.88
9.88
9.88
9.86
9.7
9.8
9.82
9.78
9.88
9.88
9.88
9.98
10.0
10.14
9.94
10.2
10.04
10.16
10.26
10.3
10.6
10.22
10.2
10.12
10.08
10.08
10.08
10.1
10.18
10.1
10.18
10.04
10.06
10.02
10.06
10.0
10.0
9.98
9.96
9.98
9.9
10.06
10.08
9.94
9.92
9.94
9.9
10.0
10.0
10.0
10.08
9.98
10.04
10.0
10.04
10.0
10.0
9.98
9.98
10.08
9.92
9.9
10.22
9.98
9.96
9.96
9.96
9.94
9.8
9.96
9.98
9.98
9.94
9.94
9.9
9.88
9.88
9.62
9.56
9.54
9.54
9.52
9.5
9.5
9.58
9.6
9.76
9.6
9.72
9.62
9.5
9.6
9.64
9.66
9.66
9.68
9.8
9.8
9.68
9.6
9.78
9.72
9.64
9.62
9.72
9.6
9.6
9.6
9.5
9.5
9.5
9.5
9.5
9.66
9.8
9.96
9.68
9.72
9.66
9.7
9.8
9.74
9.7
9.74
9.78
9.78
9.6
9.64
9.64
9.68
9.64
9.66
9.7
9.7
9.7
9.72
9.98
9.6
9.76
9.68
9.8
9.94
9.76
9.8
9.74
9.82
9.76
9.74
9.98
9.8
9.74
9.7
9.7
9.7
9.68
9.66
9.82
9.78
9.8
9.74
9.62
9.76
9.76
9.78
9.78
9.62
9.72
9.68
9.7
9.72
9.72
9.54
9.54
9.52
9.64
9.64
9.64
9.62
9.66
9.58
9.56
9.56
9.56
9.5
9.5
9.48
9.5
9.42
9.4
9.1
9.1
9.14
9.26
9.14
9.1
9.1
9.3
9.2
9.26
9.04
9.28
9.3
9.26
9.34
9.32
9.4
9.34
9.58
9.58
9.36
9.54
9.5
9.42
9.5
9.16
9.38
9.32
9.34
9.3
9.3
9.48
9.34
9.06
9.16
9.12
9.14
9.04
9.06
9.14
9.2
9.14
9.2
9.3
9.34
9.5
9.38
9.14
9.36
9.3
9.34
9.46
9.2
9.12
9.32
9.5
9.48
9.48
9.58
9.56
9.56
9.76
9.56
9.54
9.58
9.6
9.58
9.28
9.64
9.52
9.62
9.76
9.6
9.58
9.6
9.6
9.56
9.7
9.7
9.44
9.56
9.38
9.42
9.52
9.54
9.66
9.74
9.58
9.64
9.66
9.66
9.68
9.64
9.68
9.68
10.2
9.72
9.72
9.68
9.7
9.7
9.8
9.78
9.88
9.82
9.9
9.9
9.94
9.82
9.88
9.96
9.96
9.96
9.96
9.92
9.82
9.92
9.92
9.9
9.9
9.94
9.8
9.74
9.82
9.84
10.0
9.94
9.94
9.84
9.94
9.94
9.94
9.78
9.86
10.0
9.98
9.98
9.92
10.0
9.92
9.86
9.96
9.92
9.8
9.72
9.92
9.92
9.9
9.8
9.64
9.64
9.64
9.6
9.72
9.5
9.7
9.74
9.82
9.9
9.68
9.74
9.4
9.4
9.24
9.34
9.24
9.3
9.22
9.12
9.6
9.4
9.4
9.4
9.42
9.44
9.68
9.54
9.1
9.0
9.22
9.4
9.26
9.38
9.6
9.6
9.4
9.2
9.24
9.3
9.3
9.34
9.3
9.26
9.14
9.06
9.04
9.0
9.2
9.24
9.24
9.32
9.22
9.32
9.04
9.28
9.6
9.6
9.46
9.56
9.46
9.52
9.38
9.42
9.38
9.38
9.5
10.0
9.68
9.74
9.62
9.6
9.56
9.68
9.68
9.7
9.12
9.22
9.64
9.68
9.68
9.68
9.7
9.8
9.58
9.7
9.76
9.6
9.48
9.58
9.7
9.7
9.7
9.86
9.66
9.76
9.54
9.52
9.64
9.68
9.68
9.68
9.62
9.78
9.58
9.72
9.64
9.7
9.8
9.64
9.78
9.66
9.6
9.7
9.78
9.88
9.72
9.86
9.88
9.88
9.88
9.92
9.8
9.74
9.82
10.0
10.02
9.92
10.0
10.0
10.04
9.7
9.96
9.96
9.96
9.96
9.96
9.96
9.62
9.68
10.04
9.9
9.9
9.9
9.76
9.74
9.74
9.7
9.72
9.9
9.98
9.8
9.8
9.78
9.78
9.78
9.8
9.76
9.78
10.04
9.76
9.74
9.72
9.74
9.78
9.84
9.9
9.92
9.92
9.78
9.78
10.08
9.9
10.08
9.86
9.76
9.76
9.84
9.86
9.78
9.76
9.96
9.78
10.02
9.78
9.82
9.84
9.82
9.52
9.52
9.26
9.2
9.16
9.26
9.3
9.1
9.1
8.5
8.88
8.98
9.12
9.12
9.1
9.1
8.3
8.3
8.14
8.1
7.42
7.4
8.16
8.14
8.1
8.1
8.1
8.1
8.1
7.98
8.0
7.98
8.06
7.88
7.74
7.48
7.32
7.74
7.38
7.42
7.42
7.36
7.32
7.5
7.46
8.02
7.9
7.98
8.02
8.1
7.82
7.82
7.82
7.8
8.0
8.0
7.88
7.96
7.88
7.84
7.78
7.8
7.82
7.86
8.36
8.4
8.22
8.38
8.12
8.06
8.18
8.22
8.34
8.34
8.48
8.48
8.78
8.76
8.4
8.46
8.72
8.4
8.5
8.34
8.38
8.3
8.32
8.36
8.32
8.34
8.28
8.46
8.44
8.42
8.5
8.4
8.5
8.4
8.4
8.54
8.5
8.46
8.54
8.52
8.76
8.4
8.46
8.52
8.66
8.6
8.7
8.56
8.5
8.98
8.56
8.7
8.7
8.42
8.5
8.5
8.44
8.28
8.28
8.32
8.36
8.44
8.48
8.48
8.6
8.4
8.4
8.48
8.48
8.44
8.34
8.36
8.36
8.36
8.4
8.5
8.46
8.46
8.52
8.52
8.58
8.4
8.38
8.36
8.46
8.46
8.4
8.4
8.4
8.32
8.38
9.1
8.9
9.02
9.1
8.76
9.12
9.04
9.04
9.14
8.98
9.0
8.86
9.0
8.92
8.82
9.16
9.14
8.82
8.78
9.04
9.0
9.0
9.1
8.94
8.98
9.08
9.0
8.88
8.88
9.0
8.9
9.0
9.0
9.0
8.84
8.98
8.98
8.98
8.98
9.0
8.98
9.0
8.92
9.18
9.04
9.0
8.96
8.96
8.9
8.98
8.94
8.84
8.88
8.88
9.0
8.9
8.9
8.96
9.0
9.04
9.14
9.1
9.0
8.98
8.98
9.02
9.04
8.96
9.04
8.86
9.14
9.2
9.12
9.46
9.14
9.3
9.24
10.22
9.8
10.0
9.34
9.52
9.98
10.18
10.1
10.02
10.04
10.16
10.1
10.1
9.28
9.4
9.6
9.4
9.34
9.34
8.84
8.78
8.78
8.58
8.68
8.58
8.68
8.46
8.46
8.38
8.34
8.36
8.3
8.32
8.28
8.2
8.34
8.28
8.32
8.3
8.2
8.3
8.54
8.6
8.56
8.54
8.54
8.48
8.56
8.5
8.5
8.5
8.56
8.58
8.5
8.44
8.5
8.5
8.42
8.44
8.46
8.5
8.5
8.5
8.48
8.2
8.22
8.3
8.26
8.28
8.3
8.34
8.38
8.4
8.3
8.42
8.4
8.48
8.52
8.48
8.44
8.42
8.34
8.34
8.4
8.42
8.44
8.4
8.42
8.42
8.34
8.34
8.4
8.32
8.24
8.26
8.24
8.16
8.22
8.16
8.22
8.24
8.24
8.32
8.36
8.28
8.08
8.14
8.14
8.02
8.02
7.98
8.02
7.6
7.7
7.7
7.68
7.72
7.78
7.7
7.78
7.84
7.84
7.8
7.82
7.86
7.82
7.82
7.86
7.88
7.8
7.98
7.92
7.98
7.92
8.02
7.94
8.0
7.94
8.0
8.0
7.92
8.0
8.1
8.02
8.02
8.02
7.98
7.92
7.92
7.76
7.8
7.8
7.92
7.92
7.8
7.78
7.8
7.82
7.82
7.8
7.82
7.76
7.8
7.8
7.84
7.8
7.78
7.76
7.7
7.78
7.74
7.72
7.72
7.72
7.72
7.7
7.5
7.62
7.66
7.56
7.6
7.56
7.5
7.52
7.58
7.6
7.62
7.74
7.74
7.68
7.68
7.74
7.72
7.68
7.64
7.56
7.54
7.64
7.56
7.52
7.66
7.54
7.76
7.76
7.76
7.7
7.62
7.58
7.5
7.66
7.64
7.64
7.7
7.5
7.6
7.6
7.6
7.58
7.56
7.54
7.6
7.54
7.48
7.5
7.66
7.7
7.64
7.72
7.68
7.7
7.7
7.68
7.62
7.68
7.76
7.76
7.78
7.68
7.72
7.8
7.84
7.84
7.82
7.8
7.82
7.88
7.88
7.9
7.82
7.82
7.88
7.84
7.78
7.84
7.86
7.9
7.82
7.9
7.84
7.98
7.94
7.8
7.86
7.86
7.86
7.86
7.9
7.84
7.82
7.82
7.88
7.88
7.84
7.84
7.84
7.88
7.9
7.98
7.98
7.88
7.8
7.78
