close
489.99
465.01
451.0
435.01
437.5
462.5
457.01
479.77
468.97
469.96
472.93
472.54
415.0
425.0
479.96
427.01
460.01
441.0
444.0
449.0
449.0
449.0
444.01
439.01
425.0
411.0
441.0
402.0
405.0
418.0
434.85
449.97
440.0
435.0
438.0
479.0
478.9
460.84
478.0
479.0
478.0
451.64
470.0
445.0
445.0
472.25
421.0
450.0
450.0
469.97
420.53
450.0
459.97
468.97
383.95
441.99
435.0
438.97
438.97
388.01
390.0
400.0
400.0
390.0
377.0
377.0
395.99
357.03
358.0
358.0
360.32
374.0
393.5
394.94
401.0
400.0
400.0
407.99
368.31
369.5
369.5
367.04
379.97
380.0
381.0
384.0
385.0
403.99
409.0
377.21
408.16
385.57
425.0
410.05
375.0
399.0
405.0
394.68
386.0
358.0
362.0
381.97
370.0
350.0
387.0
387.0
425.0
400.0
423.0
415.0
350.0
392.0
393.0
417.0
382.0
420.0
379.0
360.0
360.0
341.0
341.0
341.0
334.0
335.0
336.0
341.0
341.0
342.0
333.0
309.0
321.0
305.0
306.0
318.0
307.0
309.0
310.0
310.0
315.0
319.0
306.0
310.0
338.0
399.0
360.0
365.0
360.0
367.0
360.0
350.0
325.0
324.0
310.0
297.0
311.0
320.0
323.0
312.0
323.0
323.0
309.0
308.0
310.0
297.0
290.0
297.0
284.0
290.0
305.0
300.0
300.0
305.0
305.0
303.0
315.0
308.0
320.0
345.0
345.0
320.0
305.0
305.0
299.0
297.0
300.0
298.0
300.0
301.0
302.0
303.0
270.0
285.0
285.0
275.0
265.0
285.0
260.0
264.0
290.0
255.0
254.0
275.0
256.0
275.0
258.0
280.0
238.0
240.0
244.0
268.0
270.0
230.0
230.0
230.0
235.0
235.0
222.0
250.0
259.0
255.0
255.0
249.0
235.0
250.0
245.0
235.0
235.0
249.0
266.0
237.0
260.0
270.0
285.0
254.0
253.0
280.0
280.0
293.0
292.0
291.0
291.0
313.0
329.0
281.0
345.0
335.0
330.0
329.0
344.0
320.0
320.0
272.0
295.0
316.0
312.0
276.0
295.0
312.0
345.0
331.0
320.0
318.0
293.0
300.0
310.0
315.0
319.0
319.0
325.0
325.0
325.0
300.0
310.0
300.0
300.0
300.0
300.0
297.0
286.0
285.0
299.0
281.0
280.0
285.0
298.0
290.0
290.0
290.0
290.0
290.0
296.0
297.0
300.0
300.0
300.0
295.0
300.0
300.0
300.0
295.0
295.0
300.0
300.0
320.0
330.0
368.0
335.0
395.0
350.0
375.0
350.0
354.0
354.0
385.0
340.0
341.0
379.0
375.0
385.0
384.0
380.0
385.0
340.0
345.0
360.0
360.0
360.0
359.0
349.0
341.0
349.0
330.0
352.0
350.0
355.0
349.0
349.0
350.0
340.0
356.0
345.0
340.0
340.0
340.0
330.0
340.0
331.0
330.0
331.0
330.0
330.0
320.0
340.0
340.0
350.0
340.0
348.0
340.0
340.0
349.0
365.0
365.0
345.0
355.0
355.0
360.0
316.0
350.0
350.0
341.0
340.0
340.0
340.0
390.0
355.0
350.0
350.0
350.0
350.0
335.0
350.0
350.0
350.0
335.0
349.0
335.0
335.0
336.0
335.0
335.0
335.0
335.0
350.0
350.0
335.0
340.0
349.0
335.0
335.0
335.0
335.0
330.0
349.0
348.0
349.0
350.0
337.0
360.0
345.0
360.0
360.0
355.0
336.0
374.0
360.0
350.0
397.0
400.0
400.0
362.0
399.0
396.0
335.0
335.0
335.0
328.0
369.0
350.0
350.0
327.0
340.0
330.0
340.0
329.0
328.0
328.0
339.0
335.0
325.0
326.0
325.0
325.0
358.0
310.0
325.0
349.0
326.0
335.0
335.0
335.0
335.0
355.0
335.0
335.0
335.0
335.0
335.0
326.0
335.0
340.0
340.0
335.0
325.0
335.0
340.0
372.0
340.0
358.0
365.0
342.0
368.0
336.0
336.0
335.0
345.0
336.0
335.0
335.0
325.0
335.0
350.0
336.0
335.0
339.0
335.0
348.0
335.0
335.0
330.0
320.0
320.0
335.0
336.0
359.0
359.0
323.0
343.0
340.0
340.0
379.0
425.0
414.0
389.0
375.0
342.0
342.0
330.0
340.0
350.0
330.0
331.0
330.0
331.0
330.0
330.0
331.0
330.0
330.0
339.0
345.0
330.0
340.0
340.0
320.0
325.0
325.0
330.0
345.0
345.0
345.0
330.0
339.0
348.0
330.0
330.0
330.0
330.0
330.0
320.0
330.0
317.0
322.0
330.0
330.0
330.0
325.0
325.0
325.0
325.0
333.0
334.0
325.0
325.0
325.0
325.0
325.0
325.0
334.0
327.0
325.0
325.0
332.0
325.0
325.0
332.0
342.0
360.0
380.0
360.0
362.0
362.0
369.0
338.0
338.0
310.0
335.0
325.0
330.0
338.0
325.0
338.0
337.0
335.0
335.0
343.0
344.0
347.0
345.0
340.0
326.0
326.0
343.0
344.0
339.0
340.0
339.0
337.0
326.0
334.0
330.0
333.0
336.0
330.0
334.0
327.0
333.0
330.0
327.0
325.0
330.0
332.0
327.0
327.0
327.0
325.0
326.0
325.0
327.0
340.0
340.0
308.0
309.0
301.0
305.0
300.0
308.0
318.0
322.0
331.0
322.0
318.0
320.0
317.0
300.0
310.0
300.0
301.0
306.0
330.0
346.0
346.0
345.0
346.0
345.0
345.0
345.0
320.0
315.0
325.0
325.0
335.0
320.0
320.0
321.0
330.0
321.0
338.0
340.0
339.0
328.0
329.0
350.0
349.0
360.0
351.0
351.0
351.0
347.0
341.0
351.0
356.0
356.0
354.0
354.0
355.0
360.0
361.0
395.0
365.0
398.0
395.0
400.0
380.0
397.0
368.0
368.0
392.0
400.0
392.0
400.0
548.0
548.0
603.0
607.0
617.0
620.0
629.0
625.0
700.0
764.0
766.0
800.0
861.0
768.0
796.0
879.0
999.0
970.0
840.0
811.0
749.0
740.0
720.0
657.0
684.0
657.0
669.0
680.0
650.0
628.0
700.0
750.0
785.0
700.0
728.0
675.0
699.0
714.0
746.0
750.0
701.0
651.0
680.0
659.0
650.0
682.0
668.0
728.0
750.0
792.0
788.0
789.0
699.0
743.0
723.0
700.0
749.0
722.0
722.0
680.0
675.0
680.0
775.0
717.0
692.0
749.0
805.0
804.0
1046.0
935.0
900.0
850.0
887.0
903.0
910.0
860.0
881.0
890.0
910.0
863.0
895.0
894.0
929.0
898.0
990.0
1040.0
1056.0
1147.0
1150.0
1145.0
1088.0
1147.0
1158.0
1184.0
1061.0
1059.0
1056.0
1040.0
1129.0
1055.0
1036.0
1121.0
1100.0
1118.0
1071.0
1074.0
1072.0
1000.0
980.0
978.0
997.0
1051.0
1074.0
1060.0
1185.0
1197.0
1197.0
1140.0
1073.0
1132.0
1089.0
1196.0
1150.0
1087.0
1150.0
1186.0
1100.0
1111.0
1130.0
1119.0
1129.0
1114.0
1070.0
1166.0
1111.0
1106.0
1102.0
1055.0
1109.0
1080.0
1056.0
1099.0
1085.0
1079.0
1034.0
1009.0
1068.0
1079.0
1078.0
1078.0
1098.0
1083.0
1056.0
1089.0
1024.0
1050.0
1050.0
1082.0
1086.0
1052.0
1035.0
1034.0
1005.0
1010.0
1030.0
1034.0
1016.0
991.0
1032.0
990.0
990.0
1000.0
1082.0
1000.0
1037.0
1002.0
1005.0
1010.0
984.0
1007.0
1028.0
1028.0
1034.0
1043.0
1002.0
1034.0
982.0
1019.0
990.0
989.0
985.0
980.0
979.0
1024.0
1004.0
1050.0
1001.0
990.0
988.0
988.0
982.0
982.0
1003.0
1003.0
992.0
930.0
955.0
1000.0
1014.0
1047.0
1097.0
1127.0
1100.0
1100.0
1148.0
1077.0
1076.0
1077.0
1086.0
1047.0
1059.0
1010.0
1021.0
1021.0
1021.0
1036.0
1038.0
1041.0
1040.0
1040.0
1086.0
1099.0
1064.0
1066.0
1119.0
1231.0
1270.0
1451.0
1490.0
1490.0
1639.0
1835.0
1800.0
1875.0
1780.0
1790.0
1596.0
1860.0
1750.0
1710.0
1611.0
1350.0
1300.0
1440.0
1400.0
1410.0
1570.0
1369.0
1270.0
1341.0
1320.0
1320.0
1284.0
1278.0
1335.0
1285.0
1285.0
1294.0
1251.0
1249.0
1280.0
1205.0
1238.0
1239.0
1234.0
1275.0
1290.0
1239.0
1277.0
1270.0
1231.0
1238.0
1258.0
1273.0
1284.0
1230.0
1741.0
1781.0
1781.0
1781.0
1781.0
1959.0
2055.0
1950.0
1715.0
1632.0
1738.0
1829.0
1755.0
1637.0
1563.0
1538.0
1525.0
1670.0
1712.0
1742.0
1625.0
1571.0
1624.0
1650.0
1509.0
1568.0
1573.0
1494.0
1619.0
1567.0
1490.0
1513.0
1513.0
1514.0
1653.0
1678.0
1695.0
1627.0
1627.0
1570.0
1550.0
1510.0
1577.0
1501.0
1483.0
1503.0
1503.0
1503.0
1501.0
1495.0
1515.0
1515.0
1577.0
1560.0
1560.0
1594.0
1451.0
1536.0
1533.0
1538.0
1580.0
1500.0
1500.0
1480.0
1500.0
1480.0
1526.0
1523.0
1500.0
1525.0
1481.0
1523.0
1484.0
1450.0
1500.0
1500.0
1423.0
1406.0
1415.0
1408.0
1403.0
1497.0
1671.0
1450.0
1437.0
1390.0
1427.0
1380.0
1407.0
1434.0
1422.0
1415.0
1412.0
1401.0
1432.0
1433.0
1497.0
1494.0
1437.0
1437.0
1484.0
1490.0
1456.0
1411.0
1418.0
1422.0
1489.0
1445.0
1450.0
1466.0
1497.0
1500.0
1500.0
1500.0
1461.0
1500.0
1435.0
1478.0
1478.0
1484.0
1468.0
1465.0
1500.0
1530.0
1492.0
1474.0
1465.0
1424.0
1465.0
1427.0
1427.0
1500.0
1380.0
1488.0
1500.0
1500.0
1470.0
1489.0
1489.0
1470.0
1448.0
1449.0
1460.0
1410.0
1410.0
1405.0
1390.0
1270.0
1175.0
1185.0
1150.0
1185.0
1210.0
1285.0
1200.0
1160.0
1240.0
1245.0
1165.0
1160.0
1260.0
1260.0
1305.0
1270.0
1260.0
1245.0
1235.0
1235.0
1285.0
1225.0
1225.0
1290.0
1305.0
1300.0
1310.0
1420.0
1405.0
1485.0
1475.0
1470.0
1415.0
1430.0
1435.0
1400.0
1495.0
1460.0
1455.0
1450.0
1480.0
1465.0
1485.0
1410.0
1270.0
1275.0
1295.0
1300.0
1305.0
1295.0
1285.0
1270.0
1270.0
1280.0
1220.0
1285.0
1205.0
1160.0
1100.0
1125.0
1085.0
1085.0
1095.0
1095.0
1100.0
1105.0
1130.0
1110.0
1150.0
1105.0
1125.0
1120.0
1125.0
1125.0
1165.0
1250.0
1250.0
1200.0
1150.0
1150.0
1220.0
1120.0
1140.0
1120.0
1140.0
1120.0
1140.0
1120.0
1140.0
1135.0
1155.0
1120.0
1115.0
1115.0
1110.0
1125.0
1105.0
1150.0
1130.0
1200.0
1145.0
1155.0
1200.0
1200.0
1175.0
1195.0
1215.0
1195.0
1205.0
1180.0
1175.0
1180.0
1180.0
1150.0
1145.0
1180.0
1200.0
1210.0
1180.0
1235.0
1220.0
1205.0
1210.0
1190.0
1145.0
1085.0
1190.0
1140.0
1100.0
1105.0
1320.0
1220.0
1130.0
1165.0
1170.0
1215.0
1200.0
1175.0
1160.0
1160.0
1200.0
1160.0
1200.0
1105.0
1125.0
1100.0
1125.0
1100.0
1150.0
1190.0
1195.0
1195.0
1120.0
1130.0
1135.0
1170.0
1170.0
1200.0
1115.0
1090.0
1115.0
1120.0
1165.0
1130.0
1080.0
1145.0
1155.0
1140.0
1145.0
1170.0
1150.0
1145.0
1160.0
1165.0
1150.0
1170.0
1165.0
1135.0
1155.0
1165.0
1105.0
1160.0
1165.0
1165.0
1120.0
1140.0
1100.0
1100.0
1100.0
1100.0
1160.0
1100.0
1120.0
1145.0
1165.0
1165.0
1130.0
1130.0
1125.0
1115.0
1115.0
1125.0
1105.0
1090.0
1110.0
1130.0
1200.0
1140.0
1130.0
1150.0
1165.0
1195.0
1200.0
1175.0
1175.0
1165.0
1175.0
1200.0
1200.0
1165.0
1170.0
1170.0
1175.0
1175.0
1175.0
1175.0
1180.0
1170.0
1195.0
1210.0
1200.0
1200.0
1190.0
1320.0
1265.0
1270.0
1310.0
1480.0
1350.0
1385.0
1390.0
1450.0
1450.0
1535.0
1490.0
1530.0
1475.0
1500.0
1500.0
1545.0
1500.0
1550.0
1540.0
1490.0
1490.0
1480.0
1485.0
1455.0
1515.0
1490.0
1485.0
1495.0
1500.0
1495.0
1500.0
1455.0
1490.0
1595.0
1570.0
1505.0
1615.0
1600.0
1655.0
1600.0
1625.0
1640.0
1720.0
1725.0
1760.0
1735.0
1740.0
1740.0
1670.0
1660.0
1680.0
1715.0
1735.0
1750.0
1765.0
1705.0
1680.0
1670.0
1640.0
1660.0
1750.0
1715.0
1730.0
1685.0
1760.0
1705.0
1725.0
1735.0
1725.0
1760.0
1760.0
1735.0
1725.0
1760.0
1725.0
1740.0
1750.0
1765.0
1710.0
1710.0
1755.0
1765.0
1525.0
1705.0
1670.0
1660.0
1655.0
1625.0
1645.0
1645.0
1650.0
1635.0
1670.0
1675.0
1655.0
1650.0
1650.0
1655.0
1635.0
1625.0
1630.0
1620.0
1645.0
1650.0
1650.0
1650.0
1630.0
1620.0
1590.0
1580.0
1560.0
1580.0
1885.0
2030.0
2150.0
2005.0
1940.0
1935.0
1965.0
1860.0
1835.0
1850.0
1825.0
1990.0
2020.0
1995.0
1950.0
1915.0
1910.0
1915.0
1905.0
1855.0
1780.0
1805.0
1770.0
1810.0
1715.0
1810.0
1815.0
1835.0
1810.0
1835.0
1970.0
1880.0
1850.0
1900.0
1780.0
1740.0
1740.0
1780.0
1885.0
1835.0
1800.0
1840.0
1835.0
1800.0
1885.0
1895.0
1710.0
1845.0
1845.0
1805.0
1805.0
1835.0
1830.0
1750.0
1840.0
1790.0
1780.0
1800.0
1825.0
1790.0
1770.0
1795.0
1840.0
1860.0
1865.0
1835.0
1810.0
1805.0
1800.0
1780.0
1780.0
1800.0
1770.0
1770.0
1765.0
1735.0
1760.0
1765.0
1810.0
1780.0
1850.0
1835.0
1800.0
1800.0
1800.0
1835.0
1800.0
1760.0
1805.0
1825.0
1830.0
1805.0
1800.0
1805.0
1820.0
1800.0
1825.0
1780.0
1860.0
1810.0
1860.0
1770.0
1860.0
1810.0
1810.0
1805.0
1810.0
1805.0
1845.0
1900.0
1805.0
1840.0
1865.0
1800.0
1800.0
1800.0
1740.0
1700.0
1700.0
1700.0
1755.0
1780.0
1785.0
1720.0
1795.0
1790.0
1760.0
1755.0
1780.0
1780.0
1710.0
1710.0
1705.0
1710.0
1640.0
1675.0
1680.0
1685.0
1710.0
1700.0
1700.0
1690.0
1700.0
1695.0
1660.0
1660.0
1650.0
1680.0
1670.0
1615.0
1690.0
1650.0
1695.0
1700.0
1700.0
1735.0
1715.0
1660.0
1740.0
1700.0
1670.0
1665.0
1650.0
1655.0
1705.0
1755.0
1810.0
1770.0
1755.0
1765.0
1710.0
1725.0
1705.0
1725.0
1785.0
1780.0
1785.0
1795.0
1810.0
1840.0
1780.0
1850.0
1880.0
1790.0
1870.0
1795.0
1820.0
1815.0
1830.0
1825.0
1825.0
1795.0
1790.0
1900.0
1870.0
1835.0
1825.0
1830.0
1900.0
1860.0
1815.0
1885.0
1850.0
1810.0
1830.0
1825.0
1815.0
1840.0
1800.0
1845.0
1800.0
1800.0
1790.0
1800.0
1790.0
1790.0
1785.0
1780.0
1755.0
1740.0
1760.0
1780.0
1735.0
1760.0
1760.0
1805.0
1785.0
1785.0
1795.0
1810.0
1780.0
1755.0
1810.0
1790.0
1715.0
1735.0
1745.0
1775.0
1700.0
1660.0
1680.0
1695.0
1660.0
1660.0
1695.0
1645.0
1685.0
1710.0
1710.0
1680.0
1620.0
1660.0
1660.0
1635.0
1600.0
1570.0
1610.0
1570.0
1600.0
1585.0
1610.0
1610.0
1615.0
1605.0
1555.0
1585.0
1520.0
1530.0
1545.0
1585.0
1515.0
1505.0
1525.0
1500.0
1520.0
1500.0
1450.0
1490.0
1480.0
1475.0
1480.0
1465.0
1500.0
1505.0
1530.0
1520.0
1520.0
1515.0
1545.0
1535.0
1535.0
1535.0
1530.0
1580.0
1550.0
1540.0
1535.0
1495.0
1515.0
1500.0
1520.0
1490.0
1510.0
1510.0
1490.0
1545.0
1595.0
1625.0
1600.0
1600.0
1630.0
1635.0
1610.0
1600.0
1640.0
1605.0
1650.0
1600.0
1645.0
1750.0
1725.0
1750.0
1735.0
1750.0
1750.0
1740.0
1735.0
1725.0
1725.0
1700.0
1665.0
1665.0
1660.0
1695.0
1695.0
1610.0
1705.0
1710.0
1630.0
1625.0
1630.0
1625.0
1630.0
1615.0
1505.0
1640.0
1420.0
1545.0
1560.0
1595.0
1590.0
1525.0
1480.0
1590.0
1590.0
1570.0
1590.0
1505.0
1500.0
1475.0
1540.0
1500.0
1560.0
1530.0
1530.0
1465.0
1495.0
1490.0
1535.0
1490.0
1490.0
1495.0
1410.0
1490.0
1455.0
1480.0
1435.0
1435.0
1445.0
1450.0
1385.0
1450.0
1450.0
1500.0
1500.0
1505.0
1505.0
1500.0
1500.0
1495.0
1680.0
1615.0
1585.0
1600.0
1620.0
1600.0
1565.0
1505.0
1570.0
1550.0
1525.0
1535.0
1590.0
1535.0
1530.0
1525.0
1410.0
1600.0
1670.0
1540.0
1615.0
1600.0
1665.0
1620.0
1665.0
1620.0
1665.0
1625.0
1580.0
1595.0
1595.0
1495.0
1570.0
1500.0
1490.0
1510.0
1445.0
1500.0
1505.0
1495.0
1485.0
1500.0
1460.0
1500.0
1525.0
1525.0
1530.0
1590.0
1590.0
1605.0
1650.0
1700.0
1740.0
1700.0
1595.0
1535.0
1520.0
1600.0
1635.0
1615.0
1600.0
1615.0
1615.0
1605.0
1560.0
1570.0
1550.0
1530.0
1545.0
1560.0
1510.0
1540.0
1545.0
1580.0
1550.0
1575.0
1565.0
1500.0
1545.0
1520.0
1520.0
1585.0
1525.0
1530.0
1545.0
1465.0
1500.0
1485.0
1525.0
1530.0
1575.0
1525.0
1545.0
1530.0
1505.0
1525.0
1500.0
1520.0
1490.0
1510.0
1490.0
1510.0
1530.0
1495.0
1535.0
1520.0
1500.0
1495.0
1490.0
1465.0
1485.0
1465.0
1470.0
1495.0
1515.0
1495.0
1485.0
1485.0
1500.0
1505.0
1495.0
1455.0
1495.0
1495.0
1495.0
1450.0
1460.0
1500.0
1500.0
1455.0
1495.0
1495.0
1490.0
1435.0
1410.0
1400.0
1445.0
1450.0
1450.0
1420.0
1445.0
1440.0
1435.0
1455.0
1460.0
1430.0
1460.0
1445.0
1445.0
1465.0
1515.0
1500.0
1505.0
1505.0
1500.0
1500.0
1495.0
1485.0
1485.0
1500.0
1440.0
1445.0
1470.0
1445.0
1470.0
1425.0
1415.0
1370.0
1350.0
1310.0
1380.0
1395.0
1390.0
1385.0
1420.0
1415.0
1415.0
1420.0
1380.0
1400.0
1400.0
1415.0
1400.0
1400.0
1370.0
1370.0
1370.0
1370.0
1400.0
1380.0
1410.0
1380.0
1375.0
1380.0
1405.0
1410.0
1440.0
1390.0
1420.0
1390.0
1390.0
1420.0
1435.0
1435.0
1425.0
1430.0
1420.0
1400.0
1380.0
1360.0
1385.0
1360.0
1360.0
1370.0
1370.0
1355.0
1360.0
1355.0
1405.0
1365.0
1400.0
1400.0
1410.0
1415.0
1400.0
1330.0
1345.0
1285.0
1295.0
1320.0
1400.0
1400.0
1450.0
1435.0
1465.0
1430.0
1425.0
1400.0
1410.0
1400.0
1405.0
1500.0
1445.0
1385.0
1350.0
1380.0
1380.0
1395.0
1400.0
1320.0
1315.0
1350.0
1370.0
1365.0
1260.0
1300.0
1305.0
1300.0
1260.0
1260.0
1295.0
1280.0
1300.0
1265.0
1260.0
1260.0
1255.0
1270.0
1255.0
1265.0
1275.0
1260.0
1260.0
1255.0
1260.0
1255.0
1265.0
1250.0
1270.0
1260.0
1260.0
1295.0
1305.0
1260.0
1290.0
1300.0
1260.0
1270.0
1265.0
1290.0
1280.0
1270.0
1295.0
1260.0
1250.0
1285.0
1285.0
1270.0
1285.0
1260.0
1270.0
1300.0
1300.0
1290.0
1260.0
1290.0
1360.0
1270.0
1260.0
1255.0
1260.0
1260.0
1290.0
1275.0
1260.0
1260.0
1250.0
1260.0
1250.0
1260.0
1290.0
1260.0
1270.0
1265.0
1270.0
1250.0
1250.0
1255.0
1260.0
1265.0
1230.0
1250.0
1245.0
1360.0
1360.0
1340.0
1320.0
1285.0
1275.0
1280.0
1265.0
1265.0
1265.0
1270.0
1265.0
1265.0
1265.0
1265.0
1255.0
1260.0
1260.0
1260.0
1260.0
1265.0
1265.0
1260.0
1260.0
1260.0
1280.0
1250.0
1260.0
1260.0
1260.0
1265.0
1270.0
1260.0
1265.0
1265.0
1285.0
1260.0
1260.0
1260.0
1260.0
1300.0
1260.0
1250.0
1250.0
1255.0
1150.0
1200.0
1250.0
1230.0
1200.0
1185.0
1200.0
1210.0
1215.0
1205.0
1220.0
1200.0
1185.0
1200.0
1200.0
1200.0
1200.0
1170.0
1185.0
1165.0
1175.0
1200.0
1200.0
1200.0
1210.0
1210.0
1180.0
1180.0
1175.0
1135.0
1120.0
1160.0
1100.0
1110.0
1110.0
1120.0
1170.0
1115.0
1140.0
1125.0
1025.0
1100.0
1100.0
1050.0
1070.0
1055.0
1075.0
1080.0
1075.0
1100.0
1055.0
1060.0
1055.0
1050.0
1050.0
1060.0
1080.0
1075.0
1110.0
1075.0
1060.0
1130.0
1090.0
1110.0
1080.0
1080.0
1110.0
1110.0
1070.0
1055.0
1070.0
1050.0
1025.0
1025.0
1025.0
1060.0
1060.0
1070.0
1040.0
1060.0
1060.0
1065.0
1110.0
1040.0
1090.0
1050.0
1050.0
1040.0
1100.0
1025.0
1040.0
1040.0
1040.0
1055.0
1050.0
1120.0
1095.0
1085.0
1080.0
1020.0
1030.0
1025.0
1045.0
1025.0
1025.0
1050.0
1050.0
1050.0
1050.0
1040.0
1045.0
1045.0
1040.0
1045.0
1050.0
950.0
975.0
1035.0
1035.0
1030.0
1030.0
1010.0
1030.0
1010.0
1005.0
1010.0
1015.0
1010.0
1010.0
1025.0
1020.0
1015.0
1020.0
1020.0
1025.0
1025.0
1025.0
1140.0
1105.0
1090.0
1135.0
1060.0
1080.0
1060.0
1055.0
1060.0
1045.0
1045.0
1040.0
1020.0
1000.0
1025.0
1000.0
1010.0
1025.0
1040.0
1030.0
1025.0
1025.0
1060.0
1005.0
1005.0
1030.0
1025.0
1025.0
1040.0
1025.0
1025.0
1025.0
1025.0
1035.0
1025.0
1030.0
1050.0
1025.0
1035.0
1000.0
1040.0
1025.0
1045.0
1045.0
1000.0
1035.0
1050.0
1065.0
1030.0
1000.0
1020.0
1015.0
1025.0
1025.0
1010.0
1030.0
1020.0
1000.0
1005.0
1000.0
1015.0
1005.0
1000.0
1000.0
1000.0
1050.0
1005.0
1005.0
1000.0
1000.0
1000.0
1010.0
1015.0
1025.0
1045.0
1025.0
1045.0
1045.0
1045.0
1025.0
1015.0
1010.0
1010.0
1025.0
1030.0
1010.0
1030.0
1035.0
1045.0
995.0
970.0
985.0
980.0
1000.0
1000.0
1010.0
1015.0
1030.0
1020.0
1010.0
1000.0
1020.0
1000.0
1000.0
1015.0
1020.0
1020.0
1020.0
1040.0
1040.0
1015.0
1015.0
1035.0
1015.0
1015.0
1010.0
1000.0
995.0
1000.0
1000.0
1005.0
1000.0
1000.0
1000.0
1000.0
1000.0
1010.0
980.0
1000.0
995.0
995.0
1000.0
985.0
985.0
960.0
985.0
965.0
970.0
990.0
990.0
995.0
985.0
990.0
995.0
995.0
985.0
985.0
975.0
975.0
970.0
965.0
985.0
960.0
960.0
975.0
980.0
970.0
950.0
960.0
965.0
970.0
960.0
970.0
970.0
950.0
950.0
970.0
975.0
970.0
975.0
970.0
970.0
975.0
975.0
975.0
980.0
985.0
955.0
970.0
975.0
965.0
985.0
970.0
980.0
955.0
960.0
965.0
970.0
955.0
965.0
960.0
960.0
975.0
975.0
975.0
985.0
950.0
970.0
975.0
980.0
975.0
1000.0
1045.0
1045.0
1025.0
1000.0
1020.0
1050.0
1025.0
1045.0
1015.0
1010.0
1010.0
1010.0
1020.0
1000.0
1000.0
985.0
990.0
1005.0
960.0
985.0
980.0
980.0
980.0
980.0
1000.0
1000.0
985.0
1000.0
1000.0
1005.0
1000.0
1030.0
1040.0
1050.0
1120.0
1120.0
1080.0
1100.0
1105.0
1105.0
1105.0
1085.0
1100.0
1095.0
1100.0
1140.0
1125.0
1125.0
1140.0
1110.0
1110.0
1065.0
1115.0
1090.0
1070.0
1070.0
1095.0
1105.0
1100.0
1095.0
1100.0
1095.0
1105.0
1145.0
1155.0
1130.0
1140.0
1100.0
1100.0
1095.0
1135.0
1035.0
1065.0
1040.0
1100.0
1050.0
1145.0
1110.0
1110.0
1115.0
1115.0
1110.0
1105.0
1110.0
1110.0
1110.0
1110.0
1090.0
1105.0
1100.0
1100.0
1095.0
1100.0
1110.0
1145.0
1115.0
1115.0
1130.0
1130.0
1140.0
1160.0
1170.0
1100.0
1140.0
1140.0
1120.0
1145.0
1125.0
1150.0
1160.0
1120.0
1135.0
1140.0
1125.0
1165.0
1170.0
1175.0
1170.0
1175.0
1175.0
1195.0
1170.0
1145.0
1175.0
1170.0
1180.0
1150.0
1150.0
1150.0
1160.0
1165.0
1170.0
1160.0
1140.0
1140.0
1140.0
1125.0
1120.0
1160.0
1135.0
1100.0
1125.0
1100.0
1090.0
1065.0
1085.0
1065.0
1070.0
1100.0
1115.0
1080.0
1115.0
1055.0
1060.0
1050.0
1050.0
1050.0
1050.0
1060.0
1050.0
1050.0
1060.0
1050.0
1030.0
1080.0
1060.0
1065.0
1080.0
1095.0
1080.0
1065.0
1065.0
1060.0
1050.0
1050.0
1050.0
1045.0
1045.0
1045.0
1040.0
1045.0
1080.0
1050.0
1045.0
1050.0
1035.0
1035.0
1040.0
1040.0
1035.0
1075.0
1040.0
1025.0
1015.0
1040.0
1025.0
1020.0
1010.0
1020.0
1010.0
1005.0
1020.0
1000.0
1000.0
1000.0
1020.0
1005.0
1025.0
980.0
980.0
995.0
1025.0
985.0
985.0
980.0
995.0
995.0
995.0
1000.0
1020.0
1025.0
1025.0
1020.0
1080.0
1050.0
1050.0
1010.0
1045.0
1040.0
1025.0
990.0
1010.0
1005.0
1025.0
1035.0
1050.0
1040.0
1020.0
1000.0
1005.0
990.0
1000.0
980.0
990.0
1000.0
1000.0
1000.0
1025.0
1020.0
1020.0
1020.0
970.0
965.0
975.0
975.0
975.0
965.0
985.0
965.0
985.0
965.0
980.0
970.0
975.0
1000.0
1000.0
1000.0
1005.0
1010.0
1000.0
985.0
960.0
960.0
980.0
985.0
965.0
965.0
1010.0
995.0
950.0
965.0
970.0
975.0
975.0
975.0
915.0
935.0
920.0
945.0
950.0
950.0
950.0
960.0
965.0
970.0
1075.0
1075.0
1065.0
1060.0
1070.0
1075.0
1060.0
1035.0
1030.0
1030.0
1030.0
1020.0
1015.0
1015.0
1030.0
1040.0
1055.0
1060.0
1090.0
1085.0
1110.0
1085.0
1165.0
1150.0
1090.0
1115.0
1120.0
1140.0
1135.0
1130.0
1125.0
1125.0
1065.0
1065.0
1080.0
1085.0
1090.0
1045.0
1090.0
1095.0
1100.0
1070.0
1100.0
1100.0
1050.0
1110.0
1050.0
1050.0
1075.0
1100.0
1100.0
1100.0
1090.0
1070.0
1050.0
1065.0
1050.0
1050.0
1045.0
1000.0
1000.0
1040.0
1000.0
1025.0
1030.0
1030.0
1020.0
1000.0
1005.0
1020.0
1005.0
1000.0
1015.0
1020.0
1030.0
1000.0
1000.0
1015.0
1000.0
1000.0
1025.0
1015.0
1040.0
1030.0
1020.0
1020.0
1000.0
1025.0
1020.0
1025.0
1020.0
1000.0
1000.0
1000.0
1010.0
1000.0
1000.0
1005.0
1010.0
1005.0
1040.0
1020.0
1045.0
1010.0
1020.0
1020.0
985.0
1000.0
1005.0
1010.0
1010.0
1000.0
1000.0
1005.0
1010.0
1010.0
1010.0
1010.0
1005.0
1005.0
1010.0
1010.0
1020.0
1005.0
1020.0
1005.0
1010.0
1005.0
1005.0
1020.0
1020.0
1035.0
1025.0
1035.0
1045.0
1050.0
1030.0
1055.0
1055.0
1055.0
1050.0
1075.0
1040.0
1060.0
1055.0
1075.0
1100.0
1295.0
1355.0
1285.0
1270.0
1280.0
1275.0
1390.0
1400.0
1300.0
1300.0
1255.0
1290.0
1275.0
1260.0
1280.0
1270.0
1255.0
1250.0
1250.0
1235.0
1290.0
1300.0
1250.0
1390.0
1300.0
1375.0
1375.0
1375.0
1375.0
1335.0
1365.0
1395.0
1400.0
1400.0
1330.0
1350.0
1375.0
1350.0
1315.0
1350.0
1350.0
1325.0
1355.0
1355.0
1350.0
1350.0
1300.0
1290.0
1315.0
1295.0
1300.0
1340.0
1340.0
1300.0
1290.0
1290.0
1300.0
1300.0
1295.0
1295.0
1255.0
1300.0
1250.0
1250.0
1245.0
1245.0
1225.0
1245.0
1240.0
1245.0
1225.0
1250.0
1235.0
1225.0
1225.0
1225.0
1225.0
1200.0
1225.0
1200.0
1235.0
1240.0
1220.0
1240.0
1245.0
1225.0
1235.0
1220.0
1200.0
1240.0
1220.0
1180.0
1200.0
1205.0
1190.0
1190.0
1190.0
1190.0
1200.0
1200.0
1250.0
1235.0
1210.0
1210.0
1215.0
1230.0
1220.0
1165.0
1170.0
1170.0
1150.0
1150.0
1150.0
1150.0
1155.0
1150.0
1150.0
1150.0
1145.0
1145.0
1140.0
1100.0
1145.0
1100.0
1110.0
1145.0
1155.0
1145.0
1140.0
1150.0
1115.0
1145.0
1150.0
1150.0
1150.0
1120.0
1120.0
1120.0
1105.0
1100.0
1120.0
1100.0
1135.0
1140.0
1120.0
1045.0
1030.0
1070.0
1050.0
1050.0
1050.0
1050.0
1065.0
1045.0
1005.0
1005.0
1000.0
1005.0
1075.0
1005.0
1000.0
1000.0
1000.0
1000.0
990.0
990.0
990.0
1000.0
1000.0
990.0
990.0
990.0
995.0
995.0
990.0
990.0
970.0
970.0
910.0
930.0
970.0
990.0
850.0
945.0
945.0
980.0
965.0
995.0
995.0
990.0
995.0
980.0
985.0
970.0
990.0
970.0
985.0
985.0
985.0
990.0
995.0
965.0
965.0
960.0
990.0
985.0
970.0
970.0
970.0
970.0
970.0
975.0
975.0
975.0
970.0
970.0
970.0
975.0
975.0
975.0
975.0
970.0
1000.0
990.0
1035.0
1025.0
1025.0
1015.0
1015.0
1000.0
1000.0
1000.0
980.0
975.0
995.0
995.0
990.0
965.0
1000.0
1010.0
1000.0
1000.0
1000.0
1000.0
980.0
985.0
980.0
1000.0
1000.0
1010.0
1010.0
1000.0
1015.0
1025.0
1015.0
1015.0
1000.0
1000.0
1000.0
1000.0
995.0
1000.0
1000.0
1000.0
1000.0
995.0
1015.0
1015.0
1000.0
1000.0
1000.0
1000.0
1000.0
995.0
1025.0
1025.0
1025.0
1000.0
1005.0
1025.0
1025.0
1035.0
1025.0
1010.0
1025.0
1025.0
1025.0
1025.0
1025.0
1010.0
1010.0
1005.0
1015.0
1020.0
1015.0
995.0
995.0
1020.0
1000.0
1000.0
1000.0
995.0
1025.0
1005.0
1005.0
1000.0
980.0
1030.0
1030.0
1015.0
1025.0
1000.0
1010.0
1000.0
1010.0
1010.0
1040.0
1020.0
1020.0
1010.0
1025.0
1025.0
1050.0
1050.0
1035.0
1005.0
1005.0
1035.0
1010.0
1005.0
1020.0
1000.0
1025.0
1025.0
1025.0
1000.0
1010.0
1010.0
1000.0
1020.0
1005.0
1035.0
1035.0
990.0
1020.0
1020.0
1025.0
1010.0
1020.0
1030.0
1015.0
1025.0
1020.0
1025.0
1025.0
1005.0
1020.0
1000.0
1000.0
1020.0
1020.0
1000.0
1015.0
995.0
995.0
995.0
990.0
980.0
960.0
990.0
995.0
980.0
985.0
1000.0
995.0
995.0
995.0
995.0
995.0
1015.0
995.0
1015.0
1015.0
1015.0
1020.0
1020.0
1020.0
1000.0
1015.0
1010.0
1000.0
985.0
995.0
995.0
1000.0
985.0
990.0
995.0
995.0
995.0
990.0
990.0
985.0
990.0
990.0
990.0
990.0
990.0
985.0
970.0
955.0
960.0
965.0
955.0
965.0
955.0
960.0
975.0
975.0
975.0
995.0
960.0
950.0
975.0
975.0
970.0
950.0
960.0
960.0
975.0
975.0
975.0
975.0
925.0
925.0
960.0
980.0
980.0
980.0
980.0
980.0
980.0
980.0
970.0
980.0
960.0
1000.0
980.0
965.0
970.0
975.0
980.0
980.0
990.0
995.0
995.0
975.0
995.0
970.0
970.0
965.0
960.0
985.0
980.0
955.0
960.0
950.0
950.0
960.0
945.0
960.0
940.0
955.0
950.0
960.0
955.0
960.0
955.0
950.0
975.0
960.0
960.0
965.0
975.0
1070.0
1000.0
990.0
990.0
990.0
980.0
960.0
990.0
975.0
965.0
975.0
960.0
975.0
960.0
975.0
960.0
970.0
945.0
950.0
945.0
950.0
950.0
930.0
925.0
935.0
940.0
945.0
950.0
940.0
950.0
940.0
950.0
950.0
950.0
935.0
945.0
940.0
940.0
940.0
940.0
940.0
945.0
945.0
965.0
955.0
955.0
950.0
935.0
945.0
965.0
960.0
950.0
945.0
930.0
940.0
955.0
940.0
940.0
950.0
935.0
930.0
930.0
925.0
905.0
905.0
915.0
920.0
940.0
945.0
945.0
950.0
945.0
930.0
930.0
945.0
955.0
935.0
925.0
920.0
915.0
915.0
915.0
915.0
915.0
925.0
935.0
920.0
920.0
915.0
935.0
920.0
905.0
900.0
900.0
900.0
910.0
910.0
910.0
915.0
905.0
900.0
900.0
900.0
880.0
895.0
900.0
930.0
915.0
910.0
910.0
940.0
900.0
895.0
895.0
905.0
930.0
940.0
920.0
930.0
910.0
930.0
930.0
940.0
910.0
910.0
900.0
910.0
910.0
900.0
915.0
900.0
890.0
890.0
895.0
925.0
920.0
895.0
900.0
900.0
915.0
915.0
915.0
920.0
920.0
930.0
900.0
930.0
905.0
930.0
925.0
935.0
930.0
930.0
930.0
930.0
930.0
930.0
915.0
930.0
930.0
935.0
940.0
945.0
945.0
935.0
945.0
950.0
945.0
950.0
940.0
965.0
950.0
965.0
975.0
1000.0
945.0
965.0
965.0
975.0
960.0
980.0
980.0
960.0
975.0
950.0
975.0
940.0
940.0
930.0
945.0
930.0
945.0
945.0
920.0
935.0
960.0
960.0
945.0
955.0
955.0
955.0
960.0
955.0
960.0
950.0
965.0
940.0
960.0
955.0
970.0
940.0
965.0
1000.0
985.0
980.0
980.0
960.0
950.0
955.0
980.0
980.0
960.0
960.0
960.0
960.0
985.0
940.0
940.0
940.0
930.0
925.0
920.0
940.0
950.0
935.0
960.0
960.0
935.0
945.0
955.0
930.0
905.0
920.0
930.0
925.0
935.0
935.0
920.0
910.0
925.0
920.0
920.0
920.0
930.0
915.0
910.0
900.0
910.0
905.0
910.0
940.0
915.0
910.0
900.0
915.0
915.0
915.0
915.0
905.0
900.0
900.0
900.0
900.0
900.0
900.0
910.0
900.0
905.0
905.0
900.0
905.0
905.0
895.0
920.0
915.0
915.0
915.0
922.0
940.0
940.0
922.0
904.0
940.0
932.0
1000.0
980.0
950.0
938.0
936.0
940.0
940.0
938.0
936.0
938.0
938.0
938.0
940.0
922.0
930.0
934.0
930.0
930.0
936.0
932.0
932.0
922.0
938.0
936.0
922.0
938.0
908.0
908.0
904.0
916.0
906.0
906.0
904.0
906.0
914.0
916.0
912.0
920.0
920.0
900.0
908.0
906.0
918.0
912.0
910.0
910.0
908.0
902.0
908.0
908.0
914.0
902.0
916.0
910.0
910.0
910.0
902.0
906.0
908.0
926.0
910.0
910.0
902.0
904.0
918.0
918.0
904.0
904.0
902.0
900.0
898.0
900.0
900.0
902.0
904.0
906.0
894.0
902.0
902.0
904.0
902.0
904.0
894.0
892.0
892.0
892.0
898.0
896.0
886.0
870.0
880.0
888.0
888.0
886.0
890.0
890.0
864.0
886.0
884.0
874.0
872.0
860.0
860.0
874.0
876.0
840.0
840.0
858.0
838.0
834.0
860.0
850.0
848.0
852.0
856.0
848.0
800.0
802.0
804.0
820.0
804.0
820.0
820.0
802.0
818.0
818.0
818.0
820.0
820.0
818.0
820.0
822.0
826.0
830.0
876.0
878.0
836.0
888.0
862.0
860.0
850.0
860.0
860.0
850.0
856.0
856.0
838.0
858.0
858.0
850.0
858.0
874.0
872.0
872.0
872.0
854.0
892.0
860.0
858.0
854.0
860.0
850.0
850.0
860.0
858.0
860.0
860.0
878.0
880.0
880.0
880.0
860.0
896.0
872.0
872.0
870.0
878.0
878.0
878.0
870.0
882.0
878.0
890.0
880.0
882.0
888.0
888.0
876.0
880.0
888.0
876.0
878.0
874.0
880.0
880.0
888.0
882.0
884.0
906.0
890.0
896.0
892.0
892.0
900.0
908.0
908.0
918.0
900.0
892.0
910.0
908.0
900.0
900.0
904.0
908.0
908.0
910.0
912.0
912.0
908.0
912.0
912.0
910.0
910.0
906.0
908.0
910.0
902.0
910.0
904.0
902.0
900.0
900.0
900.0
900.0
900.0
900.0
884.0
900.0
900.0
900.0
900.0
906.0
900.0
900.0
904.0
888.0
900.0
900.0
886.0
886.0
888.0
888.0
884.0
888.0
888.0
844.0
902.0
882.0
896.0
884.0
898.0
886.0
886.0
896.0
894.0
900.0
900.0
898.0
876.0
880.0
896.0
884.0
902.0
884.0
896.0
896.0
882.0
888.0
888.0
904.0
902.0
874.0
886.0
900.0
902.0
900.0
884.0
890.0
892.0
894.0
896.0
894.0
884.0
890.0
876.0
892.0
886.0
876.0
892.0
876.0
874.0
866.0
872.0
866.0
868.0
864.0
868.0
884.0
862.0
850.0
852.0
862.0
866.0
878.0
824.0
846.0
880.0
860.0
846.0
850.0
852.0
876.0
850.0
852.0
856.0
856.0
856.0
858.0
858.0
852.0
850.0
850.0
850.0
856.0
856.0
858.0
860.0
850.0
850.0
850.0
874.0
872.0
860.0
860.0
850.0
850.0
868.0
816.0
852.0
850.0
860.0
860.0
850.0
860.0
860.0
850.0
860.0
844.0
866.0
860.0
860.0
850.0
918.0
964.0
914.0
956.0
950.0
950.0
894.0
1150.0
1016.0
980.0
986.0
976.0
970.0
958.0
968.0
946.0
932.0
920.0
904.0
912.0
930.0
904.0
930.0
904.0
886.0
900.0
890.0
888.0
996.0
980.0
978.0
972.0
970.0
978.0
980.0
974.0
956.0
976.0
972.0
942.0
942.0
928.0
920.0
892.0
904.0
908.0
884.0
888.0
920.0
904.0
934.0
918.0
918.0
944.0
948.0
944.0
892.0
900.0
894.0
894.0
894.0
884.0
888.0
884.0
888.0
874.0
856.0
872.0
878.0
890.0
874.0
862.0
900.0
880.0
872.0
900.0
898.0
870.0
884.0
880.0
894.0
900.0
874.0
898.0
900.0
868.0
894.0
910.0
900.0
896.0
898.0
882.0
872.0
888.0
880.0
896.0
872.0
872.0
900.0
900.0
876.0
928.0
910.0
906.0
910.0
888.0
900.0
910.0
922.0
944.0
932.0
900.0
890.0
900.0
900.0
900.0
900.0
874.0
892.0
894.0
902.0
906.0
910.0
938.0
940.0
942.0
942.0
942.0
930.0
932.0
930.0
920.0
938.0
938.0
938.0
940.0
924.0
938.0
936.0
936.0
946.0
956.0
946.0
950.0
950.0
942.0
958.0
950.0
956.0
950.0
950.0
950.0
954.0
940.0
972.0
960.0
960.0
946.0
938.0
940.0
944.0
944.0
942.0
942.0
936.0
942.0
954.0
948.0
950.0
950.0
912.0
930.0
928.0
924.0
950.0
940.0
948.0
948.0
950.0
950.0
920.0
950.0
956.0
940.0
932.0
928.0
950.0
930.0
922.0
920.0
920.0
922.0
938.0
924.0
922.0
932.0
928.0
926.0
936.0
922.0
920.0
922.0
922.0
930.0
930.0
938.0
948.0
942.0
930.0
932.0
932.0
940.0
980.0
968.0
968.0
960.0
956.0
954.0
928.0
940.0
950.0
930.0
962.0
950.0
950.0
968.0
968.0
964.0
942.0
980.0
980.0
1016.0
1016.0
1010.0
982.0
1002.0
1010.0
1016.0
1020.0
1000.0
1036.0
1014.0
1014.0
1008.0
1024.0
1022.0
1024.0
1026.0
1020.0
1024.0
1020.0
1010.0
1000.0
1010.0
1002.0
1010.0
1004.0
1040.0
1050.0
1056.0
1050.0
1048.0
1048.0
1138.0
1106.0
1184.0
1052.0
1094.0
1094.0
1090.0
1088.0
1076.0
1066.0
1066.0
1062.0
1112.0
1118.0
1090.0
1090.0
1098.0
1096.0
1096.0
1104.0
1106.0
1106.0
1096.0
1106.0
1110.0
1100.0
1124.0
1126.0
1120.0
1100.0
1098.0
1098.0
1096.0
1100.0
1132.0
1130.0
1096.0
1082.0
1100.0
1092.0
1090.0
1090.0
1100.0
1096.0
1114.0
1102.0
1102.0
1124.0
1138.0
1150.0
1150.0
1082.0
1146.0
1148.0
1150.0
1182.0
1154.0
1178.0
1192.0
1152.0
1216.0
1198.0
1218.0
1238.0
1240.0
1244.0
1276.0
1286.0
1200.0
1190.0
1200.0
1196.0
1166.0
1208.0
1208.0
1200.0
1220.0
1392.0
1294.0
1308.0
1316.0
1316.0
1292.0
1304.0
1292.0
1278.0
1308.0
1304.0
1318.0
1320.0
1322.0
1304.0
1306.0
1318.0
1308.0
1292.0
1302.0
1300.0
1258.0
1290.0
1302.0
1352.0
1320.0
1334.0
1402.0
1356.0
1440.0
1442.0
1412.0
1428.0
1400.0
1384.0
1418.0
1382.0
1346.0
1290.0
1300.0
1300.0
1300.0
1300.0
1284.0
1312.0
1246.0
1220.0
1222.0
1272.0
1330.0
1334.0
1304.0
1300.0
1300.0
1274.0
1296.0
1290.0
1250.0
1274.0
1228.0
1222.0
1240.0
1236.0
1180.0
1200.0
1220.0
1206.0
1210.0
1190.0
1192.0
1200.0
1250.0
1208.0
1188.0
1180.0
1160.0
1168.0
1250.0
1182.0
1176.0
1176.0
1230.0
1198.0
1240.0
1370.0
1276.0
1250.0
1238.0
1234.0
1250.0
1276.0
1276.0
1220.0
1264.0
1264.0
1264.0
1268.0
1340.0
1280.0
1290.0
1270.0
1280.0
1262.0
1270.0
1272.0
1260.0
1264.0
1336.0
1308.0
1308.0
1310.0
1308.0
1306.0
1302.0
1302.0
1300.0
1270.0
1318.0
1318.0
1344.0
1318.0
1292.0
1292.0
1300.0
1342.0
1288.0
1290.0
1284.0
1292.0
1348.0
1348.0
1354.0
1322.0
1326.0
1358.0
1360.0
1350.0
1320.0
1310.0
1302.0
1348.0
1344.0
1350.0
1358.0
1360.0
1344.0
1344.0
1344.0
1346.0
1354.0
1354.0
1356.0
1376.0
1376.0
1376.0
1326.0
1380.0
1378.0
1360.0
1370.0
1352.0
1352.0
1360.0
1350.0
1364.0
1358.0
1322.0
1328.0
1350.0
1334.0
1350.0
1330.0
1348.0
1348.0
1332.0
1350.0
1370.0
1374.0
1370.0
1352.0
1356.0
1328.0
1334.0
1364.0
1360.0
1360.0
1360.0
1336.0
1394.0
1370.0
1390.0
1376.0
1364.0
1364.0
1360.0
1390.0
1394.0
1362.0
1536.0
1476.0
1462.0
1426.0
1420.0
1460.0
1456.0
1488.0
1432.0
1400.0
1386.0
1410.0
1354.0
1414.0
1406.0
1426.0
1420.0
1426.0
1424.0
1402.0
1418.0
1418.0
1376.0
1398.0
1398.0
1398.0
1398.0
1400.0
1382.0
1386.0
1390.0
1406.0
1404.0
1404.0
1414.0
1404.0
1402.0
1412.0
1414.0
1412.0
1432.0
1410.0
1412.0
1400.0
1408.0
1414.0
1414.0
1402.0
1400.0
1400.0
1402.0
1398.0
1398.0
1402.0
1440.0
1410.0
1400.0
1400.0
1478.0
1448.0
1412.0
1448.0
1412.0
1440.0
1418.0
1414.0
1402.0
1444.0
1396.0
1396.0
1402.0
1364.0
1390.0
1392.0
1390.0
1358.0
1378.0
1390.0
1372.0
1394.0
1394.0
1396.0
1400.0
1378.0
1400.0
1364.0
1386.0
1400.0
1402.0
1358.0
1390.0
1356.0
1352.0
1354.0
1358.0
1356.0
1390.0
1348.0
1352.0
1376.0
1358.0
1386.0
1358.0
1386.0
1362.0
1358.0
1360.0
1368.0
1364.0
1356.0
1382.0
1374.0
1370.0
1352.0
1350.0
1350.0
1348.0
1370.0
1378.0
1360.0
1396.0
1410.0
1378.0
1438.0
1628.0
1600.0
1590.0
1644.0
1716.0
1686.0
1698.0
1650.0
1670.0
1720.0
1600.0
1600.0
1652.0
1660.0
1678.0
1658.0
1648.0
1616.0
1512.0
1540.0
1526.0
1518.0
1520.0
1488.0
1514.0
1488.0
1490.0
1512.0
1492.0
1492.0
1488.0
1462.0
1482.0
1456.0
1458.0
1460.0
1464.0
1480.0
1476.0
1478.0
1488.0
1480.0
1482.0
1478.0
1478.0
1486.0
1486.0
1516.0
1518.0
1470.0
1478.0
1500.0
1518.0
1518.0
1518.0
1510.0
1500.0
1500.0
1500.0
1516.0
1734.0
1674.0
1678.0
1662.0
1642.0
1684.0
1644.0
1646.0
1654.0
1696.0
1696.0
1668.0
1700.0
1686.0
1718.0
1672.0
1698.0
1686.0
1654.0
1650.0
1672.0
1696.0
1664.0
1694.0
1690.0
1646.0
1640.0
1632.0
1622.0
1642.0
1616.0
1650.0
1650.0
1654.0
1622.0
1610.0
1600.0
1600.0
1614.0
1560.0
1592.0
1592.0
1594.0
1600.0
1606.0
1618.0
1618.0
1626.0
1618.0
1628.0
1602.0
1600.0
1628.0
1626.0
1624.0
1610.0
1600.0
1600.0
1600.0
1600.0
1600.0
1660.0
1686.0
1650.0
1650.0
1650.0
1628.0
1614.0
1620.0
1622.0
1646.0
1630.0
1640.0
1650.0
1640.0
1640.0
1640.0
1638.0
1638.0
1638.0
1638.0
1670.0
1632.0
1632.0
1634.0
1632.0
1650.0
1650.0
1630.0
1630.0
1630.0
1630.0
1630.0
1598.0
1600.0
1586.0
1578.0
1582.0
1576.0
1586.0
1586.0
1588.0
1540.0
1570.0
1572.0
1576.0
1600.0
1608.0
1576.0
1608.0
1574.0
1578.0
1606.0
1568.0
1634.0
1592.0
1604.0
1620.0
1598.0
1688.0
1694.0
1788.0
1680.0
1690.0
1714.0
1708.0
1716.0
1714.0
1708.0
1710.0
1674.0
1690.0
1676.0
1676.0
1678.0
1676.0
1734.0
1700.0
1700.0
1710.0
1700.0
1718.0
1720.0
1712.0
1738.0
1700.0
1700.0
1700.0
1702.0
1694.0
1700.0
1708.0
1694.0
1720.0
1718.0
1716.0
1712.0
1738.0
1732.0
1720.0
1720.0
1720.0
1712.0
1700.0
1700.0
1712.0
1702.0
1756.0
1700.0
1724.0
1714.0
1700.0
1668.0
1690.0
1656.0
1678.0
1670.0
1656.0
1644.0
1660.0
1658.0
1652.0
1652.0
1658.0
1720.0
1698.0
1670.0
1682.0
1670.0
1684.0
1710.0
1706.0
1680.0
1682.0
1682.0
1710.0
1710.0
1710.0
1692.0
1700.0
1700.0
1716.0
1700.0
1698.0
1700.0
1700.0
1700.0
1700.0
1718.0
1700.0
1700.0
1700.0
1710.0
1700.0
1700.0
1700.0
1700.0
1700.0
1692.0
1700.0
1700.0
1700.0
1684.0
1688.0
1700.0
1700.0
1700.0
1684.0
1684.0
1696.0
1698.0
1682.0
1716.0
1688.0
1658.0
1700.0
1698.0
1712.0
1676.0
1676.0
1662.0
1670.0
1688.0
1670.0
1650.0
1678.0
1694.0
1652.0
1674.0
1670.0
1672.0
1664.0
1670.0
1652.0
1660.0
1660.0
1666.0
1666.0
1624.0
1648.0
1644.0
1644.0
1636.0
1632.0
1638.0
1658.0
1622.0
1640.0
1642.0
1654.0
1654.0
1664.0
1654.0
1660.0
1640.0
1652.0
1654.0
1618.0
1640.0
1656.0
1622.0
1628.0
1630.0
1640.0
1648.0
1642.0
1630.0
1632.0
1638.0
1664.0
1714.0
1718.0
1700.0
1700.0
1702.0
1702.0
1712.0
1670.0
1670.0
1684.0
1678.0
1688.0
1720.0
1688.0
1682.0
1682.0
1728.0
1748.0
1702.0
1700.0
1702.0
1734.0
1706.0
1716.0
2198.0
2092.0
2062.0
1974.0
1970.0
1990.0
1932.0
1960.0
1916.0
1974.0
2044.0
2046.0
2000.0
1952.0
1952.0
1952.0
1998.0
1982.0
2020.0
1988.0
1990.0
1988.0
2010.0
1954.0
1980.0
2004.0
2002.0
2000.0
2018.0
2002.0
2020.0
2016.0
2038.0
2040.0
2070.0
2000.0
2002.0
2024.0
2000.0
2020.0
2020.0
2022.0
2022.0
2012.0
2014.0
2020.0
2070.0
2040.0
2040.0
2024.0
2044.0
2040.0
2038.0
2032.0
2034.0
2036.0
2024.0
2016.0
2010.0
2002.0
2002.0
2032.0
2038.0
2076.0
2034.0
2022.0
2040.0
2002.0
1908.0
1972.0
1978.0
2010.0
2008.0
1962.0
1962.0
1960.0
1960.0
1994.0
1944.0
1962.0
1962.0
1938.0
1966.0
1970.0
1970.0
1970.0
2008.0
2018.0
2016.0
2020.0
2000.0
1998.0
2002.0
2000.0
1992.0
2016.0
2016.0
1962.0
1986.0
1972.0
2002.0
1976.0
1982.0
1970.0
1970.0
1918.0
1932.0
1938.0
1948.0
1950.0
1948.0
1950.0
1948.0
1922.0
1922.0
1974.0
1936.0
1950.0
2040.0
2080.0
2042.0
2032.0
2030.0
2018.0
2010.0
2028.0
2030.0
2056.0
2010.0
2010.0
2006.0
2002.0
2090.0
1998.0
2034.0
2034.0
2008.0
2048.0
2090.0
2100.0
2052.0
2050.0
2034.0
2030.0
2050.0
2050.0
2022.0
2070.0
2030.0
2068.0
2042.0
2076.0
2076.0
2054.0
2060.0
2050.0
2046.0
2026.0
2050.0
2032.0
2000.0
2000.0
2050.0
2010.0
2002.0
2000.0
2004.0
2018.0
1972.0
1960.0
2000.0
1962.0
1998.0
1996.0
1958.0
1962.0
1998.0
1996.0
1988.0
1940.0
1936.0
1960.0
1960.0
1980.0
1980.0
1980.0
1980.0
1980.0
1942.0
1972.0
1978.0
1972.0
1952.0
1970.0
1962.0
1962.0
1988.0
2000.0
1982.0
1990.0
1994.0
1998.0
1982.0
1974.0
1998.0
1998.0
1962.0
1978.0
1942.0
1938.0
1938.0
1938.0
1930.0
1910.0
1832.0
1840.0
1810.0
1820.0
1778.0
1810.0
1816.0
1820.0
1840.0
1880.0
1880.0
1830.0
1826.0
1800.0
1800.0
1790.0
1730.0
1730.0
1714.0
1708.0
1700.0
1702.0
1702.0
1654.0
1696.0
1658.0
1706.0
1700.0
1784.0
1754.0
1774.0
1702.0
1700.0
1700.0
1710.0
1738.0
1750.0
1702.0
1766.0
1766.0
1766.0
1670.0
1700.0
1720.0
1646.0
1658.0
1718.0
1662.0
1550.0
1550.0
1550.0
1700.0
1646.0
1500.0
1644.0
1574.0
1500.0
1552.0
1482.0
1482.0
1458.0
1490.0
1488.0
1496.0
1450.0
1372.0
1400.0
1372.0
1270.0
1262.0
1330.0
1252.0
1300.0
1398.0
1236.0
1380.0
1350.0
1350.0
1388.0
1410.0
1500.0
1552.0
1560.0
1502.0
1408.0
1408.0
1408.0
1400.0
1366.0
1250.0
1320.0
1430.0
1500.0
1322.0
1252.0
1308.0
1304.0
1100.0
1082.0
1136.0
1160.0
1154.0
1148.0
1082.0
1046.0
1010.0
1010.0
1072.0
1026.0
1022.0
1034.0
1110.0
1098.0
1160.0
1148.0
1148.0
1148.0
1100.0
1102.0
1276.0
1216.0
1240.0
1238.0
1190.0
1296.0
1180.0
1296.0
1200.0
1270.0
1260.0
1254.0
1260.0
1390.0
1326.0
1320.0
1330.0
1330.0
1330.0
1368.0
1380.0
1380.0
1448.0
1400.0
1396.0
1370.0
1372.0
1380.0
1350.0
1284.0
1266.0
1256.0
1254.0
1226.0
1294.0
1294.0
1274.0
1256.0
1280.0
1250.0
1268.0
1260.0
1202.0
1202.0
1222.0
1106.0
1158.0
1156.0
1178.0
1198.0
1200.0
1178.0
1158.0
1192.0
1272.0
1246.0
1250.0
1230.0
1220.0
1250.0
1248.0
1210.0
1240.0
1230.0
1236.0
1270.0
1240.0
1272.0
1248.0
1294.0
1270.0
1258.0
1256.0
1248.0
1248.0
1212.0
1248.0
1278.0
1250.0
1250.0
1298.0
1292.0
1298.0
1314.0
1314.0
1316.0
1300.0
1284.0
1282.0
1314.0
1318.0
1290.0
1294.0
1296.0
1300.0
1300.0
1318.0
1328.0
1318.0
1368.0
1300.0
1496.0
1426.0
1360.0
1340.0
1336.0
1358.0
1386.0
1386.0
1406.0
1424.0
1418.0
1392.0
1398.0
1380.0
1390.0
1400.0
1396.0
1402.0
1406.0
1390.0
1400.0
1406.0
1402.0
1408.0
1410.0
1390.0
1400.0
1358.0
1360.0
1384.0
1358.0
1380.0
1386.0
1390.0
1388.0
1370.0
1388.0
1372.0
1388.0
1390.0
1370.0
1340.0
1316.0
1330.0
1330.0
1330.0
1302.0
1348.0
1350.0
1380.0
1350.0
1350.0
1350.0
1334.0
1334.0
1332.0
1310.0
1328.0
1318.0
1322.0
1320.0
1318.0
1320.0
1312.0
1334.0
1334.0
1334.0
1312.0
1314.0
1300.0
1300.0
1284.0
1262.0
1288.0
1278.0
1278.0
1280.0
1298.0
1300.0
1300.0
1310.0
1310.0
1330.0
1326.0
1330.0
1370.0
1346.0
1336.0
1370.0
1344.0
1360.0
1340.0
1370.0
1390.0
1366.0
1386.0
1398.0
1380.0
1396.0
1380.0
1398.0
1390.0
1396.0
1408.0
1400.0
1418.0
1418.0
1414.0
1414.0
1386.0
1390.0
1408.0
1390.0
1390.0
1386.0
1370.0
1350.0
1378.0
1380.0
1352.0
1374.0
1378.0
1374.0
1376.0
1354.0
1388.0
1326.0
1368.0
1338.0
1300.0
1325.0
1295.0
1305.0
1300.0
1300.0
1305.0
1300.0
1275.0
1315.0
1330.0
1315.0
1315.0
1330.0
1320.0
1330.0
1330.0
1345.0
1345.0
1360.0
1360.0
1335.0
1330.0
1350.0
1345.0
1330.0
1345.0
1330.0
1325.0
1330.0
1315.0
1315.0
1315.0
1315.0
1315.0
1360.0
1400.0
1390.0
1395.0
1390.0
1375.0
1390.0
1355.0
1340.0
1355.0
1360.0
1375.0
1360.0
1375.0
1360.0
1360.0
1320.0
1330.0
1335.0
1335.0
1325.0
1330.0
1355.0
1345.0
1360.0
1365.0
1385.0
1345.0
1375.0
1355.0
1385.0
1385.0
1365.0
1385.0
1385.0
1380.0
1355.0
1370.0
1380.0
1375.0
1400.0
1385.0
1385.0
1395.0
1395.0
1400.0
1385.0
1395.0
1425.0
1450.0
1400.0
1430.0
1395.0
1405.0
1410.0
1405.0
1485.0
1480.0
1455.0
1415.0
1410.0
1475.0
1500.0
1465.0
1490.0
1450.0
1450.0
1465.0
1450.0
1465.0
1460.0
1460.0
1450.0
1450.0
1435.0
1435.0
1420.0
1415.0
1420.0
1420.0
1420.0
1445.0
1425.0
1425.0
1420.0
1430.0
1425.0
1420.0
1430.0
1450.0
1425.0
1420.0
1415.0
1415.0
1425.0
1430.0
1425.0
1445.0
1445.0
1440.0
1440.0
1435.0
1435.0
1440.0
1415.0
1435.0
1420.0
1405.0
1405.0
1420.0
1420.0
1420.0
1410.0
1425.0
1435.0
1850.0
1875.0
1985.0
1985.0
1985.0
1985.0
2180.0
2295.0
2300.0
2220.0
2180.0
2185.0
2230.0
2185.0
2195.0
2140.0
2245.0
2125.0
2990.0
2990.0
2990.0
2990.0
2990.0
2990.0
2990.0
3285.0
3270.0
3195.0
3135.0
3400.0
3465.0
3380.0
3400.0
3400.0
3435.0
3370.0
3220.0
3160.0
2810.0
3050.0
2955.0
2950.0
2890.0
2890.0
2820.0
2710.0
2655.0
2685.0
2610.0
2640.0
2680.0
2650.0
2510.0
2515.0
2470.0
2550.0
2500.0
2480.0
2460.0
2540.0
2500.0
2520.0
2565.0
2505.0
2560.0
2600.0
2600.0
2560.0
2510.0
2590.0
2535.0
2500.0
2545.0
2515.0
2670.0
2850.0
2775.0
2780.0
2940.0
2900.0
2930.0
2970.0
3005.0
3095.0
3015.0
3010.0
3080.0
3035.0
3040.0
3065.0
3040.0
2955.0
3035.0
2900.0
2870.0
2870.0
2880.0
2870.0
2905.0
2840.0
2840.0
2905.0
2870.0
2850.0
2840.0
2865.0
2885.0
2845.0
2890.0
2930.0
2980.0
2900.0
2865.0
2875.0
2850.0
2820.0
2850.0
2855.0
2890.0
2840.0
2870.0
2845.0
2870.0
2840.0
2830.0
2855.0
2850.0
2845.0
2730.0
2730.0
2745.0
2730.0
2725.0
2715.0
2715.0
2730.0
2720.0
2720.0
2710.0
2705.0
2700.0
2710.0
2695.0
2700.0
2690.0
2680.0
2615.0
2610.0
2610.0
2630.0
2570.0
2525.0
2640.0
2650.0
2695.0
2650.0
2595.0
2580.0
2575.0
2600.0
2560.0
2550.0
2560.0
2550.0
2580.0
2595.0
2590.0
2600.0
2575.0
2595.0
2580.0
2575.0
2575.0
2555.0
2560.0
2575.0
2540.0
2530.0
2540.0
2560.0
2520.0
2505.0
2745.0
2695.0
2600.0
2585.0
2610.0
2610.0
2665.0
2640.0
2625.0
2595.0
2600.0
2600.0
2590.0
2590.0
2575.0
2600.0
2585.0
2570.0
2565.0
2590.0
2650.0
2620.0
2580.0
2600.0
2595.0
2585.0
2630.0
2595.0
2630.0
2625.0
2640.0
2600.0
2580.0
2600.0
2605.0
2620.0
2635.0
2660.0
2790.0
2805.0
2810.0
2840.0
2820.0
2840.0
2860.0
2775.0
2785.0
2830.0
2795.0
2850.0
2850.0
2845.0
2825.0
2840.0
2760.0
2780.0
2775.0
2745.0
2695.0
2660.0
2655.0
2600.0
2600.0
2605.0
2600.0
2620.0
2740.0
2745.0
2635.0
2635.0
2640.0
2605.0
2655.0
2680.0
2690.0
2685.0
2680.0
2650.0
2630.0
2655.0
2615.0
2625.0
2675.0
2680.0
2630.0
2630.0
2625.0
2630.0
2625.0
2605.0
2640.0
2635.0
2635.0
2635.0
2595.0
2600.0
2595.0
2610.0
2610.0
2650.0
2630.0
2595.0
2625.0
2595.0
2590.0
2590.0
2595.0
2595.0
2595.0
2590.0
2580.0
2585.0
2580.0
2590.0
2580.0
2590.0
2595.0
2565.0
2595.0
2580.0
2590.0
2595.0
2595.0
2585.0
2590.0
2590.0
2580.0
2600.0
2610.0
2595.0
2595.0
2610.0
2595.0
2590.0
2585.0
2585.0
2585.0
2570.0
2585.0
2600.0
2570.0
2740.0
2630.0
2620.0
2630.0
2620.0
2655.0
2630.0
2630.0
2625.0
2625.0
2630.0
2640.0
2640.0
2630.0
2640.0
2640.0
2655.0
2655.0
2635.0
2640.0
2640.0
2635.0
2655.0
2635.0
2625.0
2625.0
2715.0
2690.0
2685.0
2650.0
2645.0
2625.0
2645.0
2660.0
2700.0
2660.0
2650.0
2620.0
2630.0
2625.0
2635.0
2640.0
2640.0
2650.0
2615.0
2625.0
2640.0
2630.0
2630.0
2625.0
2640.0
2660.0
2660.0
2640.0
2640.0
2650.0
2640.0
2635.0
2635.0
2630.0
2630.0
2605.0
2645.0
2640.0
2620.0
2600.0
2590.0
2610.0
2590.0
2590.0
2595.0
2590.0
2580.0
2590.0
2570.0
2585.0
2615.0
2600.0
2605.0
2605.0
2610.0
2630.0
2625.0
2620.0
2605.0
2625.0
2600.0
2590.0
2590.0
2585.0
2575.0
2600.0
2610.0
2590.0
2590.0
2590.0
2610.0
2590.0
2610.0
2610.0
2600.0
2600.0
2610.0
2700.0
2625.0
2630.0
2640.0
2625.0
2640.0
2640.0
2640.0
2670.0
2700.0
2695.0
2695.0
2690.0
2690.0
2700.0
2675.0
2670.0
2675.0
2700.0
2670.0
2700.0
2680.0
2680.0
2700.0
2695.0
2700.0
2700.0
2695.0
2700.0
2730.0
2775.0
2685.0
2695.0
2625.0
2700.0
2700.0
2670.0
2750.0
2745.0
2695.0
2665.0
2645.0
2630.0
2595.0
2585.0
2600.0
2620.0
2605.0
2635.0
2610.0
2590.0
2610.0
2600.0
2600.0
2610.0
2600.0
2650.0
2645.0
2615.0
2575.0
2595.0
2615.0
2615.0
2615.0
2615.0
2615.0
2615.0
2620.0
2600.0
2590.0
2580.0
2600.0
2580.0
2615.0
2580.0
2580.0
2580.0
2600.0
2575.0
2585.0
2560.0
2590.0
2565.0
2595.0
2550.0
2575.0
2570.0
2595.0
2565.0
2585.0
2570.0
2590.0
2610.0
2595.0
2575.0
2580.0
2585.0
2585.0
2585.0
2585.0
2560.0
2580.0
2555.0
2500.0
2525.0
2510.0
2510.0
2520.0
2455.0
2500.0
2510.0
2470.0
2490.0
2500.0
2460.0
2500.0
2525.0
2520.0
2500.0
2495.0
2460.0
2485.0
2505.0
2465.0
2460.0
2505.0
2515.0
2530.0
2480.0
2495.0
2450.0
2460.0
2480.0
2450.0
2465.0
2450.0
2400.0
2425.0
2420.0
2420.0
2430.0
2430.0
2410.0
2455.0
2450.0
2450.0
2430.0
2450.0
2460.0
2490.0
2480.0
2475.0
2475.0
2480.0
2465.0
2450.0
2465.0
2500.0
2500.0
2470.0
2500.0
2530.0
2550.0
2555.0
2505.0
2500.0
2550.0
2510.0
2475.0
2495.0
2500.0
2455.0
2500.0
2450.0
2500.0
2540.0
2555.0
2500.0
2540.0
2575.0
2560.0
2525.0
2555.0
2560.0
2555.0
2560.0
2545.0
2545.0
2545.0
2545.0
2555.0
2505.0
2550.0
2565.0
2565.0
2615.0
2590.0
2630.0
2575.0
2525.0
2540.0
2565.0
2575.0
2535.0
2480.0
2480.0
2530.0
2550.0
2540.0
2550.0
2475.0
2455.0
2460.0
2475.0
2500.0
2460.0
2455.0
2460.0
2460.0
2500.0
2500.0
2460.0
2460.0
2485.0
2445.0
2435.0
2425.0
2375.0
2435.0
2445.0
2435.0
2400.0
2400.0
2410.0
2490.0
2420.0
2400.0
2400.0
2405.0
2400.0
2400.0
2405.0
2510.0
2500.0
2550.0
2475.0
2580.0
2620.0
2610.0
2550.0
2550.0
2480.0
2550.0
2545.0
2545.0
2505.0
2505.0
2505.0
2500.0
2510.0
2500.0
2490.0
2490.0
2490.0
2480.0
2515.0
2475.0
2490.0
2505.0
2525.0
2520.0
2500.0
2500.0
2540.0
2480.0
2465.0
2500.0
2590.0
2525.0
2510.0
2480.0
2410.0
2530.0
2500.0
2500.0
2530.0
2535.0
2535.0
2545.0
2590.0
2590.0
2590.0
2595.0
2555.0
2570.0
2575.0
2600.0
2575.0
2575.0
2545.0
2590.0
2600.0
2570.0
2600.0
2600.0
2705.0
2655.0
2650.0
2650.0
2600.0
2620.0
2620.0
2625.0
2650.0
2605.0
2620.0
2605.0
2650.0
2620.0
2610.0
2620.0
2650.0
2620.0
2650.0
2615.0
2690.0
2695.0
2620.0
2615.0
2585.0
2590.0
2595.0
2595.0
2620.0
2655.0
2600.0
2600.0
2615.0
2640.0
2640.0
2610.0
2605.0
2615.0
2610.0
2610.0
2605.0
2590.0
2595.0
2600.0
2600.0
2605.0
2545.0
2550.0
2525.0
2525.0
2545.0
2525.0
2530.0
2505.0
2510.0
2500.0
2530.0
2530.0
2510.0
2510.0
2480.0
2450.0
2480.0
2505.0
2495.0
2495.0
2505.0
2500.0
2500.0
2500.0
2450.0
2485.0
2485.0
2490.0
2460.0
2535.0
2535.0
2585.0
2580.0
2580.0
2575.0
2575.0
2575.0
2585.0
2535.0
2580.0
2555.0
2555.0
2550.0
2550.0
2550.0
2515.0
2520.0
2520.0
2505.0
2525.0
2530.0
2550.0
2510.0
2530.0
2565.0
2540.0
2550.0
2510.0
2500.0
2520.0
2500.0
2530.0
2530.0
2535.0
2505.0
2530.0
2510.0
2505.0
2530.0
2520.0
2535.0
2515.0
2535.0
2520.0
2530.0
2530.0
2545.0
2535.0
2530.0
2535.0
2530.0
2530.0
2530.0
2565.0
2545.0
2590.0
2540.0
2480.0
2500.0
2510.0
2540.0
2540.0
2495.0
2500.0
2500.0
2500.0
2440.0
2500.0
2490.0
2480.0
2470.0
2470.0
2470.0
2470.0
2470.0
2465.0
2450.0
2430.0
2455.0
2455.0
2450.0
2470.0
2475.0
2450.0
2475.0
2450.0
2465.0
2495.0
2460.0
2465.0
2455.0
2485.0
2500.0
2510.0
2510.0
2480.0
2475.0
2510.0
2480.0
2440.0
2520.0
2490.0
2460.0
2490.0
2455.0
2475.0
2475.0
2465.0
2465.0
2490.0
2490.0
2475.0
2475.0
2495.0
2470.0
2495.0
2495.0
2475.0
2475.0
2475.0
2530.0
2530.0
2510.0
2530.0
2530.0
2550.0
2565.0
2490.0
2550.0
2555.0
2505.0
2550.0
2555.0
2555.0
2555.0
2555.0
2545.0
2550.0
2550.0
2530.0
2545.0
2535.0
2550.0
2530.0
2500.0
2500.0
2515.0
2500.0
2540.0
2505.0
2535.0
2550.0
2500.0
2505.0
2520.0
2505.0
2500.0
2505.0
2500.0
2500.0
2505.0
2510.0
2500.0
2500.0
2510.0
2500.0
2515.0
2515.0
2505.0
2500.0
2525.0
2500.0
2505.0
2505.0
2515.0
2515.0
2520.0
2505.0
2540.0
2535.0
2520.0
2525.0
2520.0
2520.0
2530.0
2520.0
2520.0
2525.0
2520.0
2520.0
2520.0
2525.0
2510.0
2520.0
2510.0
2525.0
2520.0
2505.0
2500.0
2495.0
2475.0
2490.0
2525.0
2510.0
2510.0
2515.0
2510.0
2515.0
2520.0
2510.0
2505.0
2515.0
2520.0
2515.0
2510.0
2495.0
2510.0
2510.0
2515.0
2515.0
2510.0
2515.0
2515.0
2520.0
2515.0
2515.0
2520.0
2515.0
2515.0
2515.0
2515.0
2515.0
2515.0
2520.0
2515.0
2510.0
2500.0
2505.0
2505.0
2530.0
2530.0
2530.0
2555.0
2530.0
2535.0
2535.0
2550.0
2575.0
2640.0
2630.0
2570.0
2570.0
2635.0
2635.0
2640.0
2665.0
2700.0
2700.0
2665.0
2750.0
2745.0
2750.0
2725.0
2725.0
2720.0
2715.0
2720.0
2700.0
2710.0
2700.0
2690.0
2660.0
2740.0
2740.0
2740.0
2950.0
2790.0
2810.0
2815.0
2790.0
2895.0
2775.0
2800.0
2850.0
2790.0
2795.0
2860.0
2790.0
2800.0
2895.0
2985.0
2900.0
2850.0
2880.0
2845.0
2910.0
2860.0
2870.0
2870.0
2885.0
2880.0
2915.0
2965.0
2910.0
2905.0
2925.0
2940.0
2885.0
2910.0
2935.0
2925.0
2920.0
2810.0
2865.0
2820.0
2830.0
2880.0
2860.0
2875.0
2810.0
2810.0
2950.0
2850.0
2820.0
2855.0
2855.0
2915.0
2940.0
3200.0
3010.0
3015.0
3060.0
3000.0
2990.0
2985.0
3095.0
3200.0
3145.0
3060.0
3190.0
3125.0
3070.0
3070.0
3095.0
3100.0
2900.0
3000.0
3045.0
3050.0
3040.0
3060.0
3060.0
3010.0
3005.0
3010.0
3020.0
3055.0
3035.0
3025.0
3030.0
3015.0
3015.0
3010.0
3085.0
3080.0
3075.0
3060.0
3075.0
3100.0
3070.0
3070.0
3075.0
3070.0
3070.0
3130.0
3140.0
3060.0
3145.0
3150.0
3145.0
3175.0
3200.0
3200.0
3190.0
3115.0
3155.0
3155.0
3150.0
3175.0
3175.0
3140.0
3135.0
3165.0
3165.0
3165.0
3180.0
3165.0
3165.0
3245.0
3255.0
3200.0
3340.0
3175.0
3305.0
3235.0
3200.0
3200.0
3200.0
3155.0
3200.0
3285.0
3190.0
3225.0
3240.0
3255.0
3200.0
3220.0
3245.0
3260.0
3260.0
3260.0
3260.0
3280.0
3285.0
3290.0
3235.0
3270.0
3225.0
3280.0
3265.0
3260.0
3250.0
3250.0
3270.0
3135.0
3190.0
3210.0
3205.0
3225.0
3230.0
3230.0
3165.0
3175.0
3220.0
3245.0
3175.0
3175.0
3170.0
3175.0
3175.0
3240.0
3220.0
3285.0
3290.0
3275.0
3225.0
3225.0
3190.0
3230.0
3210.0
3100.0
3185.0
3270.0
3265.0
3280.0
3235.0
3280.0
3250.0
3285.0
3235.0
3235.0
3290.0
3310.0
3280.0
3280.0
3280.0
3280.0
3235.0
3260.0
3285.0
3200.0
3235.0
3200.0
3175.0
3230.0
3245.0
3200.0
3250.0
3235.0
3200.0
3165.0
3195.0
3200.0
3185.0
3155.0
3140.0
3210.0
3210.0
3100.0
3105.0
3180.0
3185.0
3185.0
3145.0
3190.0
3195.0
3190.0
3180.0
3130.0
3165.0
3200.0
3130.0
3165.0
3205.0
3210.0
3210.0
3155.0
3190.0
3190.0
3150.0
3200.0
3200.0
3200.0
3200.0
3200.0
3200.0
3200.0
3190.0
3205.0
3210.0
3250.0
3230.0
3310.0
3220.0
3215.0
3280.0
3275.0
3260.0
3255.0
3255.0
3250.0
3330.0
3280.0
3280.0
3300.0
3335.0
3300.0
3300.0
3305.0
3300.0
3205.0
3275.0
3300.0
3310.0
3355.0
3350.0
3355.0
3360.0
3360.0
3300.0
3355.0
3355.0
3355.0
3285.0
3290.0
3400.0
3395.0
3355.0
3280.0
3340.0
3275.0
3310.0
3315.0
3315.0
3300.0
3260.0
3250.0
3245.0
3235.0
3235.0
3265.0
3290.0
3310.0
3310.0
3305.0
3325.0
3330.0
3390.0
3350.0
3350.0
3350.0
3380.0
3280.0
3370.0
3360.0
3360.0
3290.0
3325.0
3325.0
3320.0
3300.0
3295.0
3295.0
3285.0
3285.0
3315.0
3315.0
3320.0
3320.0
3270.0
3315.0
3315.0
3320.0
3325.0
3290.0
3275.0
3320.0
3320.0
3350.0
3315.0
3290.0
3255.0
3290.0
3295.0
3300.0
3300.0
3310.0
3260.0
3255.0
3290.0
3260.0
3255.0
3280.0
3235.0
3265.0
3260.0
3245.0
3275.0
3250.0
3240.0
3265.0
3240.0
3230.0
3230.0
3230.0
3260.0
3245.0
3220.0
3215.0
3185.0
3195.0
3195.0
3180.0
3230.0
3205.0
3230.0
3275.0
3220.0
3260.0
3205.0
3265.0
3210.0
3235.0
3225.0
3295.0
3220.0
3235.0
3225.0
3230.0
3250.0
3705.0
3735.0
3690.0
3570.0
3840.0
3750.0
3660.0
3690.0
3700.0
3745.0
3845.0
3760.0
3800.0
3840.0
3815.0
3840.0
3760.0
3790.0
3810.0
3730.0
3710.0
3725.0
3745.0
3745.0
3750.0
3720.0
3745.0
3750.0
3740.0
3700.0
3680.0
3680.0
3700.0
3670.0
3680.0
3665.0
3680.0
3710.0
3710.0
3650.0
3660.0
3660.0
3680.0
3685.0
3665.0
3655.0
3745.0
3690.0
3660.0
3700.0
3715.0
3700.0
3700.0
3700.0
3700.0
3695.0
3700.0
3685.0
3690.0
3690.0
3680.0
3655.0
3655.0
3675.0
3695.0
3690.0
3690.0
3685.0
3645.0
3645.0
3635.0
3640.0
3600.0
3590.0
3590.0
3605.0
3585.0
3595.0
3595.0
3595.0
3595.0
3570.0
3695.0
3665.0
3680.0
3680.0
3695.0
3635.0
3630.0
3670.0
3670.0
3665.0
3660.0
3700.0
3710.0
3680.0
3680.0
3685.0
3650.0
3635.0
3645.0
3640.0
3610.0
3600.0
3610.0
3605.0
3605.0
3575.0
3630.0
3630.0
3600.0
3660.0
3680.0
3620.0
3600.0
3620.0
3620.0
3560.0
3625.0
3650.0
3630.0
3630.0
3680.0
3625.0
3645.0
3625.0
3635.0
3635.0
3630.0
3640.0
3640.0
3605.0
3635.0
3635.0
3635.0
3620.0
3640.0
3650.0
3690.0
3620.0
3615.0
3630.0
3620.0
3670.0
3670.0
3665.0
3645.0
3660.0
3660.0
3660.0
3645.0
3585.0
3670.0
3680.0
3695.0
3700.0
3675.0
3675.0
3685.0
3665.0
3690.0
3690.0
3690.0
3680.0
3670.0
3650.0
3675.0
3640.0
3695.0
3660.0
3660.0
3660.0
3655.0
3620.0
3650.0
3680.0
3615.0
3650.0
3675.0
3660.0
3625.0
3660.0
3640.0
3900.0
3760.0
3755.0
3720.0
3735.0
3705.0
3670.0
3665.0
3690.0
3670.0
3695.0
3730.0
3710.0
3710.0
3665.0
3685.0
3720.0
3715.0
3715.0
3680.0
3710.0
3720.0
3710.0
3715.0
3720.0
3700.0
3705.0
3700.0
3700.0
3765.0
3690.0
3715.0
3700.0
3720.0
3700.0
3700.0
3695.0
3745.0
3700.0
3720.0
3695.0
3690.0
3700.0
3690.0
3685.0
3655.0
3695.0
3695.0
3720.0
3775.0
3760.0
3680.0
3715.0
3680.0
3800.0
3740.0
3685.0
3685.0
3695.0
3670.0
3700.0
3705.0
3710.0
3705.0
3680.0
3680.0
3735.0
3705.0
3685.0
3700.0
3700.0
3715.0
3720.0
3700.0
3725.0
3670.0
3670.0
3725.0
3725.0
3710.0
3680.0
3680.0
3685.0
3685.0
3680.0
3690.0
3680.0
3680.0
3680.0
3690.0
3660.0
3670.0
3700.0
3710.0
3670.0
3670.0
3690.0
3670.0
3685.0
3705.0
3725.0
3705.0
3705.0
3720.0
3720.0
3685.0
3670.0
3690.0
3610.0
3700.0
3625.0
3615.0
3620.0
3610.0
3590.0
3650.0
3595.0
3565.0
3590.0
3565.0
3570.0
3585.0
3575.0
3580.0
3600.0
3590.0
3600.0
3615.0
3560.0
3650.0
3635.0
3600.0
3600.0
3610.0
3615.0
3620.0
3620.0
3600.0
3605.0
3610.0
3600.0
3620.0
3570.0
3600.0
3600.0
3630.0
3600.0
3600.0
3615.0
3600.0
3615.0
3600.0
3600.0
3635.0
3625.0
3640.0
3635.0
3635.0
3635.0
3650.0
3640.0
3600.0
3630.0
3635.0
3645.0
3630.0
3625.0
3655.0
3645.0
3650.0
3710.0
3700.0
3700.0
3695.0
3695.0
3695.0
3650.0
3690.0
3690.0
3690.0
3685.0
3695.0
3700.0
3700.0
3700.0
3735.0
3720.0
3725.0
3705.0
3715.0
3695.0
3710.0
3715.0
3715.0
3700.0
3700.0
3710.0
3720.0
3700.0
3695.0
3705.0
3750.0
3695.0
3695.0
3695.0
3700.0
3700.0
3700.0
3745.0
3740.0
3740.0
3785.0
3880.0
3840.0
3865.0
3910.0
4035.0
4000.0
3960.0
4035.0
4465.0
4355.0
4650.0
4715.0
4700.0
4340.0
4315.0
4200.0
4155.0
4220.0
3965.0
4090.0
4080.0
4065.0
4100.0
4150.0
4140.0
4190.0
4135.0
4100.0
4175.0
4230.0
4225.0
4255.0
4235.0
4230.0
4170.0
4150.0
4200.0
4150.0
4085.0
4080.0
4090.0
4070.0
4060.0
4150.0
4140.0
4150.0
4165.0
4155.0
4155.0
4155.0
4350.0
4230.0
4155.0
4055.0
4105.0
4100.0
4105.0
4095.0
4095.0
4095.0
4100.0
4060.0
4035.0
4150.0
4080.0
4050.0
4065.0
4080.0
4085.0
4200.0
4260.0
4065.0
4105.0
4125.0
4140.0
4120.0
4085.0
4090.0
4155.0
4090.0
4080.0
4250.0
4190.0
4165.0
4105.0
4125.0
4135.0
4070.0
4145.0
4150.0
4200.0
4115.0
4110.0
4125.0
4160.0
4155.0
4155.0
4145.0
4145.0
4165.0
4150.0
4170.0
4120.0
4165.0
4160.0
4105.0
4165.0
4190.0
4105.0
4140.0
4115.0
4065.0
4095.0
4120.0
4045.0
4100.0
4110.0
4085.0
4090.0
4120.0
4100.0
4080.0
4100.0
4095.0
4095.0
4120.0
4115.0
4095.0
4085.0
4095.0
4055.0
4070.0
4050.0
4070.0
4095.0
4100.0
4100.0
4100.0
4045.0
4120.0
4050.0
4035.0
4035.0
4085.0
4040.0
4060.0
4050.0
4035.0
4040.0
3985.0
4000.0
4025.0
4000.0
4020.0
4050.0
4050.0
4045.0
4050.0
4200.0
4160.0
4205.0
4165.0
4110.0
4100.0
4125.0
4100.0
4175.0
4140.0
4135.0
4130.0
4105.0
4100.0
4100.0
4160.0
4115.0
4130.0
4135.0
4150.0
4125.0
4145.0
4140.0
4145.0
4140.0
4110.0
4090.0
4110.0
4105.0
4105.0
4080.0
4060.0
4045.0
4095.0
4050.0
4060.0
4060.0
4080.0
4110.0
4105.0
4075.0
4095.0
4100.0
4090.0
4065.0
4145.0
4125.0
4040.0
4055.0
4055.0
4080.0
4070.0
4100.0
4100.0
4065.0
4065.0
4060.0
4060.0
4060.0
4060.0
4045.0
4070.0
4100.0
4080.0
4065.0
4090.0
4100.0
4100.0
4100.0
4100.0
4075.0
4070.0
4075.0
4095.0
4090.0
4090.0
4100.0
4070.0
4070.0
4050.0
4070.0
4030.0
4000.0
4080.0
4080.0
4040.0
4000.0
4000.0
4000.0
3990.0
3990.0
3955.0
3950.0
3945.0
3950.0
3995.0
4000.0
4010.0
4015.0
4015.0
4015.0
4020.0
3900.0
3995.0
4015.0
4025.0
4030.0
4040.0
4000.0
4000.0
4000.0
4015.0
4015.0
3990.0
4030.0
4000.0
4030.0
4000.0
4000.0
4000.0
4000.0
3975.0
4085.0
4000.0
4020.0
4040.0
4040.0
4040.0
4040.0
4040.0
4060.0
4035.0
4050.0
4045.0
4045.0
4045.0
4030.0
4040.0
4045.0
4040.0
4020.0
4045.0
4020.0
4050.0
4050.0
4070.0
4075.0
4050.0
4035.0
4035.0
4015.0
4045.0
4040.0
4020.0
4020.0
4050.0
4055.0
4025.0
4035.0
4060.0
4030.0
4025.0
4005.0
4035.0
4055.0
4050.0
4045.0
4065.0
4070.0
4070.0
4150.0
4015.0
4075.0
4070.0
4100.0
4095.0
4200.0
4130.0
4145.0
4085.0
4090.0
4110.0
4060.0
4060.0
4110.0
4105.0
4050.0
4055.0
4130.0
4080.0
4075.0
4060.0
4070.0
4080.0
4080.0
4105.0
4135.0
4135.0
4145.0
4145.0
4130.0
4110.0
4195.0
4220.0
4195.0
4170.0
4170.0
4180.0
4170.0
4170.0
4195.0
4165.0
4200.0
4230.0
4250.0
4290.0
4250.0
4250.0
4200.0
4200.0
4550.0
4385.0
4285.0
4320.0
4390.0
4360.0
4410.0
4445.0
4415.0
4480.0
4800.0
4455.0
4480.0
4550.0
4510.0
4500.0
4460.0
4500.0
4430.0
4400.0
4400.0
4435.0
4440.0
4400.0
4405.0
4445.0
4445.0
4445.0
4400.0
4400.0
4420.0
4360.0
4365.0
4365.0
4400.0
4360.0
4380.0
4355.0
4380.0
4380.0
4385.0
4385.0
4395.0
4390.0
4300.0
4300.0
4260.0
4245.0
4295.0
4300.0
4300.0
4345.0
4255.0
4295.0
4350.0
4350.0
4340.0
4325.0
4325.0
4320.0
4320.0
4270.0
4255.0
4255.0
4300.0
4280.0
4250.0
4305.0
4290.0
4290.0
4305.0
4310.0
4300.0
4300.0
4295.0
4285.0
4305.0
4285.0
4290.0
4295.0
4310.0
4240.0
4305.0
4310.0
4310.0
4300.0
4255.0
4295.0
4300.0
4300.0
4300.0
4345.0
4345.0
4300.0
4305.0
4300.0
4340.0
4300.0
4340.0
4305.0
4300.0
4340.0
4400.0
4285.0
4280.0
4345.0
4300.0
4265.0
4400.0
4450.0
4250.0
4300.0
4235.0
4295.0
4260.0
4275.0
4285.0
4265.0
4270.0
4200.0
4190.0
4200.0
4195.0
4205.0
4205.0
4240.0
4190.0
4185.0
4200.0
4230.0
4205.0
4200.0
4225.0
4200.0
4245.0
4210.0
4220.0
4210.0
4205.0
4205.0
4240.0
4235.0
4220.0
4210.0
4205.0
4270.0
4235.0
4225.0
4240.0
4260.0
4285.0
4265.0
4255.0
4220.0
4250.0
4235.0
4250.0
4230.0
4215.0
4250.0
4230.0
4240.0
4295.0
4260.0
4260.0
4230.0
4250.0
4195.0
4195.0
4200.0
4200.0
4190.0
4245.0
4210.0
4210.0
4210.0
4210.0
4235.0
4235.0
4225.0
4175.0
4160.0
4190.0
4275.0
4250.0
4240.0
4260.0
4180.0
4215.0
4235.0
4235.0
4270.0
4235.0
4270.0
4220.0
4245.0
4230.0
4295.0
4260.0
4150.0
4230.0
4155.0
4235.0
4225.0
4205.0
4150.0
4160.0
4220.0
4220.0
4230.0
4200.0
4175.0
4230.0
4215.0
4200.0
4205.0
4225.0
4215.0
4230.0
4270.0
4220.0
4245.0
4220.0
4200.0
4200.0
4220.0
4220.0
4215.0
4205.0
4390.0
4210.0
4200.0
4230.0
4250.0
4250.0
4240.0
4245.0
4235.0
4230.0
4220.0
4230.0
4220.0
4215.0
4220.0
4130.0
4180.0
4185.0
4185.0
4150.0
4200.0
4205.0
4205.0
4205.0
4205.0
4210.0
4120.0
4155.0
4180.0
4195.0
4210.0
4235.0
4235.0
4245.0
4240.0
4240.0
4225.0
4240.0
4240.0
4245.0
4220.0
4225.0
4250.0
4245.0
4270.0
4255.0
4255.0
4265.0
4260.0
4240.0
4240.0
4255.0
4260.0
4230.0
4255.0
4255.0
4230.0
4245.0
4245.0
4250.0
4255.0
4255.0
4245.0
4275.0
4275.0
4260.0
4275.0
4260.0
4260.0
4270.0
4240.0
4270.0
4240.0
4265.0
4260.0
4235.0
4240.0
4240.0
4245.0
4240.0
4230.0
4235.0
4230.0
4220.0
4220.0
4225.0
4220.0
4230.0
4215.0
4200.0
4220.0
4225.0
4220.0
4215.0
4250.0
4205.0
4220.0
4190.0
4215.0
4225.0
4250.0
4235.0
4255.0
4555.0
4225.0
4225.0
4225.0
4265.0
4240.0
4265.0
4240.0
4260.0
4225.0
4235.0
4295.0
4235.0
4235.0
4240.0
4240.0
4240.0
4225.0
4240.0
4225.0
4210.0
4220.0
4235.0
4225.0
4225.0
4240.0
4220.0
4230.0
4225.0
4235.0
4225.0
4290.0
4285.0
4275.0
4265.0
4265.0
4260.0
4250.0
4235.0
4265.0
4270.0
4245.0
4260.0
4245.0
4230.0
4245.0
4245.0
4240.0
4275.0
4240.0
4230.0
4230.0
4250.0
4260.0
4255.0
4235.0
4250.0
4180.0
4230.0
4245.0
4225.0
4250.0
4260.0
4270.0
4260.0
4245.0
4240.0
4260.0
4245.0
4250.0
4245.0
4250.0
4250.0
4245.0
4250.0
4265.0
4265.0
4260.0
4255.0
4240.0
4240.0
4240.0
4245.0
4245.0
4250.0
4210.0
4240.0
4240.0
4240.0
4220.0
4245.0
4245.0
4250.0
4250.0
4230.0
4265.0
4280.0
4310.0
4300.0
4290.0
4290.0
4250.0
4250.0
4240.0
4240.0
4225.0
4240.0
4245.0
4255.0
4250.0
4240.0
4225.0
4225.0
4235.0
4225.0
4230.0
4225.0
4225.0
4220.0
4220.0
4245.0
4225.0
4215.0
4215.0
4205.0
4230.0
4205.0
4215.0
4215.0
4235.0
4235.0
4230.0
4190.0
4245.0
4200.0
4195.0
4210.0
4190.0
4150.0
4185.0
4145.0
4130.0
4135.0
4140.0
4140.0
4140.0
4140.0
4170.0
4105.0
4125.0
4120.0
4110.0
4115.0
4125.0
4110.0
4120.0
4185.0
4175.0
4150.0
4150.0
4160.0
4170.0
4150.0
4145.0
4200.0
4165.0
4200.0
4185.0
3995.0
4090.0
4090.0
4130.0
4195.0
4135.0
4150.0
4140.0
4115.0
4095.0
4060.0
4100.0
4140.0
4105.0
4100.0
4120.0
4160.0
4155.0
4170.0
4120.0
4100.0
4100.0
4135.0
4145.0
4125.0
4120.0
4125.0
4125.0
4100.0
4125.0
4145.0
4145.0
4135.0
4150.0
4185.0
4105.0
4125.0
4155.0
4155.0
4170.0
4155.0
4120.0
4160.0
4160.0
4150.0
4170.0
4175.0
4165.0
4160.0
4165.0
4170.0
4170.0
4160.0
4185.0
4190.0
4115.0
4145.0
4100.0
4160.0
4155.0
4200.0
4220.0
4205.0
4195.0
4240.0
4200.0
4225.0
4210.0
4215.0
4195.0
4195.0
4220.0
4205.0
4205.0
4200.0
4180.0
4180.0
4195.0
4195.0
4175.0
4170.0
4135.0
4120.0
4120.0
4120.0
4135.0
4130.0
4100.0
4110.0
4095.0
4100.0
4070.0
4060.0
4075.0
4055.0
4005.0
4070.0
4060.0
4005.0
3960.0
4000.0
3960.0
3960.0
3985.0
3985.0
4000.0
3980.0
3915.0
3905.0
3860.0
3825.0
3820.0
3750.0
3825.0
3895.0
3900.0
4015.0
3905.0
3990.0
4005.0
4045.0
4005.0
4035.0
3990.0
3995.0
3995.0
3995.0
3950.0
3920.0
3935.0
3935.0
3910.0
4060.0
3995.0
3995.0
4045.0
4090.0
4125.0
4035.0
4050.0
4030.0
3980.0
3900.0
3900.0
3900.0
3875.0
3925.0
3920.0
3875.0
3810.0
3960.0
3905.0
3840.0
3865.0
3920.0
3930.0
3930.0
3860.0
3840.0
3835.0
3815.0
3855.0
3855.0
3885.0
3900.0
3870.0
3965.0
3965.0
3915.0
3905.0
3995.0
3970.0
3920.0
3920.0
3935.0
3885.0
3895.0
3900.0
3855.0
3885.0
4005.0
3960.0
3975.0
3805.0
3900.0
3910.0
3910.0
3940.0
3865.0
3855.0
3880.0
3875.0
3850.0
3810.0
3830.0
4005.0
3995.0
3935.0
3910.0
4260.0
4000.0
3990.0
3905.0
3905.0
3935.0
3930.0
3930.0
3905.0
3905.0
3995.0
3940.0
3940.0
3990.0
3950.0
3910.0
3915.0
3925.0
3970.0
4025.0
3915.0
3915.0
3950.0
3950.0
3935.0
3935.0
3935.0
3935.0
3970.0
3960.0
3900.0
3910.0
3900.0
3900.0
3800.0
3895.0
3885.0
3830.0
3775.0
3745.0
3740.0
3770.0
3835.0
3835.0
3790.0
3790.0
3790.0
3760.0
3790.0
3835.0
3860.0
3850.0
3855.0
3865.0
3860.0
3860.0
3835.0
4040.0
4025.0
3980.0
4020.0
4020.0
4020.0
3975.0
3975.0
3965.0
3950.0
3900.0
3910.0
3960.0
3960.0
3965.0
3965.0
3910.0
3760.0
3800.0
3800.0
3800.0
3950.0
3850.0
3850.0
3850.0
3920.0
3910.0
3905.0
3860.0
3855.0
3865.0
3905.0
3910.0
3860.0
3850.0
3885.0
3865.0
3895.0
3870.0
3935.0
3900.0
3885.0
3920.0
3895.0
3915.0
3940.0
3870.0
3870.0
3930.0
3850.0
3855.0
3875.0
3875.0
3865.0
3900.0
3880.0
3935.0
3935.0
3940.0
3910.0
3910.0
4445.0
4240.0
4210.0
4200.0
4035.0
4080.0
4045.0
4050.0
4035.0
4000.0
4020.0
4035.0
4025.0
4025.0
3965.0
3985.0
4080.0
4080.0
3990.0
3980.0
4010.0
4010.0
4060.0
4200.0
4180.0
4140.0
4145.0
4175.0
4145.0
4180.0
4155.0
4150.0
4125.0
4065.0
4080.0
4135.0
4180.0
4135.0
4170.0
4075.0
4140.0
4130.0
4155.0
4105.0
4105.0
4145.0
4145.0
4090.0
4105.0
4195.0
4150.0
4105.0
4065.0
4070.0
4070.0
4040.0
4060.0
4040.0
4105.0
4140.0
4175.0
4295.0
4370.0
4335.0
4305.0
4325.0
4360.0
4595.0
4620.0
4500.0
4535.0
4595.0
4535.0
4545.0
4595.0
4600.0
4650.0
4635.0
4775.0
4600.0
4605.0
4600.0
4750.0
4715.0
4625.0
4635.0
4570.0
4515.0
4400.0
4455.0
4630.0
4540.0
4520.0
4570.0
4770.0
4680.0
4600.0
4550.0
4520.0
4530.0
4585.0
4600.0
4595.0
4500.0
4445.0
4405.0
4470.0
4355.0
4290.0
4335.0
4300.0
4300.0
4305.0
4380.0
4385.0
4400.0
4400.0
4435.0
4435.0
4435.0
4410.0
4800.0
4525.0
4400.0
4500.0
4530.0
4535.0
4510.0
4530.0
4430.0
4585.0
4520.0
4570.0
4565.0
4545.0
4565.0
4575.0
4570.0
4565.0
4500.0
4520.0
4200.0
4110.0
4120.0
4160.0
4195.0
4425.0
4295.0
4280.0
4220.0
4255.0
4160.0
4200.0
4195.0
4190.0
4165.0
4150.0
4190.0
4440.0
4350.0
4430.0
4430.0
4345.0
4410.0
4415.0
4340.0
4350.0
4350.0
4345.0
4400.0
4360.0
4350.0
4315.0
4345.0
4365.0
4450.0
4430.0
4360.0
4420.0
4380.0
4340.0
4340.0
4385.0
4340.0
4280.0
4340.0
4365.0
4330.0
4305.0
4305.0
4300.0
4350.0
4400.0
4355.0
4335.0
4375.0
4325.0
4300.0
4270.0
4260.0
4300.0
4380.0
4300.0
4400.0
4305.0
4320.0
4295.0
4295.0
4290.0
4300.0
4300.0
4400.0
4390.0
4395.0
4320.0
4290.0
4280.0
4380.0
4290.0
4280.0
4305.0
4310.0
4355.0
4370.0
4370.0
4360.0
4400.0
4340.0
4395.0
4400.0
4400.0
4410.0
4400.0
4400.0
4495.0
4440.0
4440.0
4435.0
4495.0
4495.0
4460.0
4425.0
4320.0
4350.0
4330.0
4480.0
4450.0
4480.0
4425.0
4480.0
4450.0
4440.0
4445.0
4440.0
4440.0
4430.0
4420.0
4440.0
4440.0
4440.0
4310.0
4300.0
4310.0
4360.0
4370.0
4360.0
4305.0
4320.0
4320.0
4315.0
4285.0
4320.0
4380.0
4400.0
4400.0
4400.0
4340.0
4385.0
4280.0
4335.0
4380.0
4380.0
4325.0
4375.0
4310.0
4350.0
4340.0
4300.0
4320.0
4305.0
4335.0
4335.0
4275.0
4295.0
4295.0
4275.0
4350.0
4220.0
4245.0
4175.0
4090.0
4000.0
3900.0
4010.0
4045.0
3895.0
3810.0
3870.0
3975.0
3945.0
3970.0
3940.0
3990.0
3990.0
3990.0
4000.0
3600.0
2610.0
2490.0
2640.0
2880.0
2820.0
2600.0
2575.0
2675.0
2450.0
3270.0
3085.0
3090.0
3000.0
2950.0
3000.0
3050.0
3000.0
3090.0
2800.0
2730.0
2620.0
2730.0
2845.0
2940.0
2995.0
2925.0
2780.0
2990.0
3115.0
2990.0
2950.0
2935.0
2950.0
3080.0
3015.0
3070.0
3075.0
3085.0
3095.0
3090.0
3105.0
3120.0
3145.0
3150.0
3150.0
3150.0
3150.0
3150.0
3115.0
3110.0
3185.0
3120.0
3135.0
3180.0
3170.0
3245.0
3165.0
3180.0
3240.0
3200.0
3290.0
3200.0
3220.0
3190.0
3200.0
3200.0
3240.0
3230.0
3195.0
3185.0
3165.0
3170.0
3175.0
3175.0
3175.0
3170.0
3150.0
3125.0
3105.0
3155.0
3150.0
3135.0
3150.0
3120.0
3130.0
3040.0
3035.0
3080.0
3135.0
3070.0
2855.0
2965.0
2950.0
2985.0
2925.0
2945.0
2950.0
2930.0
2900.0
2965.0
2980.0
2965.0
3050.0
3020.0
3025.0
2960.0
2975.0
2990.0
2955.0
2990.0
2885.0
2900.0
2900.0
2900.0
2900.0
2945.0
3000.0
3000.0
3000.0
3010.0
3010.0
3005.0
3005.0
2985.0
3005.0
3000.0
3020.0
3005.0
2975.0
3015.0
2985.0
2990.0
2995.0
3015.0
3015.0
3020.0
2990.0
2955.0
3000.0
3000.0
3010.0
3030.0
3000.0
3025.0
3025.0
3055.0
3000.0
3010.0
3010.0
3000.0
3005.0
2985.0
3000.0
2970.0
2965.0
2960.0
2940.0
2930.0
2990.0
2965.0
2990.0
3000.0
3020.0
3005.0
3030.0
3005.0
3000.0
3040.0
3015.0
3005.0
3000.0
2985.0
3000.0
2990.0
2985.0
2990.0
2970.0
2960.0
2955.0
2990.0
2980.0
2970.0
2975.0
3000.0
2975.0
2935.0
3000.0
2975.0
2980.0
2955.0
2955.0
2960.0
2975.0
2980.0
2980.0
2960.0
2980.0
2985.0
2985.0
2985.0
2960.0
2980.0
2990.0
2980.0
2975.0
2990.0
2990.0
2955.0
2985.0
2985.0
2965.0
3030.0
2970.0
3020.0
3000.0
3020.0
3025.0
3000.0
2970.0
2975.0
3000.0
3025.0
2995.0
2995.0
2990.0
2990.0
3000.0
3015.0
3035.0
3030.0
3000.0
3000.0
2975.0
2985.0
2970.0
2990.0
2990.0
2990.0
2970.0
2950.0
2970.0
2970.0
2950.0
2965.0
2960.0
2965.0
2965.0
2970.0
2970.0
2970.0
2950.0
2975.0
2950.0
2945.0
2960.0
2950.0
2940.0
2925.0
2915.0
2935.0
2925.0
2920.0
2930.0
2930.0
2930.0
2915.0
2880.0
2885.0
2900.0
2925.0
2920.0
2920.0
2875.0
2875.0
2870.0
2910.0
2880.0
2945.0
2905.0
2955.0
2950.0
2935.0
2925.0
2940.0
2925.0
2915.0
2950.0
2900.0
2930.0
2910.0
2950.0
2950.0
2950.0
3000.0
2950.0
2985.0
2950.0
2960.0
2920.0
2960.0
2950.0
2920.0
2910.0
2940.0
2925.0
2935.0
2950.0
2970.0
2950.0
2950.0
2935.0
2935.0
2930.0
2910.0
2940.0
2935.0
2965.0
2930.0
2970.0
2965.0
2965.0
2980.0
2950.0
2970.0
2975.0
2950.0
2970.0
2895.0
2920.0
2905.0
2925.0
2915.0
2920.0
2955.0
2885.0
2965.0
2960.0
2950.0
2950.0
2955.0
2975.0
2955.0
2955.0
2920.0
2945.0
2955.0
3000.0
3085.0
3075.0
2970.0
3015.0
3045.0
3050.0
3045.0
3040.0
3100.0
3080.0
3000.0
3000.0
2990.0
2965.0
2965.0
2965.0
2990.0
3015.0
3015.0
3050.0
3050.0
3050.0
3055.0
3030.0
3575.0
3440.0
3390.0
3265.0
3270.0
3355.0
3265.0
3285.0
3330.0
3335.0
3190.0
3245.0
3240.0
3275.0
3220.0
3260.0
3310.0
3260.0
3295.0
3250.0
3160.0
3175.0
3200.0
3190.0
3185.0
3185.0
3190.0
3210.0
3210.0
3210.0
3190.0
3215.0
3190.0
3240.0
3160.0
3140.0
3135.0
3145.0
3155.0
3135.0
3160.0
3200.0
3210.0
3210.0
3175.0
3100.0
3120.0
3170.0
3205.0
3200.0
3280.0
3265.0
3265.0
3250.0
3180.0
3205.0
3200.0
3150.0
3155.0
3210.0
3210.0
3215.0
3145.0
3190.0
3200.0
3120.0
3150.0
3085.0
3110.0
3150.0
3155.0
3155.0
3150.0
3190.0
3185.0
3140.0
3160.0
3135.0
3160.0
3140.0
3130.0
3180.0
3155.0
3155.0
3155.0
3175.0
3125.0
3125.0
3110.0
3170.0
3115.0
3135.0
3180.0
3170.0
3110.0
3160.0
3200.0
3180.0
3160.0
3195.0
3175.0
3175.0
3175.0
3200.0
3195.0
3185.0
3160.0
3175.0
3105.0
3170.0
3100.0
3120.0
3125.0
3165.0
3080.0
3135.0
3075.0
3085.0
3055.0
3080.0
3085.0
3080.0
3090.0
3060.0
3095.0
3100.0
3085.0
3100.0
3080.0
3145.0
3145.0
3130.0
3115.0
3120.0
3110.0
3100.0
3135.0
3135.0
3135.0
3015.0
3060.0
3045.0
3070.0
3030.0
3000.0
2990.0
3015.0
3005.0
2945.0
2995.0
2970.0
2750.0
2900.0
